Rule,Discrimination Score,Pos Robustness,Neg Robustness,Percent Class +,Percent Class -,TP,TN,FP,FN,Actual Yes,Actual No,Predicted Yes,Predicted No,TPR/Sens,TNR/Spec,FPR,Precision,Accuracy,MCR
"F[0,0](Triglyc >= 6.512 & Pt_SHFlg = 0.888)
",-0.974,-33.424,0.000,0.000,1.000,4,0,0,0,4,0,4,0,1.0,0,0,1.0,1.1428571428571428,-0.1428571428571428
"((TSH >= 0.657) U[0,0] (Pt_SHFlg >= 0.130))
",0.896,32.206,0.000,0.000,1.000,4,0,0,0,4,0,4,0,1.0,0,0,1.0,1.1428571428571428,-0.1428571428571428
"F[0,0](((age <= 76.120 & TotChol <= 121.235) | Pt_InsGov >= 7.489) & AutonomicNeuroCl >= 10.776)
",-35.102,-3.309,0.000,0.000,1.000,4,0,0,0,4,0,4,0,1.0,0,0,1.0,1.1428571428571428,-0.1428571428571428
"F[0,0](BUN <= 17.126 & GFR >= 6.274)
",-7.271,-53.541,0.000,0.000,1.000,4,0,0,0,4,0,4,0,1.0,0,0,1.0,1.1428571428571428,-0.1428571428571428
"F[0,0]((BGTestAvgNumPtRep <= 2.155 -> GFR <= 76.904) & HbA1c >= 21.949)
",-686.350,-77.499,0.000,0.000,1.000,4,0,0,0,4,0,4,0,1.0,0,0,1.0,1.1428571428571428,-0.1428571428571428
"F[0,0]((HDL >= 8.416 | Pt_InsGov <= 0.947) & HDL <= 0.456)
",-6.618,-50.211,0.000,0.000,1.000,4,0,0,0,4,0,4,0,1.0,0,0,1.0,1.1428571428571428,-0.1428571428571428
"((Pt_DKAFlg > 0.000) U[0,0] (Pt_SHFlg = 0.390))
",0.000,0.000,0.000,0.000,1.000,4,0,0,0,4,0,4,0,1.0,0,0,1.0,1.1428571428571428,-0.1428571428571428
"F[0,0](((BGTestAvgNumPtRep >= 0.485 & diabDur >= 13.403) | Pt_A1cGoalLev >= 10.586) & AutonomicNeuroCl <= 14.368)
",73.197,6.901,0.000,0.000,1.000,4,0,0,0,4,0,4,0,1.0,0,0,1.0,1.1428571428571428,-0.1428571428571428
"F[0,0](DirectLDL >= 0.000 & Pt_SHFlg = 0.486)
",-0.882,-31.749,0.000,0.000,1.000,4,0,0,0,4,0,4,0,1.0,0,0,1.0,1.1428571428571428,-0.1428571428571428
"F[1,1]((BldPrDia >= 68.421 & WeightKg >= 67.147) & Pt_ChildT1D >= 66.791)
",-68.421,-68.421,0.000,0.000,1.000,3,0,0,1,4,0,3,1,0.75,0,0,1.0,0.8571428571428571,0.1428571428571429
"F[0,0](HbA1c >= 7.407 & TSH <= 4.521)
",-4.583,-6.417,0.000,0.000,1.000,3,0,0,1,4,0,3,1,0.75,0,0,1.0,0.8571428571428571,0.1428571428571429
"((HeightCm <= 168.032) U[1,1] (TotChol >= 78.122))
",168.032,168.032,0.000,0.000,1.000,3,0,0,1,4,0,3,1,0.75,0,0,1.0,0.8571428571428571,0.1428571428571429
"F[0,0](TSH >= 0.861 -> Pt_SHFlg = 0.772)
",0.206,0.194,0.000,0.000,1.000,3,0,0,1,4,0,3,1,0.75,0,0,1.0,0.8571428571428571,0.1428571428571429
"((BldPrDia >= 71.624) U[1,1] (Pt_InsGov <= 0.609))
",0.609,0.609,0.000,0.000,1.000,3,0,0,1,4,0,3,1,0.75,0,0,1.0,0.8571428571428571,0.1428571428571429
"F[0,1]((HeightCm >= 168.001 | BldPrSys <= 140.758) & diabDur >= 128.100)
",-9999999.000,-9999999.000,0.000,0.000,1.000,3,0,0,1,4,0,3,1,0.75,0,0,1.0,0.8571428571428571,0.1428571428571429
"((Pt_GrandparentT1D > 0.000) U[0,1] (Pt_SHFlg = 0.644))
",-9999999.000,-9999999.000,0.000,0.000,1.000,3,0,0,1,4,0,3,1,0.75,0,0,1.0,0.8571428571428571,0.1428571428571429
"((BGTestAvgNumPtRep >= 0.644) U[0,0] (HeightCm >= 168.008))
",0.252,0.356,0.000,0.000,1.000,3,0,0,1,4,0,3,1,0.75,0,0,1.0,0.8571428571428571,0.1428571428571429
"F[0,1](Pt_A1cGoalLev <= 0.000 & Pt_SHFlg = 0.941)
",-9999999.000,-9999999.000,0.000,0.000,1.000,3,0,0,1,4,0,3,1,0.75,0,0,1.0,0.8571428571428571,0.1428571428571429
"F[1,1](((bmiZscore <= -0.470 & Pt_SHFlg >= 0.106) -> diabDur <= 0.181) & Pt_GrandchildT1D >= 0.126)
",-0.181,-0.181,0.000,0.000,1.000,3,0,0,1,4,0,3,1,0.75,0,0,1.0,0.8571428571428571,0.1428571428571429
"F[0,1](((age >= 72.228 | HbA1c <= 7.489) | AlbCreatRat_mggNew >= 7.441) -> Pt_ChildT1D >= 7.442)
",-9999999.000,-9999999.000,0.000,0.000,1.000,3,0,0,1,4,0,3,1,0.75,0,0,1.0,0.8571428571428571,0.1428571428571429
"F[0,1](((LDL <= 61.321 -> Triglyc <= 55.523) & BGTestAvgNumPtRep >= 41.594) & GFR <= 49.235)
",-9999999.000,-9999999.000,0.000,0.000,1.000,3,0,0,1,4,0,3,1,0.75,0,0,1.0,0.8571428571428571,0.1428571428571429
"((Triglyc <= 55.215) U[0,0] (BGTestAvgNumPtRep >= 0.025))
",0.764,19.389,0.000,0.000,1.000,3,0,0,1,4,0,3,1,0.75,0,0,1.0,0.8571428571428571,0.1428571428571429
"F[0,0]((BGTestAvgNumPtRep <= 2.180 & TotChol <= 136.601) | Pt_SiblingT1D >= 2.964)
",0.834,1.180,0.000,0.000,1.000,3,0,0,1,4,0,3,1,0.75,0,0,1.0,0.8571428571428571,0.1428571428571429
"F[0,1](AutonomicNeuroCl < 0.000 & Pt_SHFlg = 0.854)
",-9999999.000,-9999999.000,0.000,0.000,1.000,3,0,0,1,4,0,3,1,0.75,0,0,1.0,0.8571428571428571,0.1428571428571429
"F[1,1](TotalDailyInsPerKg >= 0.174 & Pt_SHFlg = 1.2985830226464046e-05)
",-6252782387343795.000,-0.174,0.000,0.000,1.000,3,0,0,1,4,0,3,1,0.75,0,0,1.0,0.8571428571428571,0.1428571428571429
"F[0,0](Pt_InsGov >= 0.238 & TotalDailyInsPerKg <= 0.516)
",-3.931,-12.151,0.000,0.000,1.000,3,0,0,1,4,0,3,1,0.75,0,0,1.0,0.8571428571428571,0.1428571428571429
"F[0,1](((BGTestAvgNumPtRep >= 0.134 -> bmiZscore >= -0.609) | BGTestAvgNumMeter <= -0.312) -> bmiPerc <= -0.426)
",-9999999.000,-9999999.000,0.000,0.000,1.000,3,0,0,1,4,0,3,1,0.75,0,0,1.0,0.8571428571428571,0.1428571428571429
"F[0,1](((AlbCreatRat_mggNew <= 15.914 & WeightKg >= 67.382) & UnitsInsBasalOrLongAct <= 72.160) & HbA1cImputeDtMnC >= 68.455)
",-9999999.000,-9999999.000,0.000,0.000,1.000,3,0,0,1,4,0,3,1,0.75,0,0,1.0,0.8571428571428571,0.1428571428571429
"F[1,1]((BGTestAvgNumPtRep >= 0.237 | BldPrSys >= 124.590) & Triglyc >= 131.579)
",-131.579,-131.579,0.000,0.000,1.000,3,0,0,1,4,0,3,1,0.75,0,0,1.0,0.8571428571428571,0.1428571428571429
"F[0,1]((AutonomicNeuroCl >= 0.000 | TotChol >= 83.871) & BldPrSys <= 108.547)
",-9999999.000,-9999999.000,0.000,0.000,1.000,3,0,0,1,4,0,3,1,0.75,0,0,1.0,0.8571428571428571,0.1428571428571429
"((Pt_InsGov >= 0.000) U[1,1] (Pt_SHFlg = 0.494))
",-0.000,-0.000,0.000,0.000,1.000,3,0,0,1,4,0,3,1,0.75,0,0,1.0,0.8571428571428571,0.1428571428571429
"F[0,1]((Pt_InsGov >= 0.285 | WeightKg <= 73.206) & Pt_InsGov >= 67.645)
",-9999999.000,-9999999.000,0.000,0.000,1.000,3,0,0,1,4,0,3,1,0.75,0,0,1.0,0.8571428571428571,0.1428571428571429
"F[1,1]((diabDur <= 15.095 -> LDL <= 53.902) & HeightCm <= 41.266)
",-53.902,-53.902,0.000,0.000,1.000,3,0,0,1,4,0,3,1,0.75,0,0,1.0,0.8571428571428571,0.1428571428571429
"((HbA1cImputeDtMnC <= 64.388) U[1,1] (Triglyc >= 0.850))
",64.388,64.388,0.000,0.000,1.000,2,0,0,2,4,0,2,2,0.5,0,0,1.0,0.5714285714285714,0.4285714285714286
"((Pt_GrandchildT1D <= 0.000) U[1,1] (TotChol >= 68.405))
",0.000,0.000,0.000,0.000,1.000,2,0,0,2,4,0,2,2,0.5,0,0,1.0,0.5714285714285714,0.4285714285714286
"F[1,1](((HDL >= 47.957 | UnitsInsBasalOrLongAct <= 16.136) | Pt_DKAFlg >= 3.045) -> TotalDailyInsPerKg >= 10.573)
",-16.136,-16.136,0.000,0.000,1.000,2,0,0,2,4,0,2,2,0.5,0,0,1.0,0.5714285714285714,0.4285714285714286
"F[0,1](((Triglyc <= 72.669 & WeightKg >= 67.831) & GFR <= 71.318) & HeightCm >= 68.859)
",-9999999.000,-9999999.000,0.000,0.000,1.000,2,0,0,2,4,0,2,2,0.5,0,0,1.0,0.5714285714285714,0.4285714285714286
"((HeightCm >= 168.012) U[1,1] (LDL >= 19.138))
",-19.138,-19.138,0.000,0.000,1.000,2,0,0,2,4,0,2,2,0.5,0,0,1.0,0.5714285714285714,0.4285714285714286
"((TotChol <= 112.895) U[1,2] (UnitsInsBasalOrLongAct <= 25.976))
",-9999999.000,-9999999.000,0.000,0.000,1.000,2,0,0,2,4,0,2,2,0.5,0,0,1.0,0.5714285714285714,0.4285714285714286
"F[1,1](TSH >= 0.760 | UnitsInsBasalOrLongAct >= 11.086)
",-0.760,-0.760,0.000,0.000,1.000,2,0,0,2,4,0,2,2,0.5,0,0,1.0,0.5714285714285714,0.4285714285714286
"F[0,1](((BldPrDia <= 74.215 & bmiZscore <= -0.515) -> bmiZscore >= -0.655) -> Pt_GrandchildT1D <= -0.519)
",-9999999.000,-9999999.000,0.000,0.000,1.000,2,0,0,2,4,0,2,2,0.5,0,0,1.0,0.5714285714285714,0.4285714285714286
"((Pt_InsGov >= 0.040) U[0,1] (Pt_SHFlg >= 0.119))
",-9999999.000,-9999999.000,0.000,0.000,1.000,2,0,0,2,4,0,2,2,0.5,0,0,1.0,0.5714285714285714,0.4285714285714286
"F[0,1](((Pt_GrandchildT1D <= 0.000 & NumPumpBolusOrShortAct >= 0.928) & HDL >= 1.148) & Pt_CGMUseNumDays <= 3.700)
",-9999999.000,-9999999.000,0.000,0.000,1.000,2,0,0,2,4,0,2,2,0.5,0,0,1.0,0.5714285714285714,0.4285714285714286
"((BUN >= 1.301) U[0,1] (NumPumpBolusOrShortAct >= 0.638))
",-9999999.000,-9999999.000,0.000,0.000,1.000,2,0,0,2,4,0,2,2,0.5,0,0,1.0,0.5714285714285714,0.4285714285714286
"((age >= 72.326) U[0,1] (HeightCm >= 168.020))
",-9999999.000,-9999999.000,0.000,0.000,1.000,2,0,0,2,4,0,2,2,0.5,0,0,1.0,0.5714285714285714,0.4285714285714286
"F[1,1](((age <= 74.349 -> TSH >= 0.611) & HeightCm >= 0.118) & Pt_InsGov >= 1.000)
",-74.349,-74.349,0.000,0.000,1.000,2,0,0,2,4,0,2,2,0.5,0,0,1.0,0.5714285714285714,0.4285714285714286
"F[0,1](BldPrSys > 130.462 -> Pt_SHFlg = 0.044)
",-9999999.000,-9999999.000,0.000,0.000,1.000,2,0,0,2,4,0,2,2,0.5,0,0,1.0,0.5714285714285714,0.4285714285714286
"((SMBGperDayPtMeterCombo >= 1.836) U[1,1] (TotalDailyInsPerKg >= 0.205))
",-0.205,-0.205,0.000,0.000,1.000,2,0,0,2,4,0,2,2,0.5,0,0,1.0,0.5714285714285714,0.4285714285714286
"F[1,1]((BGTestAvgNumPtRep <= 2.261 & bmi <= 24.888) & Pt_FatherT1D <= 25.462)
",2.261,2.261,0.000,0.000,1.000,1,0,0,3,4,0,1,3,0.25,0,0,1.0,0.2857142857142857,0.7142857142857143
"((HbA1cImputeDtMnC <= 48.859) U[1,2] (Pt_InsGov >= 0.041))
",-9999999.000,-9999999.000,0.000,0.000,1.000,1,0,0,3,4,0,1,3,0.25,0,0,1.0,0.2857142857142857,0.7142857142857143
"((AlbCreatRat_mggNew <= 20.568) U[1,1] (SMBGperDayPtMeterCombo <= 2.825))
",20.568,20.568,0.000,0.000,1.000,1,0,0,3,4,0,1,3,0.25,0,0,1.0,0.2857142857142857,0.7142857142857143
"F[0,1](GFR <= 58.545 & TotalDailyInsPerKg <= 0.352)
",-9999999.000,-9999999.000,0.000,0.000,1.000,1,0,0,3,4,0,1,3,0.25,0,0,1.0,0.2857142857142857,0.7142857142857143
"((bmi >= 24.355) U[0,0] (Pt_CGMUseNumDays <= 25.321))
",-24.355,-24.355,0.000,0.000,1.000,1,0,0,3,4,0,1,3,0.25,0,0,1.0,0.2857142857142857,0.7142857142857143
"((HbA1cImputeDtMnC <= 82.202) U[0,0] (UnitsInsBasalOrLongAct >= 0.819))
",57.418,81.202,0.000,0.000,1.000,1,0,0,3,4,0,1,3,0.25,0,0,1.0,0.2857142857142857,0.7142857142857143
"F[0,1](AlbCreatRat_mggNew <= 15.251 -> HeightCm >= 168.010)
",-9999999.000,-9999999.000,0.000,0.000,1.000,1,0,0,3,4,0,1,3,0.25,0,0,1.0,0.2857142857142857,0.7142857142857143
"((Triglyc >= 26.243) U[1,1] (UnitsInsBasalOrLongAct <= 15.029))
",15.029,15.029,0.000,0.000,1.000,1,0,0,3,4,0,1,3,0.25,0,0,1.0,0.2857142857142857,0.7142857142857143
"((BGTestAvgNumMeter >= 1.464) U[1,2] (HbA1c <= 7.528))
",-9999999.000,-9999999.000,0.000,0.000,1.000,1,0,0,3,4,0,1,3,0.25,0,0,1.0,0.2857142857142857,0.7142857142857143
"((BGTestAvgNumPtRep >= 0.352) U[1,2] (HbA1c <= 7.560))
",-9999999.000,-9999999.000,0.000,0.000,1.000,1,0,0,3,4,0,1,3,0.25,0,0,1.0,0.2857142857142857,0.7142857142857143
"((HDL >= 24.580) U[1,1] (NumPumpBolusOrShortAct <= 2.069))
",2.069,2.069,0.000,0.000,1.000,1,0,0,3,4,0,1,3,0.25,0,0,1.0,0.2857142857142857,0.7142857142857143
"F[0,1]((Pt_CGMUseNumDays >= 2.062 & SMBGperDayPtMeterCombo >= 0.734) & HeightCm >= 1.655)
",-9999999.000,-9999999.000,0.000,0.000,1.000,1,0,0,3,4,0,1,3,0.25,0,0,1.0,0.2857142857142857,0.7142857142857143
"((BGTestAvgNumPtRep <= 1.399) U[1,1] (TSH <= 2.260))
",2.260,2.260,0.000,0.000,1.000,1,0,0,3,4,0,1,3,0.25,0,0,1.0,0.2857142857142857,0.7142857142857143
"F[0,1](((BGTestAvgNumPtRep >= 0.458 & NumPumpBolusOrShortAct >= 0.152) | Pt_FatherT1D <= 2.074) -> BUN <= 2.850)
",-9999999.000,-9999999.000,0.000,0.000,1.000,1,0,0,3,4,0,1,3,0.25,0,0,1.0,0.2857142857142857,0.7142857142857143
"F[1,1](HeightCm <= 168.077 & SMBGperDayPtMeterCombo >= 0.978)
",-0.978,-0.978,0.000,0.000,1.000,1,0,0,3,4,0,1,3,0.25,0,0,1.0,0.2857142857142857,0.7142857142857143
"((HbA1c <= 7.537) U[0,0] (WeightKg <= 72.791))
",57.027,71.125,0.000,0.000,1.000,1,0,0,3,4,0,1,3,0.25,0,0,1.0,0.2857142857142857,0.7142857142857143
"((HbA1cImputeDtMnC >= 28.260) U[1,2] (HDL >= 25.132))
",-9999999.000,-9999999.000,0.000,0.000,1.000,1,0,0,3,4,0,1,3,0.25,0,0,1.0,0.2857142857142857,0.7142857142857143
"F[0,1](bmi <= 25.490 & diabDur >= 11.251)
",-9999999.000,-9999999.000,0.000,0.000,1.000,1,0,0,3,4,0,1,3,0.25,0,0,1.0,0.2857142857142857,0.7142857142857143
"F[1,1](SMBGperDayPtMeterCombo >= 1.104 & WeightKg <= 72.425)
",-1.104,-1.104,0.000,0.000,1.000,1,0,0,3,4,0,1,3,0.25,0,0,1.0,0.2857142857142857,0.7142857142857143
"F[0,1](((BGTestAvgNumMeter <= 2.034 & bmiZscore <= -0.402) & HbA1c >= -0.635) | DirectLDL <= -0.529)
",-9999999.000,-9999999.000,0.000,0.000,1.000,1,0,0,3,4,0,1,3,0.25,0,0,1.0,0.2857142857142857,0.7142857142857143
"((HeightCm <= 168.142) U[0,1] (NumPumpBolusOrShortAct <= 1.459))
",-9999999.000,-9999999.000,0.000,0.000,1.000,1,0,0,3,4,0,1,3,0.25,0,0,1.0,0.2857142857142857,0.7142857142857143
"((BGTestAvgNumMeter >= 1.330) U[1,2] (BGTestAvgNumPtRep <= 1.879))
",-9999999.000,-9999999.000,0.000,0.000,1.000,1,0,0,3,4,0,1,3,0.25,0,0,1.0,0.2857142857142857,0.7142857142857143
"((HbA1c <= 7.583) U[1,2] (TotalDailyInsPerKg <= 0.557))
",-9999999.000,-9999999.000,0.000,0.000,1.000,1,0,0,3,4,0,1,3,0.25,0,0,1.0,0.2857142857142857,0.7142857142857143
"((age >= 70.066) U[0,1] (BGTestAvgNumMeter <= 2.321))
",-9999999.000,-9999999.000,0.000,0.000,1.000,1,0,0,3,4,0,1,3,0.25,0,0,1.0,0.2857142857142857,0.7142857142857143
"F[0,1](bmiZscore > -0.614 -> Pt_SHFlg = 0.775)
",-9999999.000,-9999999.000,0.000,0.000,1.000,1,0,0,3,4,0,1,3,0.25,0,0,1.0,0.2857142857142857,0.7142857142857143
"F[1,1]((HbA1c <= 7.594 & Pt_A1cGoalLev >= 0.000) & Pt_GrandchildT1D >= 0.000)
",0.000,0.000,0.000,0.000,1.000,1,0,0,3,4,0,1,3,0.25,0,0,1.0,0.2857142857142857,0.7142857142857143
"F[0,1]((bmiPerc <= 0.000 -> age <= 74.968) & age <= 76.009)
",-9999999.000,-9999999.000,0.000,0.000,1.000,1,0,0,3,4,0,1,3,0.25,0,0,1.0,0.2857142857142857,0.7142857142857143
"F[0,1](SMBGperDayPtMeterCombo >= 1.281 & HbA1c >= 7.463)
",-9999999.000,-9999999.000,0.000,0.000,1.000,1,0,0,3,4,0,1,3,0.25,0,0,1.0,0.2857142857142857,0.7142857142857143
"F[0,1](((TSH <= 2.931 & bmiZscore >= -0.657) & WeightKg <= -0.434) -> AlbCreatRat_mggNew <= -0.456)
",-9999999.000,-9999999.000,0.000,0.000,1.000,0,0,0,4,4,0,0,4,0.0,0,0,0.0,0.0,1.0
"F[1,2](((HbA1c >= 7.484 -> bmiPerc >= 0.000) -> Pt_ChildT1D >= 0.000) | Pt_SHFlg >= 0.000)
",-9999999.000,-9999999.000,0.000,0.000,1.000,0,0,0,4,4,0,0,4,0.0,0,0,0.0,0.0,1.0
"((BldPrSys >= 130.084) U[1,2] (TotChol <= 100.526))
",-9999999.000,-9999999.000,0.000,0.000,1.000,0,0,0,4,4,0,0,4,0.0,0,0,0.0,0.0,1.0
"((BGTestAvgNumPtRep <= 0.890) U[0,1] (TotChol >= 82.894))
",-9999999.000,-9999999.000,0.000,0.000,1.000,0,0,0,4,4,0,0,4,0.0,0,0,0.0,0.0,1.0
"F[0,2](BldPrDia <= 78.810 -> Pt_InsGov >= 0.183)
",-9999999.000,-9999999.000,0.000,0.000,1.000,0,0,0,4,4,0,0,4,0.0,0,0,0.0,0.0,1.0
"F[0,1](((BUN <= 24.131 -> NumPumpBolusOrShortAct >= 0.745) -> BGTestAvgNumPtRep >= 1.067) -> BGTestAvgNumMeter >= 1.422)
",-9999999.000,-9999999.000,0.000,0.000,1.000,0,0,0,4,4,0,0,4,0.0,0,0,0.0,0.0,1.0
"F[0,1]((bmiZscore >= -0.636 & diabDur <= 15.843) & BGTestAvgNumPtRep <= 14.361)
",-9999999.000,-9999999.000,0.000,0.000,1.000,0,0,0,4,4,0,0,4,0.0,0,0,0.0,0.0,1.0
"((BUN >= 7.228) U[0,2] (UnitsInsBasalOrLongAct <= 22.177))
",-9999999.000,-9999999.000,0.000,0.000,1.000,0,0,0,4,4,0,0,4,0.0,0,0,0.0,0.0,1.0
"F[0,2](bmiZscore >= -0.717 -> TotChol >= 13.045)
",-9999999.000,-9999999.000,0.000,0.000,1.000,0,0,0,4,4,0,0,4,0.0,0,0,0.0,0.0,1.0
"((Pt_A1cGoalLev <= 0.000) U[1,2] (HbA1c <= 7.595))
",-9999999.000,-9999999.000,0.000,0.000,1.000,0,0,0,4,4,0,0,4,0.0,0,0,0.0,0.0,1.0
"F[0,2](((HeightCm <= 168.043 | LDL >= 20.407) & BUN >= 21.896) -> BldPrSys >= 2.414)
",-9999999.000,-9999999.000,0.000,0.000,1.000,0,0,0,4,4,0,0,4,0.0,0,0,0.0,0.0,1.0
"F[0,1](((SMBGperDayPtMeterCombo <= 2.858 -> TotChol >= 17.989) -> Pt_GrandchildT1D <= 111.431) & BldPrDia >= 20.573)
",-9999999.000,-9999999.000,0.000,0.000,1.000,0,0,0,4,4,0,0,4,0.0,0,0,0.0,0.0,1.0
"F[0,2]((TotChol >= 72.314 & WeightKg >= 67.899) -> Pt_SHFlg >= 69.073)
",-9999999.000,-9999999.000,0.000,0.000,1.000,0,0,0,4,4,0,0,4,0.0,0,0,0.0,0.0,1.0
"F[1,2]((Pt_InsGov <= 0.615 & UnitsInsBasalOrLongAct >= 5.505) & GFR >= 2.182)
",-9999999.000,-9999999.000,0.000,0.000,1.000,0,0,0,4,4,0,0,4,0.0,0,0,0.0,0.0,1.0
"F[1,2](((BGTestAvgNumPtRep <= 2.476 -> BldPrDia <= 78.813) -> bmiPerc <= 73.612) -> TotalDailyInsPerKg <= 74.985)
",-9999999.000,-9999999.000,0.000,0.000,1.000,0,0,0,4,4,0,0,4,0.0,0,0,0.0,0.0,1.0
"((Pt_DKAFlg <= 0.000) U[0,0] (bmiPerc >= 0.000))
",34.173,24.259,0.000,0.000,1.000,0,0,0,4,4,0,0,4,0.0,0,0,0.0,0.0,1.0
"F[0,0]((age >= 71.770 & BGTestAvgNumPtRep >= 0.081) | bmiZscore <= 2.188)
",2.188,2.188,0.000,0.000,1.000,0,0,0,4,4,0,0,4,0.0,0,0,0.0,0.0,1.0
"F[0,1](((HbA1cImputeDtMnC <= 61.727 | WeightKg <= 71.828) | diagAgeCombo <= 72.574) & Pt_MotherT1D <= 72.802)
",-9999999.000,-9999999.000,0.000,0.000,1.000,0,0,0,4,4,0,0,4,0.0,0,0,0.0,0.0,1.0
"((BldPrSys >= 127.724) U[0,1] (LDL >= 6.560))
",-9999999.000,-9999999.000,0.000,0.000,1.000,0,0,0,4,4,0,0,4,0.0,0,0,0.0,0.0,1.0
"F[1,2](BGTestAvgNumMeter <= 2.930 & Pt_SiblingT1D <= 0.000)
",-9999999.000,-9999999.000,0.000,0.000,1.000,0,0,0,4,4,0,0,4,0.0,0,0,0.0,0.0,1.0
"F[2,2](Pt_InsGov >= 0.231 -> SMBGperDayPtMeterCombo <= 2.848)
",-6413831442660011.000,-2.848,0.000,0.000,1.000,0,0,0,4,4,0,0,4,0.0,0,0,0.0,0.0,1.0
"F[1,1](TotalDailyInsPerKg >= 0.119 -> DirectLDL >= 0.000)
",0.000,0.000,0.000,0.000,1.000,0,0,0,4,4,0,0,4,0.0,0,0,0.0,0.0,1.0
"F[1,2](((BGTestAvgNumPtRep >= 0.415 | TotChol >= 74.903) & bmiZscore <= 127.510) -> UnitsInsBasalOrLongAct >= 73.631)
",-9999999.000,-9999999.000,0.000,0.000,1.000,0,0,0,4,4,0,0,4,0.0,0,0,0.0,0.0,1.0
"F[0,1](((Pt_CGMUseNumDays >= 0.987 & UnitsInsBasalOrLongAct >= 1.220) -> bmiPerc <= 16.475) & TotalDailyInsPerKg <= 13.256)
",-9999999.000,-9999999.000,0.000,0.000,1.000,0,0,0,4,4,0,0,4,0.0,0,0,0.0,0.0,1.0
"F[0,1](BGTestAvgNumPtRep >= 0.068 | Pt_A1cGoalLev >= 0.000)
",-9999999.000,-9999999.000,0.000,0.000,1.000,0,0,0,4,4,0,0,4,0.0,0,0,0.0,0.0,1.0
"F[0,1]((Pt_InsGov <= 0.870 & Triglyc >= 47.890) -> Pt_A1cGoalLev >= 7.041)
",-9999999.000,-9999999.000,0.000,0.000,1.000,0,0,0,4,4,0,0,4,0.0,0,0,0.0,0.0,1.0
"((Pt_MotherT1D >= 0.000) U[1,2] (TotalDailyInsPerKg >= 0.127))
",-9999999.000,-9999999.000,0.000,0.000,1.000,0,0,0,4,4,0,0,4,0.0,0,0,0.0,0.0,1.0
"F[0,2]((HbA1cImputeDtMnC >= 33.476 -> Pt_InsGov <= 0.313) & Triglyc >= 0.148)
",-9999999.000,-9999999.000,0.000,0.000,1.000,0,0,0,4,4,0,0,4,0.0,0,0,0.0,0.0,1.0
"F[0,1](HbA1cImputeDtMnC <= 62.266 | Pt_CGMUseNumDays >= 1.279)
",-9999999.000,-9999999.000,0.000,0.000,1.000,0,0,0,4,4,0,0,4,0.0,0,0,0.0,0.0,1.0
"F[1,2]((TotalDailyInsPerKg >= 0.222 & bmiZscore >= -0.679) -> Triglyc <= -0.439)
",-9999999.000,-9999999.000,0.000,0.000,1.000,0,0,0,4,4,0,0,4,0.0,0,0,0.0,0.0,1.0
"F[0,1]((BldPrDia >= 70.595 -> HeightCm >= 168.003) | Pt_MotherT1D <= 168.039)
",-9999999.000,-9999999.000,0.000,0.000,1.000,0,0,0,4,4,0,0,4,0.0,0,0,0.0,0.0,1.0
"F[1,1](BldPrDia >= 68.395 -> AutonomicNeuroCl <= 0.000)
",0.000,0.000,0.000,0.000,1.000,0,0,0,4,4,0,0,4,0.0,0,0,0.0,0.0,1.0
"F[1,2](((diabDur >= 11.553 -> Pt_InsGov <= 0.671) -> LDL <= 0.472) | SMBGperDayPtMeterCombo <= 0.490)
",-9999999.000,-9999999.000,0.000,0.000,1.000,0,0,0,4,4,0,0,4,0.0,0,0,0.0,0.0,1.0
"F[1,2](((diagAgeCombo <= 60.000 -> Pt_CGMUseNumDays >= 6.139) | HDL <= 29.576) | TSH >= 0.628)
",-9999999.000,-9999999.000,0.000,0.000,1.000,0,0,0,4,4,0,0,4,0.0,0,0,0.0,0.0,1.0
"F[0,1](UnitsInsBasalOrLongAct <= 12.289 | Pt_FatherT1D >= 0.000)
",-9999999.000,-9999999.000,0.000,0.000,1.000,0,0,0,4,4,0,0,4,0.0,0,0,0.0,0.0,1.0
"F[0,1]((BGTestAvgNumMeter <= 1.887 & Pt_FatherT1D <= 0.000) -> LDL >= 0.000)
",-9999999.000,-9999999.000,0.000,0.000,1.000,0,0,0,4,4,0,0,4,0.0,0,0,0.0,0.0,1.0
"F[2,2](((TotalDailyInsPerKg <= 0.607 -> HbA1cImputeDtMnC >= 38.352) -> AlbCreatRat_mggNew <= 63.600) & LDL <= 75.327)
",-63.600,-63.600,0.000,0.000,1.000,0,0,0,4,4,0,0,4,0.0,0,0,0.0,0.0,1.0
"F[1,2]((NumPumpBolusOrShortAct <= 2.550 -> Pt_InsGov >= 0.182) & SMBGperDayPtMeterCombo <= 0.652)
",-9999999.000,-9999999.000,0.000,0.000,1.000,0,0,0,4,4,0,0,4,0.0,0,0,0.0,0.0,1.0
"F[0,2]((NumPumpBolusOrShortAct <= 2.812 -> Pt_CGMUseNumDays >= 1.577) | diabDur >= 6.749)
",-9999999.000,-9999999.000,0.000,0.000,1.000,0,0,0,4,4,0,0,4,0.0,0,0,0.0,0.0,1.0
"F[0,0](((BGTestAvgNumPtRep <= 1.109 | Pt_InsGov >= 0.218) & HbA1cImputeDtMnC <= 0.668) -> DirectLDL <= 0.517)
",0.235,0.332,0.000,0.000,1.000,0,0,0,4,4,0,0,4,0.0,0,0,0.0,0.0,1.0
"F[2,2](BGTestAvgNumPtRep <= 1.418 -> TotalDailyInsPerKg >= 0.299)
",-1.418,-1.418,0.000,0.000,1.000,0,0,0,4,4,0,0,4,0.0,0,0,0.0,0.0,1.0
"F[0,2](((AlbCreatRat_mggNew <= 20.507 -> bmiZscore >= -0.689) & Pt_A1cGoalLevelDsYr5 >= -0.673) & NumPumpBolusOrShortAct >= -0.729)
",-9999999.000,-9999999.000,0.000,0.000,1.000,0,0,0,4,4,0,0,4,0.0,0,0,0.0,0.0,1.0
"F[1,1]((bmi >= 23.964 & BUN >= 8.262) | GFR <= 22.487)
",22.487,22.487,0.000,0.000,1.000,0,0,0,4,4,0,0,4,0.0,0,0,0.0,0.0,1.0
"F[0,2](((age >= 73.946 & Pt_GrandparentT1D >= 0.000) & Pt_FatherT1D >= 0.000) & Pt_MotherT1D >= 0.000)
",-9999999.000,-9999999.000,0.000,0.000,1.000,0,0,0,4,4,0,0,4,0.0,0,0,0.0,0.0,1.0
"F[0,2](BGTestAvgNumMeter <= 2.623 -> bmi >= 24.264)
",-9999999.000,-9999999.000,0.000,0.000,1.000,0,0,0,4,4,0,0,4,0.0,0,0,0.0,0.0,1.0
"F[1,2]((LDL <= 48.055 -> Pt_A1cGoalLev >= 0.000) | Pt_SHFlg >= 0.000)
",-9999999.000,-9999999.000,0.000,0.000,1.000,0,0,0,4,4,0,0,4,0.0,0,0,0.0,0.0,1.0
"F[2,2]((Triglyc >= 17.224 | Pt_SHFlg >= 0.085) -> Pt_GrandchildT1D <= 0.780)
",-7028787952573125.000,-0.780,0.000,0.000,1.000,0,0,0,4,4,0,0,4,0.0,0,0,0.0,0.0,1.0
"F[0,1](((HbA1c >= 7.420 | Triglyc >= 20.272) & BUN <= 63.332) -> TSH <= 78.074)
",-9999999.000,-9999999.000,0.000,0.000,1.000,0,0,0,4,4,0,0,4,0.0,0,0,0.0,0.0,1.0
"((BldPrDia >= 72.636) U[2,2] (UnitsInsBasalOrLongAct >= 4.479))
",-4.479,-4.479,0.000,0.000,1.000,0,0,0,4,4,0,0,4,0.0,0,0,0.0,0.0,1.0
"F[0,2](((BGTestAvgNumMeter >= 0.152 | TotChol >= 0.994) | BGTestAvgNumPtRep >= 48.033) -> TSH >= 80.308)
",-9999999.000,-9999999.000,0.000,0.000,1.000,0,0,0,4,4,0,0,4,0.0,0,0,0.0,0.0,1.0
"F[1,2](BldPrDia <= 78.859 | GFR <= 66.969)
",-9999999.000,-9999999.000,0.000,0.000,1.000,0,0,0,4,4,0,0,4,0.0,0,0,0.0,0.0,1.0
"F[1,2](BGTestAvgNumPtRep >= 0.002 | HbA1cImputeDtMnC <= 75.888)
",-9999999.000,-9999999.000,0.000,0.000,1.000,0,0,0,4,4,0,0,4,0.0,0,0,0.0,0.0,1.0
"((NumPumpBolusOrShortAct <= 3.314) U[1,2] (Pt_A1cGoalLevelDsYr5 <= 0.000))
",-9999999.000,-9999999.000,0.000,0.000,1.000,0,0,0,4,4,0,0,4,0.0,0,0,0.0,0.0,1.0
"F[0,0](((bmi >= 24.430 -> TSH <= 4.759) | Pt_FatherT1D >= 0.694) | TSH >= 1.408)
",0.658,9.306,0.000,0.000,1.000,0,0,0,4,4,0,0,4,0.0,0,0,0.0,0.0,1.0
"F[1,2](HbA1cImputeDtMnC >= 36.761 -> BldPrSys <= 135.440)
",-9999999.000,-9999999.000,0.000,0.000,1.000,0,0,0,4,4,0,0,4,0.0,0,0,0.0,0.0,1.0
"F[1,1]((bmiZscore >= -0.587 & NumPumpBolusOrShortAct <= 3.717) | DirectLDL <= 3.922)
",8832210304501187.000,3.922,0.000,0.000,1.000,0,0,0,4,4,0,0,4,0.0,0,0,0.0,0.0,1.0
"F[0,1]((SMBGperDayPtMeterCombo >= 0.422 & Pt_DKAFlg >= 0.000) & Pt_A1cGoalLev >= 0.000)
",-9999999.000,-9999999.000,0.000,0.000,1.000,0,0,0,4,4,0,0,4,0.0,0,0,0.0,0.0,1.0
"((NumPumpBolusOrShortAct <= 1.447) U[0,1] (Pt_DKAFlg >= 0.000))
",-9999999.000,-9999999.000,0.000,0.000,1.000,0,0,0,4,4,0,0,4,0.0,0,0,0.0,0.0,1.0
"F[0,2](AlbCreatRat_mggNew >= 5.543 -> Pt_SHFlg >= 0.109)
",-9999999.000,-9999999.000,0.000,0.000,1.000,0,0,0,4,4,0,0,4,0.0,0,0,0.0,0.0,1.0
"F[0,0]((HDL <= 75.137 & AutonomicNeuroCl >= 0.000) -> TotalDailyInsPerKg >= 0.000)
",-4.098,-12.667,0.000,0.000,1.000,0,0,0,4,4,0,0,4,0.0,0,0,0.0,0.0,1.0
"F[0,0]((Pt_SHFlg <= 0.880 -> UnitsInsBasalOrLongAct <= 21.777) -> Pt_GrandparentT1D <= 12.915)
",-7270318839267589.000,-12.915,0.000,0.000,1.000,0,0,0,4,4,0,0,4,0.0,0,0,0.0,0.0,1.0
"F[1,2](Pt_CGMUseNumDays >= 3.417 -> bmiPerc <= 0.000)
",-9999999.000,-9999999.000,0.000,0.000,1.000,0,0,0,4,4,0,0,4,0.0,0,0,0.0,0.0,1.0
"F[1,1]((Pt_GrandparentT1D <= 0.000 | TotalDailyInsPerKg >= 0.124) | Pt_GrandparentT1D <= 0.515)
",0.515,0.515,0.000,0.000,1.000,0,0,0,4,4,0,0,4,0.0,0,0,0.0,0.0,1.0
"F[0,2]((Pt_SHFlg >= 0.037 | Pt_GrandchildT1D <= 0.000) & diagAgeCombo <= 0.000)
",-9999999.000,-9999999.000,0.000,0.000,1.000,0,0,0,4,4,0,0,4,0.0,0,0,0.0,0.0,1.0
"F[0,2](((WeightKg <= 69.387 & HeightCm >= 168.012) | BldPrSys >= 168.005) & BldPrDia <= 168.126)
",-9999999.000,-9999999.000,0.000,0.000,1.000,0,0,0,4,4,0,0,4,0.0,0,0,0.0,0.0,1.0
"F[0,2]((BUN <= 25.760 | Pt_CGMUseNumDays >= 0.021) -> Pt_CGMUseNumDays <= 9.930)
",-9999999.000,-9999999.000,0.000,0.000,1.000,0,0,0,4,4,0,0,4,0.0,0,0,0.0,0.0,1.0
"F[0,1](LDL >= 35.730 | Pt_A1cGoalLevelDsYr5 >= 0.000)
",-9999999.000,-9999999.000,0.000,0.000,1.000,0,0,0,4,4,0,0,4,0.0,0,0,0.0,0.0,1.0
"F[2,2]((bmiPerc >= 0.000 | HDL >= 49.277) | HDL >= 18.094)
",0.000,0.000,0.000,0.000,1.000,0,0,0,4,4,0,0,4,0.0,0,0,0.0,0.0,1.0
"F[0,2](((Pt_GrandchildT1D >= 0.000 -> TotChol >= 9.644) & Pt_SiblingT1D <= 88.291) | Pt_GrandparentT1D >= 72.955)
",-9999999.000,-9999999.000,0.000,0.000,1.000,0,0,0,4,4,0,0,4,0.0,0,0,0.0,0.0,1.0
"F[1,1](((NumPumpBolusOrShortAct >= 0.402 -> Pt_CGMUseNumDays >= 6.549) -> bmiZscore <= 17.483) -> HbA1c <= 24.925)
",-7015790395787899.000,-24.925,0.000,0.000,1.000,0,0,0,4,4,0,0,4,0.0,0,0,0.0,0.0,1.0
"F[0,0](diagAgeCombo <= 60.000 & Pt_SiblingT1D <= 0.000)
",-0.707,-4.667,0.000,0.000,1.000,0,0,0,4,4,0,0,4,0.0,0,0,0.0,0.0,1.0
"F[2,2](((age <= 75.106 & SMBGperDayPtMeterCombo <= 2.405) | GFR >= 0.460) -> Pt_GrandparentT1D >= 1.283)
",-2.405,-2.405,0.000,0.000,1.000,0,0,0,4,4,0,0,4,0.0,0,0,0.0,0.0,1.0
"F[0,0]((Pt_DKAFlg <= 0.000 & Pt_A1cGoalLev >= 0.000) & Pt_A1cGoalLevelDsYr5 <= 0.000)
",0.000,0.000,0.000,0.000,1.000,0,0,0,4,4,0,0,4,0.0,0,0,0.0,0.0,1.0
"F[2,2](Pt_A1cGoalLevelDsYr5 >= 0.000 & AutonomicNeuroCl <= 0.000)
",0.000,0.000,0.000,0.000,1.000,0,0,0,4,4,0,0,4,0.0,0,0,0.0,0.0,1.0
"F[2,2](HbA1c <= 7.559 | SMBGperDayPtMeterCombo >= 0.903)
",8510196387975355.000,7.559,0.000,0.000,1.000,0,0,0,4,4,0,0,4,0.0,0,0,0.0,0.0,1.0
"((SMBGperDayPtMeterCombo >= 1.340) U[0,0] (Pt_FatherT1D <= 0.000))
",18.485,71.326,0.000,0.000,1.000,0,0,0,4,4,0,0,4,0.0,0,0,0.0,0.0,1.0
"F[0,1]((Triglyc >= 13.894 | WeightKg >= 68.276) | Pt_FatherT1D <= 71.178)
",-9999999.000,-9999999.000,0.000,0.000,1.000,0,0,0,4,4,0,0,4,0.0,0,0,0.0,0.0,1.0
"F[0,2](bmi >= 24.319 -> NumPumpBolusOrShortAct >= 1.166)
",-9999999.000,-9999999.000,0.000,0.000,1.000,0,0,0,4,4,0,0,4,0.0,0,0,0.0,0.0,1.0
"F[0,1](((HDL >= 34.037 & TotalDailyInsPerKg <= 0.611) & Pt_A1cGoalLevelDsYr5 <= 0.530) | Pt_CGMUseNumDays <= 0.360)
",-9999999.000,-9999999.000,0.000,0.000,1.000,0,0,0,4,4,0,0,4,0.0,0,0,0.0,0.0,1.0
"F[1,2](((AlbCreatRat_mggNew <= 17.135 | Pt_CGMUseNumDays >= 7.359) -> BUN <= 25.971) -> bmiZscore <= 9.847)
",-9999999.000,-9999999.000,0.000,0.000,1.000,0,0,0,4,4,0,0,4,0.0,0,0,0.0,0.0,1.0
"((Pt_GrandparentT1D <= 0.000) U[0,1] (TotChol <= 100.030))
",-9999999.000,-9999999.000,0.000,0.000,1.000,0,0,0,4,4,0,0,4,0.0,0,0,0.0,0.0,1.0
"F[0,1](((bmiPerc <= 0.000 -> Pt_ChildT1D <= 0.000) & Pt_InsGov <= 0.000) | Pt_SHFlg >= 0.000)
",-9999999.000,-9999999.000,0.000,0.000,1.000,0,0,0,4,4,0,0,4,0.0,0,0,0.0,0.0,1.0
"F[2,2](NumPumpBolusOrShortAct >= 0.235 & TotChol >= 75.652)
",-75.652,-75.652,0.000,0.000,1.000,0,0,0,4,4,0,0,4,0.0,0,0,0.0,0.0,1.0
"F[1,2](HbA1c >= 7.436 & LDL >= 0.453)
",-9999999.000,-9999999.000,0.000,0.000,1.000,0,0,0,4,4,0,0,4,0.0,0,0,0.0,0.0,1.0
"F[1,1]((TotChol >= 17.989 -> TSH <= 2.697) & Pt_ChildT1D <= 3.683)
",-6073258063899997.000,-2.697,0.000,0.000,1.000,0,0,0,4,4,0,0,4,0.0,0,0,0.0,0.0,1.0
"F[0,0](UnitsInsBasalOrLongAct >= 11.416 -> UnitsInsBasalOrLongAct >= 7.089)
",-0.528,-3.811,0.000,0.000,1.000,0,0,0,4,4,0,0,4,0.0,0,0,0.0,0.0,1.0
"F[1,2]((Pt_CGMUseNumDays >= 5.424 -> bmiZscore <= -0.390) -> BldPrDia >= -0.586)
",-9999999.000,-9999999.000,0.000,0.000,1.000,0,0,0,4,4,0,0,4,0.0,0,0,0.0,0.0,1.0
"F[0,1]((BldPrSys <= 138.694 -> Pt_CGMUseNumDays <= 22.284) | AlbCreatRat_mggNew >= 2.250)
",-9999999.000,-9999999.000,0.000,0.000,1.000,0,0,0,4,4,0,0,4,0.0,0,0,0.0,0.0,1.0
"F[0,1](((Pt_ChildT1D >= 0.000 | bmiPerc >= 0.000) -> HbA1cImputeDtMnC >= 0.000) | HbA1cImputeDtMnC <= 0.000)
",-9999999.000,-9999999.000,0.000,0.000,1.000,0,0,0,4,4,0,0,4,0.0,0,0,0.0,0.0,1.0
"F[2,2]((BldPrDia <= 80.580 & TSH >= 0.299) & HbA1c <= 4.624)
",-0.299,-0.299,0.000,0.000,1.000,0,0,0,4,4,0,0,4,0.0,0,0,0.0,0.0,1.0
"F[0,2]((HeightCm <= 168.065 & Pt_SHFlg >= 0.134) & age >= 0.074)
",-9999999.000,-9999999.000,0.000,0.000,1.000,0,0,0,4,4,0,0,4,0.0,0,0,0.0,0.0,1.0
"F[0,2](AutonomicNeuroCl >= 0.000 | HeightCm <= 168.084)
",-9999999.000,-9999999.000,0.000,0.000,1.000,0,0,0,4,4,0,0,4,0.0,0,0,0.0,0.0,1.0
"F[1,2](((AlbCreatRat_mggNew <= 16.514 -> BldPrDia <= 74.154) -> HbA1cImputeDtMnC >= 72.202) -> Pt_DKAFlg <= 78.061)
",-9999999.000,-9999999.000,0.000,0.000,1.000,0,0,0,4,4,0,0,4,0.0,0,0,0.0,0.0,1.0
"F[0,1](((Pt_FatherT1D <= 0.000 | WeightKg >= 66.754) -> SMBGperDayPtMeterCombo >= 68.608) -> NumPumpBolusOrShortAct >= 67.530)
",-9999999.000,-9999999.000,0.000,0.000,1.000,0,0,0,4,4,0,0,4,0.0,0,0,0.0,0.0,1.0
"F[1,2](Pt_SHFlg <= 0.425 | WeightKg <= 69.945)
",-9999999.000,-9999999.000,0.000,0.000,1.000,0,0,0,4,4,0,0,4,0.0,0,0,0.0,0.0,1.0
"F[0,0]((BldPrDia >= 73.533 -> Pt_SHFlg >= 0.003) | AutonomicNeuroCl <= 0.966)
",-68.952,-6.501,0.000,0.000,1.000,0,0,0,4,4,0,0,4,0.0,0,0,0.0,0.0,1.0
"F[0,0]((HeightCm >= 168.009 & Pt_SHFlg <= 0.367) -> AutonomicNeuroCl <= 0.873)
",69.939,6.594,0.000,0.000,1.000,0,0,0,4,4,0,0,4,0.0,0,0,0.0,0.0,1.0
"F[0,2]((BUN >= 9.999 -> Pt_CGMUseNumDays >= 0.483) | Triglyc >= 8.359)
",-9999999.000,-9999999.000,0.000,0.000,1.000,0,0,0,4,4,0,0,4,0.0,0,0,0.0,0.0,1.0
"F[0,1](((Pt_A1cGoalLev >= 0.000 & HbA1c <= 7.579) & TSH <= 7.502) | HeightCm >= 7.409)
",-9999999.000,-9999999.000,0.000,0.000,1.000,0,0,0,4,4,0,0,4,0.0,0,0,0.0,0.0,1.0
"F[0,2](HbA1c <= 7.500 | UnitsInsBasalOrLongAct >= 3.290)
",-9999999.000,-9999999.000,0.000,0.000,1.000,0,0,0,4,4,0,0,4,0.0,0,0,0.0,0.0,1.0
"((age <= 76.971) U[0,2] (bmi >= 24.311))
",-9999999.000,-9999999.000,0.000,0.000,1.000,0,0,0,4,4,0,0,4,0.0,0,0,0.0,0.0,1.0
"((age >= 72.833) U[1,2] (bmiZscore >= -0.702))
",-9999999.000,-9999999.000,0.000,0.000,1.000,0,0,0,4,4,0,0,4,0.0,0,0,0.0,0.0,1.0
"F[1,1](((AlbCreatRat_mggNew <= 13.417 | TotChol >= 48.257) | HbA1c >= 2.476) & BldPrSys >= 62.044)
",-8731932512801571.000,-62.044,0.000,0.000,1.000,0,0,0,4,4,0,0,4,0.0,0,0,0.0,0.0,1.0
"F[0,1](((NumPumpBolusOrShortAct <= 2.443 -> WeightKg >= 67.680) -> TotChol <= 72.643) & bmi <= 70.127)
",-9999999.000,-9999999.000,0.000,0.000,1.000,0,0,0,4,4,0,0,4,0.0,0,0,0.0,0.0,1.0
"F[1,2](((HbA1c <= 7.486 | TotalDailyInsPerKg <= 0.605) & BUN >= 0.115) & bmiZscore <= 0.330)
",-9999999.000,-9999999.000,0.000,0.000,1.000,0,0,0,4,4,0,0,4,0.0,0,0,0.0,0.0,1.0
"F[0,0](HbA1c >= 7.408 -> Pt_A1cGoalLevelDsYr5 = 0.000)
",0.000,0.000,0.000,0.000,1.000,0,0,0,4,4,0,0,4,0.0,0,0,0.0,0.0,1.0
"((HDL <= 74.261) U[0,1] (WeightKg >= 66.935))
",-9999999.000,-9999999.000,0.000,0.000,1.000,0,0,0,4,4,0,0,4,0.0,0,0,0.0,0.0,1.0
"F[0,2](TotalDailyInsPerKg <= 0.600 -> WeightKg <= 71.022)
",-9999999.000,-9999999.000,0.000,0.000,1.000,0,0,0,4,4,0,0,4,0.0,0,0,0.0,0.0,1.0
"F[0,2]((age >= 71.950 & BldPrSys >= 134.611) & age <= 140.153)
",-9999999.000,-9999999.000,0.000,0.000,1.000,0,0,0,4,4,0,0,4,0.0,0,0,0.0,0.0,1.0
"((AlbCreatRat_mggNew <= 20.179) U[0,2] (diabDur >= 11.793))
",-9999999.000,-9999999.000,0.000,0.000,1.000,0,0,0,4,4,0,0,4,0.0,0,0,0.0,0.0,1.0
"F[0,0]((AlbCreatRat_mggNew <= 20.515 | HbA1cImputeDtMnC >= 31.284) & BGTestAvgNumPtRep <= 58.621)
",-0.681,-1.251,0.000,0.000,1.000,0,0,0,4,4,0,0,4,0.0,0,0,0.0,0.0,1.0
"F[1,2]((BUN <= 17.835 -> LDL <= 55.673) | BldPrDia <= 51.277)
",-9999999.000,-9999999.000,0.000,0.000,1.000,0,0,0,4,4,0,0,4,0.0,0,0,0.0,0.0,1.0
"F[1,2](HDL <= 66.206 | LDL >= 40.493)
",-9999999.000,-9999999.000,0.000,0.000,1.000,0,0,0,4,4,0,0,4,0.0,0,0,0.0,0.0,1.0
"F[0,1](((HDL <= 62.055 & Triglyc >= 18.616) & DirectLDL >= 8.639) | GFR <= 52.525)
",-9999999.000,-9999999.000,0.000,0.000,1.000,0,0,0,4,4,0,0,4,0.0,0,0,0.0,0.0,1.0
"((bmi >= 24.183) U[1,2] (TotalDailyInsPerKg >= 0.095))
",-9999999.000,-9999999.000,0.000,0.000,1.000,0,0,0,4,4,0,0,4,0.0,0,0,0.0,0.0,1.0
"F[0,2](NumPumpBolusOrShortAct >= 0.422 -> Pt_SHFlg <= 0.801)
",-9999999.000,-9999999.000,0.000,0.000,1.000,0,0,0,4,4,0,0,4,0.0,0,0,0.0,0.0,1.0
"F[0,2](BUN <= 23.909 | HDL <= 78.814)
",-9999999.000,-9999999.000,0.000,0.000,1.000,0,0,0,4,4,0,0,4,0.0,0,0,0.0,0.0,1.0
"F[0,1]((age >= 70.852 -> diabDur >= 11.712) -> BldPrSys >= 11.320)
",-9999999.000,-9999999.000,0.000,0.000,1.000,0,0,0,4,4,0,0,4,0.0,0,0,0.0,0.0,1.0
"F[2,2]((age <= 74.208 | HbA1cImputeDtMnC >= 15.475) & diagAgeCombo >= 31.894)
",-31.894,-31.894,0.000,0.000,1.000,0,0,0,4,4,0,0,4,0.0,0,0,0.0,0.0,1.0
"F[0,0](diabDur <= 14.872 | HbA1cImputeDtMnC >= 20.193)
",-13.572,-19.193,0.000,0.000,1.000,0,0,0,4,4,0,0,4,0.0,0,0,0.0,0.0,1.0
"F[1,2](bmiZscore <= -0.412 | WeightKg <= 70.501)
",-9999999.000,-9999999.000,0.000,0.000,1.000,0,0,0,4,4,0,0,4,0.0,0,0,0.0,0.0,1.0
"F[0,2](Pt_A1cGoalLevelDsYr5 > 0.000 -> Pt_SHFlg = 0.312)
",-9999999.000,-9999999.000,0.000,0.000,1.000,0,0,0,4,4,0,0,4,0.0,0,0,0.0,0.0,1.0
"F[0,1]((BldPrSys >= 135.184 & HbA1cImputeDtMnC >= 28.611) | BldPrSys >= 26.943)
",-9999999.000,-9999999.000,0.000,0.000,1.000,0,0,0,4,4,0,0,4,0.0,0,0,0.0,0.0,1.0
"F[1,2](BldPrSys >= 131.099 | NumPumpBolusOrShortAct >= 0.965)
",-9999999.000,-9999999.000,0.000,0.000,1.000,0,0,0,4,4,0,0,4,0.0,0,0,0.0,0.0,1.0
"F[0,1](HDL <= 78.013 -> TotChol <= 110.934)
",-9999999.000,-9999999.000,0.000,0.000,1.000,0,0,0,4,4,0,0,4,0.0,0,0,0.0,0.0,1.0
"F[0,2]((TotalDailyInsPerKg >= 0.141 | UnitsInsBasalOrLongAct <= 15.745) & UnitsInsBasalOrLongAct <= 23.999)
",-9999999.000,-9999999.000,0.000,0.000,1.000,0,0,0,4,4,0,0,4,0.0,0,0,0.0,0.0,1.0
"F[1,1]((BUN <= 24.653 -> TotChol >= 4.371) -> BldPrDia <= 117.863)
",-8293887958832347.000,-117.863,0.000,0.000,1.000,0,0,0,4,4,0,0,4,0.0,0,0,0.0,0.0,1.0
"F[0,2](((AlbCreatRat_mggNew <= 19.086 -> BldPrSys >= 123.148) | diabDur >= 131.254) -> TotalDailyInsPerKg <= 139.463)
",-9999999.000,-9999999.000,0.000,0.000,1.000,0,0,0,4,4,0,0,4,0.0,0,0,0.0,0.0,1.0
"F[0,2]((GFR <= 36.300 & LDL >= 34.281) | Pt_CGMUseNumDays >= 30.475)
",-9999999.000,-9999999.000,0.000,0.000,1.000,0,0,0,4,4,0,0,4,0.0,0,0,0.0,0.0,1.0
"F[0,2]((LDL >= 16.729 -> TSH >= 0.822) -> HbA1cImputeDtMnC <= 4.593)
",-9999999.000,-9999999.000,0.000,0.000,1.000,0,0,0,4,4,0,0,4,0.0,0,0,0.0,0.0,1.0
"F[0,2](Pt_CGMUseNumDays <= 19.002 & TotChol >= 15.392)
",-9999999.000,-9999999.000,0.000,0.000,1.000,0,0,0,4,4,0,0,4,0.0,0,0,0.0,0.0,1.0
"F[2,2](((HbA1cImputeDtMnC >= 4.242 & HeightCm <= 168.138) | TotChol <= 168.073) & BGTestAvgNumPtRep <= 168.055)
",168.055,168.055,0.000,0.000,1.000,0,0,0,4,4,0,0,4,0.0,0,0,0.0,0.0,1.0
"F[0,2](((BldPrDia >= 72.297 | HbA1cImputeDtMnC >= 1.318) -> UnitsInsBasalOrLongAct >= 45.439) -> diagAgeCombo <= 66.881)
",-9999999.000,-9999999.000,0.000,0.000,1.000,0,0,0,4,4,0,0,4,0.0,0,0,0.0,0.0,1.0
"((diabDur <= 15.126) U[0,2] (HbA1c >= 7.453))
",-9999999.000,-9999999.000,0.000,0.000,1.000,0,0,0,4,4,0,0,4,0.0,0,0,0.0,0.0,1.0
"F[0,0]((HeightCm <= 168.048 | Pt_CGMUseNumDays >= 7.581) & Pt_DKAFlg <= 10.259)
",10.259,10.259,0.000,0.000,1.000,0,0,0,4,4,0,0,4,0.0,0,0,0.0,0.0,1.0
"F[0,2]((BGTestAvgNumMeter >= 1.310 & BldPrSys <= 140.994) & HbA1c <= 136.594)
",-9999999.000,-9999999.000,0.000,0.000,1.000,0,0,0,4,4,0,0,4,0.0,0,0,0.0,0.0,1.0
"F[0,2]((HDL >= 18.400 -> Pt_SHFlg <= 0.581) | BGTestAvgNumPtRep <= 0.435)
",-9999999.000,-9999999.000,0.000,0.000,1.000,0,0,0,4,4,0,0,4,0.0,0,0,0.0,0.0,1.0
"F[1,1](((Pt_SHFlg >= 0.124 & Triglyc <= 48.853) -> Pt_SHFlg <= 61.729) -> HbA1c <= 54.620)
",-54.620,-54.620,0.000,0.000,1.000,0,0,0,4,4,0,0,4,0.0,0,0,0.0,0.0,1.0
"F[1,2](((BUN <= 22.698 | Pt_SHFlg >= 0.123) | UnitsInsBasalOrLongAct <= 0.340) & Triglyc <= 0.592)
",-9999999.000,-9999999.000,0.000,0.000,1.000,0,0,0,4,4,0,0,4,0.0,0,0,0.0,0.0,1.0
"((Pt_GrandchildT1D < 0.000) U[2,2] (Pt_SHFlg = 0.471))
",0.000,0.000,0.000,0.000,1.000,0,0,0,4,4,0,0,4,0.0,0,0,0.0,0.0,1.0
"((Pt_ChildT1D <= 0.000) U[2,2] (Pt_SHFlg = 0.292))
",0.000,0.000,0.000,0.000,1.000,0,0,0,4,4,0,0,4,0.0,0,0,0.0,0.0,1.0
"((Pt_MotherT1D >= 0.000) U[0,2] (Pt_SHFlg = 0.394))
",-9999999.000,-9999999.000,0.000,0.000,1.000,0,0,0,4,4,0,0,4,0.0,0,0,0.0,0.0,1.0
"((BGTestAvgNumMeter >= 1.850) U[0,2] (BGTestAvgNumPtRep <= 1.184))
",-9999999.000,-9999999.000,0.000,0.000,1.000,0,0,0,4,4,0,0,4,0.0,0,0,0.0,0.0,1.0
"F[0,2](HbA1c >= 7.436 -> Pt_A1cGoalLevelDsYr5 = 0.000)
",-9999999.000,-9999999.000,0.000,0.000,1.000,0,0,0,4,4,0,0,4,0.0,0,0,0.0,0.0,1.0
"((BGTestAvgNumMeter >= 1.251) U[0,2] (BGTestAvgNumPtRep <= 2.964))
",-9999999.000,-9999999.000,0.000,0.000,1.000,0,0,0,4,4,0,0,4,0.0,0,0,0.0,0.0,1.0
"F[1,2](HbA1c >= 7.464 -> Pt_A1cGoalLevelDsYr5 = 0.000)
",-9999999.000,-9999999.000,0.000,0.000,1.000,0,0,0,4,4,0,0,4,0.0,0,0,0.0,0.0,1.0
"((BGTestAvgNumMeter >= 1.796) U[2,2] (BGTestAvgNumPtRep <= 1.094))
",1.094,1.094,0.000,0.000,1.000,0,0,0,4,4,0,0,4,0.0,0,0,0.0,0.0,1.0
"F[0,0](HbA1c >= 7.455 -> Pt_A1cGoalLevelDsYr5 = 0.000)
",0.000,0.000,0.000,0.000,1.000,0,0,0,4,4,0,0,4,0.0,0,0,0.0,0.0,1.0
"((BGTestAvgNumMeter >= 1.411) U[0,1] (BGTestAvgNumPtRep <= 2.823))
",-9999999.000,-9999999.000,0.000,0.000,1.000,0,0,0,4,4,0,0,4,0.0,0,0,0.0,0.0,1.0
"F[0,2](HbA1c >= 7.465 -> Pt_A1cGoalLevelDsYr5 = 0.000)
",-9999999.000,-9999999.000,0.000,0.000,1.000,0,0,0,4,4,0,0,4,0.0,0,0,0.0,0.0,1.0
"((BGTestAvgNumMeter >= 1.335) U[0,1] (BGTestAvgNumPtRep <= 2.403))
",-9999999.000,-9999999.000,0.000,0.000,1.000,0,0,0,4,4,0,0,4,0.0,0,0,0.0,0.0,1.0
"F[1,2](HbA1c >= 7.428 -> Pt_A1cGoalLevelDsYr5 = 0.000)
",-9999999.000,-9999999.000,0.000,0.000,1.000,0,0,0,4,4,0,0,4,0.0,0,0,0.0,0.0,1.0
"((BGTestAvgNumMeter >= 1.552) U[0,1] (BGTestAvgNumPtRep <= 2.974))
",-9999999.000,-9999999.000,0.000,0.000,1.000,0,0,0,4,4,0,0,4,0.0,0,0,0.0,0.0,1.0
"F[0,2](HbA1c >= 7.481 -> Pt_A1cGoalLevelDsYr5 = 0.000)
",-9999999.000,-9999999.000,0.000,0.000,1.000,0,0,0,4,4,0,0,4,0.0,0,0,0.0,0.0,1.0
"((BGTestAvgNumMeter >= 1.630) U[0,1] (BGTestAvgNumPtRep <= 0.985))
",-9999999.000,-9999999.000,0.000,0.000,1.000,0,0,0,4,4,0,0,4,0.0,0,0,0.0,0.0,1.0
"F[0,1](HbA1c >= 7.410 -> Pt_A1cGoalLevelDsYr5 = 0.000)
",-9999999.000,-9999999.000,0.000,0.000,1.000,0,0,0,4,4,0,0,4,0.0,0,0,0.0,0.0,1.0
"F[1,2](HbA1c >= 7.476 -> Pt_A1cGoalLevelDsYr5 = 0.000)
",-9999999.000,-9999999.000,0.000,0.000,1.000,0,0,0,4,4,0,0,4,0.0,0,0,0.0,0.0,1.0
"F[0,0](HbA1c >= 7.438 -> Pt_A1cGoalLevelDsYr5 = 0.000)
",0.000,0.000,0.000,0.000,1.000,0,0,0,4,4,0,0,4,0.0,0,0,0.0,0.0,1.0
"((BldPrDia <= 75.402) U[1,2] (Pt_SHFlg = 0.189))
",-9999999.000,-9999999.000,0.000,0.000,1.000,0,0,0,4,4,0,0,4,0.0,0,0,0.0,0.0,1.0
"((BGTestAvgNumMeter >= 1.373) U[0,2] (BGTestAvgNumPtRep <= 0.775))
",-9999999.000,-9999999.000,0.000,0.000,1.000,0,0,0,4,4,0,0,4,0.0,0,0,0.0,0.0,1.0
"F[0,2](Pt_CGMUseNumDays >= 7.086 -> Pt_SHFlg = 0.353)
",-9999999.000,-9999999.000,0.000,0.000,1.000,0,0,0,4,4,0,0,4,0.0,0,0,0.0,0.0,1.0
"F[0,1](HDL < 56.455 -> Pt_SHFlg = 0.850)
",-9999999.000,-9999999.000,0.000,0.000,1.000,0,0,0,4,4,0,0,4,0.0,0,0,0.0,0.0,1.0
"((BUN <= 20.425) U[0,2] (Pt_SHFlg = 0.703))
",-9999999.000,-9999999.000,0.000,0.000,1.000,0,0,0,4,4,0,0,4,0.0,0,0,0.0,0.0,1.0
"F[0,2](NumPumpBolusOrShortAct <= 1.463 -> Pt_SHFlg = 0.907)
",-9999999.000,-9999999.000,0.000,0.000,1.000,0,0,0,4,4,0,0,4,0.0,0,0,0.0,0.0,1.0
"F[2,2](LDL < 52.846 & Pt_SHFlg = 0.709)
",-0.709,-0.709,0.000,0.000,1.000,0,0,0,4,4,0,0,4,0.0,0,0,0.0,0.0,1.0
"((AlbCreatRat_mggNew >= 12.083) U[2,2] (Pt_SHFlg = 0.114))
",-0.114,-0.114,0.000,0.000,1.000,0,0,0,4,4,0,0,4,0.0,0,0,0.0,0.0,1.0
"((HbA1cImputeDtMnC > 1.411) U[1,2] (Pt_SHFlg = 0.593))
",-9999999.000,-9999999.000,0.000,0.000,1.000,0,0,0,4,4,0,0,4,0.0,0,0,0.0,0.0,1.0
"((HbA1c < 7.527) U[2,2] (Pt_SHFlg = 0.498))
",7.527,7.527,0.000,0.000,1.000,0,0,0,4,4,0,0,4,0.0,0,0,0.0,0.0,1.0
"((GFR < 40.483) U[0,2] (Pt_SHFlg = 0.235))
",-9999999.000,-9999999.000,0.000,0.000,1.000,0,0,0,4,4,0,0,4,0.0,0,0,0.0,0.0,1.0
"F[0,2](UnitsInsBasalOrLongAct <= 16.299 -> Pt_SHFlg = 0.070)
",-9999999.000,-9999999.000,0.000,0.000,1.000,0,0,0,4,4,0,0,4,0.0,0,0,0.0,0.0,1.0
"F[0,2](SMBGperDayPtMeterCombo > 0.700 -> Pt_SHFlg = 0.481)
",-9999999.000,-9999999.000,0.000,0.000,1.000,0,0,0,4,4,0,0,4,0.0,0,0,0.0,0.0,1.0
"((bmi < 25.310) U[1,2] (Pt_SHFlg = 0.872))
",-9999999.000,-9999999.000,0.000,0.000,1.000,0,0,0,4,4,0,0,4,0.0,0,0,0.0,0.0,1.0
"((BGTestAvgNumMeter >= 0.512) U[2,2] (Pt_SHFlg = 0.406))
",-7307111864155547.000,-0.406,0.000,0.000,1.000,0,0,0,4,4,0,0,4,0.0,0,0,0.0,0.0,1.0
"F[0,2]((age <= 76.904 & BldPrDia >= 71.733) | Pt_CGMUseNumDays <= 79.751)
",-9999999.000,-9999999.000,0.000,0.000,1.000,0,0,0,4,4,0,0,4,0.0,0,0,0.0,0.0,1.0
"F[0,2]((BGTestAvgNumMeter >= 1.808 -> UnitsInsBasalOrLongAct <= 20.787) & HeightCm >= 9.881)
",-9999999.000,-9999999.000,0.000,0.000,1.000,0,0,0,4,4,0,0,4,0.0,0,0,0.0,0.0,1.0
"F[2,2](((TotalDailyInsPerKg <= 0.581 & TotChol <= 88.174) & NumPumpBolusOrShortAct <= 102.000) -> Pt_SiblingT1D <= 88.450)
",-6224087726856019.000,-88.450,0.000,0.000,1.000,0,0,0,4,4,0,0,4,0.0,0,0,0.0,0.0,1.0
"F[0,2](bmi <= 25.249 | HbA1c >= 7.406)
",-9999999.000,-9999999.000,0.000,0.000,1.000,0,0,0,4,4,0,0,4,0.0,0,0,0.0,0.0,1.0
"((BGTestAvgNumMeter >= 1.588) U[0,1] (BGTestAvgNumPtRep <= 2.430))
",-9999999.000,-9999999.000,0.000,0.000,1.000,0,0,0,4,4,0,0,4,0.0,0,0,0.0,0.0,1.0
"F[0,0](((GFR <= 34.223 | Pt_SHFlg >= 0.070) | diagAgeCombo <= 0.294) | Pt_GrandparentT1D <= 0.464)
",2.251,50.763,0.000,0.000,1.000,0,0,0,4,4,0,0,4,0.0,0,0,0.0,0.0,1.0
"F[0,2]((HbA1c >= 7.404 | Pt_SHFlg >= 0.053) & Triglyc >= 0.063)
",-9999999.000,-9999999.000,0.000,0.000,1.000,0,0,0,4,4,0,0,4,0.0,0,0,0.0,0.0,1.0
"((BGTestAvgNumMeter <= 2.790) U[2,2] (BUN <= 16.214))
",16.214,16.214,0.000,0.000,1.000,0,0,0,4,4,0,0,4,0.0,0,0,0.0,0.0,1.0
"F[0,2]((BUN >= 4.657 -> Pt_InsGov >= 0.253) | diagAgeCombo <= 0.795)
",-9999999.000,-9999999.000,0.000,0.000,1.000,0,0,0,4,4,0,0,4,0.0,0,0,0.0,0.0,1.0
"F[0,2]((age <= 75.392 & BUN <= 18.777) -> diabDur >= 3.994)
",-9999999.000,-9999999.000,0.000,0.000,1.000,0,0,0,4,4,0,0,4,0.0,0,0,0.0,0.0,1.0
"F[0,2](((bmiZscore >= -0.733 | HbA1c >= 7.428) & BldPrSys >= 7.444) -> TSH >= 7.484)
",-9999999.000,-9999999.000,0.000,0.000,1.000,0,0,0,4,4,0,0,4,0.0,0,0,0.0,0.0,1.0
"((BGTestAvgNumMeter <= 2.873) U[0,2] (HeightCm >= 168.019))
",-9999999.000,-9999999.000,0.000,0.000,1.000,0,0,0,4,4,0,0,4,0.0,0,0,0.0,0.0,1.0
"F[2,2](((GFR <= 39.746 & HbA1c >= 7.474) -> BGTestAvgNumPtRep >= 7.446) | NumPumpBolusOrShortAct >= 7.445)
",7.446,7.446,0.000,0.000,1.000,0,0,0,4,4,0,0,4,0.0,0,0,0.0,0.0,1.0
"F[1,1]((AlbCreatRat_mggNew <= 14.797 -> GFR <= 40.389) | Pt_GrandparentT1D >= 21.480)
",-6046022250569341.000,-21.480,0.000,0.000,1.000,0,0,0,4,4,0,0,4,0.0,0,0,0.0,0.0,1.0
"F[1,2](AlbCreatRat_mggNew <= 14.693 -> HDL >= 36.858)
",-9999999.000,-9999999.000,0.000,0.000,1.000,0,0,0,4,4,0,0,4,0.0,0,0,0.0,0.0,1.0
"F[1,2]((diabDur <= 14.516 | GFR <= 39.210) & TSH <= 62.945)
",-9999999.000,-9999999.000,0.000,0.000,1.000,0,0,0,4,4,0,0,4,0.0,0,0,0.0,0.0,1.0
"F[0,2]((BldPrSys <= 139.822 & SMBGperDayPtMeterCombo >= 0.972) & Pt_InsGov <= 2.671)
",-9999999.000,-9999999.000,0.000,0.000,1.000,0,0,0,4,4,0,0,4,0.0,0,0,0.0,0.0,1.0
"F[2,2](LDL >= 36.856 | Pt_CGMUseNumDays <= 25.847)
",7275169552627301.000,25.847,0.000,0.000,1.000,0,0,0,4,4,0,0,4,0.0,0,0,0.0,0.0,1.0
"F[2,2]((SMBGperDayPtMeterCombo >= 0.715 -> TSH <= 4.646) -> Pt_A1cGoalLev <= 2.755)
",-2.755,-2.755,0.000,0.000,1.000,0,0,0,4,4,0,0,4,0.0,0,0,0.0,0.0,1.0
"F[0,1](NumPumpBolusOrShortAct <= 3.444 -> TSH <= 4.231)
",-9999999.000,-9999999.000,0.000,0.000,1.000,0,0,0,4,4,0,0,4,0.0,0,0,0.0,0.0,1.0
"F[0,2]((age >= 73.737 | Pt_SHFlg <= 0.268) -> bmiZscore >= 0.014)
",-9999999.000,-9999999.000,0.000,0.000,1.000,0,0,0,4,4,0,0,4,0.0,0,0,0.0,0.0,1.0
"((BldPrDia <= 78.244) U[0,2] (BldPrSys >= 126.585))
",-9999999.000,-9999999.000,0.000,0.000,1.000,0,0,0,4,4,0,0,4,0.0,0,0,0.0,0.0,1.0
"F[0,0](BGTestAvgNumMeter >= 0.480 | BGTestAvgNumPtRep >= 0.383)
",0.662,5.585,0.000,0.000,1.000,0,0,0,4,4,0,0,4,0.0,0,0,0.0,0.0,1.0
"F[1,2](((BldPrSys <= 136.545 & TotalDailyInsPerKg >= 0.152) & BUN <= 0.648) & BGTestAvgNumPtRep <= 0.560)
",-9999999.000,-9999999.000,0.000,0.000,1.000,0,0,0,4,4,0,0,4,0.0,0,0,0.0,0.0,1.0
"F[0,1](((BldPrDia >= 70.069 & NumPumpBolusOrShortAct <= 2.748) & bmi >= 0.243) -> LDL >= 1.120)
",-9999999.000,-9999999.000,0.000,0.000,1.000,0,0,0,4,4,0,0,4,0.0,0,0,0.0,0.0,1.0
"((TotalDailyInsPerKg <= 0.613) U[0,1] (Triglyc >= 46.617))
",-9999999.000,-9999999.000,0.000,0.000,1.000,0,0,0,4,4,0,0,4,0.0,0,0,0.0,0.0,1.0
"F[2,2](((HDL >= 24.382 & TotalDailyInsPerKg >= 0.270) | Pt_GrandparentT1D <= 0.485) -> BldPrSys >= 0.085)
",-0.485,-0.485,0.000,0.000,1.000,0,0,0,4,4,0,0,4,0.0,0,0,0.0,0.0,1.0
"F[0,2]((BGTestAvgNumMeter <= 2.242 & NumPumpBolusOrShortAct >= 0.571) -> bmiPerc >= 0.807)
",-9999999.000,-9999999.000,0.000,0.000,1.000,0,0,0,4,4,0,0,4,0.0,0,0,0.0,0.0,1.0
"((SMBGperDayPtMeterCombo <= 2.827) U[0,0] (Triglyc >= 17.775))
",1.146,76.559,0.000,0.000,1.000,0,0,0,4,4,0,0,4,0.0,0,0,0.0,0.0,1.0
"F[0,1](((HbA1c >= 7.401 & NumPumpBolusOrShortAct <= 2.207) -> TotChol >= 0.555) & HbA1cImputeDtMnC >= 0.329)
",-9999999.000,-9999999.000,0.000,0.000,1.000,0,0,0,4,4,0,0,4,0.0,0,0,0.0,0.0,1.0
"F[0,1](((bmiZscore >= -0.596 & Triglyc <= 59.841) & diabDur >= 21.804) | diagAgeCombo >= 1.260)
",-9999999.000,-9999999.000,0.000,0.000,1.000,0,0,0,4,4,0,0,4,0.0,0,0,0.0,0.0,1.0
"F[2,2]((HDL <= 62.514 -> SMBGperDayPtMeterCombo >= 1.889) -> BldPrSys >= 2.026)
",2.026,2.026,0.000,0.000,1.000,0,0,0,4,4,0,0,4,0.0,0,0,0.0,0.0,1.0
"F[0,2]((BldPrSys >= 135.423 -> BUN <= 22.246) | HbA1c >= 4.629)
",-9999999.000,-9999999.000,0.000,0.000,1.000,0,0,0,4,4,0,0,4,0.0,0,0,0.0,0.0,1.0
"F[1,2]((GFR <= 53.284 -> NumPumpBolusOrShortAct <= 2.015) & Pt_GrandchildT1D >= 1.404)
",-9999999.000,-9999999.000,0.000,0.000,1.000,0,0,0,4,4,0,0,4,0.0,0,0,0.0,0.0,1.0
"F[0,2](((BUN <= 25.795 & TotalDailyInsPerKg <= 0.568) & TSH >= 0.226) | age >= 0.217)
",-9999999.000,-9999999.000,0.000,0.000,1.000,0,0,0,4,4,0,0,4,0.0,0,0,0.0,0.0,1.0
"F[0,0]((BUN <= 24.001 | HbA1cImputeDtMnC <= 50.011) -> Pt_A1cGoalLevelDsYr5 <= 67.488)
",-67.488,-67.488,0.000,0.000,1.000,0,0,0,4,4,0,0,4,0.0,0,0,0.0,0.0,1.0
"F[2,2]((GFR >= 32.271 -> Triglyc >= 47.521) | age >= 29.456)
",32.271,32.271,0.000,0.000,1.000,0,0,0,4,4,0,0,4,0.0,0,0,0.0,0.0,1.0
"F[1,1]((BldPrSys >= 126.517 | HbA1c <= 7.571) & Pt_ChildT1D <= 7.541)
",7.541,7.541,0.000,0.000,1.000,0,0,0,4,4,0,0,4,0.0,0,0,0.0,0.0,1.0
"F[0,2](GFR <= 54.203 -> WeightKg <= 71.586)
",-9999999.000,-9999999.000,0.000,0.000,1.000,0,0,0,4,4,0,0,4,0.0,0,0,0.0,0.0,1.0
"F[1,2](((BldPrSys <= 145.435 & HeightCm <= 168.035) & HeightCm >= 168.011) & Pt_CGMUseNumDays >= 168.003)
",-9999999.000,-9999999.000,0.000,0.000,1.000,0,0,0,4,4,0,0,4,0.0,0,0,0.0,0.0,1.0
"((TotChol <= 125.340) U[0,2] (Triglyc >= 35.868))
",-9999999.000,-9999999.000,0.000,0.000,1.000,0,0,0,4,4,0,0,4,0.0,0,0,0.0,0.0,1.0
"((BldPrDia <= 80.608) U[0,2] (HDL >= 44.285))
",-9999999.000,-9999999.000,0.000,0.000,1.000,0,0,0,4,4,0,0,4,0.0,0,0,0.0,0.0,1.0
"F[1,2]((GFR >= 23.906 | HDL <= 65.605) & Pt_FatherT1D >= 34.507)
",-9999999.000,-9999999.000,0.000,0.000,1.000,0,0,0,4,4,0,0,4,0.0,0,0,0.0,0.0,1.0
"((diabDur >= 10.519) U[0,2] (Triglyc <= 67.273))
",-9999999.000,-9999999.000,0.000,0.000,1.000,0,0,0,4,4,0,0,4,0.0,0,0,0.0,0.0,1.0
"F[0,1](HbA1cImputeDtMnC <= 51.043 | SMBGperDayPtMeterCombo <= 2.244)
",-9999999.000,-9999999.000,0.000,0.000,1.000,0,0,0,4,4,0,0,4,0.0,0,0,0.0,0.0,1.0
"F[1,2](HDL >= 2.150 & TSH <= 4.047)
",-9999999.000,-9999999.000,0.000,0.000,1.000,0,0,0,4,4,0,0,4,0.0,0,0,0.0,0.0,1.0
"F[0,1]((HbA1c <= 7.538 | Pt_InsGov >= 0.238) -> GFR <= 0.319)
",-9999999.000,-9999999.000,0.000,0.000,1.000,0,0,0,4,4,0,0,4,0.0,0,0,0.0,0.0,1.0
"F[1,1]((diabDur >= 11.317 | SMBGperDayPtMeterCombo >= 0.967) -> Pt_GrandparentT1D <= 2.903)
",-2.903,-2.903,0.000,0.000,1.000,0,0,0,4,4,0,0,4,0.0,0,0,0.0,0.0,1.0
"F[0,2](((age <= 76.909 -> Triglyc <= 62.868) -> bmiPerc <= 78.575) | age >= 18.263)
",-9999999.000,-9999999.000,0.000,0.000,1.000,0,0,0,4,4,0,0,4,0.0,0,0,0.0,0.0,1.0
"F[1,2](((BldPrSys <= 142.666 -> TSH <= 4.364) -> DirectLDL >= 1.479) -> bmiZscore >= 0.290)
",-9999999.000,-9999999.000,0.000,0.000,1.000,0,0,0,4,4,0,0,4,0.0,0,0,0.0,0.0,1.0
"F[0,2](diabDur <= 16.455 | UnitsInsBasalOrLongAct <= 12.396)
",-9999999.000,-9999999.000,0.000,0.000,1.000,0,0,0,4,4,0,0,4,0.0,0,0,0.0,0.0,1.0
"F[1,2](((LDL <= 48.000 & TotalDailyInsPerKg >= 0.123) & Pt_A1cGoalLev <= 0.379) -> Pt_A1cGoalLev >= 0.257)
",-9999999.000,-9999999.000,0.000,0.000,1.000,0,0,0,4,4,0,0,4,0.0,0,0,0.0,0.0,1.0
"F[1,2](Pt_CGMUseNumDays <= 27.706 -> TSH <= 4.881)
",-9999999.000,-9999999.000,0.000,0.000,1.000,0,0,0,4,4,0,0,4,0.0,0,0,0.0,0.0,1.0
"F[2,2](((AlbCreatRat_mggNew <= 18.298 -> Triglyc <= 59.253) | Pt_ChildT1D <= 77.307) | Pt_A1cGoalLev <= 74.065)
",77.307,77.307,0.000,0.000,1.000,0,0,0,4,4,0,0,4,0.0,0,0,0.0,0.0,1.0
"F[2,2](((HDL >= 43.952 & Pt_InsGov <= 0.751) -> WeightKg >= 0.040) | BGTestAvgNumMeter >= 0.008)
",0.040,0.040,0.000,0.000,1.000,0,0,0,4,4,0,0,4,0.0,0,0,0.0,0.0,1.0
"F[0,2](((BGTestAvgNumPtRep >= 0.493 -> LDL <= 60.022) & AutonomicNeuroCl <= 60.234) | TSH <= 62.817)
",-9999999.000,-9999999.000,0.000,0.000,1.000,0,0,0,4,4,0,0,4,0.0,0,0,0.0,0.0,1.0
"F[0,0](((BGTestAvgNumMeter >= 0.405 | Triglyc <= 77.050) | Pt_A1cGoalLevelDsYr5 <= 72.930) & bmi >= 4.649)
",-4.649,-4.649,0.000,0.000,1.000,0,0,0,4,4,0,0,4,0.0,0,0,0.0,0.0,1.0
"F[1,2](((age <= 76.703 -> GFR >= 7.811) | Pt_GrandchildT1D >= 7.550) -> age >= 6.326)
",-9999999.000,-9999999.000,0.000,0.000,1.000,0,0,0,4,4,0,0,4,0.0,0,0,0.0,0.0,1.0
"F[1,1]((BGTestAvgNumMeter >= 0.360 | TSH <= 2.541) | bmiZscore >= 0.241)
",2.541,2.541,0.000,0.000,1.000,0,0,0,4,4,0,0,4,0.0,0,0,0.0,0.0,1.0
"F[1,2]((SMBGperDayPtMeterCombo <= 2.319 -> UnitsInsBasalOrLongAct >= 8.799) -> Pt_SiblingT1D <= 24.055)
",-9999999.000,-9999999.000,0.000,0.000,1.000,0,0,0,4,4,0,0,4,0.0,0,0,0.0,0.0,1.0
"F[0,2](((HeightCm >= 168.020 | UnitsInsBasalOrLongAct >= 7.348) & Pt_SiblingT1D >= 8.527) & Pt_FatherT1D >= 1.781)
",-9999999.000,-9999999.000,0.000,0.000,1.000,0,0,0,4,4,0,0,4,0.0,0,0,0.0,0.0,1.0
"F[0,2](((bmiZscore <= -0.317 & LDL >= 5.320) & Pt_GrandchildT1D <= 63.959) | DirectLDL <= 49.084)
",-9999999.000,-9999999.000,0.000,0.000,1.000,0,0,0,4,4,0,0,4,0.0,0,0,0.0,0.0,1.0
"F[2,2]((bmi <= 25.958 & LDL >= 6.556) -> Pt_SiblingT1D >= 2.802)
",2.802,2.802,0.000,0.000,1.000,0,0,0,4,4,0,0,4,0.0,0,0,0.0,0.0,1.0
"((BGTestAvgNumMeter >= 0.621) U[1,2] (Pt_CGMUseNumDays >= 4.550))
",-9999999.000,-9999999.000,0.000,0.000,1.000,0,0,0,4,4,0,0,4,0.0,0,0,0.0,0.0,1.0
"((HeightCm <= 168.131) U[0,2] (Triglyc <= 73.850))
",-9999999.000,-9999999.000,0.000,0.000,1.000,0,0,0,4,4,0,0,4,0.0,0,0,0.0,0.0,1.0
"F[1,2](((GFR >= 6.571 | HbA1cImputeDtMnC >= 31.535) | BldPrSys <= 81.591) -> BldPrSys >= 46.023)
",-9999999.000,-9999999.000,0.000,0.000,1.000,0,0,0,4,4,0,0,4,0.0,0,0,0.0,0.0,1.0
"F[0,0]((bmiZscore >= -0.714 -> TSH >= 1.261) | bmiZscore <= 1.873)
",8436942043943661.000,1.873,0.000,0.000,1.000,0,0,0,4,4,0,0,4,0.0,0,0,0.0,0.0,1.0
"((bmi <= 25.906) U[1,2] (TSH >= 0.015))
",-9999999.000,-9999999.000,0.000,0.000,1.000,0,0,0,4,4,0,0,4,0.0,0,0,0.0,0.0,1.0
"F[0,2]((HDL >= 17.196 | Pt_CGMUseNumDays <= 11.234) -> BUN >= 3.837)
",-9999999.000,-9999999.000,0.000,0.000,1.000,0,0,0,4,4,0,0,4,0.0,0,0,0.0,0.0,1.0
"((WeightKg >= 67.227) U[2,2] (bmiZscore <= -0.525))
",-0.525,-0.525,0.000,0.000,1.000,0,0,0,4,4,0,0,4,0.0,0,0,0.0,0.0,1.0
