Rule,Discrimination Score,Pos Robustness,Neg Robustness,Percent Class +,Percent Class -,TP,TN,FP,FN,Actual Yes,Actual No,Predicted Yes,Predicted No,TPR/Sens,TNR/Spec,FPR,Precision,Accuracy,MCR,Class
"G[1,1](((NumPumpBolusOrShortAct >= 1.124 -> AlbCreatRat_mggNew <= 1.157) -> bmiZscore >= 0.324) & Pt_GrandparentT1D <= 2.871)
",0.324,0.324,0.000,1.000,0.000,3,0,0,0,3,0,3,0,1.0,0.0,0.0,1.0,1.0,0.0,1
"G[0,1](BldPrDia >= 65.687 | Pt_SiblingT1D <= 0.000)
",9999999.000,9999999.000,0.000,1.000,0.000,3,0,0,0,3,0,3,0,1.0,0.0,0.0,1.0,1.0,0.0,1
"G[0,1](((Pt_GrandchildT1D <= 0.000 | Pt_A1cGoalLev >= 0.000) -> AutonomicNeuroCl <= 0.000) | BGTestAvgNumMeter >= 0.000)
",9999999.000,9999999.000,0.000,1.000,0.000,3,0,0,0,3,0,3,0,1.0,0.0,0.0,1.0,1.0,0.0,1
"G[1,1]((age >= 8.613 & HeightCm <= 151.495) -> Pt_FatherT1D <= 166.434)
",-166.434,-166.434,0.000,1.000,0.000,3,0,0,0,3,0,3,0,1.0,0.0,0.0,1.0,1.0,0.0,1
"G[0,0](((Pt_DKAFlg <= 0.000 -> HDL <= 58.449) -> AutonomicNeuroCl <= 17.487) -> DirectLDL <= 29.369)
",17.733,8.687,0.000,1.000,0.000,3,0,0,0,3,0,3,0,1.0,0.0,0.0,1.0,1.0,0.0,1
"G[0,1]((bmiZscore <= 2.108 | Triglyc <= 23.255) & Pt_SiblingT1D <= 68.186)
",9999999.000,9999999.000,0.000,1.000,0.000,3,0,0,0,3,0,3,0,1.0,0.0,0.0,1.0,1.0,0.0,1
"G[0,1](Pt_GrandchildT1D <= 0.000 | diabDur >= 3.931)
",9999999.000,9999999.000,0.000,1.000,0.000,3,0,0,0,3,0,3,0,1.0,0.0,0.0,1.0,1.0,0.0,1
"G[1,1](SMBGperDayPtMeterCombo <= 4.785 -> TSH <= 0.745)
",-4.785,-4.785,0.000,1.000,0.000,3,0,0,0,3,0,3,0,1.0,0.0,0.0,1.0,1.0,0.0,1
"G[1,1](Pt_SiblingT1D >= 0.000 | HbA1cImputeDtMnC >= 24.175)
",0.000,0.000,0.000,1.000,0.000,3,0,0,0,3,0,3,0,1.0,0.0,0.0,1.0,1.0,0.0,1
"G[0,1](Pt_MotherT1D >= 0.000 -> GFR <= 0.000)
",9999999.000,9999999.000,0.000,1.000,0.000,3,0,0,0,3,0,3,0,1.0,0.0,0.0,1.0,1.0,0.0,1
"G[0,0](bmi >= 22.102 -> TotChol >= 0.000)
",0.000,0.000,0.000,1.000,0.000,3,0,0,0,3,0,3,0,1.0,0.0,0.0,1.0,1.0,0.0,1
"G[0,1](((LDL <= 69.929 -> WeightKg <= 69.341) -> BldPrSys <= 62.183) -> Pt_SHFlg <= 71.728)
",9999999.000,9999999.000,0.000,1.000,0.000,3,0,0,0,3,0,3,0,1.0,0.0,0.0,1.0,1.0,0.0,1
"G[1,1](((BGTestAvgNumMeter >= 3.160 -> Pt_SHFlg >= 0.000) -> Pt_A1cGoalLevelDsYr5 >= 0.000) -> Pt_A1cGoalLevelDsYr5 >= 0.000)
",0.000,0.000,0.000,1.000,0.000,3,0,0,0,3,0,3,0,1.0,0.0,0.0,1.0,1.0,0.0,1
"G[0,0](bmi <= 23.755 -> Pt_CGMUseNumDays <= 0.000)
",-23.755,-23.755,0.000,1.000,0.000,3,0,0,0,3,0,3,0,1.0,0.0,0.0,1.0,1.0,0.0,1
"G[1,1](((Pt_FatherT1D >= 0.000 | LDL <= 127.927) -> Pt_FatherT1D <= 78.860) | Pt_SiblingT1D <= 71.392)
",71.392,71.392,0.000,1.000,0.000,3,0,0,0,3,0,3,0,1.0,0.0,0.0,1.0,1.0,0.0,1
"G[0,1]((HeightCm >= 130.489 & HDL >= 2.789) -> bmi <= 24.517)
",9999999.000,9999999.000,0.000,1.000,0.000,3,0,0,0,3,0,3,0,1.0,0.0,0.0,1.0,1.0,0.0,1
"G[0,1]((Pt_SHFlg <= 0.000 | Pt_ChildT1D <= 0.000) & diabDur >= 0.000)
",9999999.000,9999999.000,0.000,1.000,0.000,3,0,0,0,3,0,3,0,1.0,0.0,0.0,1.0,1.0,0.0,1
"G[1,1](((Pt_SHFlg >= 0.000 | TSH <= 1.375) & bmi >= 0.160) -> Pt_SiblingT1D <= 1.233)
",-1.233,-1.233,0.000,1.000,0.000,3,0,0,0,3,0,3,0,1.0,0.0,0.0,1.0,1.0,0.0,1
"G[1,1](SMBGperDayPtMeterCombo >= 3.753 & BGTestAvgNumPtRep >= 3.795)
",-8545559905578171.000,-3.795,0.000,1.000,0.000,3,0,0,0,3,0,3,0,1.0,0.0,0.0,1.0,1.0,0.0,1
"F[0,1]((BldPrSys >= 108.159 -> HbA1c <= 9.402) -> DirectLDL >= 8.359)
",-9999999.000,-9999999.000,0.000,0.000,1.000,3,0,0,0,3,0,3,0,1.0,0.0,0.0,1.0,1.0,0.0,-1
"F[0,0]((bmi >= 22.021 -> TotalDailyInsPerKg <= 0.846) & bmi <= 0.859)
",0.859,0.859,0.000,0.000,1.000,3,0,0,0,3,0,3,0,1.0,0.0,0.0,1.0,1.0,0.0,-1
"F[0,1]((bmi >= 22.756 & HeightCm <= 151.828) & Pt_InsGov >= 137.001)
",-9999999.000,-9999999.000,0.000,0.000,1.000,3,0,0,0,3,0,3,0,1.0,0.0,0.0,1.0,1.0,0.0,-1
"F[0,1](((HDL <= 49.807 -> HDL >= 8.552) -> Pt_InsGov >= 7.052) & Pt_GrandchildT1D >= 9.063)
",-9999999.000,-9999999.000,0.000,0.000,1.000,3,0,0,0,3,0,3,0,1.0,0.0,0.0,1.0,1.0,0.0,-1
"F[0,0](GFR < 0.000 & Pt_SHFlg = 0.000)
",-2.390,-25.527,0.000,0.000,1.000,3,0,0,0,3,0,3,0,1.0,0.0,0.0,1.0,1.0,0.0,-1
"F[1,1]((WeightKg >= 50.946 -> LDL <= 120.684) & Pt_GrandchildT1D >= 19.373)
",-120.684,-120.684,0.000,0.000,1.000,3,0,0,0,3,0,3,0,1.0,0.0,0.0,1.0,1.0,0.0,-1
"F[0,0](Pt_SHFlg < 0.000 & Pt_SHFlg = 0.000)
",-2.390,-25.527,0.000,0.000,1.000,3,0,0,0,3,0,3,0,1.0,0.0,0.0,1.0,1.0,0.0,-1
"F[0,0]((HeightCm <= 159.678 & TotChol >= 0.000) & BGTestAvgNumMeter <= 0.000)
",-20.579,-25.667,0.000,0.000,1.000,3,0,0,0,3,0,3,0,1.0,0.0,0.0,1.0,1.0,0.0,-1
"G[1,1]((SMBGperDayPtMeterCombo >= 3.924 -> Pt_InsGov >= 0.000) & Pt_GrandparentT1D >= 0.000)
",0.000,0.000,0.000,1.000,0.000,3,0,0,0,3,0,3,0,1.0,0.0,0.0,1.0,1.0,0.0,1
"F[0,1](((BGTestAvgNumPtRep >= 3.667 | UnitsInsBasalOrLongAct >= 10.261) | DirectLDL >= 20.403) -> Pt_A1cGoalLevelDsYr5 >= 2.247)
",-9999999.000,-9999999.000,0.000,0.000,1.000,3,0,0,0,3,0,3,0,1.0,0.0,0.0,1.0,1.0,0.0,-1
"F[0,1](((BGTestAvgNumPtRep <= 4.338 | BldPrSys <= 134.393) | BldPrSys <= 129.200) & bmi >= 108.460)
",-9999999.000,-9999999.000,0.000,0.000,1.000,3,0,0,0,3,0,3,0,1.0,0.0,0.0,1.0,1.0,0.0,-1
"F[0,1](((Pt_MotherT1D >= 0.000 & NumPumpBolusOrShortAct <= 2.849) | WeightKg >= 1.330) -> Pt_CGMUseNumDays >= 0.039)
",-9999999.000,-9999999.000,0.000,0.000,1.000,3,0,0,0,3,0,3,0,1.0,0.0,0.0,1.0,1.0,0.0,-1
"F[1,1]((Pt_InsGov >= 0.000 -> bmi >= 21.490) -> Pt_ChildT1D >= 22.850)
",0.000,0.000,0.000,0.000,1.000,3,0,0,0,3,0,3,0,1.0,0.0,0.0,1.0,1.0,0.0,-1
"F[0,1](((bmiPerc <= 0.981 & HbA1cImputeDtMnC >= 25.399) & Pt_FatherT1D <= 37.153) & diagAgeCombo >= 9.455)
",-9999999.000,-9999999.000,0.000,0.000,1.000,3,0,0,0,3,0,3,0,1.0,0.0,0.0,1.0,1.0,0.0,-1
"F[0,1]((Pt_FatherT1D >= 0.000 | Pt_CGMUseNumDays <= 0.000) & HeightCm <= 0.000)
",-9999999.000,-9999999.000,0.000,0.000,1.000,3,0,0,0,3,0,3,0,1.0,0.0,0.0,1.0,1.0,0.0,-1
"G[1,1](Pt_FatherT1D <= 0.000 | TSH <= 0.804)
",0.804,0.804,0.000,1.000,0.000,3,0,0,0,3,0,3,0,1.0,0.0,0.0,1.0,1.0,0.0,1
"G[0,1](Pt_MotherT1D <= 0.000 | LDL >= 20.603)
",9999999.000,9999999.000,0.000,1.000,0.000,3,0,0,0,3,0,3,0,1.0,0.0,0.0,1.0,1.0,0.0,1
"G[0,1]((TotChol >= 0.000 | Pt_A1cGoalLev <= 0.000) & TotChol <= 0.000)
",9999999.000,9999999.000,0.000,1.000,0.000,3,0,0,0,3,0,3,0,1.0,0.0,0.0,1.0,1.0,0.0,1
"G[0,0]((diabDur >= 3.145 | Pt_InsGov <= 0.000) | LDL <= 0.000)
",7.170,5.855,0.000,1.000,0.000,3,0,0,0,3,0,3,0,1.0,0.0,0.0,1.0,1.0,0.0,1
"G[1,1]((HbA1cImputeDtMnC <= 58.567 | TotalDailyInsPerKg <= 0.941) & BldPrSys >= 0.699)
",-0.699,-0.699,0.000,1.000,0.000,3,0,0,0,3,0,3,0,1.0,0.0,0.0,1.0,1.0,0.0,1
"G[0,1](((Pt_CGMUseNumDays >= 0.000 -> UnitsInsBasalOrLongAct <= 21.372) | Pt_SHFlg <= 25.332) | Pt_A1cGoalLevelDsYr5 >= 8.225)
",9999999.000,9999999.000,0.000,1.000,0.000,3,0,0,0,3,0,3,0,1.0,0.0,0.0,1.0,1.0,0.0,1
"G[0,0](SMBGperDayPtMeterCombo <= 4.847 & Pt_SHFlg = 0.000)
",-120.532,-56.819,0.000,1.000,0.000,3,0,0,0,3,0,3,0,1.0,0.0,0.0,1.0,1.0,0.0,1
"G[1,1](SMBGperDayPtMeterCombo >= 3.551 & BGTestAvgNumPtRep >= 3.914)
",-3.914,-3.914,0.000,1.000,0.000,3,0,0,0,3,0,3,0,1.0,0.0,0.0,1.0,1.0,0.0,1
"G[0,0](Pt_FatherT1D > 0.000 -> Pt_SHFlg = 0.000)
",0.000,0.000,0.000,1.000,0.000,3,0,0,0,3,0,3,0,1.0,0.0,0.0,1.0,1.0,0.0,1
"G[0,0](((HbA1c <= 9.178 -> Triglyc <= 65.007) -> SMBGperDayPtMeterCombo >= 4.361) -> NumPumpBolusOrShortAct >= 2.305)
",2.305,2.305,0.000,1.000,0.000,3,0,0,0,3,0,3,0,1.0,0.0,0.0,1.0,1.0,0.0,1
"G[1,1](Pt_SiblingT1D >= 0.000 & Pt_SHFlg = 0.000)
",0.000,0.000,0.000,1.000,0.000,3,0,0,0,3,0,3,0,1.0,0.0,0.0,1.0,1.0,0.0,1
"G[1,1]((Pt_InsGov >= 0.000 & AutonomicNeuroCl >= 0.000) | Pt_SiblingT1D >= 0.000)
",0.000,0.000,0.000,1.000,0.000,3,0,0,0,3,0,3,0,1.0,0.0,0.0,1.0,1.0,0.0,1
"G[1,1]((bmi <= 25.388 | bmiZscore >= 1.784) | Pt_A1cGoalLevelDsYr5 >= 1.953)
",7146046307099717.000,25.388,0.000,1.000,0.000,3,0,0,0,3,0,3,0,1.0,0.0,0.0,1.0,1.0,0.0,1
"G[1,1](((UnitsInsBasalOrLongAct <= 23.310 -> bmiPerc >= 0.968) | BGTestAvgNumPtRep >= 0.972) -> HDL <= 0.975)
",-0.975,-0.975,0.000,1.000,0.000,3,0,0,0,3,0,3,0,1.0,0.0,0.0,1.0,1.0,0.0,1
"G[0,1](TotChol <= 0.000 | TotalDailyInsPerKg <= 0.907)
",9999999.000,9999999.000,0.000,1.000,0.000,3,0,0,0,3,0,3,0,1.0,0.0,0.0,1.0,1.0,0.0,1
"G[0,1](((AlbCreatRat_mggNew >= 0.297 | BldPrDia <= 75.694) & DirectLDL >= 63.597) | diagAgeCombo <= 76.237)
",9999999.000,9999999.000,0.000,1.000,0.000,3,0,0,0,3,0,3,0,1.0,0.0,0.0,1.0,1.0,0.0,1
"G[0,0](((HeightCm >= 130.288 -> Pt_DKAFlg >= 0.000) -> WeightKg >= 0.000) -> Pt_A1cGoalLevelDsYr5 <= 0.000)
",0.000,0.000,0.000,1.000,0.000,3,0,0,0,3,0,3,0,1.0,0.0,0.0,1.0,1.0,0.0,1
"G[0,1]((Pt_InsGov <= 0.000 | HDL <= 21.482) | HDL >= 3.766)
",9999999.000,9999999.000,0.000,1.000,0.000,3,0,0,0,3,0,3,0,1.0,0.0,0.0,1.0,1.0,0.0,1
"G[0,1](Pt_DKAFlg >= 0.000 | TotalDailyInsPerKg >= 0.695)
",9999999.000,9999999.000,0.000,1.000,0.000,3,0,0,0,3,0,3,0,1.0,0.0,0.0,1.0,1.0,0.0,1
"G[0,1](bmiZscore <= 2.042 | BUN <= 11.749)
",9999999.000,9999999.000,0.000,1.000,0.000,3,0,0,0,3,0,3,0,1.0,0.0,0.0,1.0,1.0,0.0,1
"G[0,1](AlbCreatRat_mggNew >= 0.271 -> LDL <= 62.031)
",9999999.000,9999999.000,0.000,1.000,0.000,3,0,0,0,3,0,3,0,1.0,0.0,0.0,1.0,1.0,0.0,1
"G[0,0](((bmiPerc <= 0.980 | NumPumpBolusOrShortAct <= 2.187) -> TotalDailyInsPerKg <= 2.410) -> WeightKg >= 1.443)
",-3.132,-2.557,0.000,1.000,0.000,3,0,0,0,3,0,3,0,1.0,0.0,0.0,1.0,1.0,0.0,1
"G[0,0](Pt_A1cGoalLev <= 0.000 | DirectLDL <= 0.000)
",-4.000,-4.000,0.000,1.000,0.000,3,0,0,0,3,0,3,0,1.0,0.0,0.0,1.0,1.0,0.0,1
"G[0,1](DirectLDL >= 0.000 & Pt_DKAFlg >= 0.000)
",9999999.000,9999999.000,0.000,1.000,0.000,3,0,0,0,3,0,3,0,1.0,0.0,0.0,1.0,1.0,0.0,1
"G[0,1]((bmi <= 23.935 -> Pt_FatherT1D <= 0.000) | BGTestAvgNumPtRep >= 0.000)
",9999999.000,9999999.000,0.000,1.000,0.000,3,0,0,0,3,0,3,0,1.0,0.0,0.0,1.0,1.0,0.0,1
"G[0,1]((bmiPerc >= 0.971 -> HDL >= 3.613) | Pt_ChildT1D <= 38.246)
",9999999.000,9999999.000,0.000,1.000,0.000,3,0,0,0,3,0,3,0,1.0,0.0,0.0,1.0,1.0,0.0,1
"G[0,0](TSH >= 0.249 -> WeightKg <= 64.190)
",-73.717,-60.190,0.000,1.000,0.000,3,0,0,0,3,0,3,0,1.0,0.0,0.0,1.0,1.0,0.0,1
"G[0,0](((bmiZscore >= 1.737 -> HbA1cImputeDtMnC <= 56.326) & HDL >= 13.720) -> AutonomicNeuroCl <= 45.306)
",-74.518,-36.506,0.000,1.000,0.000,3,0,0,0,3,0,3,0,1.0,0.0,0.0,1.0,1.0,0.0,1
"G[0,0](((diabDur <= 4.504 -> TotChol >= 0.000) & TotalDailyInsPerKg <= 0.000) -> HDL >= 0.000)
",0.000,0.000,0.000,1.000,0.000,3,0,0,0,3,0,3,0,1.0,0.0,0.0,1.0,1.0,0.0,1
"G[0,1](((HbA1c <= 9.197 -> WeightKg >= 41.652) & bmiZscore <= 73.036) | age <= 56.891)
",9999999.000,9999999.000,0.000,1.000,0.000,3,0,0,0,3,0,3,0,1.0,0.0,0.0,1.0,1.0,0.0,1
"G[0,0](((bmiPerc >= 0.954 & HeightCm <= 160.110) -> diagAgeCombo <= 149.491) -> AlbCreatRat_mggNew <= 156.098)
",-156.098,-156.098,0.000,1.000,0.000,3,0,0,0,3,0,3,0,1.0,0.0,0.0,1.0,1.0,0.0,1
"G[0,1]((age <= 10.814 & LDL >= 21.163) -> age >= 18.506)
",9999999.000,9999999.000,0.000,1.000,0.000,3,0,0,0,3,0,3,0,1.0,0.0,0.0,1.0,1.0,0.0,1
"G[0,0](((TotalDailyInsPerKg >= 0.787 & SMBGperDayPtMeterCombo <= 4.493) & Pt_MotherT1D <= 4.505) | Pt_ChildT1D <= 4.583)
",4.583,4.583,0.000,1.000,0.000,3,0,0,0,3,0,3,0,1.0,0.0,0.0,1.0,1.0,0.0,1
"G[0,0](((BGTestAvgNumMeter <= 4.562 & HeightCm <= 154.562) & WeightKg >= 142.370) -> DirectLDL <= 149.008)
",-0.773,-6.608,0.000,1.000,0.000,3,0,0,0,3,0,3,0,1.0,0.0,0.0,1.0,1.0,0.0,1
"G[0,1](((BGTestAvgNumMeter >= 3.431 -> HbA1c <= 9.205) & BUN >= 8.628) | TotChol <= 9.140)
",9999999.000,9999999.000,0.000,1.000,0.000,3,0,0,0,3,0,3,0,1.0,0.0,0.0,1.0,1.0,0.0,1
"G[0,1](Pt_FatherT1D <= 0.000 -> Pt_MotherT1D <= 0.000)
",9999999.000,9999999.000,0.000,1.000,0.000,3,0,0,0,3,0,3,0,1.0,0.0,0.0,1.0,1.0,0.0,1
"G[0,1](((BGTestAvgNumMeter >= 3.367 -> TSH >= 0.224) | SMBGperDayPtMeterCombo <= 0.854) | NumPumpBolusOrShortAct >= 0.220)
",9999999.000,9999999.000,0.000,1.000,0.000,2,0,0,1,3,0,2,1,0.6666666666666666,0.0,0.0,1.0,0.6666666666666666,0.33333333333333337,1
"G[1,1](BldPrDia >= 62.468 | HbA1c <= 9.095)
",9.095,9.095,0.000,1.000,0.000,2,0,0,1,3,0,2,1,0.6666666666666666,0.0,0.0,1.0,0.6666666666666666,0.33333333333333337,1
"G[0,0](((Pt_InsGov <= 0.000 -> BldPrSys >= 105.330) & AlbCreatRat_mggNew <= 132.941) | diagAgeCombo >= 108.223)
",0.000,0.000,0.000,1.000,0.000,2,0,0,1,3,0,2,1,0.6666666666666666,0.0,0.0,1.0,0.6666666666666666,0.33333333333333337,1
"((HeightCm >= 144.670) U[1,1] (Pt_FatherT1D <= 0.000))
",0.000,0.000,0.000,0.000,1.000,2,0,0,1,3,0,2,1,0.6666666666666666,0.0,0.0,1.0,0.6666666666666666,0.33333333333333337,-1
"F[1,1]((HeightCm <= 148.538 & BGTestAvgNumPtRep <= 4.679) | Pt_SiblingT1D >= 4.165)
",4.679,4.679,0.000,0.000,1.000,2,0,0,1,3,0,2,1,0.6666666666666666,0.0,0.0,1.0,0.6666666666666666,0.33333333333333337,-1
"F[0,1](((DirectLDL >= 0.000 -> TSH >= 0.652) | WeightKg >= 0.441) -> AlbCreatRat_mggNew >= 0.132)
",-9999999.000,-9999999.000,0.000,0.000,1.000,2,0,0,1,3,0,2,1,0.6666666666666666,0.0,0.0,1.0,0.6666666666666666,0.33333333333333337,-1
"((bmiPerc < 0.974) U[1,2] (Pt_SHFlg = 0.000))
",-9999999.000,-9999999.000,0.000,0.000,1.000,2,0,0,1,3,0,2,1,0.6666666666666666,0.0,0.0,1.0,0.6666666666666666,0.33333333333333337,-1
"F[0,1](Pt_A1cGoalLevelDsYr5 >= 0.000 & LDL >= 4.294)
",-9999999.000,-9999999.000,0.000,0.000,1.000,2,0,0,1,3,0,2,1,0.6666666666666666,0.0,0.0,1.0,0.6666666666666666,0.33333333333333337,-1
"F[0,1](HbA1cImputeDtMnC <= 40.454 & HbA1c >= 8.924)
",-9999999.000,-9999999.000,0.000,0.000,1.000,2,0,0,1,3,0,2,1,0.6666666666666666,0.0,0.0,1.0,0.6666666666666666,0.33333333333333337,-1
"((BGTestAvgNumPtRep <= 4.716) U[0,0] (HeightCm >= 141.916))
",0.876,0.716,0.000,0.000,1.000,2,0,0,1,3,0,2,1,0.6666666666666666,0.0,0.0,1.0,0.6666666666666666,0.33333333333333337,-1
"((HbA1c >= 8.689) U[1,1] (TotalDailyInsPerKg <= 0.889))
",0.889,0.889,0.000,0.000,1.000,2,0,0,1,3,0,2,1,0.6666666666666666,0.0,0.0,1.0,0.6666666666666666,0.33333333333333337,-1
"((Pt_A1cGoalLev <= 0.000) U[0,1] (Triglyc >= 8.351))
",-9999999.000,-9999999.000,0.000,0.000,1.000,2,0,0,1,3,0,2,1,0.6666666666666666,0.0,0.0,1.0,0.6666666666666666,0.33333333333333337,-1
"F[0,0]((bmiPerc <= 0.982 & UnitsInsBasalOrLongAct >= 19.244) & Pt_CGMUseNumDays <= 25.422)
",-15042.578,-15042.578,0.000,0.000,1.000,2,0,0,1,3,0,2,1,0.6666666666666666,0.0,0.0,1.0,0.6666666666666666,0.33333333333333337,-1
"F[0,1]((HbA1c >= 8.297 | HbA1cImputeDtMnC >= 6.880) -> Triglyc >= 25.292)
",-9999999.000,-9999999.000,0.000,0.000,1.000,2,0,0,1,3,0,2,1,0.6666666666666666,0.0,0.0,1.0,0.6666666666666666,0.33333333333333337,-1
"((Pt_A1cGoalLev >= 0.000) U[0,0] (UnitsInsBasalOrLongAct <= 21.574))
",21.574,21.574,0.000,0.000,1.000,2,0,0,1,3,0,2,1,0.6666666666666666,0.0,0.0,1.0,0.6666666666666666,0.33333333333333337,-1
"G[0,0](HbA1cImputeDtMnC >= 22.305 & NumPumpBolusOrShortAct >= 1.823)
",-20.305,-20.305,0.000,1.000,0.000,2,0,0,1,3,0,2,1,0.6666666666666666,0.0,0.0,1.0,0.6666666666666666,0.33333333333333337,1
"G[0,0](((BGTestAvgNumMeter <= 4.282 -> BGTestAvgNumPtRep >= 3.776) | bmiPerc >= 3.262) & bmiZscore <= 4.850)
",262.595,3.875,0.000,1.000,0.000,2,0,0,1,3,0,2,1,0.6666666666666666,0.0,0.0,1.0,0.6666666666666666,0.33333333333333337,1
"F[0,1](Triglyc >= 9.724 & Pt_ChildT1D <= 0.000)
",-9999999.000,-9999999.000,0.000,0.000,1.000,2,0,0,1,3,0,2,1,0.6666666666666666,0.0,0.0,1.0,0.6666666666666666,0.33333333333333337,-1
"G[1,1](bmiZscore <= 1.980 & HbA1c >= 8.786)
",-8.786,-8.786,0.000,1.000,0.000,2,0,0,1,3,0,2,1,0.6666666666666666,0.0,0.0,1.0,0.6666666666666666,0.33333333333333337,1
"G[0,1]((Pt_DKAFlg >= 0.000 -> WeightKg <= 58.723) | diabDur >= 41.966)
",9999999.000,9999999.000,0.000,1.000,0.000,2,0,0,1,3,0,2,1,0.6666666666666666,0.0,0.0,1.0,0.6666666666666666,0.33333333333333337,1
"G[0,0](HDL >= 1.592 -> TSH <= 1.131)
",7171219544796941.000,1.592,0.000,1.000,0.000,2,0,0,1,3,0,2,1,0.6666666666666666,0.0,0.0,1.0,0.6666666666666666,0.33333333333333337,1
"G[1,1](age >= 8.865 & bmiPerc <= 0.979)
",-8.865,-8.865,0.000,1.000,0.000,2,0,0,1,3,0,2,1,0.6666666666666666,0.0,0.0,1.0,0.6666666666666666,0.33333333333333337,1
"G[1,1](BUN <= 7.915 & bmi <= 24.970)
",8911379610764187.000,7.915,0.000,1.000,0.000,2,0,0,1,3,0,2,1,0.6666666666666666,0.0,0.0,1.0,0.6666666666666666,0.33333333333333337,1
"G[0,1](bmi >= 21.621 -> BUN <= 4.274)
",9999999.000,9999999.000,0.000,1.000,0.000,2,0,0,1,3,0,2,1,0.6666666666666666,0.0,0.0,1.0,0.6666666666666666,0.33333333333333337,1
"G[0,1]((diabDur >= 4.000 | HbA1cImputeDtMnC >= 27.497) | HbA1cImputeDtMnC >= 28.090)
",9999999.000,9999999.000,0.000,1.000,0.000,2,0,0,1,3,0,2,1,0.6666666666666666,0.0,0.0,1.0,0.6666666666666666,0.33333333333333337,1
"G[1,1](BUN >= 1.502 | UnitsInsBasalOrLongAct <= 25.526)
",7185068052410237.000,25.526,0.000,1.000,0.000,2,0,0,1,3,0,2,1,0.6666666666666666,0.0,0.0,1.0,0.6666666666666666,0.33333333333333337,1
"G[1,1](((Pt_GrandchildT1D <= 0.000 & TSH <= 0.842) | BldPrDia <= 1.101) & Pt_A1cGoalLev <= 1.677)
",1.101,1.101,0.000,1.000,0.000,2,0,0,1,3,0,2,1,0.6666666666666666,0.0,0.0,1.0,0.6666666666666666,0.33333333333333337,1
"G[1,1]((Pt_SiblingT1D <= 0.000 & NumPumpBolusOrShortAct <= 2.154) | AutonomicNeuroCl >= 0.303)
",0.000,0.000,0.000,1.000,0.000,2,0,0,1,3,0,2,1,0.6666666666666666,0.0,0.0,1.0,0.6666666666666666,0.33333333333333337,1
"G[0,0](((bmiPerc >= 0.963 | TotalDailyInsPerKg >= 0.750) -> BGTestAvgNumMeter <= 0.853) -> age <= 0.873)
",-0.873,-0.873,0.000,1.000,0.000,2,0,0,1,3,0,2,1,0.6666666666666666,0.0,0.0,1.0,0.6666666666666666,0.33333333333333337,1
"G[1,1]((AutonomicNeuroCl <= 0.000 -> BUN <= 7.756) & diagAgeCombo <= 9.188)
",-7.756,-7.756,0.000,1.000,0.000,2,0,0,1,3,0,2,1,0.6666666666666666,0.0,0.0,1.0,0.6666666666666666,0.33333333333333337,1
"G[1,1]((BGTestAvgNumMeter <= 4.138 | bmi >= 23.304) & bmiZscore <= 25.667)
",4.138,4.138,0.000,1.000,0.000,2,0,0,1,3,0,2,1,0.6666666666666666,0.0,0.0,1.0,0.6666666666666666,0.33333333333333337,1
"G[0,1](HbA1cImputeDtMnC >= 2.584 & diagAgeCombo >= 4.000)
",9999999.000,9999999.000,0.000,1.000,0.000,2,0,0,1,3,0,2,1,0.6666666666666666,0.0,0.0,1.0,0.6666666666666666,0.33333333333333337,1
"G[0,1]((Pt_MotherT1D <= 0.000 & HbA1cImputeDtMnC >= 1.178) & NumPumpBolusOrShortAct <= 62.431)
",9999999.000,9999999.000,0.000,1.000,0.000,2,0,0,1,3,0,2,1,0.6666666666666666,0.0,0.0,1.0,0.6666666666666666,0.33333333333333337,1
"G[0,0](((BUN <= 12.011 & TSH <= 1.767) | diabDur <= 1.182) & BUN <= 1.909)
",-2.734,-2.233,0.000,1.000,0.000,2,0,0,1,3,0,2,1,0.6666666666666666,0.0,0.0,1.0,0.6666666666666666,0.33333333333333337,1
"G[0,1](AutonomicNeuroCl >= 0.000 -> UnitsInsBasalOrLongAct >= 1.085)
",9999999.000,9999999.000,0.000,1.000,0.000,2,0,0,1,3,0,2,1,0.6666666666666666,0.0,0.0,1.0,0.6666666666666666,0.33333333333333337,1
"G[0,1]((Pt_SiblingT1D <= 0.000 & TotalDailyInsPerKg >= 0.798) | TotalDailyInsPerKg >= 0.711)
",9999999.000,9999999.000,0.000,1.000,0.000,2,0,0,1,3,0,2,1,0.6666666666666666,0.0,0.0,1.0,0.6666666666666666,0.33333333333333337,1
"G[0,1](Pt_A1cGoalLev >= 0.000 & SMBGperDayPtMeterCombo >= 3.651)
",9999999.000,9999999.000,0.000,1.000,0.000,2,0,0,1,3,0,2,1,0.6666666666666666,0.0,0.0,1.0,0.6666666666666666,0.33333333333333337,1
"G[0,1](BldPrSys >= 104.808 -> diabDur <= 6.752)
",9999999.000,9999999.000,0.000,1.000,0.000,2,0,0,1,3,0,2,1,0.6666666666666666,0.0,0.0,1.0,0.6666666666666666,0.33333333333333337,1
"G[1,1]((AlbCreatRat_mggNew <= 1.135 & NumPumpBolusOrShortAct >= 0.074) | diabDur <= 2.594)
",2.594,2.594,0.000,1.000,0.000,2,0,0,1,3,0,2,1,0.6666666666666666,0.0,0.0,1.0,0.6666666666666666,0.33333333333333337,1
"G[0,0](SMBGperDayPtMeterCombo >= 3.918 & BGTestAvgNumPtRep >= 3.300)
",0.857,0.700,0.000,1.000,0.000,2,0,0,1,3,0,2,1,0.6666666666666666,0.0,0.0,1.0,0.6666666666666666,0.33333333333333337,1
"G[0,0]((WeightKg >= 42.989 | bmi >= 22.073) -> UnitsInsBasalOrLongAct <= 24.438)
",-24.438,-24.438,0.000,1.000,0.000,2,0,0,1,3,0,2,1,0.6666666666666666,0.0,0.0,1.0,0.6666666666666666,0.33333333333333337,1
"G[0,1](SMBGperDayPtMeterCombo >= 3.707 & BGTestAvgNumPtRep >= 3.731)
",9999999.000,9999999.000,0.000,1.000,0.000,2,0,0,1,3,0,2,1,0.6666666666666666,0.0,0.0,1.0,0.6666666666666666,0.33333333333333337,1
"G[0,0]((bmiZscore >= 1.922 | Triglyc <= 35.756) | Pt_GrandchildT1D >= 2.189)
",35.756,35.756,0.000,1.000,0.000,2,0,0,1,3,0,2,1,0.6666666666666666,0.0,0.0,1.0,0.6666666666666666,0.33333333333333337,1
"G[0,1]((HbA1cImputeDtMnC <= 61.255 & Pt_A1cGoalLev >= 0.000) | BldPrDia <= 0.000)
",9999999.000,9999999.000,0.000,1.000,0.000,2,0,0,1,3,0,2,1,0.6666666666666666,0.0,0.0,1.0,0.6666666666666666,0.33333333333333337,1
"G[0,0]((WeightKg >= 51.077 | bmi >= 23.419) -> UnitsInsBasalOrLongAct <= 23.518)
",-23.518,-23.518,0.000,1.000,0.000,2,0,0,1,3,0,2,1,0.6666666666666666,0.0,0.0,1.0,0.6666666666666666,0.33333333333333337,1
"G[0,1]((LDL >= 12.690 & DirectLDL <= 0.000) -> BGTestAvgNumMeter <= 0.000)
",9999999.000,9999999.000,0.000,1.000,0.000,2,0,0,1,3,0,2,1,0.6666666666666666,0.0,0.0,1.0,0.6666666666666666,0.33333333333333337,1
"G[0,0](SMBGperDayPtMeterCombo >= 3.745 & BGTestAvgNumPtRep >= 3.312)
",0.843,0.688,0.000,1.000,0.000,2,0,0,1,3,0,2,1,0.6666666666666666,0.0,0.0,1.0,0.6666666666666666,0.33333333333333337,1
"G[0,1](((Triglyc <= 67.301 | LDL <= 77.360) | Pt_SHFlg >= 10.099) | Pt_InsGov >= 0.735)
",9999999.000,9999999.000,0.000,1.000,0.000,2,0,0,1,3,0,2,1,0.6666666666666666,0.0,0.0,1.0,0.6666666666666666,0.33333333333333337,1
"G[0,0](HeightCm >= 137.966 & BGTestAvgNumPtRep <= 4.666)
",-18.567,-90.533,0.000,1.000,0.000,2,0,0,1,3,0,2,1,0.6666666666666666,0.0,0.0,1.0,0.6666666666666666,0.33333333333333337,1
"G[0,1](Pt_CGMUseNumDays >= 0.000 -> NumPumpBolusOrShortAct <= 2.610)
",9999999.000,9999999.000,0.000,1.000,0.000,2,0,0,1,3,0,2,1,0.6666666666666666,0.0,0.0,1.0,0.6666666666666666,0.33333333333333337,1
"F[1,1](SMBGperDayPtMeterCombo <= 4.585 & Pt_SHFlg = 0.000)
",0.000,0.000,0.000,0.000,1.000,1,0,0,2,3,0,1,2,0.3333333333333333,0.0,0.0,1.0,0.3333333333333333,0.6666666666666667,-1
"F[0,0](age >= 8.986 -> bmiPerc >= 0.968)
",-22.905,-22.400,0.000,0.000,1.000,1,0,0,2,3,0,1,2,0.3333333333333333,0.0,0.0,1.0,0.3333333333333333,0.6666666666666667,-1
"((bmi >= 22.555) U[1,2] (WeightKg >= 35.523))
",-9999999.000,-9999999.000,0.000,0.000,1.000,1,0,0,2,3,0,1,2,0.3333333333333333,0.0,0.0,1.0,0.3333333333333333,0.6666666666666667,-1
"((HeightCm <= 148.940) U[1,2] (TotalDailyInsPerKg <= 0.941))
",-9999999.000,-9999999.000,0.000,0.000,1.000,1,0,0,2,3,0,1,2,0.3333333333333333,0.0,0.0,1.0,0.3333333333333333,0.6666666666666667,-1
"((BGTestAvgNumPtRep <= 4.948) U[1,1] (WeightKg >= 35.794))
",4.948,4.948,0.000,0.000,1.000,1,0,0,2,3,0,1,2,0.3333333333333333,0.0,0.0,1.0,0.3333333333333333,0.6666666666666667,-1
"F[1,1](((BGTestAvgNumPtRep >= 3.651 -> HeightCm >= 137.647) & Pt_SiblingT1D <= 161.901) | GFR >= 131.399)
",3.651,3.651,0.000,0.000,1.000,1,0,0,2,3,0,1,2,0.3333333333333333,0.0,0.0,1.0,0.3333333333333333,0.6666666666666667,-1
"((NumPumpBolusOrShortAct >= 0.237) U[1,2] (Pt_FatherT1D <= 0.000))
",-9999999.000,-9999999.000,0.000,0.000,1.000,1,0,0,2,3,0,1,2,0.3333333333333333,0.0,0.0,1.0,0.3333333333333333,0.6666666666666667,-1
"((Pt_GrandparentT1D >= 0.000) U[0,1] (HeightCm <= 155.276))
",-9999999.000,-9999999.000,0.000,0.000,1.000,1,0,0,2,3,0,1,2,0.3333333333333333,0.0,0.0,1.0,0.3333333333333333,0.6666666666666667,-1
"((LDL < 54.280) U[1,2] (Pt_SHFlg = 0.000))
",-9999999.000,-9999999.000,0.000,0.000,1.000,1,0,0,2,3,0,1,2,0.3333333333333333,0.0,0.0,1.0,0.3333333333333333,0.6666666666666667,-1
"((HbA1cImputeDtMnC <= 37.277) U[0,1] (diabDur >= 3.010))
",-9999999.000,-9999999.000,0.000,0.000,1.000,1,0,0,2,3,0,1,2,0.3333333333333333,0.0,0.0,1.0,0.3333333333333333,0.6666666666666667,-1
"((LDL <= 77.082) U[1,2] (TotChol >= 0.000))
",-9999999.000,-9999999.000,0.000,0.000,1.000,1,0,0,2,3,0,1,2,0.3333333333333333,0.0,0.0,1.0,0.3333333333333333,0.6666666666666667,-1
"F[0,1]((HeightCm >= 137.464 -> Triglyc >= 3.823) | AutonomicNeuroCl >= 10.240)
",-9999999.000,-9999999.000,0.000,0.000,1.000,1,0,0,2,3,0,1,2,0.3333333333333333,0.0,0.0,1.0,0.3333333333333333,0.6666666666666667,-1
"((bmiZscore <= 2.116) U[1,2] (BldPrDia <= 68.277))
",-9999999.000,-9999999.000,0.000,0.000,1.000,1,0,0,2,3,0,1,2,0.3333333333333333,0.0,0.0,1.0,0.3333333333333333,0.6666666666666667,-1
"((Pt_GrandchildT1D <= 0.000) U[0,1] (age >= 8.492))
",-9999999.000,-9999999.000,0.000,0.000,1.000,1,0,0,2,3,0,1,2,0.3333333333333333,0.0,0.0,1.0,0.3333333333333333,0.6666666666666667,-1
"((BldPrDia <= 77.596) U[1,1] (WeightKg >= 46.412))
",77.596,77.596,0.000,0.000,1.000,1,0,0,2,3,0,1,2,0.3333333333333333,0.0,0.0,1.0,0.3333333333333333,0.6666666666666667,-1
"((BldPrDia <= 75.860) U[1,1] (BldPrSys <= 123.237))
",123.237,123.237,0.000,0.000,1.000,1,0,0,2,3,0,1,2,0.3333333333333333,0.0,0.0,1.0,0.3333333333333333,0.6666666666666667,-1
"((BldPrDia >= 66.720) U[0,0] (UnitsInsBasalOrLongAct >= 11.014))
",30.158,37.613,0.000,0.000,1.000,1,0,0,2,3,0,1,2,0.3333333333333333,0.0,0.0,1.0,0.3333333333333333,0.6666666666666667,-1
"((BGTestAvgNumPtRep <= 4.350) U[1,2] (NumPumpBolusOrShortAct <= 2.509))
",-9999999.000,-9999999.000,0.000,0.000,1.000,1,0,0,2,3,0,1,2,0.3333333333333333,0.0,0.0,1.0,0.3333333333333333,0.6666666666666667,-1
"F[0,1](((bmiZscore >= 1.703 | diabDur <= 4.768) -> AutonomicNeuroCl >= 2.946) & NumPumpBolusOrShortAct <= 4.615)
",-9999999.000,-9999999.000,0.000,0.000,1.000,1,0,0,2,3,0,1,2,0.3333333333333333,0.0,0.0,1.0,0.3333333333333333,0.6666666666666667,-1
"F[0,1]((AlbCreatRat_mggNew <= 2.003 -> bmiPerc <= 0.982) | Triglyc >= 0.967)
",-9999999.000,-9999999.000,0.000,0.000,1.000,1,0,0,2,3,0,1,2,0.3333333333333333,0.0,0.0,1.0,0.3333333333333333,0.6666666666666667,-1
"F[0,0](BldPrDia >= 63.441 | HeightCm >= 143.591)
",32.787,40.892,0.000,0.000,1.000,1,0,0,2,3,0,1,2,0.3333333333333333,0.0,0.0,1.0,0.3333333333333333,0.6666666666666667,-1
"((bmiZscore >= 1.865) U[1,1] (NumPumpBolusOrShortAct <= 2.801))
",6307455028945053.000,2.801,0.000,0.000,1.000,1,0,0,2,3,0,1,2,0.3333333333333333,0.0,0.0,1.0,0.3333333333333333,0.6666666666666667,-1
"((TSH <= 1.229) U[1,2] (TotChol <= 0.000))
",-9999999.000,-9999999.000,0.000,0.000,1.000,1,0,0,2,3,0,1,2,0.3333333333333333,0.0,0.0,1.0,0.3333333333333333,0.6666666666666667,-1
"F[1,1](bmi <= 24.581 & LDL <= 108.501)
",24.581,24.581,0.000,0.000,1.000,1,0,0,2,3,0,1,2,0.3333333333333333,0.0,0.0,1.0,0.3333333333333333,0.6666666666666667,-1
"G[0,1]((Pt_SHFlg <= 0.000 -> HbA1c <= 9.018) & AutonomicNeuroCl <= 9.496)
",9999999.000,9999999.000,0.000,1.000,0.000,1,0,0,2,3,0,1,2,0.3333333333333333,0.0,0.0,1.0,0.3333333333333333,0.6666666666666667,1
"G[0,0]((BGTestAvgNumMeter >= 3.861 -> TotalDailyInsPerKg >= 0.770) | age <= 0.883)
",0.883,0.883,0.000,1.000,0.000,1,0,0,2,3,0,1,2,0.3333333333333333,0.0,0.0,1.0,0.3333333333333333,0.6666666666666667,1
"G[1,1](GFR <= 0.000 -> BUN >= 1.629)
",0.000,0.000,0.000,1.000,0.000,1,0,0,2,3,0,1,2,0.3333333333333333,0.0,0.0,1.0,0.3333333333333333,0.6666666666666667,1
"G[1,1](bmiZscore >= 1.934 & AlbCreatRat_mggNew >= 0.125)
",-1.934,-1.934,0.000,1.000,0.000,1,0,0,2,3,0,1,2,0.3333333333333333,0.0,0.0,1.0,0.3333333333333333,0.6666666666666667,1
"G[0,1](TSH > 0.521 & Pt_SHFlg = 0.000)
",9999999.000,9999999.000,0.000,1.000,0.000,1,0,0,2,3,0,1,2,0.3333333333333333,0.0,0.0,1.0,0.3333333333333333,0.6666666666666667,1
"G[0,0](((TSH >= 0.107 -> UnitsInsBasalOrLongAct >= 18.601) | BldPrDia <= 25.134) -> HDL >= 12.994)
",4.768,3.893,0.000,1.000,0.000,1,0,0,2,3,0,1,2,0.3333333333333333,0.0,0.0,1.0,0.3333333333333333,0.6666666666666667,1
"G[0,0](GFR <= 0.000 -> BUN >= 2.994)
",8.744,2.005,0.000,1.000,0.000,1,0,0,2,3,0,1,2,0.3333333333333333,0.0,0.0,1.0,0.3333333333333333,0.6666666666666667,1
"G[1,1](((AlbCreatRat_mggNew >= 0.438 & TSH <= 1.957) -> TotChol >= 0.426) -> Pt_GrandparentT1D >= 0.231)
",-0.426,-0.426,0.000,1.000,0.000,1,0,0,2,3,0,1,2,0.3333333333333333,0.0,0.0,1.0,0.3333333333333333,0.6666666666666667,1
"G[0,1](BldPrDia > 65.754 & Pt_SHFlg = 0.000)
",9999999.000,9999999.000,0.000,1.000,0.000,1,0,0,2,3,0,1,2,0.3333333333333333,0.0,0.0,1.0,0.3333333333333333,0.6666666666666667,1
"G[0,1](bmiZscore <= 1.977 | TSH >= 0.400)
",9999999.000,9999999.000,0.000,1.000,0.000,1,0,0,2,3,0,1,2,0.3333333333333333,0.0,0.0,1.0,0.3333333333333333,0.6666666666666667,1
"G[0,1](((BldPrSys <= 140.823 & HeightCm >= 134.470) & AutonomicNeuroCl <= 160.986) | Pt_MotherT1D >= 132.655)
",9999999.000,9999999.000,0.000,1.000,0.000,1,0,0,2,3,0,1,2,0.3333333333333333,0.0,0.0,1.0,0.3333333333333333,0.6666666666666667,1
"G[0,1](BGTestAvgNumMeter <= 4.150 & bmi >= 21.222)
",9999999.000,9999999.000,0.000,1.000,0.000,1,0,0,2,3,0,1,2,0.3333333333333333,0.0,0.0,1.0,0.3333333333333333,0.6666666666666667,1
"G[0,1]((WeightKg >= 43.699 | bmi >= 22.364) -> UnitsInsBasalOrLongAct <= 24.673)
",9999999.000,9999999.000,0.000,1.000,0.000,1,0,0,2,3,0,1,2,0.3333333333333333,0.0,0.0,1.0,0.3333333333333333,0.6666666666666667,1
"G[1,1](GFR <= 0.000 -> BUN >= 2.882)
",0.000,0.000,0.000,1.000,0.000,1,0,0,2,3,0,1,2,0.3333333333333333,0.0,0.0,1.0,0.3333333333333333,0.6666666666666667,1
"G[0,0]((Pt_GrandchildT1D <= 0.000 & Pt_GrandparentT1D >= 0.000) -> NumPumpBolusOrShortAct <= 0.000)
",0.000,0.000,0.000,1.000,0.000,1,0,0,2,3,0,1,2,0.3333333333333333,0.0,0.0,1.0,0.3333333333333333,0.6666666666666667,1
"G[0,1](((Pt_GrandchildT1D >= 0.000 -> bmiZscore <= 2.075) & BGTestAvgNumMeter >= 1.862) & Pt_SiblingT1D <= 2.082)
",9999999.000,9999999.000,0.000,1.000,0.000,1,0,0,2,3,0,1,2,0.3333333333333333,0.0,0.0,1.0,0.3333333333333333,0.6666666666666667,1
"G[0,1](((bmiPerc >= 0.967 & SMBGperDayPtMeterCombo <= 4.533) & HDL <= 4.022) & bmiPerc <= 4.688)
",9999999.000,9999999.000,0.000,1.000,0.000,1,0,0,2,3,0,1,2,0.3333333333333333,0.0,0.0,1.0,0.3333333333333333,0.6666666666666667,1
"G[1,1](GFR <= 0.000 -> BUN >= 3.057)
",0.000,0.000,0.000,1.000,0.000,1,0,0,2,3,0,1,2,0.3333333333333333,0.0,0.0,1.0,0.3333333333333333,0.6666666666666667,1
"F[1,1](((age <= 11.450 | age <= 11.963) -> AlbCreatRat_mggNew >= 8.165) | Pt_MotherT1D <= 11.110)
",11.110,11.110,0.000,0.000,1.000,0,0,0,3,3,0,0,3,0.0,0.0,0.0,0.0,0.0,1.0,-1
"((NumPumpBolusOrShortAct >= 0.275) U[0,2] (BldPrDia >= 64.540))
",-9999999.000,-9999999.000,0.000,0.000,1.000,0,0,0,3,3,0,0,3,0.0,0.0,0.0,0.0,0.0,1.0,-1
"F[0,1](Pt_A1cGoalLev <= 0.000 -> Pt_InsGov <= 0.000)
",-9999999.000,-9999999.000,0.000,0.000,1.000,0,0,0,3,3,0,0,3,0.0,0.0,0.0,0.0,0.0,1.0,-1
"F[0,1](((HbA1cImputeDtMnC <= 41.452 & age >= 9.189) -> UnitsInsBasalOrLongAct >= 7.396) & NumPumpBolusOrShortAct <= 10.387)
",-9999999.000,-9999999.000,0.000,0.000,1.000,0,0,0,3,3,0,0,3,0.0,0.0,0.0,0.0,0.0,1.0,-1
"F[0,2]((diagAgeCombo >= 4.000 & bmiZscore <= 2.126) | Pt_CGMUseNumDays <= 2.049)
",-9999999.000,-9999999.000,0.000,0.000,1.000,0,0,0,3,3,0,0,3,0.0,0.0,0.0,0.0,0.0,1.0,-1
"F[1,2](((Pt_DKAFlg <= 0.000 -> Pt_SHFlg <= 0.000) -> bmiZscore >= 0.000) & Pt_DKAFlg <= 0.000)
",-9999999.000,-9999999.000,0.000,0.000,1.000,0,0,0,3,3,0,0,3,0.0,0.0,0.0,0.0,0.0,1.0,-1
"F[1,2]((TotChol >= 0.000 -> HDL >= 5.447) & Pt_MotherT1D >= 2.870)
",-9999999.000,-9999999.000,0.000,0.000,1.000,0,0,0,3,3,0,0,3,0.0,0.0,0.0,0.0,0.0,1.0,-1
"F[2,2](((BldPrDia <= 72.254 & HbA1c <= 9.107) -> bmi >= 8.447) -> BldPrSys >= 8.648)
",8.648,8.648,0.000,0.000,1.000,0,0,0,3,3,0,0,3,0.0,0.0,0.0,0.0,0.0,1.0,-1
"((SMBGperDayPtMeterCombo >= 3.977) U[0,2] (BldPrDia >= 62.646))
",-9999999.000,-9999999.000,0.000,0.000,1.000,0,0,0,3,3,0,0,3,0.0,0.0,0.0,0.0,0.0,1.0,-1
"F[1,2](((bmi >= 22.950 -> WeightKg >= 45.080) | AutonomicNeuroCl >= 51.642) & HDL >= 43.978)
",-9999999.000,-9999999.000,0.000,0.000,1.000,0,0,0,3,3,0,0,3,0.0,0.0,0.0,0.0,0.0,1.0,-1
"((Pt_InsGov >= 0.000) U[1,2] (Pt_SHFlg = 0.000))
",-9999999.000,-9999999.000,0.000,0.000,1.000,0,0,0,3,3,0,0,3,0.0,0.0,0.0,0.0,0.0,1.0,-1
"((Pt_A1cGoalLevelDsYr5 <= 0.000) U[0,1] (Pt_SHFlg = 0.000))
",-9999999.000,-9999999.000,0.000,0.000,1.000,0,0,0,3,3,0,0,3,0.0,0.0,0.0,0.0,0.0,1.0,-1
"((TotChol <= 0.000) U[1,1] (Pt_SHFlg = 0.000))
",0.000,0.000,0.000,0.000,1.000,0,0,0,3,3,0,0,3,0.0,0.0,0.0,0.0,0.0,1.0,-1
"((Triglyc <= 47.732) U[0,2] (Pt_SHFlg = 0.000))
",-9999999.000,-9999999.000,0.000,0.000,1.000,0,0,0,3,3,0,0,3,0.0,0.0,0.0,0.0,0.0,1.0,-1
"((LDL < 45.465) U[0,2] (Pt_SHFlg = 0.000))
",-9999999.000,-9999999.000,0.000,0.000,1.000,0,0,0,3,3,0,0,3,0.0,0.0,0.0,0.0,0.0,1.0,-1
"((Pt_DKAFlg >= 0.000) U[0,1] (Pt_SHFlg = 0.000))
",-9999999.000,-9999999.000,0.000,0.000,1.000,0,0,0,3,3,0,0,3,0.0,0.0,0.0,0.0,0.0,1.0,-1
"F[0,1](HbA1cImputeDtMnC <= 48.874 -> HeightCm >= 127.590)
",-9999999.000,-9999999.000,0.000,0.000,1.000,0,0,0,3,3,0,0,3,0.0,0.0,0.0,0.0,0.0,1.0,-1
"F[2,2]((age <= 11.397 & WeightKg >= 41.834) | Pt_GrandchildT1D <= 69.374)
",69.374,69.374,0.000,0.000,1.000,0,0,0,3,3,0,0,3,0.0,0.0,0.0,0.0,0.0,1.0,-1
"F[1,2](diagAgeCombo < 4.000 & Pt_SHFlg = 0.000)
",-9999999.000,-9999999.000,0.000,0.000,1.000,0,0,0,3,3,0,0,3,0.0,0.0,0.0,0.0,0.0,1.0,-1
"F[0,2](((Pt_GrandchildT1D >= 0.000 | WeightKg >= 36.283) -> Pt_InsGov <= 61.980) | HbA1cImputeDtMnC <= 57.490)
",-9999999.000,-9999999.000,0.000,0.000,1.000,0,0,0,3,3,0,0,3,0.0,0.0,0.0,0.0,0.0,1.0,-1
"((Pt_GrandchildT1D >= 0.000) U[1,2] (WeightKg >= 51.825))
",-9999999.000,-9999999.000,0.000,0.000,1.000,0,0,0,3,3,0,0,3,0.0,0.0,0.0,0.0,0.0,1.0,-1
"F[1,1]((Triglyc >= 3.729 | HDL <= 54.038) & HbA1c <= 51.736)
",51.736,51.736,0.000,0.000,1.000,0,0,0,3,3,0,0,3,0.0,0.0,0.0,0.0,0.0,1.0,-1
"F[0,2](((diabDur >= 4.259 | Pt_GrandparentT1D >= 0.000) | NumPumpBolusOrShortAct >= 0.000) & HbA1c >= 0.000)
",-9999999.000,-9999999.000,0.000,0.000,1.000,0,0,0,3,3,0,0,3,0.0,0.0,0.0,0.0,0.0,1.0,-1
"F[1,2](diabDur >= 4.224 | AutonomicNeuroCl >= 0.000)
",-9999999.000,-9999999.000,0.000,0.000,1.000,0,0,0,3,3,0,0,3,0.0,0.0,0.0,0.0,0.0,1.0,-1
"F[0,0](Pt_SiblingT1D >= 0.000 | HbA1cImputeDtMnC <= 50.820)
",48.820,48.820,0.000,0.000,1.000,0,0,0,3,3,0,0,3,0.0,0.0,0.0,0.0,0.0,1.0,-1
"F[0,2](((Pt_A1cGoalLev >= 0.000 | BUN <= 8.769) & HbA1c <= 9.690) -> DirectLDL <= 8.561)
",-9999999.000,-9999999.000,0.000,0.000,1.000,0,0,0,3,3,0,0,3,0.0,0.0,0.0,0.0,0.0,1.0,-1
"F[0,1](((Pt_SiblingT1D <= 0.000 | BldPrSys >= 106.182) & GFR <= 116.034) & UnitsInsBasalOrLongAct <= 112.132)
",-9999999.000,-9999999.000,0.000,0.000,1.000,0,0,0,3,3,0,0,3,0.0,0.0,0.0,0.0,0.0,1.0,-1
"F[1,1]((TSH >= 0.668 -> NumPumpBolusOrShortAct <= 2.996) | BGTestAvgNumMeter >= 0.334)
",-0.334,-0.334,0.000,0.000,1.000,0,0,0,3,3,0,0,3,0.0,0.0,0.0,0.0,0.0,1.0,-1
"F[0,0](((HbA1c >= 8.761 -> Pt_FatherT1D >= 0.000) | GFR <= 0.000) | Pt_DKAFlg >= 0.000)
",0.000,0.000,0.000,0.000,1.000,0,0,0,3,3,0,0,3,0.0,0.0,0.0,0.0,0.0,1.0,-1
"F[1,2](Pt_DKAFlg >= 0.000 -> TotChol >= 0.000)
",-9999999.000,-9999999.000,0.000,0.000,1.000,0,0,0,3,3,0,0,3,0.0,0.0,0.0,0.0,0.0,1.0,-1
"F[1,2](Pt_MotherT1D >= 0.000 -> HDL >= 4.743)
",-9999999.000,-9999999.000,0.000,0.000,1.000,0,0,0,3,3,0,0,3,0.0,0.0,0.0,0.0,0.0,1.0,-1
"((LDL <= 28.927) U[0,0] (Pt_A1cGoalLev >= 0.000))
",1163.753,28.005,0.000,0.000,1.000,0,0,0,3,3,0,0,3,0.0,0.0,0.0,0.0,0.0,1.0,-1
"F[0,2](GFR <= 0.000 -> LDL <= 109.705)
",-9999999.000,-9999999.000,0.000,0.000,1.000,0,0,0,3,3,0,0,3,0.0,0.0,0.0,0.0,0.0,1.0,-1
"F[2,2]((SMBGperDayPtMeterCombo <= 4.401 & Pt_ChildT1D >= 0.000) -> Pt_SHFlg >= 0.000)
",0.000,0.000,0.000,0.000,1.000,0,0,0,3,3,0,0,3,0.0,0.0,0.0,0.0,0.0,1.0,-1
"F[0,2](TotalDailyInsPerKg >= 0.710 -> Pt_SiblingT1D <= 0.000)
",-9999999.000,-9999999.000,0.000,0.000,1.000,0,0,0,3,3,0,0,3,0.0,0.0,0.0,0.0,0.0,1.0,-1
"F[0,0](bmiZscore <= 2.151 -> Pt_SHFlg = 0.000)
",-79.744,-1.177,0.000,0.000,1.000,0,0,0,3,3,0,0,3,0.0,0.0,0.0,0.0,0.0,1.0,-1
"F[1,1](((HbA1c <= 9.025 -> Pt_SHFlg <= 0.000) & WeightKg >= 0.000) -> Pt_MotherT1D >= 0.000)
",0.000,0.000,0.000,0.000,1.000,0,0,0,3,3,0,0,3,0.0,0.0,0.0,0.0,0.0,1.0,-1
"F[0,2]((age >= 7.022 | BldPrDia <= 70.370) & Pt_MotherT1D >= 62.931)
",-9999999.000,-9999999.000,0.000,0.000,1.000,0,0,0,3,3,0,0,3,0.0,0.0,0.0,0.0,0.0,1.0,-1
"F[2,2]((HbA1cImputeDtMnC >= 24.158 -> Pt_GrandchildT1D <= 0.000) -> Pt_MotherT1D <= 0.000)
",0.000,0.000,0.000,0.000,1.000,0,0,0,3,3,0,0,3,0.0,0.0,0.0,0.0,0.0,1.0,-1
"F[1,2](bmi <= 24.843 -> NumPumpBolusOrShortAct <= 1.929)
",-9999999.000,-9999999.000,0.000,0.000,1.000,0,0,0,3,3,0,0,3,0.0,0.0,0.0,0.0,0.0,1.0,-1
"F[0,0]((Pt_MotherT1D <= 0.000 & AutonomicNeuroCl >= 0.000) | NumPumpBolusOrShortAct <= 0.000)
",0.000,0.000,0.000,0.000,1.000,0,0,0,3,3,0,0,3,0.0,0.0,0.0,0.0,0.0,1.0,-1
"F[0,2](((diagAgeCombo >= 4.000 | TSH <= 1.252) | GFR >= 0.587) | BGTestAvgNumMeter >= 0.052)
",-9999999.000,-9999999.000,0.000,0.000,1.000,0,0,0,3,3,0,0,3,0.0,0.0,0.0,0.0,0.0,1.0,-1
"F[1,2]((LDL <= 31.239 | TotChol <= 0.000) -> Pt_InsGov <= 0.000)
",-9999999.000,-9999999.000,0.000,0.000,1.000,0,0,0,3,3,0,0,3,0.0,0.0,0.0,0.0,0.0,1.0,-1
"F[0,1](Pt_SiblingT1D >= 0.000 | bmi <= 26.370)
",-9999999.000,-9999999.000,0.000,0.000,1.000,0,0,0,3,3,0,0,3,0.0,0.0,0.0,0.0,0.0,1.0,-1
"F[0,0]((BUN >= 3.393 | BGTestAvgNumMeter >= 3.952) | Pt_ChildT1D <= 4.371)
",17.411,21.715,0.000,0.000,1.000,0,0,0,3,3,0,0,3,0.0,0.0,0.0,0.0,0.0,1.0,-1
"F[0,2](((LDL <= 66.935 | TSH <= 1.160) -> BGTestAvgNumPtRep >= 0.445) -> BGTestAvgNumMeter >= 0.462)
",-9999999.000,-9999999.000,0.000,0.000,1.000,0,0,0,3,3,0,0,3,0.0,0.0,0.0,0.0,0.0,1.0,-1
"((AutonomicNeuroCl <= 0.000) U[0,1] (TotChol <= 0.000))
",-9999999.000,-9999999.000,0.000,0.000,1.000,0,0,0,3,3,0,0,3,0.0,0.0,0.0,0.0,0.0,1.0,-1
"F[0,2]((BldPrDia <= 69.721 & bmiZscore >= 1.869) & BUN >= 1.943)
",-9999999.000,-9999999.000,0.000,0.000,1.000,0,0,0,3,3,0,0,3,0.0,0.0,0.0,0.0,0.0,1.0,-1
"F[1,2]((BUN >= 3.179 | Pt_GrandparentT1D >= 0.000) | bmi <= 0.000)
",-9999999.000,-9999999.000,0.000,0.000,1.000,0,0,0,3,3,0,0,3,0.0,0.0,0.0,0.0,0.0,1.0,-1
"((WeightKg <= 66.736) U[1,2] (Pt_MotherT1D >= 0.000))
",-9999999.000,-9999999.000,0.000,0.000,1.000,0,0,0,3,3,0,0,3,0.0,0.0,0.0,0.0,0.0,1.0,-1
"((Pt_InsGov <= 0.000) U[0,2] (Pt_SiblingT1D >= 0.000))
",-9999999.000,-9999999.000,0.000,0.000,1.000,0,0,0,3,3,0,0,3,0.0,0.0,0.0,0.0,0.0,1.0,-1
"F[0,1]((Pt_GrandchildT1D <= 0.000 & Pt_GrandparentT1D >= 0.000) -> TSH >= 0.000)
",-9999999.000,-9999999.000,0.000,0.000,1.000,0,0,0,3,3,0,0,3,0.0,0.0,0.0,0.0,0.0,1.0,-1
"F[0,1](((age <= 10.786 -> Pt_GrandchildT1D >= 0.000) -> SMBGperDayPtMeterCombo >= 0.000) -> GFR >= 0.000)
",-9999999.000,-9999999.000,0.000,0.000,1.000,0,0,0,3,3,0,0,3,0.0,0.0,0.0,0.0,0.0,1.0,-1
"F[0,0]((BUN >= 2.044 | TSH >= 0.334) -> Pt_SiblingT1D <= 1.542)
",-4.490,-3.666,0.000,0.000,1.000,0,0,0,3,3,0,0,3,0.0,0.0,0.0,0.0,0.0,1.0,-1
"F[0,0](Pt_MotherT1D >= 0.000 | Pt_FatherT1D >= 0.000)
",0.000,0.000,0.000,0.000,1.000,0,0,0,3,3,0,0,3,0.0,0.0,0.0,0.0,0.0,1.0,-1
"F[1,1]((bmiZscore >= 1.746 -> TotChol <= 0.000) -> AutonomicNeuroCl <= 0.000)
",0.000,0.000,0.000,0.000,1.000,0,0,0,3,3,0,0,3,0.0,0.0,0.0,0.0,0.0,1.0,-1
"F[0,2]((HbA1c <= 9.211 -> bmiZscore >= 1.762) & TotChol >= 1.814)
",-9999999.000,-9999999.000,0.000,0.000,1.000,0,0,0,3,3,0,0,3,0.0,0.0,0.0,0.0,0.0,1.0,-1
"F[1,2](((bmiPerc <= 0.979 & HeightCm >= 135.782) -> Pt_SiblingT1D >= 143.350) | TSH >= 144.767)
",-9999999.000,-9999999.000,0.000,0.000,1.000,0,0,0,3,3,0,0,3,0.0,0.0,0.0,0.0,0.0,1.0,-1
"F[0,2](((Pt_SHFlg >= 0.000 | Pt_InsGov <= 0.000) -> bmi >= 0.000) -> LDL >= 0.000)
",-9999999.000,-9999999.000,0.000,0.000,1.000,0,0,0,3,3,0,0,3,0.0,0.0,0.0,0.0,0.0,1.0,-1
"F[1,2]((BGTestAvgNumMeter >= 3.178 & BldPrSys >= 111.321) -> GFR >= 108.491)
",-9999999.000,-9999999.000,0.000,0.000,1.000,0,0,0,3,3,0,0,3,0.0,0.0,0.0,0.0,0.0,1.0,-1
"F[0,0](BUN <= 5.335 -> Pt_CGMUseNumDays >= 0.000)
",-15068.000,-15068.000,0.000,0.000,1.000,0,0,0,3,3,0,0,3,0.0,0.0,0.0,0.0,0.0,1.0,-1
"F[0,1](GFR <= 0.000 -> Pt_GrandchildT1D <= 0.000)
",-9999999.000,-9999999.000,0.000,0.000,1.000,0,0,0,3,3,0,0,3,0.0,0.0,0.0,0.0,0.0,1.0,-1
"((HDL <= 32.461) U[0,1] (Pt_SHFlg <= 0.000))
",-9999999.000,-9999999.000,0.000,0.000,1.000,0,0,0,3,3,0,0,3,0.0,0.0,0.0,0.0,0.0,1.0,-1
"F[0,1](((TSH >= 0.162 | Pt_A1cGoalLev <= 0.000) & Pt_FatherT1D <= 0.000) | Pt_InsGov <= 0.000)
",-9999999.000,-9999999.000,0.000,0.000,1.000,0,0,0,3,3,0,0,3,0.0,0.0,0.0,0.0,0.0,1.0,-1
"F[0,2](diabDur <= 5.425 | Pt_A1cGoalLev >= 0.000)
",-9999999.000,-9999999.000,0.000,0.000,1.000,0,0,0,3,3,0,0,3,0.0,0.0,0.0,0.0,0.0,1.0,-1
"F[0,1]((WeightKg >= 36.657 | HbA1c <= 8.980) | age >= 8.518)
",-9999999.000,-9999999.000,0.000,0.000,1.000,0,0,0,3,3,0,0,3,0.0,0.0,0.0,0.0,0.0,1.0,-1
"F[0,2]((Pt_GrandchildT1D >= 0.000 & Pt_SHFlg >= 0.000) & BldPrSys >= 0.000)
",-9999999.000,-9999999.000,0.000,0.000,1.000,0,0,0,3,3,0,0,3,0.0,0.0,0.0,0.0,0.0,1.0,-1
"((NumPumpBolusOrShortAct >= 0.807) U[0,0] (BldPrDia >= 61.938))
",33.992,42.395,0.000,0.000,1.000,0,0,0,3,3,0,0,3,0.0,0.0,0.0,0.0,0.0,1.0,-1
"F[0,1]((UnitsInsBasalOrLongAct >= 6.696 & AutonomicNeuroCl >= 0.000) -> BUN >= 0.000)
",-9999999.000,-9999999.000,0.000,0.000,1.000,0,0,0,3,3,0,0,3,0.0,0.0,0.0,0.0,0.0,1.0,-1
"F[1,2](((Pt_FatherT1D >= 0.000 & Pt_InsGov >= 0.000) -> TSH <= 0.000) | SMBGperDayPtMeterCombo <= 0.000)
",-9999999.000,-9999999.000,0.000,0.000,1.000,0,0,0,3,3,0,0,3,0.0,0.0,0.0,0.0,0.0,1.0,-1
"F[1,1]((diabDur >= 2.839 | bmi <= 25.521) -> HbA1c <= 23.613)
",-7183619699141619.000,-25.521,0.000,0.000,1.000,0,0,0,3,3,0,0,3,0.0,0.0,0.0,0.0,0.0,1.0,-1
"F[0,1]((BldPrDia <= 77.337 -> GFR <= 0.000) | BldPrDia <= 0.000)
",-9999999.000,-9999999.000,0.000,0.000,1.000,0,0,0,3,3,0,0,3,0.0,0.0,0.0,0.0,0.0,1.0,-1
"((GFR >= 0.000) U[1,2] (HbA1cImputeDtMnC <= 37.098))
",-9999999.000,-9999999.000,0.000,0.000,1.000,0,0,0,3,3,0,0,3,0.0,0.0,0.0,0.0,0.0,1.0,-1
"F[0,2](((Pt_InsGov <= 0.000 | Pt_A1cGoalLev <= 0.000) | Pt_DKAFlg >= 0.000) -> Pt_MotherT1D >= 0.000)
",-9999999.000,-9999999.000,0.000,0.000,1.000,0,0,0,3,3,0,0,3,0.0,0.0,0.0,0.0,0.0,1.0,-1
"((HbA1cImputeDtMnC <= 49.891) U[2,2] (Pt_GrandparentT1D <= 0.000))
",49.891,49.891,0.000,0.000,1.000,0,0,0,3,3,0,0,3,0.0,0.0,0.0,0.0,0.0,1.0,-1
"F[0,0](SMBGperDayPtMeterCombo >= 3.852 | Pt_A1cGoalLevelDsYr5 >= 0.000)
",122.643,57.814,0.000,0.000,1.000,0,0,0,3,3,0,0,3,0.0,0.0,0.0,0.0,0.0,1.0,-1
"F[0,0]((BldPrDia <= 84.063 -> Pt_GrandchildT1D <= 0.000) | TotalDailyInsPerKg <= 0.000)
",0.000,0.000,0.000,0.000,1.000,0,0,0,3,3,0,0,3,0.0,0.0,0.0,0.0,0.0,1.0,-1
"F[0,2]((BGTestAvgNumPtRep >= 3.118 -> Pt_GrandparentT1D >= 0.000) -> bmiPerc <= 0.000)
",-9999999.000,-9999999.000,0.000,0.000,1.000,0,0,0,3,3,0,0,3,0.0,0.0,0.0,0.0,0.0,1.0,-1
"F[0,0](Triglyc <= 68.003 -> Pt_FatherT1D >= 0.000)
",-68.003,-68.003,0.000,0.000,1.000,0,0,0,3,3,0,0,3,0.0,0.0,0.0,0.0,0.0,1.0,-1
"F[1,1]((TotChol <= 0.000 & AutonomicNeuroCl >= 0.000) | HbA1cImputeDtMnC <= 0.000)
",0.000,0.000,0.000,0.000,1.000,0,0,0,3,3,0,0,3,0.0,0.0,0.0,0.0,0.0,1.0,-1
"F[0,1](((age >= 7.008 & Pt_MotherT1D >= 0.000) -> Pt_A1cGoalLevelDsYr5 <= 0.000) | BldPrDia >= 0.000)
",-9999999.000,-9999999.000,0.000,0.000,1.000,0,0,0,3,3,0,0,3,0.0,0.0,0.0,0.0,0.0,1.0,-1
"F[0,2](UnitsInsBasalOrLongAct >= 5.834 -> Pt_SHFlg = 0.000)
",-9999999.000,-9999999.000,0.000,0.000,1.000,0,0,0,3,3,0,0,3,0.0,0.0,0.0,0.0,0.0,1.0,-1
"F[0,2](((bmi >= 21.216 | diabDur <= 5.088) -> Pt_CGMUseNumDays >= 3.716) | HDL >= 2.531)
",-9999999.000,-9999999.000,0.000,0.000,1.000,0,0,0,3,3,0,0,3,0.0,0.0,0.0,0.0,0.0,1.0,-1
"F[0,2](LDL < 87.196 -> Pt_SHFlg = 0.000)
",-9999999.000,-9999999.000,0.000,0.000,1.000,0,0,0,3,3,0,0,3,0.0,0.0,0.0,0.0,0.0,1.0,-1
"F[1,1](((TotalDailyInsPerKg <= 0.851 -> Pt_GrandchildT1D >= 0.000) -> age <= 0.000) | Pt_GrandparentT1D >= 0.000)
",0.000,0.000,0.000,0.000,1.000,0,0,0,3,3,0,0,3,0.0,0.0,0.0,0.0,0.0,1.0,-1
"F[0,1](((BldPrSys <= 143.176 | LDL <= 30.171) -> bmiZscore <= 51.441) | Pt_A1cGoalLevelDsYr5 >= 0.557)
",-9999999.000,-9999999.000,0.000,0.000,1.000,0,0,0,3,3,0,0,3,0.0,0.0,0.0,0.0,0.0,1.0,-1
"((BldPrSys >= 111.371) U[2,2] (Triglyc <= 60.093))
",60.093,60.093,0.000,0.000,1.000,0,0,0,3,3,0,0,3,0.0,0.0,0.0,0.0,0.0,1.0,-1
"F[0,2]((Pt_CGMUseNumDays <= 0.000 | Pt_CGMUseNumDays >= 0.000) | HbA1cImputeDtMnC <= 0.000)
",-9999999.000,-9999999.000,0.000,0.000,1.000,0,0,0,3,3,0,0,3,0.0,0.0,0.0,0.0,0.0,1.0,-1
"((diagAgeCombo >= 4.000) U[1,2] (HbA1c >= 8.937))
",-9999999.000,-9999999.000,0.000,0.000,1.000,0,0,0,3,3,0,0,3,0.0,0.0,0.0,0.0,0.0,1.0,-1
"((BGTestAvgNumMeter >= 3.117) U[0,2] (BGTestAvgNumPtRep <= 4.511))
",-9999999.000,-9999999.000,0.000,0.000,1.000,0,0,0,3,3,0,0,3,0.0,0.0,0.0,0.0,0.0,1.0,-1
"((Pt_CGMUseNumDays >= 0.000) U[2,2] (AutonomicNeuroCl <= 0.000))
",0.000,0.000,0.000,0.000,1.000,0,0,0,3,3,0,0,3,0.0,0.0,0.0,0.0,0.0,1.0,-1
"F[0,2]((Pt_CGMUseNumDays >= 0.000 | Pt_MotherT1D <= 0.000) & Pt_SHFlg >= 0.000)
",-9999999.000,-9999999.000,0.000,0.000,1.000,0,0,0,3,3,0,0,3,0.0,0.0,0.0,0.0,0.0,1.0,-1
"F[0,1](BldPrSys >= 109.418 -> Triglyc >= 13.038)
",-9999999.000,-9999999.000,0.000,0.000,1.000,0,0,0,3,3,0,0,3,0.0,0.0,0.0,0.0,0.0,1.0,-1
"F[1,2](AlbCreatRat_mggNew <= 2.952 -> BGTestAvgNumMeter >= 3.123)
",-9999999.000,-9999999.000,0.000,0.000,1.000,0,0,0,3,3,0,0,3,0.0,0.0,0.0,0.0,0.0,1.0,-1
"((Pt_A1cGoalLev >= 0.000) U[0,1] (Pt_GrandparentT1D >= 0.000))
",-9999999.000,-9999999.000,0.000,0.000,1.000,0,0,0,3,3,0,0,3,0.0,0.0,0.0,0.0,0.0,1.0,-1
"F[1,2](((TotalDailyInsPerKg >= 0.783 & Pt_GrandparentT1D <= 0.000) & TSH <= 0.000) | BGTestAvgNumMeter >= 0.000)
",-9999999.000,-9999999.000,0.000,0.000,1.000,0,0,0,3,3,0,0,3,0.0,0.0,0.0,0.0,0.0,1.0,-1
"F[0,1](HeightCm >= 140.588 -> Pt_MotherT1D <= 0.000)
",-9999999.000,-9999999.000,0.000,0.000,1.000,0,0,0,3,3,0,0,3,0.0,0.0,0.0,0.0,0.0,1.0,-1
"F[1,1]((AlbCreatRat_mggNew <= 2.628 | Pt_MotherT1D >= 0.000) -> Pt_FatherT1D >= 0.000)
",-2.628,-2.628,0.000,0.000,1.000,0,0,0,3,3,0,0,3,0.0,0.0,0.0,0.0,0.0,1.0,-1
"((BldPrDia <= 68.953) U[1,1] (HeightCm >= 128.722))
",68.953,68.953,0.000,0.000,1.000,0,0,0,3,3,0,0,3,0.0,0.0,0.0,0.0,0.0,1.0,-1
"F[1,2](HbA1c >= 8.432 & Pt_A1cGoalLevelDsYr5 <= 0.000)
",-9999999.000,-9999999.000,0.000,0.000,1.000,0,0,0,3,3,0,0,3,0.0,0.0,0.0,0.0,0.0,1.0,-1
"F[1,1](((BldPrDia <= 79.543 | NumPumpBolusOrShortAct >= 1.779) -> Pt_SiblingT1D >= 0.502) -> TotChol >= 1.794)
",1.794,1.794,0.000,0.000,1.000,0,0,0,3,3,0,0,3,0.0,0.0,0.0,0.0,0.0,1.0,-1
"F[2,2](((Triglyc <= 32.315 | BGTestAvgNumMeter >= 3.895) -> Pt_GrandparentT1D >= 3.041) | LDL <= 4.745)
",4.745,4.745,0.000,0.000,1.000,0,0,0,3,3,0,0,3,0.0,0.0,0.0,0.0,0.0,1.0,-1
"((BldPrSys <= 116.793) U[1,2] (TSH >= 0.175))
",-9999999.000,-9999999.000,0.000,0.000,1.000,0,0,0,3,3,0,0,3,0.0,0.0,0.0,0.0,0.0,1.0,-1
"F[0,1]((bmi >= 21.823 & Triglyc <= 46.142) -> age >= 7.528)
",-9999999.000,-9999999.000,0.000,0.000,1.000,0,0,0,3,3,0,0,3,0.0,0.0,0.0,0.0,0.0,1.0,-1
"F[1,2](((BGTestAvgNumMeter <= 4.230 | BldPrDia <= 72.470) & BUN <= 78.157) -> Pt_SiblingT1D >= 66.487)
",-9999999.000,-9999999.000,0.000,0.000,1.000,0,0,0,3,3,0,0,3,0.0,0.0,0.0,0.0,0.0,1.0,-1
"F[0,0]((bmi <= 25.036 | HbA1c <= 9.224) -> HeightCm >= 8.765)
",-7.930,-38.669,0.000,0.000,1.000,0,0,0,3,3,0,0,3,0.0,0.0,0.0,0.0,0.0,1.0,-1
"((BldPrDia <= 67.812) U[0,1] (TotalDailyInsPerKg >= 0.829))
",-9999999.000,-9999999.000,0.000,0.000,1.000,0,0,0,3,3,0,0,3,0.0,0.0,0.0,0.0,0.0,1.0,-1
"F[1,1](((BldPrSys >= 107.198 | bmiPerc >= 0.954) & Triglyc >= 0.955) -> GFR <= 0.974)
",-8769338651633907.000,-0.974,0.000,0.000,1.000,0,0,0,3,3,0,0,3,0.0,0.0,0.0,0.0,0.0,1.0,-1
"F[1,2](((LDL >= 3.314 | UnitsInsBasalOrLongAct <= 21.448) -> AlbCreatRat_mggNew >= 19.207) & bmiPerc >= 3.070)
",-9999999.000,-9999999.000,0.000,0.000,1.000,0,0,0,3,3,0,0,3,0.0,0.0,0.0,0.0,0.0,1.0,-1
"F[0,1](((Triglyc >= 0.714 & UnitsInsBasalOrLongAct >= 16.211) | Pt_GrandparentT1D <= 24.766) -> Triglyc <= 21.881)
",-9999999.000,-9999999.000,0.000,0.000,1.000,0,0,0,3,3,0,0,3,0.0,0.0,0.0,0.0,0.0,1.0,-1
"F[0,2]((LDL <= 114.373 | NumPumpBolusOrShortAct >= 0.838) & BUN >= 1.245)
",-9999999.000,-9999999.000,0.000,0.000,1.000,0,0,0,3,3,0,0,3,0.0,0.0,0.0,0.0,0.0,1.0,-1
"F[0,2]((HDL <= 39.162 & NumPumpBolusOrShortAct >= 1.037) & AlbCreatRat_mggNew <= 2.787)
",-9999999.000,-9999999.000,0.000,0.000,1.000,0,0,0,3,3,0,0,3,0.0,0.0,0.0,0.0,0.0,1.0,-1
"F[0,2](((NumPumpBolusOrShortAct <= 2.290 & Triglyc <= 30.817) & Pt_A1cGoalLev <= 33.168) -> Pt_GrandchildT1D >= 8.626)
",-9999999.000,-9999999.000,0.000,0.000,1.000,0,0,0,3,3,0,0,3,0.0,0.0,0.0,0.0,0.0,1.0,-1
"F[1,2](TotalDailyInsPerKg <= 0.865 | TSH >= 0.090)
",-9999999.000,-9999999.000,0.000,0.000,1.000,0,0,0,3,3,0,0,3,0.0,0.0,0.0,0.0,0.0,1.0,-1
"F[1,2](((BldPrDia <= 82.360 & bmiZscore >= 1.701) & AlbCreatRat_mggNew >= 1.801) | HDL <= 2.003)
",-9999999.000,-9999999.000,0.000,0.000,1.000,0,0,0,3,3,0,0,3,0.0,0.0,0.0,0.0,0.0,1.0,-1
"F[1,2](age >= 9.424 | TotalDailyInsPerKg <= 0.925)
",-9999999.000,-9999999.000,0.000,0.000,1.000,0,0,0,3,3,0,0,3,0.0,0.0,0.0,0.0,0.0,1.0,-1
"F[0,1](((HbA1c >= 8.484 & NumPumpBolusOrShortAct <= 2.977) -> BldPrSys >= 1.108) | BGTestAvgNumPtRep <= 2.539)
",-9999999.000,-9999999.000,0.000,0.000,1.000,0,0,0,3,3,0,0,3,0.0,0.0,0.0,0.0,0.0,1.0,-1
"((NumPumpBolusOrShortAct <= 2.673) U[0,1] (Pt_SHFlg = 0.000))
",-9999999.000,-9999999.000,0.000,0.000,1.000,0,0,0,3,3,0,0,3,0.0,0.0,0.0,0.0,0.0,1.0,-1
"F[2,2](AlbCreatRat_mggNew <= 2.444 | UnitsInsBasalOrLongAct >= 3.239)
",2.444,2.444,0.000,0.000,1.000,0,0,0,3,3,0,0,3,0.0,0.0,0.0,0.0,0.0,1.0,-1
"F[0,1](HbA1cImputeDtMnC >= 27.280 -> HDL <= 26.427)
",-9999999.000,-9999999.000,0.000,0.000,1.000,0,0,0,3,3,0,0,3,0.0,0.0,0.0,0.0,0.0,1.0,-1
"F[1,2]((BGTestAvgNumPtRep >= 4.124 -> TSH >= 0.406) -> LDL >= 0.689)
",-9999999.000,-9999999.000,0.000,0.000,1.000,0,0,0,3,3,0,0,3,0.0,0.0,0.0,0.0,0.0,1.0,-1
"F[1,2]((BUN >= 2.076 -> TotalDailyInsPerKg >= 0.735) | bmi >= 0.686)
",-9999999.000,-9999999.000,0.000,0.000,1.000,0,0,0,3,3,0,0,3,0.0,0.0,0.0,0.0,0.0,1.0,-1
"F[1,1]((AlbCreatRat_mggNew <= 0.923 -> HbA1c >= 8.276) & AutonomicNeuroCl <= 9.359)
",-8317604558637957.000,-0.923,0.000,0.000,1.000,0,0,0,3,3,0,0,3,0.0,0.0,0.0,0.0,0.0,1.0,-1
"F[1,2]((Triglyc <= 26.137 & WeightKg >= 33.613) | Pt_GrandparentT1D >= 43.219)
",-9999999.000,-9999999.000,0.000,0.000,1.000,0,0,0,3,3,0,0,3,0.0,0.0,0.0,0.0,0.0,1.0,-1
"F[1,2](((HDL <= 31.695 & WeightKg >= 43.617) & HeightCm <= 61.885) -> age >= 35.681)
",-9999999.000,-9999999.000,0.000,0.000,1.000,0,0,0,3,3,0,0,3,0.0,0.0,0.0,0.0,0.0,1.0,-1
"((HbA1cImputeDtMnC >= 21.064) U[0,1] (LDL <= 35.608))
",-9999999.000,-9999999.000,0.000,0.000,1.000,0,0,0,3,3,0,0,3,0.0,0.0,0.0,0.0,0.0,1.0,-1
"F[1,1]((BUN >= 3.226 -> diabDur >= 2.289) | diabDur >= 3.541)
",2.289,2.289,0.000,0.000,1.000,0,0,0,3,3,0,0,3,0.0,0.0,0.0,0.0,0.0,1.0,-1
"F[1,2](BldPrSys >= 105.347 & UnitsInsBasalOrLongAct <= 24.961)
",-9999999.000,-9999999.000,0.000,0.000,1.000,0,0,0,3,3,0,0,3,0.0,0.0,0.0,0.0,0.0,1.0,-1
"F[0,1]((bmiZscore >= 1.788 & TotalDailyInsPerKg >= 0.663) & LDL <= 0.947)
",-9999999.000,-9999999.000,0.000,0.000,1.000,0,0,0,3,3,0,0,3,0.0,0.0,0.0,0.0,0.0,1.0,-1
"((BGTestAvgNumPtRep <= 4.956) U[0,1] (Triglyc <= 70.356))
",-9999999.000,-9999999.000,0.000,0.000,1.000,0,0,0,3,3,0,0,3,0.0,0.0,0.0,0.0,0.0,1.0,-1
"F[0,0](BGTestAvgNumPtRep >= 3.600 | HDL <= 25.198)
",7092599025828365.000,25.198,0.000,0.000,1.000,0,0,0,3,3,0,0,3,0.0,0.0,0.0,0.0,0.0,1.0,-1
"F[0,2]((BGTestAvgNumPtRep <= 4.777 -> bmi <= 25.698) | TotChol >= 22.931)
",-9999999.000,-9999999.000,0.000,0.000,1.000,0,0,0,3,3,0,0,3,0.0,0.0,0.0,0.0,0.0,1.0,-1
"F[0,1]((BGTestAvgNumMeter <= 4.299 | HbA1cImputeDtMnC >= 29.780) | BGTestAvgNumPtRep <= 46.640)
",-9999999.000,-9999999.000,0.000,0.000,1.000,0,0,0,3,3,0,0,3,0.0,0.0,0.0,0.0,0.0,1.0,-1
"F[1,1](TotalDailyInsPerKg <= 0.867 -> WeightKg >= 48.074)
",-0.867,-0.867,0.000,0.000,1.000,0,0,0,3,3,0,0,3,0.0,0.0,0.0,0.0,0.0,1.0,-1
"F[1,2](HDL <= 12.621 | TotalDailyInsPerKg <= 0.915)
",-9999999.000,-9999999.000,0.000,0.000,1.000,0,0,0,3,3,0,0,3,0.0,0.0,0.0,0.0,0.0,1.0,-1
"((BGTestAvgNumPtRep >= 3.129) U[2,2] (BldPrDia >= 64.820))
",-3.129,-3.129,0.000,0.000,1.000,0,0,0,3,3,0,0,3,0.0,0.0,0.0,0.0,0.0,1.0,-1
"F[1,2]((BUN >= 1.170 -> WeightKg <= 71.317) -> HbA1c <= 60.769)
",-9999999.000,-9999999.000,0.000,0.000,1.000,0,0,0,3,3,0,0,3,0.0,0.0,0.0,0.0,0.0,1.0,-1
"F[1,2](((HbA1cImputeDtMnC >= 18.385 -> UnitsInsBasalOrLongAct <= 21.300) | Pt_MotherT1D >= 14.233) | Pt_CGMUseNumDays >= 1.542)
",-9999999.000,-9999999.000,0.000,0.000,1.000,0,0,0,3,3,0,0,3,0.0,0.0,0.0,0.0,0.0,1.0,-1
"F[0,1]((NumPumpBolusOrShortAct >= 1.049 & TotalDailyInsPerKg >= 0.766) | Pt_MotherT1D >= 0.655)
",-9999999.000,-9999999.000,0.000,0.000,1.000,0,0,0,3,3,0,0,3,0.0,0.0,0.0,0.0,0.0,1.0,-1
"F[1,2]((diabDur <= 5.821 & UnitsInsBasalOrLongAct <= 26.158) | Pt_DKAFlg >= 15.092)
",-9999999.000,-9999999.000,0.000,0.000,1.000,0,0,0,3,3,0,0,3,0.0,0.0,0.0,0.0,0.0,1.0,-1
"F[1,2]((HeightCm <= 163.077 & UnitsInsBasalOrLongAct <= 22.646) & bmiPerc >= 9.522)
",-9999999.000,-9999999.000,0.000,0.000,1.000,0,0,0,3,3,0,0,3,0.0,0.0,0.0,0.0,0.0,1.0,-1
"F[0,1]((bmi <= 24.051 -> UnitsInsBasalOrLongAct <= 24.837) -> Pt_DKAFlg <= 24.798)
",-9999999.000,-9999999.000,0.000,0.000,1.000,0,0,0,3,3,0,0,3,0.0,0.0,0.0,0.0,0.0,1.0,-1
"F[2,2](AlbCreatRat_mggNew >= 0.488 | HeightCm <= 149.561)
",149.561,149.561,0.000,0.000,1.000,0,0,0,3,3,0,0,3,0.0,0.0,0.0,0.0,0.0,1.0,-1
"F[1,2](age >= 7.944 & Triglyc <= 15.312)
",-9999999.000,-9999999.000,0.000,0.000,1.000,0,0,0,3,3,0,0,3,0.0,0.0,0.0,0.0,0.0,1.0,-1
"F[2,2](((BldPrSys <= 123.977 | NumPumpBolusOrShortAct >= 1.375) & Pt_DKAFlg >= 1.395) & Pt_ChildT1D >= 0.831)
",-1.395,-1.395,0.000,0.000,1.000,0,0,0,3,3,0,0,3,0.0,0.0,0.0,0.0,0.0,1.0,-1
"F[1,2](((HbA1c <= 9.257 & LDL <= 69.059) & HeightCm <= 60.838) | BldPrDia >= 0.346)
",-9999999.000,-9999999.000,0.000,0.000,1.000,0,0,0,3,3,0,0,3,0.0,0.0,0.0,0.0,0.0,1.0,-1
"F[1,2](bmiZscore <= 2.079 & WeightKg >= 34.476)
",-9999999.000,-9999999.000,0.000,0.000,1.000,0,0,0,3,3,0,0,3,0.0,0.0,0.0,0.0,0.0,1.0,-1
"((BGTestAvgNumPtRep <= 4.967) U[0,2] (TotalDailyInsPerKg <= 0.857))
",-9999999.000,-9999999.000,0.000,0.000,1.000,0,0,0,3,3,0,0,3,0.0,0.0,0.0,0.0,0.0,1.0,-1
"F[2,2](((HeightCm <= 155.190 -> LDL <= 69.581) -> bmiPerc >= 13.845) -> GFR >= 6.359)
",-13.845,-13.845,0.000,0.000,1.000,0,0,0,3,3,0,0,3,0.0,0.0,0.0,0.0,0.0,1.0,-1
"((BUN <= 6.274) U[0,2] (NumPumpBolusOrShortAct <= 2.768))
",-9999999.000,-9999999.000,0.000,0.000,1.000,0,0,0,3,3,0,0,3,0.0,0.0,0.0,0.0,0.0,1.0,-1
"F[0,2]((BldPrDia <= 83.057 | TSH >= 0.521) & Pt_InsGov >= 0.411)
",-9999999.000,-9999999.000,0.000,0.000,1.000,0,0,0,3,3,0,0,3,0.0,0.0,0.0,0.0,0.0,1.0,-1
"((BldPrDia <= 81.036) U[1,2] (Triglyc <= 46.347))
",-9999999.000,-9999999.000,0.000,0.000,1.000,0,0,0,3,3,0,0,3,0.0,0.0,0.0,0.0,0.0,1.0,-1
"F[0,1](((BldPrSys >= 108.128 & bmi >= 21.700) -> HeightCm <= 26.881) -> HbA1cImputeDtMnC <= 25.240)
",-9999999.000,-9999999.000,0.000,0.000,1.000,0,0,0,3,3,0,0,3,0.0,0.0,0.0,0.0,0.0,1.0,-1
"F[2,2](HbA1c >= 8.636 -> Pt_A1cGoalLevelDsYr5 = 0.000)
",0.000,0.000,0.000,0.000,1.000,0,0,0,3,3,0,0,3,0.0,0.0,0.0,0.0,0.0,1.0,-1
"((BGTestAvgNumMeter >= 3.890) U[0,2] (BGTestAvgNumPtRep <= 4.723))
",-9999999.000,-9999999.000,0.000,0.000,1.000,0,0,0,3,3,0,0,3,0.0,0.0,0.0,0.0,0.0,1.0,-1
"F[0,1](HbA1c >= 8.858 -> Pt_A1cGoalLevelDsYr5 = 0.000)
",-9999999.000,-9999999.000,0.000,0.000,1.000,0,0,0,3,3,0,0,3,0.0,0.0,0.0,0.0,0.0,1.0,-1
"((BGTestAvgNumMeter >= 3.732) U[0,1] (BGTestAvgNumPtRep <= 4.414))
",-9999999.000,-9999999.000,0.000,0.000,1.000,0,0,0,3,3,0,0,3,0.0,0.0,0.0,0.0,0.0,1.0,-1
"F[0,2](HbA1c >= 8.247 -> Pt_A1cGoalLevelDsYr5 = 0.000)
",-9999999.000,-9999999.000,0.000,0.000,1.000,0,0,0,3,3,0,0,3,0.0,0.0,0.0,0.0,0.0,1.0,-1
"F[0,2](TotChol < 0.000 -> Pt_SHFlg = 0.000)
",-9999999.000,-9999999.000,0.000,0.000,1.000,0,0,0,3,3,0,0,3,0.0,0.0,0.0,0.0,0.0,1.0,-1
"((Pt_ChildT1D >= 0.000) U[1,2] (HbA1c <= 9.461))
",-9999999.000,-9999999.000,0.000,0.000,1.000,0,0,0,3,3,0,0,3,0.0,0.0,0.0,0.0,0.0,1.0,-1
"F[1,2](bmiPerc > 0.954 -> Pt_SHFlg = 0.000)
",-9999999.000,-9999999.000,0.000,0.000,1.000,0,0,0,3,3,0,0,3,0.0,0.0,0.0,0.0,0.0,1.0,-1
"F[0,1](GFR <= 0.000 -> Pt_SHFlg = 0.000)
",-9999999.000,-9999999.000,0.000,0.000,1.000,0,0,0,3,3,0,0,3,0.0,0.0,0.0,0.0,0.0,1.0,-1
"F[0,2](((AlbCreatRat_mggNew >= 0.428 & BUN <= 9.913) & Pt_CGMUseNumDays <= 6.311) & HeightCm >= 3.062)
",-9999999.000,-9999999.000,0.000,0.000,1.000,0,0,0,3,3,0,0,3,0.0,0.0,0.0,0.0,0.0,1.0,-1
"F[0,1](((bmi >= 21.732 | NumPumpBolusOrShortAct <= 2.871) | Triglyc >= 1.827) | Pt_GrandchildT1D <= 2.761)
",-9999999.000,-9999999.000,0.000,0.000,1.000,0,0,0,3,3,0,0,3,0.0,0.0,0.0,0.0,0.0,1.0,-1
"F[0,2](BldPrDia <= 67.490 -> BUN <= 11.987)
",-9999999.000,-9999999.000,0.000,0.000,1.000,0,0,0,3,3,0,0,3,0.0,0.0,0.0,0.0,0.0,1.0,-1
"F[1,2](((bmiPerc >= 0.962 | HbA1c <= 9.135) & Pt_CGMUseNumDays <= 9.360) & DirectLDL <= 9.089)
",-9999999.000,-9999999.000,0.000,0.000,1.000,0,0,0,3,3,0,0,3,0.0,0.0,0.0,0.0,0.0,1.0,-1
"F[2,2]((NumPumpBolusOrShortAct <= 2.695 & WeightKg >= 45.555) & BGTestAvgNumPtRep <= 69.338)
",-45.555,-45.555,0.000,0.000,1.000,0,0,0,3,3,0,0,3,0.0,0.0,0.0,0.0,0.0,1.0,-1
"F[0,2](BldPrSys <= 138.829 | BUN <= 6.451)
",-9999999.000,-9999999.000,0.000,0.000,1.000,0,0,0,3,3,0,0,3,0.0,0.0,0.0,0.0,0.0,1.0,-1
"F[2,2](BldPrDia <= 68.995 -> HDL <= 52.889)
",-68.995,-68.995,0.000,0.000,1.000,0,0,0,3,3,0,0,3,0.0,0.0,0.0,0.0,0.0,1.0,-1
"F[1,2]((AlbCreatRat_mggNew >= 0.389 & bmi >= 22.431) -> Pt_A1cGoalLev >= 21.725)
",-9999999.000,-9999999.000,0.000,0.000,1.000,0,0,0,3,3,0,0,3,0.0,0.0,0.0,0.0,0.0,1.0,-1
"F[1,2]((BldPrDia >= 64.773 -> bmi <= 25.735) | bmi <= 26.324)
",-9999999.000,-9999999.000,0.000,0.000,1.000,0,0,0,3,3,0,0,3,0.0,0.0,0.0,0.0,0.0,1.0,-1
"F[0,1](((HeightCm <= 149.126 -> NumPumpBolusOrShortAct <= 2.255) & UnitsInsBasalOrLongAct >= 0.770) | Pt_SHFlg >= 0.865)
",-9999999.000,-9999999.000,0.000,0.000,1.000,0,0,0,3,3,0,0,3,0.0,0.0,0.0,0.0,0.0,1.0,-1
"((AlbCreatRat_mggNew <= 1.465) U[0,2] (WeightKg <= 68.680))
",-9999999.000,-9999999.000,0.000,0.000,1.000,0,0,0,3,3,0,0,3,0.0,0.0,0.0,0.0,0.0,1.0,-1
"((bmi >= 22.349) U[2,2] (HbA1cImputeDtMnC >= 18.676))
",-18.676,-18.676,0.000,0.000,1.000,0,0,0,3,3,0,0,3,0.0,0.0,0.0,0.0,0.0,1.0,-1
"F[2,2]((Pt_InsGov <= 0.000 | BGTestAvgNumMeter <= 4.089) & bmiPerc >= 3.556)
",-3.556,-3.556,0.000,0.000,1.000,0,0,0,3,3,0,0,3,0.0,0.0,0.0,0.0,0.0,1.0,-1
"F[0,1](BldPrDia >= 61.511 | diabDur <= 6.764)
",-9999999.000,-9999999.000,0.000,0.000,1.000,0,0,0,3,3,0,0,3,0.0,0.0,0.0,0.0,0.0,1.0,-1
"F[1,2](TotalDailyInsPerKg >= 0.826 -> UnitsInsBasalOrLongAct <= 21.181)
",-9999999.000,-9999999.000,0.000,0.000,1.000,0,0,0,3,3,0,0,3,0.0,0.0,0.0,0.0,0.0,1.0,-1
"F[0,1](((HbA1c <= 9.045 & TSH >= 0.502) & Pt_SiblingT1D <= 1.541) | Pt_ChildT1D <= 1.872)
",-9999999.000,-9999999.000,0.000,0.000,1.000,0,0,0,3,3,0,0,3,0.0,0.0,0.0,0.0,0.0,1.0,-1
"F[0,1](((NumPumpBolusOrShortAct >= 1.763 | UnitsInsBasalOrLongAct <= 23.957) -> Pt_SHFlg <= 26.409) -> NumPumpBolusOrShortAct <= 22.182)
",-9999999.000,-9999999.000,0.000,0.000,1.000,0,0,0,3,3,0,0,3,0.0,0.0,0.0,0.0,0.0,1.0,-1
"F[0,1](HeightCm >= 131.181 -> WeightKg <= 67.396)
",-9999999.000,-9999999.000,0.000,0.000,1.000,0,0,0,3,3,0,0,3,0.0,0.0,0.0,0.0,0.0,1.0,-1
"((Pt_A1cGoalLev < 0.000) U[0,2] (Pt_SHFlg = 0.000))
",-9999999.000,-9999999.000,0.000,0.000,1.000,0,0,0,3,3,0,0,3,0.0,0.0,0.0,0.0,0.0,1.0,-1
"F[1,2](Pt_InsGov < 0.000 & Pt_SHFlg = 0.000)
",-9999999.000,-9999999.000,0.000,0.000,1.000,0,0,0,3,3,0,0,3,0.0,0.0,0.0,0.0,0.0,1.0,-1
"((Triglyc < 66.545) U[0,2] (Pt_SHFlg = 0.000))
",-9999999.000,-9999999.000,0.000,0.000,1.000,0,0,0,3,3,0,0,3,0.0,0.0,0.0,0.0,0.0,1.0,-1
"((BGTestAvgNumMeter >= 3.561) U[0,1] (BGTestAvgNumPtRep <= 4.678))
",-9999999.000,-9999999.000,0.000,0.000,1.000,0,0,0,3,3,0,0,3,0.0,0.0,0.0,0.0,0.0,1.0,-1
"F[0,1](HbA1c >= 8.870 -> Pt_A1cGoalLevelDsYr5 = 0.000)
",-9999999.000,-9999999.000,0.000,0.000,1.000,0,0,0,3,3,0,0,3,0.0,0.0,0.0,0.0,0.0,1.0,-1
"((BGTestAvgNumMeter >= 3.048) U[2,2] (BGTestAvgNumPtRep <= 4.816))
",4.816,4.816,0.000,0.000,1.000,0,0,0,3,3,0,0,3,0.0,0.0,0.0,0.0,0.0,1.0,-1
"F[2,2](HbA1c >= 8.549 -> Pt_A1cGoalLevelDsYr5 = 0.000)
",0.000,0.000,0.000,0.000,1.000,0,0,0,3,3,0,0,3,0.0,0.0,0.0,0.0,0.0,1.0,-1
"F[1,2](((BGTestAvgNumMeter >= 3.549 | BldPrSys >= 106.773) | bmi >= 104.236) | Pt_SiblingT1D <= 127.337)
",-9999999.000,-9999999.000,0.000,0.000,1.000,0,0,0,3,3,0,0,3,0.0,0.0,0.0,0.0,0.0,1.0,-1
"((BldPrSys <= 118.000) U[0,1] (diabDur >= 2.339))
",-9999999.000,-9999999.000,0.000,0.000,1.000,0,0,0,3,3,0,0,3,0.0,0.0,0.0,0.0,0.0,1.0,-1
"F[0,0]((BldPrSys >= 104.492 | HbA1cImputeDtMnC >= 21.599) | SMBGperDayPtMeterCombo >= 29.354)
",68.546,32.313,0.000,0.000,1.000,0,0,0,3,3,0,0,3,0.0,0.0,0.0,0.0,0.0,1.0,-1
"F[0,1](((HeightCm >= 128.714 -> TSH >= 0.075) & BGTestAvgNumMeter >= 0.560) | diabDur <= 1.777)
",-9999999.000,-9999999.000,0.000,0.000,1.000,0,0,0,3,3,0,0,3,0.0,0.0,0.0,0.0,0.0,1.0,-1
"F[0,2]((BldPrDia <= 83.704 & HbA1cImputeDtMnC <= 59.257) | Triglyc <= 44.279)
",-9999999.000,-9999999.000,0.000,0.000,1.000,0,0,0,3,3,0,0,3,0.0,0.0,0.0,0.0,0.0,1.0,-1
"((WeightKg <= 73.911) U[0,2] (Pt_SHFlg = 0.000))
",-9999999.000,-9999999.000,0.000,0.000,1.000,0,0,0,3,3,0,0,3,0.0,0.0,0.0,0.0,0.0,1.0,-1
"((TotalDailyInsPerKg < 0.868) U[0,1] (Pt_SHFlg = 0.000))
",-9999999.000,-9999999.000,0.000,0.000,1.000,0,0,0,3,3,0,0,3,0.0,0.0,0.0,0.0,0.0,1.0,-1
"F[1,1](Pt_A1cGoalLev > 0.000 -> Pt_SHFlg = 0.000)
",0.000,0.000,0.000,0.000,1.000,0,0,0,3,3,0,0,3,0.0,0.0,0.0,0.0,0.0,1.0,-1
"((BUN < 9.600) U[1,2] (Pt_SHFlg = 0.000))
",-9999999.000,-9999999.000,0.000,0.000,1.000,0,0,0,3,3,0,0,3,0.0,0.0,0.0,0.0,0.0,1.0,-1
"F[0,2](diabDur <= 6.676 & Pt_SHFlg = 0.000)
",-9999999.000,-9999999.000,0.000,0.000,1.000,0,0,0,3,3,0,0,3,0.0,0.0,0.0,0.0,0.0,1.0,-1
"((diabDur > 2.706) U[0,1] (Pt_SHFlg = 0.000))
",-9999999.000,-9999999.000,0.000,0.000,1.000,0,0,0,3,3,0,0,3,0.0,0.0,0.0,0.0,0.0,1.0,-1
"F[2,2](Triglyc > 10.483 -> Pt_SHFlg = 0.000)
",0.000,0.000,0.000,0.000,1.000,0,0,0,3,3,0,0,3,0.0,0.0,0.0,0.0,0.0,1.0,-1
"((Pt_A1cGoalLevelDsYr5 > 0.000) U[0,1] (Pt_SHFlg = 0.000))
",-9999999.000,-9999999.000,0.000,0.000,1.000,0,0,0,3,3,0,0,3,0.0,0.0,0.0,0.0,0.0,1.0,-1
"F[2,2](GFR <= 0.000 -> Pt_SHFlg = 0.000)
",0.000,0.000,0.000,0.000,1.000,0,0,0,3,3,0,0,3,0.0,0.0,0.0,0.0,0.0,1.0,-1
"((TotalDailyInsPerKg > 0.719) U[0,2] (Pt_SHFlg = 0.000))
",-9999999.000,-9999999.000,0.000,0.000,1.000,0,0,0,3,3,0,0,3,0.0,0.0,0.0,0.0,0.0,1.0,-1
"((Pt_InsGov >= 0.000) U[0,1] (Pt_SHFlg = 0.000))
",-9999999.000,-9999999.000,0.000,0.000,1.000,0,0,0,3,3,0,0,3,0.0,0.0,0.0,0.0,0.0,1.0,-1
"((BGTestAvgNumMeter <= 4.715) U[0,2] (Pt_SHFlg = 0.000))
",-9999999.000,-9999999.000,0.000,0.000,1.000,0,0,0,3,3,0,0,3,0.0,0.0,0.0,0.0,0.0,1.0,-1
"((UnitsInsBasalOrLongAct > 1.196) U[0,2] (Pt_SHFlg = 0.000))
",-9999999.000,-9999999.000,0.000,0.000,1.000,0,0,0,3,3,0,0,3,0.0,0.0,0.0,0.0,0.0,1.0,-1
"F[0,1](HeightCm >= 139.011 -> Pt_SHFlg = 0.000)
",-9999999.000,-9999999.000,0.000,0.000,1.000,0,0,0,3,3,0,0,3,0.0,0.0,0.0,0.0,0.0,1.0,-1
"F[0,0](Pt_MotherT1D <= 0.000 & Pt_SHFlg = 0.000)
",-2.390,-25.527,0.000,0.000,1.000,0,0,0,3,3,0,0,3,0.0,0.0,0.0,0.0,0.0,1.0,-1
"((BGTestAvgNumMeter >= 3.169) U[0,1] (BGTestAvgNumPtRep <= 4.899))
",-9999999.000,-9999999.000,0.000,0.000,1.000,0,0,0,3,3,0,0,3,0.0,0.0,0.0,0.0,0.0,1.0,-1
"F[0,0](HbA1c >= 8.549 -> Pt_A1cGoalLevelDsYr5 = 0.000)
",0.000,0.000,0.000,0.000,1.000,0,0,0,3,3,0,0,3,0.0,0.0,0.0,0.0,0.0,1.0,-1
"((BGTestAvgNumMeter >= 3.783) U[0,2] (BGTestAvgNumPtRep <= 4.658))
",-9999999.000,-9999999.000,0.000,0.000,1.000,0,0,0,3,3,0,0,3,0.0,0.0,0.0,0.0,0.0,1.0,-1
"F[0,1](HbA1c >= 8.438 -> Pt_A1cGoalLevelDsYr5 = 0.000)
",-9999999.000,-9999999.000,0.000,0.000,1.000,0,0,0,3,3,0,0,3,0.0,0.0,0.0,0.0,0.0,1.0,-1
"((BGTestAvgNumMeter >= 3.880) U[1,2] (BGTestAvgNumPtRep <= 4.797))
",-9999999.000,-9999999.000,0.000,0.000,1.000,0,0,0,3,3,0,0,3,0.0,0.0,0.0,0.0,0.0,1.0,-1
"F[0,2](HbA1c >= 8.454 -> Pt_A1cGoalLevelDsYr5 = 0.000)
",-9999999.000,-9999999.000,0.000,0.000,1.000,0,0,0,3,3,0,0,3,0.0,0.0,0.0,0.0,0.0,1.0,-1
"((BGTestAvgNumMeter >= 3.569) U[0,1] (BGTestAvgNumPtRep <= 4.939))
",-9999999.000,-9999999.000,0.000,0.000,1.000,0,0,0,3,3,0,0,3,0.0,0.0,0.0,0.0,0.0,1.0,-1
"F[0,2](HbA1c >= 8.266 -> Pt_A1cGoalLevelDsYr5 = 0.000)
",-9999999.000,-9999999.000,0.000,0.000,1.000,0,0,0,3,3,0,0,3,0.0,0.0,0.0,0.0,0.0,1.0,-1
"((BGTestAvgNumMeter >= 3.750) U[1,2] (BGTestAvgNumPtRep <= 4.805))
",-9999999.000,-9999999.000,0.000,0.000,1.000,0,0,0,3,3,0,0,3,0.0,0.0,0.0,0.0,0.0,1.0,-1
"F[1,2](NumPumpBolusOrShortAct >= 1.462 -> Pt_ChildT1D <= 0.000)
",-9999999.000,-9999999.000,0.000,0.000,1.000,0,0,0,3,3,0,0,3,0.0,0.0,0.0,0.0,0.0,1.0,-1
"((UnitsInsBasalOrLongAct <= 25.131) U[0,2] (TotalDailyInsPerKg >= 0.756))
",-9999999.000,-9999999.000,0.000,0.000,1.000,0,0,0,3,3,0,0,3,0.0,0.0,0.0,0.0,0.0,1.0,-1
"F[1,2]((BldPrDia >= 64.758 -> Pt_GrandparentT1D >= 0.000) & Pt_A1cGoalLev <= 0.000)
",-9999999.000,-9999999.000,0.000,0.000,1.000,0,0,0,3,3,0,0,3,0.0,0.0,0.0,0.0,0.0,1.0,-1
"G[1,2](HbA1c <= 9.003 -> HeightCm <= 155.506)
",9999999.000,9999999.000,0.000,1.000,0.000,0,0,3,0,0,3,3,0,0.0,0.0,1.0,0.0,0.0,1.0,1
"G[1,2]((BGTestAvgNumPtRep >= 4.163 | HbA1c >= 8.943) & Pt_InsGov <= 8.995)
",9999999.000,9999999.000,0.000,1.000,0.000,0,0,2,1,1,2,2,1,0.0,0.0,1.0,0.0,0.0,1.0,1
"G[2,2](BGTestAvgNumPtRep >= 4.058 | BUN <= 11.862)
",11.862,11.862,0.000,1.000,0.000,0,0,3,0,0,3,3,0,0.0,0.0,1.0,0.0,0.0,1.0,1
"G[1,1]((bmiPerc <= 0.981 -> LDL <= 102.735) -> diagAgeCombo >= 15.635)
",15.635,15.635,0.000,1.000,0.000,0,0,0,3,3,0,0,3,0.0,0.0,0.0,0.0,0.0,1.0,1
"G[0,1](((diabDur >= 4.420 & TSH >= 0.627) | Pt_SiblingT1D <= 1.049) -> bmi <= 0.927)
",9999999.000,9999999.000,0.000,1.000,0.000,0,0,0,3,3,0,0,3,0.0,0.0,0.0,0.0,0.0,1.0,1
"G[1,2]((UnitsInsBasalOrLongAct >= 2.060 | WeightKg <= 59.550) & TotChol >= 38.313)
",9999999.000,9999999.000,0.000,1.000,0.000,0,0,0,3,3,0,0,3,0.0,0.0,0.0,0.0,0.0,1.0,1
"G[0,2]((HbA1cImputeDtMnC <= 59.332 | TSH >= 0.463) -> bmiPerc >= 0.384)
",9999999.000,9999999.000,0.000,1.000,0.000,0,0,3,0,0,3,3,0,0.0,0.0,1.0,0.0,0.0,1.0,1
"G[1,2]((age <= 11.635 & AlbCreatRat_mggNew <= 2.299) -> LDL <= 1.025)
",9999999.000,9999999.000,0.000,1.000,0.000,0,0,3,0,0,3,3,0,0.0,0.0,1.0,0.0,0.0,1.0,1
"G[0,2]((AlbCreatRat_mggNew <= 2.195 -> HbA1cImputeDtMnC <= 60.276) -> TotalDailyInsPerKg >= 15.586)
",9999999.000,9999999.000,0.000,1.000,0.000,0,0,0,3,3,0,0,3,0.0,0.0,0.0,0.0,0.0,1.0,1
"G[0,2](BGTestAvgNumMeter >= 3.184 -> bmiZscore >= 1.688)
",9999999.000,9999999.000,0.000,1.000,0.000,0,0,2,1,1,2,2,1,0.0,0.0,1.0,0.0,0.0,1.0,1
"G[1,1](((bmiZscore >= 1.806 -> HeightCm <= 150.374) | GFR >= 137.617) & age >= 141.252)
",-141.252,-141.252,0.000,1.000,0.000,0,0,0,3,3,0,0,3,0.0,0.0,0.0,0.0,0.0,1.0,1
"G[0,2](((diabDur >= 2.907 & HbA1c <= 9.228) | diagAgeCombo >= 8.226) | BGTestAvgNumPtRep >= 8.722)
",9999999.000,9999999.000,0.000,1.000,0.000,0,0,0,3,3,0,0,3,0.0,0.0,0.0,0.0,0.0,1.0,1
"G[1,2](((BldPrSys <= 138.662 & WeightKg >= 35.416) | diabDur <= 74.127) & Pt_MotherT1D <= 61.406)
",9999999.000,9999999.000,0.000,1.000,0.000,0,0,3,0,0,3,3,0,0.0,0.0,1.0,0.0,0.0,1.0,1
"G[0,2]((BUN >= 1.632 & diagAgeCombo >= 4.000) & TSH <= 4.000)
",9999999.000,9999999.000,0.000,1.000,0.000,0,0,0,3,3,0,0,3,0.0,0.0,0.0,0.0,0.0,1.0,1
"G[0,2](((diabDur <= 6.868 & NumPumpBolusOrShortAct >= 0.871) -> BldPrDia >= 0.813) & HbA1c >= 1.411)
",9999999.000,9999999.000,0.000,1.000,0.000,0,0,3,0,0,3,3,0,0.0,0.0,1.0,0.0,0.0,1.0,1
"G[1,1]((HbA1cImputeDtMnC <= 43.851 -> WeightKg <= 68.766) & TSH >= 47.469)
",-68.766,-68.766,0.000,1.000,0.000,0,0,0,3,3,0,0,3,0.0,0.0,0.0,0.0,0.0,1.0,1
"G[1,2](((bmiPerc >= 0.966 -> TSH >= 0.062) | Pt_MotherT1D <= 1.441) & NumPumpBolusOrShortAct >= 0.701)
",9999999.000,9999999.000,0.000,1.000,0.000,0,0,3,0,0,3,3,0,0.0,0.0,1.0,0.0,0.0,1.0,1
"G[1,2](diabDur <= 5.872 | HeightCm >= 128.843)
",9999999.000,9999999.000,0.000,1.000,0.000,0,0,3,0,0,3,3,0,0.0,0.0,1.0,0.0,0.0,1.0,1
"G[2,2](((bmiPerc >= 0.959 -> bmiZscore <= 2.049) | AutonomicNeuroCl <= 2.171) | LDL >= 1.862)
",2.171,2.171,0.000,1.000,0.000,0,0,3,0,0,3,3,0,0.0,0.0,1.0,0.0,0.0,1.0,1
"G[2,2]((HbA1c >= 8.220 | UnitsInsBasalOrLongAct >= 5.834) | Pt_GrandparentT1D >= 18.682)
",-6569055262336181.000,-5.834,0.000,1.000,0.000,0,0,3,0,0,3,3,0,0.0,0.0,1.0,0.0,0.0,1.0,1
"G[1,2]((Pt_A1cGoalLev >= 0.000 | HDL <= 18.463) | BldPrDia <= 24.247)
",9999999.000,9999999.000,0.000,1.000,0.000,0,0,3,0,0,3,3,0,0.0,0.0,1.0,0.0,0.0,1.0,1
"G[1,2](((HbA1c >= 8.247 -> BldPrDia <= 82.210) | UnitsInsBasalOrLongAct <= 76.509) & age <= 80.948)
",9999999.000,9999999.000,0.000,1.000,0.000,0,0,3,0,0,3,3,0,0.0,0.0,1.0,0.0,0.0,1.0,1
"G[0,2](((Pt_GrandchildT1D <= 0.000 & Pt_A1cGoalLevelDsYr5 >= 0.000) -> Pt_GrandchildT1D >= 0.000) | UnitsInsBasalOrLongAct <= 0.000)
",9999999.000,9999999.000,0.000,1.000,0.000,0,0,3,0,0,3,3,0,0.0,0.0,1.0,0.0,0.0,1.0,1
"G[2,2](((SMBGperDayPtMeterCombo >= 3.329 & DirectLDL >= 0.000) -> HbA1c <= 0.000) -> diabDur >= 0.000)
",0.000,0.000,0.000,1.000,0.000,0,0,3,0,0,3,3,0,0.0,0.0,1.0,0.0,0.0,1.0,1
"G[1,2](Pt_GrandparentT1D >= 0.000 | BUN <= 12.347)
",9999999.000,9999999.000,0.000,1.000,0.000,0,0,3,0,0,3,3,0,0.0,0.0,1.0,0.0,0.0,1.0,1
"G[1,1](Triglyc >= 3.887 & TSH >= 0.471)
",-3.887,-3.887,0.000,1.000,0.000,0,0,0,3,3,0,0,3,0.0,0.0,0.0,0.0,0.0,1.0,1
"G[0,2]((bmiPerc >= 0.972 & WeightKg <= 57.950) | TotChol <= 57.326)
",9999999.000,9999999.000,0.000,1.000,0.000,0,0,3,0,0,3,3,0,0.0,0.0,1.0,0.0,0.0,1.0,1
"G[2,2]((TotalDailyInsPerKg <= 0.894 & Triglyc >= 10.549) -> age >= 9.276)
",9.276,9.276,0.000,1.000,0.000,0,0,3,0,0,3,3,0,0.0,0.0,1.0,0.0,0.0,1.0,1
"G[2,2]((AlbCreatRat_mggNew >= 0.184 & BGTestAvgNumPtRep <= 4.628) & AutonomicNeuroCl <= 4.773)
",-6612769015210797.000,-0.184,0.000,1.000,0.000,0,0,3,0,0,3,3,0,0.0,0.0,1.0,0.0,0.0,1.0,1
"G[2,2]((WeightKg >= 34.036 | bmi >= 22.172) -> UnitsInsBasalOrLongAct <= 22.565)
",-22.565,-22.565,0.000,1.000,0.000,0,0,3,0,0,3,3,0,0.0,0.0,1.0,0.0,0.0,1.0,1
"G[0,2](GFR <= 0.000 -> BUN >= 1.668)
",9999999.000,9999999.000,0.000,1.000,0.000,0,0,0,3,3,0,0,3,0.0,0.0,0.0,0.0,0.0,1.0,1
"G[2,2]((WeightKg >= 34.695 | bmi >= 21.191) -> UnitsInsBasalOrLongAct <= 23.740)
",-23.740,-23.740,0.000,1.000,0.000,0,0,3,0,0,3,3,0,0.0,0.0,1.0,0.0,0.0,1.0,1
"G[0,2](SMBGperDayPtMeterCombo >= 3.478 & BGTestAvgNumPtRep >= 3.068)
",9999999.000,9999999.000,0.000,1.000,0.000,0,0,2,1,1,2,2,1,0.0,0.0,1.0,0.0,0.0,1.0,1
"G[2,2](GFR <= 0.000 -> BUN >= 2.742)
",0.000,0.000,0.000,1.000,0.000,0,0,3,0,0,3,3,0,0.0,0.0,1.0,0.0,0.0,1.0,1
"G[1,2](SMBGperDayPtMeterCombo >= 3.032 & BGTestAvgNumPtRep >= 4.285)
",9999999.000,9999999.000,0.000,1.000,0.000,0,0,2,1,1,2,2,1,0.0,0.0,1.0,0.0,0.0,1.0,1
"G[2,2](SMBGperDayPtMeterCombo <= 4.338 & Pt_SHFlg = 0.000)
",0.000,0.000,0.000,1.000,0.000,0,0,3,0,0,3,3,0,0.0,0.0,1.0,0.0,0.0,1.0,1
"G[1,2]((WeightKg >= 36.289 | bmi >= 22.162) -> UnitsInsBasalOrLongAct <= 24.436)
",9999999.000,9999999.000,0.000,1.000,0.000,0,0,1,2,2,1,1,2,0.0,0.0,1.0,0.0,0.0,1.0,1
"G[1,2]((WeightKg >= 48.865 | bmi >= 22.765) -> UnitsInsBasalOrLongAct <= 22.218)
",9999999.000,9999999.000,0.000,1.000,0.000,0,0,0,3,3,0,0,3,0.0,0.0,0.0,0.0,0.0,1.0,1
"G[1,2]((WeightKg >= 34.459 | bmi >= 23.138) -> UnitsInsBasalOrLongAct <= 22.661)
",9999999.000,9999999.000,0.000,1.000,0.000,0,0,0,3,3,0,0,3,0.0,0.0,0.0,0.0,0.0,1.0,1
"G[1,2](GFR <= 0.000 -> BUN >= 1.938)
",9999999.000,9999999.000,0.000,1.000,0.000,0,0,1,2,2,1,1,2,0.0,0.0,1.0,0.0,0.0,1.0,1
"G[1,2](SMBGperDayPtMeterCombo >= 3.634 & BGTestAvgNumPtRep >= 3.596)
",9999999.000,9999999.000,0.000,1.000,0.000,0,0,3,0,0,3,3,0,0.0,0.0,1.0,0.0,0.0,1.0,1
"G[1,2]((WeightKg >= 51.337 | bmi >= 21.923) -> UnitsInsBasalOrLongAct <= 24.062)
",9999999.000,9999999.000,0.000,1.000,0.000,0,0,1,2,2,1,1,2,0.0,0.0,1.0,0.0,0.0,1.0,1
"G[0,2](GFR <= 0.000 -> BUN >= 2.159)
",9999999.000,9999999.000,0.000,1.000,0.000,0,0,0,3,3,0,0,3,0.0,0.0,0.0,0.0,0.0,1.0,1
"G[1,2](SMBGperDayPtMeterCombo >= 3.695 & BGTestAvgNumPtRep >= 3.882)
",9999999.000,9999999.000,0.000,1.000,0.000,0,0,3,0,0,3,3,0,0.0,0.0,1.0,0.0,0.0,1.0,1
"G[0,1](SMBGperDayPtMeterCombo >= 3.441 & BGTestAvgNumPtRep >= 4.228)
",9999999.000,9999999.000,0.000,1.000,0.000,0,0,0,3,3,0,0,3,0.0,0.0,0.0,0.0,0.0,1.0,1
"G[0,1](GFR <= 0.000 -> BUN >= 0.976)
",9999999.000,9999999.000,0.000,1.000,0.000,0,0,0,3,3,0,0,3,0.0,0.0,0.0,0.0,0.0,1.0,1
"G[0,2]((WeightKg >= 43.587 | bmi >= 23.154) -> UnitsInsBasalOrLongAct <= 21.341)
",9999999.000,9999999.000,0.000,1.000,0.000,0,0,1,2,2,1,1,2,0.0,0.0,1.0,0.0,0.0,1.0,1
"G[0,1](GFR <= 0.000 -> BUN >= 0.576)
",9999999.000,9999999.000,0.000,1.000,0.000,0,0,0,3,3,0,0,3,0.0,0.0,0.0,0.0,0.0,1.0,1
"G[1,1](Pt_MotherT1D < 0.000 & Pt_SHFlg = 0.000)
",0.000,0.000,0.000,1.000,0.000,0,0,0,3,3,0,0,3,0.0,0.0,0.0,0.0,0.0,1.0,1
"G[0,0](AutonomicNeuroCl < 0.000 & Pt_SHFlg = 0.000)
",-2.390,-25.527,0.000,1.000,0.000,0,0,0,3,3,0,0,3,0.0,0.0,0.0,0.0,0.0,1.0,1
"G[1,2]((AlbCreatRat_mggNew <= 1.285 & BldPrSys >= 106.088) & AutonomicNeuroCl <= 114.419)
",9999999.000,9999999.000,0.000,1.000,0.000,0,0,0,3,3,0,0,3,0.0,0.0,0.0,0.0,0.0,1.0,1
"G[0,0]((diabDur <= 6.082 | HDL <= 15.023) & Pt_SiblingT1D >= 3.421)
",-7704062471640083.000,-3.421,0.000,1.000,0.000,0,0,0,3,3,0,0,3,0.0,0.0,0.0,0.0,0.0,1.0,1
"G[0,2]((SMBGperDayPtMeterCombo <= 4.851 & TSH <= 1.008) & TotChol <= 1.288)
",9999999.000,9999999.000,0.000,1.000,0.000,0,0,1,2,2,1,1,2,0.0,0.0,1.0,0.0,0.0,1.0,1
"G[1,2](((age >= 8.573 -> Pt_A1cGoalLevelDsYr5 >= 0.000) | UnitsInsBasalOrLongAct >= 0.000) | diagAgeCombo <= 0.000)
",9999999.000,9999999.000,0.000,1.000,0.000,0,0,3,0,0,3,3,0,0.0,0.0,1.0,0.0,0.0,1.0,1
"((diagAgeCombo <= 4.000) U[1,2] (Pt_InsGov <= 0.000))
",-9999999.000,-9999999.000,0.000,0.000,1.000,0,0,0,3,3,0,0,3,0.0,0.0,0.0,0.0,0.0,1.0,-1
"G[1,2](Pt_A1cGoalLevelDsYr5 <= 0.000 & TSH <= 0.742)
",9999999.000,9999999.000,0.000,1.000,0.000,0,0,2,1,1,2,2,1,0.0,0.0,1.0,0.0,0.0,1.0,1
"G[0,2](((Triglyc >= 10.780 -> diabDur <= 5.676) | LDL >= 2.462) | bmiZscore >= 2.363)
",9999999.000,9999999.000,0.000,1.000,0.000,0,0,3,0,0,3,3,0,0.0,0.0,1.0,0.0,0.0,1.0,1
"G[1,2](((LDL >= 8.972 | HeightCm <= 157.732) | Pt_SHFlg >= 138.951) -> Pt_GrandparentT1D <= 154.266)
",9999999.000,9999999.000,0.000,1.000,0.000,0,0,3,0,0,3,3,0,0.0,0.0,1.0,0.0,0.0,1.0,1
"G[2,2](Pt_GrandchildT1D >= 0.000 -> Pt_A1cGoalLevelDsYr5 >= 0.000)
",0.000,0.000,0.000,1.000,0.000,0,0,3,0,0,3,3,0,0.0,0.0,1.0,0.0,0.0,1.0,1
"G[0,2]((Pt_A1cGoalLevelDsYr5 >= 0.000 | AutonomicNeuroCl <= 0.000) & BldPrSys <= 0.000)
",9999999.000,9999999.000,0.000,1.000,0.000,0,0,0,3,3,0,0,3,0.0,0.0,0.0,0.0,0.0,1.0,1
"G[2,2]((Pt_A1cGoalLev >= 0.000 -> HDL <= 12.892) -> WeightKg <= 15.514)
",-15.514,-15.514,0.000,1.000,0.000,0,0,3,0,0,3,3,0,0.0,0.0,1.0,0.0,0.0,1.0,1
"G[1,2](((bmi <= 26.174 -> Pt_CGMUseNumDays >= 0.000) -> Pt_GrandparentT1D <= 0.000) -> Triglyc >= 0.000)
",9999999.000,9999999.000,0.000,1.000,0.000,0,0,3,0,0,3,3,0,0.0,0.0,1.0,0.0,0.0,1.0,1
"G[0,1](BGTestAvgNumPtRep <= 4.657 & GFR >= 0.000)
",9999999.000,9999999.000,0.000,1.000,0.000,0,0,0,3,3,0,0,3,0.0,0.0,0.0,0.0,0.0,1.0,1
"G[0,2]((bmiPerc <= 0.974 -> Pt_GrandchildT1D >= 0.000) -> Pt_InsGov <= 0.000)
",9999999.000,9999999.000,0.000,1.000,0.000,0,0,3,0,0,3,3,0,0.0,0.0,1.0,0.0,0.0,1.0,1
"G[0,2](BldPrSys <= 127.187 & NumPumpBolusOrShortAct >= 1.129)
",9999999.000,9999999.000,0.000,1.000,0.000,0,0,1,2,2,1,1,2,0.0,0.0,1.0,0.0,0.0,1.0,1
"G[0,2](Pt_GrandparentT1D <= 0.000 & Pt_SiblingT1D <= 0.000)
",9999999.000,9999999.000,0.000,1.000,0.000,0,0,3,0,0,3,3,0,0.0,0.0,1.0,0.0,0.0,1.0,1
"G[1,1](((UnitsInsBasalOrLongAct >= 6.352 | AlbCreatRat_mggNew <= 1.438) -> SMBGperDayPtMeterCombo <= 1.245) & age <= 2.677)
",-1.438,-1.438,0.000,1.000,0.000,0,0,0,3,3,0,0,3,0.0,0.0,0.0,0.0,0.0,1.0,1
"G[2,2](HbA1c >= 8.698 & Pt_SHFlg <= 0.000)
",-8.698,-8.698,0.000,1.000,0.000,0,0,3,0,0,3,3,0,0.0,0.0,1.0,0.0,0.0,1.0,1
"G[1,2]((BldPrSys <= 122.577 | Pt_ChildT1D >= 0.000) & HbA1c >= 0.000)
",9999999.000,9999999.000,0.000,1.000,0.000,0,0,3,0,0,3,3,0,0.0,0.0,1.0,0.0,0.0,1.0,1
"G[0,2](bmi <= 23.752 | Pt_CGMUseNumDays <= 0.000)
",9999999.000,9999999.000,0.000,1.000,0.000,0,0,3,0,0,3,3,0,0.0,0.0,1.0,0.0,0.0,1.0,1
"G[0,2](((DirectLDL >= 0.000 -> HbA1c >= 8.752) | Pt_A1cGoalLev <= 9.041) | DirectLDL <= 9.332)
",9999999.000,9999999.000,0.000,1.000,0.000,0,0,3,0,0,3,3,0,0.0,0.0,1.0,0.0,0.0,1.0,1
"G[0,1](TotChol <= 0.000 -> BGTestAvgNumPtRep <= 4.434)
",9999999.000,9999999.000,0.000,1.000,0.000,0,0,0,3,3,0,0,3,0.0,0.0,0.0,0.0,0.0,1.0,1
"G[0,1](((SMBGperDayPtMeterCombo >= 3.233 | TotalDailyInsPerKg >= 0.668) | age <= 0.920) -> diagAgeCombo <= 0.874)
",9999999.000,9999999.000,0.000,1.000,0.000,0,0,0,3,3,0,0,3,0.0,0.0,0.0,0.0,0.0,1.0,1
"G[2,2](age >= 8.144 & diagAgeCombo <= 4.000)
",-8.144,-8.144,0.000,1.000,0.000,0,0,3,0,0,3,3,0,0.0,0.0,1.0,0.0,0.0,1.0,1
"G[0,0]((HeightCm <= 158.844 -> bmiPerc <= 0.979) & LDL <= 0.978)
",-22.849,-111.411,0.000,1.000,0.000,0,0,0,3,3,0,0,3,0.0,0.0,0.0,0.0,0.0,1.0,1
"G[1,2](bmiZscore <= 2.006 & BGTestAvgNumPtRep <= 4.936)
",9999999.000,9999999.000,0.000,1.000,0.000,0,0,0,3,3,0,0,3,0.0,0.0,0.0,0.0,0.0,1.0,1
"G[0,1](((UnitsInsBasalOrLongAct >= 10.737 | NumPumpBolusOrShortAct >= 0.513) | bmiPerc <= 2.976) & AutonomicNeuroCl >= 1.816)
",9999999.000,9999999.000,0.000,1.000,0.000,0,0,0,3,3,0,0,3,0.0,0.0,0.0,0.0,0.0,1.0,1
"G[1,2](((diagAgeCombo >= 4.000 -> UnitsInsBasalOrLongAct >= 3.694) -> Pt_CGMUseNumDays >= 13.543) & Pt_GrandparentT1D <= 24.748)
",9999999.000,9999999.000,0.000,1.000,0.000,0,0,0,3,3,0,0,3,0.0,0.0,0.0,0.0,0.0,1.0,1
"G[0,2](((bmiPerc >= 0.954 -> Pt_DKAFlg <= 0.000) & HbA1c >= 0.000) -> Pt_A1cGoalLevelDsYr5 >= 0.000)
",9999999.000,9999999.000,0.000,1.000,0.000,0,0,3,0,0,3,3,0,0.0,0.0,1.0,0.0,0.0,1.0,1
"G[0,2](BldPrSys <= 125.979 | TSH <= 1.732)
",9999999.000,9999999.000,0.000,1.000,0.000,0,0,3,0,0,3,3,0,0.0,0.0,1.0,0.0,0.0,1.0,1
"G[0,1]((BldPrDia <= 69.258 & BGTestAvgNumMeter >= 3.808) & LDL >= 3.048)
",9999999.000,9999999.000,0.000,1.000,0.000,0,0,0,3,3,0,0,3,0.0,0.0,0.0,0.0,0.0,1.0,1
"G[1,2]((Pt_ChildT1D <= 0.000 -> DirectLDL >= 0.000) -> age <= 0.000)
",9999999.000,9999999.000,0.000,1.000,0.000,0,0,0,3,3,0,0,3,0.0,0.0,0.0,0.0,0.0,1.0,1
"G[0,0]((SMBGperDayPtMeterCombo >= 3.578 -> HeightCm <= 162.464) -> LDL >= 141.085)
",23.591,115.031,0.000,1.000,0.000,0,0,0,3,3,0,0,3,0.0,0.0,0.0,0.0,0.0,1.0,1
"G[0,2](((UnitsInsBasalOrLongAct >= 3.732 & AutonomicNeuroCl >= 0.000) -> UnitsInsBasalOrLongAct >= 0.000) | LDL <= 0.000)
",9999999.000,9999999.000,0.000,1.000,0.000,0,0,3,0,0,3,3,0,0.0,0.0,1.0,0.0,0.0,1.0,1
"G[1,2]((Pt_ChildT1D >= 0.000 | Pt_GrandchildT1D <= 0.000) -> SMBGperDayPtMeterCombo <= 0.000)
",9999999.000,9999999.000,0.000,1.000,0.000,0,0,0,3,3,0,0,3,0.0,0.0,0.0,0.0,0.0,1.0,1
"G[0,2](((Pt_GrandparentT1D <= 0.000 | TotChol <= 0.000) | BldPrDia >= 0.000) | SMBGperDayPtMeterCombo <= 0.000)
",9999999.000,9999999.000,0.000,1.000,0.000,0,0,3,0,0,3,3,0,0.0,0.0,1.0,0.0,0.0,1.0,1
"G[0,2]((Pt_ChildT1D <= 0.000 | HDL <= 12.193) | bmi >= 0.113)
",9999999.000,9999999.000,0.000,1.000,0.000,0,0,3,0,0,3,3,0,0.0,0.0,1.0,0.0,0.0,1.0,1
"G[0,1](((Pt_InsGov >= 0.000 & Pt_SiblingT1D >= 0.000) -> Pt_A1cGoalLev <= 0.000) & HbA1cImputeDtMnC <= 0.000)
",9999999.000,9999999.000,0.000,1.000,0.000,0,0,0,3,3,0,0,3,0.0,0.0,0.0,0.0,0.0,1.0,1
"G[1,2]((HbA1cImputeDtMnC >= 26.388 & WeightKg <= 66.216) & NumPumpBolusOrShortAct <= 53.783)
",9999999.000,9999999.000,0.000,1.000,0.000,0,0,1,2,2,1,1,2,0.0,0.0,1.0,0.0,0.0,1.0,1
"G[1,2](((Pt_GrandchildT1D >= 0.000 -> Pt_SHFlg >= 0.000) -> Triglyc >= 0.000) & TotChol >= 0.000)
",9999999.000,9999999.000,0.000,1.000,0.000,0,0,3,0,0,3,3,0,0.0,0.0,1.0,0.0,0.0,1.0,1
"G[0,2]((TotalDailyInsPerKg <= 0.845 -> bmi <= 24.368) -> age >= 22.413)
",9999999.000,9999999.000,0.000,1.000,0.000,0,0,0,3,3,0,0,3,0.0,0.0,0.0,0.0,0.0,1.0,1
"G[0,2](((Pt_FatherT1D >= 0.000 & HbA1cImputeDtMnC <= 47.378) | Pt_SiblingT1D >= 21.613) & UnitsInsBasalOrLongAct <= 42.322)
",9999999.000,9999999.000,0.000,1.000,0.000,0,0,2,1,1,2,2,1,0.0,0.0,1.0,0.0,0.0,1.0,1
"G[2,2]((bmiPerc <= 0.983 -> WeightKg >= 41.830) & Triglyc <= 57.218)
",-0.983,-0.983,0.000,1.000,0.000,0,0,3,0,0,3,3,0,0.0,0.0,1.0,0.0,0.0,1.0,1
"G[2,2]((Pt_GrandparentT1D <= 0.000 | DirectLDL <= 0.000) | HeightCm >= 0.000)
",0.000,0.000,0.000,1.000,0.000,0,0,3,0,0,3,3,0,0.0,0.0,1.0,0.0,0.0,1.0,1
"G[0,2](((LDL >= 20.323 -> TotalDailyInsPerKg <= 0.879) -> WeightKg <= 0.888) -> HDL <= 0.875)
",9999999.000,9999999.000,0.000,1.000,0.000,0,0,3,0,0,3,3,0,0.0,0.0,1.0,0.0,0.0,1.0,1
"G[0,2](((Pt_GrandparentT1D >= 0.000 | BldPrDia <= 78.932) -> WeightKg >= 65.763) & Triglyc >= 64.919)
",9999999.000,9999999.000,0.000,1.000,0.000,0,0,0,3,3,0,0,3,0.0,0.0,0.0,0.0,0.0,1.0,1
"G[0,2](Pt_A1cGoalLev <= 0.000 -> Pt_FatherT1D >= 0.000)
",9999999.000,9999999.000,0.000,1.000,0.000,0,0,3,0,0,3,3,0,0.0,0.0,1.0,0.0,0.0,1.0,1
"G[0,2]((HeightCm <= 150.277 -> AutonomicNeuroCl <= 0.000) | HbA1cImputeDtMnC >= 0.000)
",9999999.000,9999999.000,0.000,1.000,0.000,0,0,3,0,0,3,3,0,0.0,0.0,1.0,0.0,0.0,1.0,1
"G[1,2]((Pt_A1cGoalLevelDsYr5 >= 0.000 | HbA1c <= 9.222) | Pt_SHFlg <= 9.110)
",9999999.000,9999999.000,0.000,1.000,0.000,0,0,3,0,0,3,3,0,0.0,0.0,1.0,0.0,0.0,1.0,1
"G[1,2](LDL >= 13.306 | AutonomicNeuroCl <= 0.000)
",9999999.000,9999999.000,0.000,1.000,0.000,0,0,3,0,0,3,3,0,0.0,0.0,1.0,0.0,0.0,1.0,1
"G[1,2]((AutonomicNeuroCl <= 0.000 & HeightCm <= 164.162) -> diagAgeCombo <= 149.742)
",9999999.000,9999999.000,0.000,1.000,0.000,0,0,3,0,0,3,3,0,0.0,0.0,1.0,0.0,0.0,1.0,1
"G[0,1](((BGTestAvgNumPtRep >= 3.931 -> TotChol >= 0.000) -> BGTestAvgNumMeter <= 0.000) & TSH >= 0.000)
",9999999.000,9999999.000,0.000,1.000,0.000,0,0,0,3,3,0,0,3,0.0,0.0,0.0,0.0,0.0,1.0,1
"G[0,2](((AlbCreatRat_mggNew >= 0.226 | NumPumpBolusOrShortAct <= 2.349) -> TotalDailyInsPerKg <= 2.675) | TotChol <= 2.224)
",9999999.000,9999999.000,0.000,1.000,0.000,0,0,3,0,0,3,3,0,0.0,0.0,1.0,0.0,0.0,1.0,1
"G[1,2](((SMBGperDayPtMeterCombo >= 3.730 -> diagAgeCombo <= 4.000) | TotalDailyInsPerKg >= 4.000) & SMBGperDayPtMeterCombo <= 4.000)
",9999999.000,9999999.000,0.000,1.000,0.000,0,0,2,1,1,2,2,1,0.0,0.0,1.0,0.0,0.0,1.0,1
"G[1,2]((HbA1c >= 8.243 & AutonomicNeuroCl >= 0.000) & Pt_MotherT1D <= 0.000)
",9999999.000,9999999.000,0.000,1.000,0.000,0,0,3,0,0,3,3,0,0.0,0.0,1.0,0.0,0.0,1.0,1
"G[1,2](((Pt_CGMUseNumDays >= 0.000 & BldPrSys <= 127.711) -> Triglyc <= 131.056) & NumPumpBolusOrShortAct <= 136.169)
",9999999.000,9999999.000,0.000,1.000,0.000,0,0,3,0,0,3,3,0,0.0,0.0,1.0,0.0,0.0,1.0,1
"G[1,2](GFR <= 0.000 & BUN <= 6.278)
",9999999.000,9999999.000,0.000,1.000,0.000,0,0,2,1,1,2,2,1,0.0,0.0,1.0,0.0,0.0,1.0,1
"G[1,2](Pt_DKAFlg >= 0.000 & Pt_SHFlg = 0.000)
",9999999.000,9999999.000,0.000,1.000,0.000,0,0,3,0,0,3,3,0,0.0,0.0,1.0,0.0,0.0,1.0,1
"G[0,2](Pt_GrandparentT1D < 0.000 -> Pt_SHFlg = 0.000)
",9999999.000,9999999.000,0.000,1.000,0.000,0,0,3,0,0,3,3,0,0.0,0.0,1.0,0.0,0.0,1.0,1
"G[0,1](Pt_GrandparentT1D > 0.000 & Pt_SHFlg = 0.000)
",9999999.000,9999999.000,0.000,1.000,0.000,0,0,0,3,3,0,0,3,0.0,0.0,0.0,0.0,0.0,1.0,1
"F[0,0](((Pt_FatherT1D <= 0.000 -> Pt_SiblingT1D >= 0.000) & HbA1cImputeDtMnC >= 0.000) | Pt_DKAFlg <= 0.000)
",0.000,0.000,0.000,0.000,1.000,0,0,0,3,3,0,0,3,0.0,0.0,0.0,0.0,0.0,1.0,-1
"((WeightKg >= 41.533) U[0,1] (SMBGperDayPtMeterCombo >= 3.691))
",-9999999.000,-9999999.000,0.000,0.000,1.000,0,0,0,3,3,0,0,3,0.0,0.0,0.0,0.0,0.0,1.0,-1
"F[0,1](((Pt_FatherT1D <= 0.000 | Pt_DKAFlg >= 0.000) & Pt_GrandchildT1D >= 0.000) -> NumPumpBolusOrShortAct >= 0.000)
",-9999999.000,-9999999.000,0.000,0.000,1.000,0,0,0,3,3,0,0,3,0.0,0.0,0.0,0.0,0.0,1.0,-1
"((diagAgeCombo <= 4.000) U[0,1] (Pt_SHFlg <= 0.000))
",-9999999.000,-9999999.000,0.000,0.000,1.000,0,0,0,3,3,0,0,3,0.0,0.0,0.0,0.0,0.0,1.0,-1
"F[0,0]((Pt_CGMUseNumDays <= 0.000 | BldPrDia <= 69.319) | BUN <= 74.469)
",74.469,74.469,0.000,0.000,1.000,0,0,0,3,3,0,0,3,0.0,0.0,0.0,0.0,0.0,1.0,-1
"F[0,2](((diagAgeCombo >= 4.000 -> Pt_DKAFlg <= 0.000) -> diagAgeCombo >= 0.000) | NumPumpBolusOrShortAct <= 0.000)
",-9999999.000,-9999999.000,0.000,0.000,1.000,0,0,0,3,3,0,0,3,0.0,0.0,0.0,0.0,0.0,1.0,-1
"F[1,2]((Pt_DKAFlg <= 0.000 | AlbCreatRat_mggNew >= 0.440) -> SMBGperDayPtMeterCombo <= 1.043)
",-9999999.000,-9999999.000,0.000,0.000,1.000,0,0,0,3,3,0,0,3,0.0,0.0,0.0,0.0,0.0,1.0,-1
"((Pt_A1cGoalLev <= 0.000) U[2,2] (WeightKg >= 51.371))
",0.000,0.000,0.000,0.000,1.000,0,0,0,3,3,0,0,3,0.0,0.0,0.0,0.0,0.0,1.0,-1
"F[0,2](((Pt_GrandchildT1D <= 0.000 & DirectLDL <= 0.000) | Pt_A1cGoalLevelDsYr5 <= 0.000) -> LDL <= 0.000)
",-9999999.000,-9999999.000,0.000,0.000,1.000,0,0,0,3,3,0,0,3,0.0,0.0,0.0,0.0,0.0,1.0,-1
"F[0,2](HbA1cImputeDtMnC <= 32.572 | BldPrDia >= 65.977)
",-9999999.000,-9999999.000,0.000,0.000,1.000,0,0,0,3,3,0,0,3,0.0,0.0,0.0,0.0,0.0,1.0,-1
"F[0,2](((Pt_A1cGoalLevelDsYr5 <= 0.000 | LDL >= 13.398) -> UnitsInsBasalOrLongAct <= 31.326) -> Pt_GrandparentT1D <= 121.553)
",-9999999.000,-9999999.000,0.000,0.000,1.000,0,0,0,3,3,0,0,3,0.0,0.0,0.0,0.0,0.0,1.0,-1
"F[0,1](((AutonomicNeuroCl >= 0.000 -> SMBGperDayPtMeterCombo <= 4.611) | BGTestAvgNumMeter <= 4.201) | BGTestAvgNumPtRep >= 3.562)
",-9999999.000,-9999999.000,0.000,0.000,1.000,0,0,0,3,3,0,0,3,0.0,0.0,0.0,0.0,0.0,1.0,-1
"F[1,2]((Pt_SiblingT1D <= 0.000 & BldPrDia >= 65.536) -> HeightCm >= 66.950)
",-9999999.000,-9999999.000,0.000,0.000,1.000,0,0,0,3,3,0,0,3,0.0,0.0,0.0,0.0,0.0,1.0,-1
"G[1,2](Pt_A1cGoalLev >= 0.000 -> Pt_SHFlg = 0.000)
",9999999.000,9999999.000,0.000,1.000,0.000,0,0,3,0,0,3,3,0,0.0,0.0,1.0,0.0,0.0,1.0,1
"((AlbCreatRat_mggNew <= 2.016) U[1,1] (GFR <= 0.000))
",2.016,2.016,0.000,0.000,1.000,0,0,0,3,3,0,0,3,0.0,0.0,0.0,0.0,0.0,1.0,-1
"F[2,2](HbA1cImputeDtMnC <= 47.483 | BldPrDia >= 63.256)
",47.483,47.483,0.000,0.000,1.000,0,0,0,3,3,0,0,3,0.0,0.0,0.0,0.0,0.0,1.0,-1
"F[0,2]((bmiZscore >= 1.697 & Pt_DKAFlg <= 0.000) | HeightCm >= 0.000)
",-9999999.000,-9999999.000,0.000,0.000,1.000,0,0,0,3,3,0,0,3,0.0,0.0,0.0,0.0,0.0,1.0,-1
"F[1,2](((Pt_A1cGoalLevelDsYr5 >= 0.000 -> Pt_A1cGoalLev <= 0.000) & Pt_FatherT1D >= 0.000) & Triglyc >= 0.000)
",-9999999.000,-9999999.000,0.000,0.000,1.000,0,0,0,3,3,0,0,3,0.0,0.0,0.0,0.0,0.0,1.0,-1
"((HDL >= 7.192) U[0,0] (Pt_ChildT1D >= 0.000))
",0.000,0.000,0.000,0.000,1.000,0,0,0,3,3,0,0,3,0.0,0.0,0.0,0.0,0.0,1.0,-1
"F[2,2]((Pt_DKAFlg >= 0.000 | bmi >= 21.990) | DirectLDL <= 24.944)
",24.944,24.944,0.000,0.000,1.000,0,0,0,3,3,0,0,3,0.0,0.0,0.0,0.0,0.0,1.0,-1
"F[0,1]((SMBGperDayPtMeterCombo >= 3.653 | NumPumpBolusOrShortAct <= 2.448) & diabDur >= 1.377)
",-9999999.000,-9999999.000,0.000,0.000,1.000,0,0,0,3,3,0,0,3,0.0,0.0,0.0,0.0,0.0,1.0,-1
"F[0,1](((BUN >= 2.217 | Pt_ChildT1D <= 0.000) -> TotalDailyInsPerKg <= 0.000) -> TotalDailyInsPerKg <= 0.000)
",-9999999.000,-9999999.000,0.000,0.000,1.000,0,0,0,3,3,0,0,3,0.0,0.0,0.0,0.0,0.0,1.0,-1
"F[0,0]((BGTestAvgNumPtRep <= 4.718 -> BGTestAvgNumPtRep >= 3.763) | BldPrSys >= 3.699)
",-2.998,-1.224,0.000,0.000,1.000,0,0,0,3,3,0,0,3,0.0,0.0,0.0,0.0,0.0,1.0,-1
"F[0,1](((NumPumpBolusOrShortAct <= 2.098 | bmiPerc <= 0.984) -> BldPrDia <= 0.981) -> GFR >= 0.958)
",-9999999.000,-9999999.000,0.000,0.000,1.000,0,0,0,3,3,0,0,3,0.0,0.0,0.0,0.0,0.0,1.0,-1
"F[2,2]((AlbCreatRat_mggNew >= 0.030 & Pt_DKAFlg >= 0.000) | TSH >= 0.000)
",0.000,0.000,0.000,0.000,1.000,0,0,0,3,3,0,0,3,0.0,0.0,0.0,0.0,0.0,1.0,-1
"F[1,2]((BGTestAvgNumPtRep <= 4.387 & bmi <= 24.832) | diagAgeCombo <= 26.214)
",-9999999.000,-9999999.000,0.000,0.000,1.000,0,0,0,3,3,0,0,3,0.0,0.0,0.0,0.0,0.0,1.0,-1
"F[0,1](((HbA1cImputeDtMnC >= 3.233 -> diabDur >= 3.631) | BGTestAvgNumMeter <= 6.582) | Pt_ChildT1D >= 2.297)
",-9999999.000,-9999999.000,0.000,0.000,1.000,0,0,0,3,3,0,0,3,0.0,0.0,0.0,0.0,0.0,1.0,-1
"((HDL <= 29.626) U[2,2] (TotalDailyInsPerKg >= 0.750))
",8338969965594149.000,29.626,0.000,0.000,1.000,0,0,0,3,3,0,0,3,0.0,0.0,0.0,0.0,0.0,1.0,-1
"F[1,2]((bmiPerc <= 0.984 -> UnitsInsBasalOrLongAct <= 25.991) | BGTestAvgNumPtRep <= 25.756)
",-9999999.000,-9999999.000,0.000,0.000,1.000,0,0,0,3,3,0,0,3,0.0,0.0,0.0,0.0,0.0,1.0,-1
"((Pt_MotherT1D >= 0.000) U[1,1] (Pt_SiblingT1D <= 0.000))
",0.000,0.000,0.000,0.000,1.000,0,0,0,3,3,0,0,3,0.0,0.0,0.0,0.0,0.0,1.0,-1
"F[1,2]((bmiPerc >= 0.964 -> Pt_DKAFlg <= 0.000) | TotChol <= 0.000)
",-9999999.000,-9999999.000,0.000,0.000,1.000,0,0,0,3,3,0,0,3,0.0,0.0,0.0,0.0,0.0,1.0,-1
"F[0,1]((BldPrSys >= 109.670 -> GFR >= 0.000) & AutonomicNeuroCl <= 0.000)
",-9999999.000,-9999999.000,0.000,0.000,1.000,0,0,0,3,3,0,0,3,0.0,0.0,0.0,0.0,0.0,1.0,-1
"F[0,0](HbA1c >= 8.561 -> Pt_A1cGoalLevelDsYr5 = 0.000)
",0.000,0.000,0.000,0.000,1.000,0,0,0,3,3,0,0,3,0.0,0.0,0.0,0.0,0.0,1.0,-1
"F[1,2]((bmiPerc <= 0.984 | Pt_FatherT1D >= 0.000) | HeightCm <= 0.000)
",-9999999.000,-9999999.000,0.000,0.000,1.000,0,0,0,3,3,0,0,3,0.0,0.0,0.0,0.0,0.0,1.0,-1
"F[1,2]((Pt_GrandparentT1D >= 0.000 & bmiPerc >= 0.956) -> WeightKg <= 0.975)
",-9999999.000,-9999999.000,0.000,0.000,1.000,0,0,0,3,3,0,0,3,0.0,0.0,0.0,0.0,0.0,1.0,-1
"F[0,2](((Pt_A1cGoalLevelDsYr5 <= 0.000 | SMBGperDayPtMeterCombo >= 3.763) -> AlbCreatRat_mggNew >= 3.692) | Pt_ChildT1D >= 3.305)
",-9999999.000,-9999999.000,0.000,0.000,1.000,0,0,0,3,3,0,0,3,0.0,0.0,0.0,0.0,0.0,1.0,-1
"((diagAgeCombo >= 4.000) U[0,1] (bmiPerc >= 0.969))
",-9999999.000,-9999999.000,0.000,0.000,1.000,0,0,0,3,3,0,0,3,0.0,0.0,0.0,0.0,0.0,1.0,-1
"F[0,0]((DirectLDL >= 0.000 -> NumPumpBolusOrShortAct >= 0.309) -> HbA1c >= 1.549)
",0.944,0.886,0.000,0.000,1.000,0,0,0,3,3,0,0,3,0.0,0.0,0.0,0.0,0.0,1.0,-1
"F[0,2](((AutonomicNeuroCl <= 0.000 -> Triglyc >= 3.692) | Pt_InsGov >= 2.632) & bmiPerc >= 3.097)
",-9999999.000,-9999999.000,0.000,0.000,1.000,0,0,0,3,3,0,0,3,0.0,0.0,0.0,0.0,0.0,1.0,-1
"F[1,2](Pt_A1cGoalLevelDsYr5 <= 0.000 -> BldPrDia <= 67.973)
",-9999999.000,-9999999.000,0.000,0.000,1.000,0,0,0,3,3,0,0,3,0.0,0.0,0.0,0.0,0.0,1.0,-1
"F[1,2](((Pt_SiblingT1D <= 0.000 | Pt_MotherT1D <= 0.000) & Pt_A1cGoalLevelDsYr5 <= 0.000) -> BldPrDia >= 0.000)
",-9999999.000,-9999999.000,0.000,0.000,1.000,0,0,0,3,3,0,0,3,0.0,0.0,0.0,0.0,0.0,1.0,-1
"F[1,1](NumPumpBolusOrShortAct <= 2.325 | HDL <= 15.281)
",15.281,15.281,0.000,0.000,1.000,0,0,0,3,3,0,0,3,0.0,0.0,0.0,0.0,0.0,1.0,-1
"((UnitsInsBasalOrLongAct >= 6.223) U[2,2] (BldPrSys <= 126.936))
",8932305420945485.000,126.936,0.000,0.000,1.000,0,0,0,3,3,0,0,3,0.0,0.0,0.0,0.0,0.0,1.0,-1
"F[0,2](GFR >= 0.000 | TotChol >= 0.000)
",-9999999.000,-9999999.000,0.000,0.000,1.000,0,0,0,3,3,0,0,3,0.0,0.0,0.0,0.0,0.0,1.0,-1
"F[0,2](((BGTestAvgNumMeter >= 3.811 & Pt_A1cGoalLev <= 0.000) & AutonomicNeuroCl >= 0.000) | Triglyc >= 0.000)
",-9999999.000,-9999999.000,0.000,0.000,1.000,0,0,0,3,3,0,0,3,0.0,0.0,0.0,0.0,0.0,1.0,-1
"F[1,2](((bmiPerc >= 0.963 | AlbCreatRat_mggNew >= 0.231) -> BldPrDia >= 0.427) & LDL <= 2.381)
",-9999999.000,-9999999.000,0.000,0.000,1.000,0,0,0,3,3,0,0,3,0.0,0.0,0.0,0.0,0.0,1.0,-1
"F[1,2]((bmi <= 24.036 & Pt_A1cGoalLevelDsYr5 <= 0.000) & BGTestAvgNumMeter >= 0.000)
",-9999999.000,-9999999.000,0.000,0.000,1.000,0,0,0,3,3,0,0,3,0.0,0.0,0.0,0.0,0.0,1.0,-1
"F[2,2]((TotalDailyInsPerKg <= 0.922 & bmi >= 21.922) & TSH <= 24.365)
",-21.922,-21.922,0.000,0.000,1.000,0,0,0,3,3,0,0,3,0.0,0.0,0.0,0.0,0.0,1.0,-1
"F[0,2](bmiPerc >= 0.954 -> Pt_A1cGoalLev >= 0.000)
",-9999999.000,-9999999.000,0.000,0.000,1.000,0,0,0,3,3,0,0,3,0.0,0.0,0.0,0.0,0.0,1.0,-1
"F[0,2]((HeightCm <= 155.495 -> diagAgeCombo >= 4.000) -> BldPrSys <= 4.000)
",-9999999.000,-9999999.000,0.000,0.000,1.000,0,0,0,3,3,0,0,3,0.0,0.0,0.0,0.0,0.0,1.0,-1
"F[0,1]((NumPumpBolusOrShortAct <= 2.803 | Pt_GrandchildT1D <= 0.000) & BUN <= 0.000)
",-9999999.000,-9999999.000,0.000,0.000,1.000,0,0,0,3,3,0,0,3,0.0,0.0,0.0,0.0,0.0,1.0,-1
"F[0,1](Pt_FatherT1D >= 0.000 | age <= 9.659)
",-9999999.000,-9999999.000,0.000,0.000,1.000,0,0,0,3,3,0,0,3,0.0,0.0,0.0,0.0,0.0,1.0,-1
"G[1,2](((Pt_SiblingT1D <= 0.000 | HbA1c <= 9.140) -> DirectLDL <= 9.334) -> HDL <= 9.223)
",9999999.000,9999999.000,0.000,1.000,0.000,0,0,3,0,0,3,3,0,0.0,0.0,1.0,0.0,0.0,1.0,1
"G[0,2]((Pt_SHFlg <= 0.000 -> HDL >= 0.950) & LDL <= 12.919)
",9999999.000,9999999.000,0.000,1.000,0.000,0,0,0,3,3,0,0,3,0.0,0.0,0.0,0.0,0.0,1.0,1
"G[2,2](BldPrDia <= 74.771 | bmiPerc >= 0.972)
",74.771,74.771,0.000,1.000,0.000,0,0,3,0,0,3,3,0,0.0,0.0,1.0,0.0,0.0,1.0,1
"G[0,2]((DirectLDL >= 0.000 & GFR >= 0.000) -> Pt_DKAFlg <= 0.000)
",9999999.000,9999999.000,0.000,1.000,0.000,0,0,3,0,0,3,3,0,0.0,0.0,1.0,0.0,0.0,1.0,1
"G[1,2]((GFR <= 0.000 | Pt_A1cGoalLev <= 0.000) | SMBGperDayPtMeterCombo <= 0.000)
",9999999.000,9999999.000,0.000,1.000,0.000,0,0,3,0,0,3,3,0,0.0,0.0,1.0,0.0,0.0,1.0,1
"G[0,2]((BGTestAvgNumMeter >= 3.925 -> diagAgeCombo >= 4.000) | DirectLDL >= 4.000)
",9999999.000,9999999.000,0.000,1.000,0.000,0,0,3,0,0,3,3,0,0.0,0.0,1.0,0.0,0.0,1.0,1
"G[1,2](AlbCreatRat_mggNew >= 0.149 & HbA1c <= 9.325)
",9999999.000,9999999.000,0.000,1.000,0.000,0,0,1,2,2,1,1,2,0.0,0.0,1.0,0.0,0.0,1.0,1
"G[0,2](HbA1cImputeDtMnC >= 16.864 & Pt_FatherT1D <= 0.000)
",9999999.000,9999999.000,0.000,1.000,0.000,0,0,2,1,1,2,2,1,0.0,0.0,1.0,0.0,0.0,1.0,1
"G[0,1](((BldPrSys >= 110.534 | GFR >= 0.000) & bmiZscore <= 0.000) & AutonomicNeuroCl >= 0.000)
",9999999.000,9999999.000,0.000,1.000,0.000,0,0,0,3,3,0,0,3,0.0,0.0,0.0,0.0,0.0,1.0,1
"G[0,1]((AutonomicNeuroCl >= 0.000 & HDL <= 47.975) -> Pt_FatherT1D >= 4.861)
",9999999.000,9999999.000,0.000,1.000,0.000,0,0,0,3,3,0,0,3,0.0,0.0,0.0,0.0,0.0,1.0,1
"G[1,2](((Pt_CGMUseNumDays <= 0.000 | Pt_DKAFlg >= 0.000) & Pt_InsGov >= 0.000) & bmiZscore <= 0.000)
",9999999.000,9999999.000,0.000,1.000,0.000,0,0,0,3,3,0,0,3,0.0,0.0,0.0,0.0,0.0,1.0,1
"G[2,2]((WeightKg <= 55.621 -> AlbCreatRat_mggNew <= 2.844) & AlbCreatRat_mggNew >= 0.378)
",-7827946118391245.000,-55.621,0.000,1.000,0.000,0,0,3,0,0,3,3,0,0.0,0.0,1.0,0.0,0.0,1.0,1
"G[2,2](((Pt_GrandchildT1D >= 0.000 -> SMBGperDayPtMeterCombo >= 3.913) -> UnitsInsBasalOrLongAct >= 3.986) & UnitsInsBasalOrLongAct <= 4.838)
",0.000,0.000,0.000,1.000,0.000,0,0,3,0,0,3,3,0,0.0,0.0,1.0,0.0,0.0,1.0,1
"G[0,2]((Pt_MotherT1D >= 0.000 -> bmiZscore <= 2.093) -> diabDur <= 1.996)
",9999999.000,9999999.000,0.000,1.000,0.000,0,0,1,2,2,1,1,2,0.0,0.0,1.0,0.0,0.0,1.0,1
"G[0,2]((UnitsInsBasalOrLongAct <= 25.993 | HeightCm >= 145.240) | Triglyc <= 158.104)
",9999999.000,9999999.000,0.000,1.000,0.000,0,0,3,0,0,3,3,0,0.0,0.0,1.0,0.0,0.0,1.0,1
"G[0,2](((WeightKg <= 57.605 -> Pt_MotherT1D <= 0.000) | TotChol >= 0.000) -> LDL <= 0.000)
",9999999.000,9999999.000,0.000,1.000,0.000,0,0,2,1,1,2,2,1,0.0,0.0,1.0,0.0,0.0,1.0,1
"G[1,2](bmiZscore <= 2.133 -> DirectLDL <= 0.000)
",9999999.000,9999999.000,0.000,1.000,0.000,0,0,3,0,0,3,3,0,0.0,0.0,1.0,0.0,0.0,1.0,1
"G[0,2](((LDL <= 78.537 | LDL <= 32.317) | Pt_A1cGoalLev <= 38.537) -> Pt_SHFlg >= 7.227)
",9999999.000,9999999.000,0.000,1.000,0.000,0,0,0,3,3,0,0,3,0.0,0.0,0.0,0.0,0.0,1.0,1
"G[0,2](((LDL <= 51.594 | BldPrDia <= 67.269) | BUN >= 64.833) & Pt_DKAFlg >= 65.721)
",9999999.000,9999999.000,0.000,1.000,0.000,0,0,0,3,3,0,0,3,0.0,0.0,0.0,0.0,0.0,1.0,1
"G[1,1]((age >= 7.936 -> HbA1cImputeDtMnC >= 9.143) -> Pt_GrandchildT1D >= 0.064)
",-8935050674887299.000,-7.936,0.000,1.000,0.000,0,0,0,3,3,0,0,3,0.0,0.0,0.0,0.0,0.0,1.0,1
"G[1,2]((Triglyc <= 42.289 & UnitsInsBasalOrLongAct <= 26.162) & UnitsInsBasalOrLongAct >= 10.063)
",9999999.000,9999999.000,0.000,1.000,0.000,0,0,2,1,1,2,2,1,0.0,0.0,1.0,0.0,0.0,1.0,1
"G[1,2]((BGTestAvgNumMeter <= 4.717 -> TSH >= 0.257) & Pt_InsGov <= 0.912)
",9999999.000,9999999.000,0.000,1.000,0.000,0,0,2,1,1,2,2,1,0.0,0.0,1.0,0.0,0.0,1.0,1
"G[1,2](Triglyc >= 9.658 & BUN >= 3.587)
",9999999.000,9999999.000,0.000,1.000,0.000,0,0,0,3,3,0,0,3,0.0,0.0,0.0,0.0,0.0,1.0,1
"G[0,1](((BldPrSys >= 107.333 & HbA1c >= 8.413) | SMBGperDayPtMeterCombo >= 8.615) & Pt_GrandparentT1D >= 8.574)
",9999999.000,9999999.000,0.000,1.000,0.000,0,0,0,3,3,0,0,3,0.0,0.0,0.0,0.0,0.0,1.0,1
"G[2,2](((Pt_InsGov >= 0.000 | NumPumpBolusOrShortAct >= 0.185) | Pt_GrandchildT1D <= 2.426) -> Pt_InsGov <= 2.605)
",-2.605,-2.605,0.000,1.000,0.000,0,0,3,0,0,3,3,0,0.0,0.0,1.0,0.0,0.0,1.0,1
"G[1,2](((NumPumpBolusOrShortAct <= 2.914 | TSH >= 0.629) & bmi >= 0.070) -> BGTestAvgNumPtRep <= 1.422)
",9999999.000,9999999.000,0.000,1.000,0.000,0,0,0,3,3,0,0,3,0.0,0.0,0.0,0.0,0.0,1.0,1
"G[0,2](BGTestAvgNumPtRep <= 4.898 | bmiZscore >= 1.826)
",9999999.000,9999999.000,0.000,1.000,0.000,0,0,2,1,1,2,2,1,0.0,0.0,1.0,0.0,0.0,1.0,1
"G[1,2](((NumPumpBolusOrShortAct >= 0.468 & HbA1cImputeDtMnC >= 28.278) | HbA1c <= 52.706) | TSH >= 17.723)
",9999999.000,9999999.000,0.000,1.000,0.000,0,0,3,0,0,3,3,0,0.0,0.0,1.0,0.0,0.0,1.0,1
"G[1,2](Pt_FatherT1D >= 0.000 | NumPumpBolusOrShortAct >= 0.447)
",9999999.000,9999999.000,0.000,1.000,0.000,0,0,3,0,0,3,3,0,0.0,0.0,1.0,0.0,0.0,1.0,1
"G[0,1](BldPrSys >= 107.673 & bmiZscore <= 2.045)
",9999999.000,9999999.000,0.000,1.000,0.000,0,0,0,3,3,0,0,3,0.0,0.0,0.0,0.0,0.0,1.0,1
"G[0,2](((BldPrSys <= 128.490 & Pt_A1cGoalLevelDsYr5 <= 0.000) & WeightKg >= 0.000) -> AutonomicNeuroCl <= 0.000)
",9999999.000,9999999.000,0.000,1.000,0.000,0,0,3,0,0,3,3,0,0.0,0.0,1.0,0.0,0.0,1.0,1
"G[0,2](SMBGperDayPtMeterCombo <= 4.261 | UnitsInsBasalOrLongAct <= 24.070)
",9999999.000,9999999.000,0.000,1.000,0.000,0,0,2,1,1,2,2,1,0.0,0.0,1.0,0.0,0.0,1.0,1
"G[2,2](((AlbCreatRat_mggNew <= 2.332 -> bmiZscore >= 1.833) | HbA1c <= 2.120) | BGTestAvgNumPtRep <= 2.047)
",2.120,2.120,0.000,1.000,0.000,0,0,3,0,0,3,3,0,0.0,0.0,1.0,0.0,0.0,1.0,1
"G[1,2]((bmi <= 25.504 & HDL >= 8.713) & Pt_A1cGoalLev <= 15.744)
",9999999.000,9999999.000,0.000,1.000,0.000,0,0,0,3,3,0,0,3,0.0,0.0,0.0,0.0,0.0,1.0,1
"G[2,2](BldPrSys <= 116.355 | TotalDailyInsPerKg >= 0.764)
",116.355,116.355,0.000,1.000,0.000,0,0,3,0,0,3,3,0,0.0,0.0,1.0,0.0,0.0,1.0,1
"G[1,2]((bmi >= 22.978 & TSH >= 0.274) & TSH >= 0.409)
",9999999.000,9999999.000,0.000,1.000,0.000,0,0,1,2,2,1,1,2,0.0,0.0,1.0,0.0,0.0,1.0,1
"G[1,2](AlbCreatRat_mggNew <= 1.948 & TotalDailyInsPerKg <= 0.886)
",9999999.000,9999999.000,0.000,1.000,0.000,0,0,0,3,3,0,0,3,0.0,0.0,0.0,0.0,0.0,1.0,1
"G[1,2](((BGTestAvgNumMeter >= 3.372 | WeightKg >= 42.875) & bmiPerc >= 42.662) & Pt_ChildT1D <= 68.896)
",9999999.000,9999999.000,0.000,1.000,0.000,0,0,0,3,3,0,0,3,0.0,0.0,0.0,0.0,0.0,1.0,1
"G[2,2](bmi >= 21.948 -> NumPumpBolusOrShortAct <= 1.940)
",-8735313286822581.000,-1.940,0.000,1.000,0.000,0,0,3,0,0,3,3,0,0.0,0.0,1.0,0.0,0.0,1.0,1
"G[1,2]((BUN <= 6.669 -> HbA1c >= 8.591) -> diabDur >= 8.323)
",9999999.000,9999999.000,0.000,1.000,0.000,0,0,0,3,3,0,0,3,0.0,0.0,0.0,0.0,0.0,1.0,1
"G[1,2]((bmi >= 22.712 & bmiPerc >= 0.965) & HbA1cImputeDtMnC <= 0.977)
",9999999.000,9999999.000,0.000,1.000,0.000,0,0,0,3,3,0,0,3,0.0,0.0,0.0,0.0,0.0,1.0,1
"G[1,2](BGTestAvgNumPtRep >= 4.038 | HbA1cImputeDtMnC <= 61.592)
",9999999.000,9999999.000,0.000,1.000,0.000,0,0,3,0,0,3,3,0,0.0,0.0,1.0,0.0,0.0,1.0,1
"G[2,2](BGTestAvgNumMeter <= 4.465 -> diabDur >= 2.996)
",-4.465,-4.465,0.000,1.000,0.000,0,0,3,0,0,3,3,0,0.0,0.0,1.0,0.0,0.0,1.0,1
"G[0,2]((BUN >= 2.071 -> HeightCm <= 150.333) & BUN <= 165.535)
",9999999.000,9999999.000,0.000,1.000,0.000,0,0,2,1,1,2,2,1,0.0,0.0,1.0,0.0,0.0,1.0,1
"G[2,2]((BUN >= 1.689 & HbA1cImputeDtMnC >= 7.714) & SMBGperDayPtMeterCombo >= 9.332)
",-9.332,-9.332,0.000,1.000,0.000,0,0,3,0,0,3,3,0,0.0,0.0,1.0,0.0,0.0,1.0,1
"G[0,2](bmiPerc >= 0.971 | BUN <= 11.856)
",9999999.000,9999999.000,0.000,1.000,0.000,0,0,3,0,0,3,3,0,0.0,0.0,1.0,0.0,0.0,1.0,1
"G[1,2](((BGTestAvgNumPtRep <= 4.381 -> bmiPerc <= 0.976) | Pt_MotherT1D <= 0.976) | HbA1c >= 0.961)
",9999999.000,9999999.000,0.000,1.000,0.000,0,0,3,0,0,3,3,0,0.0,0.0,1.0,0.0,0.0,1.0,1
"G[0,1](((BUN >= 2.933 -> HDL >= 10.082) -> Pt_ChildT1D >= 0.520) & Pt_InsGov <= 22.460)
",9999999.000,9999999.000,0.000,1.000,0.000,0,0,0,3,3,0,0,3,0.0,0.0,0.0,0.0,0.0,1.0,1
"G[0,2]((BUN >= 2.757 -> LDL >= 19.332) -> UnitsInsBasalOrLongAct >= 5.175)
",9999999.000,9999999.000,0.000,1.000,0.000,0,0,3,0,0,3,3,0,0.0,0.0,1.0,0.0,0.0,1.0,1
"G[0,2](bmiZscore <= 2.016 | UnitsInsBasalOrLongAct <= 23.826)
",9999999.000,9999999.000,0.000,1.000,0.000,0,0,1,2,2,1,1,2,0.0,0.0,1.0,0.0,0.0,1.0,1
"G[2,2]((age >= 7.302 -> BGTestAvgNumPtRep <= 4.862) -> Pt_DKAFlg <= 4.986)
",-4.986,-4.986,0.000,1.000,0.000,0,0,3,0,0,3,3,0,0.0,0.0,1.0,0.0,0.0,1.0,1
"G[0,2]((BGTestAvgNumMeter <= 4.953 | WeightKg <= 54.828) & NumPumpBolusOrShortAct >= 47.760)
",9999999.000,9999999.000,0.000,1.000,0.000,0,0,0,3,3,0,0,3,0.0,0.0,0.0,0.0,0.0,1.0,1
"G[1,2](((SMBGperDayPtMeterCombo <= 4.738 & HbA1cImputeDtMnC <= 56.275) | diagAgeCombo <= 50.375) | HDL >= 7.157)
",9999999.000,9999999.000,0.000,1.000,0.000,0,0,3,0,0,3,3,0,0.0,0.0,1.0,0.0,0.0,1.0,1
"G[2,2](((diagAgeCombo <= 4.000 | SMBGperDayPtMeterCombo >= 3.833) | HbA1c >= 3.897) | Pt_DKAFlg <= 4.741)
",4.741,4.741,0.000,1.000,0.000,0,0,3,0,0,3,3,0,0.0,0.0,1.0,0.0,0.0,1.0,1
"((Pt_DKAFlg >= 0.000) U[1,1] (Pt_CGMUseNumDays <= 0.000))
",0.000,0.000,0.000,0.000,1.000,0,0,0,3,3,0,0,3,0.0,0.0,0.0,0.0,0.0,1.0,-1
