Rule,Discrimination Score,Pos Robustness,Neg Robustness,Percent Class +,Percent Class -,TP,TN,FP,FN,Actual Yes,Actual No,Predicted Yes,Predicted No,TPR/Sens,TNR/Spec,FPR,Precision,Accuracy,MCR
"G[0,0]((BGTestAvgNumPtRep >= 1.604 & bmiPerc >= 0.405) -> Pt_GrandparentT1D <= 0.683)
",-2.035,-4.396,0.000,1.000,0.000,3,0,1,0,3,1,4,0,1.0,0.0,1.0,0.75,0.8571428571428571,0.1428571428571429
"G[1,1]((TSH <= 4.503 & SMBGperDayPtMeterCombo >= 1.755) | UnitsInsBasalOrLongAct <= 9.322)
",9.322,9.322,0.000,1.000,0.000,2,1,1,0,2,2,3,1,1.0,0.5,0.5,0.6666666666666666,0.8571428571428571,0.1428571428571429
"G[0,0](AlbCreatRat_mggNew >= 1.418 -> Triglyc <= 131.312)
",-131.312,-131.312,0.000,1.000,0.000,3,0,1,0,3,1,4,0,1.0,0.0,1.0,0.75,0.8571428571428571,0.1428571428571429
"G[1,1](((BldPrDia <= 75.854 & bmiZscore <= 0.703) | HDL <= 0.891) & Pt_MotherT1D <= 0.451)
",8117491297202413.000,0.451,0.000,1.000,0.000,2,1,1,0,2,2,3,1,1.0,0.5,0.5,0.6666666666666666,0.8571428571428571,0.1428571428571429
"G[0,0]((NumPumpBolusOrShortAct >= 1.089 | Pt_SHFlg >= 0.072) -> Pt_FatherT1D <= 0.916)
",-2.133,-45.162,0.000,1.000,0.000,3,0,1,0,3,1,4,0,1.0,0.0,1.0,0.75,0.8571428571428571,0.1428571428571429
"G[0,0]((Pt_SHFlg <= 0.953 & Triglyc <= 75.484) & bmi <= 81.494)
",-2.091,-44.281,0.000,1.000,0.000,2,1,0,1,3,1,2,2,0.6666666666666666,1.0,0.0,1.0,0.8571428571428571,0.1428571428571429
"G[0,0](HbA1c <= 8.491 & Triglyc <= 98.119)
",3.594,5.314,0.000,1.000,0.000,2,1,0,1,3,1,2,2,0.6666666666666666,1.0,0.0,1.0,0.8571428571428571,0.1428571428571429
"G[0,0](diabDur <= 14.003 | HDL <= 20.182)
",0.761,7.063,0.000,1.000,0.000,3,0,1,0,3,1,4,0,1.0,0.0,1.0,0.75,0.8571428571428571,0.1428571428571429
"G[0,0](((diabDur <= 15.353 -> TotalDailyInsPerKg >= 0.321) & LDL <= 0.879) & diabDur >= 0.079)
",-8.440,-14.345,0.000,1.000,0.000,2,1,0,1,3,1,2,2,0.6666666666666666,1.0,0.0,1.0,0.8571428571428571,0.1428571428571429
"G[1,1](TotalDailyInsPerKg <= 0.442 -> UnitsInsBasalOrLongAct <= 27.058)
",-27.058,-27.058,0.000,1.000,0.000,2,1,1,0,2,2,3,1,1.0,0.5,0.5,0.6666666666666666,0.8571428571428571,0.1428571428571429
"G[0,0](BGTestAvgNumMeter <= 6.215 -> WeightKg >= 50.205)
",5.600,21.119,0.000,1.000,0.000,2,1,0,1,3,1,2,2,0.6666666666666666,1.0,0.0,1.0,0.8571428571428571,0.1428571428571429
"G[0,1](BGTestAvgNumMeter >= 2.576 -> diabDur >= 13.641)
",9999999.000,9999999.000,0.000,1.000,0.000,2,1,1,0,2,2,3,1,1.0,0.5,0.5,0.6666666666666666,0.8571428571428571,0.1428571428571429
"G[0,1](Pt_A1cGoalLev >= 0.996 | LDL <= 90.309)
",9999999.000,9999999.000,0.000,1.000,0.000,2,1,1,0,2,2,3,1,1.0,0.5,0.5,0.6666666666666666,0.8571428571428571,0.1428571428571429
"G[0,0]((HDL >= 1.605 -> Pt_A1cGoalLevelDsYr5 >= 0.000) | Pt_CGMUseNumDays >= 0.000)
",1718.000,1718.000,0.000,1.000,0.000,3,0,1,0,3,1,4,0,1.0,0.0,1.0,0.75,0.8571428571428571,0.1428571428571429
"G[0,0]((HbA1cImputeDtMnC >= 36.723 -> UnitsInsBasalOrLongAct <= 30.499) | Pt_GrandchildT1D <= 29.370)
",8266928295165013.000,29.370,0.000,1.000,0.000,3,0,1,0,3,1,4,0,1.0,0.0,1.0,0.75,0.8571428571428571,0.1428571428571429
"G[1,1](SMBGperDayPtMeterCombo >= 0.621 & BGTestAvgNumPtRep >= 1.142)
",-1.142,-1.142,0.000,1.000,0.000,2,1,1,0,2,2,3,1,1.0,0.5,0.5,0.6666666666666666,0.8571428571428571,0.1428571428571429
"G[0,0](((Pt_SHFlg <= 0.528 | Pt_MotherT1D >= 0.000) | TotChol >= 0.000) -> Pt_ChildT1D >= 0.000)
",-1.390,-27.667,0.000,1.000,0.000,3,0,1,0,3,1,4,0,1.0,0.0,1.0,0.75,0.8571428571428571,0.1428571428571429
"G[0,0](((BUN >= 1.894 -> WeightKg <= 54.208) | HbA1cImputeDtMnC <= 58.076) -> Pt_A1cGoalLevelDsYr5 <= 55.437)
",-45.269,-56.317,0.000,1.000,0.000,3,0,1,0,3,1,4,0,1.0,0.0,1.0,0.75,0.8571428571428571,0.1428571428571429
"G[1,1](SMBGperDayPtMeterCombo >= 4.787 & BGTestAvgNumPtRep >= 1.567)
",-4.787,-4.787,0.000,1.000,0.000,2,1,1,0,2,2,3,1,1.0,0.5,0.5,0.6666666666666666,0.8571428571428571,0.1428571428571429
"G[1,1](SMBGperDayPtMeterCombo >= 2.976 & BGTestAvgNumPtRep >= 1.237)
",-6701383830159741.000,-2.976,0.000,1.000,0.000,2,1,1,0,2,2,3,1,1.0,0.5,0.5,0.6666666666666666,0.8571428571428571,0.1428571428571429
"G[0,0]((DirectLDL >= 0.000 | TotChol <= 140.713) -> NumPumpBolusOrShortAct <= 37.613)
",-29.388,-164.367,0.000,1.000,0.000,3,0,1,0,3,1,4,0,1.0,0.0,1.0,0.75,0.8571428571428571,0.1428571428571429
"G[1,1]((BGTestAvgNumPtRep >= 2.488 | LDL >= 8.108) & AutonomicNeuroCl <= 44.656)
",-2.488,-2.488,0.000,1.000,0.000,2,0,2,0,2,2,4,0,1.0,0.0,1.0,0.5,0.5714285714285714,0.4285714285714286
"G[0,1](diabDur >= 13.129 | HbA1c <= 7.927)
",9999999.000,9999999.000,0.000,1.000,0.000,1,1,1,1,2,2,2,2,0.5,0.5,0.5,0.5,0.5714285714285714,0.4285714285714286
"G[0,0]((SMBGperDayPtMeterCombo >= 4.757 & TotChol <= 125.306) | GFR >= 29.014)
",15.564,67.243,0.000,1.000,0.000,1,1,0,2,3,1,1,3,0.3333333333333333,1.0,0.0,1.0,0.5714285714285714,0.4285714285714286
"G[0,1](((BGTestAvgNumMeter >= 3.194 & TotalDailyInsPerKg <= 0.413) -> bmiPerc >= 0.234) & BldPrDia >= 0.312)
",9999999.000,9999999.000,0.000,1.000,0.000,2,0,2,0,2,2,4,0,1.0,0.0,1.0,0.5,0.5714285714285714,0.4285714285714286
"G[0,1]((Pt_CGMUseNumDays <= 7.142 | TSH >= 1.752) | HeightCm <= 4.957)
",9999999.000,9999999.000,0.000,1.000,0.000,2,0,2,0,2,2,4,0,1.0,0.0,1.0,0.5,0.5714285714285714,0.4285714285714286
"G[0,1]((AlbCreatRat_mggNew >= 1.474 & BldPrSys <= 126.680) -> BUN <= 126.823)
",9999999.000,9999999.000,0.000,1.000,0.000,2,0,2,0,2,2,4,0,1.0,0.0,1.0,0.5,0.5714285714285714,0.4285714285714286
"G[1,1]((bmiPerc >= 0.540 -> NumPumpBolusOrShortAct >= 1.372) & diagAgeCombo <= 4.237)
",0.540,0.540,0.000,1.000,0.000,1,1,1,1,2,2,2,2,0.5,0.5,0.5,0.5,0.5714285714285714,0.4285714285714286
"G[0,1](((diagAgeCombo >= 0.000 | NumPumpBolusOrShortAct <= 6.709) & Pt_InsGov >= 0.429) -> bmiPerc <= 2.899)
",9999999.000,9999999.000,0.000,1.000,0.000,2,0,2,0,2,2,4,0,1.0,0.0,1.0,0.5,0.5714285714285714,0.4285714285714286
"G[0,1]((GFR >= 0.000 & TSH >= 1.708) -> Pt_GrandparentT1D <= 4.825)
",9999999.000,9999999.000,0.000,1.000,0.000,2,0,2,0,2,2,4,0,1.0,0.0,1.0,0.5,0.5714285714285714,0.4285714285714286
"G[0,0]((SMBGperDayPtMeterCombo <= 7.491 | Triglyc >= 68.408) | UnitsInsBasalOrLongAct >= 68.545)
",-15.031,-64.475,0.000,1.000,0.000,2,0,1,1,3,1,3,1,0.6666666666666666,0.0,1.0,0.6666666666666666,0.5714285714285714,0.4285714285714286
"G[0,1](((HeightCm >= 153.853 -> TSH <= 4.553) -> BldPrDia >= 1.559) | Pt_MotherT1D <= 3.723)
",9999999.000,9999999.000,0.000,1.000,0.000,2,0,2,0,2,2,4,0,1.0,0.0,1.0,0.5,0.5714285714285714,0.4285714285714286
"G[0,1]((BGTestAvgNumMeter <= 5.119 & HeightCm <= 160.972) -> Pt_A1cGoalLev <= 167.956)
",9999999.000,9999999.000,0.000,1.000,0.000,2,0,2,0,2,2,4,0,1.0,0.0,1.0,0.5,0.5714285714285714,0.4285714285714286
"G[1,1](((bmiPerc <= 0.563 -> Pt_GrandchildT1D >= 0.000) -> Triglyc >= 0.000) | diagAgeCombo <= 0.000)
",0.000,0.000,0.000,1.000,0.000,2,0,2,0,2,2,4,0,1.0,0.0,1.0,0.5,0.5714285714285714,0.4285714285714286
"G[1,1]((bmiZscore >= -0.196 -> SMBGperDayPtMeterCombo <= 6.525) | Pt_A1cGoalLev <= 7.497)
",7.497,7.497,0.000,1.000,0.000,2,0,2,0,2,2,4,0,1.0,0.0,1.0,0.5,0.5714285714285714,0.4285714285714286
"G[1,1](((TotChol >= 10.419 & WeightKg <= 58.121) -> TotChol >= 41.180) | diabDur >= 42.197)
",10.419,10.419,0.000,1.000,0.000,2,0,2,0,2,2,4,0,1.0,0.0,1.0,0.5,0.5714285714285714,0.4285714285714286
"G[0,1](((age >= 12.693 -> HbA1c <= 7.083) | BGTestAvgNumMeter >= 1.911) | HDL <= 7.156)
",9999999.000,9999999.000,0.000,1.000,0.000,2,0,2,0,2,2,4,0,1.0,0.0,1.0,0.5,0.5714285714285714,0.4285714285714286
"G[0,1]((BldPrDia >= 66.969 | Pt_MotherT1D <= 0.000) -> Pt_InsGov >= 0.000)
",9999999.000,9999999.000,0.000,1.000,0.000,2,0,2,0,2,2,4,0,1.0,0.0,1.0,0.5,0.5714285714285714,0.4285714285714286
"G[1,1]((BldPrSys <= 119.721 -> HeightCm >= 149.708) -> BGTestAvgNumPtRep <= 167.458)
",-167.458,-167.458,0.000,1.000,0.000,2,0,2,0,2,2,4,0,1.0,0.0,1.0,0.5,0.5714285714285714,0.4285714285714286
"G[1,1]((BGTestAvgNumPtRep <= 3.778 & UnitsInsBasalOrLongAct <= 27.243) -> Pt_SHFlg <= 23.724)
",-23.724,-23.724,0.000,1.000,0.000,2,0,2,0,2,2,4,0,1.0,0.0,1.0,0.5,0.5714285714285714,0.4285714285714286
"G[0,1]((bmi >= 19.322 | HbA1cImputeDtMnC <= 57.120) -> Pt_DKAFlg <= 58.772)
",9999999.000,9999999.000,0.000,1.000,0.000,2,0,2,0,2,2,4,0,1.0,0.0,1.0,0.5,0.5714285714285714,0.4285714285714286
"G[0,0]((bmi <= 20.285 & diabDur <= 16.726) -> LDL >= 12.190)
",-0.799,-1.726,0.000,1.000,0.000,2,0,1,1,3,1,3,1,0.6666666666666666,0.0,1.0,0.6666666666666666,0.5714285714285714,0.4285714285714286
"G[0,0](GFR <= 0.000 -> BUN >= 3.772)
",-1.239,-83.319,0.000,1.000,0.000,1,1,0,2,3,1,1,3,0.3333333333333333,1.0,0.0,1.0,0.5714285714285714,0.4285714285714286
"G[1,1](((age <= 15.950 & Pt_SHFlg >= 0.004) -> HeightCm >= 0.092) -> AutonomicNeuroCl <= 0.312)
",-0.312,-0.312,0.000,1.000,0.000,2,0,2,0,2,2,4,0,1.0,0.0,1.0,0.5,0.5714285714285714,0.4285714285714286
"G[1,1](((age >= 13.599 & SMBGperDayPtMeterCombo >= 2.864) & Pt_MotherT1D <= 6.084) -> WeightKg <= 7.072)
",-7.072,-7.072,0.000,1.000,0.000,1,1,1,1,2,2,2,2,0.5,0.5,0.5,0.5,0.5714285714285714,0.4285714285714286
"G[0,1]((BldPrSys >= 107.718 -> UnitsInsBasalOrLongAct <= 22.034) | diagAgeCombo >= 5.438)
",9999999.000,9999999.000,0.000,1.000,0.000,1,1,0,2,3,1,1,3,0.3333333333333333,1.0,0.0,1.0,0.5714285714285714,0.4285714285714286
"G[0,1](((BGTestAvgNumMeter >= 3.027 | LDL >= 24.047) | TotChol <= 75.191) -> UnitsInsBasalOrLongAct >= 23.278)
",9999999.000,9999999.000,0.000,1.000,0.000,1,1,1,1,2,2,2,2,0.5,0.5,0.5,0.5,0.5714285714285714,0.4285714285714286
"G[1,1]((bmiZscore >= -0.265 -> Pt_CGMUseNumDays >= 1.502) -> diabDur >= 3.686)
",0.265,0.265,0.000,1.000,0.000,2,0,2,0,2,2,4,0,1.0,0.0,1.0,0.5,0.5714285714285714,0.4285714285714286
"G[0,0]((bmi >= 19.039 & Pt_SHFlg <= 0.668) -> BGTestAvgNumPtRep <= 0.611)
",2.495,5.389,0.000,1.000,0.000,2,0,1,1,3,1,3,1,0.6666666666666666,0.0,1.0,0.6666666666666666,0.5714285714285714,0.4285714285714286
"G[1,1]((BldPrSys >= 108.822 -> LDL <= 60.382) | SMBGperDayPtMeterCombo <= 79.130)
",79.130,79.130,0.000,1.000,0.000,2,0,2,0,2,2,4,0,1.0,0.0,1.0,0.5,0.5714285714285714,0.4285714285714286
"G[0,0](GFR <= 0.000 -> BUN >= 2.661)
",-1.242,-84.060,0.000,1.000,0.000,1,1,0,2,3,1,1,3,0.3333333333333333,1.0,0.0,1.0,0.5714285714285714,0.4285714285714286
"G[1,1]((WeightKg >= 46.814 | bmi >= 19.840) -> UnitsInsBasalOrLongAct <= 25.720)
",-7239480395277435.000,-25.720,0.000,1.000,0.000,1,1,1,1,2,2,2,2,0.5,0.5,0.5,0.5,0.5714285714285714,0.4285714285714286
"G[0,1](((BldPrDia <= 72.988 & Triglyc <= 95.351) & Pt_InsGov >= 62.771) -> BldPrDia >= 60.518)
",9999999.000,9999999.000,0.000,1.000,0.000,2,0,2,0,2,2,4,0,1.0,0.0,1.0,0.5,0.5714285714285714,0.4285714285714286
"G[1,1](((HeightCm >= 159.207 -> UnitsInsBasalOrLongAct >= 3.255) | bmi <= 21.552) | LDL <= 26.457)
",7446913980953877.000,26.457,0.000,1.000,0.000,2,0,2,0,2,2,4,0,1.0,0.0,1.0,0.5,0.5714285714285714,0.4285714285714286
"G[0,1]((age >= 11.061 | bmiPerc >= 0.354) | age >= 0.316)
",9999999.000,9999999.000,0.000,1.000,0.000,2,0,2,0,2,2,4,0,1.0,0.0,1.0,0.5,0.5714285714285714,0.4285714285714286
"G[0,0](Pt_A1cGoalLevelDsYr5 >= 0.000 & AlbCreatRat_mggNew <= 3.972)
",0.000,0.000,0.000,1.000,0.000,2,0,1,1,3,1,3,1,0.6666666666666666,0.0,1.0,0.6666666666666666,0.5714285714285714,0.4285714285714286
"G[0,1](((SMBGperDayPtMeterCombo <= 9.857 -> Pt_A1cGoalLevelDsYr5 <= 0.000) -> NumPumpBolusOrShortAct <= 0.000) -> Pt_GrandparentT1D >= 0.000)
",9999999.000,9999999.000,0.000,1.000,0.000,2,0,2,0,2,2,4,0,1.0,0.0,1.0,0.5,0.5714285714285714,0.4285714285714286
"G[0,1]((WeightKg >= 51.272 | bmi >= 19.716) -> UnitsInsBasalOrLongAct <= 26.427)
",9999999.000,9999999.000,0.000,1.000,0.000,1,1,0,2,3,1,1,3,0.3333333333333333,1.0,0.0,1.0,0.5714285714285714,0.4285714285714286
"G[0,1](((Pt_ChildT1D >= 0.000 -> diagAgeCombo >= 0.000) -> Pt_FatherT1D <= 0.000) | BGTestAvgNumPtRep >= 0.000)
",9999999.000,9999999.000,0.000,1.000,0.000,2,0,2,0,2,2,4,0,1.0,0.0,1.0,0.5,0.5714285714285714,0.4285714285714286
"G[1,1]((WeightKg >= 48.629 | bmi >= 18.798) -> UnitsInsBasalOrLongAct <= 21.689)
",-21.689,-21.689,0.000,1.000,0.000,1,1,1,1,2,2,2,2,0.5,0.5,0.5,0.5,0.5714285714285714,0.4285714285714286
"G[0,1]((Pt_ChildT1D <= 0.000 | TotChol >= 0.170) | diagAgeCombo <= 77.383)
",9999999.000,9999999.000,0.000,1.000,0.000,2,0,2,0,2,2,4,0,1.0,0.0,1.0,0.5,0.5714285714285714,0.4285714285714286
"G[1,1](((DirectLDL >= 0.000 | Pt_DKAFlg <= 0.000) | DirectLDL <= 0.000) | HeightCm <= 0.000)
",0.000,0.000,0.000,1.000,0.000,2,0,2,0,2,2,4,0,1.0,0.0,1.0,0.5,0.5714285714285714,0.4285714285714286
"G[1,1](Pt_FatherT1D >= 0.000 | HbA1cImputeDtMnC <= 58.040)
",8168362642980275.000,58.040,0.000,1.000,0.000,2,0,2,0,2,2,4,0,1.0,0.0,1.0,0.5,0.5714285714285714,0.4285714285714286
"G[0,1](BldPrSys <= 119.343 -> NumPumpBolusOrShortAct >= 0.455)
",9999999.000,9999999.000,0.000,1.000,0.000,2,0,2,0,2,2,4,0,1.0,0.0,1.0,0.5,0.5714285714285714,0.4285714285714286
"G[0,1]((Pt_ChildT1D >= 0.000 -> TotalDailyInsPerKg >= 0.070) & DirectLDL <= 0.515)
",9999999.000,9999999.000,0.000,1.000,0.000,1,1,1,1,2,2,2,2,0.5,0.5,0.5,0.5,0.5714285714285714,0.4285714285714286
"G[0,0]((bmiZscore <= 0.525 | diabDur >= 12.521) & bmiPerc <= 16.312)
",-3.550,-3.508,0.000,1.000,0.000,2,0,1,1,3,1,3,1,0.6666666666666666,0.0,1.0,0.6666666666666666,0.5714285714285714,0.4285714285714286
"G[0,1]((diabDur >= 11.791 -> Pt_SiblingT1D >= 0.000) & BGTestAvgNumMeter >= 0.000)
",9999999.000,9999999.000,0.000,1.000,0.000,2,0,2,0,2,2,4,0,1.0,0.0,1.0,0.5,0.5714285714285714,0.4285714285714286
"G[0,1]((Pt_SHFlg <= 0.532 | Pt_DKAFlg <= 0.000) | Pt_A1cGoalLevelDsYr5 >= 0.000)
",9999999.000,9999999.000,0.000,1.000,0.000,2,0,2,0,2,2,4,0,1.0,0.0,1.0,0.5,0.5714285714285714,0.4285714285714286
"G[1,1](((Pt_SHFlg <= 0.689 | AlbCreatRat_mggNew >= 1.253) | HbA1cImputeDtMnC >= 0.671) -> UnitsInsBasalOrLongAct <= 10.412)
",-10.412,-10.412,0.000,1.000,0.000,1,1,1,1,2,2,2,2,0.5,0.5,0.5,0.5,0.5714285714285714,0.4285714285714286
"G[0,1]((BldPrDia <= 71.973 | TSH >= 2.119) | BGTestAvgNumPtRep >= 1.487)
",9999999.000,9999999.000,0.000,1.000,0.000,2,0,1,1,3,1,3,1,0.6666666666666666,0.0,1.0,0.6666666666666666,0.5714285714285714,0.4285714285714286
"G[0,1](TSH <= 3.893 | Pt_A1cGoalLev <= 1.769)
",9999999.000,9999999.000,0.000,1.000,0.000,2,0,2,0,2,2,4,0,1.0,0.0,1.0,0.5,0.5714285714285714,0.4285714285714286
"G[0,0](((BldPrDia <= 75.280 | bmi <= 20.072) | bmi <= 20.395) -> UnitsInsBasalOrLongAct <= 20.445)
",-20.445,-20.445,0.000,1.000,0.000,1,1,0,2,3,1,1,3,0.3333333333333333,1.0,0.0,1.0,0.5714285714285714,0.4285714285714286
"G[1,2]((Triglyc >= 11.311 -> NumPumpBolusOrShortAct <= 4.475) -> SMBGperDayPtMeterCombo <= 3.690)
",9999999.000,9999999.000,0.000,1.000,0.000,0,1,1,2,2,2,1,3,0.0,0.5,0.5,0.0,0.2857142857142857,0.7142857142857143
"G[1,2](((BGTestAvgNumPtRep >= 2.396 & Triglyc >= 21.539) & Pt_FatherT1D <= 77.078) & Triglyc >= 32.818)
",9999999.000,9999999.000,0.000,1.000,0.000,0,1,2,1,1,3,2,2,0.0,0.3333333333333333,0.6666666666666666,0.0,0.2857142857142857,0.7142857142857143
"G[0,1]((Pt_SHFlg <= 0.882 -> Pt_SiblingT1D <= 0.000) & diabDur <= 0.000)
",9999999.000,9999999.000,0.000,1.000,0.000,0,1,0,3,3,1,0,4,0.0,1.0,0.0,0.0,0.2857142857142857,0.7142857142857143
"G[0,1](((BGTestAvgNumPtRep >= 1.176 -> diabDur >= 11.233) -> BGTestAvgNumPtRep >= 13.078) & Triglyc <= 14.032)
",9999999.000,9999999.000,0.000,1.000,0.000,0,1,0,3,3,1,0,4,0.0,1.0,0.0,0.0,0.2857142857142857,0.7142857142857143
"G[1,2]((diabDur >= 11.534 -> BUN >= 3.414) | GFR >= 3.855)
",9999999.000,9999999.000,0.000,1.000,0.000,0,1,2,1,1,3,2,2,0.0,0.3333333333333333,0.6666666666666666,0.0,0.2857142857142857,0.7142857142857143
"G[0,1]((AlbCreatRat_mggNew <= 5.645 | Pt_SHFlg >= 0.004) & DirectLDL <= 0.202)
",9999999.000,9999999.000,0.000,1.000,0.000,1,0,2,1,2,2,3,1,0.5,0.0,1.0,0.3333333333333333,0.2857142857142857,0.7142857142857143
"G[0,1]((Pt_CGMUseNumDays <= 9.136 -> WeightKg <= 52.941) & Pt_MotherT1D >= 48.379)
",9999999.000,9999999.000,0.000,1.000,0.000,0,1,0,3,3,1,0,4,0.0,1.0,0.0,0.0,0.2857142857142857,0.7142857142857143
"G[1,1](((HeightCm >= 149.154 & UnitsInsBasalOrLongAct <= 28.868) | TSH <= 26.860) -> TotChol <= 29.664)
",-29.664,-29.664,0.000,1.000,0.000,1,0,2,1,2,2,3,1,0.5,0.0,1.0,0.3333333333333333,0.2857142857142857,0.7142857142857143
"G[0,2]((BGTestAvgNumPtRep >= 0.313 | bmiPerc <= 0.591) & Pt_FatherT1D <= 0.671)
",9999999.000,9999999.000,0.000,1.000,0.000,0,1,3,0,0,4,3,1,0.0,0.25,0.75,0.0,0.2857142857142857,0.7142857142857143
"G[0,1]((diabDur <= 16.676 | Pt_CGMUseNumDays <= 15.161) & age <= 7.709)
",9999999.000,9999999.000,0.000,1.000,0.000,0,1,0,3,3,1,0,4,0.0,1.0,0.0,0.0,0.2857142857142857,0.7142857142857143
"G[1,2](((HbA1c <= 8.933 | Pt_A1cGoalLev >= 0.659) | DirectLDL >= 0.885) & HbA1c <= 3.560)
",9999999.000,9999999.000,0.000,1.000,0.000,0,1,1,2,2,2,1,3,0.0,0.5,0.5,0.0,0.2857142857142857,0.7142857142857143
"G[0,2]((HbA1c <= 7.966 -> Pt_SHFlg >= 0.044) -> Triglyc <= 0.805)
",9999999.000,9999999.000,0.000,1.000,0.000,0,1,2,1,1,3,2,2,0.0,0.3333333333333333,0.6666666666666666,0.0,0.2857142857142857,0.7142857142857143
"G[0,1](((HbA1c >= 5.421 & Pt_CGMUseNumDays >= 0.074) | BUN >= 2.970) & BldPrSys <= 14.811)
",9999999.000,9999999.000,0.000,1.000,0.000,0,1,0,3,3,1,0,4,0.0,1.0,0.0,0.0,0.2857142857142857,0.7142857142857143
"G[0,2](TotalDailyInsPerKg >= 0.371 & Triglyc <= 80.455)
",9999999.000,9999999.000,0.000,1.000,0.000,0,1,1,2,2,2,1,3,0.0,0.5,0.5,0.0,0.2857142857142857,0.7142857142857143
"G[1,1](Pt_SHFlg <= 0.601 | TotChol >= 16.568)
",0.601,0.601,0.000,1.000,0.000,1,0,2,1,2,2,3,1,0.5,0.0,1.0,0.3333333333333333,0.2857142857142857,0.7142857142857143
"G[1,2](Pt_SHFlg >= 0.058 | BldPrSys <= 123.410)
",9999999.000,9999999.000,0.000,1.000,0.000,0,1,2,1,1,3,2,2,0.0,0.3333333333333333,0.6666666666666666,0.0,0.2857142857142857,0.7142857142857143
"G[0,2]((Pt_CGMUseNumDays <= 11.834 & BUN >= 3.961) & Pt_A1cGoalLev <= 12.668)
",9999999.000,9999999.000,0.000,1.000,0.000,0,1,0,3,3,1,0,4,0.0,1.0,0.0,0.0,0.2857142857142857,0.7142857142857143
"G[1,2](((Pt_ChildT1D <= 0.000 | Pt_GrandchildT1D <= 0.000) & SMBGperDayPtMeterCombo <= 0.000) | HbA1cImputeDtMnC <= 0.000)
",9999999.000,9999999.000,0.000,1.000,0.000,0,1,1,2,2,2,1,3,0.0,0.5,0.5,0.0,0.2857142857142857,0.7142857142857143
"G[0,2](((HbA1cImputeDtMnC <= 71.270 & Pt_CGMUseNumDays <= 14.089) -> NumPumpBolusOrShortAct >= 0.505) & HbA1c >= 1.441)
",9999999.000,9999999.000,0.000,1.000,0.000,0,1,1,2,2,2,1,3,0.0,0.5,0.5,0.0,0.2857142857142857,0.7142857142857143
"G[1,2]((BldPrDia <= 73.350 | Pt_CGMUseNumDays >= 2.569) & Triglyc >= 3.270)
",9999999.000,9999999.000,0.000,1.000,0.000,0,1,2,1,1,3,2,2,0.0,0.3333333333333333,0.6666666666666666,0.0,0.2857142857142857,0.7142857142857143
"G[1,2](BGTestAvgNumMeter >= 3.015 -> TotChol >= 16.726)
",9999999.000,9999999.000,0.000,1.000,0.000,0,1,3,0,0,4,3,1,0.0,0.25,0.75,0.0,0.2857142857142857,0.7142857142857143
"G[0,1]((Pt_A1cGoalLev >= 0.539 -> Pt_InsGov <= 0.000) -> NumPumpBolusOrShortAct <= 0.000)
",9999999.000,9999999.000,0.000,1.000,0.000,0,1,0,3,3,1,0,4,0.0,1.0,0.0,0.0,0.2857142857142857,0.7142857142857143
"G[1,2]((Pt_MotherT1D >= 0.000 -> WeightKg >= 41.206) & AutonomicNeuroCl >= 47.256)
",9999999.000,9999999.000,0.000,1.000,0.000,0,1,1,2,2,2,1,3,0.0,0.5,0.5,0.0,0.2857142857142857,0.7142857142857143
"G[1,1](((HeightCm >= 155.206 -> SMBGperDayPtMeterCombo <= 8.735) -> Pt_A1cGoalLevelDsYr5 >= 0.293) | BGTestAvgNumMeter <= 5.584)
",5.584,5.584,0.000,1.000,0.000,1,0,2,1,2,2,3,1,0.5,0.0,1.0,0.3333333333333333,0.2857142857142857,0.7142857142857143
"G[0,1](((AutonomicNeuroCl >= 0.000 | TotChol <= 93.799) & bmiZscore <= 135.372) & BUN >= 14.089)
",9999999.000,9999999.000,0.000,1.000,0.000,0,1,0,3,3,1,0,4,0.0,1.0,0.0,0.0,0.2857142857142857,0.7142857142857143
"G[0,2](BGTestAvgNumPtRep >= 1.045 | WeightKg >= 46.605)
",9999999.000,9999999.000,0.000,1.000,0.000,0,1,2,1,1,3,2,2,0.0,0.3333333333333333,0.6666666666666666,0.0,0.2857142857142857,0.7142857142857143
"G[1,2](Pt_GrandchildT1D <= 0.000 & NumPumpBolusOrShortAct >= 2.047)
",9999999.000,9999999.000,0.000,1.000,0.000,0,1,1,2,2,2,1,3,0.0,0.5,0.5,0.0,0.2857142857142857,0.7142857142857143
"G[0,2]((BGTestAvgNumMeter <= 5.645 -> BGTestAvgNumMeter <= 6.585) -> Pt_SiblingT1D >= 1.570)
",9999999.000,9999999.000,0.000,1.000,0.000,0,1,0,3,3,1,0,4,0.0,1.0,0.0,0.0,0.2857142857142857,0.7142857142857143
"G[0,2](((BGTestAvgNumMeter >= 1.502 & WeightKg <= 55.127) & Pt_A1cGoalLevelDsYr5 >= 46.772) & AlbCreatRat_mggNew >= 40.507)
",9999999.000,9999999.000,0.000,1.000,0.000,0,1,0,3,3,1,0,4,0.0,1.0,0.0,0.0,0.2857142857142857,0.7142857142857143
"G[0,0](((LDL <= 81.507 & SMBGperDayPtMeterCombo <= 6.778) -> bmiPerc >= 2.264) & Pt_ChildT1D <= 9.693)
",-17.767,-17.556,0.000,1.000,0.000,1,0,1,2,3,1,2,2,0.3333333333333333,0.0,1.0,0.5,0.2857142857142857,0.7142857142857143
"G[0,1](((bmiZscore >= 0.080 -> Triglyc <= 133.366) -> DirectLDL >= 67.116) & BldPrSys >= 0.272)
",9999999.000,9999999.000,0.000,1.000,0.000,0,1,0,3,3,1,0,4,0.0,1.0,0.0,0.0,0.2857142857142857,0.7142857142857143
"G[0,1](bmiPerc >= 0.520 & BUN >= 0.157)
",9999999.000,9999999.000,0.000,1.000,0.000,0,1,0,3,3,1,0,4,0.0,1.0,0.0,0.0,0.2857142857142857,0.7142857142857143
"G[1,2]((Pt_GrandchildT1D <= 0.000 | Pt_A1cGoalLevelDsYr5 >= 0.000) -> UnitsInsBasalOrLongAct <= 0.000)
",9999999.000,9999999.000,0.000,1.000,0.000,0,1,2,1,1,3,2,2,0.0,0.3333333333333333,0.6666666666666666,0.0,0.2857142857142857,0.7142857142857143
"G[0,1]((BGTestAvgNumPtRep >= 0.522 | HDL >= 10.919) & GFR <= 27.141)
",9999999.000,9999999.000,0.000,1.000,0.000,1,0,1,2,3,1,2,2,0.3333333333333333,0.0,1.0,0.5,0.2857142857142857,0.7142857142857143
"G[1,2](((TotChol >= 2.825 & UnitsInsBasalOrLongAct >= 17.517) -> Pt_CGMUseNumDays >= 19.350) & Pt_MotherT1D >= 0.365)
",9999999.000,9999999.000,0.000,1.000,0.000,0,1,1,2,2,2,1,3,0.0,0.5,0.5,0.0,0.2857142857142857,0.7142857142857143
"G[1,2]((Pt_A1cGoalLev >= 0.488 & TotalDailyInsPerKg <= 0.909) & Pt_InsGov >= 0.142)
",9999999.000,9999999.000,0.000,1.000,0.000,0,1,1,2,2,2,1,3,0.0,0.5,0.5,0.0,0.2857142857142857,0.7142857142857143
"G[0,1](((Pt_MotherT1D >= 0.000 & bmiZscore >= 0.112) -> Pt_CGMUseNumDays >= -0.446) & diagAgeCombo >= 0.113)
",9999999.000,9999999.000,0.000,1.000,0.000,0,1,0,3,3,1,0,4,0.0,1.0,0.0,0.0,0.2857142857142857,0.7142857142857143
"G[1,2](((bmiZscore <= 0.267 -> BUN <= 16.686) | GFR >= 3.994) & BUN >= 1.485)
",9999999.000,9999999.000,0.000,1.000,0.000,0,1,2,1,1,3,2,2,0.0,0.3333333333333333,0.6666666666666666,0.0,0.2857142857142857,0.7142857142857143
"G[0,1]((Pt_A1cGoalLev >= 0.239 | HbA1c <= 8.478) -> HbA1c >= 2.113)
",9999999.000,9999999.000,0.000,1.000,0.000,1,0,2,1,2,2,3,1,0.5,0.0,1.0,0.3333333333333333,0.2857142857142857,0.7142857142857143
"G[0,1](bmi <= 20.044 -> Pt_CGMUseNumDays <= 6.500)
",9999999.000,9999999.000,0.000,1.000,0.000,1,0,2,1,2,2,3,1,0.5,0.0,1.0,0.3333333333333333,0.2857142857142857,0.7142857142857143
"G[0,2]((BldPrSys <= 124.841 -> TotalDailyInsPerKg <= 0.467) & Pt_DKAFlg >= 0.372)
",9999999.000,9999999.000,0.000,1.000,0.000,0,1,0,3,3,1,0,4,0.0,1.0,0.0,0.0,0.2857142857142857,0.7142857142857143
"G[0,1]((SMBGperDayPtMeterCombo >= 2.459 -> WeightKg <= 53.496) & Pt_A1cGoalLevelDsYr5 >= 41.946)
",9999999.000,9999999.000,0.000,1.000,0.000,0,1,0,3,3,1,0,4,0.0,1.0,0.0,0.0,0.2857142857142857,0.7142857142857143
"G[0,1]((TotalDailyInsPerKg >= 0.219 | TotChol >= 15.377) -> UnitsInsBasalOrLongAct >= 21.483)
",9999999.000,9999999.000,0.000,1.000,0.000,1,0,2,1,2,2,3,1,0.5,0.0,1.0,0.3333333333333333,0.2857142857142857,0.7142857142857143
"G[0,2](((BldPrSys >= 114.866 & bmiZscore <= 0.864) -> diabDur <= 0.787) & GFR >= -0.295)
",9999999.000,9999999.000,0.000,1.000,0.000,0,1,2,1,1,3,2,2,0.0,0.3333333333333333,0.6666666666666666,0.0,0.2857142857142857,0.7142857142857143
"G[0,0]((HbA1cImputeDtMnC <= 59.734 -> HeightCm <= 161.331) & HDL >= 160.211)
",-5.384,-127.258,0.000,1.000,0.000,0,1,0,3,3,1,0,4,0.0,1.0,0.0,0.0,0.2857142857142857,0.7142857142857143
"G[1,1]((Pt_CGMUseNumDays <= 7.033 -> Triglyc >= 60.924) & HeightCm >= 69.386)
",-69.386,-69.386,0.000,1.000,0.000,1,0,2,1,2,2,3,1,0.5,0.0,1.0,0.3333333333333333,0.2857142857142857,0.7142857142857143
"G[0,2](bmiZscore <= 0.295 & HbA1cImputeDtMnC >= 37.947)
",9999999.000,9999999.000,0.000,1.000,0.000,0,1,2,1,1,3,2,2,0.0,0.3333333333333333,0.6666666666666666,0.0,0.2857142857142857,0.7142857142857143
"G[0,1](age >= 11.459 & BGTestAvgNumPtRep >= 0.645)
",9999999.000,9999999.000,0.000,1.000,0.000,0,1,0,3,3,1,0,4,0.0,1.0,0.0,0.0,0.2857142857142857,0.7142857142857143
"G[1,2](((Pt_SHFlg >= 0.125 | WeightKg <= 55.838) & bmiZscore >= 48.211) | HbA1cImputeDtMnC >= 46.216)
",9999999.000,9999999.000,0.000,1.000,0.000,0,1,2,1,1,3,2,2,0.0,0.3333333333333333,0.6666666666666666,0.0,0.2857142857142857,0.7142857142857143
"G[0,0](SMBGperDayPtMeterCombo >= 4.746 & BGTestAvgNumPtRep >= 2.486)
",1.627,3.514,0.000,1.000,0.000,0,1,0,3,3,1,0,4,0.0,1.0,0.0,0.0,0.2857142857142857,0.7142857142857143
"G[0,2](SMBGperDayPtMeterCombo >= 4.850 & BGTestAvgNumPtRep >= 2.083)
",9999999.000,9999999.000,0.000,1.000,0.000,0,1,0,3,3,1,0,4,0.0,1.0,0.0,0.0,0.2857142857142857,0.7142857142857143
"G[1,2](SMBGperDayPtMeterCombo >= 4.842 & BGTestAvgNumPtRep >= 1.622)
",9999999.000,9999999.000,0.000,1.000,0.000,0,1,3,0,0,4,3,1,0.0,0.25,0.75,0.0,0.2857142857142857,0.7142857142857143
"G[1,1]((AlbCreatRat_mggNew >= 1.823 | diabDur <= 15.739) & bmiZscore >= 13.459)
",-13.459,-13.459,0.000,1.000,0.000,0,1,1,2,2,2,1,3,0.0,0.5,0.5,0.0,0.2857142857142857,0.7142857142857143
"G[0,0]((WeightKg >= 41.102 | bmi >= 18.424) -> UnitsInsBasalOrLongAct <= 23.081)
",-23.081,-23.081,0.000,1.000,0.000,1,0,1,2,3,1,2,2,0.3333333333333333,0.0,1.0,0.5,0.2857142857142857,0.7142857142857143
"G[0,1](BUN >= 1.282 | NumPumpBolusOrShortAct >= 2.637)
",9999999.000,9999999.000,0.000,1.000,0.000,0,1,1,2,2,2,1,3,0.0,0.5,0.5,0.0,0.2857142857142857,0.7142857142857143
"G[0,0](((BGTestAvgNumMeter <= 5.590 & Pt_SHFlg <= 0.239) -> Pt_MotherT1D <= 0.928) & diabDur <= 0.175)
",-6.863,-14.825,0.000,1.000,0.000,0,1,0,3,3,1,0,4,0.0,1.0,0.0,0.0,0.2857142857142857,0.7142857142857143
"G[1,1](((LDL <= 92.564 | UnitsInsBasalOrLongAct <= 22.802) -> Pt_SHFlg <= 25.175) & Pt_MotherT1D >= 0.670)
",-92.564,-92.564,0.000,1.000,0.000,0,1,1,2,2,2,1,3,0.0,0.5,0.5,0.0,0.2857142857142857,0.7142857142857143
"G[1,2](GFR <= 0.000 -> BUN >= 3.586)
",9999999.000,9999999.000,0.000,1.000,0.000,0,1,2,1,1,3,2,2,0.0,0.3333333333333333,0.6666666666666666,0.0,0.2857142857142857,0.7142857142857143
"G[0,1]((WeightKg >= 43.429 | bmi >= 19.932) -> UnitsInsBasalOrLongAct <= 30.431)
",9999999.000,9999999.000,0.000,1.000,0.000,1,0,2,1,2,2,3,1,0.5,0.0,1.0,0.3333333333333333,0.2857142857142857,0.7142857142857143
"G[0,1]((age >= 14.086 -> HeightCm >= 146.763) & TotalDailyInsPerKg >= 160.185)
",9999999.000,9999999.000,0.000,1.000,0.000,0,1,0,3,3,1,0,4,0.0,1.0,0.0,0.0,0.2857142857142857,0.7142857142857143
"G[0,1](GFR <= 0.000 -> BUN >= 0.842)
",9999999.000,9999999.000,0.000,1.000,0.000,0,1,0,3,3,1,0,4,0.0,1.0,0.0,0.0,0.2857142857142857,0.7142857142857143
"G[1,2](SMBGperDayPtMeterCombo >= 2.019 & BGTestAvgNumPtRep >= 0.935)
",9999999.000,9999999.000,0.000,1.000,0.000,0,1,3,0,0,4,3,1,0.0,0.25,0.75,0.0,0.2857142857142857,0.7142857142857143
"G[0,1](GFR <= 0.000 -> BUN >= 1.212)
",9999999.000,9999999.000,0.000,1.000,0.000,0,1,0,3,3,1,0,4,0.0,1.0,0.0,0.0,0.2857142857142857,0.7142857142857143
"G[0,1](((BGTestAvgNumPtRep >= 0.346 | SMBGperDayPtMeterCombo <= 9.001) | BldPrDia <= 6.241) -> BldPrSys <= 5.650)
",9999999.000,9999999.000,0.000,1.000,0.000,0,1,0,3,3,1,0,4,0.0,1.0,0.0,0.0,0.2857142857142857,0.7142857142857143
"G[0,2](TSH > 0.498 & Pt_SHFlg = 0.683)
",9999999.000,9999999.000,0.000,1.000,0.000,0,1,0,3,3,1,0,4,0.0,1.0,0.0,0.0,0.2857142857142857,0.7142857142857143
"G[0,1](HeightCm >= 154.155 & Pt_A1cGoalLev <= 4.919)
",9999999.000,9999999.000,0.000,1.000,0.000,1,0,2,1,2,2,3,1,0.5,0.0,1.0,0.3333333333333333,0.2857142857142857,0.7142857142857143
"G[1,2](Triglyc <= 120.006 & Pt_SHFlg = 0.125)
",9999999.000,9999999.000,0.000,1.000,0.000,0,1,1,2,2,2,1,3,0.0,0.5,0.5,0.0,0.2857142857142857,0.7142857142857143
"G[1,2]((BUN >= 0.848 & Pt_CGMUseNumDays >= 0.982) | Pt_ChildT1D >= 3.702)
",9999999.000,9999999.000,0.000,1.000,0.000,0,1,2,1,1,3,2,2,0.0,0.3333333333333333,0.6666666666666666,0.0,0.2857142857142857,0.7142857142857143
"G[0,2](((HbA1c >= 4.095 -> WeightKg <= 52.718) -> NumPumpBolusOrShortAct >= 41.457) -> LDL <= 53.627)
",9999999.000,9999999.000,0.000,1.000,0.000,0,1,2,1,1,3,2,2,0.0,0.3333333333333333,0.6666666666666666,0.0,0.2857142857142857,0.7142857142857143
"G[1,1]((AlbCreatRat_mggNew <= 12.490 -> bmiPerc <= 0.591) -> SMBGperDayPtMeterCombo <= 0.744)
",-0.744,-0.744,0.000,1.000,0.000,1,0,2,1,2,2,3,1,0.5,0.0,1.0,0.3333333333333333,0.2857142857142857,0.7142857142857143
"G[1,2](((HbA1c <= 8.223 -> UnitsInsBasalOrLongAct >= 11.779) & bmiZscore <= 23.519) -> Pt_A1cGoalLevelDsYr5 >= 7.993)
",9999999.000,9999999.000,0.000,1.000,0.000,0,1,1,2,2,2,1,3,0.0,0.5,0.5,0.0,0.2857142857142857,0.7142857142857143
"G[0,1](WeightKg < 53.924 & Pt_SHFlg = 0.623)
",9999999.000,9999999.000,0.000,1.000,0.000,0,1,0,3,3,1,0,4,0.0,1.0,0.0,0.0,0.2857142857142857,0.7142857142857143
"G[0,2](((TotalDailyInsPerKg <= 0.607 -> TotChol <= 114.249) | HDL >= 4.044) & TotalDailyInsPerKg >= 0.037)
",9999999.000,9999999.000,0.000,1.000,0.000,0,1,2,1,1,3,2,2,0.0,0.3333333333333333,0.6666666666666666,0.0,0.2857142857142857,0.7142857142857143
"G[0,1](HbA1c > 3.931 -> Pt_SHFlg = 0.912)
",9999999.000,9999999.000,0.000,1.000,0.000,0,1,0,3,3,1,0,4,0.0,1.0,0.0,0.0,0.2857142857142857,0.7142857142857143
"G[1,2](AutonomicNeuroCl < 0.000 & Pt_SHFlg = 0.176)
",9999999.000,9999999.000,0.000,1.000,0.000,0,1,1,2,2,2,1,3,0.0,0.5,0.5,0.0,0.2857142857142857,0.7142857142857143
"G[0,2](((AlbCreatRat_mggNew >= 1.468 -> bmiZscore >= -0.136) | GFR >= 0.040) & BldPrSys <= 0.756)
",9999999.000,9999999.000,0.000,1.000,0.000,0,1,0,3,3,1,0,4,0.0,1.0,0.0,0.0,0.2857142857142857,0.7142857142857143
"G[0,2](GFR <= 0.000 -> BUN >= 0.763)
",9999999.000,9999999.000,0.000,1.000,0.000,0,1,0,3,3,1,0,4,0.0,1.0,0.0,0.0,0.2857142857142857,0.7142857142857143
"G[0,2](BldPrDia <= 75.604 & WeightKg >= 43.062)
",9999999.000,9999999.000,0.000,1.000,0.000,0,1,2,1,1,3,2,2,0.0,0.3333333333333333,0.6666666666666666,0.0,0.2857142857142857,0.7142857142857143
"G[1,2]((WeightKg >= 42.328 | bmi >= 19.683) -> UnitsInsBasalOrLongAct <= 27.879)
",9999999.000,9999999.000,0.000,1.000,0.000,0,1,2,1,1,3,2,2,0.0,0.3333333333333333,0.6666666666666666,0.0,0.2857142857142857,0.7142857142857143
"G[0,2]((BGTestAvgNumPtRep >= 1.789 & Pt_CGMUseNumDays >= 1.194) & Pt_ChildT1D <= 10.292)
",9999999.000,9999999.000,0.000,1.000,0.000,0,1,0,3,3,1,0,4,0.0,1.0,0.0,0.0,0.2857142857142857,0.7142857142857143
"G[1,2]((WeightKg >= 40.156 | bmi >= 19.656) -> UnitsInsBasalOrLongAct <= 27.763)
",9999999.000,9999999.000,0.000,1.000,0.000,0,1,2,1,1,3,2,2,0.0,0.3333333333333333,0.6666666666666666,0.0,0.2857142857142857,0.7142857142857143
"G[0,2](SMBGperDayPtMeterCombo >= 3.825 & BGTestAvgNumPtRep >= 0.441)
",9999999.000,9999999.000,0.000,1.000,0.000,0,1,0,3,3,1,0,4,0.0,1.0,0.0,0.0,0.2857142857142857,0.7142857142857143
"G[0,1](((Pt_CGMUseNumDays <= 12.685 | SMBGperDayPtMeterCombo <= 8.939) | age <= 6.627) -> Pt_GrandparentT1D >= 0.539)
",9999999.000,9999999.000,0.000,1.000,0.000,0,1,0,3,3,1,0,4,0.0,1.0,0.0,0.0,0.2857142857142857,0.7142857142857143
"G[0,2]((WeightKg >= 45.907 | bmi >= 19.635) -> UnitsInsBasalOrLongAct <= 26.829)
",9999999.000,9999999.000,0.000,1.000,0.000,0,1,1,2,2,2,1,3,0.0,0.5,0.5,0.0,0.2857142857142857,0.7142857142857143
"G[1,2](((TotalDailyInsPerKg >= 0.073 & TSH <= 3.914) | diabDur >= 1.437) -> Pt_MotherT1D >= 1.670)
",9999999.000,9999999.000,0.000,1.000,0.000,0,1,1,2,2,2,1,3,0.0,0.5,0.5,0.0,0.2857142857142857,0.7142857142857143
"G[0,1](age <= 15.247 | BGTestAvgNumMeter >= 2.945)
",9999999.000,9999999.000,0.000,1.000,0.000,1,0,2,1,2,2,3,1,0.5,0.0,1.0,0.3333333333333333,0.2857142857142857,0.7142857142857143
"G[0,0](SMBGperDayPtMeterCombo >= 4.824 & BGTestAvgNumPtRep >= 2.561)
",1.592,3.439,0.000,1.000,0.000,0,1,0,3,3,1,0,4,0.0,1.0,0.0,0.0,0.2857142857142857,0.7142857142857143
"G[1,1](((BGTestAvgNumPtRep >= 0.720 -> TSH <= 4.513) -> bmi <= 2.311) & Pt_SHFlg >= 0.807)
",-2.311,-2.311,0.000,1.000,0.000,0,1,1,2,2,2,1,3,0.0,0.5,0.5,0.0,0.2857142857142857,0.7142857142857143
"G[0,1](GFR <= 0.000 -> BUN >= 4.158)
",9999999.000,9999999.000,0.000,1.000,0.000,0,1,0,3,3,1,0,4,0.0,1.0,0.0,0.0,0.2857142857142857,0.7142857142857143
"G[0,2]((BldPrDia >= 65.768 | Pt_SHFlg >= 0.138) -> NumPumpBolusOrShortAct >= 0.063)
",9999999.000,9999999.000,0.000,1.000,0.000,0,1,1,2,2,2,1,3,0.0,0.5,0.5,0.0,0.2857142857142857,0.7142857142857143
"G[0,1]((AlbCreatRat_mggNew >= 1.080 -> HDL >= 16.783) & NumPumpBolusOrShortAct <= 37.667)
",9999999.000,9999999.000,0.000,1.000,0.000,1,0,2,1,2,2,3,1,0.5,0.0,1.0,0.3333333333333333,0.2857142857142857,0.7142857142857143
"G[1,2](((LDL >= 23.077 & Triglyc >= 7.574) -> Pt_A1cGoalLevelDsYr5 >= 34.379) & Pt_ChildT1D >= 28.356)
",9999999.000,9999999.000,0.000,1.000,0.000,0,1,1,2,2,2,1,3,0.0,0.5,0.5,0.0,0.2857142857142857,0.7142857142857143
"G[1,2]((WeightKg >= 46.372 | bmi >= 18.917) -> UnitsInsBasalOrLongAct <= 28.765)
",9999999.000,9999999.000,0.000,1.000,0.000,0,1,2,1,1,3,2,2,0.0,0.3333333333333333,0.6666666666666666,0.0,0.2857142857142857,0.7142857142857143
"G[0,1](GFR <= 0.000 -> BUN >= 2.053)
",9999999.000,9999999.000,0.000,1.000,0.000,0,1,0,3,3,1,0,4,0.0,1.0,0.0,0.0,0.2857142857142857,0.7142857142857143
"G[0,1](GFR <= 0.000 -> BUN >= 1.538)
",9999999.000,9999999.000,0.000,1.000,0.000,0,1,0,3,3,1,0,4,0.0,1.0,0.0,0.0,0.2857142857142857,0.7142857142857143
"G[0,0](((Pt_CGMUseNumDays >= 0.087 -> TotChol >= 8.710) & Pt_A1cGoalLev >= 12.854) & Triglyc <= 87.740)
",-1717.913,-1717.913,0.000,1.000,0.000,0,1,0,3,3,1,0,4,0.0,1.0,0.0,0.0,0.2857142857142857,0.7142857142857143
"G[0,1](BldPrSys <= 118.221 & HbA1cImputeDtMnC >= 16.026)
",9999999.000,9999999.000,0.000,1.000,0.000,0,1,1,2,2,2,1,3,0.0,0.5,0.5,0.0,0.2857142857142857,0.7142857142857143
"G[0,1]((BUN >= 0.898 | TotalDailyInsPerKg >= 0.058) & BldPrSys <= 0.499)
",9999999.000,9999999.000,0.000,1.000,0.000,0,1,0,3,3,1,0,4,0.0,1.0,0.0,0.0,0.2857142857142857,0.7142857142857143
"G[1,1]((BldPrDia >= 70.859 -> SMBGperDayPtMeterCombo <= 7.849) & DirectLDL >= 3.157)
",-7.849,-7.849,0.000,1.000,0.000,0,1,1,2,2,2,1,3,0.0,0.5,0.5,0.0,0.2857142857142857,0.7142857142857143
"G[0,1](GFR <= 0.000 -> BUN >= 3.328)
",9999999.000,9999999.000,0.000,1.000,0.000,0,1,0,3,3,1,0,4,0.0,1.0,0.0,0.0,0.2857142857142857,0.7142857142857143
"G[0,1](diagAgeCombo <= 0.000 -> Pt_SHFlg = 0.861)
",9999999.000,9999999.000,0.000,1.000,0.000,0,1,0,3,3,1,0,4,0.0,1.0,0.0,0.0,0.2857142857142857,0.7142857142857143
"G[1,2](HbA1cImputeDtMnC >= 21.602 | HeightCm >= 157.885)
",9999999.000,9999999.000,0.000,1.000,0.000,0,0,3,1,1,3,3,1,0.0,0.0,1.0,0.0,0.0,1.0
"G[1,2](((diabDur >= 13.837 | HeightCm >= 156.420) | Pt_CGMUseNumDays <= 162.563) -> Pt_SiblingT1D <= 161.881)
",9999999.000,9999999.000,0.000,1.000,0.000,0,0,4,0,0,4,4,0,0.0,0.0,1.0,0.0,0.0,1.0
"G[1,2](BGTestAvgNumPtRep >= 0.067 -> Pt_SHFlg >= 0.078)
",9999999.000,9999999.000,0.000,1.000,0.000,0,0,3,1,1,3,3,1,0.0,0.0,1.0,0.0,0.0,1.0
"G[1,2](((BUN <= 8.771 | TotChol >= 5.425) & BUN <= 152.884) & BldPrSys <= 127.643)
",9999999.000,9999999.000,0.000,1.000,0.000,0,0,3,1,1,3,3,1,0.0,0.0,1.0,0.0,0.0,1.0
"G[1,2]((TotalDailyInsPerKg >= 0.204 | Pt_MotherT1D <= 0.000) | diabDur >= 0.000)
",9999999.000,9999999.000,0.000,1.000,0.000,0,0,4,0,0,4,4,0,0.0,0.0,1.0,0.0,0.0,1.0
"G[0,2](((age >= 11.088 | WeightKg <= 53.315) -> TotChol >= 51.603) | diagAgeCombo <= 52.175)
",9999999.000,9999999.000,0.000,1.000,0.000,0,0,4,0,0,4,4,0,0.0,0.0,1.0,0.0,0.0,1.0
"G[2,2](((bmiPerc >= 0.430 -> TotChol <= 97.568) -> Triglyc <= 107.308) & BldPrDia <= 59.920)
",-107.308,-107.308,0.000,1.000,0.000,0,0,4,0,0,4,4,0,0.0,0.0,1.0,0.0,0.0,1.0
"G[1,2](Pt_GrandparentT1D <= 0.000 | Pt_GrandchildT1D >= 0.000)
",9999999.000,9999999.000,0.000,1.000,0.000,0,0,4,0,0,4,4,0,0.0,0.0,1.0,0.0,0.0,1.0
"G[0,2](BUN <= 14.696 | TotChol >= 11.642)
",9999999.000,9999999.000,0.000,1.000,0.000,0,0,4,0,0,4,4,0,0.0,0.0,1.0,0.0,0.0,1.0
"G[2,2](((Pt_A1cGoalLev <= 6.593 & Pt_A1cGoalLevelDsYr5 >= 0.000) | LDL <= 0.000) & Pt_DKAFlg <= 0.000)
",0.000,0.000,0.000,1.000,0.000,0,0,4,0,0,4,4,0,0.0,0.0,1.0,0.0,0.0,1.0
"G[1,2](Pt_MotherT1D >= 0.000 -> GFR <= 0.000)
",9999999.000,9999999.000,0.000,1.000,0.000,0,0,4,0,0,4,4,0,0.0,0.0,1.0,0.0,0.0,1.0
"G[2,2](((WeightKg >= 40.388 -> Pt_CGMUseNumDays <= 4.147) & diabDur >= 0.383) | Pt_CGMUseNumDays <= 17.626)
",17.626,17.626,0.000,1.000,0.000,0,0,4,0,0,4,4,0,0.0,0.0,1.0,0.0,0.0,1.0
"G[2,2](SMBGperDayPtMeterCombo >= 4.300 & BGTestAvgNumPtRep >= 2.528)
",-4.300,-4.300,0.000,1.000,0.000,0,0,4,0,0,4,4,0,0.0,0.0,1.0,0.0,0.0,1.0
"G[0,2](((diagAgeCombo <= 0.000 -> bmi <= 20.083) -> HeightCm >= 19.584) -> GFR <= 20.294)
",9999999.000,9999999.000,0.000,1.000,0.000,0,0,4,0,0,4,4,0,0.0,0.0,1.0,0.0,0.0,1.0
"G[1,2](TSH <= 3.898 | Triglyc >= 51.939)
",9999999.000,9999999.000,0.000,1.000,0.000,0,0,4,0,0,4,4,0,0.0,0.0,1.0,0.0,0.0,1.0
"G[2,2]((WeightKg >= 45.837 | bmi >= 18.883) -> UnitsInsBasalOrLongAct <= 25.999)
",-25.999,-25.999,0.000,1.000,0.000,0,0,4,0,0,4,4,0,0.0,0.0,1.0,0.0,0.0,1.0
"G[1,2]((AlbCreatRat_mggNew <= 12.175 | Pt_DKAFlg >= 0.000) -> BUN <= 0.000)
",9999999.000,9999999.000,0.000,1.000,0.000,0,0,3,1,1,3,3,1,0.0,0.0,1.0,0.0,0.0,1.0
"G[0,1](TotChol > 24.058 -> Pt_SHFlg = 0.964)
",9999999.000,9999999.000,0.000,1.000,0.000,0,0,2,2,2,2,2,2,0.0,0.0,1.0,0.0,0.0,1.0
"G[0,1](((DirectLDL <= 0.000 -> SMBGperDayPtMeterCombo >= 1.056) & Pt_MotherT1D <= 6.243) & BldPrDia >= 3.939)
",9999999.000,9999999.000,0.000,1.000,0.000,0,0,2,2,2,2,2,2,0.0,0.0,1.0,0.0,0.0,1.0
"G[2,2](((HeightCm <= 167.539 & diagAgeCombo >= 0.000) | Pt_A1cGoalLevelDsYr5 <= 0.000) -> Pt_DKAFlg >= 0.000)
",0.000,0.000,0.000,1.000,0.000,0,0,4,0,0,4,4,0,0.0,0.0,1.0,0.0,0.0,1.0
"G[1,2]((bmi <= 20.138 & SMBGperDayPtMeterCombo <= 7.980) -> Pt_DKAFlg <= 5.621)
",9999999.000,9999999.000,0.000,1.000,0.000,0,0,4,0,0,4,4,0,0.0,0.0,1.0,0.0,0.0,1.0
"G[0,2](((BldPrSys <= 126.057 -> TotChol <= 40.120) | GFR <= 123.261) | bmiZscore <= 99.585)
",9999999.000,9999999.000,0.000,1.000,0.000,0,0,4,0,0,4,4,0,0.0,0.0,1.0,0.0,0.0,1.0
"G[1,2]((AlbCreatRat_mggNew <= 11.954 -> age <= 14.489) | diagAgeCombo <= 16.295)
",9999999.000,9999999.000,0.000,1.000,0.000,0,0,4,0,0,4,4,0,0.0,0.0,1.0,0.0,0.0,1.0
"G[2,2](bmiZscore <= 0.484 -> Pt_SHFlg = 0.999)
",-8724930465547563.000,-0.484,0.000,1.000,0.000,0,0,4,0,0,4,4,0,0.0,0.0,1.0,0.0,0.0,1.0
"G[2,2](((Pt_InsGov <= 0.000 -> TSH <= 2.546) & TotalDailyInsPerKg <= 3.466) & GFR <= 5.074)
",-2.546,-2.546,0.000,1.000,0.000,0,0,4,0,0,4,4,0,0.0,0.0,1.0,0.0,0.0,1.0
"G[1,2](HDL <= 28.405 -> TSH <= 3.971)
",9999999.000,9999999.000,0.000,1.000,0.000,0,0,4,0,0,4,4,0,0.0,0.0,1.0,0.0,0.0,1.0
"G[1,2]((HeightCm >= 147.209 | BGTestAvgNumPtRep >= 1.643) & SMBGperDayPtMeterCombo >= 1.942)
",9999999.000,9999999.000,0.000,1.000,0.000,0,0,4,0,0,4,4,0,0.0,0.0,1.0,0.0,0.0,1.0
"G[2,2](HeightCm <= 166.623 & bmi <= 19.977)
",19.977,19.977,0.000,1.000,0.000,0,0,4,0,0,4,4,0,0.0,0.0,1.0,0.0,0.0,1.0
"G[0,2]((Triglyc >= 68.124 & TSH >= 2.147) | AlbCreatRat_mggNew >= 0.561)
",9999999.000,9999999.000,0.000,1.000,0.000,0,0,1,3,3,1,1,3,0.0,0.0,1.0,0.0,0.0,1.0
"G[2,2]((TotChol <= 47.358 & Triglyc >= 7.394) | TotalDailyInsPerKg >= 31.240)
",-7.394,-7.394,0.000,1.000,0.000,0,0,4,0,0,4,4,0,0.0,0.0,1.0,0.0,0.0,1.0
"G[0,1](((BGTestAvgNumMeter >= 1.426 & NumPumpBolusOrShortAct <= 4.479) & TSH <= 6.290) | LDL >= 2.683)
",9999999.000,9999999.000,0.000,1.000,0.000,0,0,1,3,3,1,1,3,0.0,0.0,1.0,0.0,0.0,1.0
"G[2,2](((BUN <= 5.474 | HbA1cImputeDtMnC <= 62.080) -> age >= 5.967) & BGTestAvgNumMeter >= 28.834)
",-8736931174637253.000,-62.080,0.000,1.000,0.000,0,0,4,0,0,4,4,0,0.0,0.0,1.0,0.0,0.0,1.0
"G[1,2]((age <= 14.924 | NumPumpBolusOrShortAct >= 1.331) -> TSH <= 5.349)
",9999999.000,9999999.000,0.000,1.000,0.000,0,0,4,0,0,4,4,0,0.0,0.0,1.0,0.0,0.0,1.0
"G[1,2](((HbA1cImputeDtMnC >= 30.152 | SMBGperDayPtMeterCombo >= 0.119) -> AlbCreatRat_mggNew >= 3.182) | bmiZscore >= 0.237)
",9999999.000,9999999.000,0.000,1.000,0.000,0,0,3,1,1,3,3,1,0.0,0.0,1.0,0.0,0.0,1.0
"G[1,2]((BGTestAvgNumPtRep <= 8.772 -> TotChol <= 40.790) & bmiPerc <= 152.128)
",9999999.000,9999999.000,0.000,1.000,0.000,0,0,3,1,1,3,3,1,0.0,0.0,1.0,0.0,0.0,1.0
"G[1,2](((BGTestAvgNumMeter >= 0.017 -> HDL >= 6.648) -> WeightKg >= 8.219) -> Pt_CGMUseNumDays <= 41.262)
",9999999.000,9999999.000,0.000,1.000,0.000,0,0,4,0,0,4,4,0,0.0,0.0,1.0,0.0,0.0,1.0
"G[1,2](((Pt_A1cGoalLev >= 0.030 -> Pt_CGMUseNumDays >= 1.842) -> AutonomicNeuroCl <= 11.823) | HDL <= 12.255)
",9999999.000,9999999.000,0.000,1.000,0.000,0,0,4,0,0,4,4,0,0.0,0.0,1.0,0.0,0.0,1.0
"G[1,2]((BGTestAvgNumMeter >= 0.742 -> BldPrDia <= 71.803) | LDL >= 63.644)
",9999999.000,9999999.000,0.000,1.000,0.000,0,0,4,0,0,4,4,0,0.0,0.0,1.0,0.0,0.0,1.0
"G[0,2]((bmiPerc <= 0.717 -> TSH >= 0.240) -> TotChol <= 2.458)
",9999999.000,9999999.000,0.000,1.000,0.000,0,0,2,2,2,2,2,2,0.0,0.0,1.0,0.0,0.0,1.0
"G[2,2](((BGTestAvgNumPtRep <= 3.444 & BldPrDia <= 74.235) & Pt_GrandchildT1D <= 74.325) & Pt_A1cGoalLevelDsYr5 <= 73.895)
",7755382416153717.000,3.444,0.000,1.000,0.000,0,0,4,0,0,4,4,0,0.0,0.0,1.0,0.0,0.0,1.0
"G[2,2](LDL <= 104.015 -> Pt_SHFlg >= 0.022)
",-7319416868922371.000,-104.015,0.000,1.000,0.000,0,0,4,0,0,4,4,0,0.0,0.0,1.0,0.0,0.0,1.0
"G[1,2]((HeightCm <= 167.665 -> TotChol >= 29.858) | bmi >= 14.479)
",9999999.000,9999999.000,0.000,1.000,0.000,0,0,4,0,0,4,4,0,0.0,0.0,1.0,0.0,0.0,1.0
"G[0,2](Pt_A1cGoalLev <= 5.173 -> TotChol <= 105.809)
",9999999.000,9999999.000,0.000,1.000,0.000,0,0,3,1,1,3,3,1,0.0,0.0,1.0,0.0,0.0,1.0
"G[1,2](((BUN >= 1.522 | diabDur >= 11.928) -> TotalDailyInsPerKg <= 14.843) | AutonomicNeuroCl <= 16.734)
",9999999.000,9999999.000,0.000,1.000,0.000,0,0,4,0,0,4,4,0,0.0,0.0,1.0,0.0,0.0,1.0
"G[1,2]((BGTestAvgNumPtRep <= 6.288 & HbA1c >= 4.242) -> BGTestAvgNumMeter >= 3.482)
",9999999.000,9999999.000,0.000,1.000,0.000,0,0,4,0,0,4,4,0,0.0,0.0,1.0,0.0,0.0,1.0
"G[0,2](((BGTestAvgNumPtRep <= 9.811 & bmiZscore >= -0.204) | Pt_CGMUseNumDays <= 0.259) | Pt_A1cGoalLevelDsYr5 <= 0.254)
",9999999.000,9999999.000,0.000,1.000,0.000,0,0,4,0,0,4,4,0,0.0,0.0,1.0,0.0,0.0,1.0
"G[0,2](NumPumpBolusOrShortAct <= 3.886 -> Pt_CGMUseNumDays <= 15.610)
",9999999.000,9999999.000,0.000,1.000,0.000,0,0,3,1,1,3,3,1,0.0,0.0,1.0,0.0,0.0,1.0
"G[0,2]((NumPumpBolusOrShortAct >= 1.014 -> UnitsInsBasalOrLongAct >= 18.572) -> Pt_ChildT1D <= 24.718)
",9999999.000,9999999.000,0.000,1.000,0.000,0,0,4,0,0,4,4,0,0.0,0.0,1.0,0.0,0.0,1.0
"G[0,2]((BUN >= 0.785 | UnitsInsBasalOrLongAct >= 15.284) & bmiZscore <= 24.506)
",9999999.000,9999999.000,0.000,1.000,0.000,0,0,3,1,1,3,3,1,0.0,0.0,1.0,0.0,0.0,1.0
"G[2,2](((bmiPerc >= 0.500 -> Pt_CGMUseNumDays >= 1.769) & NumPumpBolusOrShortAct >= 2.615) & Pt_DKAFlg <= 4.267)
",-2.615,-2.615,0.000,1.000,0.000,0,0,4,0,0,4,4,0,0.0,0.0,1.0,0.0,0.0,1.0
"G[0,1]((BUN >= 3.160 | SMBGperDayPtMeterCombo >= 3.199) & HDL >= 4.655)
",9999999.000,9999999.000,0.000,1.000,0.000,0,0,1,3,3,1,1,3,0.0,0.0,1.0,0.0,0.0,1.0
"G[2,2](HbA1cImputeDtMnC <= 60.443 & Triglyc <= 90.068)
",60.443,60.443,0.000,1.000,0.000,0,0,4,0,0,4,4,0,0.0,0.0,1.0,0.0,0.0,1.0
"G[0,2]((BldPrSys >= 111.303 -> diabDur >= 13.996) | TotalDailyInsPerKg >= 11.598)
",9999999.000,9999999.000,0.000,1.000,0.000,0,0,3,1,1,3,3,1,0.0,0.0,1.0,0.0,0.0,1.0
"G[1,2](((NumPumpBolusOrShortAct >= 0.663 & WeightKg >= 45.631) -> LDL <= 59.078) -> LDL >= 47.742)
",9999999.000,9999999.000,0.000,1.000,0.000,0,0,3,1,1,3,3,1,0.0,0.0,1.0,0.0,0.0,1.0
"G[2,2](Pt_A1cGoalLev <= 3.478 -> Triglyc <= 127.690)
",-127.690,-127.690,0.000,1.000,0.000,0,0,4,0,0,4,4,0,0.0,0.0,1.0,0.0,0.0,1.0
"G[0,2]((BGTestAvgNumMeter <= 4.063 -> HbA1cImputeDtMnC >= 12.597) | BGTestAvgNumPtRep >= 31.614)
",9999999.000,9999999.000,0.000,1.000,0.000,0,0,3,1,1,3,3,1,0.0,0.0,1.0,0.0,0.0,1.0
"G[0,2](((BldPrSys >= 113.554 & SMBGperDayPtMeterCombo <= 7.885) | HDL <= 9.834) -> Pt_MotherT1D <= 8.299)
",9999999.000,9999999.000,0.000,1.000,0.000,0,0,4,0,0,4,4,0,0.0,0.0,1.0,0.0,0.0,1.0
"G[2,2](((HbA1c >= 3.435 | Pt_FatherT1D <= 0.000) | bmiZscore >= 0.000) | HbA1c >= 0.000)
",0.000,0.000,0.000,1.000,0.000,0,0,4,0,0,4,4,0,0.0,0.0,1.0,0.0,0.0,1.0
"G[2,2](((AlbCreatRat_mggNew >= 1.821 | HeightCm >= 158.869) -> GFR <= 167.053) | HDL <= 168.548)
",168.548,168.548,0.000,1.000,0.000,0,0,4,0,0,4,4,0,0.0,0.0,1.0,0.0,0.0,1.0
"G[1,2](HbA1c <= 7.998 | Pt_SiblingT1D >= 0.000)
",9999999.000,9999999.000,0.000,1.000,0.000,0,0,4,0,0,4,4,0,0.0,0.0,1.0,0.0,0.0,1.0
"G[1,2]((Pt_A1cGoalLev <= 5.473 -> Pt_MotherT1D <= 0.000) | HDL >= 0.000)
",9999999.000,9999999.000,0.000,1.000,0.000,0,0,4,0,0,4,4,0,0.0,0.0,1.0,0.0,0.0,1.0
"G[1,2](((Pt_CGMUseNumDays <= 4.023 & Pt_A1cGoalLev <= 5.476) | diagAgeCombo >= 0.537) | AlbCreatRat_mggNew >= 0.892)
",9999999.000,9999999.000,0.000,1.000,0.000,0,0,2,2,2,2,2,2,0.0,0.0,1.0,0.0,0.0,1.0
"G[0,2](bmiPerc >= 0.471 -> HDL >= 14.785)
",9999999.000,9999999.000,0.000,1.000,0.000,0,0,2,2,2,2,2,2,0.0,0.0,1.0,0.0,0.0,1.0
"G[1,2](((AlbCreatRat_mggNew >= 1.538 & HbA1cImputeDtMnC <= 57.999) -> bmiZscore <= 64.439) -> Pt_CGMUseNumDays <= 44.526)
",9999999.000,9999999.000,0.000,1.000,0.000,0,0,4,0,0,4,4,0,0.0,0.0,1.0,0.0,0.0,1.0
"G[0,2]((AlbCreatRat_mggNew <= 12.060 | NumPumpBolusOrShortAct >= 1.152) | BGTestAvgNumPtRep <= 2.861)
",9999999.000,9999999.000,0.000,1.000,0.000,0,0,4,0,0,4,4,0,0.0,0.0,1.0,0.0,0.0,1.0
"G[0,2]((Pt_CGMUseNumDays <= 9.691 -> UnitsInsBasalOrLongAct >= 2.753) & diabDur <= 29.157)
",9999999.000,9999999.000,0.000,1.000,0.000,0,0,3,1,1,3,3,1,0.0,0.0,1.0,0.0,0.0,1.0
"G[1,2](TSH >= 1.069 & WeightKg >= 41.374)
",9999999.000,9999999.000,0.000,1.000,0.000,0,0,3,1,1,3,3,1,0.0,0.0,1.0,0.0,0.0,1.0
"G[2,2]((BldPrSys >= 112.977 & WeightKg >= 44.761) & Pt_A1cGoalLev <= 56.392)
",-112.977,-112.977,0.000,1.000,0.000,0,0,4,0,0,4,4,0,0.0,0.0,1.0,0.0,0.0,1.0
"G[0,2]((BldPrSys <= 126.125 | bmi >= 19.955) -> HbA1cImputeDtMnC >= 19.247)
",9999999.000,9999999.000,0.000,1.000,0.000,0,0,3,1,1,3,3,1,0.0,0.0,1.0,0.0,0.0,1.0
"G[2,2](((HbA1cImputeDtMnC <= 46.527 | TSH <= 4.791) | Pt_CGMUseNumDays <= 2.369) -> HbA1c <= 4.206)
",-46.527,-46.527,0.000,1.000,0.000,0,0,4,0,0,4,4,0,0.0,0.0,1.0,0.0,0.0,1.0
"G[0,2]((Pt_SHFlg <= 0.697 -> TotalDailyInsPerKg <= 0.647) | Pt_MotherT1D >= 0.142)
",9999999.000,9999999.000,0.000,1.000,0.000,0,0,2,2,2,2,2,2,0.0,0.0,1.0,0.0,0.0,1.0
"G[0,2](SMBGperDayPtMeterCombo <= 7.201 | UnitsInsBasalOrLongAct >= 8.409)
",9999999.000,9999999.000,0.000,1.000,0.000,0,0,3,1,1,3,3,1,0.0,0.0,1.0,0.0,0.0,1.0
"G[2,2](((BGTestAvgNumMeter <= 4.286 -> BldPrSys <= 119.701) | GFR <= 124.890) | GFR >= 110.733)
",124.890,124.890,0.000,1.000,0.000,0,0,4,0,0,4,4,0,0.0,0.0,1.0,0.0,0.0,1.0
"G[0,2](BldPrDia >= 68.661 -> BUN <= 15.443)
",9999999.000,9999999.000,0.000,1.000,0.000,0,0,4,0,0,4,4,0,0.0,0.0,1.0,0.0,0.0,1.0
"G[2,2](((bmi <= 20.064 -> HbA1c >= 3.760) | bmiZscore <= 7.417) & WeightKg >= 5.977)
",-5.977,-5.977,0.000,1.000,0.000,0,0,4,0,0,4,4,0,0.0,0.0,1.0,0.0,0.0,1.0
"G[2,2](HDL >= 8.423 | WeightKg <= 57.057)
",57.057,57.057,0.000,1.000,0.000,0,0,4,0,0,4,4,0,0.0,0.0,1.0,0.0,0.0,1.0
"G[0,2]((NumPumpBolusOrShortAct <= 4.677 -> Triglyc <= 106.096) -> WeightKg <= 124.290)
",9999999.000,9999999.000,0.000,1.000,0.000,0,0,4,0,0,4,4,0,0.0,0.0,1.0,0.0,0.0,1.0
"G[2,2]((HbA1cImputeDtMnC <= 67.235 -> TotalDailyInsPerKg >= 0.192) & Triglyc <= 0.713)
",-67.235,-67.235,0.000,1.000,0.000,0,0,4,0,0,4,4,0,0.0,0.0,1.0,0.0,0.0,1.0
"G[1,2](((bmi <= 20.254 | LDL >= 5.343) | diabDur <= 47.502) | Pt_GrandparentT1D <= 93.950)
",9999999.000,9999999.000,0.000,1.000,0.000,0,0,4,0,0,4,4,0,0.0,0.0,1.0,0.0,0.0,1.0
"G[0,2](diabDur <= 14.939 & TSH >= 1.156)
",9999999.000,9999999.000,0.000,1.000,0.000,0,0,1,3,3,1,1,3,0.0,0.0,1.0,0.0,0.0,1.0
"G[2,2](HbA1cImputeDtMnC >= 37.641 & HDL >= 10.396)
",-37.641,-37.641,0.000,1.000,0.000,0,0,4,0,0,4,4,0,0.0,0.0,1.0,0.0,0.0,1.0
"G[0,2](((BldPrSys >= 112.577 -> HDL <= 32.196) | AutonomicNeuroCl <= 41.285) | Pt_GrandchildT1D >= 16.836)
",9999999.000,9999999.000,0.000,1.000,0.000,0,0,4,0,0,4,4,0,0.0,0.0,1.0,0.0,0.0,1.0
