Rule,Discrimination Score,Pos Robustness,Neg Robustness,Percent Class +,Percent Class -,TP,TN,FP,FN,Actual Yes,Actual No,Predicted Yes,Predicted No,TPR/Sens,TNR/Spec,FPR,Precision,Accuracy,MCR
"G[0,0](HbA1c <= 8.068 | AlbCreatRat_mggNew >= 1.020)
",8.068,8.068,0.000,1.000,0.000,4,0,0,0,4,0,4,0,1.0,0.0,0.0,1.0,1.1428571428571428,-0.1428571428571428
"G[0,0](((Pt_GrandparentT1D <= 0.000 -> SMBGperDayPtMeterCombo >= 1.235) | BGTestAvgNumPtRep <= 5.678) | HDL <= 3.983)
",1.300,3.678,0.000,1.000,0.000,4,0,0,0,4,0,4,0,1.0,0.0,0.0,1.0,1.1428571428571428,-0.1428571428571428
"G[0,0](Pt_FatherT1D < 0.000 -> Pt_SHFlg = 0.000)
",0.000,0.000,0.000,1.000,0.000,4,0,0,0,4,0,4,0,1.0,0.0,0.0,1.0,1.1428571428571428,-0.1428571428571428
"G[0,0](((BGTestAvgNumMeter >= 0.346 | HbA1cImputeDtMnC <= 38.969) | Pt_FatherT1D >= 3.993) | diabDur <= 48.038)
",15.826,37.302,0.000,1.000,0.000,4,0,0,0,4,0,4,0,1.0,0.0,0.0,1.0,1.1428571428571428,-0.1428571428571428
"G[0,0](Pt_GrandparentT1D >= 0.000 | HbA1c >= 7.204)
",0.000,0.000,0.000,1.000,0.000,4,0,0,0,4,0,4,0,1.0,0.0,0.0,1.0,1.1428571428571428,-0.1428571428571428
"G[0,0](Pt_A1cGoalLev >= 0.067 -> TotalDailyInsPerKg >= 0.097)
",-23.281,-39.570,0.000,1.000,0.000,4,0,0,0,4,0,4,0,1.0,0.0,0.0,1.0,1.1428571428571428,-0.1428571428571428
"G[0,0]((LDL >= 67.498 | Pt_MotherT1D >= 0.175) | age >= 0.262)
",0.301,0.129,0.000,1.000,0.000,4,0,0,0,4,0,4,0,1.0,0.0,0.0,1.0,1.1428571428571428,-0.1428571428571428
"G[0,0](((Pt_SHFlg <= 0.000 & TSH >= 0.850) & UnitsInsBasalOrLongAct >= 0.006) -> Pt_SHFlg <= 1.179)
",0.924,19.192,0.000,1.000,0.000,4,0,0,0,4,0,4,0,1.0,0.0,0.0,1.0,1.1428571428571428,-0.1428571428571428
"G[0,0](((NumPumpBolusOrShortAct >= 0.120 -> Pt_MotherT1D <= 0.410) -> DirectLDL <= 0.474) | age >= 0.136)
",0.419,0.198,0.000,1.000,0.000,4,0,0,0,4,0,4,0,1.0,0.0,0.0,1.0,1.1428571428571428,-0.1428571428571428
"G[0,0](Pt_MotherT1D >= 0.129 -> HbA1c <= 8.270)
",-8.270,-8.270,0.000,1.000,0.000,4,0,0,0,4,0,4,0,1.0,0.0,0.0,1.0,1.1428571428571428,-0.1428571428571428
"G[0,1]((bmiZscore <= 0.328 -> HDL >= 20.338) -> TotChol <= 36.757)
",9999999.000,9999999.000,0.000,1.000,0.000,3,0,1,0,3,1,4,0,1.0,0.0,1.0,0.75,0.8571428571428571,0.1428571428571429
"G[0,1]((SMBGperDayPtMeterCombo <= 5.738 & bmiPerc <= 0.000) | HDL >= 0.000)
",9999999.000,9999999.000,0.000,1.000,0.000,3,0,1,0,3,1,4,0,1.0,0.0,1.0,0.75,0.8571428571428571,0.1428571428571429
"G[1,1]((BldPrSys >= 124.656 | Pt_CGMUseNumDays >= 1.704) -> HbA1c >= 1.226)
",1.226,1.226,0.000,1.000,0.000,3,0,1,0,3,1,4,0,1.0,0.0,1.0,0.75,0.8571428571428571,0.1428571428571429
"G[1,1](SMBGperDayPtMeterCombo >= 1.779 & BGTestAvgNumPtRep >= 0.865)
",-1.779,-1.779,0.000,1.000,0.000,3,0,1,0,3,1,4,0,1.0,0.0,1.0,0.75,0.8571428571428571,0.1428571428571429
"G[1,1](((NumPumpBolusOrShortAct >= 0.435 | WeightKg <= 37.418) -> NumPumpBolusOrShortAct <= 43.594) | BUN >= 19.996)
",-19.996,-19.996,0.000,1.000,0.000,3,0,1,0,3,1,4,0,1.0,0.0,1.0,0.75,0.8571428571428571,0.1428571428571429
"G[0,1](BGTestAvgNumMeter <= 2.735 -> Pt_SHFlg >= 0.000)
",9999999.000,9999999.000,0.000,1.000,0.000,3,0,1,0,3,1,4,0,1.0,0.0,1.0,0.75,0.8571428571428571,0.1428571428571429
"G[1,1](((BGTestAvgNumMeter >= 1.116 | UnitsInsBasalOrLongAct <= 25.401) | Pt_A1cGoalLevelDsYr5 <= 28.025) -> diagAgeCombo >= 6.792)
",-7888251989389955.000,-28.025,0.000,1.000,0.000,3,0,1,0,3,1,4,0,1.0,0.0,1.0,0.75,0.8571428571428571,0.1428571428571429
"G[0,1](BUN >= 0.000 & Pt_SHFlg >= 0.000)
",9999999.000,9999999.000,0.000,1.000,0.000,3,0,1,0,3,1,4,0,1.0,0.0,1.0,0.75,0.8571428571428571,0.1428571428571429
"G[1,1](((LDL <= 92.770 & NumPumpBolusOrShortAct <= 2.095) & HbA1c >= 0.656) -> TotChol <= 2.236)
",-2.236,-2.236,0.000,1.000,0.000,3,0,1,0,3,1,4,0,1.0,0.0,1.0,0.75,0.8571428571428571,0.1428571428571429
"G[1,1](((NumPumpBolusOrShortAct <= 2.079 & Pt_A1cGoalLev <= 5.451) -> Pt_MotherT1D >= 0.452) | diagAgeCombo >= 0.751)
",-6762064385656693.000,-0.751,0.000,1.000,0.000,3,0,1,0,3,1,4,0,1.0,0.0,1.0,0.75,0.8571428571428571,0.1428571428571429
"G[1,1](BGTestAvgNumMeter >= 0.011 -> diabDur >= 39.009)
",0.011,0.011,0.000,1.000,0.000,3,0,1,0,3,1,4,0,1.0,0.0,1.0,0.75,0.8571428571428571,0.1428571428571429
"G[1,1](Pt_A1cGoalLev <= 2.127 | Pt_DKAFlg <= 0.000)
",2.127,2.127,0.000,1.000,0.000,3,0,1,0,3,1,4,0,1.0,0.0,1.0,0.75,0.8571428571428571,0.1428571428571429
"G[1,1]((SMBGperDayPtMeterCombo <= 4.893 -> AutonomicNeuroCl <= 0.000) | BGTestAvgNumPtRep <= 0.000)
",0.000,0.000,0.000,1.000,0.000,3,0,1,0,3,1,4,0,1.0,0.0,1.0,0.75,0.8571428571428571,0.1428571428571429
"G[1,1]((BGTestAvgNumMeter <= 5.227 | BldPrDia <= 62.848) | bmiPerc >= 57.417)
",62.848,62.848,0.000,1.000,0.000,3,0,1,0,3,1,4,0,1.0,0.0,1.0,0.75,0.8571428571428571,0.1428571428571429
"G[0,1](((TotChol >= 0.000 | Pt_DKAFlg <= 0.000) -> bmiZscore >= 0.000) | diabDur >= 0.000)
",9999999.000,9999999.000,0.000,1.000,0.000,3,0,1,0,3,1,4,0,1.0,0.0,1.0,0.75,0.8571428571428571,0.1428571428571429
"G[0,1]((diagAgeCombo >= 14.000 -> bmiZscore >= 0.076) -> SMBGperDayPtMeterCombo >= 0.030)
",9999999.000,9999999.000,0.000,1.000,0.000,3,0,1,0,3,1,4,0,1.0,0.0,1.0,0.75,0.8571428571428571,0.1428571428571429
"G[0,1]((HbA1cImputeDtMnC <= 76.130 | Pt_CGMUseNumDays >= 0.458) -> BldPrDia >= 0.258)
",9999999.000,9999999.000,0.000,1.000,0.000,3,0,1,0,3,1,4,0,1.0,0.0,1.0,0.75,0.8571428571428571,0.1428571428571429
"G[1,1](BldPrDia <= 62.023 | Pt_A1cGoalLev <= 4.873)
",8728946023193149.000,62.023,0.000,1.000,0.000,3,0,1,0,3,1,4,0,1.0,0.0,1.0,0.75,0.8571428571428571,0.1428571428571429
"G[0,0]((SMBGperDayPtMeterCombo <= 4.293 -> TSH >= 0.249) -> BGTestAvgNumPtRep >= 0.449)
",-0.548,-1.551,0.000,1.000,0.000,3,0,0,1,4,0,3,1,0.75,0.0,0.0,1.0,0.8571428571428571,0.1428571428571429
"G[1,1](BldPrSys <= 135.300 | NumPumpBolusOrShortAct <= 1.797)
",135.300,135.300,0.000,1.000,0.000,3,0,1,0,3,1,4,0,1.0,0.0,1.0,0.75,0.8571428571428571,0.1428571428571429
"G[1,1](DirectLDL <= 0.834 | Pt_SHFlg <= 0.000)
",0.834,0.834,0.000,1.000,0.000,3,0,1,0,3,1,4,0,1.0,0.0,1.0,0.75,0.8571428571428571,0.1428571428571429
"G[0,1](((bmiZscore >= 0.029 | NumPumpBolusOrShortAct <= 1.940) | Pt_DKAFlg <= 4.426) | WeightKg >= 0.231)
",9999999.000,9999999.000,0.000,1.000,0.000,3,0,1,0,3,1,4,0,1.0,0.0,1.0,0.75,0.8571428571428571,0.1428571428571429
"G[0,1](((DirectLDL <= 0.966 -> HbA1cImputeDtMnC >= 5.313) & Pt_ChildT1D <= 74.044) & diabDur <= 47.948)
",9999999.000,9999999.000,0.000,1.000,0.000,3,0,1,0,3,1,4,0,1.0,0.0,1.0,0.75,0.8571428571428571,0.1428571428571429
"G[1,1](diabDur <= 44.184 | Pt_GrandparentT1D <= 0.000)
",6218318980745981.000,44.184,0.000,1.000,0.000,3,0,1,0,3,1,4,0,1.0,0.0,1.0,0.75,0.8571428571428571,0.1428571428571429
"G[0,0](HbA1cImputeDtMnC >= 20.229 -> Triglyc <= 84.755)
",-84.755,-84.755,0.000,1.000,0.000,3,0,0,1,4,0,3,1,0.75,0.0,0.0,1.0,0.8571428571428571,0.1428571428571429
"G[0,1](GFR <= 0.000 & AutonomicNeuroCl <= 0.000)
",9999999.000,9999999.000,0.000,1.000,0.000,3,0,1,0,3,1,4,0,1.0,0.0,1.0,0.75,0.8571428571428571,0.1428571428571429
"G[0,0](HDL <= 50.186 -> SMBGperDayPtMeterCombo <= 4.293)
",1.551,29.778,0.000,1.000,0.000,3,0,0,1,4,0,3,1,0.75,0.0,0.0,1.0,0.8571428571428571,0.1428571428571429
"G[0,1](((DirectLDL >= 0.139 & LDL >= 70.763) | Pt_DKAFlg >= 59.696) | BUN <= 96.345)
",9999999.000,9999999.000,0.000,1.000,0.000,3,0,1,0,3,1,4,0,1.0,0.0,1.0,0.75,0.8571428571428571,0.1428571428571429
"G[0,1](((Pt_SHFlg >= 0.000 & HDL >= 31.617) | WeightKg >= 5.859) -> diagAgeCombo <= 35.026)
",9999999.000,9999999.000,0.000,1.000,0.000,3,0,1,0,3,1,4,0,1.0,0.0,1.0,0.75,0.8571428571428571,0.1428571428571429
"G[0,1]((BUN >= 0.000 & BUN <= 0.000) & diabDur >= 0.000)
",9999999.000,9999999.000,0.000,1.000,0.000,3,0,1,0,3,1,4,0,1.0,0.0,1.0,0.75,0.8571428571428571,0.1428571428571429
"G[0,1](Pt_MotherT1D >= 0.084 -> bmiPerc <= 0.000)
",9999999.000,9999999.000,0.000,1.000,0.000,3,0,1,0,3,1,4,0,1.0,0.0,1.0,0.75,0.8571428571428571,0.1428571428571429
"G[1,1](((BUN >= 0.000 & UnitsInsBasalOrLongAct >= 12.792) | bmiPerc <= 28.560) & diagAgeCombo <= 25.503)
",25.503,25.503,0.000,1.000,0.000,3,0,1,0,3,1,4,0,1.0,0.0,1.0,0.75,0.8571428571428571,0.1428571428571429
"G[1,1](HbA1cImputeDtMnC >= 10.558 & BGTestAvgNumPtRep >= 2.369)
",-10.558,-10.558,0.000,1.000,0.000,3,0,1,0,3,1,4,0,1.0,0.0,1.0,0.75,0.8571428571428571,0.1428571428571429
"G[1,1]((diabDur <= 44.545 | TSH >= 0.368) | DirectLDL <= 2.985)
",44.545,44.545,0.000,1.000,0.000,3,0,1,0,3,1,4,0,1.0,0.0,1.0,0.75,0.8571428571428571,0.1428571428571429
"G[1,1]((Pt_FatherT1D <= 0.000 | BldPrSys <= 132.843) -> AutonomicNeuroCl <= 134.749)
",-134.749,-134.749,0.000,1.000,0.000,3,0,1,0,3,1,4,0,1.0,0.0,1.0,0.75,0.8571428571428571,0.1428571428571429
"G[0,1]((SMBGperDayPtMeterCombo <= 3.995 & Triglyc <= 90.827) -> BGTestAvgNumPtRep <= 61.508)
",9999999.000,9999999.000,0.000,1.000,0.000,3,0,1,0,3,1,4,0,1.0,0.0,1.0,0.75,0.8571428571428571,0.1428571428571429
"G[0,1](BGTestAvgNumPtRep > 1.408 -> Pt_SHFlg = 0.000)
",9999999.000,9999999.000,0.000,1.000,0.000,3,0,1,0,3,1,4,0,1.0,0.0,1.0,0.75,0.8571428571428571,0.1428571428571429
"G[0,1]((WeightKg >= 16.006 | bmi >= 10.323) -> UnitsInsBasalOrLongAct <= 27.959)
",9999999.000,9999999.000,0.000,1.000,0.000,3,0,0,1,4,0,3,1,0.75,0.0,0.0,1.0,0.8571428571428571,0.1428571428571429
"G[0,1]((WeightKg >= 18.842 | bmi >= 4.895) -> UnitsInsBasalOrLongAct <= 30.520)
",9999999.000,9999999.000,0.000,1.000,0.000,3,0,0,1,4,0,3,1,0.75,0.0,0.0,1.0,0.8571428571428571,0.1428571428571429
"G[1,1]((WeightKg >= 27.256 | bmi >= 10.547) -> UnitsInsBasalOrLongAct <= 31.241)
",-31.241,-31.241,0.000,1.000,0.000,3,0,1,0,3,1,4,0,1.0,0.0,1.0,0.75,0.8571428571428571,0.1428571428571429
"G[1,1](GFR <= 0.000 -> BUN >= 0.000)
",0.000,0.000,0.000,1.000,0.000,3,0,1,0,3,1,4,0,1.0,0.0,1.0,0.75,0.8571428571428571,0.1428571428571429
"G[0,1](Pt_GrandparentT1D >= 0.000 -> Pt_SHFlg = 0.000)
",9999999.000,9999999.000,0.000,1.000,0.000,3,0,1,0,3,1,4,0,1.0,0.0,1.0,0.75,0.8571428571428571,0.1428571428571429
"G[1,1](diagAgeCombo < 14.000 -> Pt_SHFlg = 0.000)
",-14.000,-14.000,0.000,1.000,0.000,3,0,1,0,3,1,4,0,1.0,0.0,1.0,0.75,0.8571428571428571,0.1428571428571429
"G[1,1](GFR <= 0.000 -> BUN >= 0.000)
",0.000,0.000,0.000,1.000,0.000,3,0,1,0,3,1,4,0,1.0,0.0,1.0,0.75,0.8571428571428571,0.1428571428571429
"G[0,1](bmi >= 0.070 -> Pt_FatherT1D >= 0.000)
",9999999.000,9999999.000,0.000,1.000,0.000,3,0,1,0,3,1,4,0,1.0,0.0,1.0,0.75,0.8571428571428571,0.1428571428571429
"G[1,1](BldPrDia >= 58.714 & Pt_SHFlg = 0.000)
",-58.714,-58.714,0.000,1.000,0.000,3,0,1,0,3,1,4,0,1.0,0.0,1.0,0.75,0.8571428571428571,0.1428571428571429
"G[0,0]((WeightKg >= 22.040 | bmi >= 0.083) -> UnitsInsBasalOrLongAct <= 33.543)
",-5.773,-26.943,0.000,1.000,0.000,3,0,0,1,4,0,3,1,0.75,0.0,0.0,1.0,0.8571428571428571,0.1428571428571429
"G[0,1](((TotChol <= 0.000 -> Pt_DKAFlg >= 0.000) | TotChol >= 0.000) & bmiZscore >= 0.000)
",9999999.000,9999999.000,0.000,1.000,0.000,3,0,1,0,3,1,4,0,1.0,0.0,1.0,0.75,0.8571428571428571,0.1428571428571429
"G[0,1]((SMBGperDayPtMeterCombo <= 4.063 & Pt_ChildT1D <= 0.000) & TSH >= 0.000)
",9999999.000,9999999.000,0.000,1.000,0.000,2,0,1,1,3,1,3,1,0.6666666666666666,0.0,1.0,0.6666666666666666,0.5714285714285714,0.4285714285714286
"G[0,0](SMBGperDayPtMeterCombo >= 2.176 & BGTestAvgNumPtRep >= 1.754)
",0.087,0.246,0.000,1.000,0.000,2,0,0,2,4,0,2,2,0.5,0.0,0.0,1.0,0.5714285714285714,0.4285714285714286
"G[0,1]((AutonomicNeuroCl <= 0.000 -> AutonomicNeuroCl <= 0.000) -> NumPumpBolusOrShortAct <= 0.000)
",9999999.000,9999999.000,0.000,1.000,0.000,2,0,1,1,3,1,3,1,0.6666666666666666,0.0,1.0,0.6666666666666666,0.5714285714285714,0.4285714285714286
"G[1,1](((LDL >= 65.649 & Triglyc >= 33.976) & Pt_A1cGoalLev >= 34.445) | UnitsInsBasalOrLongAct >= 18.655)
",-18.655,-18.655,0.000,1.000,0.000,2,0,1,1,3,1,3,1,0.6666666666666666,0.0,1.0,0.6666666666666666,0.5714285714285714,0.4285714285714286
"G[0,1](BldPrSys >= 129.821 -> Pt_MotherT1D <= 0.775)
",9999999.000,9999999.000,0.000,1.000,0.000,2,0,1,1,3,1,3,1,0.6666666666666666,0.0,1.0,0.6666666666666666,0.5714285714285714,0.4285714285714286
"G[0,1](HDL <= 52.975 & Pt_SHFlg = 0.000)
",9999999.000,9999999.000,0.000,1.000,0.000,2,0,1,1,3,1,3,1,0.6666666666666666,0.0,1.0,0.6666666666666666,0.5714285714285714,0.4285714285714286
"G[0,0](bmi >= 4.460 & Pt_A1cGoalLev <= 1.031)
",-7301097814721901.000,-12.969,0.000,1.000,0.000,2,0,0,2,4,0,2,2,0.5,0.0,0.0,1.0,0.5714285714285714,0.4285714285714286
"G[0,1](((WeightKg >= 18.011 & HbA1c <= 8.249) -> Pt_CGMUseNumDays <= 8.007) & Pt_SiblingT1D <= 8.199)
",9999999.000,9999999.000,0.000,1.000,0.000,2,0,1,1,3,1,3,1,0.6666666666666666,0.0,1.0,0.6666666666666666,0.5714285714285714,0.4285714285714286
"G[0,0](SMBGperDayPtMeterCombo >= 0.778 & BGTestAvgNumPtRep >= 0.957)
",0.369,1.043,0.000,1.000,0.000,2,0,0,2,4,0,2,2,0.5,0.0,0.0,1.0,0.5714285714285714,0.4285714285714286
"G[0,1](HbA1c <= 8.034 & bmiZscore <= 0.259)
",9999999.000,9999999.000,0.000,1.000,0.000,2,0,0,2,4,0,2,2,0.5,0.0,0.0,1.0,0.5714285714285714,0.4285714285714286
"G[1,1]((WeightKg >= 16.109 | bmi >= 6.580) -> UnitsInsBasalOrLongAct <= 26.894)
",-26.894,-26.894,0.000,1.000,0.000,2,0,1,1,3,1,3,1,0.6666666666666666,0.0,1.0,0.6666666666666666,0.5714285714285714,0.4285714285714286
"G[1,1]((diagAgeCombo >= 14.000 & AlbCreatRat_mggNew <= 8.921) | Pt_A1cGoalLevelDsYr5 >= 3.485)
",-3.485,-3.485,0.000,1.000,0.000,2,0,1,1,3,1,3,1,0.6666666666666666,0.0,1.0,0.6666666666666666,0.5714285714285714,0.4285714285714286
"G[0,1]((bmiPerc >= 0.000 -> HbA1cImputeDtMnC <= 47.961) | Pt_GrandchildT1D >= 2.756)
",9999999.000,9999999.000,0.000,1.000,0.000,2,0,0,2,4,0,2,2,0.5,0.0,0.0,1.0,0.5714285714285714,0.4285714285714286
"G[0,0](((DirectLDL <= 0.432 & bmiPerc >= 0.000) & bmi <= 0.000) & BGTestAvgNumMeter >= 0.000)
",-0.707,-53.196,0.000,1.000,0.000,2,0,0,2,4,0,2,2,0.5,0.0,0.0,1.0,0.5714285714285714,0.4285714285714286
"G[1,1]((HbA1c <= 8.141 -> HeightCm >= 67.886) | diabDur >= 45.140)
",-8.141,-8.141,0.000,1.000,0.000,2,0,1,1,3,1,3,1,0.6666666666666666,0.0,1.0,0.6666666666666666,0.5714285714285714,0.4285714285714286
"G[0,1](age >= 52.308 & bmi <= 15.181)
",9999999.000,9999999.000,0.000,1.000,0.000,1,0,0,3,4,0,1,3,0.25,0.0,0.0,1.0,0.2857142857142857,0.7142857142857143
"G[0,1](SMBGperDayPtMeterCombo >= 3.133 & BGTestAvgNumPtRep >= 1.030)
",9999999.000,9999999.000,0.000,1.000,0.000,1,0,1,2,3,1,2,2,0.3333333333333333,0.0,1.0,0.5,0.2857142857142857,0.7142857142857143
"G[0,1](SMBGperDayPtMeterCombo >= 2.066 & BGTestAvgNumPtRep >= 1.142)
",9999999.000,9999999.000,0.000,1.000,0.000,1,0,1,2,3,1,2,2,0.3333333333333333,0.0,1.0,0.5,0.2857142857142857,0.7142857142857143
"G[0,1](Pt_CGMUseNumDays <= 7.115 & UnitsInsBasalOrLongAct >= 11.814)
",9999999.000,9999999.000,0.000,1.000,0.000,1,0,1,2,3,1,2,2,0.3333333333333333,0.0,1.0,0.5,0.2857142857142857,0.7142857142857143
"G[0,0]((HbA1c >= 7.829 & TSH >= 0.169) & Pt_ChildT1D <= 1.676)
",-7.829,-7.829,0.000,1.000,0.000,1,0,0,3,4,0,1,3,0.25,0.0,0.0,1.0,0.2857142857142857,0.7142857142857143
"G[1,1]((HbA1c >= 7.532 | SMBGperDayPtMeterCombo >= 1.897) & Pt_A1cGoalLev >= 1.779)
",-1.897,-1.897,0.000,1.000,0.000,1,0,1,2,3,1,2,2,0.3333333333333333,0.0,1.0,0.5,0.2857142857142857,0.7142857142857143
"G[0,1](((age >= 55.219 | UnitsInsBasalOrLongAct <= 24.110) | HbA1c >= 13.600) -> bmi <= 28.965)
",9999999.000,9999999.000,0.000,1.000,0.000,1,0,0,3,4,0,1,3,0.25,0.0,0.0,1.0,0.2857142857142857,0.7142857142857143
"G[0,1](((HbA1c <= 8.220 & NumPumpBolusOrShortAct >= 0.674) | TotalDailyInsPerKg >= 0.508) -> Pt_A1cGoalLevelDsYr5 >= 0.662)
",9999999.000,9999999.000,0.000,1.000,0.000,1,0,0,3,4,0,1,3,0.25,0.0,0.0,1.0,0.2857142857142857,0.7142857142857143
"G[1,1]((TotalDailyInsPerKg <= 1.000 & TSH >= 0.547) & diabDur >= 0.714)
",-6429129100123021.000,-0.714,0.000,1.000,0.000,1,0,1,2,3,1,2,2,0.3333333333333333,0.0,1.0,0.5,0.2857142857142857,0.7142857142857143
"G[0,1](((DirectLDL >= 0.242 & WeightKg >= 8.889) | age >= 22.393) & Triglyc >= 33.159)
",9999999.000,9999999.000,0.000,1.000,0.000,1,0,1,2,3,1,2,2,0.3333333333333333,0.0,1.0,0.5,0.2857142857142857,0.7142857142857143
"G[0,1]((AlbCreatRat_mggNew >= 3.348 | BGTestAvgNumMeter >= 2.261) & LDL >= 1.919)
",9999999.000,9999999.000,0.000,1.000,0.000,1,0,1,2,3,1,2,2,0.3333333333333333,0.0,1.0,0.5,0.2857142857142857,0.7142857142857143
"G[1,1](((bmi >= 13.083 & GFR <= 0.000) & Pt_MotherT1D <= 0.000) | diabDur <= 0.000)
",0.000,0.000,0.000,1.000,0.000,1,0,1,2,3,1,2,2,0.3333333333333333,0.0,1.0,0.5,0.2857142857142857,0.7142857142857143
"G[0,1](HbA1cImputeDtMnC <= 43.539 & TotalDailyInsPerKg <= 0.501)
",9999999.000,9999999.000,0.000,1.000,0.000,1,0,0,3,4,0,1,3,0.25,0.0,0.0,1.0,0.2857142857142857,0.7142857142857143
"G[0,0]((BldPrSys <= 134.105 -> Pt_A1cGoalLev >= 0.624) | age <= 6.436)
",12.945,6.102,0.000,1.000,0.000,1,0,0,3,4,0,1,3,0.25,0.0,0.0,1.0,0.2857142857142857,0.7142857142857143
"G[1,1]((NumPumpBolusOrShortAct <= 2.625 & TSH >= 0.084) | BUN >= 0.738)
",-0.084,-0.084,0.000,1.000,0.000,1,0,1,2,3,1,2,2,0.3333333333333333,0.0,1.0,0.5,0.2857142857142857,0.7142857142857143
"G[0,1](SMBGperDayPtMeterCombo >= 0.620 & BGTestAvgNumPtRep >= 2.430)
",9999999.000,9999999.000,0.000,1.000,0.000,1,0,1,2,3,1,2,2,0.3333333333333333,0.0,1.0,0.5,0.2857142857142857,0.7142857142857143
"G[0,1](((BldPrSys <= 132.922 -> Triglyc >= 28.017) & BGTestAvgNumMeter <= 74.693) & HDL <= 101.323)
",9999999.000,9999999.000,0.000,1.000,0.000,1,0,1,2,3,1,2,2,0.3333333333333333,0.0,1.0,0.5,0.2857142857142857,0.7142857142857143
"G[0,1]((GFR <= 0.000 -> AlbCreatRat_mggNew >= 5.429) -> bmi >= 5.574)
",9999999.000,9999999.000,0.000,1.000,0.000,1,0,1,2,3,1,2,2,0.3333333333333333,0.0,1.0,0.5,0.2857142857142857,0.7142857142857143
"G[0,1](((BGTestAvgNumPtRep >= 0.990 | bmi <= 26.137) -> WeightKg <= 20.884) & Pt_A1cGoalLev <= 24.827)
",9999999.000,9999999.000,0.000,1.000,0.000,1,0,0,3,4,0,1,3,0.25,0.0,0.0,1.0,0.2857142857142857,0.7142857142857143
"G[0,1]((Pt_GrandchildT1D <= 0.000 | Pt_FatherT1D <= 0.000) -> HeightCm <= 0.000)
",9999999.000,9999999.000,0.000,1.000,0.000,1,0,0,3,4,0,1,3,0.25,0.0,0.0,1.0,0.2857142857142857,0.7142857142857143
"G[1,2]((Pt_ChildT1D <= 0.000 | Pt_GrandparentT1D <= 0.000) -> TotChol >= 0.000)
",9999999.000,9999999.000,0.000,1.000,0.000,0,0,4,0,0,4,4,0,0.0,0.0,1.0,0.0,0.0,1.0
"G[0,0]((Pt_GrandchildT1D >= 0.000 -> bmi <= 13.642) & Pt_A1cGoalLevelDsYr5 >= 6.439)
",-13.642,-13.642,0.000,1.000,0.000,0,0,0,4,4,0,0,4,0.0,0.0,0.0,0.0,0.0,1.0
"G[2,2]((UnitsInsBasalOrLongAct >= 4.278 & AutonomicNeuroCl >= 0.000) | UnitsInsBasalOrLongAct <= 0.000)
",0.000,0.000,0.000,1.000,0.000,0,0,4,0,0,4,4,0,0.0,0.0,1.0,0.0,0.0,1.0
"G[0,2](((HeightCm <= 139.070 | AlbCreatRat_mggNew >= 4.824) | age <= 5.806) | BUN >= 0.846)
",9999999.000,9999999.000,0.000,1.000,0.000,0,0,3,1,1,3,3,1,0.0,0.0,1.0,0.0,0.0,1.0
"G[0,0](((HeightCm >= 52.844 & UnitsInsBasalOrLongAct <= 20.887) & Pt_CGMUseNumDays >= 16.377) & GFR <= 28.630)
",-1.049,-31.567,0.000,1.000,0.000,0,0,0,4,4,0,0,4,0.0,0.0,0.0,0.0,0.0,1.0
"G[0,1](((Pt_A1cGoalLevelDsYr5 >= 0.000 & TotalDailyInsPerKg <= 1.065) -> BldPrDia <= 0.655) & Pt_ChildT1D >= 0.046)
",9999999.000,9999999.000,0.000,1.000,0.000,0,0,0,4,4,0,0,4,0.0,0.0,0.0,0.0,0.0,1.0
"G[2,2](((Pt_GrandparentT1D >= 0.000 & Pt_InsGov >= 0.000) | BUN <= 0.000) | BGTestAvgNumPtRep <= 0.000)
",0.000,0.000,0.000,1.000,0.000,0,0,4,0,0,4,4,0,0.0,0.0,1.0,0.0,0.0,1.0
"G[2,2]((Pt_SHFlg >= 0.000 & UnitsInsBasalOrLongAct <= 29.805) & age >= 6.998)
",-6.998,-6.998,0.000,1.000,0.000,0,0,4,0,0,4,4,0,0.0,0.0,1.0,0.0,0.0,1.0
"G[1,2]((Pt_A1cGoalLev <= 3.203 & SMBGperDayPtMeterCombo <= 5.622) -> HbA1c >= 0.995)
",9999999.000,9999999.000,0.000,1.000,0.000,0,0,4,0,0,4,4,0,0.0,0.0,1.0,0.0,0.0,1.0
"G[1,2](((Triglyc >= 2.583 | AutonomicNeuroCl <= 0.000) & Pt_A1cGoalLev <= 0.000) | LDL >= 0.000)
",9999999.000,9999999.000,0.000,1.000,0.000,0,0,4,0,0,4,4,0,0.0,0.0,1.0,0.0,0.0,1.0
"G[2,2](((Pt_GrandchildT1D >= 0.000 -> Pt_InsGov >= 0.000) | LDL <= 0.000) & Triglyc >= 0.000)
",0.000,0.000,0.000,1.000,0.000,0,0,4,0,0,4,4,0,0.0,0.0,1.0,0.0,0.0,1.0
"G[0,2](((AlbCreatRat_mggNew >= 5.585 | diabDur <= 43.571) -> TotalDailyInsPerKg <= 42.344) | GFR >= 40.199)
",9999999.000,9999999.000,0.000,1.000,0.000,0,0,4,0,0,4,4,0,0.0,0.0,1.0,0.0,0.0,1.0
"G[0,2](((Pt_A1cGoalLev >= 0.284 & GFR <= 0.000) | Pt_FatherT1D >= 0.000) & Pt_CGMUseNumDays <= 0.000)
",9999999.000,9999999.000,0.000,1.000,0.000,0,0,3,1,1,3,3,1,0.0,0.0,1.0,0.0,0.0,1.0
"G[2,2](BUN <= 0.000 | LDL <= 105.609)
",105.609,105.609,0.000,1.000,0.000,0,0,4,0,0,4,4,0,0.0,0.0,1.0,0.0,0.0,1.0
"G[0,1]((Pt_DKAFlg >= 0.000 & LDL <= 100.600) -> GFR >= 68.066)
",9999999.000,9999999.000,0.000,1.000,0.000,0,0,0,4,4,0,0,4,0.0,0.0,0.0,0.0,0.0,1.0
"G[2,2](GFR >= 0.000 & Pt_DKAFlg >= 0.000)
",0.000,0.000,0.000,1.000,0.000,0,0,4,0,0,4,4,0,0.0,0.0,1.0,0.0,0.0,1.0
"G[0,2](BldPrDia >= 55.194 -> bmiZscore <= 0.353)
",9999999.000,9999999.000,0.000,1.000,0.000,0,0,3,1,1,3,3,1,0.0,0.0,1.0,0.0,0.0,1.0
"G[1,2](Pt_GrandchildT1D <= 0.000 -> Pt_FatherT1D >= 0.000)
",9999999.000,9999999.000,0.000,1.000,0.000,0,0,4,0,0,4,4,0,0.0,0.0,1.0,0.0,0.0,1.0
"G[0,2]((BGTestAvgNumPtRep >= 1.280 & HbA1cImputeDtMnC >= 11.719) & AutonomicNeuroCl <= 38.805)
",9999999.000,9999999.000,0.000,1.000,0.000,0,0,1,3,3,1,1,3,0.0,0.0,1.0,0.0,0.0,1.0
"G[0,1](TSH <= 2.486 & WeightKg <= 73.435)
",9999999.000,9999999.000,0.000,1.000,0.000,0,0,0,4,4,0,0,4,0.0,0.0,0.0,0.0,0.0,1.0
"G[1,2](((diagAgeCombo <= 14.000 -> bmi >= 8.479) & BldPrDia <= 26.874) -> UnitsInsBasalOrLongAct >= 11.992)
",9999999.000,9999999.000,0.000,1.000,0.000,0,0,4,0,0,4,4,0,0.0,0.0,1.0,0.0,0.0,1.0
"G[2,2](((LDL >= 58.297 & WeightKg <= 41.031) -> Pt_CGMUseNumDays >= 4.186) & BldPrDia >= 4.597)
",-4.597,-4.597,0.000,1.000,0.000,0,0,4,0,0,4,4,0,0.0,0.0,1.0,0.0,0.0,1.0
"G[1,2](bmi >= 7.789 & LDL <= 98.305)
",9999999.000,9999999.000,0.000,1.000,0.000,0,0,2,2,2,2,2,2,0.0,0.0,1.0,0.0,0.0,1.0
"G[0,2](((BGTestAvgNumPtRep <= 3.841 -> TSH <= 2.774) & Pt_A1cGoalLevelDsYr5 >= 0.222) | BUN >= 0.363)
",9999999.000,9999999.000,0.000,1.000,0.000,0,0,0,4,4,0,0,4,0.0,0.0,0.0,0.0,0.0,1.0
"G[0,1](((LDL <= 107.187 | Pt_A1cGoalLev <= 1.355) | BldPrSys >= 0.556) & Pt_InsGov >= 0.101)
",9999999.000,9999999.000,0.000,1.000,0.000,0,0,0,4,4,0,0,4,0.0,0.0,0.0,0.0,0.0,1.0
"G[2,2](((bmiZscore <= 0.370 -> SMBGperDayPtMeterCombo <= 4.099) -> HbA1c >= 2.716) | Pt_CGMUseNumDays <= 4.629)
",4.629,4.629,0.000,1.000,0.000,0,0,4,0,0,4,4,0,0.0,0.0,1.0,0.0,0.0,1.0
"G[1,2]((LDL >= 62.331 -> TotalDailyInsPerKg <= 0.511) | Pt_GrandchildT1D >= 0.329)
",9999999.000,9999999.000,0.000,1.000,0.000,0,0,4,0,0,4,4,0,0.0,0.0,1.0,0.0,0.0,1.0
"G[2,2](Pt_MotherT1D <= 0.785 & age <= 55.546)
",0.785,0.785,0.000,1.000,0.000,0,0,4,0,0,4,4,0,0.0,0.0,1.0,0.0,0.0,1.0
"G[2,2](LDL >= 61.389 -> Pt_GrandchildT1D >= 0.000)
",0.000,0.000,0.000,1.000,0.000,0,0,4,0,0,4,4,0,0.0,0.0,1.0,0.0,0.0,1.0
"G[0,2](((Pt_A1cGoalLev <= 6.174 -> DirectLDL >= 0.011) | DirectLDL >= 0.259) & Pt_A1cGoalLev <= 0.386)
",9999999.000,9999999.000,0.000,1.000,0.000,0,0,0,4,4,0,0,4,0.0,0.0,0.0,0.0,0.0,1.0
"G[2,2](((AutonomicNeuroCl >= 0.000 -> Pt_GrandchildT1D >= 0.000) -> SMBGperDayPtMeterCombo <= 0.000) & HbA1c <= 0.000)
",0.000,0.000,0.000,1.000,0.000,0,0,4,0,0,4,4,0,0.0,0.0,1.0,0.0,0.0,1.0
"G[0,2]((Pt_GrandparentT1D >= 0.000 & Pt_MotherT1D >= 0.094) | Triglyc >= 0.150)
",9999999.000,9999999.000,0.000,1.000,0.000,0,0,3,1,1,3,3,1,0.0,0.0,1.0,0.0,0.0,1.0
"G[1,2]((BUN <= 0.000 | LDL <= 98.769) & BldPrDia >= 56.832)
",9999999.000,9999999.000,0.000,1.000,0.000,0,0,4,0,0,4,4,0,0.0,0.0,1.0,0.0,0.0,1.0
"G[0,2]((BUN >= 0.000 -> Triglyc >= 2.315) | LDL <= 63.116)
",9999999.000,9999999.000,0.000,1.000,0.000,0,0,3,1,1,3,3,1,0.0,0.0,1.0,0.0,0.0,1.0
"G[1,2]((Triglyc >= 12.803 -> TotChol >= 0.000) | Pt_A1cGoalLev >= 0.000)
",9999999.000,9999999.000,0.000,1.000,0.000,0,0,4,0,0,4,4,0,0.0,0.0,1.0,0.0,0.0,1.0
"G[1,2]((HbA1c <= 8.286 & SMBGperDayPtMeterCombo >= 0.717) & bmi >= 3.472)
",9999999.000,9999999.000,0.000,1.000,0.000,0,0,2,2,2,2,2,2,0.0,0.0,1.0,0.0,0.0,1.0
"G[2,2]((diagAgeCombo >= 14.000 -> Pt_GrandchildT1D <= 0.000) & bmiPerc <= 0.000)
",0.000,0.000,0.000,1.000,0.000,0,0,4,0,0,4,4,0,0.0,0.0,1.0,0.0,0.0,1.0
"G[2,2]((Pt_GrandparentT1D >= 0.000 & TotalDailyInsPerKg >= 0.047) & BldPrSys >= 0.313)
",-0.313,-0.313,0.000,1.000,0.000,0,0,4,0,0,4,4,0,0.0,0.0,1.0,0.0,0.0,1.0
"G[0,1]((BGTestAvgNumMeter <= 5.245 | bmi >= 6.426) & Pt_MotherT1D >= 4.731)
",9999999.000,9999999.000,0.000,1.000,0.000,0,0,0,4,4,0,0,4,0.0,0.0,0.0,0.0,0.0,1.0
"G[1,2](((HbA1c >= 7.270 & GFR <= 0.000) -> TotChol <= 0.000) & BUN <= 0.000)
",9999999.000,9999999.000,0.000,1.000,0.000,0,0,4,0,0,4,4,0,0.0,0.0,1.0,0.0,0.0,1.0
"G[1,2](LDL <= 106.609 -> bmiPerc <= 0.000)
",9999999.000,9999999.000,0.000,1.000,0.000,0,0,4,0,0,4,4,0,0.0,0.0,1.0,0.0,0.0,1.0
"G[1,2](((AutonomicNeuroCl >= 0.000 & Pt_A1cGoalLevelDsYr5 >= 0.000) & BGTestAvgNumPtRep <= 0.000) -> UnitsInsBasalOrLongAct >= 0.000)
",9999999.000,9999999.000,0.000,1.000,0.000,0,0,4,0,0,4,4,0,0.0,0.0,1.0,0.0,0.0,1.0
"G[0,2]((bmiZscore >= 0.037 & Pt_A1cGoalLevelDsYr5 >= 0.000) | TotalDailyInsPerKg >= 0.000)
",9999999.000,9999999.000,0.000,1.000,0.000,0,0,4,0,0,4,4,0,0.0,0.0,1.0,0.0,0.0,1.0
"G[0,1]((Pt_MotherT1D >= 0.209 & Pt_A1cGoalLev <= 5.493) & age >= 0.622)
",9999999.000,9999999.000,0.000,1.000,0.000,0,0,0,4,4,0,0,4,0.0,0.0,0.0,0.0,0.0,1.0
"G[1,2](((bmiZscore >= 0.066 | Pt_GrandchildT1D <= 0.000) -> Pt_A1cGoalLevelDsYr5 <= 0.000) -> bmiPerc <= 0.000)
",9999999.000,9999999.000,0.000,1.000,0.000,0,0,4,0,0,4,4,0,0.0,0.0,1.0,0.0,0.0,1.0
"G[0,1](((TotChol >= 0.000 | Pt_A1cGoalLevelDsYr5 >= 0.000) | age >= 0.000) & diagAgeCombo <= 0.000)
",9999999.000,9999999.000,0.000,1.000,0.000,0,0,0,4,4,0,0,4,0.0,0.0,0.0,0.0,0.0,1.0
"G[0,2](((DirectLDL <= 0.974 -> Pt_A1cGoalLevelDsYr5 >= 0.000) & bmi >= 0.000) | bmiZscore >= 0.000)
",9999999.000,9999999.000,0.000,1.000,0.000,0,0,4,0,0,4,4,0,0.0,0.0,1.0,0.0,0.0,1.0
"G[1,2]((Pt_A1cGoalLevelDsYr5 <= 0.000 -> TSH >= 0.854) -> Triglyc >= 0.104)
",9999999.000,9999999.000,0.000,1.000,0.000,0,0,4,0,0,4,4,0,0.0,0.0,1.0,0.0,0.0,1.0
"G[1,2](((Pt_MotherT1D >= 0.183 -> BGTestAvgNumPtRep >= 0.694) | Pt_ChildT1D >= 2.136) -> LDL >= 1.000)
",9999999.000,9999999.000,0.000,1.000,0.000,0,0,4,0,0,4,4,0,0.0,0.0,1.0,0.0,0.0,1.0
"G[0,2](AutonomicNeuroCl <= 0.000 | Pt_A1cGoalLev <= 3.017)
",9999999.000,9999999.000,0.000,1.000,0.000,0,0,4,0,0,4,4,0,0.0,0.0,1.0,0.0,0.0,1.0
"G[0,2]((BldPrDia >= 58.933 | WeightKg <= 57.009) & Triglyc <= 39.890)
",9999999.000,9999999.000,0.000,1.000,0.000,0,0,0,4,4,0,0,4,0.0,0.0,0.0,0.0,0.0,1.0
"G[0,2]((UnitsInsBasalOrLongAct >= 17.045 & SMBGperDayPtMeterCombo <= 5.027) -> LDL >= 0.066)
",9999999.000,9999999.000,0.000,1.000,0.000,0,0,4,0,0,4,4,0,0.0,0.0,1.0,0.0,0.0,1.0
"G[2,2](((NumPumpBolusOrShortAct <= 4.211 -> AlbCreatRat_mggNew >= 2.295) | Pt_CGMUseNumDays <= 7.557) & HbA1c >= 5.538)
",-5.538,-5.538,0.000,1.000,0.000,0,0,4,0,0,4,4,0,0.0,0.0,1.0,0.0,0.0,1.0
"G[0,1](((AlbCreatRat_mggNew <= 9.480 | Pt_GrandparentT1D <= 0.000) & BGTestAvgNumPtRep <= 0.000) & Pt_A1cGoalLev >= 0.000)
",9999999.000,9999999.000,0.000,1.000,0.000,0,0,0,4,4,0,0,4,0.0,0.0,0.0,0.0,0.0,1.0
"G[0,2](((Pt_A1cGoalLevelDsYr5 >= 0.000 | HDL >= 11.061) & Pt_SiblingT1D <= 47.044) | WeightKg <= 46.157)
",9999999.000,9999999.000,0.000,1.000,0.000,0,0,4,0,0,4,4,0,0.0,0.0,1.0,0.0,0.0,1.0
"G[1,2]((Pt_SHFlg <= 0.000 -> Pt_A1cGoalLev >= 0.210) -> Pt_InsGov >= 0.392)
",9999999.000,9999999.000,0.000,1.000,0.000,0,0,3,1,1,3,3,1,0.0,0.0,1.0,0.0,0.0,1.0
"G[1,2]((bmiZscore >= 0.072 | Pt_A1cGoalLev <= 1.479) | Pt_GrandparentT1D <= 3.122)
",9999999.000,9999999.000,0.000,1.000,0.000,0,0,4,0,0,4,4,0,0.0,0.0,1.0,0.0,0.0,1.0
"G[0,1](((HbA1cImputeDtMnC <= 68.769 & HbA1c >= 7.803) -> HbA1c <= 8.195) & Pt_SiblingT1D >= 7.245)
",9999999.000,9999999.000,0.000,1.000,0.000,0,0,0,4,4,0,0,4,0.0,0.0,0.0,0.0,0.0,1.0
"G[1,2](((Pt_DKAFlg <= 0.000 & HDL <= 51.782) -> HbA1c >= 25.706) & Pt_CGMUseNumDays <= 35.371)
",9999999.000,9999999.000,0.000,1.000,0.000,0,0,2,2,2,2,2,2,0.0,0.0,1.0,0.0,0.0,1.0
"G[0,2]((HeightCm <= 122.580 -> TotChol <= 0.000) -> Pt_FatherT1D <= 0.000)
",9999999.000,9999999.000,0.000,1.000,0.000,0,0,4,0,0,4,4,0,0.0,0.0,1.0,0.0,0.0,1.0
"G[2,2](((bmiZscore <= 0.371 -> UnitsInsBasalOrLongAct <= 32.508) & Pt_MotherT1D >= 11.593) -> HbA1cImputeDtMnC <= 33.120)
",-33.120,-33.120,0.000,1.000,0.000,0,0,4,0,0,4,4,0,0.0,0.0,1.0,0.0,0.0,1.0
"G[1,2]((BldPrDia <= 61.214 & TotalDailyInsPerKg <= 0.629) -> Pt_InsGov >= 0.112)
",9999999.000,9999999.000,0.000,1.000,0.000,0,0,3,1,1,3,3,1,0.0,0.0,1.0,0.0,0.0,1.0
"G[1,2](((BldPrSys <= 131.194 -> WeightKg >= 0.748) -> TSH >= 8.170) | TotChol >= 23.761)
",9999999.000,9999999.000,0.000,1.000,0.000,0,0,2,2,2,2,2,2,0.0,0.0,1.0,0.0,0.0,1.0
"G[1,2]((Pt_A1cGoalLevelDsYr5 <= 0.000 | Pt_CGMUseNumDays >= 2.753) -> LDL >= 2.222)
",9999999.000,9999999.000,0.000,1.000,0.000,0,0,4,0,0,4,4,0,0.0,0.0,1.0,0.0,0.0,1.0
"G[0,2](((bmiZscore <= 0.353 | TotChol >= 0.000) | WeightKg >= 0.000) & HbA1cImputeDtMnC >= 0.000)
",9999999.000,9999999.000,0.000,1.000,0.000,0,0,4,0,0,4,4,0,0.0,0.0,1.0,0.0,0.0,1.0
"G[0,2]((bmiPerc <= 0.000 -> Pt_GrandparentT1D >= 0.000) & Pt_ChildT1D >= 0.000)
",9999999.000,9999999.000,0.000,1.000,0.000,0,0,4,0,0,4,4,0,0.0,0.0,1.0,0.0,0.0,1.0
"G[2,2]((Triglyc <= 79.893 & Pt_CGMUseNumDays <= 16.932) | WeightKg >= 1.733)
",16.932,16.932,0.000,1.000,0.000,0,0,4,0,0,4,4,0,0.0,0.0,1.0,0.0,0.0,1.0
"G[2,2]((BGTestAvgNumMeter >= 0.015 & Pt_SiblingT1D <= 0.000) -> TotChol <= 0.000)
",0.000,0.000,0.000,1.000,0.000,0,0,4,0,0,4,4,0,0.0,0.0,1.0,0.0,0.0,1.0
"G[2,2](((Pt_A1cGoalLev <= 1.021 -> BUN <= 0.000) | bmi >= 0.000) | Pt_A1cGoalLevelDsYr5 <= 0.000)
",0.000,0.000,0.000,1.000,0.000,0,0,4,0,0,4,4,0,0.0,0.0,1.0,0.0,0.0,1.0
"G[1,2](((Pt_InsGov <= 0.000 | Pt_GrandparentT1D >= 0.000) -> HDL <= 0.000) & BldPrDia >= 0.000)
",9999999.000,9999999.000,0.000,1.000,0.000,0,0,2,2,2,2,2,2,0.0,0.0,1.0,0.0,0.0,1.0
"G[1,2]((TSH <= 2.315 | Pt_SiblingT1D <= 0.000) -> diabDur <= 0.000)
",9999999.000,9999999.000,0.000,1.000,0.000,0,0,1,3,3,1,1,3,0.0,0.0,1.0,0.0,0.0,1.0
"G[0,2]((HDL <= 38.362 -> Pt_A1cGoalLev <= 3.642) | NumPumpBolusOrShortAct <= 2.444)
",9999999.000,9999999.000,0.000,1.000,0.000,0,0,4,0,0,4,4,0,0.0,0.0,1.0,0.0,0.0,1.0
"G[1,2]((BldPrSys <= 138.178 -> DirectLDL <= 0.529) -> Pt_ChildT1D >= 0.281)
",9999999.000,9999999.000,0.000,1.000,0.000,0,0,2,2,2,2,2,2,0.0,0.0,1.0,0.0,0.0,1.0
"G[2,2](BGTestAvgNumPtRep >= 2.328 -> Pt_SHFlg = 0.000)
",0.000,0.000,0.000,1.000,0.000,0,0,4,0,0,4,4,0,0.0,0.0,1.0,0.0,0.0,1.0
"G[0,2](Pt_SiblingT1D <= 0.000 -> Pt_SHFlg = 0.000)
",9999999.000,9999999.000,0.000,1.000,0.000,0,0,4,0,0,4,4,0,0.0,0.0,1.0,0.0,0.0,1.0
"G[1,2](BldPrDia <= 62.083 -> Pt_SHFlg = 0.000)
",9999999.000,9999999.000,0.000,1.000,0.000,0,0,4,0,0,4,4,0,0.0,0.0,1.0,0.0,0.0,1.0
"G[0,2](DirectLDL > 0.151 -> Pt_SHFlg = 0.000)
",9999999.000,9999999.000,0.000,1.000,0.000,0,0,4,0,0,4,4,0,0.0,0.0,1.0,0.0,0.0,1.0
"G[1,2]((age >= 53.382 -> HbA1cImputeDtMnC <= 43.534) | UnitsInsBasalOrLongAct >= 19.408)
",9999999.000,9999999.000,0.000,1.000,0.000,0,0,4,0,0,4,4,0,0.0,0.0,1.0,0.0,0.0,1.0
"G[0,2](DirectLDL <= 0.692 -> HDL >= 15.837)
",9999999.000,9999999.000,0.000,1.000,0.000,0,0,4,0,0,4,4,0,0.0,0.0,1.0,0.0,0.0,1.0
"G[0,2]((HeightCm <= 139.269 | TotalDailyInsPerKg <= 0.729) | age <= 0.743)
",9999999.000,9999999.000,0.000,1.000,0.000,0,0,1,3,3,1,1,3,0.0,0.0,1.0,0.0,0.0,1.0
"G[0,2](((Pt_MotherT1D >= 0.238 | UnitsInsBasalOrLongAct <= 28.481) | Pt_A1cGoalLev <= 20.473) | Pt_ChildT1D >= 1.719)
",9999999.000,9999999.000,0.000,1.000,0.000,0,0,4,0,0,4,4,0,0.0,0.0,1.0,0.0,0.0,1.0
"G[0,2](((HDL >= 15.716 | Triglyc <= 57.950) | WeightKg <= 75.306) & GFR >= 55.358)
",9999999.000,9999999.000,0.000,1.000,0.000,0,0,0,4,4,0,0,4,0.0,0.0,0.0,0.0,0.0,1.0
"G[0,2](DirectLDL <= 0.616 & HbA1c <= 8.029)
",9999999.000,9999999.000,0.000,1.000,0.000,0,0,2,2,2,2,2,2,0.0,0.0,1.0,0.0,0.0,1.0
"G[1,2]((HbA1cImputeDtMnC >= 28.979 -> Pt_MotherT1D <= 0.852) & diabDur <= 0.825)
",9999999.000,9999999.000,0.000,1.000,0.000,0,0,1,3,3,1,1,3,0.0,0.0,1.0,0.0,0.0,1.0
"G[0,1]((DirectLDL >= 0.135 & HeightCm >= 51.904) | Pt_A1cGoalLev >= 65.209)
",9999999.000,9999999.000,0.000,1.000,0.000,0,0,0,4,4,0,0,4,0.0,0.0,0.0,0.0,0.0,1.0
"G[1,2](((HDL >= 32.869 & HeightCm <= 95.683) -> BUN <= 82.921) | WeightKg >= 0.928)
",9999999.000,9999999.000,0.000,1.000,0.000,0,0,4,0,0,4,4,0,0.0,0.0,1.0,0.0,0.0,1.0
"G[1,2]((bmi <= 15.450 | HbA1c <= 7.910) & Pt_SHFlg >= 7.206)
",9999999.000,9999999.000,0.000,1.000,0.000,0,0,1,3,3,1,1,3,0.0,0.0,1.0,0.0,0.0,1.0
"G[1,2]((DirectLDL >= 0.125 & NumPumpBolusOrShortAct <= 4.189) -> Triglyc >= 0.146)
",9999999.000,9999999.000,0.000,1.000,0.000,0,0,3,1,1,3,3,1,0.0,0.0,1.0,0.0,0.0,1.0
"G[1,2]((HDL >= 25.240 & Pt_CGMUseNumDays <= 11.468) & HeightCm >= 0.483)
",9999999.000,9999999.000,0.000,1.000,0.000,0,0,1,3,3,1,1,3,0.0,0.0,1.0,0.0,0.0,1.0
"G[1,2](((HDL >= 27.890 | NumPumpBolusOrShortAct >= 0.180) | diabDur >= 0.514) & Pt_InsGov >= 0.313)
",9999999.000,9999999.000,0.000,1.000,0.000,0,0,1,3,3,1,1,3,0.0,0.0,1.0,0.0,0.0,1.0
"G[0,2]((LDL <= 99.292 & UnitsInsBasalOrLongAct <= 28.888) & Pt_A1cGoalLevelDsYr5 <= 21.109)
",9999999.000,9999999.000,0.000,1.000,0.000,0,0,2,2,2,2,2,2,0.0,0.0,1.0,0.0,0.0,1.0
"G[2,2](((BldPrSys <= 133.957 & TotalDailyInsPerKg >= 0.301) -> DirectLDL <= 0.494) & HeightCm >= 0.168)
",-0.494,-0.494,0.000,1.000,0.000,0,0,4,0,0,4,4,0,0.0,0.0,1.0,0.0,0.0,1.0
"G[2,2]((AlbCreatRat_mggNew <= 7.520 | TSH >= 0.775) | Triglyc >= 0.272)
",7.520,7.520,0.000,1.000,0.000,0,0,4,0,0,4,4,0,0.0,0.0,1.0,0.0,0.0,1.0
"G[0,2](((BGTestAvgNumPtRep >= 1.466 -> TotalDailyInsPerKg >= 0.036) | bmiZscore <= 0.683) | HeightCm <= 0.586)
",9999999.000,9999999.000,0.000,1.000,0.000,0,0,4,0,0,4,4,0,0.0,0.0,1.0,0.0,0.0,1.0
"G[0,2]((BldPrSys >= 129.869 & bmi <= 25.306) -> Pt_GrandchildT1D <= 22.331)
",9999999.000,9999999.000,0.000,1.000,0.000,0,0,4,0,0,4,4,0,0.0,0.0,1.0,0.0,0.0,1.0
"G[2,2](((BldPrSys <= 138.648 -> WeightKg <= 45.056) | Pt_GrandchildT1D >= 18.737) & Pt_GrandchildT1D >= 3.596)
",-18.737,-18.737,0.000,1.000,0.000,0,0,4,0,0,4,4,0,0.0,0.0,1.0,0.0,0.0,1.0
"G[2,2](BGTestAvgNumPtRep >= 2.478 & bmiZscore >= 0.049)
",-2.478,-2.478,0.000,1.000,0.000,0,0,4,0,0,4,4,0,0.0,0.0,1.0,0.0,0.0,1.0
"G[0,0](diagAgeCombo < 14.000 & Pt_SHFlg = 0.000)
",-0.980,-20.371,0.000,1.000,0.000,0,0,0,4,4,0,0,4,0.0,0.0,0.0,0.0,0.0,1.0
"G[1,2](bmiPerc > 0.000 & Pt_SHFlg = 0.000)
",9999999.000,9999999.000,0.000,1.000,0.000,0,0,1,3,3,1,1,3,0.0,0.0,1.0,0.0,0.0,1.0
"G[1,2](HeightCm <= 147.481 & Triglyc >= 30.826)
",9999999.000,9999999.000,0.000,1.000,0.000,0,0,3,1,1,3,3,1,0.0,0.0,1.0,0.0,0.0,1.0
"G[2,2](BGTestAvgNumPtRep <= 3.256 & Pt_SHFlg = 0.000)
",0.000,0.000,0.000,1.000,0.000,0,0,4,0,0,4,4,0,0.0,0.0,1.0,0.0,0.0,1.0
"G[1,2]((WeightKg >= 2.327 | bmi >= 13.170) -> UnitsInsBasalOrLongAct <= 25.215)
",9999999.000,9999999.000,0.000,1.000,0.000,0,0,3,1,1,3,3,1,0.0,0.0,1.0,0.0,0.0,1.0
"G[2,2](SMBGperDayPtMeterCombo >= 1.962 & BGTestAvgNumPtRep >= 2.829)
",-2.829,-2.829,0.000,1.000,0.000,0,0,4,0,0,4,4,0,0.0,0.0,1.0,0.0,0.0,1.0
"G[1,2](GFR <= 0.000 -> BUN >= 0.000)
",9999999.000,9999999.000,0.000,1.000,0.000,0,0,4,0,0,4,4,0,0.0,0.0,1.0,0.0,0.0,1.0
"G[0,2]((WeightKg >= 11.043 | bmi >= 6.880) -> UnitsInsBasalOrLongAct <= 26.253)
",9999999.000,9999999.000,0.000,1.000,0.000,0,0,2,2,2,2,2,2,0.0,0.0,1.0,0.0,0.0,1.0
"G[0,2](GFR <= 0.000 -> BUN >= 0.000)
",9999999.000,9999999.000,0.000,1.000,0.000,0,0,4,0,0,4,4,0,0.0,0.0,1.0,0.0,0.0,1.0
"G[1,2]((WeightKg >= 23.438 | bmi >= 7.068) -> UnitsInsBasalOrLongAct <= 32.076)
",9999999.000,9999999.000,0.000,1.000,0.000,0,0,4,0,0,4,4,0,0.0,0.0,1.0,0.0,0.0,1.0
"G[0,2](GFR <= 0.000 -> BUN >= 0.000)
",9999999.000,9999999.000,0.000,1.000,0.000,0,0,4,0,0,4,4,0,0.0,0.0,1.0,0.0,0.0,1.0
"G[0,2](GFR <= 0.000 -> BUN >= 0.000)
",9999999.000,9999999.000,0.000,1.000,0.000,0,0,4,0,0,4,4,0,0.0,0.0,1.0,0.0,0.0,1.0
"G[2,2]((WeightKg >= 29.478 | bmi >= 0.683) -> UnitsInsBasalOrLongAct <= 31.301)
",-31.301,-31.301,0.000,1.000,0.000,0,0,4,0,0,4,4,0,0.0,0.0,1.0,0.0,0.0,1.0
"G[0,2](GFR <= 0.000 -> BUN >= 0.000)
",9999999.000,9999999.000,0.000,1.000,0.000,0,0,4,0,0,4,4,0,0.0,0.0,1.0,0.0,0.0,1.0
"G[1,2]((WeightKg >= 17.278 | bmi >= 4.313) -> UnitsInsBasalOrLongAct <= 26.356)
",9999999.000,9999999.000,0.000,1.000,0.000,0,0,3,1,1,3,3,1,0.0,0.0,1.0,0.0,0.0,1.0
"G[0,2](SMBGperDayPtMeterCombo >= 1.189 & BGTestAvgNumPtRep >= 1.463)
",9999999.000,9999999.000,0.000,1.000,0.000,0,0,2,2,2,2,2,2,0.0,0.0,1.0,0.0,0.0,1.0
"G[1,2](SMBGperDayPtMeterCombo >= 3.351 & BGTestAvgNumPtRep >= 2.179)
",9999999.000,9999999.000,0.000,1.000,0.000,0,0,4,0,0,4,4,0,0.0,0.0,1.0,0.0,0.0,1.0
"G[1,2](GFR <= 0.000 -> BUN >= 0.000)
",9999999.000,9999999.000,0.000,1.000,0.000,0,0,4,0,0,4,4,0,0.0,0.0,1.0,0.0,0.0,1.0
"G[2,2](SMBGperDayPtMeterCombo >= 2.829 & BGTestAvgNumPtRep >= 2.595)
",-2.829,-2.829,0.000,1.000,0.000,0,0,4,0,0,4,4,0,0.0,0.0,1.0,0.0,0.0,1.0
"G[2,2](GFR <= 0.000 -> BUN >= 0.000)
",0.000,0.000,0.000,1.000,0.000,0,0,4,0,0,4,4,0,0.0,0.0,1.0,0.0,0.0,1.0
"G[1,2](DirectLDL < 0.891 & Pt_SHFlg = 0.000)
",9999999.000,9999999.000,0.000,1.000,0.000,0,0,3,1,1,3,3,1,0.0,0.0,1.0,0.0,0.0,1.0
"G[0,2](AutonomicNeuroCl >= 0.000 & Pt_SHFlg = 0.000)
",9999999.000,9999999.000,0.000,1.000,0.000,0,0,4,0,0,4,4,0,0.0,0.0,1.0,0.0,0.0,1.0
"G[0,1](Pt_A1cGoalLev > 0.694 & Pt_SHFlg = 0.000)
",9999999.000,9999999.000,0.000,1.000,0.000,0,0,0,4,4,0,0,4,0.0,0.0,0.0,0.0,0.0,1.0
"G[1,2](Pt_GrandparentT1D > 0.000 -> Pt_SHFlg = 0.000)
",9999999.000,9999999.000,0.000,1.000,0.000,0,0,4,0,0,4,4,0,0.0,0.0,1.0,0.0,0.0,1.0
"G[0,2](TSH > 0.834 & Pt_SHFlg = 0.000)
",9999999.000,9999999.000,0.000,1.000,0.000,0,0,1,3,3,1,1,3,0.0,0.0,1.0,0.0,0.0,1.0
"G[0,2](GFR < 0.000 & Pt_SHFlg = 0.000)
",9999999.000,9999999.000,0.000,1.000,0.000,0,0,0,4,4,0,0,4,0.0,0.0,0.0,0.0,0.0,1.0
"G[1,2](BUN <= 0.000 -> Pt_SHFlg = 0.000)
",9999999.000,9999999.000,0.000,1.000,0.000,0,0,4,0,0,4,4,0,0.0,0.0,1.0,0.0,0.0,1.0
"G[0,1](((BldPrSys >= 124.393 & HeightCm >= 12.065) | Pt_DKAFlg >= 65.054) & bmiPerc >= 20.037)
",9999999.000,9999999.000,0.000,1.000,0.000,0,0,0,4,4,0,0,4,0.0,0.0,0.0,0.0,0.0,1.0
"G[0,2]((Triglyc <= 67.008 -> WeightKg <= 45.561) & BGTestAvgNumMeter <= 76.670)
",9999999.000,9999999.000,0.000,1.000,0.000,0,0,2,2,2,2,2,2,0.0,0.0,1.0,0.0,0.0,1.0
"G[1,2](((bmi <= 25.147 & UnitsInsBasalOrLongAct >= 5.723) | Pt_MotherT1D <= 26.614) | TotChol <= 28.000)
",9999999.000,9999999.000,0.000,1.000,0.000,0,0,4,0,0,4,4,0,0.0,0.0,1.0,0.0,0.0,1.0
"G[0,2]((bmi >= 11.278 & SMBGperDayPtMeterCombo >= 2.382) -> BldPrSys >= 3.823)
",9999999.000,9999999.000,0.000,1.000,0.000,0,0,4,0,0,4,4,0,0.0,0.0,1.0,0.0,0.0,1.0
"G[0,2]((HbA1c >= 7.233 & UnitsInsBasalOrLongAct <= 26.168) | NumPumpBolusOrShortAct <= 29.928)
",9999999.000,9999999.000,0.000,1.000,0.000,0,0,4,0,0,4,4,0,0.0,0.0,1.0,0.0,0.0,1.0
"G[0,2]((SMBGperDayPtMeterCombo >= 1.337 & TotalDailyInsPerKg >= 0.202) & HbA1c <= 0.410)
",9999999.000,9999999.000,0.000,1.000,0.000,0,0,0,4,4,0,0,4,0.0,0.0,0.0,0.0,0.0,1.0
"G[1,1]((HbA1c <= 8.224 & Pt_MotherT1D <= 0.342) & HbA1c <= 0.683)
",0.342,0.342,0.000,1.000,0.000,0,0,1,3,3,1,1,3,0.0,0.0,1.0,0.0,0.0,1.0
"G[2,2](((BGTestAvgNumPtRep <= 3.770 -> Triglyc >= 3.485) & AlbCreatRat_mggNew <= 87.924) -> bmiPerc <= 93.294)
",-93.294,-93.294,0.000,1.000,0.000,0,0,4,0,0,4,4,0,0.0,0.0,1.0,0.0,0.0,1.0
"G[1,2](GFR <= 0.000 -> BUN >= 0.000)
",9999999.000,9999999.000,0.000,1.000,0.000,0,0,4,0,0,4,4,0,0.0,0.0,1.0,0.0,0.0,1.0
"G[2,2](AlbCreatRat_mggNew >= 3.337 -> WeightKg >= 5.704)
",3.337,3.337,0.000,1.000,0.000,0,0,4,0,0,4,4,0,0.0,0.0,1.0,0.0,0.0,1.0
"G[1,2](HbA1c >= 7.381 | HbA1cImputeDtMnC >= 34.803)
",9999999.000,9999999.000,0.000,1.000,0.000,0,0,4,0,0,4,4,0,0.0,0.0,1.0,0.0,0.0,1.0
"G[0,2]((NumPumpBolusOrShortAct <= 1.552 -> Pt_A1cGoalLev <= 3.886) & Pt_A1cGoalLev >= 0.258)
",9999999.000,9999999.000,0.000,1.000,0.000,0,0,0,4,4,0,0,4,0.0,0.0,0.0,0.0,0.0,1.0
"G[0,2](BldPrSys <= 141.354 & HbA1c <= 8.282)
",9999999.000,9999999.000,0.000,1.000,0.000,0,0,2,2,2,2,2,2,0.0,0.0,1.0,0.0,0.0,1.0
"G[2,2]((AlbCreatRat_mggNew <= 9.469 -> UnitsInsBasalOrLongAct <= 22.915) -> Pt_SHFlg <= 26.966)
",-7590229722546987.000,-26.966,0.000,1.000,0.000,0,0,4,0,0,4,4,0,0.0,0.0,1.0,0.0,0.0,1.0
"G[1,2](age <= 58.318 | AlbCreatRat_mggNew <= 7.269)
",9999999.000,9999999.000,0.000,1.000,0.000,0,0,4,0,0,4,4,0,0.0,0.0,1.0,0.0,0.0,1.0
"G[0,2](BGTestAvgNumMeter <= 2.820 & bmi >= 11.212)
",9999999.000,9999999.000,0.000,1.000,0.000,0,0,0,4,4,0,0,4,0.0,0.0,0.0,0.0,0.0,1.0
"G[1,1](diabDur <= 43.286 & HDL <= 38.905)
",38.905,38.905,0.000,1.000,0.000,0,0,1,3,3,1,1,3,0.0,0.0,1.0,0.0,0.0,1.0
"G[2,2]((TotalDailyInsPerKg >= 0.385 -> UnitsInsBasalOrLongAct <= 33.213) -> Triglyc <= 31.831)
",-8959506397311027.000,-31.831,0.000,1.000,0.000,0,0,4,0,0,4,4,0,0.0,0.0,1.0,0.0,0.0,1.0
"G[2,2]((BGTestAvgNumMeter <= 4.357 & HDL >= 1.813) -> Pt_A1cGoalLevelDsYr5 <= 52.675)
",-52.675,-52.675,0.000,1.000,0.000,0,0,4,0,0,4,4,0,0.0,0.0,1.0,0.0,0.0,1.0
"G[2,2]((BldPrSys <= 132.931 | HDL >= 30.169) & Pt_GrandparentT1D <= 35.998)
",35.998,35.998,0.000,1.000,0.000,0,0,4,0,0,4,4,0,0.0,0.0,1.0,0.0,0.0,1.0
"G[1,2](((AlbCreatRat_mggNew <= 9.738 -> DirectLDL >= 0.275) | HbA1c >= 0.077) -> WeightKg >= 0.155)
",9999999.000,9999999.000,0.000,1.000,0.000,0,0,2,2,2,2,2,2,0.0,0.0,1.0,0.0,0.0,1.0
"G[2,2]((BGTestAvgNumMeter <= 4.838 -> Triglyc <= 84.281) | Pt_A1cGoalLevelDsYr5 <= 58.341)
",58.341,58.341,0.000,1.000,0.000,0,0,4,0,0,4,4,0,0.0,0.0,1.0,0.0,0.0,1.0
"G[0,2](((BldPrDia <= 62.438 -> HeightCm >= 55.989) & Pt_SiblingT1D <= 156.402) | Pt_SHFlg <= 97.587)
",9999999.000,9999999.000,0.000,1.000,0.000,0,0,4,0,0,4,4,0,0.0,0.0,1.0,0.0,0.0,1.0
"G[2,2](((BldPrDia >= 56.492 & WeightKg >= 18.569) & SMBGperDayPtMeterCombo >= 31.240) & Pt_GrandchildT1D <= 58.095)
",-7950549503845571.000,-56.492,0.000,1.000,0.000,0,0,4,0,0,4,4,0,0.0,0.0,1.0,0.0,0.0,1.0
"G[0,1]((BldPrDia >= 57.260 & bmi <= 18.012) & Triglyc <= 26.240)
",9999999.000,9999999.000,0.000,1.000,0.000,0,0,0,4,4,0,0,4,0.0,0.0,0.0,0.0,0.0,1.0
"G[0,2]((diabDur <= 43.295 -> DirectLDL <= 0.994) -> Pt_FatherT1D <= 0.675)
",9999999.000,9999999.000,0.000,1.000,0.000,0,0,4,0,0,4,4,0,0.0,0.0,1.0,0.0,0.0,1.0
"G[1,2](((Pt_MotherT1D >= 0.173 -> SMBGperDayPtMeterCombo <= 5.092) | TotalDailyInsPerKg <= 4.113) -> LDL >= 1.926)
",9999999.000,9999999.000,0.000,1.000,0.000,0,0,4,0,0,4,4,0,0.0,0.0,1.0,0.0,0.0,1.0
"G[2,2]((BldPrDia <= 62.560 & HbA1cImputeDtMnC >= 35.404) & TotalDailyInsPerKg <= 64.056)
",-35.404,-35.404,0.000,1.000,0.000,0,0,4,0,0,4,4,0,0.0,0.0,1.0,0.0,0.0,1.0
"G[2,2](((Pt_CGMUseNumDays <= 12.587 | TSH >= 0.444) & UnitsInsBasalOrLongAct >= 0.028) | HbA1cImputeDtMnC <= 2.254)
",2.254,2.254,0.000,1.000,0.000,0,0,4,0,0,4,4,0,0.0,0.0,1.0,0.0,0.0,1.0
"G[0,1](((AlbCreatRat_mggNew >= 0.805 | Pt_CGMUseNumDays >= 0.521) -> HbA1c >= 1.466) -> bmi >= 2.027)
",9999999.000,9999999.000,0.000,1.000,0.000,0,0,1,3,3,1,1,3,0.0,0.0,1.0,0.0,0.0,1.0
"G[0,1]((DirectLDL <= 0.762 | Pt_A1cGoalLev <= 6.221) -> Pt_A1cGoalLev >= 0.852)
",9999999.000,9999999.000,0.000,1.000,0.000,0,0,0,4,4,0,0,4,0.0,0.0,0.0,0.0,0.0,1.0
"G[0,2](((AlbCreatRat_mggNew >= 3.640 & Pt_A1cGoalLev <= 6.918) | AlbCreatRat_mggNew >= 0.071) & BldPrSys >= 0.579)
",9999999.000,9999999.000,0.000,1.000,0.000,0,0,1,3,3,1,1,3,0.0,0.0,1.0,0.0,0.0,1.0
"G[1,2]((HeightCm >= 64.504 & Pt_CGMUseNumDays >= 0.732) | BUN <= 13.562)
",9999999.000,9999999.000,0.000,1.000,0.000,0,0,4,0,0,4,4,0,0.0,0.0,1.0,0.0,0.0,1.0
"G[1,1](((bmi >= 7.549 & NumPumpBolusOrShortAct >= 0.014) & Pt_InsGov <= 4.428) & AutonomicNeuroCl >= 0.190)
",-8499684334845819.000,-7.549,0.000,1.000,0.000,0,0,1,3,3,1,1,3,0.0,0.0,1.0,0.0,0.0,1.0
"G[1,2]((TSH >= 0.852 -> UnitsInsBasalOrLongAct >= 14.648) & BGTestAvgNumMeter <= 19.727)
",9999999.000,9999999.000,0.000,1.000,0.000,0,0,4,0,0,4,4,0,0.0,0.0,1.0,0.0,0.0,1.0
"G[0,1]((BldPrSys <= 133.978 & HbA1cImputeDtMnC <= 50.758) & age <= 49.377)
",9999999.000,9999999.000,0.000,1.000,0.000,0,0,0,4,4,0,0,4,0.0,0.0,0.0,0.0,0.0,1.0
"G[0,2](((NumPumpBolusOrShortAct <= 1.948 | TotalDailyInsPerKg >= 0.257) | TSH <= 0.947) & Pt_InsGov >= 0.116)
",9999999.000,9999999.000,0.000,1.000,0.000,0,0,0,4,4,0,0,4,0.0,0.0,0.0,0.0,0.0,1.0
"G[2,2](((BGTestAvgNumPtRep <= 2.966 -> Pt_MotherT1D <= 0.535) | Pt_CGMUseNumDays >= 0.246) -> Pt_SiblingT1D >= 0.214)
",7724482840179251.000,0.214,0.000,1.000,0.000,0,0,4,0,0,4,4,0,0.0,0.0,1.0,0.0,0.0,1.0
"G[2,2](BGTestAvgNumPtRep <= 2.946 -> LDL >= 56.331)
",-2.946,-2.946,0.000,1.000,0.000,0,0,4,0,0,4,4,0,0.0,0.0,1.0,0.0,0.0,1.0
"G[0,2](((Triglyc >= 2.216 | TSH <= 1.040) -> Pt_SiblingT1D <= 1.566) | Pt_CGMUseNumDays <= 1.987)
",9999999.000,9999999.000,0.000,1.000,0.000,0,0,4,0,0,4,4,0,0.0,0.0,1.0,0.0,0.0,1.0
"G[0,0]((HDL <= 36.418 -> UnitsInsBasalOrLongAct <= 27.817) & TSH >= 3.078)
",-4.546,-21.217,0.000,1.000,0.000,0,0,0,4,4,0,0,4,0.0,0.0,0.0,0.0,0.0,1.0
"G[1,2](((HDL <= 43.274 -> Pt_MotherT1D >= 0.067) | HDL <= 0.412) -> AutonomicNeuroCl >= 0.096)
",9999999.000,9999999.000,0.000,1.000,0.000,0,0,1,3,3,1,1,3,0.0,0.0,1.0,0.0,0.0,1.0
"G[0,2](((bmiZscore >= 0.103 | NumPumpBolusOrShortAct >= 0.572) -> Pt_DKAFlg >= 0.036) | bmiPerc <= 2.317)
",9999999.000,9999999.000,0.000,1.000,0.000,0,0,4,0,0,4,4,0,0.0,0.0,1.0,0.0,0.0,1.0
"G[0,1](((bmiZscore >= 0.004 -> Pt_A1cGoalLev >= 0.683) | BGTestAvgNumMeter >= 0.470) & TotChol >= 0.121)
",9999999.000,9999999.000,0.000,1.000,0.000,0,0,0,4,4,0,0,4,0.0,0.0,0.0,0.0,0.0,1.0
"G[1,2](bmi <= 17.153 & HbA1cImputeDtMnC >= 16.631)
",9999999.000,9999999.000,0.000,1.000,0.000,0,0,2,2,2,2,2,2,0.0,0.0,1.0,0.0,0.0,1.0
"G[1,2](((BGTestAvgNumMeter >= 0.384 | TSH <= 2.831) & Pt_FatherT1D >= 0.047) -> BldPrDia >= 0.853)
",9999999.000,9999999.000,0.000,1.000,0.000,0,0,4,0,0,4,4,0,0.0,0.0,1.0,0.0,0.0,1.0
"G[0,1]((HbA1cImputeDtMnC <= 52.048 -> SMBGperDayPtMeterCombo >= 0.454) & WeightKg <= 5.957)
",9999999.000,9999999.000,0.000,1.000,0.000,0,0,0,4,4,0,0,4,0.0,0.0,0.0,0.0,0.0,1.0
"G[0,2](bmiZscore >= 0.095 | Pt_CGMUseNumDays >= 1.278)
",9999999.000,9999999.000,0.000,1.000,0.000,0,0,1,3,3,1,1,3,0.0,0.0,1.0,0.0,0.0,1.0
"G[2,2](HbA1cImputeDtMnC >= 21.697 & HeightCm >= 32.507)
",-32.507,-32.507,0.000,1.000,0.000,0,0,4,0,0,4,4,0,0.0,0.0,1.0,0.0,0.0,1.0
"G[1,2](BGTestAvgNumPtRep >= 1.068 -> UnitsInsBasalOrLongAct >= 19.140)
",9999999.000,9999999.000,0.000,1.000,0.000,0,0,3,1,1,3,3,1,0.0,0.0,1.0,0.0,0.0,1.0
"G[0,1]((BldPrDia <= 63.118 & BldPrSys >= 128.251) | Pt_FatherT1D >= 127.163)
",9999999.000,9999999.000,0.000,1.000,0.000,0,0,1,3,3,1,1,3,0.0,0.0,1.0,0.0,0.0,1.0
"G[1,2](AlbCreatRat_mggNew >= 2.043 -> BldPrDia <= 60.728)
",9999999.000,9999999.000,0.000,1.000,0.000,0,0,3,1,1,3,3,1,0.0,0.0,1.0,0.0,0.0,1.0
"G[2,2]((BGTestAvgNumMeter >= 1.934 -> BldPrSys >= 124.041) & bmi >= 127.393)
",-8964491153345275.000,-127.393,0.000,1.000,0.000,0,0,4,0,0,4,4,0,0.0,0.0,1.0,0.0,0.0,1.0
"G[0,2](BGTestAvgNumPtRep <= 3.930 & BldPrDia >= 55.744)
",9999999.000,9999999.000,0.000,1.000,0.000,0,0,0,4,4,0,0,4,0.0,0.0,0.0,0.0,0.0,1.0
"G[1,2](Pt_A1cGoalLev >= 0.480 & Pt_ChildT1D <= 0.000)
",9999999.000,9999999.000,0.000,1.000,0.000,0,0,2,2,2,2,2,2,0.0,0.0,1.0,0.0,0.0,1.0
