Rule,Discrimination Score,Pos Robustness,Neg Robustness,Percent Class +,Percent Class -,TP,TN,FP,FN,Actual Yes,Actual No,Predicted Yes,Predicted No,TPR/Sens,TNR/Spec,FPR,Precision,Accuracy,MCR
"G[1,1](age <= 39.177 -> TSH <= 1.045)
",-39.177,-39.177,0.000,1.000,0.000,3,1,0,0,3,1,3,1,1.0,1.0,0.0,1.0,1.0,0.0
"G[0,0](((age <= 41.852 -> Pt_FatherT1D <= 0.426) | Pt_MotherT1D >= 0.070) -> bmi >= 0.120)
",-0.558,-0.263,0.000,1.000,0.000,3,1,0,0,3,1,3,1,1.0,1.0,0.0,1.0,1.0,0.0
"G[1,1](AlbCreatRat_mggNew >= 0.979 | BldPrDia >= 63.588)
",-0.979,-0.979,0.000,1.000,0.000,3,1,0,0,3,1,3,1,1.0,1.0,0.0,1.0,1.0,0.0
"G[0,0](SMBGperDayPtMeterCombo >= 2.580 & BGTestAvgNumPtRep >= 0.152)
",0.626,1.181,0.000,1.000,0.000,3,0,1,0,3,1,4,0,1.0,0.0,1.0,0.75,0.75,0.25
"G[0,0]((Pt_SHFlg <= 0.971 -> TSH <= 1.083) -> Pt_SiblingT1D <= 1.627)
",-4.091,-2.487,0.000,1.000,0.000,3,0,1,0,3,1,4,0,1.0,0.0,1.0,0.75,0.75,0.25
"G[1,1]((BGTestAvgNumMeter <= 2.301 & HbA1c >= 1.901) | Pt_SHFlg <= 8.435)
",8.435,8.435,0.000,1.000,0.000,3,0,1,0,3,1,4,0,1.0,0.0,1.0,0.75,0.75,0.25
"G[0,1](((BGTestAvgNumMeter <= 2.290 & TSH >= 0.739) -> WeightKg >= 0.357) -> SMBGperDayPtMeterCombo >= 0.480)
",9999999.000,9999999.000,0.000,1.000,0.000,3,0,1,0,3,1,4,0,1.0,0.0,1.0,0.75,0.75,0.25
"G[0,1](((HbA1c <= 7.568 | WeightKg >= 24.588) & NumPumpBolusOrShortAct >= 42.085) | BGTestAvgNumPtRep <= 51.088)
",9999999.000,9999999.000,0.000,1.000,0.000,3,0,1,0,3,1,4,0,1.0,0.0,1.0,0.75,0.75,0.25
"G[0,0]((bmiZscore >= -0.724 & NumPumpBolusOrShortAct <= 0.615) -> BldPrDia >= 0.007)
",-8.827,-110.326,0.000,1.000,0.000,3,0,1,0,3,1,4,0,1.0,0.0,1.0,0.75,0.75,0.25
"G[0,0](((BldPrDia <= 78.094 & TotalDailyInsPerKg <= 0.539) -> BldPrDia >= 0.213) | UnitsInsBasalOrLongAct <= 0.507)
",-1.263,-5.359,0.000,1.000,0.000,3,0,1,0,3,1,4,0,1.0,0.0,1.0,0.75,0.75,0.25
"G[1,1](((BGTestAvgNumPtRep <= 6.103 & bmi <= 20.506) -> AlbCreatRat_mggNew >= 8.381) & AlbCreatRat_mggNew <= 19.513)
",-6.103,-6.103,0.000,1.000,0.000,3,0,1,0,3,1,4,0,1.0,0.0,1.0,0.75,0.75,0.25
"G[1,1](GFR <= 0.000 -> BUN >= 0.000)
",0.000,0.000,0.000,1.000,0.000,3,0,1,0,3,1,4,0,1.0,0.0,1.0,0.75,0.75,0.25
"G[1,1](age >= 37.059 -> Pt_A1cGoalLev <= 5.305)
",-5.305,-5.305,0.000,1.000,0.000,3,0,1,0,3,1,4,0,1.0,0.0,1.0,0.75,0.75,0.25
"G[0,1](Pt_FatherT1D >= 0.227 | Pt_GrandchildT1D >= 0.000)
",9999999.000,9999999.000,0.000,1.000,0.000,3,0,1,0,3,1,4,0,1.0,0.0,1.0,0.75,0.75,0.25
"G[0,1](BGTestAvgNumMeter >= 1.062 -> UnitsInsBasalOrLongAct <= 24.880)
",9999999.000,9999999.000,0.000,1.000,0.000,3,0,1,0,3,1,4,0,1.0,0.0,1.0,0.75,0.75,0.25
"G[0,1]((HDL >= 1.063 & LDL <= 69.214) -> HDL <= 60.911)
",9999999.000,9999999.000,0.000,1.000,0.000,3,0,1,0,3,1,4,0,1.0,0.0,1.0,0.75,0.75,0.25
"G[0,1](((bmiZscore <= -0.161 & TotalDailyInsPerKg <= 0.360) & age >= 0.221) -> Pt_MotherT1D <= 0.800)
",9999999.000,9999999.000,0.000,1.000,0.000,3,0,1,0,3,1,4,0,1.0,0.0,1.0,0.75,0.75,0.25
"G[0,1]((diabDur >= 17.564 & Pt_SHFlg <= 0.208) | LDL >= 0.055)
",9999999.000,9999999.000,0.000,1.000,0.000,2,1,0,1,3,1,2,2,0.6666666666666666,1.0,0.0,1.0,0.75,0.25
"G[0,0]((HbA1cImputeDtMnC <= 45.191 & NumPumpBolusOrShortAct >= 0.331) -> Pt_SiblingT1D <= 1.257)
",-1.257,-1.257,0.000,1.000,0.000,3,0,1,0,3,1,4,0,1.0,0.0,1.0,0.75,0.75,0.25
"G[0,1](((bmiZscore <= -0.070 -> Pt_SHFlg <= 0.152) & BldPrSys >= 0.026) | DirectLDL <= 0.434)
",9999999.000,9999999.000,0.000,1.000,0.000,3,0,1,0,3,1,4,0,1.0,0.0,1.0,0.75,0.75,0.25
"G[1,1](((HeightCm >= 49.769 | LDL >= 1.909) | BldPrDia >= 15.359) | Pt_A1cGoalLev >= 10.783)
",-1.909,-1.909,0.000,1.000,0.000,3,0,1,0,3,1,4,0,1.0,0.0,1.0,0.75,0.75,0.25
"G[0,1]((Pt_CGMUseNumDays >= 0.000 & Pt_CGMUseNumDays >= 0.000) -> bmiPerc >= 0.000)
",9999999.000,9999999.000,0.000,1.000,0.000,3,0,1,0,3,1,4,0,1.0,0.0,1.0,0.75,0.75,0.25
"G[1,1](((Pt_SHFlg <= 0.889 & bmiPerc <= 0.000) | bmiZscore >= 0.000) | TotalDailyInsPerKg >= 0.000)
",0.000,0.000,0.000,1.000,0.000,3,0,1,0,3,1,4,0,1.0,0.0,1.0,0.75,0.75,0.25
"G[0,1](((bmi >= 2.661 | bmiZscore <= -0.344) -> Pt_A1cGoalLev >= -0.712) -> BldPrDia >= -0.649)
",9999999.000,9999999.000,0.000,1.000,0.000,3,0,1,0,3,1,4,0,1.0,0.0,1.0,0.75,0.75,0.25
"G[0,1]((bmiZscore <= -0.093 & Pt_GrandchildT1D <= 0.000) & BldPrSys >= 0.000)
",9999999.000,9999999.000,0.000,1.000,0.000,2,1,0,1,3,1,2,2,0.6666666666666666,1.0,0.0,1.0,0.75,0.25
"G[0,0](((GFR >= 0.000 & DirectLDL >= 0.052) | BGTestAvgNumPtRep <= 0.936) -> Pt_FatherT1D <= 0.929)
",-287.965,-0.934,0.000,1.000,0.000,3,0,1,0,3,1,4,0,1.0,0.0,1.0,0.75,0.75,0.25
"G[0,1]((HbA1cImputeDtMnC <= 57.270 | GFR >= 0.000) | SMBGperDayPtMeterCombo <= 0.000)
",9999999.000,9999999.000,0.000,1.000,0.000,3,0,1,0,3,1,4,0,1.0,0.0,1.0,0.75,0.75,0.25
"G[1,1]((UnitsInsBasalOrLongAct <= 24.589 -> Pt_GrandchildT1D >= 0.000) -> SMBGperDayPtMeterCombo >= 0.000)
",0.000,0.000,0.000,1.000,0.000,3,0,1,0,3,1,4,0,1.0,0.0,1.0,0.75,0.75,0.25
"G[0,0](((HbA1cImputeDtMnC >= -2.593 | TotChol <= 0.000) & Pt_GrandchildT1D >= 0.000) | age >= 0.000)
",0.000,0.000,0.000,1.000,0.000,3,0,1,0,3,1,4,0,1.0,0.0,1.0,0.75,0.75,0.25
"G[0,1](HeightCm >= 24.290 -> Pt_A1cGoalLevelDsYr5 <= 0.000)
",9999999.000,9999999.000,0.000,1.000,0.000,3,0,1,0,3,1,4,0,1.0,0.0,1.0,0.75,0.75,0.25
"G[1,1]((diagAgeCombo <= 20.000 | AlbCreatRat_mggNew <= 5.220) & TSH <= 8.117)
",8.117,8.117,0.000,1.000,0.000,3,0,1,0,3,1,4,0,1.0,0.0,1.0,0.75,0.75,0.25
"G[0,1]((HeightCm <= 130.736 | UnitsInsBasalOrLongAct >= 5.138) | Pt_A1cGoalLevelDsYr5 <= 19.564)
",9999999.000,9999999.000,0.000,1.000,0.000,3,0,1,0,3,1,4,0,1.0,0.0,1.0,0.75,0.75,0.25
"G[0,1](((GFR <= 0.000 & HbA1c <= 8.693) | diagAgeCombo >= 5.298) | BldPrDia <= 8.693)
",9999999.000,9999999.000,0.000,1.000,0.000,3,0,1,0,3,1,4,0,1.0,0.0,1.0,0.75,0.75,0.25
"G[0,0](((bmiPerc >= 0.000 -> Pt_FatherT1D >= 0.122) | age >= 0.143) | LDL >= 0.044)
",1.292,0.448,0.000,1.000,0.000,3,0,1,0,3,1,4,0,1.0,0.0,1.0,0.75,0.75,0.25
"G[0,0]((Pt_SHFlg <= 0.744 & Pt_CGMUseNumDays <= 0.000) | BGTestAvgNumMeter >= 0.000)
",1.413,15.000,0.000,1.000,0.000,3,0,1,0,3,1,4,0,1.0,0.0,1.0,0.75,0.75,0.25
"G[0,0](((HeightCm <= 124.112 -> Pt_SiblingT1D >= 0.000) & Pt_SiblingT1D >= 0.000) & Pt_GrandchildT1D >= 0.000)
",-3.210,-86.192,0.000,1.000,0.000,3,0,1,0,3,1,4,0,1.0,0.0,1.0,0.75,0.75,0.25
"G[0,1]((diagAgeCombo <= 20.000 | Pt_A1cGoalLev >= 0.587) | AlbCreatRat_mggNew >= 0.211)
",9999999.000,9999999.000,0.000,1.000,0.000,3,0,1,0,3,1,4,0,1.0,0.0,1.0,0.75,0.75,0.25
"G[0,1](TotChol <= 0.000 -> Pt_GrandchildT1D >= 0.000)
",9999999.000,9999999.000,0.000,1.000,0.000,3,0,1,0,3,1,4,0,1.0,0.0,1.0,0.75,0.75,0.25
"G[0,1](((GFR <= 0.000 & BGTestAvgNumPtRep <= 5.725) | age >= 3.361) | Pt_GrandparentT1D <= 5.768)
",9999999.000,9999999.000,0.000,1.000,0.000,3,0,1,0,3,1,4,0,1.0,0.0,1.0,0.75,0.75,0.25
"G[0,1](((HDL >= 3.458 | BGTestAvgNumPtRep >= 1.906) & Pt_MotherT1D >= 0.457) -> AlbCreatRat_mggNew >= 3.639)
",9999999.000,9999999.000,0.000,1.000,0.000,3,0,1,0,3,1,4,0,1.0,0.0,1.0,0.75,0.75,0.25
"G[0,0]((BUN >= 0.000 | Pt_FatherT1D >= 0.177) | UnitsInsBasalOrLongAct <= 0.792)
",0.719,24.264,0.000,1.000,0.000,3,0,1,0,3,1,4,0,1.0,0.0,1.0,0.75,0.75,0.25
"G[0,1](((Pt_DKAFlg >= 0.000 -> TSH >= 0.683) -> HeightCm <= 1.704) | HeightCm <= 2.020)
",9999999.000,9999999.000,0.000,1.000,0.000,2,1,0,1,3,1,2,2,0.6666666666666666,1.0,0.0,1.0,0.75,0.25
"G[0,1](((Pt_GrandchildT1D >= 0.000 & Pt_GrandparentT1D <= 0.000) & TotChol <= 0.000) | Pt_A1cGoalLevelDsYr5 >= 0.000)
",9999999.000,9999999.000,0.000,1.000,0.000,3,0,1,0,3,1,4,0,1.0,0.0,1.0,0.75,0.75,0.25
"G[1,1]((UnitsInsBasalOrLongAct <= 23.634 -> HbA1c <= 7.472) | Pt_CGMUseNumDays <= 8.377)
",8.377,8.377,0.000,1.000,0.000,3,0,1,0,3,1,4,0,1.0,0.0,1.0,0.75,0.75,0.25
"G[0,1](BGTestAvgNumPtRep >= 3.015 | Pt_InsGov <= 0.269)
",9999999.000,9999999.000,0.000,1.000,0.000,3,0,1,0,3,1,4,0,1.0,0.0,1.0,0.75,0.75,0.25
"G[0,1](((HbA1c >= 5.361 -> TSH <= 1.550) | LDL >= 0.202) | BGTestAvgNumMeter <= 1.251)
",9999999.000,9999999.000,0.000,1.000,0.000,3,0,1,0,3,1,4,0,1.0,0.0,1.0,0.75,0.75,0.25
"G[1,1](AlbCreatRat_mggNew < 5.841 -> Pt_SHFlg = 0.541)
",-5.841,-5.841,0.000,1.000,0.000,2,1,0,1,3,1,2,2,0.6666666666666666,1.0,0.0,1.0,0.75,0.25
"G[0,1](GFR <= 0.000 -> BUN >= 0.000)
",9999999.000,9999999.000,0.000,1.000,0.000,3,0,1,0,3,1,4,0,1.0,0.0,1.0,0.75,0.75,0.25
"G[1,1](GFR <= 0.000 -> BUN >= 0.000)
",0.000,0.000,0.000,1.000,0.000,3,0,1,0,3,1,4,0,1.0,0.0,1.0,0.75,0.75,0.25
"G[0,1](GFR <= 0.000 -> BUN >= 0.000)
",9999999.000,9999999.000,0.000,1.000,0.000,3,0,1,0,3,1,4,0,1.0,0.0,1.0,0.75,0.75,0.25
"G[0,1](GFR > 0.000 -> Pt_SHFlg = 0.320)
",9999999.000,9999999.000,0.000,1.000,0.000,3,0,1,0,3,1,4,0,1.0,0.0,1.0,0.75,0.75,0.25
"G[0,1](GFR <= 0.000 -> BUN >= 0.000)
",9999999.000,9999999.000,0.000,1.000,0.000,3,0,1,0,3,1,4,0,1.0,0.0,1.0,0.75,0.75,0.25
"G[0,1](GFR <= 0.000 -> BUN >= 0.000)
",9999999.000,9999999.000,0.000,1.000,0.000,3,0,1,0,3,1,4,0,1.0,0.0,1.0,0.75,0.75,0.25
"G[0,1](GFR <= 0.000 -> BUN >= 0.000)
",9999999.000,9999999.000,0.000,1.000,0.000,3,0,1,0,3,1,4,0,1.0,0.0,1.0,0.75,0.75,0.25
"G[0,0](SMBGperDayPtMeterCombo >= 4.750 & BGTestAvgNumPtRep >= 2.067)
",-0.389,-0.734,0.000,1.000,0.000,2,1,0,1,3,1,2,2,0.6666666666666666,1.0,0.0,1.0,0.75,0.25
"G[0,1](BldPrDia >= 58.377 -> HeightCm <= 130.092)
",9999999.000,9999999.000,0.000,1.000,0.000,1,1,0,2,3,1,1,3,0.3333333333333333,1.0,0.0,1.0,0.5,0.5
"G[0,0]((HbA1c <= 7.806 | HDL <= 14.632) & GFR <= 9.434)
",9.225,9.139,0.000,1.000,0.000,2,0,1,1,3,1,3,1,0.6666666666666666,0.0,1.0,0.6666666666666666,0.5,0.5
"G[0,1](bmi >= 2.845 & TSH <= 1.256)
",9999999.000,9999999.000,0.000,1.000,0.000,1,1,0,2,3,1,1,3,0.3333333333333333,1.0,0.0,1.0,0.5,0.5
"G[0,1](diabDur >= 18.010 & TotalDailyInsPerKg >= 0.234)
",9999999.000,9999999.000,0.000,1.000,0.000,1,1,0,2,3,1,1,3,0.3333333333333333,1.0,0.0,1.0,0.5,0.5
"G[1,1](BGTestAvgNumMeter >= 1.190 & BldPrDia >= 65.416)
",-65.416,-65.416,0.000,1.000,0.000,1,1,0,2,3,1,1,3,0.3333333333333333,1.0,0.0,1.0,0.5,0.5
"G[0,0](BldPrDia <= 73.398 | bmiZscore >= -0.652)
",0.652,0.652,0.000,1.000,0.000,2,0,1,1,3,1,3,1,0.6666666666666666,0.0,1.0,0.6666666666666666,0.5,0.5
"G[0,1]((WeightKg >= 2.247 | bmi >= 2.901) -> UnitsInsBasalOrLongAct <= 21.731)
",9999999.000,9999999.000,0.000,1.000,0.000,1,1,0,2,3,1,1,3,0.3333333333333333,1.0,0.0,1.0,0.5,0.5
"G[0,1](DirectLDL >= 0.010 | TSH >= 0.429)
",9999999.000,9999999.000,0.000,1.000,0.000,1,1,0,2,3,1,1,3,0.3333333333333333,1.0,0.0,1.0,0.5,0.5
"G[0,1](age <= 40.727 -> TotalDailyInsPerKg >= 0.204)
",9999999.000,9999999.000,0.000,1.000,0.000,1,1,0,2,3,1,1,3,0.3333333333333333,1.0,0.0,1.0,0.5,0.5
"G[0,0](NumPumpBolusOrShortAct <= 2.997 & SMBGperDayPtMeterCombo <= 6.259)
",-6.651,-63.408,0.000,1.000,0.000,2,0,1,1,3,1,3,1,0.6666666666666666,0.0,1.0,0.6666666666666666,0.5,0.5
"G[1,1](((Pt_A1cGoalLevelDsYr5 <= 0.000 | Pt_SiblingT1D <= 0.000) & diagAgeCombo >= 0.000) -> BGTestAvgNumPtRep <= 0.000)
",0.000,0.000,0.000,1.000,0.000,1,1,0,2,3,1,1,3,0.3333333333333333,1.0,0.0,1.0,0.5,0.5
"G[0,0]((Pt_CGMUseNumDays >= 0.000 | Pt_InsGov <= 0.583) -> HbA1cImputeDtMnC <= 0.693)
",-22511.000,-22511.000,0.000,1.000,0.000,1,1,0,2,3,1,1,3,0.3333333333333333,1.0,0.0,1.0,0.5,0.5
"G[0,1]((AlbCreatRat_mggNew >= 0.600 | BGTestAvgNumPtRep >= 2.128) & SMBGperDayPtMeterCombo <= 5.268)
",9999999.000,9999999.000,0.000,1.000,0.000,2,0,1,1,3,1,3,1,0.6666666666666666,0.0,1.0,0.6666666666666666,0.5,0.5
"G[0,1]((WeightKg >= 25.347 | bmi >= 11.757) -> UnitsInsBasalOrLongAct <= 22.111)
",9999999.000,9999999.000,0.000,1.000,0.000,1,1,0,2,3,1,1,3,0.3333333333333333,1.0,0.0,1.0,0.5,0.5
"G[0,0]((HeightCm <= 129.542 | SMBGperDayPtMeterCombo >= 3.866) -> HbA1cImputeDtMnC <= 7.411)
",-3.486,-92.235,0.000,1.000,0.000,1,1,0,2,3,1,1,3,0.3333333333333333,1.0,0.0,1.0,0.5,0.5
"G[0,1](Pt_InsGov <= 0.562 -> Pt_SHFlg = 0.787)
",9999999.000,9999999.000,0.000,1.000,0.000,1,1,0,2,3,1,1,3,0.3333333333333333,1.0,0.0,1.0,0.5,0.5
"G[0,1](BldPrSys <= 105.711 -> BGTestAvgNumMeter <= 2.430)
",9999999.000,9999999.000,0.000,1.000,0.000,2,0,1,1,3,1,3,1,0.6666666666666666,0.0,1.0,0.6666666666666666,0.5,0.5
"G[0,1]((WeightKg >= 14.529 | bmi >= 7.878) -> UnitsInsBasalOrLongAct <= 17.869)
",9999999.000,9999999.000,0.000,1.000,0.000,1,1,0,2,3,1,1,3,0.3333333333333333,1.0,0.0,1.0,0.5,0.5
"G[0,0]((age <= 39.476 -> Pt_SHFlg >= 0.002) & Pt_MotherT1D <= 0.820)
",-4.037,-47.860,0.000,1.000,0.000,1,1,0,2,3,1,1,3,0.3333333333333333,1.0,0.0,1.0,0.5,0.5
"G[1,1]((WeightKg >= 26.610 | bmi >= 6.706) -> UnitsInsBasalOrLongAct <= 20.896)
",-20.896,-20.896,0.000,1.000,0.000,1,1,0,2,3,1,1,3,0.3333333333333333,1.0,0.0,1.0,0.5,0.5
"G[1,1](((BldPrSys >= 98.378 | HeightCm >= 46.849) | AlbCreatRat_mggNew >= 116.078) & Pt_InsGov <= 139.074)
",-6593444556613883.000,-46.849,0.000,1.000,0.000,2,0,1,1,3,1,3,1,0.6666666666666666,0.0,1.0,0.6666666666666666,0.5,0.5
"G[1,1]((Pt_DKAFlg >= 0.000 -> Pt_FatherT1D <= 0.335) -> BGTestAvgNumPtRep >= 0.211)
",0.211,0.211,0.000,1.000,0.000,2,0,1,1,3,1,3,1,0.6666666666666666,0.0,1.0,0.6666666666666666,0.5,0.5
"G[0,0]((SMBGperDayPtMeterCombo >= 4.378 & UnitsInsBasalOrLongAct >= 17.031) -> Pt_FatherT1D >= 6.237)
",6.237,6.237,0.000,1.000,0.000,2,0,1,1,3,1,3,1,0.6666666666666666,0.0,1.0,0.6666666666666666,0.5,0.5
"G[0,1](Pt_SHFlg <= 0.692 | TSH >= 0.509)
",9999999.000,9999999.000,0.000,1.000,0.000,2,0,1,1,3,1,3,1,0.6666666666666666,0.0,1.0,0.6666666666666666,0.5,0.5
"G[0,1]((WeightKg >= 22.962 | bmi >= 10.895) -> UnitsInsBasalOrLongAct <= 20.523)
",9999999.000,9999999.000,0.000,1.000,0.000,1,1,0,2,3,1,1,3,0.3333333333333333,1.0,0.0,1.0,0.5,0.5
"G[0,1](HeightCm >= 95.613 | HbA1cImputeDtMnC >= 14.996)
",9999999.000,9999999.000,0.000,1.000,0.000,2,0,1,1,3,1,3,1,0.6666666666666666,0.0,1.0,0.6666666666666666,0.5,0.5
"G[0,1]((DirectLDL <= 0.612 -> BUN >= 0.000) -> Triglyc <= 0.000)
",9999999.000,9999999.000,0.000,1.000,0.000,2,0,1,1,3,1,3,1,0.6666666666666666,0.0,1.0,0.6666666666666666,0.5,0.5
"G[0,1](((age >= 37.150 & BGTestAvgNumMeter >= 1.027) | DirectLDL >= 0.751) | Triglyc <= 3.010)
",9999999.000,9999999.000,0.000,1.000,0.000,2,0,1,1,3,1,3,1,0.6666666666666666,0.0,1.0,0.6666666666666666,0.5,0.5
"G[0,1](SMBGperDayPtMeterCombo >= 4.242 & BGTestAvgNumPtRep >= 2.176)
",9999999.000,9999999.000,0.000,1.000,0.000,1,1,0,2,3,1,1,3,0.3333333333333333,1.0,0.0,1.0,0.5,0.5
"G[1,1](((BGTestAvgNumPtRep <= 5.324 -> NumPumpBolusOrShortAct <= 2.307) | Pt_ChildT1D >= 0.230) -> diabDur <= 1.714)
",-1.714,-1.714,0.000,1.000,0.000,1,1,0,2,3,1,1,3,0.3333333333333333,1.0,0.0,1.0,0.5,0.5
"G[0,1]((Pt_MotherT1D <= 0.000 -> TSH >= 0.559) | age <= 1.473)
",9999999.000,9999999.000,0.000,1.000,0.000,1,1,0,2,3,1,1,3,0.3333333333333333,1.0,0.0,1.0,0.5,0.5
"G[1,1](Triglyc <= 66.633 & DirectLDL >= 0.084)
",-0.084,-0.084,0.000,1.000,0.000,2,0,1,1,3,1,3,1,0.6666666666666666,0.0,1.0,0.6666666666666666,0.5,0.5
"G[0,1](HeightCm >= 79.005 -> HbA1c <= 8.834)
",9999999.000,9999999.000,0.000,1.000,0.000,1,0,1,2,3,1,2,2,0.3333333333333333,0.0,1.0,0.5,0.25,0.75
"G[0,0]((TSH <= 1.428 | HDL <= 35.949) -> Pt_SHFlg >= 4.794)
",-1.083,-29.738,0.000,1.000,0.000,0,1,0,3,3,1,0,4,0.0,1.0,0.0,0.0,0.25,0.75
"G[0,2](((HDL >= 0.277 & TSH >= 0.619) | BldPrSys >= 0.194) -> diagAgeCombo <= 1.081)
",9999999.000,9999999.000,0.000,1.000,0.000,0,1,0,3,3,1,0,4,0.0,1.0,0.0,0.0,0.25,0.75
"G[0,2](Pt_A1cGoalLev <= 5.645 & TSH >= 0.307)
",9999999.000,9999999.000,0.000,1.000,0.000,0,1,1,2,2,2,1,3,0.0,0.5,0.5,0.0,0.25,0.75
"G[1,1](SMBGperDayPtMeterCombo >= 2.895 & BGTestAvgNumPtRep >= 1.337)
",-6519348904384795.000,-2.895,0.000,1.000,0.000,1,0,1,2,3,1,2,2,0.3333333333333333,0.0,1.0,0.5,0.25,0.75
"G[1,2](diagAgeCombo <= 20.000 -> TotalDailyInsPerKg >= 0.257)
",9999999.000,9999999.000,0.000,1.000,0.000,0,1,1,2,2,2,1,3,0.0,0.5,0.5,0.0,0.25,0.75
"G[0,0]((TotalDailyInsPerKg <= 0.608 | HeightCm <= 153.869) & Triglyc >= 25.016)
",-25.016,-25.016,0.000,1.000,0.000,0,1,0,3,3,1,0,4,0.0,1.0,0.0,0.0,0.25,0.75
"G[0,2]((Pt_GrandchildT1D >= 0.000 | BGTestAvgNumPtRep <= 5.846) & LDL <= 4.628)
",9999999.000,9999999.000,0.000,1.000,0.000,0,1,0,3,3,1,0,4,0.0,1.0,0.0,0.0,0.25,0.75
"G[0,2]((TSH <= 1.548 & AutonomicNeuroCl <= 0.000) & Pt_SiblingT1D >= 0.000)
",9999999.000,9999999.000,0.000,1.000,0.000,0,1,2,1,1,3,2,2,0.0,0.3333333333333333,0.6666666666666666,0.0,0.25,0.75
"G[0,2]((AlbCreatRat_mggNew <= 6.721 -> DirectLDL >= 0.082) & Pt_GrandchildT1D >= 0.369)
",9999999.000,9999999.000,0.000,1.000,0.000,0,1,0,3,3,1,0,4,0.0,1.0,0.0,0.0,0.25,0.75
"G[0,2]((diabDur >= 16.653 -> SMBGperDayPtMeterCombo >= 3.879) & BGTestAvgNumMeter >= 3.557)
",9999999.000,9999999.000,0.000,1.000,0.000,0,1,0,3,3,1,0,4,0.0,1.0,0.0,0.0,0.25,0.75
"G[0,0]((Pt_SiblingT1D <= 0.000 | diagAgeCombo >= 20.000) -> AutonomicNeuroCl >= 20.000)
",0.000,0.000,0.000,1.000,0.000,0,1,0,3,3,1,0,4,0.0,1.0,0.0,0.0,0.25,0.75
"G[0,2]((WeightKg >= 13.784 | bmi >= 5.224) -> UnitsInsBasalOrLongAct <= 19.512)
",9999999.000,9999999.000,0.000,1.000,0.000,0,1,1,2,2,2,1,3,0.0,0.5,0.5,0.0,0.25,0.75
"G[1,1](HbA1cImputeDtMnC <= 55.636 & WeightKg >= 14.636)
",-14.636,-14.636,0.000,1.000,0.000,1,0,1,2,3,1,2,2,0.3333333333333333,0.0,1.0,0.5,0.25,0.75
"G[1,2](NumPumpBolusOrShortAct >= 0.336 & Pt_InsGov >= 0.228)
",9999999.000,9999999.000,0.000,1.000,0.000,0,1,0,3,3,1,0,4,0.0,1.0,0.0,0.0,0.25,0.75
"G[0,0](((BGTestAvgNumMeter <= 1.494 | WeightKg <= 49.307) & bmiZscore >= 33.300) | HbA1c >= 37.004)
",-33.300,-33.300,0.000,1.000,0.000,0,1,0,3,3,1,0,4,0.0,1.0,0.0,0.0,0.25,0.75
"G[0,2]((BldPrDia <= 79.474 -> bmi <= 17.612) | BGTestAvgNumPtRep >= 6.208)
",9999999.000,9999999.000,0.000,1.000,0.000,0,1,2,1,1,3,2,2,0.0,0.3333333333333333,0.6666666666666666,0.0,0.25,0.75
"G[1,2]((WeightKg >= 32.963 | bmi >= 10.254) -> UnitsInsBasalOrLongAct <= 21.370)
",9999999.000,9999999.000,0.000,1.000,0.000,0,1,1,2,2,2,1,3,0.0,0.5,0.5,0.0,0.25,0.75
"G[1,2]((BldPrSys <= 107.418 & DirectLDL >= 0.176) & GFR >= 0.134)
",9999999.000,9999999.000,0.000,1.000,0.000,0,1,0,3,3,1,0,4,0.0,1.0,0.0,0.0,0.25,0.75
"G[0,2]((Pt_FatherT1D >= 0.065 -> TotChol <= 0.000) & LDL <= 0.000)
",9999999.000,9999999.000,0.000,1.000,0.000,0,1,0,3,3,1,0,4,0.0,1.0,0.0,0.0,0.25,0.75
"G[1,2]((WeightKg >= 41.599 | bmi >= 14.722) -> UnitsInsBasalOrLongAct <= 19.029)
",9999999.000,9999999.000,0.000,1.000,0.000,0,1,1,2,2,2,1,3,0.0,0.5,0.5,0.0,0.25,0.75
"G[0,1]((Triglyc >= 7.747 & BGTestAvgNumMeter <= 2.541) & BGTestAvgNumPtRep >= 0.807)
",9999999.000,9999999.000,0.000,1.000,0.000,0,1,0,3,3,1,0,4,0.0,1.0,0.0,0.0,0.25,0.75
"G[1,1](((diabDur >= 16.045 & age <= 41.164) & HeightCm <= 40.554) | Pt_ChildT1D >= 38.586)
",-16.045,-16.045,0.000,1.000,0.000,0,1,0,3,3,1,0,4,0.0,1.0,0.0,0.0,0.25,0.75
"G[0,2]((HDL <= 16.923 -> Triglyc >= 2.328) | Pt_GrandchildT1D >= 6.597)
",9999999.000,9999999.000,0.000,1.000,0.000,0,1,0,3,3,1,0,4,0.0,1.0,0.0,0.0,0.25,0.75
"G[0,2](GFR >= 0.000 -> NumPumpBolusOrShortAct >= 0.021)
",9999999.000,9999999.000,0.000,1.000,0.000,0,1,0,3,3,1,0,4,0.0,1.0,0.0,0.0,0.25,0.75
"G[1,2](((NumPumpBolusOrShortAct <= 1.550 | DirectLDL <= 0.707) & HbA1c >= 0.346) -> diagAgeCombo <= 0.510)
",9999999.000,9999999.000,0.000,1.000,0.000,0,1,1,2,2,2,1,3,0.0,0.5,0.5,0.0,0.25,0.75
"G[1,2]((Pt_A1cGoalLevelDsYr5 >= 0.000 & Pt_GrandchildT1D <= 0.000) -> age <= 0.000)
",9999999.000,9999999.000,0.000,1.000,0.000,0,1,0,3,3,1,0,4,0.0,1.0,0.0,0.0,0.25,0.75
"G[0,1](((HeightCm <= 131.216 | WeightKg >= 17.173) -> LDL <= 48.823) | Pt_MotherT1D >= 20.445)
",9999999.000,9999999.000,0.000,1.000,0.000,0,1,0,3,3,1,0,4,0.0,1.0,0.0,0.0,0.25,0.75
"G[0,2](WeightKg <= 54.779 & BUN >= 0.000)
",9999999.000,9999999.000,0.000,1.000,0.000,0,1,0,3,3,1,0,4,0.0,1.0,0.0,0.0,0.25,0.75
"G[0,2](((age <= 40.447 | bmi <= 16.159) & WeightKg >= 13.508) | HeightCm >= 5.540)
",9999999.000,9999999.000,0.000,1.000,0.000,0,1,2,1,1,3,2,2,0.0,0.3333333333333333,0.6666666666666666,0.0,0.25,0.75
"G[0,2](((Pt_FatherT1D <= 0.776 | TotalDailyInsPerKg >= 0.163) -> BGTestAvgNumMeter <= 0.645) -> Pt_A1cGoalLevelDsYr5 >= 0.145)
",9999999.000,9999999.000,0.000,1.000,0.000,0,1,1,2,2,2,1,3,0.0,0.5,0.5,0.0,0.25,0.75
"G[1,2]((bmi <= 18.297 & NumPumpBolusOrShortAct >= 0.191) & HeightCm >= 0.171)
",9999999.000,9999999.000,0.000,1.000,0.000,0,1,0,3,3,1,0,4,0.0,1.0,0.0,0.0,0.25,0.75
"G[0,1](SMBGperDayPtMeterCombo >= 3.223 & BGTestAvgNumPtRep >= 1.366)
",9999999.000,9999999.000,0.000,1.000,0.000,1,0,1,2,3,1,2,2,0.3333333333333333,0.0,1.0,0.5,0.25,0.75
"G[0,1](((Pt_CGMUseNumDays >= 0.000 & age >= 36.361) | Pt_MotherT1D <= 39.211) & BGTestAvgNumMeter >= 38.278)
",9999999.000,9999999.000,0.000,1.000,0.000,0,1,0,3,3,1,0,4,0.0,1.0,0.0,0.0,0.25,0.75
"G[0,0](HeightCm <= 129.230 | Pt_FatherT1D >= 0.223)
",3.401,91.310,0.000,1.000,0.000,1,0,1,2,3,1,2,2,0.3333333333333333,0.0,1.0,0.5,0.25,0.75
"G[0,2]((Pt_InsGov <= 0.796 -> diabDur <= 21.972) & WeightKg <= 18.555)
",9999999.000,9999999.000,0.000,1.000,0.000,0,1,0,3,3,1,0,4,0.0,1.0,0.0,0.0,0.25,0.75
"G[0,2](((BGTestAvgNumPtRep >= 1.024 | Pt_SHFlg >= 0.064) & Pt_MotherT1D >= 0.032) & GFR <= 0.498)
",9999999.000,9999999.000,0.000,1.000,0.000,0,1,0,3,3,1,0,4,0.0,1.0,0.0,0.0,0.25,0.75
"G[0,1](HbA1c <= 8.745 -> Pt_SHFlg = 0.970)
",9999999.000,9999999.000,0.000,1.000,0.000,0,1,0,3,3,1,0,4,0.0,1.0,0.0,0.0,0.25,0.75
"G[0,0]((Pt_InsGov <= 0.596 & BGTestAvgNumMeter >= 0.007) | WeightKg <= 3.392)
",1.389,0.395,0.000,1.000,0.000,1,0,1,2,3,1,2,2,0.3333333333333333,0.0,1.0,0.5,0.25,0.75
"G[1,2](AlbCreatRat_mggNew >= 2.928 & TotalDailyInsPerKg >= 0.218)
",9999999.000,9999999.000,0.000,1.000,0.000,0,1,1,2,2,2,1,3,0.0,0.5,0.5,0.0,0.25,0.75
"G[1,2](((AlbCreatRat_mggNew <= 6.633 & WeightKg >= 16.950) & Pt_InsGov >= 6.110) & NumPumpBolusOrShortAct >= 21.575)
",9999999.000,9999999.000,0.000,1.000,0.000,0,1,0,3,3,1,0,4,0.0,1.0,0.0,0.0,0.25,0.75
"G[0,2]((WeightKg >= 22.727 | bmi >= 1.082) -> UnitsInsBasalOrLongAct <= 22.363)
",9999999.000,9999999.000,0.000,1.000,0.000,0,1,1,2,2,2,1,3,0.0,0.5,0.5,0.0,0.25,0.75
"G[0,0](Pt_SiblingT1D > 0.000 & Pt_SHFlg = 0.969)
",-1.165,-29.198,0.000,1.000,0.000,0,1,0,3,3,1,0,4,0.0,1.0,0.0,0.0,0.25,0.75
"G[0,0](BUN < 0.000 & Pt_SHFlg = 0.754)
",-2.236,-51.746,0.000,1.000,0.000,0,1,0,3,3,1,0,4,0.0,1.0,0.0,0.0,0.25,0.75
"G[0,2](((bmiZscore >= -0.750 | Pt_A1cGoalLev <= 2.112) -> TotChol <= 4.131) & AlbCreatRat_mggNew >= 0.871)
",9999999.000,9999999.000,0.000,1.000,0.000,0,1,1,2,2,2,1,3,0.0,0.5,0.5,0.0,0.25,0.75
"G[1,2]((Pt_FatherT1D >= 0.082 & BGTestAvgNumPtRep <= 5.190) | HeightCm <= 6.331)
",9999999.000,9999999.000,0.000,1.000,0.000,0,1,1,2,2,2,1,3,0.0,0.5,0.5,0.0,0.25,0.75
"G[0,2](((Pt_FatherT1D <= 0.600 | HeightCm <= 134.431) | AutonomicNeuroCl >= 71.111) & Pt_A1cGoalLevelDsYr5 >= 58.764)
",9999999.000,9999999.000,0.000,1.000,0.000,0,1,0,3,3,1,0,4,0.0,1.0,0.0,0.0,0.25,0.75
"G[1,2](((BldPrSys <= 115.268 -> BUN <= 0.000) & BUN <= 0.000) & TSH <= 0.000)
",9999999.000,9999999.000,0.000,1.000,0.000,0,1,2,1,1,3,2,2,0.0,0.3333333333333333,0.6666666666666666,0.0,0.25,0.75
"G[0,1](SMBGperDayPtMeterCombo >= 2.094 & BGTestAvgNumPtRep >= 2.298)
",9999999.000,9999999.000,0.000,1.000,0.000,1,0,1,2,3,1,2,2,0.3333333333333333,0.0,1.0,0.5,0.25,0.75
"G[0,2](((BUN >= 0.000 & Pt_InsGov >= 0.133) & Pt_InsGov <= 0.671) | Pt_InsGov >= 0.143)
",9999999.000,9999999.000,0.000,1.000,0.000,0,1,1,2,2,2,1,3,0.0,0.5,0.5,0.0,0.25,0.75
"G[0,2](age <= 42.121 -> bmiZscore <= -0.110)
",9999999.000,9999999.000,0.000,1.000,0.000,0,1,2,1,1,3,2,2,0.0,0.3333333333333333,0.6666666666666666,0.0,0.25,0.75
"G[0,0](age >= 36.295 & BldPrSys <= 117.139)
",-36.295,-36.295,0.000,1.000,0.000,1,0,1,2,3,1,2,2,0.3333333333333333,0.0,1.0,0.5,0.25,0.75
"G[0,2](LDL <= 69.183 & TSH <= 1.189)
",9999999.000,9999999.000,0.000,1.000,0.000,0,1,0,3,3,1,0,4,0.0,1.0,0.0,0.0,0.25,0.75
"G[0,2]((diagAgeCombo >= 20.000 -> bmi >= 2.003) | BUN >= 12.284)
",9999999.000,9999999.000,0.000,1.000,0.000,0,1,2,1,1,3,2,2,0.0,0.3333333333333333,0.6666666666666666,0.0,0.25,0.75
"G[1,2](((HbA1cImputeDtMnC >= 4.239 | Triglyc >= 7.038) -> bmiZscore >= 5.944) & HDL >= 2.333)
",9999999.000,9999999.000,0.000,1.000,0.000,0,1,0,3,3,1,0,4,0.0,1.0,0.0,0.0,0.25,0.75
"G[0,2](((bmi >= 10.669 & DirectLDL >= 0.338) & Pt_GrandchildT1D <= 0.520) | Pt_GrandchildT1D >= 0.243)
",9999999.000,9999999.000,0.000,1.000,0.000,0,1,0,3,3,1,0,4,0.0,1.0,0.0,0.0,0.25,0.75
"G[0,1](HDL < 45.858 -> Pt_SHFlg = 0.248)
",9999999.000,9999999.000,0.000,1.000,0.000,0,1,0,3,3,1,0,4,0.0,1.0,0.0,0.0,0.25,0.75
"G[1,1](TotalDailyInsPerKg > 0.224 & Pt_SHFlg = 0.477)
",-8584186143707235.000,-0.477,0.000,1.000,0.000,0,1,0,3,3,1,0,4,0.0,1.0,0.0,0.0,0.25,0.75
"G[0,2](((BldPrSys >= 103.874 | TSH >= 0.367) -> AutonomicNeuroCl <= 1.221) -> diabDur <= 1.026)
",9999999.000,9999999.000,0.000,1.000,0.000,0,1,0,3,3,1,0,4,0.0,1.0,0.0,0.0,0.25,0.75
"G[1,1](((BGTestAvgNumPtRep <= 7.940 | bmiZscore >= -0.775) | WeightKg >= -0.724) & Pt_DKAFlg <= -0.194)
",-7006083996800003.000,-0.194,0.000,1.000,0.000,0,1,0,3,3,1,0,4,0.0,1.0,0.0,0.0,0.25,0.75
"G[1,2](((BldPrSys <= 108.126 -> UnitsInsBasalOrLongAct <= 18.631) & LDL >= 5.945) & diabDur <= 23.217)
",9999999.000,9999999.000,0.000,1.000,0.000,0,1,1,2,2,2,1,3,0.0,0.5,0.5,0.0,0.25,0.75
"G[0,2](((age <= 42.950 -> SMBGperDayPtMeterCombo <= 5.885) -> AlbCreatRat_mggNew <= 7.436) & Pt_A1cGoalLev >= 4.680)
",9999999.000,9999999.000,0.000,1.000,0.000,0,1,0,3,3,1,0,4,0.0,1.0,0.0,0.0,0.25,0.75
"G[0,2](AlbCreatRat_mggNew >= 1.876 | HeightCm >= 99.350)
",9999999.000,9999999.000,0.000,1.000,0.000,0,1,2,1,1,3,2,2,0.0,0.3333333333333333,0.6666666666666666,0.0,0.25,0.75
"G[0,2]((HbA1cImputeDtMnC <= 27.461 -> Pt_FatherT1D >= 0.210) -> bmi <= 0.307)
",9999999.000,9999999.000,0.000,1.000,0.000,0,1,0,3,3,1,0,4,0.0,1.0,0.0,0.0,0.25,0.75
"G[1,1](((BldPrDia <= 80.856 & BldPrSys <= 120.200) | SMBGperDayPtMeterCombo <= 109.546) -> DirectLDL >= 100.864)
",-109.546,-109.546,0.000,1.000,0.000,0,1,0,3,3,1,0,4,0.0,1.0,0.0,0.0,0.25,0.75
"G[0,2]((LDL >= 12.247 -> Triglyc >= 2.272) & Pt_InsGov >= 6.122)
",9999999.000,9999999.000,0.000,1.000,0.000,0,1,0,3,3,1,0,4,0.0,1.0,0.0,0.0,0.25,0.75
"G[1,2]((age <= 40.527 -> BGTestAvgNumPtRep <= 7.195) -> age <= 7.035)
",9999999.000,9999999.000,0.000,1.000,0.000,0,1,0,3,3,1,0,4,0.0,1.0,0.0,0.0,0.25,0.75
"G[0,2](((BldPrDia <= 79.471 & LDL <= 73.370) & BldPrDia >= 16.360) & Pt_ChildT1D >= 3.691)
",9999999.000,9999999.000,0.000,1.000,0.000,0,1,0,3,3,1,0,4,0.0,1.0,0.0,0.0,0.25,0.75
"G[1,1](((BGTestAvgNumMeter >= 0.298 | BGTestAvgNumPtRep <= 7.043) | TotalDailyInsPerKg <= 4.300) -> bmiPerc >= 0.946)
",-7.043,-7.043,0.000,1.000,0.000,0,1,0,3,3,1,0,4,0.0,1.0,0.0,0.0,0.25,0.75
"G[0,1](DirectLDL < 0.422 & Pt_SHFlg = 0.493)
",9999999.000,9999999.000,0.000,1.000,0.000,0,1,0,3,3,1,0,4,0.0,1.0,0.0,0.0,0.25,0.75
"G[0,2](((HbA1c <= 8.406 & TotalDailyInsPerKg >= 0.140) | NumPumpBolusOrShortAct >= 0.188) & Pt_InsGov >= 0.117)
",9999999.000,9999999.000,0.000,1.000,0.000,0,1,0,3,3,1,0,4,0.0,1.0,0.0,0.0,0.25,0.75
"G[1,2]((Pt_InsGov >= 0.069 | age <= 40.896) & Pt_SHFlg >= 36.405)
",9999999.000,9999999.000,0.000,1.000,0.000,0,1,0,3,3,1,0,4,0.0,1.0,0.0,0.0,0.25,0.75
"G[0,1]((HbA1c <= 7.611 & HbA1cImputeDtMnC >= 8.336) & NumPumpBolusOrShortAct <= 55.624)
",9999999.000,9999999.000,0.000,1.000,0.000,0,1,0,3,3,1,0,4,0.0,1.0,0.0,0.0,0.25,0.75
"G[1,2](((GFR >= 0.000 -> HeightCm >= 97.370) & Pt_GrandparentT1D >= 64.729) -> LDL <= 161.404)
",9999999.000,9999999.000,0.000,1.000,0.000,0,0,4,0,0,4,4,0,0.0,0.0,1.0,0.0,0.0,1.0
"G[2,2](((TotalDailyInsPerKg >= 0.212 | BGTestAvgNumMeter >= 0.658) & age <= 2.423) & Triglyc >= 1.115)
",-1.115,-1.115,0.000,1.000,0.000,0,0,4,0,0,4,4,0,0.0,0.0,1.0,0.0,0.0,1.0
"G[2,2](((HeightCm >= 27.363 | DirectLDL >= 0.026) | diagAgeCombo <= 0.403) & Triglyc >= 0.301)
",-0.301,-0.301,0.000,1.000,0.000,0,0,4,0,0,4,4,0,0.0,0.0,1.0,0.0,0.0,1.0
"G[0,2]((TSH <= 1.236 -> Pt_MotherT1D >= 0.000) | HbA1cImputeDtMnC <= 0.000)
",9999999.000,9999999.000,0.000,1.000,0.000,0,0,4,0,0,4,4,0,0.0,0.0,1.0,0.0,0.0,1.0
"G[2,2](SMBGperDayPtMeterCombo >= 3.393 & BGTestAvgNumPtRep >= 2.836)
",-3.393,-3.393,0.000,1.000,0.000,0,0,4,0,0,4,4,0,0.0,0.0,1.0,0.0,0.0,1.0
"G[0,2](((AutonomicNeuroCl <= 0.000 & BldPrDia <= 79.365) -> Pt_A1cGoalLevelDsYr5 >= 58.172) -> HDL >= 61.785)
",9999999.000,9999999.000,0.000,1.000,0.000,0,0,3,1,1,3,3,1,0.0,0.0,1.0,0.0,0.0,1.0
"G[2,2](HDL <= 24.726 & HbA1c >= 7.203)
",-7.203,-7.203,0.000,1.000,0.000,0,0,4,0,0,4,4,0,0.0,0.0,1.0,0.0,0.0,1.0
"G[0,2](WeightKg <= 52.015 -> SMBGperDayPtMeterCombo >= 3.627)
",9999999.000,9999999.000,0.000,1.000,0.000,0,0,4,0,0,4,4,0,0.0,0.0,1.0,0.0,0.0,1.0
"G[2,2](HbA1c <= 8.632 | Pt_CGMUseNumDays >= 0.000)
",8.632,8.632,0.000,1.000,0.000,0,0,4,0,0,4,4,0,0.0,0.0,1.0,0.0,0.0,1.0
"G[1,2]((bmiZscore <= -0.285 & bmi >= 3.752) -> HeightCm >= 4.343)
",9999999.000,9999999.000,0.000,1.000,0.000,0,0,4,0,0,4,4,0,0.0,0.0,1.0,0.0,0.0,1.0
"G[1,2](((TSH >= 0.110 & bmiZscore >= -0.648) | bmi >= -0.706) & bmiPerc >= -0.632)
",9999999.000,9999999.000,0.000,1.000,0.000,0,0,4,0,0,4,4,0,0.0,0.0,1.0,0.0,0.0,1.0
"G[0,2]((bmiPerc <= 0.000 | BldPrDia <= 71.200) | Pt_ChildT1D <= 71.397)
",9999999.000,9999999.000,0.000,1.000,0.000,0,0,4,0,0,4,4,0,0.0,0.0,1.0,0.0,0.0,1.0
"G[0,0](bmi <= 18.847 & Triglyc <= 18.393)
",18.393,18.393,0.000,1.000,0.000,0,0,1,3,3,1,1,3,0.0,0.0,1.0,0.0,0.0,1.0
"G[0,2](((Pt_GrandparentT1D <= 0.000 | bmi >= 14.554) & NumPumpBolusOrShortAct <= 16.989) -> AutonomicNeuroCl <= 15.458)
",9999999.000,9999999.000,0.000,1.000,0.000,0,0,4,0,0,4,4,0,0.0,0.0,1.0,0.0,0.0,1.0
"G[1,2](((Pt_A1cGoalLevelDsYr5 >= 0.000 | BldPrSys <= 109.516) & Pt_SiblingT1D >= 100.950) -> Pt_SHFlg >= 98.391)
",9999999.000,9999999.000,0.000,1.000,0.000,0,0,4,0,0,4,4,0,0.0,0.0,1.0,0.0,0.0,1.0
"G[1,2]((Pt_GrandchildT1D >= 0.000 | Triglyc <= 62.066) | HDL <= 50.614)
",9999999.000,9999999.000,0.000,1.000,0.000,0,0,4,0,0,4,4,0,0.0,0.0,1.0,0.0,0.0,1.0
"G[2,2](((Pt_FatherT1D >= 0.138 & Pt_A1cGoalLevelDsYr5 >= 0.000) | BUN >= 0.000) & BldPrDia <= 0.000)
",0.000,0.000,0.000,1.000,0.000,0,0,4,0,0,4,4,0,0.0,0.0,1.0,0.0,0.0,1.0
"G[1,2](Pt_SHFlg <= 0.246 & SMBGperDayPtMeterCombo >= 2.042)
",9999999.000,9999999.000,0.000,1.000,0.000,0,0,2,2,2,2,2,2,0.0,0.0,1.0,0.0,0.0,1.0
"G[2,2](((Pt_DKAFlg >= 0.000 -> SMBGperDayPtMeterCombo >= 4.055) | WeightKg <= 5.849) -> Pt_MotherT1D >= 3.113)
",-5.849,-5.849,0.000,1.000,0.000,0,0,4,0,0,4,4,0,0.0,0.0,1.0,0.0,0.0,1.0
"G[1,2]((Pt_GrandchildT1D >= 0.000 | WeightKg >= 0.179) | bmiPerc <= 46.521)
",9999999.000,9999999.000,0.000,1.000,0.000,0,0,4,0,0,4,4,0,0.0,0.0,1.0,0.0,0.0,1.0
"G[1,2](((TSH >= 0.353 & BUN >= 0.000) & LDL >= 0.000) | DirectLDL <= 0.000)
",9999999.000,9999999.000,0.000,1.000,0.000,0,0,3,1,1,3,3,1,0.0,0.0,1.0,0.0,0.0,1.0
"G[1,2](GFR <= 0.000 -> BUN >= 0.000)
",9999999.000,9999999.000,0.000,1.000,0.000,0,0,4,0,0,4,4,0,0.0,0.0,1.0,0.0,0.0,1.0
"G[1,2](Pt_SiblingT1D >= 0.000 & HeightCm >= 21.207)
",9999999.000,9999999.000,0.000,1.000,0.000,0,0,3,1,1,3,3,1,0.0,0.0,1.0,0.0,0.0,1.0
"G[0,2](((Pt_A1cGoalLevelDsYr5 <= 0.000 | Pt_GrandchildT1D >= 0.000) -> Pt_SiblingT1D >= 0.000) | HDL >= 0.000)
",9999999.000,9999999.000,0.000,1.000,0.000,0,0,4,0,0,4,4,0,0.0,0.0,1.0,0.0,0.0,1.0
"G[0,2](((LDL <= 68.005 | BUN <= 0.000) & UnitsInsBasalOrLongAct <= 0.000) -> Pt_ChildT1D <= 0.000)
",9999999.000,9999999.000,0.000,1.000,0.000,0,0,4,0,0,4,4,0,0.0,0.0,1.0,0.0,0.0,1.0
"G[1,2]((bmiZscore <= -0.387 & Pt_A1cGoalLevelDsYr5 <= 0.000) & Pt_SHFlg <= 0.000)
",9999999.000,9999999.000,0.000,1.000,0.000,0,0,3,1,1,3,3,1,0.0,0.0,1.0,0.0,0.0,1.0
"G[0,2]((Pt_GrandparentT1D >= 0.000 -> Pt_GrandparentT1D <= 0.000) & Pt_CGMUseNumDays >= 0.000)
",9999999.000,9999999.000,0.000,1.000,0.000,0,0,4,0,0,4,4,0,0.0,0.0,1.0,0.0,0.0,1.0
"G[1,2](((LDL >= 12.902 & Pt_MotherT1D >= 0.000) & Pt_SiblingT1D <= 0.000) -> Pt_SiblingT1D <= 0.000)
",9999999.000,9999999.000,0.000,1.000,0.000,0,0,4,0,0,4,4,0,0.0,0.0,1.0,0.0,0.0,1.0
"G[0,2](((Pt_FatherT1D >= 0.142 & AutonomicNeuroCl >= 0.000) -> SMBGperDayPtMeterCombo <= 0.000) | TSH >= 0.000)
",9999999.000,9999999.000,0.000,1.000,0.000,0,0,4,0,0,4,4,0,0.0,0.0,1.0,0.0,0.0,1.0
"G[2,2]((WeightKg >= 25.290 | bmi >= 6.303) -> UnitsInsBasalOrLongAct <= 17.986)
",-17.986,-17.986,0.000,1.000,0.000,0,0,4,0,0,4,4,0,0.0,0.0,1.0,0.0,0.0,1.0
"G[1,2](TotChol >= 0.000 | bmiZscore <= -0.385)
",9999999.000,9999999.000,0.000,1.000,0.000,0,0,4,0,0,4,4,0,0.0,0.0,1.0,0.0,0.0,1.0
"G[1,2](GFR <= 0.000 & AlbCreatRat_mggNew <= 8.753)
",9999999.000,9999999.000,0.000,1.000,0.000,0,0,2,2,2,2,2,2,0.0,0.0,1.0,0.0,0.0,1.0
"G[0,2]((Pt_A1cGoalLevelDsYr5 <= 0.000 | bmi <= 20.053) -> SMBGperDayPtMeterCombo <= 19.783)
",9999999.000,9999999.000,0.000,1.000,0.000,0,0,4,0,0,4,4,0,0.0,0.0,1.0,0.0,0.0,1.0
"G[1,2](((diagAgeCombo <= 20.000 -> Pt_SiblingT1D >= 0.000) -> BUN >= 0.000) | LDL <= 0.000)
",9999999.000,9999999.000,0.000,1.000,0.000,0,0,4,0,0,4,4,0,0.0,0.0,1.0,0.0,0.0,1.0
"G[2,2](SMBGperDayPtMeterCombo >= 3.703 & BGTestAvgNumPtRep >= 1.051)
",-3.703,-3.703,0.000,1.000,0.000,0,0,4,0,0,4,4,0,0.0,0.0,1.0,0.0,0.0,1.0
"G[1,2](((Pt_FatherT1D <= 0.574 | TSH >= 0.360) -> Pt_SiblingT1D <= 1.075) | Pt_MotherT1D <= 0.880)
",9999999.000,9999999.000,0.000,1.000,0.000,0,0,4,0,0,4,4,0,0.0,0.0,1.0,0.0,0.0,1.0
"G[0,2]((Pt_DKAFlg <= 0.000 | Pt_GrandchildT1D >= 0.000) | TotChol <= 0.000)
",9999999.000,9999999.000,0.000,1.000,0.000,0,0,4,0,0,4,4,0,0.0,0.0,1.0,0.0,0.0,1.0
"G[1,2](GFR <= 0.000 -> BUN >= 0.000)
",9999999.000,9999999.000,0.000,1.000,0.000,0,0,4,0,0,4,4,0,0.0,0.0,1.0,0.0,0.0,1.0
"G[2,2](BUN >= 0.000 & Pt_A1cGoalLevelDsYr5 <= 0.000)
",0.000,0.000,0.000,1.000,0.000,0,0,4,0,0,4,4,0,0.0,0.0,1.0,0.0,0.0,1.0
"G[1,2]((Pt_ChildT1D <= 0.000 & BldPrSys >= 104.731) -> AlbCreatRat_mggNew <= 124.491)
",9999999.000,9999999.000,0.000,1.000,0.000,0,0,4,0,0,4,4,0,0.0,0.0,1.0,0.0,0.0,1.0
"G[1,2](DirectLDL >= 0.315 | UnitsInsBasalOrLongAct >= 6.452)
",9999999.000,9999999.000,0.000,1.000,0.000,0,0,3,1,1,3,3,1,0.0,0.0,1.0,0.0,0.0,1.0
"G[1,2](bmiZscore <= -0.553 & WeightKg >= 12.011)
",9999999.000,9999999.000,0.000,1.000,0.000,0,0,3,1,1,3,3,1,0.0,0.0,1.0,0.0,0.0,1.0
"G[1,2](GFR <= 0.000 -> BUN >= 0.000)
",9999999.000,9999999.000,0.000,1.000,0.000,0,0,4,0,0,4,4,0,0.0,0.0,1.0,0.0,0.0,1.0
"G[0,2](((NumPumpBolusOrShortAct <= 2.372 | TotalDailyInsPerKg >= 0.023) & bmi >= 0.098) | BldPrSys >= 0.174)
",9999999.000,9999999.000,0.000,1.000,0.000,0,0,4,0,0,4,4,0,0.0,0.0,1.0,0.0,0.0,1.0
"G[0,2]((AlbCreatRat_mggNew >= 1.032 & diabDur <= 18.751) -> HbA1cImputeDtMnC >= 16.901)
",9999999.000,9999999.000,0.000,1.000,0.000,0,0,3,1,1,3,3,1,0.0,0.0,1.0,0.0,0.0,1.0
"G[1,2](((TSH <= 1.351 & UnitsInsBasalOrLongAct <= 19.938) -> BldPrSys >= 5.024) & Pt_A1cGoalLevelDsYr5 <= 18.969)
",9999999.000,9999999.000,0.000,1.000,0.000,0,0,4,0,0,4,4,0,0.0,0.0,1.0,0.0,0.0,1.0
"G[2,2](TSH <= 2.097 & WeightKg <= 50.141)
",2.097,2.097,0.000,1.000,0.000,0,0,4,0,0,4,4,0,0.0,0.0,1.0,0.0,0.0,1.0
"G[2,2](DirectLDL <= 0.948 | Pt_FatherT1D >= 0.168)
",0.948,0.948,0.000,1.000,0.000,0,0,4,0,0,4,4,0,0.0,0.0,1.0,0.0,0.0,1.0
"G[1,2]((Pt_FatherT1D <= 0.259 & TSH <= 2.054) & AlbCreatRat_mggNew <= 1.004)
",9999999.000,9999999.000,0.000,1.000,0.000,0,0,1,3,3,1,1,3,0.0,0.0,1.0,0.0,0.0,1.0
"G[1,2](((HeightCm >= 42.862 & TSH >= 0.563) & diabDur >= 0.023) & Pt_FatherT1D <= 1.184)
",9999999.000,9999999.000,0.000,1.000,0.000,0,0,2,2,2,2,2,2,0.0,0.0,1.0,0.0,0.0,1.0
"G[0,2](((age <= 40.265 | WeightKg >= 27.282) & Pt_ChildT1D >= 22.464) -> BUN >= 23.528)
",9999999.000,9999999.000,0.000,1.000,0.000,0,0,4,0,0,4,4,0,0.0,0.0,1.0,0.0,0.0,1.0
"G[1,2]((bmi <= 21.274 -> TotalDailyInsPerKg >= 0.224) -> Pt_SHFlg <= 0.366)
",9999999.000,9999999.000,0.000,1.000,0.000,0,0,4,0,0,4,4,0,0.0,0.0,1.0,0.0,0.0,1.0
"G[2,2]((bmi <= 21.070 -> UnitsInsBasalOrLongAct >= 9.999) | WeightKg >= 3.220)
",-3.220,-3.220,0.000,1.000,0.000,0,0,4,0,0,4,4,0,0.0,0.0,1.0,0.0,0.0,1.0
"G[1,2](((TotalDailyInsPerKg >= 0.028 | WeightKg <= 55.418) | bmiPerc <= 56.382) -> diabDur >= 3.690)
",9999999.000,9999999.000,0.000,1.000,0.000,0,0,4,0,0,4,4,0,0.0,0.0,1.0,0.0,0.0,1.0
"G[0,2]((HeightCm >= 103.502 & TotalDailyInsPerKg <= 0.351) | BldPrSys >= 0.167)
",9999999.000,9999999.000,0.000,1.000,0.000,0,0,4,0,0,4,4,0,0.0,0.0,1.0,0.0,0.0,1.0
"G[1,2](diabDur <= 21.801 -> HbA1cImputeDtMnC <= 33.033)
",9999999.000,9999999.000,0.000,1.000,0.000,0,0,3,1,1,3,3,1,0.0,0.0,1.0,0.0,0.0,1.0
"G[0,2]((DirectLDL >= 0.036 | WeightKg >= 24.446) -> HbA1cImputeDtMnC <= 46.481)
",9999999.000,9999999.000,0.000,1.000,0.000,0,0,2,2,2,2,2,2,0.0,0.0,1.0,0.0,0.0,1.0
"G[1,2]((bmiZscore >= -0.652 | UnitsInsBasalOrLongAct >= 9.129) & WeightKg >= 11.133)
",9999999.000,9999999.000,0.000,1.000,0.000,0,0,3,1,1,3,3,1,0.0,0.0,1.0,0.0,0.0,1.0
"G[1,2](HbA1cImputeDtMnC >= 0.269 -> TotalDailyInsPerKg <= 0.708)
",9999999.000,9999999.000,0.000,1.000,0.000,0,0,4,0,0,4,4,0,0.0,0.0,1.0,0.0,0.0,1.0
"G[0,2](BldPrSys >= 104.029 -> Pt_SHFlg = 0.175)
",9999999.000,9999999.000,0.000,1.000,0.000,0,0,3,1,1,3,3,1,0.0,0.0,1.0,0.0,0.0,1.0
"G[0,2](((AlbCreatRat_mggNew <= 4.756 | bmi <= 19.569) & HDL <= 19.636) -> AutonomicNeuroCl <= 18.406)
",9999999.000,9999999.000,0.000,1.000,0.000,0,0,4,0,0,4,4,0,0.0,0.0,1.0,0.0,0.0,1.0
"G[0,2](BldPrSys <= 112.768 & diabDur <= 21.903)
",9999999.000,9999999.000,0.000,1.000,0.000,0,0,3,1,1,3,3,1,0.0,0.0,1.0,0.0,0.0,1.0
"G[1,2]((HbA1c >= 5.690 | SMBGperDayPtMeterCombo >= 3.689) | UnitsInsBasalOrLongAct <= 5.854)
",9999999.000,9999999.000,0.000,1.000,0.000,0,0,3,1,1,3,3,1,0.0,0.0,1.0,0.0,0.0,1.0
"G[1,2](((AlbCreatRat_mggNew >= 1.412 | bmiZscore >= -0.665) | Pt_CGMUseNumDays >= -0.667) | TotChol >= -0.726)
",9999999.000,9999999.000,0.000,1.000,0.000,0,0,4,0,0,4,4,0,0.0,0.0,1.0,0.0,0.0,1.0
"G[2,2](((HbA1c >= 3.410 -> NumPumpBolusOrShortAct >= 0.154) & HbA1cImputeDtMnC >= 0.297) -> Pt_FatherT1D >= 0.018)
",0.018,0.018,0.000,1.000,0.000,0,0,4,0,0,4,4,0,0.0,0.0,1.0,0.0,0.0,1.0
"G[0,2](age >= 37.554 -> diabDur >= 15.382)
",9999999.000,9999999.000,0.000,1.000,0.000,0,0,4,0,0,4,4,0,0.0,0.0,1.0,0.0,0.0,1.0
"G[2,2](LDL <= 63.839 | WeightKg <= 45.049)
",63.839,63.839,0.000,1.000,0.000,0,0,4,0,0,4,4,0,0.0,0.0,1.0,0.0,0.0,1.0
"G[2,2](bmiPerc <= 0.000 & Pt_SHFlg = 0.874)
",-7871094089699893.000,-0.874,0.000,1.000,0.000,0,0,4,0,0,4,4,0,0.0,0.0,1.0,0.0,0.0,1.0
"G[2,2](((HDL <= 46.534 & SMBGperDayPtMeterCombo >= 2.991) & Pt_MotherT1D <= 5.346) -> Pt_A1cGoalLevelDsYr5 <= 5.858)
",-6595023602406709.000,-5.858,0.000,1.000,0.000,0,0,4,0,0,4,4,0,0.0,0.0,1.0,0.0,0.0,1.0
"G[2,2](BldPrDia <= 68.846 -> NumPumpBolusOrShortAct <= 1.316)
",-68.846,-68.846,0.000,1.000,0.000,0,0,4,0,0,4,4,0,0.0,0.0,1.0,0.0,0.0,1.0
"G[0,2]((Pt_InsGov <= 0.872 & Triglyc >= 4.739) | UnitsInsBasalOrLongAct >= 3.551)
",9999999.000,9999999.000,0.000,1.000,0.000,0,0,3,1,1,3,3,1,0.0,0.0,1.0,0.0,0.0,1.0
"G[0,2](((bmi <= 19.571 & Pt_A1cGoalLev >= 0.004) | Pt_GrandparentT1D <= 5.064) | Pt_GrandchildT1D >= 0.243)
",9999999.000,9999999.000,0.000,1.000,0.000,0,0,4,0,0,4,4,0,0.0,0.0,1.0,0.0,0.0,1.0
"G[1,2](Pt_A1cGoalLev >= 0.520 | UnitsInsBasalOrLongAct >= 15.990)
",9999999.000,9999999.000,0.000,1.000,0.000,0,0,4,0,0,4,4,0,0.0,0.0,1.0,0.0,0.0,1.0
"G[1,2](((age >= 38.832 | HbA1c >= 2.073) & SMBGperDayPtMeterCombo <= 8.628) -> SMBGperDayPtMeterCombo >= 1.710)
",9999999.000,9999999.000,0.000,1.000,0.000,0,0,4,0,0,4,4,0,0.0,0.0,1.0,0.0,0.0,1.0
"G[2,2](TotChol > 0.000 & Pt_SHFlg = 0.745)
",-0.745,-0.745,0.000,1.000,0.000,0,0,4,0,0,4,4,0,0.0,0.0,1.0,0.0,0.0,1.0
"G[1,2]((AlbCreatRat_mggNew >= 2.181 -> BldPrSys <= 107.093) -> AlbCreatRat_mggNew <= 124.706)
",9999999.000,9999999.000,0.000,1.000,0.000,0,0,4,0,0,4,4,0,0.0,0.0,1.0,0.0,0.0,1.0
"G[2,2](((BldPrDia <= 71.403 & HbA1c >= 1.783) & Pt_FatherT1D <= 7.863) | HbA1cImputeDtMnC <= 7.357)
",7.357,7.357,0.000,1.000,0.000,0,0,4,0,0,4,4,0,0.0,0.0,1.0,0.0,0.0,1.0
"G[1,2]((diabDur <= 20.798 | Triglyc >= 0.514) & Pt_MotherT1D <= 17.562)
",9999999.000,9999999.000,0.000,1.000,0.000,0,0,3,1,1,3,3,1,0.0,0.0,1.0,0.0,0.0,1.0
"G[2,2](TotalDailyInsPerKg >= 0.137 -> TSH <= 1.405)
",-1.405,-1.405,0.000,1.000,0.000,0,0,4,0,0,4,4,0,0.0,0.0,1.0,0.0,0.0,1.0
"G[2,2](((bmiZscore <= -0.542 -> Pt_FatherT1D >= 0.195) & GFR <= 0.650) & Pt_SiblingT1D <= 0.729)
",7022938179537483.000,0.195,0.000,1.000,0.000,0,0,4,0,0,4,4,0,0.0,0.0,1.0,0.0,0.0,1.0
"G[0,2](((HbA1c >= 5.328 | LDL >= 16.060) & Pt_CGMUseNumDays <= 78.671) & AlbCreatRat_mggNew <= 68.650)
",9999999.000,9999999.000,0.000,1.000,0.000,0,0,4,0,0,4,4,0,0.0,0.0,1.0,0.0,0.0,1.0
"G[0,2](((diabDur >= 16.077 & Pt_A1cGoalLev >= 0.252) | LDL >= 0.252) -> BUN <= 5.991)
",9999999.000,9999999.000,0.000,1.000,0.000,0,0,4,0,0,4,4,0,0.0,0.0,1.0,0.0,0.0,1.0
"G[1,2](SMBGperDayPtMeterCombo <= 6.186 -> AlbCreatRat_mggNew <= 5.582)
",9999999.000,9999999.000,0.000,1.000,0.000,0,0,2,2,2,2,2,2,0.0,0.0,1.0,0.0,0.0,1.0
"G[2,2](((NumPumpBolusOrShortAct <= 0.941 | WeightKg >= 40.805) -> BldPrSys >= 35.833) -> WeightKg >= 25.577)
",0.941,0.941,0.000,1.000,0.000,0,0,4,0,0,4,4,0,0.0,0.0,1.0,0.0,0.0,1.0
"G[1,2]((AlbCreatRat_mggNew <= 7.849 | HbA1cImputeDtMnC <= 32.564) | bmiPerc >= 3.073)
",9999999.000,9999999.000,0.000,1.000,0.000,0,0,3,1,1,3,3,1,0.0,0.0,1.0,0.0,0.0,1.0
"G[1,2](((HbA1c <= 8.137 & Triglyc <= 39.936) | BldPrDia >= 4.174) | bmi >= 2.547)
",9999999.000,9999999.000,0.000,1.000,0.000,0,0,4,0,0,4,4,0,0.0,0.0,1.0,0.0,0.0,1.0
"G[1,2](SMBGperDayPtMeterCombo <= 7.709 | TotalDailyInsPerKg >= 0.020)
",9999999.000,9999999.000,0.000,1.000,0.000,0,0,4,0,0,4,4,0,0.0,0.0,1.0,0.0,0.0,1.0
"G[2,2](SMBGperDayPtMeterCombo >= 3.433 & BGTestAvgNumPtRep >= 4.202)
",-4.202,-4.202,0.000,1.000,0.000,0,0,4,0,0,4,4,0,0.0,0.0,1.0,0.0,0.0,1.0
"G[1,2](SMBGperDayPtMeterCombo >= 3.489 & BGTestAvgNumPtRep >= 2.090)
",9999999.000,9999999.000,0.000,1.000,0.000,0,0,2,2,2,2,2,2,0.0,0.0,1.0,0.0,0.0,1.0
"G[1,2]((Pt_ChildT1D >= 0.000 & diabDur >= 18.176) -> BldPrSys >= 16.614)
",9999999.000,9999999.000,0.000,1.000,0.000,0,0,4,0,0,4,4,0,0.0,0.0,1.0,0.0,0.0,1.0
"G[0,2]((Pt_MotherT1D <= 0.000 | Pt_A1cGoalLev <= 2.282) & Pt_InsGov <= 6.888)
",9999999.000,9999999.000,0.000,1.000,0.000,0,0,4,0,0,4,4,0,0.0,0.0,1.0,0.0,0.0,1.0
"G[0,2](((BldPrSys <= 107.386 -> bmiZscore <= -0.497) | Triglyc <= -0.469) -> bmiPerc >= -0.611)
",9999999.000,9999999.000,0.000,1.000,0.000,0,0,4,0,0,4,4,0,0.0,0.0,1.0,0.0,0.0,1.0
"G[2,2](diagAgeCombo <= 20.000 & GFR >= 0.000)
",0.000,0.000,0.000,1.000,0.000,0,0,4,0,0,4,4,0,0.0,0.0,1.0,0.0,0.0,1.0
"G[0,2](((Pt_GrandchildT1D >= 0.000 | Pt_DKAFlg >= 0.000) | AutonomicNeuroCl >= 0.000) -> Pt_A1cGoalLevelDsYr5 <= 0.000)
",9999999.000,9999999.000,0.000,1.000,0.000,0,0,4,0,0,4,4,0,0.0,0.0,1.0,0.0,0.0,1.0
"G[1,2](((Pt_A1cGoalLev >= 0.727 | TSH >= 0.350) | UnitsInsBasalOrLongAct >= 0.150) | HDL <= 1.235)
",9999999.000,9999999.000,0.000,1.000,0.000,0,0,4,0,0,4,4,0,0.0,0.0,1.0,0.0,0.0,1.0
"G[0,2]((Triglyc >= 5.604 -> bmi >= 13.048) | BGTestAvgNumMeter <= 17.488)
",9999999.000,9999999.000,0.000,1.000,0.000,0,0,4,0,0,4,4,0,0.0,0.0,1.0,0.0,0.0,1.0
"G[0,2](((HbA1c >= 5.063 -> Pt_SiblingT1D >= 0.000) | BGTestAvgNumMeter >= 0.000) | WeightKg >= 0.000)
",9999999.000,9999999.000,0.000,1.000,0.000,0,0,4,0,0,4,4,0,0.0,0.0,1.0,0.0,0.0,1.0
"G[0,2]((BGTestAvgNumPtRep <= 6.085 | Pt_SiblingT1D <= 0.000) | BGTestAvgNumPtRep >= 0.000)
",9999999.000,9999999.000,0.000,1.000,0.000,0,0,4,0,0,4,4,0,0.0,0.0,1.0,0.0,0.0,1.0
"G[2,2](((Triglyc <= 12.937 -> BGTestAvgNumPtRep <= 6.084) & Pt_InsGov >= 1.333) | HbA1cImputeDtMnC >= 3.273)
",-7370867448993637.000,-3.273,0.000,1.000,0.000,0,0,4,0,0,4,4,0,0.0,0.0,1.0,0.0,0.0,1.0
"G[1,2]((HbA1c <= 7.622 & HeightCm >= 55.925) & HbA1cImputeDtMnC >= 24.719)
",9999999.000,9999999.000,0.000,1.000,0.000,0,0,1,3,3,1,1,3,0.0,0.0,1.0,0.0,0.0,1.0
"G[0,2]((bmi <= 21.108 & SMBGperDayPtMeterCombo <= 7.994) | bmi >= 3.284)
",9999999.000,9999999.000,0.000,1.000,0.000,0,0,4,0,0,4,4,0,0.0,0.0,1.0,0.0,0.0,1.0
"G[2,2](HbA1c >= 0.850 | Pt_FatherT1D <= 0.510)
",0.510,0.510,0.000,1.000,0.000,0,0,4,0,0,4,4,0,0.0,0.0,1.0,0.0,0.0,1.0
"G[1,2]((HeightCm >= 68.935 | Triglyc >= 3.813) | diabDur <= 32.750)
",9999999.000,9999999.000,0.000,1.000,0.000,0,0,4,0,0,4,4,0,0.0,0.0,1.0,0.0,0.0,1.0
"G[2,2]((Pt_FatherT1D >= 0.134 -> WeightKg <= 52.320) & Pt_CGMUseNumDays <= 49.117)
",-7363366258588587.000,-52.320,0.000,1.000,0.000,0,0,4,0,0,4,4,0,0.0,0.0,1.0,0.0,0.0,1.0
"G[0,2](((bmi <= 19.195 & Pt_FatherT1D <= 0.314) | Pt_SiblingT1D <= 0.980) | HDL >= 0.007)
",9999999.000,9999999.000,0.000,1.000,0.000,0,0,4,0,0,4,4,0,0.0,0.0,1.0,0.0,0.0,1.0
"G[1,2](((bmiZscore <= -0.298 | HbA1cImputeDtMnC >= 3.103) | DirectLDL >= 0.054) | GFR >= 1.682)
",9999999.000,9999999.000,0.000,1.000,0.000,0,0,4,0,0,4,4,0,0.0,0.0,1.0,0.0,0.0,1.0
"G[0,2](((HbA1cImputeDtMnC >= 24.177 | HeightCm <= 151.490) | LDL <= 160.289) | Pt_DKAFlg >= 43.274)
",9999999.000,9999999.000,0.000,1.000,0.000,0,0,4,0,0,4,4,0,0.0,0.0,1.0,0.0,0.0,1.0
"G[2,2](SMBGperDayPtMeterCombo >= 3.896 & Pt_SHFlg = 0.944)
",-3.896,-3.896,0.000,1.000,0.000,0,0,4,0,0,4,4,0,0.0,0.0,1.0,0.0,0.0,1.0
"G[2,2]((BldPrSys >= 98.790 | LDL <= 63.475) & HeightCm <= 62.630)
",8814388233367011.000,62.630,0.000,1.000,0.000,0,0,4,0,0,4,4,0,0.0,0.0,1.0,0.0,0.0,1.0
"G[0,2]((Pt_SHFlg <= 0.437 & TotalDailyInsPerKg <= 0.398) | TotalDailyInsPerKg >= 0.020)
",9999999.000,9999999.000,0.000,1.000,0.000,0,0,3,1,1,3,3,1,0.0,0.0,1.0,0.0,0.0,1.0
"G[0,2]((bmiZscore <= -0.279 & SMBGperDayPtMeterCombo <= 5.681) | HbA1cImputeDtMnC >= 4.236)
",9999999.000,9999999.000,0.000,1.000,0.000,0,0,3,1,1,3,3,1,0.0,0.0,1.0,0.0,0.0,1.0
"G[1,2]((BGTestAvgNumMeter >= 0.695 & HDL <= 36.452) | bmi <= 33.668)
",9999999.000,9999999.000,0.000,1.000,0.000,0,0,4,0,0,4,4,0,0.0,0.0,1.0,0.0,0.0,1.0
"G[2,2](LDL > 9.538 -> Pt_SHFlg = 0.740)
",6667038575026147.000,0.740,0.000,1.000,0.000,0,0,4,0,0,4,4,0,0.0,0.0,1.0,0.0,0.0,1.0
"G[1,2](((BGTestAvgNumPtRep >= 0.471 | TotalDailyInsPerKg <= 0.435) | HbA1cImputeDtMnC >= 0.190) & bmi >= 0.221)
",9999999.000,9999999.000,0.000,1.000,0.000,0,0,3,1,1,3,3,1,0.0,0.0,1.0,0.0,0.0,1.0
"G[1,2]((bmi >= 6.527 -> HDL <= 44.752) -> Pt_GrandchildT1D <= 18.070)
",9999999.000,9999999.000,0.000,1.000,0.000,0,0,4,0,0,4,4,0,0.0,0.0,1.0,0.0,0.0,1.0
"G[2,2](HeightCm > 42.814 & Pt_SHFlg = 0.810)
",-42.814,-42.814,0.000,1.000,0.000,0,0,4,0,0,4,4,0,0.0,0.0,1.0,0.0,0.0,1.0
"G[1,2]((AlbCreatRat_mggNew <= 9.824 | Triglyc >= 0.017) | Pt_ChildT1D >= 5.496)
",9999999.000,9999999.000,0.000,1.000,0.000,0,0,2,2,2,2,2,2,0.0,0.0,1.0,0.0,0.0,1.0
"G[0,2]((diabDur >= 17.830 | LDL >= 27.549) -> bmi <= 66.315)
",9999999.000,9999999.000,0.000,1.000,0.000,0,0,4,0,0,4,4,0,0.0,0.0,1.0,0.0,0.0,1.0
"G[0,2](((Pt_InsGov >= 0.230 | BGTestAvgNumPtRep <= 7.762) & BldPrDia <= 4.585) | TSH <= 6.092)
",9999999.000,9999999.000,0.000,1.000,0.000,0,0,4,0,0,4,4,0,0.0,0.0,1.0,0.0,0.0,1.0
