Rule,Discrimination Score,Pos Robustness,Neg Robustness,Percent Class +,Percent Class -,TP,TN,FP,FN,Actual Yes,Actual No,Predicted Yes,Predicted No,TPR/Sens,TNR/Spec,FPR,Precision,Accuracy,MCR
"G[0,0]((diabDur >= 27.000 | TotalDailyInsPerKg >= 4.000) | Pt_GrandparentT1D <= 4.000)
",0.000,0.000,0.000,1.000,0.000,1,0,0,0,1,0,1,0,1.0,0.0,0.0,1.0,2.0,-1.0
"G[0,0]((bmi >= 0.000 & Triglyc <= 0.000) -> bmiZscore <= 0.000)
",0.000,0.000,0.000,1.000,0.000,1,0,0,0,1,0,1,0,1.0,0.0,0.0,1.0,2.0,-1.0
"G[0,0]((TSH <= 0.000 -> SMBGperDayPtMeterCombo <= 66.000) | bmiZscore >= 66.000)
",0.000,0.000,0.000,1.000,0.000,1,0,0,0,1,0,1,0,1.0,0.0,0.0,1.0,2.0,-1.0
"G[0,0]((TotalDailyInsPerKg >= 4.000 & diabDur >= 27.000) | HbA1c <= 27.000)
",0.000,0.000,0.000,1.000,0.000,1,0,0,0,1,0,1,0,1.0,0.0,0.0,1.0,2.0,-1.0
"G[0,0](((Pt_DKAFlg <= 0.000 & Pt_A1cGoalLevelDsYr5 <= 0.000) | Pt_A1cGoalLev <= 0.000) | AutonomicNeuroCl >= 0.000)
",0.000,0.000,0.000,1.000,0.000,1,0,0,0,1,0,1,0,1.0,0.0,0.0,1.0,2.0,-1.0
"G[0,0]((AlbCreatRat_mggNew <= 0.000 | HbA1cImputeDtMnC >= 0.000) -> UnitsInsBasalOrLongAct >= 0.000)
",0.000,0.000,0.000,1.000,0.000,1,0,0,0,1,0,1,0,1.0,0.0,0.0,1.0,2.0,-1.0
"G[0,0](((Triglyc <= 0.000 | HDL <= 0.000) | AutonomicNeuroCl <= 0.000) -> AutonomicNeuroCl <= 0.000)
",0.000,0.000,0.000,1.000,0.000,1,0,0,0,1,0,1,0,1.0,0.0,0.0,1.0,2.0,-1.0
"G[0,0](BUN <= 0.000 | Pt_MotherT1D <= 0.000)
",0.000,0.000,0.000,1.000,0.000,1,0,0,0,1,0,1,0,1.0,0.0,0.0,1.0,2.0,-1.0
"G[0,0]((UnitsInsBasalOrLongAct <= 8.000 -> Pt_A1cGoalLev >= 23.000) -> TotChol <= 23.000)
",0.000,0.000,0.000,1.000,0.000,1,0,0,0,1,0,1,0,1.0,0.0,0.0,1.0,2.0,-1.0
"G[0,0](GFR <= -0.517 -> BUN >= 0.000)
",0.000,0.000,0.000,1.000,0.000,1,0,0,0,1,0,1,0,1.0,0.0,0.0,1.0,2.0,-1.0
"G[0,0]((WeightKg >= 0.000 | bmi >= 0.000) -> UnitsInsBasalOrLongAct <= 8.000)
",0.000,0.000,0.000,1.000,0.000,1,0,0,0,1,0,1,0,1.0,0.0,0.0,1.0,2.0,-1.0
"G[0,0]((age <= 0.000 -> SMBGperDayPtMeterCombo <= 66.000) | TotChol <= 66.000)
",0.000,0.000,0.000,1.000,0.000,1,0,0,0,1,0,1,0,1.0,0.0,0.0,1.0,2.0,-1.0
"G[0,0](((Pt_A1cGoalLevelDsYr5 <= 0.000 & UnitsInsBasalOrLongAct >= 8.000) -> AlbCreatRat_mggNew >= 8.000) | UnitsInsBasalOrLongAct <= 8.000)
",0.000,0.000,0.000,1.000,0.000,1,0,0,0,1,0,1,0,1.0,0.0,0.0,1.0,2.0,-1.0
"G[0,0]((Pt_CGMUseNumDays <= 23943.000 & TSH >= 0.000) | GFR >= 0.000)
",0.000,0.000,0.000,1.000,0.000,1,0,0,0,1,0,1,0,1.0,0.0,0.0,1.0,2.0,-1.0
"G[0,0](Pt_ChildT1D <= 0.000 & Pt_MotherT1D >= 0.000)
",0.000,0.000,0.000,1.000,0.000,1,0,0,0,1,0,1,0,1.0,0.0,0.0,1.0,2.0,-1.0
"G[0,0]((WeightKg >= 0.000 | bmi >= 0.000) -> UnitsInsBasalOrLongAct <= 8.000)
",0.000,0.000,0.000,1.000,0.000,1,0,0,0,1,0,1,0,1.0,0.0,0.0,1.0,2.0,-1.0
"G[0,0]((bmiPerc >= 23.978 & AlbCreatRat_mggNew >= 0.000) -> diagAgeCombo >= 0.000)
",0.000,0.000,0.000,1.000,0.000,1,0,0,0,1,0,1,0,1.0,0.0,0.0,1.0,2.0,-1.0
"G[0,0]((BldPrSys <= 0.000 -> NumPumpBolusOrShortAct >= 0.000) | HbA1cImputeDtMnC >= 0.000)
",0.000,0.000,0.000,1.000,0.000,1,0,0,0,1,0,1,0,1.0,0.0,0.0,1.0,2.0,-1.0
"G[0,0]((WeightKg >= 0.000 | bmi >= 0.000) -> UnitsInsBasalOrLongAct <= 8.000)
",0.000,0.000,0.000,1.000,0.000,1,0,0,0,1,0,1,0,1.0,0.0,0.0,1.0,2.0,-1.0
"G[0,2](((HeightCm >= 80.195 & TotChol >= 0.000) -> Pt_DKAFlg >= 0.000) & AlbCreatRat_mggNew >= 0.000)
",0.000,0.000,0.000,1.000,0.000,0,0,1,0,0,1,1,0,0.0,0.0,1.0,0.0,0.0,1.0
"G[1,2](((TSH >= 0.000 | Pt_A1cGoalLev >= 23.000) -> bmi <= 23.000) -> HbA1cImputeDtMnC >= 23.000)
",0.000,0.000,0.000,1.000,0.000,0,0,1,0,0,1,1,0,0.0,0.0,1.0,0.0,0.0,1.0
"G[2,2]((BldPrSys <= 0.000 & Pt_InsGov >= 0.000) & Pt_InsGov >= 0.000)
",0.000,0.000,0.000,1.000,0.000,0,0,1,0,0,1,1,0,0.0,0.0,1.0,0.0,0.0,1.0
"G[0,2]((AutonomicNeuroCl >= 10.800 -> bmiZscore >= 0.000) & Pt_SiblingT1D <= 0.000)
",0.000,0.000,0.000,1.000,0.000,0,0,1,0,0,1,1,0,0.0,0.0,1.0,0.0,0.0,1.0
"G[2,2](((BldPrSys >= 0.000 | bmi >= 0.000) & BUN >= 0.000) & HeightCm >= 0.000)
",0.000,0.000,0.000,1.000,0.000,0,0,1,0,0,1,1,0,0.0,0.0,1.0,0.0,0.0,1.0
"G[0,2]((TSH <= 0.000 -> TotChol >= 0.000) -> Pt_ChildT1D >= 0.000)
",0.000,0.000,0.000,1.000,0.000,0,0,1,0,0,1,1,0,0.0,0.0,1.0,0.0,0.0,1.0
"G[1,2](((Pt_SiblingT1D >= 0.000 | BUN <= 0.000) & HbA1c <= 0.000) | BGTestAvgNumPtRep <= 0.000)
",0.000,0.000,0.000,1.000,0.000,0,0,1,0,0,1,1,0,0.0,0.0,1.0,0.0,0.0,1.0
"G[1,2](((Pt_InsGov <= 0.000 & TotChol >= 0.000) -> Pt_SiblingT1D >= 0.000) | HbA1cImputeDtMnC >= 0.000)
",0.000,0.000,0.000,1.000,0.000,0,0,1,0,0,1,1,0,0.0,0.0,1.0,0.0,0.0,1.0
"G[0,1]((HbA1c <= 0.000 & Pt_FatherT1D <= 0.000) -> Pt_GrandchildT1D >= 0.000)
",0.000,0.000,0.000,1.000,0.000,0,0,1,0,0,1,1,0,0.0,0.0,1.0,0.0,0.0,1.0
"G[2,2](((Pt_A1cGoalLevelDsYr5 <= 0.000 -> Pt_FatherT1D >= 0.000) | Pt_GrandparentT1D >= 0.000) | HeightCm >= 0.000)
",0.000,0.000,0.000,1.000,0.000,0,0,1,0,0,1,1,0,0.0,0.0,1.0,0.0,0.0,1.0
"G[0,1](diagAgeCombo >= 0.000 | Pt_InsGov >= 0.000)
",0.000,0.000,0.000,1.000,0.000,0,0,1,0,0,1,1,0,0.0,0.0,1.0,0.0,0.0,1.0
"G[0,1](((Pt_A1cGoalLevelDsYr5 <= 0.000 & HeightCm <= 80.195) -> NumPumpBolusOrShortAct <= 80.195) | BGTestAvgNumPtRep >= 80.195)
",0.000,0.000,0.000,1.000,0.000,0,0,1,0,0,1,1,0,0.0,0.0,1.0,0.0,0.0,1.0
"G[1,2](((Pt_ChildT1D <= 0.000 -> Pt_GrandparentT1D >= 0.000) & BUN >= 0.000) & age >= 0.000)
",0.000,0.000,0.000,1.000,0.000,0,0,1,0,0,1,1,0,0.0,0.0,1.0,0.0,0.0,1.0
"G[1,1](UnitsInsBasalOrLongAct >= 8.000 -> bmiPerc >= 23.978)
",0.000,0.000,0.000,1.000,0.000,0,0,1,0,0,1,1,0,0.0,0.0,1.0,0.0,0.0,1.0
"G[1,2]((age >= 0.000 -> bmi >= 0.000) | BGTestAvgNumPtRep <= 0.000)
",0.000,0.000,0.000,1.000,0.000,0,0,1,0,0,1,1,0,0.0,0.0,1.0,0.0,0.0,1.0
"G[1,1]((diabDur <= 27.000 & diagAgeCombo <= 0.000) & AlbCreatRat_mggNew >= 0.000)
",0.000,0.000,0.000,1.000,0.000,0,0,1,0,0,1,1,0,0.0,0.0,1.0,0.0,0.0,1.0
"G[2,2]((TSH >= 0.000 & Pt_MotherT1D <= 0.000) & Pt_A1cGoalLevelDsYr5 >= 0.000)
",0.000,0.000,0.000,1.000,0.000,0,0,1,0,0,1,1,0,0.0,0.0,1.0,0.0,0.0,1.0
"G[0,2](((Pt_A1cGoalLevelDsYr5 <= 0.000 | bmi <= 0.000) -> Pt_SHFlg >= 0.000) | bmi <= 0.000)
",0.000,0.000,0.000,1.000,0.000,0,0,1,0,0,1,1,0,0.0,0.0,1.0,0.0,0.0,1.0
"G[0,1](((Pt_GrandparentT1D >= 0.000 & Pt_SiblingT1D <= 0.000) -> Triglyc >= 0.000) -> diagAgeCombo >= 0.000)
",0.000,0.000,0.000,1.000,0.000,0,0,1,0,0,1,1,0,0.0,0.0,1.0,0.0,0.0,1.0
"G[1,1]((Pt_A1cGoalLev >= 23.000 -> SMBGperDayPtMeterCombo >= 66.000) & diagAgeCombo <= 66.000)
",0.000,0.000,0.000,1.000,0.000,0,0,1,0,0,1,1,0,0.0,0.0,1.0,0.0,0.0,1.0
"G[2,2]((BldPrSys <= 0.000 & AutonomicNeuroCl <= 10.800) & Pt_GrandchildT1D >= 10.800)
",0.000,0.000,0.000,1.000,0.000,0,0,1,0,0,1,1,0,0.0,0.0,1.0,0.0,0.0,1.0
"G[1,1]((BldPrSys >= 0.000 -> UnitsInsBasalOrLongAct >= 8.000) & Pt_A1cGoalLevelDsYr5 <= 8.000)
",0.000,0.000,0.000,1.000,0.000,0,0,1,0,0,1,1,0,0.0,0.0,1.0,0.0,0.0,1.0
"G[1,2](age <= 0.000 -> HbA1cImputeDtMnC <= 0.000)
",0.000,0.000,0.000,1.000,0.000,0,0,1,0,0,1,1,0,0.0,0.0,1.0,0.0,0.0,1.0
"G[1,1](((Pt_ChildT1D >= 0.000 | Pt_GrandchildT1D <= 0.000) -> BUN >= 0.000) | GFR <= 0.000)
",0.000,0.000,0.000,1.000,0.000,0,0,1,0,0,1,1,0,0.0,0.0,1.0,0.0,0.0,1.0
"G[1,2]((Pt_FatherT1D >= 0.000 | Pt_SiblingT1D <= 0.000) -> Pt_GrandparentT1D >= 0.000)
",0.000,0.000,0.000,1.000,0.000,0,0,1,0,0,1,1,0,0.0,0.0,1.0,0.0,0.0,1.0
"G[1,1](TotalDailyInsPerKg <= 4.000 & BGTestAvgNumPtRep >= 0.000)
",0.000,0.000,0.000,1.000,0.000,0,0,1,0,0,1,1,0,0.0,0.0,1.0,0.0,0.0,1.0
"G[0,1](diagAgeCombo >= 0.000 | Pt_SHFlg <= -0.498)
",0.000,0.000,0.000,1.000,0.000,0,0,1,0,0,1,1,0,0.0,0.0,1.0,0.0,0.0,1.0
"G[0,1]((HbA1c >= 0.000 & Pt_GrandchildT1D <= 0.000) | BGTestAvgNumMeter >= 0.000)
",0.000,0.000,0.000,1.000,0.000,0,0,1,0,0,1,1,0,0.0,0.0,1.0,0.0,0.0,1.0
"G[2,2]((Pt_DKAFlg <= 0.000 -> Pt_DKAFlg <= 0.000) | diagAgeCombo >= 0.000)
",0.000,0.000,0.000,1.000,0.000,0,0,1,0,0,1,1,0,0.0,0.0,1.0,0.0,0.0,1.0
"G[1,2]((AlbCreatRat_mggNew <= 0.000 | Pt_SiblingT1D >= 0.000) & LDL >= 0.000)
",0.000,0.000,0.000,1.000,0.000,0,0,1,0,0,1,1,0,0.0,0.0,1.0,0.0,0.0,1.0
"G[0,2]((Pt_MotherT1D >= 0.000 -> GFR >= -0.517) & BUN >= -0.517)
",0.000,0.000,0.000,1.000,0.000,0,0,1,0,0,1,1,0,0.0,0.0,1.0,0.0,0.0,1.0
"G[0,1](TotChol >= 0.000 & BGTestAvgNumMeter >= 0.000)
",0.000,0.000,0.000,1.000,0.000,0,0,1,0,0,1,1,0,0.0,0.0,1.0,0.0,0.0,1.0
"G[1,2](((AutonomicNeuroCl <= 10.800 -> age >= 0.000) & WeightKg <= 0.000) -> bmiPerc >= 0.000)
",0.000,0.000,0.000,1.000,0.000,0,0,1,0,0,1,1,0,0.0,0.0,1.0,0.0,0.0,1.0
"G[0,2](((bmiZscore >= 0.000 | UnitsInsBasalOrLongAct >= 8.000) & Pt_ChildT1D >= 8.000) -> diagAgeCombo >= 8.000)
",0.000,0.000,0.000,1.000,0.000,0,0,1,0,0,1,1,0,0.0,0.0,1.0,0.0,0.0,1.0
"G[0,1](((Pt_GrandparentT1D >= 0.000 & Pt_SHFlg >= -0.498) & Pt_GrandchildT1D >= -0.498) -> Pt_SHFlg <= -0.498)
",0.000,0.000,0.000,1.000,0.000,0,0,0,1,1,0,0,1,0.0,0.0,0.0,0.0,0.0,1.0
"G[0,1](LDL >= 0.162 -> GFR <= -0.517)
",0.000,0.000,0.000,1.000,0.000,0,0,1,0,0,1,1,0,0.0,0.0,1.0,0.0,0.0,1.0
"G[1,2](((NumPumpBolusOrShortAct >= 0.000 | GFR <= -0.517) -> age <= -0.517) -> BGTestAvgNumMeter <= -0.517)
",0.000,0.000,0.000,1.000,0.000,0,0,1,0,0,1,1,0,0.0,0.0,1.0,0.0,0.0,1.0
"G[0,0]((age <= 0.000 -> HeightCm >= 80.195) & AutonomicNeuroCl >= 80.195)
",0.000,0.000,0.000,1.000,0.000,0,0,0,1,1,0,0,1,0.0,0.0,0.0,0.0,0.0,1.0
"G[1,2](Pt_DKAFlg <= 0.000 -> BldPrDia <= 112.000)
",0.000,0.000,0.000,1.000,0.000,0,0,1,0,0,1,1,0,0.0,0.0,1.0,0.0,0.0,1.0
"G[0,2](((NumPumpBolusOrShortAct >= 0.000 | BGTestAvgNumPtRep <= 0.000) & WeightKg <= 0.000) -> AlbCreatRat_mggNew <= 0.000)
",0.000,0.000,0.000,1.000,0.000,0,0,1,0,0,1,1,0,0.0,0.0,1.0,0.0,0.0,1.0
"G[0,2](BUN <= 0.000 | bmiPerc >= 23.978)
",0.000,0.000,0.000,1.000,0.000,0,0,1,0,0,1,1,0,0.0,0.0,1.0,0.0,0.0,1.0
"G[1,2](((Pt_DKAFlg >= 0.000 -> DirectLDL <= 182.880) -> AlbCreatRat_mggNew <= 182.880) -> Pt_A1cGoalLevelDsYr5 >= 182.880)
",0.000,0.000,0.000,1.000,0.000,0,0,1,0,0,1,1,0,0.0,0.0,1.0,0.0,0.0,1.0
"G[0,1]((Pt_MotherT1D <= 0.000 & AlbCreatRat_mggNew >= 0.000) -> Pt_MotherT1D >= 0.000)
",0.000,0.000,0.000,1.000,0.000,0,0,1,0,0,1,1,0,0.0,0.0,1.0,0.0,0.0,1.0
"G[0,1]((Pt_InsGov <= 0.000 | Pt_A1cGoalLevelDsYr5 <= 0.000) -> Pt_CGMUseNumDays >= 0.000)
",0.000,0.000,0.000,1.000,0.000,0,0,1,0,0,1,1,0,0.0,0.0,1.0,0.0,0.0,1.0
"G[1,2]((bmiZscore <= 0.000 & BGTestAvgNumPtRep <= 0.000) -> diabDur >= 0.000)
",0.000,0.000,0.000,1.000,0.000,0,0,1,0,0,1,1,0,0.0,0.0,1.0,0.0,0.0,1.0
"G[0,2]((Pt_MotherT1D <= 0.000 | WeightKg >= 0.000) -> HbA1cImputeDtMnC >= 0.000)
",0.000,0.000,0.000,1.000,0.000,0,0,0,1,1,0,0,1,0.0,0.0,0.0,0.0,0.0,1.0
"G[0,0]((SMBGperDayPtMeterCombo >= 66.000 & Pt_CGMUseNumDays <= 23943.000) | SMBGperDayPtMeterCombo >= 23943.000)
",0.000,0.000,0.000,1.000,0.000,0,0,0,1,1,0,0,1,0.0,0.0,0.0,0.0,0.0,1.0
"G[0,1](((Pt_MotherT1D >= 0.000 | Pt_A1cGoalLev <= 23.000) | age <= 23.000) -> Pt_GrandchildT1D <= 23.000)
",0.000,0.000,0.000,1.000,0.000,0,0,1,0,0,1,1,0,0.0,0.0,1.0,0.0,0.0,1.0
"G[1,2](((Pt_FatherT1D <= 0.000 & HbA1cImputeDtMnC >= 0.000) | NumPumpBolusOrShortAct <= 0.000) | BldPrSys >= 0.000)
",0.000,0.000,0.000,1.000,0.000,0,0,1,0,0,1,1,0,0.0,0.0,1.0,0.0,0.0,1.0
"G[0,2]((BUN <= 0.000 -> NumPumpBolusOrShortAct >= 0.000) -> TSH >= 0.000)
",0.000,0.000,0.000,1.000,0.000,0,0,1,0,0,1,1,0,0.0,0.0,1.0,0.0,0.0,1.0
"G[2,2]((Pt_GrandchildT1D <= 0.000 & bmiPerc >= 23.978) & diabDur <= 23.978)
",0.000,0.000,0.000,1.000,0.000,0,0,1,0,0,1,1,0,0.0,0.0,1.0,0.0,0.0,1.0
"G[0,2](((bmi <= 0.000 -> BGTestAvgNumPtRep >= 0.000) -> UnitsInsBasalOrLongAct >= 0.000) -> BUN >= 0.000)
",0.000,0.000,0.000,1.000,0.000,0,0,1,0,0,1,1,0,0.0,0.0,1.0,0.0,0.0,1.0
"G[1,2](((Pt_GrandparentT1D >= 0.000 -> TotChol >= 0.000) & bmi >= 0.000) | HDL <= 0.000)
",0.000,0.000,0.000,1.000,0.000,0,0,1,0,0,1,1,0,0.0,0.0,1.0,0.0,0.0,1.0
"G[1,1](((LDL >= 0.162 | Pt_A1cGoalLev <= 23.000) | UnitsInsBasalOrLongAct >= 23.000) & HbA1cImputeDtMnC >= 23.000)
",0.000,0.000,0.000,1.000,0.000,0,0,1,0,0,1,1,0,0.0,0.0,1.0,0.0,0.0,1.0
"G[0,2](SMBGperDayPtMeterCombo >= 66.000 & BGTestAvgNumPtRep >= 0.000)
",0.000,0.000,0.000,1.000,0.000,0,0,0,1,1,0,0,1,0.0,0.0,0.0,0.0,0.0,1.0
"G[1,1](((LDL >= 0.162 -> Pt_GrandparentT1D >= 0.000) & TotChol >= 0.000) & LDL >= 0.000)
",0.000,0.000,0.000,1.000,0.000,0,0,1,0,0,1,1,0,0.0,0.0,1.0,0.0,0.0,1.0
"G[1,2](((Pt_ChildT1D <= 0.000 & Pt_A1cGoalLev <= 23.000) | Pt_DKAFlg >= 23.000) & HbA1c <= 23.000)
",0.000,0.000,0.000,1.000,0.000,0,0,1,0,0,1,1,0,0.0,0.0,1.0,0.0,0.0,1.0
"G[0,1]((diagAgeCombo <= 0.000 -> Pt_A1cGoalLev <= 23.000) & BGTestAvgNumMeter <= 23.000)
",0.000,0.000,0.000,1.000,0.000,0,0,1,0,0,1,1,0,0.0,0.0,1.0,0.0,0.0,1.0
"G[0,2](((AutonomicNeuroCl <= 10.800 -> Pt_DKAFlg >= 0.000) -> HDL <= 0.000) | age >= 0.000)
",0.000,0.000,0.000,1.000,0.000,0,0,1,0,0,1,1,0,0.0,0.0,1.0,0.0,0.0,1.0
"G[0,1](((LDL <= 0.162 | Pt_ChildT1D >= 0.000) -> BUN >= 0.000) & Pt_FatherT1D <= 0.000)
",0.000,0.000,0.000,1.000,0.000,0,0,1,0,0,1,1,0,0.0,0.0,1.0,0.0,0.0,1.0
"G[0,2]((HeightCm <= 80.195 | BGTestAvgNumPtRep >= 0.000) & diagAgeCombo <= 0.000)
",0.000,0.000,0.000,1.000,0.000,0,0,0,1,1,0,0,1,0.0,0.0,0.0,0.0,0.0,1.0
"G[2,2]((Pt_FatherT1D >= 0.000 | HbA1cImputeDtMnC <= 0.000) & Pt_CGMUseNumDays <= 0.000)
",0.000,0.000,0.000,1.000,0.000,0,0,1,0,0,1,1,0,0.0,0.0,1.0,0.0,0.0,1.0
"G[1,2](((GFR <= -0.517 | Pt_A1cGoalLev <= 23.000) -> age >= 23.000) -> TotalDailyInsPerKg >= 23.000)
",0.000,0.000,0.000,1.000,0.000,0,0,1,0,0,1,1,0,0.0,0.0,1.0,0.0,0.0,1.0
"G[0,1]((Pt_GrandchildT1D >= 0.000 & BldPrSys <= 0.000) & BUN <= 0.000)
",0.000,0.000,0.000,1.000,0.000,0,0,0,1,1,0,0,1,0.0,0.0,0.0,0.0,0.0,1.0
"G[1,2]((SMBGperDayPtMeterCombo <= 66.000 & TotChol <= 0.000) & Pt_FatherT1D >= 0.000)
",0.000,0.000,0.000,1.000,0.000,0,0,1,0,0,1,1,0,0.0,0.0,1.0,0.0,0.0,1.0
"G[0,1](AlbCreatRat_mggNew <= 0.000 | Pt_A1cGoalLev >= 23.000)
",0.000,0.000,0.000,1.000,0.000,0,0,0,1,1,0,0,1,0.0,0.0,0.0,0.0,0.0,1.0
"G[1,2](((Pt_A1cGoalLev <= 23.000 -> Pt_DKAFlg >= 0.000) -> DirectLDL >= 0.000) | Pt_InsGov >= 0.000)
",0.000,0.000,0.000,1.000,0.000,0,0,1,0,0,1,1,0,0.0,0.0,1.0,0.0,0.0,1.0
"G[1,2](((AlbCreatRat_mggNew >= 0.000 & Triglyc <= 0.000) & bmiZscore <= 0.000) & HbA1c >= 0.000)
",0.000,0.000,0.000,1.000,0.000,0,0,1,0,0,1,1,0,0.0,0.0,1.0,0.0,0.0,1.0
"G[0,2](BGTestAvgNumMeter >= 0.000 | HeightCm >= 80.195)
",0.000,0.000,0.000,1.000,0.000,0,0,1,0,0,1,1,0,0.0,0.0,1.0,0.0,0.0,1.0
"G[1,2](Pt_CGMUseNumDays >= 23943.000 -> bmiZscore <= 0.000)
",0.000,0.000,0.000,1.000,0.000,0,0,1,0,0,1,1,0,0.0,0.0,1.0,0.0,0.0,1.0
"G[0,2](((Pt_GrandparentT1D <= 0.000 | TotalDailyInsPerKg >= 4.000) | Pt_DKAFlg >= 4.000) -> BGTestAvgNumPtRep >= 4.000)
",0.000,0.000,0.000,1.000,0.000,0,0,0,1,1,0,0,1,0.0,0.0,0.0,0.0,0.0,1.0
"G[0,0](GFR <= -0.517 & HDL <= 0.000)
",0.000,0.000,0.000,1.000,0.000,0,0,0,1,1,0,0,1,0.0,0.0,0.0,0.0,0.0,1.0
"G[0,2](BGTestAvgNumPtRep >= 0.000 -> HbA1c <= 0.000)
",0.000,0.000,0.000,1.000,0.000,0,0,0,1,1,0,0,1,0.0,0.0,0.0,0.0,0.0,1.0
"G[0,2]((BGTestAvgNumMeter >= 0.000 & HbA1cImputeDtMnC >= 0.000) | Pt_A1cGoalLevelDsYr5 >= 0.000)
",0.000,0.000,0.000,1.000,0.000,0,0,1,0,0,1,1,0,0.0,0.0,1.0,0.0,0.0,1.0
"G[1,2](((NumPumpBolusOrShortAct >= 0.000 | Pt_FatherT1D >= 0.000) -> BldPrDia <= 0.000) | HbA1c >= 0.000)
",0.000,0.000,0.000,1.000,0.000,0,0,1,0,0,1,1,0,0.0,0.0,1.0,0.0,0.0,1.0
"G[1,2](((BGTestAvgNumMeter <= 0.000 | Pt_SiblingT1D <= 0.000) | Pt_CGMUseNumDays <= 0.000) & Triglyc <= 0.000)
",0.000,0.000,0.000,1.000,0.000,0,0,1,0,0,1,1,0,0.0,0.0,1.0,0.0,0.0,1.0
"G[1,2](((UnitsInsBasalOrLongAct >= 8.000 | LDL >= 0.162) & TotChol >= 0.162) & BldPrDia >= 0.162)
",0.000,0.000,0.000,1.000,0.000,0,0,1,0,0,1,1,0,0.0,0.0,1.0,0.0,0.0,1.0
"G[0,2](((Pt_SiblingT1D >= 0.000 | TotChol >= 0.000) | bmi >= 0.000) | TotalDailyInsPerKg <= 0.000)
",0.000,0.000,0.000,1.000,0.000,0,0,1,0,0,1,1,0,0.0,0.0,1.0,0.0,0.0,1.0
"G[0,1](UnitsInsBasalOrLongAct <= 8.000 & Triglyc >= 0.000)
",0.000,0.000,0.000,1.000,0.000,0,0,1,0,0,1,1,0,0.0,0.0,1.0,0.0,0.0,1.0
"G[0,2](((HbA1cImputeDtMnC >= 0.000 -> bmiZscore <= 0.000) & WeightKg <= 0.000) | Pt_SHFlg >= 0.000)
",0.000,0.000,0.000,1.000,0.000,0,0,1,0,0,1,1,0,0.0,0.0,1.0,0.0,0.0,1.0
"G[0,1](((Triglyc <= 0.000 | Pt_CGMUseNumDays <= 23943.000) & Pt_FatherT1D <= 23943.000) & BUN <= 23943.000)
",0.000,0.000,0.000,1.000,0.000,0,0,1,0,0,1,1,0,0.0,0.0,1.0,0.0,0.0,1.0
"G[1,1](((AutonomicNeuroCl <= 10.800 -> DirectLDL >= 182.880) & HbA1cImputeDtMnC >= 182.880) | Pt_SHFlg <= 182.880)
",0.000,0.000,0.000,1.000,0.000,0,0,1,0,0,1,1,0,0.0,0.0,1.0,0.0,0.0,1.0
"G[2,2]((UnitsInsBasalOrLongAct <= 8.000 -> DirectLDL >= 182.880) & BldPrSys <= 182.880)
",0.000,0.000,0.000,1.000,0.000,0,0,1,0,0,1,1,0,0.0,0.0,1.0,0.0,0.0,1.0
"G[1,2](HbA1cImputeDtMnC >= 0.000 | Pt_SiblingT1D >= 0.000)
",0.000,0.000,0.000,1.000,0.000,0,0,1,0,0,1,1,0,0.0,0.0,1.0,0.0,0.0,1.0
"G[1,2](((Pt_FatherT1D <= 0.000 -> SMBGperDayPtMeterCombo <= 66.000) & Pt_GrandchildT1D >= 66.000) | Pt_SHFlg >= 66.000)
",0.000,0.000,0.000,1.000,0.000,0,0,1,0,0,1,1,0,0.0,0.0,1.0,0.0,0.0,1.0
"G[0,1]((Pt_DKAFlg >= 0.000 -> NumPumpBolusOrShortAct >= 0.000) & BUN <= 0.000)
",0.000,0.000,0.000,1.000,0.000,0,0,1,0,0,1,1,0,0.0,0.0,1.0,0.0,0.0,1.0
"G[2,2](DirectLDL >= 182.880 | Pt_SiblingT1D >= 0.000)
",0.000,0.000,0.000,1.000,0.000,0,0,1,0,0,1,1,0,0.0,0.0,1.0,0.0,0.0,1.0
"G[0,1](((Pt_GrandparentT1D <= 0.000 -> BldPrSys <= 0.000) & Pt_DKAFlg >= 0.000) -> bmiZscore >= 0.000)
",0.000,0.000,0.000,1.000,0.000,0,0,1,0,0,1,1,0,0.0,0.0,1.0,0.0,0.0,1.0
"G[0,1]((LDL >= 0.162 | AlbCreatRat_mggNew >= 0.000) & HDL >= 0.000)
",0.000,0.000,0.000,1.000,0.000,0,0,1,0,0,1,1,0,0.0,0.0,1.0,0.0,0.0,1.0
"G[0,2](HbA1cImputeDtMnC <= 0.000 -> DirectLDL <= 182.880)
",0.000,0.000,0.000,1.000,0.000,0,0,1,0,0,1,1,0,0.0,0.0,1.0,0.0,0.0,1.0
"G[2,2]((diabDur >= 27.000 & GFR >= -0.517) -> BGTestAvgNumMeter >= -0.517)
",0.000,0.000,0.000,1.000,0.000,0,0,1,0,0,1,1,0,0.0,0.0,1.0,0.0,0.0,1.0
"G[0,2](((LDL <= 0.162 | UnitsInsBasalOrLongAct >= 8.000) & TotChol >= 8.000) -> BldPrDia <= 8.000)
",0.000,0.000,0.000,1.000,0.000,0,0,1,0,0,1,1,0,0.0,0.0,1.0,0.0,0.0,1.0
"G[1,2](DirectLDL <= 182.880 | BGTestAvgNumMeter >= 0.000)
",0.000,0.000,0.000,1.000,0.000,0,0,1,0,0,1,1,0,0.0,0.0,1.0,0.0,0.0,1.0
"G[1,1](Triglyc <= 0.000 | GFR >= -0.517)
",0.000,0.000,0.000,1.000,0.000,0,0,1,0,0,1,1,0,0.0,0.0,1.0,0.0,0.0,1.0
"G[1,1](((HbA1c >= 0.000 & Pt_A1cGoalLev <= 23.000) -> diabDur >= 23.000) & WeightKg >= 23.000)
",0.000,0.000,0.000,1.000,0.000,0,0,1,0,0,1,1,0,0.0,0.0,1.0,0.0,0.0,1.0
"G[0,1](bmiZscore <= 0.000 | Pt_A1cGoalLevelDsYr5 >= 0.000)
",0.000,0.000,0.000,1.000,0.000,0,0,1,0,0,1,1,0,0.0,0.0,1.0,0.0,0.0,1.0
"G[0,2](((BUN <= 0.000 & BUN <= 0.000) | Pt_InsGov <= 0.000) & Pt_A1cGoalLev >= 0.000)
",0.000,0.000,0.000,1.000,0.000,0,0,1,0,0,1,1,0,0.0,0.0,1.0,0.0,0.0,1.0
"G[1,2]((age <= 0.000 -> BldPrDia <= 112.000) -> TSH <= 112.000)
",0.000,0.000,0.000,1.000,0.000,0,0,1,0,0,1,1,0,0.0,0.0,1.0,0.0,0.0,1.0
"G[1,1](((age >= 0.000 & TSH >= 0.000) & Pt_SiblingT1D >= 0.000) -> BGTestAvgNumPtRep <= 0.000)
",0.000,0.000,0.000,1.000,0.000,0,0,1,0,0,1,1,0,0.0,0.0,1.0,0.0,0.0,1.0
"G[0,2](HDL >= 0.000 | AlbCreatRat_mggNew >= 0.000)
",0.000,0.000,0.000,1.000,0.000,0,0,1,0,0,1,1,0,0.0,0.0,1.0,0.0,0.0,1.0
"G[0,1](((HeightCm <= 80.195 -> BldPrDia <= 112.000) -> SMBGperDayPtMeterCombo <= 112.000) & GFR >= 112.000)
",0.000,0.000,0.000,1.000,0.000,0,0,0,1,1,0,0,1,0.0,0.0,0.0,0.0,0.0,1.0
"G[0,1]((BldPrDia <= 112.000 & Triglyc >= 0.000) -> TotChol <= 0.000)
",0.000,0.000,0.000,1.000,0.000,0,0,1,0,0,1,1,0,0.0,0.0,1.0,0.0,0.0,1.0
"G[1,1](BldPrDia <= 112.000 | TotChol <= 0.000)
",0.000,0.000,0.000,1.000,0.000,0,0,1,0,0,1,1,0,0.0,0.0,1.0,0.0,0.0,1.0
"G[1,2](((BUN <= 0.000 -> Pt_SHFlg >= -0.498) & bmiPerc >= -0.498) & AlbCreatRat_mggNew <= -0.498)
",0.000,0.000,0.000,1.000,0.000,0,0,1,0,0,1,1,0,0.0,0.0,1.0,0.0,0.0,1.0
"G[0,1](((diagAgeCombo >= 0.000 | Pt_FatherT1D <= 0.000) -> TotalDailyInsPerKg <= 0.000) | bmi >= 0.000)
",0.000,0.000,0.000,1.000,0.000,0,0,1,0,0,1,1,0,0.0,0.0,1.0,0.0,0.0,1.0
"G[1,2](((bmiZscore >= 0.000 -> Pt_ChildT1D <= 0.000) | Pt_A1cGoalLevelDsYr5 <= 0.000) -> Triglyc <= 0.000)
",0.000,0.000,0.000,1.000,0.000,0,0,1,0,0,1,1,0,0.0,0.0,1.0,0.0,0.0,1.0
"G[1,2]((Pt_DKAFlg <= 0.000 & age <= 0.000) | Pt_MotherT1D >= 0.000)
",0.000,0.000,0.000,1.000,0.000,0,0,1,0,0,1,1,0,0.0,0.0,1.0,0.0,0.0,1.0
"G[0,1](((BGTestAvgNumPtRep <= 0.000 & LDL <= 0.162) & Pt_GrandparentT1D <= 0.162) | BldPrSys <= 0.162)
",0.000,0.000,0.000,1.000,0.000,0,0,1,0,0,1,1,0,0.0,0.0,1.0,0.0,0.0,1.0
"G[0,0]((diabDur <= 27.000 & HeightCm >= 80.195) -> WeightKg <= 80.195)
",0.000,0.000,0.000,1.000,0.000,0,0,0,1,1,0,0,1,0.0,0.0,0.0,0.0,0.0,1.0
"G[1,2](((Pt_ChildT1D <= 0.000 | Pt_DKAFlg >= 0.000) & BldPrDia >= 0.000) & BldPrSys <= 0.000)
",0.000,0.000,0.000,1.000,0.000,0,0,1,0,0,1,1,0,0.0,0.0,1.0,0.0,0.0,1.0
"G[0,1]((HbA1cImputeDtMnC >= 0.000 & BUN <= 0.000) | bmi >= 0.000)
",0.000,0.000,0.000,1.000,0.000,0,0,1,0,0,1,1,0,0.0,0.0,1.0,0.0,0.0,1.0
"G[0,2](TotalDailyInsPerKg <= 4.000 -> HbA1cImputeDtMnC >= 0.000)
",0.000,0.000,0.000,1.000,0.000,0,0,0,1,1,0,0,1,0.0,0.0,0.0,0.0,0.0,1.0
"G[2,2](LDL <= 0.162 & Pt_A1cGoalLev >= 23.000)
",0.000,0.000,0.000,1.000,0.000,0,0,1,0,0,1,1,0,0.0,0.0,1.0,0.0,0.0,1.0
"G[0,1]((Triglyc >= 0.000 & NumPumpBolusOrShortAct >= 0.000) -> Pt_A1cGoalLevelDsYr5 <= 0.000)
",0.000,0.000,0.000,1.000,0.000,0,0,1,0,0,1,1,0,0.0,0.0,1.0,0.0,0.0,1.0
"G[1,2](((Pt_GrandchildT1D >= 0.000 -> age <= 0.000) & Pt_DKAFlg >= 0.000) -> Pt_A1cGoalLev <= 0.000)
",0.000,0.000,0.000,1.000,0.000,0,0,1,0,0,1,1,0,0.0,0.0,1.0,0.0,0.0,1.0
"G[1,1](((diagAgeCombo >= 0.000 | BGTestAvgNumMeter <= 0.000) & BUN >= 0.000) & HDL <= 0.000)
",0.000,0.000,0.000,1.000,0.000,0,0,1,0,0,1,1,0,0.0,0.0,1.0,0.0,0.0,1.0
"G[0,2](((LDL <= 0.162 | Pt_InsGov <= 0.000) & TSH <= 0.000) -> Pt_GrandparentT1D <= 0.000)
",0.000,0.000,0.000,1.000,0.000,0,0,1,0,0,1,1,0,0.0,0.0,1.0,0.0,0.0,1.0
"G[0,1]((Pt_SiblingT1D <= 0.000 -> Pt_InsGov >= 0.000) -> AutonomicNeuroCl <= 0.000)
",0.000,0.000,0.000,1.000,0.000,0,0,1,0,0,1,1,0,0.0,0.0,1.0,0.0,0.0,1.0
"G[0,1]((Pt_SiblingT1D <= 0.000 & bmiPerc >= 23.978) & Pt_ChildT1D >= 23.978)
",0.000,0.000,0.000,1.000,0.000,0,0,0,1,1,0,0,1,0.0,0.0,0.0,0.0,0.0,1.0
"G[1,1](BGTestAvgNumPtRep >= 0.000 & Pt_A1cGoalLev >= 23.000)
",0.000,0.000,0.000,1.000,0.000,0,0,1,0,0,1,1,0,0.0,0.0,1.0,0.0,0.0,1.0
"G[0,1](Pt_DKAFlg >= 0.000 -> Pt_SHFlg = -0.498)
",0.000,0.000,0.000,1.000,0.000,0,0,0,1,1,0,0,1,0.0,0.0,0.0,0.0,0.0,1.0
"G[0,0](Pt_SHFlg <= -0.498 & Pt_SHFlg = -0.498)
",0.000,0.000,0.000,1.000,0.000,0,0,0,1,1,0,0,1,0.0,0.0,0.0,0.0,0.0,1.0
"G[0,1](Pt_MotherT1D >= 0.000 & Pt_SHFlg = -0.498)
",0.000,0.000,0.000,1.000,0.000,0,0,0,1,1,0,0,1,0.0,0.0,0.0,0.0,0.0,1.0
"G[0,2](Pt_CGMUseNumDays <= 23943.000 & Pt_SHFlg = -0.498)
",0.000,0.000,0.000,1.000,0.000,0,0,0,1,1,0,0,1,0.0,0.0,0.0,0.0,0.0,1.0
"G[1,1](AlbCreatRat_mggNew >= 0.000 -> Pt_SHFlg = -0.498)
",0.000,0.000,0.000,1.000,0.000,0,0,1,0,0,1,1,0,0.0,0.0,1.0,0.0,0.0,1.0
"G[0,1](AlbCreatRat_mggNew < 0.000 & Pt_SHFlg = -0.498)
",0.000,0.000,0.000,1.000,0.000,0,0,0,1,1,0,0,1,0.0,0.0,0.0,0.0,0.0,1.0
"G[1,2](age <= 0.000 & BldPrDia >= 112.000)
",0.000,0.000,0.000,1.000,0.000,0,0,1,0,0,1,1,0,0.0,0.0,1.0,0.0,0.0,1.0
"G[1,2](Pt_FatherT1D >= 0.000 -> Pt_SiblingT1D >= 0.000)
",0.000,0.000,0.000,1.000,0.000,0,0,1,0,0,1,1,0,0.0,0.0,1.0,0.0,0.0,1.0
"G[1,2](bmi <= 0.000 & HbA1c <= 0.000)
",0.000,0.000,0.000,1.000,0.000,0,0,1,0,0,1,1,0,0.0,0.0,1.0,0.0,0.0,1.0
"G[0,2]((LDL >= 0.162 -> BldPrDia <= 112.000) -> AlbCreatRat_mggNew >= 112.000)
",0.000,0.000,0.000,1.000,0.000,0,0,0,1,1,0,0,1,0.0,0.0,0.0,0.0,0.0,1.0
"G[0,1](((LDL >= 0.162 | Pt_CGMUseNumDays <= 23943.000) -> LDL <= 23943.000) -> Triglyc <= 23943.000)
",0.000,0.000,0.000,1.000,0.000,0,0,1,0,0,1,1,0,0.0,0.0,1.0,0.0,0.0,1.0
"G[2,2](Triglyc >= 0.000 & diagAgeCombo >= 0.000)
",0.000,0.000,0.000,1.000,0.000,0,0,1,0,0,1,1,0,0.0,0.0,1.0,0.0,0.0,1.0
"G[1,2]((Pt_A1cGoalLevelDsYr5 >= 0.000 & BldPrSys >= 0.000) & Triglyc <= 0.000)
",0.000,0.000,0.000,1.000,0.000,0,0,1,0,0,1,1,0,0.0,0.0,1.0,0.0,0.0,1.0
"G[1,2](((Pt_FatherT1D >= 0.000 | WeightKg <= 0.000) -> Pt_InsGov <= 0.000) -> AlbCreatRat_mggNew >= 0.000)
",0.000,0.000,0.000,1.000,0.000,0,0,1,0,0,1,1,0,0.0,0.0,1.0,0.0,0.0,1.0
"G[2,2](diabDur >= 27.000 & Pt_SHFlg = -0.498)
",0.000,0.000,0.000,1.000,0.000,0,0,1,0,0,1,1,0,0.0,0.0,1.0,0.0,0.0,1.0
"G[0,2](((Pt_GrandchildT1D <= 0.000 | Triglyc >= 0.000) & Pt_DKAFlg <= 0.000) -> TSH <= 0.000)
",0.000,0.000,0.000,1.000,0.000,0,0,1,0,0,1,1,0,0.0,0.0,1.0,0.0,0.0,1.0
"G[0,2]((Pt_A1cGoalLev >= 23.000 | bmiZscore <= 0.000) & diabDur >= 0.000)
",0.000,0.000,0.000,1.000,0.000,0,0,1,0,0,1,1,0,0.0,0.0,1.0,0.0,0.0,1.0
"G[0,0]((TotChol <= 0.000 & GFR <= -0.517) & UnitsInsBasalOrLongAct <= -0.517)
",0.000,0.000,0.000,1.000,0.000,0,0,0,1,1,0,0,1,0.0,0.0,0.0,0.0,0.0,1.0
"G[0,2](((diagAgeCombo <= 0.000 -> Pt_GrandparentT1D >= 0.000) & UnitsInsBasalOrLongAct <= 0.000) & HbA1c <= 0.000)
",0.000,0.000,0.000,1.000,0.000,0,0,0,1,1,0,0,1,0.0,0.0,0.0,0.0,0.0,1.0
"G[1,1](Pt_A1cGoalLevelDsYr5 <= 0.000 & BUN >= 0.000)
",0.000,0.000,0.000,1.000,0.000,0,0,1,0,0,1,1,0,0.0,0.0,1.0,0.0,0.0,1.0
"G[0,1](HeightCm <= 80.195 | Pt_InsGov <= 0.000)
",0.000,0.000,0.000,1.000,0.000,0,0,1,0,0,1,1,0,0.0,0.0,1.0,0.0,0.0,1.0
"G[2,2]((age <= 0.000 | Pt_DKAFlg >= 0.000) & Pt_FatherT1D <= 0.000)
",0.000,0.000,0.000,1.000,0.000,0,0,1,0,0,1,1,0,0.0,0.0,1.0,0.0,0.0,1.0
"G[1,2](((Pt_DKAFlg >= 0.000 & age <= 0.000) | Pt_FatherT1D <= 0.000) -> SMBGperDayPtMeterCombo >= 0.000)
",0.000,0.000,0.000,1.000,0.000,0,0,1,0,0,1,1,0,0.0,0.0,1.0,0.0,0.0,1.0
"G[2,2](((WeightKg >= 0.000 -> WeightKg <= 0.000) & AlbCreatRat_mggNew >= 0.000) | TSH >= 0.000)
",0.000,0.000,0.000,1.000,0.000,0,0,1,0,0,1,1,0,0.0,0.0,1.0,0.0,0.0,1.0
"G[0,1](diabDur >= 27.000 & DirectLDL >= 182.880)
",0.000,0.000,0.000,1.000,0.000,0,0,0,1,1,0,0,1,0.0,0.0,0.0,0.0,0.0,1.0
"G[0,1](AlbCreatRat_mggNew <= 0.000 | Pt_MotherT1D >= 0.000)
",0.000,0.000,0.000,1.000,0.000,0,0,1,0,0,1,1,0,0.0,0.0,1.0,0.0,0.0,1.0
"G[0,2](((Pt_CGMUseNumDays <= 23943.000 -> AutonomicNeuroCl <= 10.800) & BGTestAvgNumPtRep <= 10.800) & BGTestAvgNumMeter <= 10.800)
",0.000,0.000,0.000,1.000,0.000,0,0,1,0,0,1,1,0,0.0,0.0,1.0,0.0,0.0,1.0
"G[0,2](((HeightCm >= 80.195 & Triglyc <= 0.000) -> BGTestAvgNumMeter >= 0.000) -> Pt_FatherT1D >= 0.000)
",0.000,0.000,0.000,1.000,0.000,0,0,1,0,0,1,1,0,0.0,0.0,1.0,0.0,0.0,1.0
"G[1,1](Pt_A1cGoalLevelDsYr5 >= 0.000 -> Pt_SHFlg = -0.498)
",0.000,0.000,0.000,1.000,0.000,0,0,1,0,0,1,1,0,0.0,0.0,1.0,0.0,0.0,1.0
"G[1,2](AutonomicNeuroCl < 10.800 & Pt_SHFlg = -0.498)
",0.000,0.000,0.000,1.000,0.000,0,0,1,0,0,1,1,0,0.0,0.0,1.0,0.0,0.0,1.0
"G[1,2]((bmiPerc >= 23.978 & Pt_SiblingT1D <= 0.000) & Pt_FatherT1D >= 0.000)
",0.000,0.000,0.000,1.000,0.000,0,0,1,0,0,1,1,0,0.0,0.0,1.0,0.0,0.0,1.0
"G[1,2]((WeightKg >= 0.000 | bmi >= 0.000) -> UnitsInsBasalOrLongAct <= 8.000)
",0.000,0.000,0.000,1.000,0.000,0,0,1,0,0,1,1,0,0.0,0.0,1.0,0.0,0.0,1.0
"G[1,2](SMBGperDayPtMeterCombo >= 66.000 & BGTestAvgNumPtRep >= 0.000)
",0.000,0.000,0.000,1.000,0.000,0,0,1,0,0,1,1,0,0.0,0.0,1.0,0.0,0.0,1.0
"G[0,1](GFR <= -0.517 -> BUN >= 0.000)
",0.000,0.000,0.000,1.000,0.000,0,0,1,0,0,1,1,0,0.0,0.0,1.0,0.0,0.0,1.0
"G[1,2]((WeightKg >= 0.000 | bmi >= 0.000) -> UnitsInsBasalOrLongAct <= 8.000)
",0.000,0.000,0.000,1.000,0.000,0,0,1,0,0,1,1,0,0.0,0.0,1.0,0.0,0.0,1.0
"G[0,0](SMBGperDayPtMeterCombo >= 66.000 & BGTestAvgNumPtRep >= 0.000)
",0.000,0.000,0.000,1.000,0.000,0,0,0,1,1,0,0,1,0.0,0.0,0.0,0.0,0.0,1.0
"G[0,1](GFR <= -0.517 -> BUN >= 0.000)
",0.000,0.000,0.000,1.000,0.000,0,0,1,0,0,1,1,0,0.0,0.0,1.0,0.0,0.0,1.0
"G[1,2]((WeightKg >= 0.000 | bmi >= 0.000) -> UnitsInsBasalOrLongAct <= 8.000)
",0.000,0.000,0.000,1.000,0.000,0,0,1,0,0,1,1,0,0.0,0.0,1.0,0.0,0.0,1.0
"G[1,2](SMBGperDayPtMeterCombo >= 66.000 & BGTestAvgNumPtRep >= 0.000)
",0.000,0.000,0.000,1.000,0.000,0,0,1,0,0,1,1,0,0.0,0.0,1.0,0.0,0.0,1.0
"G[0,2](GFR <= -0.517 -> BUN >= 0.000)
",0.000,0.000,0.000,1.000,0.000,0,0,1,0,0,1,1,0,0.0,0.0,1.0,0.0,0.0,1.0
"G[1,2]((WeightKg >= 0.000 | bmi >= 0.000) -> UnitsInsBasalOrLongAct <= 8.000)
",0.000,0.000,0.000,1.000,0.000,0,0,1,0,0,1,1,0,0.0,0.0,1.0,0.0,0.0,1.0
"G[1,1](SMBGperDayPtMeterCombo >= 66.000 & BGTestAvgNumPtRep >= 0.000)
",0.000,0.000,0.000,1.000,0.000,0,0,1,0,0,1,1,0,0.0,0.0,1.0,0.0,0.0,1.0
"G[2,2](GFR <= -0.517 -> BUN >= 0.000)
",0.000,0.000,0.000,1.000,0.000,0,0,1,0,0,1,1,0,0.0,0.0,1.0,0.0,0.0,1.0
"G[2,2](SMBGperDayPtMeterCombo >= 66.000 & BGTestAvgNumPtRep >= 0.000)
",0.000,0.000,0.000,1.000,0.000,0,0,1,0,0,1,1,0,0.0,0.0,1.0,0.0,0.0,1.0
"G[0,1](GFR <= -0.517 -> BUN >= 0.000)
",0.000,0.000,0.000,1.000,0.000,0,0,1,0,0,1,1,0,0.0,0.0,1.0,0.0,0.0,1.0
"G[2,2](SMBGperDayPtMeterCombo >= 66.000 & BGTestAvgNumPtRep >= 0.000)
",0.000,0.000,0.000,1.000,0.000,0,0,1,0,0,1,1,0,0.0,0.0,1.0,0.0,0.0,1.0
"G[0,2](Pt_SHFlg >= -0.498 & Pt_SHFlg = -0.498)
",0.000,0.000,0.000,1.000,0.000,0,0,0,1,1,0,0,1,0.0,0.0,0.0,0.0,0.0,1.0
"G[2,2](GFR <= -0.517 -> BUN >= 0.000)
",0.000,0.000,0.000,1.000,0.000,0,0,1,0,0,1,1,0,0.0,0.0,1.0,0.0,0.0,1.0
"G[1,2](SMBGperDayPtMeterCombo >= 66.000 & BGTestAvgNumPtRep >= 0.000)
",0.000,0.000,0.000,1.000,0.000,0,0,1,0,0,1,1,0,0.0,0.0,1.0,0.0,0.0,1.0
"G[2,2]((WeightKg >= 0.000 | bmi >= 0.000) -> UnitsInsBasalOrLongAct <= 8.000)
",0.000,0.000,0.000,1.000,0.000,0,0,1,0,0,1,1,0,0.0,0.0,1.0,0.0,0.0,1.0
"G[0,2](SMBGperDayPtMeterCombo >= 66.000 & BGTestAvgNumPtRep >= 0.000)
",0.000,0.000,0.000,1.000,0.000,0,0,0,1,1,0,0,1,0.0,0.0,0.0,0.0,0.0,1.0
"G[1,1](GFR <= -0.517 -> BUN >= 0.000)
",0.000,0.000,0.000,1.000,0.000,0,0,1,0,0,1,1,0,0.0,0.0,1.0,0.0,0.0,1.0
"G[0,2]((WeightKg >= 0.000 | bmi >= 0.000) -> UnitsInsBasalOrLongAct <= 8.000)
",0.000,0.000,0.000,1.000,0.000,0,0,1,0,0,1,1,0,0.0,0.0,1.0,0.0,0.0,1.0
"G[0,2](SMBGperDayPtMeterCombo >= 66.000 & BGTestAvgNumPtRep >= 0.000)
",0.000,0.000,0.000,1.000,0.000,0,0,0,1,1,0,0,1,0.0,0.0,0.0,0.0,0.0,1.0
"G[0,2](GFR <= -0.517 -> BUN >= 0.000)
",0.000,0.000,0.000,1.000,0.000,0,0,1,0,0,1,1,0,0.0,0.0,1.0,0.0,0.0,1.0
"G[0,1]((WeightKg >= 0.000 | bmi >= 0.000) -> UnitsInsBasalOrLongAct <= 8.000)
",0.000,0.000,0.000,1.000,0.000,0,0,1,0,0,1,1,0,0.0,0.0,1.0,0.0,0.0,1.0
"G[2,2](BUN > 0.000 & Pt_SHFlg = -0.498)
",0.000,0.000,0.000,1.000,0.000,0,0,1,0,0,1,1,0,0.0,0.0,1.0,0.0,0.0,1.0
"G[0,2](BGTestAvgNumMeter >= 0.000 -> Pt_SHFlg = -0.498)
",0.000,0.000,0.000,1.000,0.000,0,0,0,1,1,0,0,1,0.0,0.0,0.0,0.0,0.0,1.0
"G[0,0](Pt_MotherT1D <= 0.000 & Pt_SHFlg = -0.498)
",0.000,0.000,0.000,1.000,0.000,0,0,0,1,1,0,0,1,0.0,0.0,0.0,0.0,0.0,1.0
"G[1,1](Pt_SHFlg < -0.498 & Pt_SHFlg = -0.498)
",0.000,0.000,0.000,1.000,0.000,0,0,1,0,0,1,1,0,0.0,0.0,1.0,0.0,0.0,1.0
"G[2,2](Pt_GrandchildT1D <= 0.000 & bmiZscore <= 0.000)
",0.000,0.000,0.000,1.000,0.000,0,0,1,0,0,1,1,0,0.0,0.0,1.0,0.0,0.0,1.0
"G[1,2](((TSH <= 0.000 -> Triglyc >= 0.000) & HeightCm <= 0.000) & BGTestAvgNumPtRep >= 0.000)
",0.000,0.000,0.000,1.000,0.000,0,0,1,0,0,1,1,0,0.0,0.0,1.0,0.0,0.0,1.0
"G[0,2](((UnitsInsBasalOrLongAct <= 8.000 -> HbA1cImputeDtMnC <= 0.000) & Pt_DKAFlg <= 0.000) & SMBGperDayPtMeterCombo >= 0.000)
",0.000,0.000,0.000,1.000,0.000,0,0,1,0,0,1,1,0,0.0,0.0,1.0,0.0,0.0,1.0
"G[1,2](((Pt_GrandchildT1D >= 0.000 -> HeightCm <= 80.195) & Pt_A1cGoalLevelDsYr5 <= 80.195) & Pt_MotherT1D <= 80.195)
",0.000,0.000,0.000,1.000,0.000,0,0,1,0,0,1,1,0,0.0,0.0,1.0,0.0,0.0,1.0
"G[0,2](Pt_DKAFlg <= 0.000 | HeightCm >= 80.195)
",0.000,0.000,0.000,1.000,0.000,0,0,1,0,0,1,1,0,0.0,0.0,1.0,0.0,0.0,1.0
"G[0,1]((HbA1cImputeDtMnC <= 0.000 -> Pt_MotherT1D >= 0.000) -> Pt_InsGov >= 0.000)
",0.000,0.000,0.000,1.000,0.000,0,0,1,0,0,1,1,0,0.0,0.0,1.0,0.0,0.0,1.0
"G[1,2](((Pt_GrandchildT1D >= 0.000 | Pt_A1cGoalLev <= 23.000) -> bmiPerc >= 23.000) | HDL <= 23.000)
",0.000,0.000,0.000,1.000,0.000,0,0,1,0,0,1,1,0,0.0,0.0,1.0,0.0,0.0,1.0
"G[0,2](((bmi >= 0.000 -> HDL <= 0.000) | NumPumpBolusOrShortAct <= 0.000) | BGTestAvgNumMeter <= 0.000)
",0.000,0.000,0.000,1.000,0.000,0,0,1,0,0,1,1,0,0.0,0.0,1.0,0.0,0.0,1.0
"G[2,2](((BldPrSys >= 0.000 | UnitsInsBasalOrLongAct <= 8.000) -> Pt_DKAFlg <= 8.000) & SMBGperDayPtMeterCombo <= 8.000)
",0.000,0.000,0.000,1.000,0.000,0,0,1,0,0,1,1,0,0.0,0.0,1.0,0.0,0.0,1.0
"G[1,2](HeightCm <= 80.195 -> HeightCm <= 80.195)
",0.000,0.000,0.000,1.000,0.000,0,0,1,0,0,1,1,0,0.0,0.0,1.0,0.0,0.0,1.0
"G[2,2](HbA1cImputeDtMnC >= 0.000 | TotalDailyInsPerKg <= 4.000)
",0.000,0.000,0.000,1.000,0.000,0,0,1,0,0,1,1,0,0.0,0.0,1.0,0.0,0.0,1.0
"G[2,2](((bmiZscore <= 0.000 | Pt_FatherT1D <= 0.000) & Pt_ChildT1D <= 0.000) & Pt_FatherT1D <= 0.000)
",0.000,0.000,0.000,1.000,0.000,0,0,1,0,0,1,1,0,0.0,0.0,1.0,0.0,0.0,1.0
"G[0,2](diagAgeCombo <= 0.000 -> HeightCm <= 80.195)
",0.000,0.000,0.000,1.000,0.000,0,0,1,0,0,1,1,0,0.0,0.0,1.0,0.0,0.0,1.0
"G[1,2](Pt_A1cGoalLev >= 23.000 | Pt_A1cGoalLev >= 23.000)
",0.000,0.000,0.000,1.000,0.000,0,0,1,0,0,1,1,0,0.0,0.0,1.0,0.0,0.0,1.0
"G[0,1](((UnitsInsBasalOrLongAct >= 8.000 | bmiPerc <= 23.978) & BUN >= 23.978) | WeightKg >= 23.978)
",0.000,0.000,0.000,1.000,0.000,0,0,1,0,0,1,1,0,0.0,0.0,1.0,0.0,0.0,1.0
"G[0,2]((bmiPerc <= 23.978 -> Pt_DKAFlg <= 0.000) & AutonomicNeuroCl >= 0.000)
",0.000,0.000,0.000,1.000,0.000,0,0,1,0,0,1,1,0,0.0,0.0,1.0,0.0,0.0,1.0
"G[0,2]((SMBGperDayPtMeterCombo >= 66.000 -> Triglyc >= 0.000) & Triglyc <= 0.000)
",0.000,0.000,0.000,1.000,0.000,0,0,1,0,0,1,1,0,0.0,0.0,1.0,0.0,0.0,1.0
"G[0,2]((BGTestAvgNumMeter >= 0.000 -> bmi <= 0.000) & BGTestAvgNumMeter <= 0.000)
",0.000,0.000,0.000,1.000,0.000,0,0,0,1,1,0,0,1,0.0,0.0,0.0,0.0,0.0,1.0
"G[2,2](((Pt_A1cGoalLev >= 23.000 & Pt_InsGov >= 0.000) -> Pt_ChildT1D <= 0.000) -> AutonomicNeuroCl >= 0.000)
",0.000,0.000,0.000,1.000,0.000,0,0,1,0,0,1,1,0,0.0,0.0,1.0,0.0,0.0,1.0
"G[1,2]((AlbCreatRat_mggNew >= 0.000 | BUN <= 0.000) | bmi >= 0.000)
",0.000,0.000,0.000,1.000,0.000,0,0,1,0,0,1,1,0,0.0,0.0,1.0,0.0,0.0,1.0
"G[1,2](AlbCreatRat_mggNew <= 0.000 & Pt_SiblingT1D >= 0.000)
",0.000,0.000,0.000,1.000,0.000,0,0,1,0,0,1,1,0,0.0,0.0,1.0,0.0,0.0,1.0
"G[0,2](((bmiPerc >= 23.978 -> NumPumpBolusOrShortAct <= 0.000) & Pt_A1cGoalLev >= 0.000) | HDL >= 0.000)
",0.000,0.000,0.000,1.000,0.000,0,0,1,0,0,1,1,0,0.0,0.0,1.0,0.0,0.0,1.0
"G[1,2](Pt_CGMUseNumDays >= 23943.000 | Pt_InsGov <= 0.000)
",0.000,0.000,0.000,1.000,0.000,0,0,1,0,0,1,1,0,0.0,0.0,1.0,0.0,0.0,1.0
"G[2,2](((Pt_FatherT1D <= 0.000 & diagAgeCombo >= 0.000) | bmiPerc <= 0.000) & bmi <= 0.000)
",0.000,0.000,0.000,1.000,0.000,0,0,1,0,0,1,1,0,0.0,0.0,1.0,0.0,0.0,1.0
"G[0,1]((Triglyc <= 0.000 & TotalDailyInsPerKg <= 4.000) & AutonomicNeuroCl >= 4.000)
",0.000,0.000,0.000,1.000,0.000,0,0,0,1,1,0,0,1,0.0,0.0,0.0,0.0,0.0,1.0
"G[0,2](DirectLDL <= 182.880 | BldPrSys >= 0.000)
",0.000,0.000,0.000,1.000,0.000,0,0,1,0,0,1,1,0,0.0,0.0,1.0,0.0,0.0,1.0
"G[1,1](((LDL <= 0.162 | Pt_FatherT1D >= 0.000) & Pt_GrandchildT1D >= 0.000) -> TSH <= 0.000)
",0.000,0.000,0.000,1.000,0.000,0,0,1,0,0,1,1,0,0.0,0.0,1.0,0.0,0.0,1.0
"G[0,1](((TSH <= 0.000 & age <= 0.000) & UnitsInsBasalOrLongAct <= 0.000) -> HeightCm <= 0.000)
",0.000,0.000,0.000,1.000,0.000,0,0,1,0,0,1,1,0,0.0,0.0,1.0,0.0,0.0,1.0
"G[2,2](Pt_GrandparentT1D >= 0.000 & Pt_FatherT1D <= 0.000)
",0.000,0.000,0.000,1.000,0.000,0,0,1,0,0,1,1,0,0.0,0.0,1.0,0.0,0.0,1.0
"G[0,1](GFR <= -0.517 -> BUN >= 0.000)
",0.000,0.000,0.000,1.000,0.000,0,0,1,0,0,1,1,0,0.0,0.0,1.0,0.0,0.0,1.0
"G[1,2](((HbA1cImputeDtMnC <= 0.000 & Pt_A1cGoalLev <= 23.000) | bmi <= 23.000) | SMBGperDayPtMeterCombo >= 23.000)
",0.000,0.000,0.000,1.000,0.000,0,0,1,0,0,1,1,0,0.0,0.0,1.0,0.0,0.0,1.0
"G[1,1](Pt_GrandparentT1D <= 0.000 & BldPrSys <= 0.000)
",0.000,0.000,0.000,1.000,0.000,0,0,1,0,0,1,1,0,0.0,0.0,1.0,0.0,0.0,1.0
"G[1,2](((Pt_ChildT1D <= 0.000 & NumPumpBolusOrShortAct >= 0.000) & AlbCreatRat_mggNew <= 0.000) -> Pt_FatherT1D >= 0.000)
",0.000,0.000,0.000,1.000,0.000,0,0,1,0,0,1,1,0,0.0,0.0,1.0,0.0,0.0,1.0
"G[2,2](Pt_MotherT1D <= 0.000 | WeightKg >= 0.000)
",0.000,0.000,0.000,1.000,0.000,0,0,1,0,0,1,1,0,0.0,0.0,1.0,0.0,0.0,1.0
"G[0,2](((bmiZscore <= 0.000 -> GFR <= -0.517) & bmi <= -0.517) | WeightKg <= -0.517)
",0.000,0.000,0.000,1.000,0.000,0,0,0,1,1,0,0,1,0.0,0.0,0.0,0.0,0.0,1.0
"G[0,1](((Pt_A1cGoalLevelDsYr5 >= 0.000 & BGTestAvgNumMeter <= 0.000) -> age <= 0.000) | Pt_GrandchildT1D >= 0.000)
",0.000,0.000,0.000,1.000,0.000,0,0,1,0,0,1,1,0,0.0,0.0,1.0,0.0,0.0,1.0
"G[1,2](((Pt_GrandparentT1D <= 0.000 | Pt_A1cGoalLev >= 23.000) | AutonomicNeuroCl <= 23.000) | HbA1cImputeDtMnC <= 23.000)
",0.000,0.000,0.000,1.000,0.000,0,0,1,0,0,1,1,0,0.0,0.0,1.0,0.0,0.0,1.0
"G[2,2]((NumPumpBolusOrShortAct <= 0.000 & BldPrDia <= 112.000) & Pt_A1cGoalLevelDsYr5 <= 112.000)
",0.000,0.000,0.000,1.000,0.000,0,0,1,0,0,1,1,0,0.0,0.0,1.0,0.0,0.0,1.0
"G[0,1](TSH <= 0.000 & UnitsInsBasalOrLongAct >= 8.000)
",0.000,0.000,0.000,1.000,0.000,0,0,0,1,1,0,0,1,0.0,0.0,0.0,0.0,0.0,1.0
"G[2,2](HbA1cImputeDtMnC <= 0.000 -> TotChol >= 0.000)
",0.000,0.000,0.000,1.000,0.000,0,0,1,0,0,1,1,0,0.0,0.0,1.0,0.0,0.0,1.0
"G[1,1]((bmiPerc >= 23.978 | Pt_GrandparentT1D <= 0.000) -> bmiPerc <= 0.000)
",0.000,0.000,0.000,1.000,0.000,0,0,1,0,0,1,1,0,0.0,0.0,1.0,0.0,0.0,1.0
"G[0,2](((Triglyc >= 0.000 & Pt_GrandchildT1D >= 0.000) & Pt_ChildT1D >= 0.000) & BGTestAvgNumPtRep >= 0.000)
",0.000,0.000,0.000,1.000,0.000,0,0,1,0,0,1,1,0,0.0,0.0,1.0,0.0,0.0,1.0
"G[0,1](BldPrSys <= 0.000 -> TSH <= 0.000)
",0.000,0.000,0.000,1.000,0.000,0,0,1,0,0,1,1,0,0.0,0.0,1.0,0.0,0.0,1.0
"G[0,2]((HeightCm <= 80.195 | bmi <= 0.000) -> SMBGperDayPtMeterCombo >= 0.000)
",0.000,0.000,0.000,1.000,0.000,0,0,1,0,0,1,1,0,0.0,0.0,1.0,0.0,0.0,1.0
"G[0,1]((Pt_InsGov >= 0.000 & AlbCreatRat_mggNew >= 0.000) | Pt_A1cGoalLevelDsYr5 <= 0.000)
",0.000,0.000,0.000,1.000,0.000,0,0,1,0,0,1,1,0,0.0,0.0,1.0,0.0,0.0,1.0
"G[0,0]((TotalDailyInsPerKg <= 4.000 -> TotChol >= 0.000) -> diabDur <= 0.000)
",0.000,0.000,0.000,1.000,0.000,0,0,0,1,1,0,0,1,0.0,0.0,0.0,0.0,0.0,1.0
"G[0,1](Pt_CGMUseNumDays >= 23943.000 -> HbA1c >= 0.000)
",0.000,0.000,0.000,1.000,0.000,0,0,1,0,0,1,1,0,0.0,0.0,1.0,0.0,0.0,1.0
"G[0,1](TotChol >= 0.000 & HeightCm <= 80.195)
",0.000,0.000,0.000,1.000,0.000,0,0,0,1,1,0,0,1,0.0,0.0,0.0,0.0,0.0,1.0
"G[1,2]((TSH >= 0.000 | diagAgeCombo >= 0.000) | AlbCreatRat_mggNew >= 0.000)
",0.000,0.000,0.000,1.000,0.000,0,0,1,0,0,1,1,0,0.0,0.0,1.0,0.0,0.0,1.0
"G[1,1](BUN <= 0.000 -> GFR <= -0.517)
",0.000,0.000,0.000,1.000,0.000,0,0,1,0,0,1,1,0,0.0,0.0,1.0,0.0,0.0,1.0
"G[1,1](((Pt_FatherT1D <= 0.000 -> WeightKg >= 0.000) -> Pt_MotherT1D <= 0.000) & diabDur >= 0.000)
",0.000,0.000,0.000,1.000,0.000,0,0,1,0,0,1,1,0,0.0,0.0,1.0,0.0,0.0,1.0
"G[0,2]((HbA1cImputeDtMnC >= 0.000 | TotChol >= 0.000) | Pt_MotherT1D >= 0.000)
",0.000,0.000,0.000,1.000,0.000,0,0,1,0,0,1,1,0,0.0,0.0,1.0,0.0,0.0,1.0
"G[0,2](HDL <= 0.000 & TotChol <= 0.000)
",0.000,0.000,0.000,1.000,0.000,0,0,1,0,0,1,1,0,0.0,0.0,1.0,0.0,0.0,1.0
"G[0,2](Pt_GrandchildT1D <= 0.000 & SMBGperDayPtMeterCombo >= 66.000)
",0.000,0.000,0.000,1.000,0.000,0,0,0,1,1,0,0,1,0.0,0.0,0.0,0.0,0.0,1.0
"G[1,1]((Triglyc >= 0.000 -> BldPrSys <= 0.000) & BUN <= 0.000)
",0.000,0.000,0.000,1.000,0.000,0,0,1,0,0,1,1,0,0.0,0.0,1.0,0.0,0.0,1.0
"G[0,2](BldPrSys <= 0.000 -> diagAgeCombo >= 0.000)
",0.000,0.000,0.000,1.000,0.000,0,0,1,0,0,1,1,0,0.0,0.0,1.0,0.0,0.0,1.0
"G[0,1](((WeightKg <= 0.000 & Pt_A1cGoalLevelDsYr5 <= 0.000) & Pt_FatherT1D <= 0.000) & Pt_GrandchildT1D >= 0.000)
",0.000,0.000,0.000,1.000,0.000,0,0,0,1,1,0,0,1,0.0,0.0,0.0,0.0,0.0,1.0
"G[0,1]((TotalDailyInsPerKg <= 4.000 | Pt_A1cGoalLev <= 23.000) & DirectLDL >= 23.000)
",0.000,0.000,0.000,1.000,0.000,0,0,0,1,1,0,0,1,0.0,0.0,0.0,0.0,0.0,1.0
"G[0,1](((LDL >= 0.162 -> BGTestAvgNumMeter <= 0.000) | diagAgeCombo >= 0.000) | diagAgeCombo <= 0.000)
",0.000,0.000,0.000,1.000,0.000,0,0,1,0,0,1,1,0,0.0,0.0,1.0,0.0,0.0,1.0
"G[0,1](SMBGperDayPtMeterCombo <= 66.000 | BGTestAvgNumPtRep <= 0.000)
",0.000,0.000,0.000,1.000,0.000,0,0,1,0,0,1,1,0,0.0,0.0,1.0,0.0,0.0,1.0
"G[0,2]((Pt_CGMUseNumDays >= 23943.000 -> AutonomicNeuroCl >= 10.800) & Pt_A1cGoalLev <= 10.800)
",0.000,0.000,0.000,1.000,0.000,0,0,1,0,0,1,1,0,0.0,0.0,1.0,0.0,0.0,1.0
"G[1,2](((BUN >= 0.000 -> Pt_InsGov <= 0.000) | BldPrDia <= 0.000) & Pt_MotherT1D <= 0.000)
",0.000,0.000,0.000,1.000,0.000,0,0,1,0,0,1,1,0,0.0,0.0,1.0,0.0,0.0,1.0
"G[1,1](Pt_GrandparentT1D <= 0.000 & Triglyc >= 0.000)
",0.000,0.000,0.000,1.000,0.000,0,0,1,0,0,1,1,0,0.0,0.0,1.0,0.0,0.0,1.0
"G[0,2]((Triglyc <= 0.000 & Pt_CGMUseNumDays <= 23943.000) -> HeightCm <= 23943.000)
",0.000,0.000,0.000,1.000,0.000,0,0,1,0,0,1,1,0,0.0,0.0,1.0,0.0,0.0,1.0
