Rule,Discrimination Score,Pos Robustness,Neg Robustness,Percent Class +,Percent Class -,TP,TN,FP,FN,Actual Yes,Actual No,Predicted Yes,Predicted No,TPR/Sens,TNR/Spec,FPR,Precision,Accuracy,MCR,Class
"G[0,1](BGTestAvgNumMeter >= 0.054 -> bmi >= 16.944)
",9999999.000,9999999.000,0.000,1.000,0.000,3,0,0,0,3,0,3,0,1.0,0.0,0.0,1.0,1.0,0.0,1
"G[0,1](GFR <= 0.000 -> BUN >= 0.000)
",9999999.000,9999999.000,0.000,1.000,0.000,3,0,0,0,3,0,3,0,1.0,0.0,0.0,1.0,1.0,0.0,1
"F[0,1](((Pt_GrandchildT1D >= 0.000 -> HbA1c <= 9.111) & TSH >= 7.605) | Pt_SHFlg >= 7.895)
",-9999999.000,-9999999.000,0.000,0.000,1.000,3,0,0,0,3,0,3,0,1.0,0.0,0.0,1.0,1.0,0.0,-1
"F[0,1]((Pt_CGMUseNumDays <= 0.000 | BldPrDia <= 65.885) -> NumPumpBolusOrShortAct >= 57.001)
",-9999999.000,-9999999.000,0.000,0.000,1.000,3,0,0,0,3,0,3,0,1.0,0.0,0.0,1.0,1.0,0.0,-1
"F[1,1]((BGTestAvgNumMeter <= 1.534 -> Triglyc >= 56.647) & TotalDailyInsPerKg >= 6.462)
",-6.462,-6.462,0.000,0.000,1.000,3,0,0,0,3,0,3,0,1.0,0.0,0.0,1.0,1.0,0.0,-1
"G[0,1]((diabDur <= 4.988 | LDL >= 34.477) -> TotalDailyInsPerKg <= 61.771)
",9999999.000,9999999.000,0.000,1.000,0.000,3,0,0,0,3,0,3,0,1.0,0.0,0.0,1.0,1.0,0.0,1
"((BGTestAvgNumMeter >= 0.230) U[1,1] (BGTestAvgNumPtRep <= 3.545))
",7983412216530349.000,3.545,0.000,0.000,1.000,3,0,0,0,3,0,3,0,1.0,0.0,0.0,1.0,1.0,0.0,-1
"G[0,1]((BGTestAvgNumPtRep <= 3.372 & BldPrSys <= 122.750) | Pt_InsGov <= 123.984)
",9999999.000,9999999.000,0.000,1.000,0.000,3,0,0,0,3,0,3,0,1.0,0.0,0.0,1.0,1.0,0.0,1
"G[0,1]((AlbCreatRat_mggNew >= 8.675 | Triglyc >= 60.209) -> GFR <= 167.165)
",9999999.000,9999999.000,0.000,1.000,0.000,3,0,0,0,3,0,3,0,1.0,0.0,0.0,1.0,1.0,0.0,1
"G[0,1](HbA1c >= 8.231 | TotalDailyInsPerKg >= 0.245)
",9999999.000,9999999.000,0.000,1.000,0.000,3,0,0,0,3,0,3,0,1.0,0.0,0.0,1.0,1.0,0.0,1
"G[0,1](((BldPrSys <= 115.440 | NumPumpBolusOrShortAct <= 1.028) | GFR <= 1.471) & bmiPerc <= 1.050)
",9999999.000,9999999.000,0.000,1.000,0.000,3,0,0,0,3,0,3,0,1.0,0.0,0.0,1.0,1.0,0.0,1
"G[0,1](((Pt_ChildT1D >= 0.000 | Pt_SHFlg >= 0.000) | bmiPerc <= 0.000) & DirectLDL <= 0.000)
",9999999.000,9999999.000,0.000,1.000,0.000,3,0,0,0,3,0,3,0,1.0,0.0,0.0,1.0,1.0,0.0,1
"G[1,1]((HDL <= 33.520 -> UnitsInsBasalOrLongAct <= 21.255) -> BldPrDia >= 12.578)
",12.578,12.578,0.000,1.000,0.000,3,0,0,0,3,0,3,0,1.0,0.0,0.0,1.0,1.0,0.0,1
"G[0,1](GFR <= 0.000 -> BUN >= 0.000)
",9999999.000,9999999.000,0.000,1.000,0.000,3,0,0,0,3,0,3,0,1.0,0.0,0.0,1.0,1.0,0.0,1
"G[0,0](((AlbCreatRat_mggNew >= 8.423 -> HeightCm <= 151.676) & AutonomicNeuroCl <= 152.633) & age <= 143.842)
",-9.613,-112.876,0.000,1.000,0.000,3,0,0,0,3,0,3,0,1.0,0.0,0.0,1.0,1.0,0.0,1
"G[0,1](((TotalDailyInsPerKg <= 1.228 -> Pt_GrandchildT1D >= 0.000) -> BGTestAvgNumMeter >= 0.000) -> AutonomicNeuroCl <= 0.000)
",9999999.000,9999999.000,0.000,1.000,0.000,3,0,0,0,3,0,3,0,1.0,0.0,0.0,1.0,1.0,0.0,1
"G[0,0](((BldPrSys <= 121.747 | HbA1c >= 8.759) | SMBGperDayPtMeterCombo <= 9.182) -> bmiZscore <= 9.769)
",-121.747,-121.747,0.000,1.000,0.000,3,0,0,0,3,0,3,0,1.0,0.0,0.0,1.0,1.0,0.0,1
"F[0,0](((Pt_DKAFlg <= 0.000 | Pt_MotherT1D <= 0.000) & SMBGperDayPtMeterCombo <= 0.000) & Pt_FatherT1D >= 0.000)
",-82.058,-67.000,0.000,0.000,1.000,3,0,0,0,3,0,3,0,1.0,0.0,0.0,1.0,1.0,0.0,-1
"F[0,0]((BldPrSys <= 122.895 | BGTestAvgNumPtRep <= 3.960) & BUN >= 1.072)
",0.683,30.928,0.000,0.000,1.000,3,0,0,0,3,0,3,0,1.0,0.0,0.0,1.0,1.0,0.0,-1
"F[0,1]((BGTestAvgNumPtRep >= 0.200 | NumPumpBolusOrShortAct <= 1.319) -> WeightKg <= 1.860)
",-9999999.000,-9999999.000,0.000,0.000,1.000,3,0,0,0,3,0,3,0,1.0,0.0,0.0,1.0,1.0,0.0,-1
"F[1,1]((BldPrDia <= 65.270 -> TSH >= 0.883) & HbA1c <= 3.693)
",-65.270,-65.270,0.000,0.000,1.000,3,0,0,0,3,0,3,0,1.0,0.0,0.0,1.0,1.0,0.0,-1
"F[1,1](((BldPrDia <= 65.931 | bmi <= 18.983) & Pt_DKAFlg <= 18.530) & LDL >= 17.565)
",-17.565,-17.565,0.000,0.000,1.000,3,0,0,0,3,0,3,0,1.0,0.0,0.0,1.0,1.0,0.0,-1
"F[0,1](((BGTestAvgNumMeter >= 0.034 -> Pt_InsGov <= 0.995) -> GFR <= 0.538) -> diagAgeCombo <= 0.986)
",-9999999.000,-9999999.000,0.000,0.000,1.000,3,0,0,0,3,0,3,0,1.0,0.0,0.0,1.0,1.0,0.0,-1
"F[0,0]((Pt_FatherT1D <= 0.000 & Pt_DKAFlg <= 0.000) -> BldPrSys <= 0.000)
",0.000,0.000,0.000,0.000,1.000,3,0,0,0,3,0,3,0,1.0,0.0,0.0,1.0,1.0,0.0,-1
"F[0,0]((BldPrSys >= 107.100 | diabDur <= 6.612) & Pt_MotherT1D >= 2.818)
",-3.235,-4.865,0.000,0.000,1.000,3,0,0,0,3,0,3,0,1.0,0.0,0.0,1.0,1.0,0.0,-1
"F[0,0]((age <= 11.187 & BldPrSys >= 113.398) & Pt_GrandchildT1D >= 112.109)
",-113.398,-113.398,0.000,0.000,1.000,3,0,0,0,3,0,3,0,1.0,0.0,0.0,1.0,1.0,0.0,-1
"F[0,1]((diabDur <= 5.961 & UnitsInsBasalOrLongAct <= 17.085) & Pt_CGMUseNumDays >= 14.335)
",-9999999.000,-9999999.000,0.000,0.000,1.000,3,0,0,0,3,0,3,0,1.0,0.0,0.0,1.0,1.0,0.0,-1
"F[0,1](HDL <= 48.457 & Triglyc >= 6.363)
",-9999999.000,-9999999.000,0.000,0.000,1.000,3,0,0,0,3,0,3,0,1.0,0.0,0.0,1.0,1.0,0.0,-1
"F[1,1](((BUN <= 0.000 | HbA1c >= 8.628) | Pt_A1cGoalLevelDsYr5 <= 9.500) -> Pt_MotherT1D >= 8.414)
",-9.500,-9.500,0.000,0.000,1.000,3,0,0,0,3,0,3,0,1.0,0.0,0.0,1.0,1.0,0.0,-1
"F[0,1]((BGTestAvgNumPtRep <= 2.955 | AlbCreatRat_mggNew >= 3.632) & Pt_SiblingT1D >= 2.936)
",-9999999.000,-9999999.000,0.000,0.000,1.000,3,0,0,0,3,0,3,0,1.0,0.0,0.0,1.0,1.0,0.0,-1
"F[0,1](((AlbCreatRat_mggNew <= 11.560 -> HDL >= 4.196) | LDL >= 16.452) & bmiPerc >= 7.225)
",-9999999.000,-9999999.000,0.000,0.000,1.000,3,0,0,0,3,0,3,0,1.0,0.0,0.0,1.0,1.0,0.0,-1
"F[0,1]((UnitsInsBasalOrLongAct >= 9.336 -> Triglyc >= 6.381) & BUN >= 32.746)
",-9999999.000,-9999999.000,0.000,0.000,1.000,3,0,0,0,3,0,3,0,1.0,0.0,0.0,1.0,1.0,0.0,-1
"F[0,0]((Pt_InsGov >= 0.137 & TotChol <= 173.665) & Pt_SHFlg >= 27.611)
",-0.717,-10.070,0.000,0.000,1.000,3,0,0,0,3,0,3,0,1.0,0.0,0.0,1.0,1.0,0.0,-1
"F[0,0](((BldPrSys <= 118.191 & HbA1cImputeDtMnC <= 48.297) -> SMBGperDayPtMeterCombo >= 1.033) -> AutonomicNeuroCl >= 11.823)
",5.429,3.356,0.000,0.000,1.000,3,0,0,0,3,0,3,0,1.0,0.0,0.0,1.0,1.0,0.0,-1
"F[0,1]((Pt_CGMUseNumDays >= 0.000 & Pt_CGMUseNumDays >= 0.000) & BldPrSys <= 0.000)
",-9999999.000,-9999999.000,0.000,0.000,1.000,3,0,0,0,3,0,3,0,1.0,0.0,0.0,1.0,1.0,0.0,-1
"G[0,1]((BldPrDia <= 65.725 | bmi >= 16.699) | Pt_GrandparentT1D <= 19.900)
",9999999.000,9999999.000,0.000,1.000,0.000,3,0,0,0,3,0,3,0,1.0,0.0,0.0,1.0,1.0,0.0,1
"F[0,0](((bmiPerc >= 0.486 -> HeightCm <= 145.336) -> NumPumpBolusOrShortAct <= 153.177) & age >= 140.953)
",-324.231,-152.844,0.000,0.000,1.000,3,0,0,0,3,0,3,0,1.0,0.0,0.0,1.0,1.0,0.0,-1
"G[0,1](((Pt_A1cGoalLevelDsYr5 >= 0.000 -> GFR <= 0.000) -> HbA1c <= 0.000) | Pt_SHFlg <= 0.000)
",9999999.000,9999999.000,0.000,1.000,0.000,3,0,0,0,3,0,3,0,1.0,0.0,0.0,1.0,1.0,0.0,1
"G[0,0]((Pt_A1cGoalLevelDsYr5 <= 0.000 & Pt_CGMUseNumDays >= 0.000) -> Triglyc >= 0.000)
",-0.707,-58.000,0.000,1.000,0.000,3,0,0,0,3,0,3,0,1.0,0.0,0.0,1.0,1.0,0.0,1
"G[0,1](((HeightCm >= 127.126 & HbA1c >= 8.224) | BldPrSys >= 8.046) -> BldPrSys >= 7.618)
",9999999.000,9999999.000,0.000,1.000,0.000,3,0,0,0,3,0,3,0,1.0,0.0,0.0,1.0,1.0,0.0,1
"G[0,0](((LDL >= 40.863 -> Triglyc <= 86.252) | AutonomicNeuroCl <= 101.879) -> AutonomicNeuroCl <= 162.869)
",-249.744,-154.402,0.000,1.000,0.000,3,0,0,0,3,0,3,0,1.0,0.0,0.0,1.0,1.0,0.0,1
"G[0,1](TSH > 0.949 -> Pt_SHFlg = 0.000)
",9999999.000,9999999.000,0.000,1.000,0.000,3,0,0,0,3,0,3,0,1.0,0.0,0.0,1.0,1.0,0.0,1
"G[0,1](Pt_A1cGoalLev <= 0.000 & Pt_SHFlg = 0.000)
",9999999.000,9999999.000,0.000,1.000,0.000,3,0,0,0,3,0,3,0,1.0,0.0,0.0,1.0,1.0,0.0,1
"G[0,1]((SMBGperDayPtMeterCombo <= 4.298 & WeightKg <= 46.074) | HbA1c <= 48.077)
",9999999.000,9999999.000,0.000,1.000,0.000,3,0,0,0,3,0,3,0,1.0,0.0,0.0,1.0,1.0,0.0,1
"G[0,0](((age >= 8.533 | bmiPerc <= 0.674) -> HeightCm >= 0.510) & Pt_A1cGoalLev <= 0.717)
",-3.261,-38.290,0.000,1.000,0.000,3,0,0,0,3,0,3,0,1.0,0.0,0.0,1.0,1.0,0.0,1
"G[0,1](Pt_SiblingT1D >= 0.000 | BGTestAvgNumMeter <= 3.891)
",9999999.000,9999999.000,0.000,1.000,0.000,3,0,0,0,3,0,3,0,1.0,0.0,0.0,1.0,1.0,0.0,1
"G[0,0](Pt_MotherT1D <= 0.000 | BGTestAvgNumMeter <= 3.124)
",0.707,1.041,0.000,1.000,0.000,3,0,0,0,3,0,3,0,1.0,0.0,0.0,1.0,1.0,0.0,1
"G[1,1](bmiPerc <= 0.710 -> Pt_SHFlg = 0.000)
",-0.710,-0.710,0.000,1.000,0.000,3,0,0,0,3,0,3,0,1.0,0.0,0.0,1.0,1.0,0.0,1
"G[0,1]((bmiPerc <= 0.686 | Pt_MotherT1D >= 0.000) | Pt_A1cGoalLev >= 0.000)
",9999999.000,9999999.000,0.000,1.000,0.000,3,0,0,0,3,0,3,0,1.0,0.0,0.0,1.0,1.0,0.0,1
"G[1,1](((Pt_DKAFlg >= 0.000 & Pt_A1cGoalLev <= 0.000) -> HeightCm <= 0.000) -> Pt_CGMUseNumDays <= 0.000)
",0.000,0.000,0.000,1.000,0.000,3,0,0,0,3,0,3,0,1.0,0.0,0.0,1.0,1.0,0.0,1
"G[0,0]((HDL >= 20.396 & Pt_InsGov >= 0.125) -> AutonomicNeuroCl >= 0.053)
",-13.609,-8.414,0.000,1.000,0.000,3,0,0,0,3,0,3,0,1.0,0.0,0.0,1.0,1.0,0.0,1
"G[0,1](BGTestAvgNumMeter >= 0.545 -> diabDur >= 2.682)
",9999999.000,9999999.000,0.000,1.000,0.000,3,0,0,0,3,0,3,0,1.0,0.0,0.0,1.0,1.0,0.0,1
"G[0,1]((HeightCm >= 139.581 -> DirectLDL >= 0.000) | bmiZscore <= 0.000)
",9999999.000,9999999.000,0.000,1.000,0.000,3,0,0,0,3,0,3,0,1.0,0.0,0.0,1.0,1.0,0.0,1
"G[1,1](Pt_CGMUseNumDays >= 0.000 | Pt_CGMUseNumDays <= 0.000)
",0.000,0.000,0.000,1.000,0.000,3,0,0,0,3,0,3,0,1.0,0.0,0.0,1.0,1.0,0.0,1
"G[1,1](((AlbCreatRat_mggNew <= 9.755 -> LDL <= 70.235) | TotalDailyInsPerKg <= 48.377) | Pt_SHFlg <= 67.978)
",67.978,67.978,0.000,1.000,0.000,3,0,0,0,3,0,3,0,1.0,0.0,0.0,1.0,1.0,0.0,1
"G[1,1](((BldPrDia >= 61.147 | LDL >= 7.242) -> DirectLDL <= 59.157) | Pt_SiblingT1D <= 97.248)
",97.248,97.248,0.000,1.000,0.000,3,0,0,0,3,0,3,0,1.0,0.0,0.0,1.0,1.0,0.0,1
"G[1,1]((BldPrDia <= 67.456 -> BldPrSys <= 116.133) -> SMBGperDayPtMeterCombo <= 124.975)
",-124.975,-124.975,0.000,1.000,0.000,3,0,0,0,3,0,3,0,1.0,0.0,0.0,1.0,1.0,0.0,1
"G[0,1](((bmi >= 15.387 | HeightCm <= 143.000) & TotalDailyInsPerKg >= 141.009) -> age >= 139.311)
",9999999.000,9999999.000,0.000,1.000,0.000,3,0,0,0,3,0,3,0,1.0,0.0,0.0,1.0,1.0,0.0,1
"G[0,1](((HDL >= 6.726 & Pt_GrandchildT1D >= 0.000) -> WeightKg >= 0.000) | BldPrDia <= 0.000)
",9999999.000,9999999.000,0.000,1.000,0.000,3,0,0,0,3,0,3,0,1.0,0.0,0.0,1.0,1.0,0.0,1
"G[1,1](((Pt_SHFlg >= 0.000 & UnitsInsBasalOrLongAct >= 5.745) & Pt_DKAFlg >= 0.640) -> HDL <= 19.795)
",-19.795,-19.795,0.000,1.000,0.000,3,0,0,0,3,0,3,0,1.0,0.0,0.0,1.0,1.0,0.0,1
"G[0,1](((BGTestAvgNumMeter >= 0.810 -> TSH >= 1.142) | Pt_A1cGoalLev <= 2.908) -> Pt_FatherT1D <= 2.857)
",9999999.000,9999999.000,0.000,1.000,0.000,3,0,0,0,3,0,3,0,1.0,0.0,0.0,1.0,1.0,0.0,1
"G[0,1](((age >= 10.659 -> TotChol <= 139.314) | BUN >= 72.989) | bmi <= 192.560)
",9999999.000,9999999.000,0.000,1.000,0.000,3,0,0,0,3,0,3,0,1.0,0.0,0.0,1.0,1.0,0.0,1
"G[0,1](bmi >= 17.733 | Pt_InsGov <= 0.533)
",9999999.000,9999999.000,0.000,1.000,0.000,3,0,0,0,3,0,3,0,1.0,0.0,0.0,1.0,1.0,0.0,1
"G[0,1](GFR <= 0.000 -> BUN >= 0.000)
",9999999.000,9999999.000,0.000,1.000,0.000,3,0,0,0,3,0,3,0,1.0,0.0,0.0,1.0,1.0,0.0,1
"G[0,1]((BGTestAvgNumPtRep <= 4.423 & bmiZscore <= 0.288) -> Pt_SHFlg <= 0.374)
",9999999.000,9999999.000,0.000,1.000,0.000,3,0,0,0,3,0,3,0,1.0,0.0,0.0,1.0,1.0,0.0,1
"G[0,1]((age <= 10.761 -> bmiZscore >= -0.006) -> Pt_SiblingT1D <= 0.449)
",9999999.000,9999999.000,0.000,1.000,0.000,3,0,0,0,3,0,3,0,1.0,0.0,0.0,1.0,1.0,0.0,1
"G[0,1]((BGTestAvgNumMeter >= 0.370 -> diagAgeCombo <= 6.000) & AutonomicNeuroCl <= 6.000)
",9999999.000,9999999.000,0.000,1.000,0.000,3,0,0,0,3,0,3,0,1.0,0.0,0.0,1.0,1.0,0.0,1
"G[0,0](((bmiPerc >= 0.546 & Pt_InsGov <= 0.803) | TSH <= 0.684) -> NumPumpBolusOrShortAct <= 0.554)
",-7232791710978299.000,-0.803,0.000,1.000,0.000,3,0,0,0,3,0,3,0,1.0,0.0,0.0,1.0,1.0,0.0,1
"G[0,1]((BGTestAvgNumPtRep <= 4.361 | BUN >= 0.000) & Pt_CGMUseNumDays <= 0.000)
",9999999.000,9999999.000,0.000,1.000,0.000,3,0,0,0,3,0,3,0,1.0,0.0,0.0,1.0,1.0,0.0,1
"G[1,1](((TotChol >= 94.785 | BldPrDia <= 67.200) -> TotalDailyInsPerKg >= 59.280) | bmi <= 65.269)
",65.269,65.269,0.000,1.000,0.000,3,0,0,0,3,0,3,0,1.0,0.0,0.0,1.0,1.0,0.0,1
"G[0,1](((HeightCm <= 153.948 -> Pt_InsGov >= 0.011) & Pt_FatherT1D >= 0.122) | Pt_SHFlg <= 0.926)
",9999999.000,9999999.000,0.000,1.000,0.000,3,0,0,0,3,0,3,0,1.0,0.0,0.0,1.0,1.0,0.0,1
"G[0,1]((WeightKg >= 35.567 | bmi >= 15.766) -> UnitsInsBasalOrLongAct <= 27.753)
",9999999.000,9999999.000,0.000,1.000,0.000,2,0,0,1,3,0,2,1,0.6666666666666666,0.0,0.0,1.0,0.6666666666666666,0.33333333333333337,1
"F[0,1](((Pt_A1cGoalLevelDsYr5 >= 0.000 & BGTestAvgNumPtRep <= 4.137) -> HbA1c >= 0.525) -> NumPumpBolusOrShortAct >= 0.229)
",-9999999.000,-9999999.000,0.000,0.000,1.000,2,0,0,1,3,0,2,1,0.6666666666666666,0.0,0.0,1.0,0.6666666666666666,0.33333333333333337,-1
"G[0,0](TotalDailyInsPerKg >= 0.768 | TotChol >= 100.721)
",1.485,3.899,0.000,1.000,0.000,2,0,0,1,3,0,2,1,0.6666666666666666,0.0,0.0,1.0,0.6666666666666666,0.33333333333333337,1
"G[0,1](((HeightCm <= 145.038 & TotChol <= 146.841) & Pt_SiblingT1D <= 189.273) -> bmiPerc >= 27.372)
",9999999.000,9999999.000,0.000,1.000,0.000,2,0,0,1,3,0,2,1,0.6666666666666666,0.0,0.0,1.0,0.6666666666666666,0.33333333333333337,1
"F[0,0]((BGTestAvgNumMeter >= 0.289 | HeightCm >= 139.760) | HbA1c >= 137.886)
",1.386,18.044,0.000,0.000,1.000,2,0,0,1,3,0,2,1,0.6666666666666666,0.0,0.0,1.0,0.6666666666666666,0.33333333333333337,-1
"F[0,0](LDL <= 65.371 & Pt_SHFlg = 0.000)
",-1.463,-43.939,0.000,0.000,1.000,2,0,0,1,3,0,2,1,0.6666666666666666,0.0,0.0,1.0,0.6666666666666666,0.33333333333333337,-1
"((NumPumpBolusOrShortAct >= 0.132) U[1,1] (TotChol >= 51.696))
",-0.132,-0.132,0.000,0.000,1.000,2,0,0,1,3,0,2,1,0.6666666666666666,0.0,0.0,1.0,0.6666666666666666,0.33333333333333337,-1
"F[0,0](HDL <= 36.226 & WeightKg <= 40.218)
",0.054,2.554,0.000,0.000,1.000,2,0,0,1,3,0,2,1,0.6666666666666666,0.0,0.0,1.0,0.6666666666666666,0.33333333333333337,-1
"F[1,1](UnitsInsBasalOrLongAct < 24.044 & Pt_SHFlg = 0.000)
",0.000,0.000,0.000,0.000,1.000,2,0,0,1,3,0,2,1,0.6666666666666666,0.0,0.0,1.0,0.6666666666666666,0.33333333333333337,-1
"F[0,1]((AlbCreatRat_mggNew <= 15.340 & HeightCm <= 144.918) | Pt_SiblingT1D >= 132.308)
",-9999999.000,-9999999.000,0.000,0.000,1.000,2,0,0,1,3,0,2,1,0.6666666666666666,0.0,0.0,1.0,0.6666666666666666,0.33333333333333337,-1
"F[0,1](((BldPrSys >= 114.110 -> TotalDailyInsPerKg >= 0.339) -> Pt_GrandparentT1D >= 0.285) & bmiZscore <= 1.089)
",-9999999.000,-9999999.000,0.000,0.000,1.000,2,0,0,1,3,0,2,1,0.6666666666666666,0.0,0.0,1.0,0.6666666666666666,0.33333333333333337,-1
"((BldPrSys <= 120.332) U[1,1] (TotChol <= 150.577))
",150.577,150.577,0.000,0.000,1.000,2,0,0,1,3,0,2,1,0.6666666666666666,0.0,0.0,1.0,0.6666666666666666,0.33333333333333337,-1
"F[0,1](((HbA1cImputeDtMnC <= 48.824 & HDL <= 30.480) | HbA1c >= 11.399) | age >= 20.076)
",-9999999.000,-9999999.000,0.000,0.000,1.000,2,0,0,1,3,0,2,1,0.6666666666666666,0.0,0.0,1.0,0.6666666666666666,0.33333333333333337,-1
"((HDL >= 1.428) U[1,1] (Pt_InsGov >= 0.017))
",-0.017,-0.017,0.000,0.000,1.000,2,0,0,1,3,0,2,1,0.6666666666666666,0.0,0.0,1.0,0.6666666666666666,0.33333333333333337,-1
"((age >= 9.740) U[1,1] (TSH >= 1.038))
",-1.038,-1.038,0.000,0.000,1.000,2,0,0,1,3,0,2,1,0.6666666666666666,0.0,0.0,1.0,0.6666666666666666,0.33333333333333337,-1
"((TotChol <= 181.910) U[1,1] (TSH <= 2.614))
",181.910,181.910,0.000,0.000,1.000,2,0,0,1,3,0,2,1,0.6666666666666666,0.0,0.0,1.0,0.6666666666666666,0.33333333333333337,-1
"((LDL <= 80.570) U[1,2] (diabDur >= 3.141))
",-9999999.000,-9999999.000,0.000,0.000,1.000,2,0,0,1,3,0,2,1,0.6666666666666666,0.0,0.0,1.0,0.6666666666666666,0.33333333333333337,-1
"G[0,1]((NumPumpBolusOrShortAct >= 0.422 | UnitsInsBasalOrLongAct >= 15.405) | TotalDailyInsPerKg >= 14.386)
",9999999.000,9999999.000,0.000,1.000,0.000,2,0,0,1,3,0,2,1,0.6666666666666666,0.0,0.0,1.0,0.6666666666666666,0.33333333333333337,1
"G[0,1](bmiPerc <= 0.617 -> SMBGperDayPtMeterCombo >= 3.299)
",9999999.000,9999999.000,0.000,1.000,0.000,2,0,0,1,3,0,2,1,0.6666666666666666,0.0,0.0,1.0,0.6666666666666666,0.33333333333333337,1
"G[0,1](bmi <= 19.985 -> Triglyc >= 1.573)
",9999999.000,9999999.000,0.000,1.000,0.000,2,0,0,1,3,0,2,1,0.6666666666666666,0.0,0.0,1.0,0.6666666666666666,0.33333333333333337,1
"G[0,0](diabDur >= 2.837 & Pt_ChildT1D <= 0.000)
",0.000,0.000,0.000,1.000,0.000,2,0,0,1,3,0,2,1,0.6666666666666666,0.0,0.0,1.0,0.6666666666666666,0.33333333333333337,1
"G[0,0](SMBGperDayPtMeterCombo >= 2.885 & BGTestAvgNumPtRep >= 0.242)
",-8711314671684843.000,-0.242,0.000,1.000,0.000,2,0,0,1,3,0,2,1,0.6666666666666666,0.0,0.0,1.0,0.6666666666666666,0.33333333333333337,1
"G[1,1](HDL <= 45.482 & Pt_GrandparentT1D >= 0.000)
",0.000,0.000,0.000,1.000,0.000,2,0,0,1,3,0,2,1,0.6666666666666666,0.0,0.0,1.0,0.6666666666666666,0.33333333333333337,1
"G[0,1](((AlbCreatRat_mggNew >= 1.050 | BldPrSys >= 111.319) & Pt_FatherT1D <= 119.146) | TotalDailyInsPerKg >= 108.676)
",9999999.000,9999999.000,0.000,1.000,0.000,2,0,0,1,3,0,2,1,0.6666666666666666,0.0,0.0,1.0,0.6666666666666666,0.33333333333333337,1
"G[1,1]((age <= 11.219 -> HbA1cImputeDtMnC >= 31.116) | Pt_DKAFlg >= 37.064)
",-11.219,-11.219,0.000,1.000,0.000,2,0,0,1,3,0,2,1,0.6666666666666666,0.0,0.0,1.0,0.6666666666666666,0.33333333333333337,1
"G[0,1](age <= 11.527 -> TotalDailyInsPerKg >= 0.543)
",9999999.000,9999999.000,0.000,1.000,0.000,2,0,0,1,3,0,2,1,0.6666666666666666,0.0,0.0,1.0,0.6666666666666666,0.33333333333333337,1
"G[0,1](age <= 10.850 | AlbCreatRat_mggNew >= 4.588)
",9999999.000,9999999.000,0.000,1.000,0.000,2,0,0,1,3,0,2,1,0.6666666666666666,0.0,0.0,1.0,0.6666666666666666,0.33333333333333337,1
"G[0,1]((bmi <= 20.032 & diabDur <= 6.269) & Pt_SHFlg <= 6.582)
",9999999.000,9999999.000,0.000,1.000,0.000,2,0,0,1,3,0,2,1,0.6666666666666666,0.0,0.0,1.0,0.6666666666666666,0.33333333333333337,1
"G[1,1]((BldPrSys >= 111.773 | LDL <= 50.321) -> UnitsInsBasalOrLongAct >= 7.414)
",-7082061695185637.000,-50.321,0.000,1.000,0.000,2,0,0,1,3,0,2,1,0.6666666666666666,0.0,0.0,1.0,0.6666666666666666,0.33333333333333337,1
"G[0,1]((HbA1cImputeDtMnC <= 47.392 -> TSH >= 0.623) -> Triglyc >= 1.410)
",9999999.000,9999999.000,0.000,1.000,0.000,2,0,0,1,3,0,2,1,0.6666666666666666,0.0,0.0,1.0,0.6666666666666666,0.33333333333333337,1
"G[1,1]((HbA1c <= 8.952 | HDL >= 14.127) | Pt_MotherT1D >= 12.977)
",8.952,8.952,0.000,1.000,0.000,2,0,0,1,3,0,2,1,0.6666666666666666,0.0,0.0,1.0,0.6666666666666666,0.33333333333333337,1
"G[0,0](((LDL >= 19.763 -> SMBGperDayPtMeterCombo <= 4.448) & Pt_GrandchildT1D <= 3.803) | AutonomicNeuroCl >= 3.086)
",8.703,5.380,0.000,1.000,0.000,2,0,0,1,3,0,2,1,0.6666666666666666,0.0,0.0,1.0,0.6666666666666666,0.33333333333333337,1
"G[0,1](((bmi >= 16.325 & Pt_SiblingT1D <= 0.000) & Pt_SiblingT1D >= 0.000) & BUN >= 0.000)
",9999999.000,9999999.000,0.000,1.000,0.000,2,0,0,1,3,0,2,1,0.6666666666666666,0.0,0.0,1.0,0.6666666666666666,0.33333333333333337,1
"G[0,1](BGTestAvgNumPtRep <= 4.438 | LDL <= 81.640)
",9999999.000,9999999.000,0.000,1.000,0.000,2,0,0,1,3,0,2,1,0.6666666666666666,0.0,0.0,1.0,0.6666666666666666,0.33333333333333337,1
"G[1,1](diabDur <= 5.410 | TotalDailyInsPerKg <= 1.271)
",5.410,5.410,0.000,1.000,0.000,2,0,0,1,3,0,2,1,0.6666666666666666,0.0,0.0,1.0,0.6666666666666666,0.33333333333333337,1
"G[0,1](((bmiPerc <= 0.660 & HDL <= 32.734) & TotalDailyInsPerKg <= 46.778) -> TotChol >= 12.462)
",9999999.000,9999999.000,0.000,1.000,0.000,2,0,0,1,3,0,2,1,0.6666666666666666,0.0,0.0,1.0,0.6666666666666666,0.33333333333333337,1
"F[0,1]((BldPrSys <= 118.934 | bmiPerc <= 0.726) -> LDL >= 0.532)
",-9999999.000,-9999999.000,0.000,0.000,1.000,1,0,0,2,3,0,1,2,0.3333333333333333,0.0,0.0,1.0,0.3333333333333333,0.6666666666666667,-1
"F[0,1]((diabDur <= 6.640 | Triglyc <= 105.803) -> Triglyc >= 16.271)
",-9999999.000,-9999999.000,0.000,0.000,1.000,1,0,0,2,3,0,1,2,0.3333333333333333,0.0,0.0,1.0,0.3333333333333333,0.6666666666666667,-1
"((NumPumpBolusOrShortAct <= 1.515) U[0,1] (TotalDailyInsPerKg >= 0.806))
",-9999999.000,-9999999.000,0.000,0.000,1.000,1,0,0,2,3,0,1,2,0.3333333333333333,0.0,0.0,1.0,0.3333333333333333,0.6666666666666667,-1
"((BGTestAvgNumMeter >= 0.263) U[0,1] (BGTestAvgNumPtRep <= 3.308))
",-9999999.000,-9999999.000,0.000,0.000,1.000,1,0,0,2,3,0,1,2,0.3333333333333333,0.0,0.0,1.0,0.3333333333333333,0.6666666666666667,-1
"F[0,1](Pt_SiblingT1D <= 0.000 -> bmiPerc >= 0.578)
",-9999999.000,-9999999.000,0.000,0.000,1.000,1,0,0,2,3,0,1,2,0.3333333333333333,0.0,0.0,1.0,0.3333333333333333,0.6666666666666667,-1
"F[1,1]((BldPrDia <= 66.379 | Pt_InsGov <= 0.706) | DirectLDL >= 0.127)
",66.379,66.379,0.000,0.000,1.000,1,0,0,2,3,0,1,2,0.3333333333333333,0.0,0.0,1.0,0.3333333333333333,0.6666666666666667,-1
"F[0,1]((BGTestAvgNumMeter <= 2.505 | bmiZscore >= 0.101) -> LDL >= 0.137)
",-9999999.000,-9999999.000,0.000,0.000,1.000,1,0,0,2,3,0,1,2,0.3333333333333333,0.0,0.0,1.0,0.3333333333333333,0.6666666666666667,-1
"F[1,1](bmiZscore <= 0.309 | LDL >= 4.001)
",0.309,0.309,0.000,0.000,1.000,1,0,0,2,3,0,1,2,0.3333333333333333,0.0,0.0,1.0,0.3333333333333333,0.6666666666666667,-1
"F[0,1]((BGTestAvgNumMeter <= 4.555 & Pt_InsGov >= 0.136) | TSH >= 0.152)
",-9999999.000,-9999999.000,0.000,0.000,1.000,1,0,0,2,3,0,1,2,0.3333333333333333,0.0,0.0,1.0,0.3333333333333333,0.6666666666666667,-1
"F[1,1](WeightKg <= 48.797 & Pt_SHFlg = 0.000)
",0.000,0.000,0.000,0.000,1.000,1,0,0,2,3,0,1,2,0.3333333333333333,0.0,0.0,1.0,0.3333333333333333,0.6666666666666667,-1
"F[0,0]((NumPumpBolusOrShortAct <= 0.912 & BldPrDia <= 66.989) & SMBGperDayPtMeterCombo <= 67.303)
",-5.515,-47.011,0.000,0.000,1.000,1,0,0,2,3,0,1,2,0.3333333333333333,0.0,0.0,1.0,0.3333333333333333,0.6666666666666667,-1
"((age >= 9.549) U[1,2] (BldPrDia >= 58.981))
",-9999999.000,-9999999.000,0.000,0.000,1.000,1,0,0,2,3,0,1,2,0.3333333333333333,0.0,0.0,1.0,0.3333333333333333,0.6666666666666667,-1
"((HbA1cImputeDtMnC >= 22.015) U[0,1] (bmiPerc <= 0.619))
",-9999999.000,-9999999.000,0.000,0.000,1.000,1,0,0,2,3,0,1,2,0.3333333333333333,0.0,0.0,1.0,0.3333333333333333,0.6666666666666667,-1
"((age <= 12.184) U[0,1] (UnitsInsBasalOrLongAct >= 15.298))
",-9999999.000,-9999999.000,0.000,0.000,1.000,1,0,0,2,3,0,1,2,0.3333333333333333,0.0,0.0,1.0,0.3333333333333333,0.6666666666666667,-1
"F[0,1]((Pt_GrandchildT1D <= 0.000 | TotalDailyInsPerKg >= 0.186) & bmiPerc >= 0.563)
",-9999999.000,-9999999.000,0.000,0.000,1.000,1,0,0,2,3,0,1,2,0.3333333333333333,0.0,0.0,1.0,0.3333333333333333,0.6666666666666667,-1
"((age >= 8.558) U[1,1] (Pt_DKAFlg >= 0.000))
",0.000,0.000,0.000,0.000,1.000,1,0,0,2,3,0,1,2,0.3333333333333333,0.0,0.0,1.0,0.3333333333333333,0.6666666666666667,-1
"((NumPumpBolusOrShortAct < 1.282) U[1,1] (Pt_SHFlg = 0.000))
",1.282,1.282,0.000,0.000,1.000,1,0,0,2,3,0,1,2,0.3333333333333333,0.0,0.0,1.0,0.3333333333333333,0.6666666666666667,-1
"((age <= 12.451) U[1,2] (NumPumpBolusOrShortAct <= 1.257))
",-9999999.000,-9999999.000,0.000,0.000,1.000,1,0,0,2,3,0,1,2,0.3333333333333333,0.0,0.0,1.0,0.3333333333333333,0.6666666666666667,-1
"((BGTestAvgNumMeter >= 0.773) U[1,2] (BGTestAvgNumPtRep <= 3.385))
",-9999999.000,-9999999.000,0.000,0.000,1.000,1,0,0,2,3,0,1,2,0.3333333333333333,0.0,0.0,1.0,0.3333333333333333,0.6666666666666667,-1
"F[1,1](Pt_InsGov >= 0.114 | HDL <= 30.122)
",30.122,30.122,0.000,0.000,1.000,1,0,0,2,3,0,1,2,0.3333333333333333,0.0,0.0,1.0,0.3333333333333333,0.6666666666666667,-1
"F[0,1]((BGTestAvgNumMeter <= 4.269 -> LDL >= 12.258) -> HbA1c >= 31.514)
",-9999999.000,-9999999.000,0.000,0.000,1.000,1,0,0,2,3,0,1,2,0.3333333333333333,0.0,0.0,1.0,0.3333333333333333,0.6666666666666667,-1
"F[0,0](Pt_InsGov <= 0.387 -> HbA1c <= 9.547)
",-4.513,-8.254,0.000,0.000,1.000,1,0,0,2,3,0,1,2,0.3333333333333333,0.0,0.0,1.0,0.3333333333333333,0.6666666666666667,-1
"((NumPumpBolusOrShortAct >= 0.419) U[0,1] (TSH >= 1.073))
",-9999999.000,-9999999.000,0.000,0.000,1.000,1,0,0,2,3,0,1,2,0.3333333333333333,0.0,0.0,1.0,0.3333333333333333,0.6666666666666667,-1
"F[0,1]((bmiPerc >= 0.470 & WeightKg >= 35.546) & BGTestAvgNumMeter <= 45.989)
",-9999999.000,-9999999.000,0.000,0.000,1.000,1,0,0,2,3,0,1,2,0.3333333333333333,0.0,0.0,1.0,0.3333333333333333,0.6666666666666667,-1
"F[0,0]((BGTestAvgNumMeter >= 0.564 | BGTestAvgNumPtRep <= 3.739) | diabDur <= 2.920)
",1.745,19.204,0.000,0.000,1.000,1,0,0,2,3,0,1,2,0.3333333333333333,0.0,0.0,1.0,0.3333333333333333,0.6666666666666667,-1
"F[1,1](((TotalDailyInsPerKg >= 0.160 & UnitsInsBasalOrLongAct >= 15.463) & bmiPerc <= 28.980) & age >= 1.080)
",-15.463,-15.463,0.000,0.000,1.000,1,0,0,2,3,0,1,2,0.3333333333333333,0.0,0.0,1.0,0.3333333333333333,0.6666666666666667,-1
"((HbA1cImputeDtMnC >= 5.050) U[1,2] (HbA1cImputeDtMnC <= 45.156))
",-9999999.000,-9999999.000,0.000,0.000,1.000,1,0,0,2,3,0,1,2,0.3333333333333333,0.0,0.0,1.0,0.3333333333333333,0.6666666666666667,-1
"((HeightCm >= 135.628) U[1,2] (UnitsInsBasalOrLongAct >= 4.613))
",-9999999.000,-9999999.000,0.000,0.000,1.000,1,0,0,2,3,0,1,2,0.3333333333333333,0.0,0.0,1.0,0.3333333333333333,0.6666666666666667,-1
"F[0,1]((LDL <= 50.132 & BUN <= 0.000) & Pt_MotherT1D <= 0.000)
",-9999999.000,-9999999.000,0.000,0.000,1.000,1,0,0,2,3,0,1,2,0.3333333333333333,0.0,0.0,1.0,0.3333333333333333,0.6666666666666667,-1
"((diabDur >= 2.366) U[1,2] (Pt_InsGov <= 0.433))
",-9999999.000,-9999999.000,0.000,0.000,1.000,1,0,0,2,3,0,1,2,0.3333333333333333,0.0,0.0,1.0,0.3333333333333333,0.6666666666666667,-1
"F[0,1]((Pt_A1cGoalLev >= 0.000 | Pt_SHFlg <= 0.000) -> TSH <= 0.000)
",-9999999.000,-9999999.000,0.000,0.000,1.000,1,0,0,2,3,0,1,2,0.3333333333333333,0.0,0.0,1.0,0.3333333333333333,0.6666666666666667,-1
"((AlbCreatRat_mggNew <= 13.535) U[1,2] (bmi <= 19.848))
",-9999999.000,-9999999.000,0.000,0.000,1.000,1,0,0,2,3,0,1,2,0.3333333333333333,0.0,0.0,1.0,0.3333333333333333,0.6666666666666667,-1
"F[0,0](HeightCm >= 122.745 & Triglyc >= 32.597)
",-7.149,-83.945,0.000,0.000,1.000,1,0,0,2,3,0,1,2,0.3333333333333333,0.0,0.0,1.0,0.3333333333333333,0.6666666666666667,-1
"((HbA1cImputeDtMnC >= 10.620) U[1,2] (diagAgeCombo <= 6.000))
",-9999999.000,-9999999.000,0.000,0.000,1.000,1,0,0,2,3,0,1,2,0.3333333333333333,0.0,0.0,1.0,0.3333333333333333,0.6666666666666667,-1
"F[0,1](bmi >= 15.615 & bmiPerc <= 0.631)
",-9999999.000,-9999999.000,0.000,0.000,1.000,1,0,0,2,3,0,1,2,0.3333333333333333,0.0,0.0,1.0,0.3333333333333333,0.6666666666666667,-1
"((BldPrSys <= 125.170) U[0,0] (LDL >= 34.926))
",125.170,125.170,0.000,0.000,1.000,1,0,0,2,3,0,1,2,0.3333333333333333,0.0,0.0,1.0,0.3333333333333333,0.6666666666666667,-1
"((NumPumpBolusOrShortAct >= 0.108) U[0,1] (HeightCm <= 147.510))
",-9999999.000,-9999999.000,0.000,0.000,1.000,1,0,0,2,3,0,1,2,0.3333333333333333,0.0,0.0,1.0,0.3333333333333333,0.6666666666666667,-1
"G[0,1]((NumPumpBolusOrShortAct <= 1.991 -> bmiPerc <= 0.718) & NumPumpBolusOrShortAct <= 0.657)
",9999999.000,9999999.000,0.000,1.000,0.000,1,0,0,2,3,0,1,2,0.3333333333333333,0.0,0.0,1.0,0.3333333333333333,0.6666666666666667,1
"G[0,1](SMBGperDayPtMeterCombo >= 2.840 & BGTestAvgNumPtRep >= 1.144)
",9999999.000,9999999.000,0.000,1.000,0.000,1,0,0,2,3,0,1,2,0.3333333333333333,0.0,0.0,1.0,0.3333333333333333,0.6666666666666667,1
"G[0,1](bmiPerc <= 0.679 & TSH <= 2.324)
",9999999.000,9999999.000,0.000,1.000,0.000,1,0,0,2,3,0,1,2,0.3333333333333333,0.0,0.0,1.0,0.3333333333333333,0.6666666666666667,1
"G[0,1]((TotChol >= 60.695 | NumPumpBolusOrShortAct <= 1.955) & UnitsInsBasalOrLongAct <= 1.551)
",9999999.000,9999999.000,0.000,1.000,0.000,1,0,0,2,3,0,1,2,0.3333333333333333,0.0,0.0,1.0,0.3333333333333333,0.6666666666666667,1
"G[0,1]((BldPrSys >= 111.530 | TSH >= 0.326) & Pt_SHFlg <= 1.856)
",9999999.000,9999999.000,0.000,1.000,0.000,1,0,0,2,3,0,1,2,0.3333333333333333,0.0,0.0,1.0,0.3333333333333333,0.6666666666666667,1
"G[0,1](BldPrSys >= 110.886 & SMBGperDayPtMeterCombo >= 2.083)
",9999999.000,9999999.000,0.000,1.000,0.000,1,0,0,2,3,0,1,2,0.3333333333333333,0.0,0.0,1.0,0.3333333333333333,0.6666666666666667,1
"G[1,1](BldPrDia >= 63.451 & HDL >= 14.501)
",-63.451,-63.451,0.000,1.000,0.000,1,0,0,2,3,0,1,2,0.3333333333333333,0.0,0.0,1.0,0.3333333333333333,0.6666666666666667,1
"G[1,1](Pt_GrandparentT1D <= 0.000 -> WeightKg <= 38.271)
",-38.271,-38.271,0.000,1.000,0.000,1,0,0,2,3,0,1,2,0.3333333333333333,0.0,0.0,1.0,0.3333333333333333,0.6666666666666667,1
"G[0,0](((BldPrDia >= 58.761 & HbA1c <= 9.787) | DirectLDL >= 8.610) -> Pt_A1cGoalLevelDsYr5 >= 8.378)
",-8.922,-133.957,0.000,1.000,0.000,1,0,0,2,3,0,1,2,0.3333333333333333,0.0,0.0,1.0,0.3333333333333333,0.6666666666666667,1
"G[1,1]((HeightCm >= 132.194 -> NumPumpBolusOrShortAct >= 0.317) & TotalDailyInsPerKg >= 0.132)
",-0.132,-0.132,0.000,1.000,0.000,1,0,0,2,3,0,1,2,0.3333333333333333,0.0,0.0,1.0,0.3333333333333333,0.6666666666666667,1
"G[0,1](((NumPumpBolusOrShortAct <= 0.957 & age <= 11.043) & HbA1c <= 11.683) & BUN <= 11.253)
",9999999.000,9999999.000,0.000,1.000,0.000,1,0,0,2,3,0,1,2,0.3333333333333333,0.0,0.0,1.0,0.3333333333333333,0.6666666666666667,1
"G[0,1]((DirectLDL <= 0.000 -> WeightKg <= 38.419) | Triglyc <= 49.487)
",9999999.000,9999999.000,0.000,1.000,0.000,1,0,0,2,3,0,1,2,0.3333333333333333,0.0,0.0,1.0,0.3333333333333333,0.6666666666666667,1
"G[0,1](SMBGperDayPtMeterCombo >= 2.527 & BGTestAvgNumPtRep >= 0.689)
",9999999.000,9999999.000,0.000,1.000,0.000,1,0,0,2,3,0,1,2,0.3333333333333333,0.0,0.0,1.0,0.3333333333333333,0.6666666666666667,1
"G[0,1]((BUN <= 0.000 & HeightCm >= 135.076) -> TotChol <= 146.189)
",9999999.000,9999999.000,0.000,1.000,0.000,1,0,0,2,3,0,1,2,0.3333333333333333,0.0,0.0,1.0,0.3333333333333333,0.6666666666666667,1
"G[1,1](HDL > 14.402 & Pt_SHFlg = 0.000)
",-14.402,-14.402,0.000,1.000,0.000,1,0,0,2,3,0,1,2,0.3333333333333333,0.0,0.0,1.0,0.3333333333333333,0.6666666666666667,1
"G[0,1](SMBGperDayPtMeterCombo >= 2.753 & BGTestAvgNumPtRep >= 0.160)
",9999999.000,9999999.000,0.000,1.000,0.000,1,0,0,2,3,0,1,2,0.3333333333333333,0.0,0.0,1.0,0.3333333333333333,0.6666666666666667,1
"G[0,1](BldPrSys <= 122.226 -> HbA1c <= 8.959)
",9999999.000,9999999.000,0.000,1.000,0.000,1,0,0,2,3,0,1,2,0.3333333333333333,0.0,0.0,1.0,0.3333333333333333,0.6666666666666667,1
"G[0,0]((bmi <= 20.213 & HbA1cImputeDtMnC <= 51.945) -> Pt_SHFlg >= 20.080)
",-2.809,-36.515,0.000,1.000,0.000,1,0,0,2,3,0,1,2,0.3333333333333333,0.0,0.0,1.0,0.3333333333333333,0.6666666666666667,1
"G[0,0](LDL <= 83.729 & Pt_A1cGoalLevelDsYr5 >= 0.000)
",0.000,0.000,0.000,1.000,0.000,1,0,0,2,3,0,1,2,0.3333333333333333,0.0,0.0,1.0,0.3333333333333333,0.6666666666666667,1
"G[0,1](SMBGperDayPtMeterCombo >= 1.704 & BGTestAvgNumPtRep >= 1.698)
",9999999.000,9999999.000,0.000,1.000,0.000,1,0,0,2,3,0,1,2,0.3333333333333333,0.0,0.0,1.0,0.3333333333333333,0.6666666666666667,1
"G[1,1]((WeightKg >= 33.426 | bmi >= 17.327) -> UnitsInsBasalOrLongAct <= 16.751)
",-16.751,-16.751,0.000,1.000,0.000,1,0,0,2,3,0,1,2,0.3333333333333333,0.0,0.0,1.0,0.3333333333333333,0.6666666666666667,1
"G[0,1](SMBGperDayPtMeterCombo >= 3.572 & BGTestAvgNumPtRep >= 0.270)
",9999999.000,9999999.000,0.000,1.000,0.000,1,0,0,2,3,0,1,2,0.3333333333333333,0.0,0.0,1.0,0.3333333333333333,0.6666666666666667,1
"G[0,0](((GFR <= 0.000 | Pt_CGMUseNumDays >= 0.000) -> UnitsInsBasalOrLongAct <= 0.000) & Pt_DKAFlg <= 0.000)
",-25721.000,-25721.000,0.000,1.000,0.000,1,0,0,2,3,0,1,2,0.3333333333333333,0.0,0.0,1.0,0.3333333333333333,0.6666666666666667,1
"G[0,1](BGTestAvgNumPtRep > 2.516 & Pt_SHFlg = 0.000)
",9999999.000,9999999.000,0.000,1.000,0.000,1,0,0,2,3,0,1,2,0.3333333333333333,0.0,0.0,1.0,0.3333333333333333,0.6666666666666667,1
"F[1,2]((diabDur >= 2.260 & WeightKg >= 30.760) | Pt_GrandchildT1D <= 41.895)
",-9999999.000,-9999999.000,0.000,0.000,1.000,0,0,0,3,3,0,0,3,0.0,0.0,0.0,0.0,0.0,1.0,-1
"((UnitsInsBasalOrLongAct >= 9.174) U[0,2] (Pt_SHFlg = 0.000))
",-9999999.000,-9999999.000,0.000,0.000,1.000,0,0,0,3,3,0,0,3,0.0,0.0,0.0,0.0,0.0,1.0,-1
"F[0,2](((HDL <= 51.394 | LDL <= 63.577) & Pt_InsGov >= 22.897) -> AlbCreatRat_mggNew <= 98.874)
",-9999999.000,-9999999.000,0.000,0.000,1.000,0,0,0,3,3,0,0,3,0.0,0.0,0.0,0.0,0.0,1.0,-1
"F[0,2](bmiZscore <= 0.403 | bmiZscore >= 0.053)
",-9999999.000,-9999999.000,0.000,0.000,1.000,0,0,0,3,3,0,0,3,0.0,0.0,0.0,0.0,0.0,1.0,-1
"((Pt_MotherT1D <= 0.000) U[0,0] (Pt_SHFlg = 0.000))
",0.000,0.000,0.000,0.000,1.000,0,0,0,3,3,0,0,3,0.0,0.0,0.0,0.0,0.0,1.0,-1
"((Pt_SiblingT1D <= 0.000) U[2,2] (Pt_SHFlg = 0.000))
",0.000,0.000,0.000,0.000,1.000,0,0,0,3,3,0,0,3,0.0,0.0,0.0,0.0,0.0,1.0,-1
"F[2,2](Pt_A1cGoalLevelDsYr5 >= 0.000 & Pt_SHFlg = 0.000)
",0.000,0.000,0.000,0.000,1.000,0,0,0,3,3,0,0,3,0.0,0.0,0.0,0.0,0.0,1.0,-1
"F[1,1](Pt_GrandchildT1D < 0.000 -> Pt_SHFlg = 0.000)
",0.000,0.000,0.000,0.000,1.000,0,0,0,3,3,0,0,3,0.0,0.0,0.0,0.0,0.0,1.0,-1
"F[0,2](Pt_ChildT1D >= 0.000 -> Pt_SHFlg = 0.000)
",-9999999.000,-9999999.000,0.000,0.000,1.000,0,0,0,3,3,0,0,3,0.0,0.0,0.0,0.0,0.0,1.0,-1
"F[2,2](Pt_ChildT1D > 0.000 -> Pt_SHFlg = 0.000)
",0.000,0.000,0.000,0.000,1.000,0,0,0,3,3,0,0,3,0.0,0.0,0.0,0.0,0.0,1.0,-1
"((TotalDailyInsPerKg <= 1.259) U[0,1] (Pt_SHFlg = 0.000))
",-9999999.000,-9999999.000,0.000,0.000,1.000,0,0,0,3,3,0,0,3,0.0,0.0,0.0,0.0,0.0,1.0,-1
"F[0,2](WeightKg >= 25.590 -> Pt_SHFlg = 0.000)
",-9999999.000,-9999999.000,0.000,0.000,1.000,0,0,0,3,3,0,0,3,0.0,0.0,0.0,0.0,0.0,1.0,-1
"F[0,0](bmiZscore <= 0.249 | WeightKg >= 29.542)
",-3.116,-0.366,0.000,0.000,1.000,0,0,0,3,3,0,0,3,0.0,0.0,0.0,0.0,0.0,1.0,-1
"((LDL >= 5.833) U[1,2] (TSH >= 0.211))
",-9999999.000,-9999999.000,0.000,0.000,1.000,0,0,0,3,3,0,0,3,0.0,0.0,0.0,0.0,0.0,1.0,-1
"F[1,2]((bmiPerc >= 0.487 & HeightCm >= 132.296) | Pt_GrandchildT1D >= 131.420)
",-9999999.000,-9999999.000,0.000,0.000,1.000,0,0,0,3,3,0,0,3,0.0,0.0,0.0,0.0,0.0,1.0,-1
"F[2,2](HDL <= 54.838 & TSH >= 0.521)
",-0.521,-0.521,0.000,0.000,1.000,0,0,0,3,3,0,0,3,0.0,0.0,0.0,0.0,0.0,1.0,-1
"F[0,2]((AlbCreatRat_mggNew <= 15.412 -> bmiZscore <= 0.549) -> Pt_FatherT1D >= 0.175)
",-9999999.000,-9999999.000,0.000,0.000,1.000,0,0,0,3,3,0,0,3,0.0,0.0,0.0,0.0,0.0,1.0,-1
"F[1,2](HbA1cImputeDtMnC <= 56.611 | TotalDailyInsPerKg >= 0.359)
",-9999999.000,-9999999.000,0.000,0.000,1.000,0,0,0,3,3,0,0,3,0.0,0.0,0.0,0.0,0.0,1.0,-1
"F[0,1](((HDL <= 54.826 -> TotChol <= 173.140) & diagAgeCombo <= 170.768) | Pt_SHFlg <= 187.964)
",-9999999.000,-9999999.000,0.000,0.000,1.000,0,0,0,3,3,0,0,3,0.0,0.0,0.0,0.0,0.0,1.0,-1
"F[0,1]((HbA1c <= 8.984 & HbA1cImputeDtMnC >= 15.855) -> age <= 42.646)
",-9999999.000,-9999999.000,0.000,0.000,1.000,0,0,0,3,3,0,0,3,0.0,0.0,0.0,0.0,0.0,1.0,-1
"((AlbCreatRat_mggNew <= 22.904) U[0,1] (SMBGperDayPtMeterCombo <= 4.283))
",-9999999.000,-9999999.000,0.000,0.000,1.000,0,0,0,3,3,0,0,3,0.0,0.0,0.0,0.0,0.0,1.0,-1
"F[0,2](((diabDur >= 3.796 & HbA1c >= 7.789) -> AlbCreatRat_mggNew <= 9.486) & GFR >= 8.626)
",-9999999.000,-9999999.000,0.000,0.000,1.000,0,0,0,3,3,0,0,3,0.0,0.0,0.0,0.0,0.0,1.0,-1
"F[1,1]((diabDur <= 5.100 | HeightCm >= 125.137) -> GFR <= 154.324)
",-154.324,-154.324,0.000,0.000,1.000,0,0,0,3,3,0,0,3,0.0,0.0,0.0,0.0,0.0,1.0,-1
"((DirectLDL <= 0.000) U[0,1] (SMBGperDayPtMeterCombo <= 4.854))
",-9999999.000,-9999999.000,0.000,0.000,1.000,0,0,0,3,3,0,0,3,0.0,0.0,0.0,0.0,0.0,1.0,-1
"F[2,2](((Pt_FatherT1D <= 0.000 & Pt_A1cGoalLev <= 0.000) & HbA1c >= 0.000) -> TSH >= 0.000)
",0.000,0.000,0.000,0.000,1.000,0,0,0,3,3,0,0,3,0.0,0.0,0.0,0.0,0.0,1.0,-1
"F[1,2]((age >= 10.608 | BGTestAvgNumPtRep >= 0.665) | GFR >= 1.542)
",-9999999.000,-9999999.000,0.000,0.000,1.000,0,0,0,3,3,0,0,3,0.0,0.0,0.0,0.0,0.0,1.0,-1
"((bmi >= 16.781) U[0,1] (Pt_SHFlg = 0.000))
",-9999999.000,-9999999.000,0.000,0.000,1.000,0,0,0,3,3,0,0,3,0.0,0.0,0.0,0.0,0.0,1.0,-1
"F[2,2](((bmiZscore >= 0.086 | HDL <= 46.352) & TSH >= 4.931) | UnitsInsBasalOrLongAct >= 13.862)
",-4.931,-4.931,0.000,0.000,1.000,0,0,0,3,3,0,0,3,0.0,0.0,0.0,0.0,0.0,1.0,-1
"F[0,2](BldPrDia <= 66.436 -> WeightKg >= 36.331)
",-9999999.000,-9999999.000,0.000,0.000,1.000,0,0,0,3,3,0,0,3,0.0,0.0,0.0,0.0,0.0,1.0,-1
"F[1,1]((HbA1cImputeDtMnC <= 72.012 -> BGTestAvgNumPtRep >= 1.483) -> Pt_FatherT1D <= 3.289)
",-3.289,-3.289,0.000,0.000,1.000,0,0,0,3,3,0,0,3,0.0,0.0,0.0,0.0,0.0,1.0,-1
"F[1,2]((Pt_SiblingT1D >= 0.000 -> NumPumpBolusOrShortAct >= 0.003) -> HDL <= 0.902)
",-9999999.000,-9999999.000,0.000,0.000,1.000,0,0,0,3,3,0,0,3,0.0,0.0,0.0,0.0,0.0,1.0,-1
"((Pt_SiblingT1D >= 0.000) U[0,2] (Pt_DKAFlg <= 0.000))
",-9999999.000,-9999999.000,0.000,0.000,1.000,0,0,0,3,3,0,0,3,0.0,0.0,0.0,0.0,0.0,1.0,-1
"F[0,2](((UnitsInsBasalOrLongAct <= 27.104 & Pt_A1cGoalLev >= 0.000) & HbA1cImputeDtMnC <= 0.000) | TSH <= 0.000)
",-9999999.000,-9999999.000,0.000,0.000,1.000,0,0,0,3,3,0,0,3,0.0,0.0,0.0,0.0,0.0,1.0,-1
"F[2,2](((bmi <= 19.387 & Triglyc <= 99.467) & DirectLDL <= 76.999) -> TotalDailyInsPerKg >= 47.124)
",-19.387,-19.387,0.000,0.000,1.000,0,0,0,3,3,0,0,3,0.0,0.0,0.0,0.0,0.0,1.0,-1
"F[2,2](((BldPrDia <= 66.908 -> Pt_SHFlg <= 0.000) & diagAgeCombo <= 0.000) & WeightKg <= 0.000)
",-66.908,-66.908,0.000,0.000,1.000,0,0,0,3,3,0,0,3,0.0,0.0,0.0,0.0,0.0,1.0,-1
"F[1,2](HbA1cImputeDtMnC >= 15.224 -> WeightKg >= 24.162)
",-9999999.000,-9999999.000,0.000,0.000,1.000,0,0,0,3,3,0,0,3,0.0,0.0,0.0,0.0,0.0,1.0,-1
"F[0,2]((TotalDailyInsPerKg <= 0.947 -> bmiZscore <= 0.302) & age <= 0.513)
",-9999999.000,-9999999.000,0.000,0.000,1.000,0,0,0,3,3,0,0,3,0.0,0.0,0.0,0.0,0.0,1.0,-1
"F[1,2](((HbA1c >= 7.791 & UnitsInsBasalOrLongAct <= 19.818) -> BGTestAvgNumMeter >= 0.672) & Pt_DKAFlg >= 11.082)
",-9999999.000,-9999999.000,0.000,0.000,1.000,0,0,0,3,3,0,0,3,0.0,0.0,0.0,0.0,0.0,1.0,-1
"F[2,2](((LDL >= 39.459 | GFR >= 0.000) & diagAgeCombo <= 0.000) | BldPrSys <= 0.000)
",0.000,0.000,0.000,0.000,1.000,0,0,0,3,3,0,0,3,0.0,0.0,0.0,0.0,0.0,1.0,-1
"F[0,0](TSH >= 0.524 | HDL <= 29.607)
",1.792,21.230,0.000,0.000,1.000,0,0,0,3,3,0,0,3,0.0,0.0,0.0,0.0,0.0,1.0,-1
"F[0,2]((Pt_A1cGoalLev <= 0.000 | age <= 11.622) -> SMBGperDayPtMeterCombo >= 7.982)
",-9999999.000,-9999999.000,0.000,0.000,1.000,0,0,0,3,3,0,0,3,0.0,0.0,0.0,0.0,0.0,1.0,-1
"F[0,2]((Pt_ChildT1D >= 0.000 & DirectLDL >= 0.000) | Pt_MotherT1D >= 0.000)
",-9999999.000,-9999999.000,0.000,0.000,1.000,0,0,0,3,3,0,0,3,0.0,0.0,0.0,0.0,0.0,1.0,-1
"F[1,2]((Pt_GrandchildT1D <= 0.000 -> Pt_A1cGoalLev <= 0.000) | Pt_A1cGoalLevelDsYr5 <= 0.000)
",-9999999.000,-9999999.000,0.000,0.000,1.000,0,0,0,3,3,0,0,3,0.0,0.0,0.0,0.0,0.0,1.0,-1
"F[0,1]((Pt_A1cGoalLevelDsYr5 >= 0.000 | LDL <= 69.878) -> TotChol >= 39.800)
",-9999999.000,-9999999.000,0.000,0.000,1.000,0,0,0,3,3,0,0,3,0.0,0.0,0.0,0.0,0.0,1.0,-1
"F[0,1]((Pt_A1cGoalLevelDsYr5 <= 0.000 & UnitsInsBasalOrLongAct <= 25.835) & BUN <= 18.553)
",-9999999.000,-9999999.000,0.000,0.000,1.000,0,0,0,3,3,0,0,3,0.0,0.0,0.0,0.0,0.0,1.0,-1
"F[0,1]((Pt_ChildT1D >= 0.000 | age <= 12.508) & HbA1cImputeDtMnC >= 10.507)
",-9999999.000,-9999999.000,0.000,0.000,1.000,0,0,0,3,3,0,0,3,0.0,0.0,0.0,0.0,0.0,1.0,-1
"G[1,2](((Pt_GrandparentT1D >= 0.000 -> WeightKg <= 41.519) -> TotChol >= 24.578) & Pt_MotherT1D <= 42.667)
",9999999.000,9999999.000,0.000,1.000,0.000,0,0,3,0,0,3,3,0,0.0,0.0,1.0,0.0,0.0,1.0,1
"F[1,2]((bmiPerc >= 0.478 & UnitsInsBasalOrLongAct <= 17.991) & HbA1c <= 18.695)
",-9999999.000,-9999999.000,0.000,0.000,1.000,0,0,0,3,3,0,0,3,0.0,0.0,0.0,0.0,0.0,1.0,-1
"F[0,2]((BGTestAvgNumMeter <= 3.178 | SMBGperDayPtMeterCombo <= 3.856) & HbA1c >= 1.517)
",-9999999.000,-9999999.000,0.000,0.000,1.000,0,0,0,3,3,0,0,3,0.0,0.0,0.0,0.0,0.0,1.0,-1
"F[0,1](((Pt_FatherT1D <= 0.000 & Pt_SiblingT1D >= 0.000) & DirectLDL >= 0.000) & TotChol >= 0.000)
",-9999999.000,-9999999.000,0.000,0.000,1.000,0,0,0,3,3,0,0,3,0.0,0.0,0.0,0.0,0.0,1.0,-1
"F[0,0]((BGTestAvgNumPtRep >= 0.223 | GFR >= 0.000) | diabDur >= 0.000)
",4.064,10.667,0.000,0.000,1.000,0,0,0,3,3,0,0,3,0.0,0.0,0.0,0.0,0.0,1.0,-1
"F[0,2]((Pt_A1cGoalLevelDsYr5 >= 0.000 -> GFR >= 0.000) -> Pt_A1cGoalLevelDsYr5 >= 0.000)
",-9999999.000,-9999999.000,0.000,0.000,1.000,0,0,0,3,3,0,0,3,0.0,0.0,0.0,0.0,0.0,1.0,-1
"F[0,1](SMBGperDayPtMeterCombo <= 4.877 -> Pt_MotherT1D <= 0.000)
",-9999999.000,-9999999.000,0.000,0.000,1.000,0,0,0,3,3,0,0,3,0.0,0.0,0.0,0.0,0.0,1.0,-1
"((LDL <= 64.461) U[2,2] (Pt_GrandchildT1D <= 0.000))
",64.461,64.461,0.000,0.000,1.000,0,0,0,3,3,0,0,3,0.0,0.0,0.0,0.0,0.0,1.0,-1
"F[0,2](Pt_InsGov <= 0.359 & Pt_InsGov <= 0.879)
",-9999999.000,-9999999.000,0.000,0.000,1.000,0,0,0,3,3,0,0,3,0.0,0.0,0.0,0.0,0.0,1.0,-1
"F[0,2](((Pt_SiblingT1D >= 0.000 | age <= 11.463) -> BGTestAvgNumPtRep <= 11.023) & Pt_SiblingT1D >= 10.265)
",-9999999.000,-9999999.000,0.000,0.000,1.000,0,0,0,3,3,0,0,3,0.0,0.0,0.0,0.0,0.0,1.0,-1
"F[1,1](((diabDur >= 1.561 | AutonomicNeuroCl >= 0.000) & BldPrSys <= 0.000) | bmiZscore >= 0.000)
",0.000,0.000,0.000,0.000,1.000,0,0,0,3,3,0,0,3,0.0,0.0,0.0,0.0,0.0,1.0,-1
"F[1,2](((Triglyc >= 30.567 & AutonomicNeuroCl >= 0.000) & HDL <= 0.000) & bmi <= 0.000)
",-9999999.000,-9999999.000,0.000,0.000,1.000,0,0,0,3,3,0,0,3,0.0,0.0,0.0,0.0,0.0,1.0,-1
"F[0,1]((Pt_CGMUseNumDays >= 0.000 -> Pt_FatherT1D >= 0.000) -> Pt_SiblingT1D >= 0.000)
",-9999999.000,-9999999.000,0.000,0.000,1.000,0,0,0,3,3,0,0,3,0.0,0.0,0.0,0.0,0.0,1.0,-1
"F[0,0](((TSH >= 0.211 -> Pt_GrandparentT1D >= 0.000) -> AutonomicNeuroCl <= 0.000) | HeightCm >= 0.000)
",3.304,38.800,0.000,0.000,1.000,0,0,0,3,3,0,0,3,0.0,0.0,0.0,0.0,0.0,1.0,-1
"F[2,2](Pt_ChildT1D <= 0.000 | bmiZscore >= 0.212)
",0.000,0.000,0.000,0.000,1.000,0,0,0,3,3,0,0,3,0.0,0.0,0.0,0.0,0.0,1.0,-1
"F[1,2](TSH <= 3.712 & LDL >= 26.413)
",-9999999.000,-9999999.000,0.000,0.000,1.000,0,0,0,3,3,0,0,3,0.0,0.0,0.0,0.0,0.0,1.0,-1
"F[1,2]((WeightKg <= 39.524 -> BGTestAvgNumPtRep >= 1.630) & Pt_SiblingT1D >= 2.682)
",-9999999.000,-9999999.000,0.000,0.000,1.000,0,0,0,3,3,0,0,3,0.0,0.0,0.0,0.0,0.0,1.0,-1
"F[0,0]((NumPumpBolusOrShortAct <= 1.422 -> UnitsInsBasalOrLongAct >= 14.677) | DirectLDL <= 20.175)
",-2.309,-1.088,0.000,0.000,1.000,0,0,0,3,3,0,0,3,0.0,0.0,0.0,0.0,0.0,1.0,-1
"((Pt_SiblingT1D >= 0.000) U[1,2] (Pt_GrandparentT1D <= 0.000))
",-9999999.000,-9999999.000,0.000,0.000,1.000,0,0,0,3,3,0,0,3,0.0,0.0,0.0,0.0,0.0,1.0,-1
"F[1,1]((WeightKg >= 31.114 & WeightKg >= 34.246) -> age <= 45.393)
",-6388528922252405.000,-45.393,0.000,0.000,1.000,0,0,0,3,3,0,0,3,0.0,0.0,0.0,0.0,0.0,1.0,-1
"F[0,2]((age >= 9.894 & TSH <= 2.539) & TotChol <= 3.562)
",-9999999.000,-9999999.000,0.000,0.000,1.000,0,0,0,3,3,0,0,3,0.0,0.0,0.0,0.0,0.0,1.0,-1
"F[1,1]((DirectLDL <= 0.000 -> Pt_GrandparentT1D >= 0.000) -> SMBGperDayPtMeterCombo >= 0.000)
",0.000,0.000,0.000,0.000,1.000,0,0,0,3,3,0,0,3,0.0,0.0,0.0,0.0,0.0,1.0,-1
"F[1,2](((age <= 12.337 | TotChol >= 43.299) & Pt_CGMUseNumDays <= 160.577) -> TotChol >= 29.286)
",-9999999.000,-9999999.000,0.000,0.000,1.000,0,0,0,3,3,0,0,3,0.0,0.0,0.0,0.0,0.0,1.0,-1
"F[2,2]((HDL >= 7.252 -> BUN >= 0.000) & Pt_MotherT1D >= 0.000)
",0.000,0.000,0.000,0.000,1.000,0,0,0,3,3,0,0,3,0.0,0.0,0.0,0.0,0.0,1.0,-1
"F[1,1](((BUN >= 0.000 -> DirectLDL >= 0.000) | Pt_SiblingT1D <= 0.000) & UnitsInsBasalOrLongAct >= 0.000)
",0.000,0.000,0.000,0.000,1.000,0,0,0,3,3,0,0,3,0.0,0.0,0.0,0.0,0.0,1.0,-1
"F[2,2](((age >= 10.102 | DirectLDL >= 0.000) & Pt_SiblingT1D >= 0.000) -> HbA1cImputeDtMnC >= 0.000)
",0.000,0.000,0.000,0.000,1.000,0,0,0,3,3,0,0,3,0.0,0.0,0.0,0.0,0.0,1.0,-1
"F[2,2]((WeightKg <= 41.968 & Pt_FatherT1D >= 0.000) | AutonomicNeuroCl <= 0.000)
",0.000,0.000,0.000,0.000,1.000,0,0,0,3,3,0,0,3,0.0,0.0,0.0,0.0,0.0,1.0,-1
"F[1,2]((TotChol >= 52.886 | WeightKg <= 44.769) & DirectLDL >= 24.266)
",-9999999.000,-9999999.000,0.000,0.000,1.000,0,0,0,3,3,0,0,3,0.0,0.0,0.0,0.0,0.0,1.0,-1
"F[0,2](((WeightKg >= 27.434 | NumPumpBolusOrShortAct <= 0.875) -> Pt_GrandchildT1D >= 0.335) -> WeightKg <= 1.625)
",-9999999.000,-9999999.000,0.000,0.000,1.000,0,0,0,3,3,0,0,3,0.0,0.0,0.0,0.0,0.0,1.0,-1
"F[0,1]((HDL >= 14.073 -> LDL <= 55.772) | BGTestAvgNumMeter <= 81.771)
",-9999999.000,-9999999.000,0.000,0.000,1.000,0,0,0,3,3,0,0,3,0.0,0.0,0.0,0.0,0.0,1.0,-1
"F[1,2](((Pt_GrandparentT1D <= 0.000 | BUN <= 0.000) | TotalDailyInsPerKg <= 0.000) -> SMBGperDayPtMeterCombo <= 0.000)
",-9999999.000,-9999999.000,0.000,0.000,1.000,0,0,0,3,3,0,0,3,0.0,0.0,0.0,0.0,0.0,1.0,-1
"F[0,2]((AutonomicNeuroCl <= 0.000 & BldPrDia <= 67.727) & Pt_GrandchildT1D <= 67.269)
",-9999999.000,-9999999.000,0.000,0.000,1.000,0,0,0,3,3,0,0,3,0.0,0.0,0.0,0.0,0.0,1.0,-1
"F[1,1]((HbA1c >= 8.068 & AutonomicNeuroCl <= 0.000) & BldPrDia >= 0.000)
",-8.068,-8.068,0.000,0.000,1.000,0,0,0,3,3,0,0,3,0.0,0.0,0.0,0.0,0.0,1.0,-1
"F[1,2]((WeightKg >= 36.919 & Pt_SiblingT1D >= 0.000) | UnitsInsBasalOrLongAct >= 0.000)
",-9999999.000,-9999999.000,0.000,0.000,1.000,0,0,0,3,3,0,0,3,0.0,0.0,0.0,0.0,0.0,1.0,-1
"((AutonomicNeuroCl >= 0.000) U[0,2] (HbA1cImputeDtMnC >= 8.572))
",-9999999.000,-9999999.000,0.000,0.000,1.000,0,0,0,3,3,0,0,3,0.0,0.0,0.0,0.0,0.0,1.0,-1
"F[0,2]((BUN >= 0.000 & Pt_ChildT1D >= 0.000) -> TotChol <= 0.000)
",-9999999.000,-9999999.000,0.000,0.000,1.000,0,0,0,3,3,0,0,3,0.0,0.0,0.0,0.0,0.0,1.0,-1
"F[0,2](Pt_GrandchildT1D >= 0.000 -> BGTestAvgNumPtRep >= 2.412)
",-9999999.000,-9999999.000,0.000,0.000,1.000,0,0,0,3,3,0,0,3,0.0,0.0,0.0,0.0,0.0,1.0,-1
"F[0,2]((UnitsInsBasalOrLongAct <= 17.688 | Triglyc <= 140.849) | BGTestAvgNumMeter >= 0.942)
",-9999999.000,-9999999.000,0.000,0.000,1.000,0,0,0,3,3,0,0,3,0.0,0.0,0.0,0.0,0.0,1.0,-1
"F[1,2](((AutonomicNeuroCl <= 0.000 & HbA1cImputeDtMnC >= 33.314) -> BGTestAvgNumPtRep <= 51.365) | Pt_CGMUseNumDays <= 47.235)
",-9999999.000,-9999999.000,0.000,0.000,1.000,0,0,0,3,3,0,0,3,0.0,0.0,0.0,0.0,0.0,1.0,-1
"F[1,1](((Pt_A1cGoalLevelDsYr5 <= 0.000 -> Pt_SHFlg >= 0.000) -> Pt_A1cGoalLevelDsYr5 >= 0.000) | Pt_InsGov <= 0.000)
",0.000,0.000,0.000,0.000,1.000,0,0,0,3,3,0,0,3,0.0,0.0,0.0,0.0,0.0,1.0,-1
"F[0,0]((Triglyc <= 91.264 & HeightCm >= 133.413) | Pt_FatherT1D <= 142.986)
",142.986,142.986,0.000,0.000,1.000,0,0,0,3,3,0,0,3,0.0,0.0,0.0,0.0,0.0,1.0,-1
"F[0,2](Pt_A1cGoalLev >= 0.000 | BUN >= 0.000)
",-9999999.000,-9999999.000,0.000,0.000,1.000,0,0,0,3,3,0,0,3,0.0,0.0,0.0,0.0,0.0,1.0,-1
"F[0,2](((BUN >= 0.000 | GFR <= 0.000) & BGTestAvgNumMeter <= 0.000) -> Pt_GrandchildT1D <= 0.000)
",-9999999.000,-9999999.000,0.000,0.000,1.000,0,0,0,3,3,0,0,3,0.0,0.0,0.0,0.0,0.0,1.0,-1
"F[0,1](DirectLDL >= 0.000 | BGTestAvgNumPtRep <= 3.459)
",-9999999.000,-9999999.000,0.000,0.000,1.000,0,0,0,3,3,0,0,3,0.0,0.0,0.0,0.0,0.0,1.0,-1
"((HeightCm >= 130.910) U[0,0] (BUN >= 0.000))
",0.707,32.000,0.000,0.000,1.000,0,0,0,3,3,0,0,3,0.0,0.0,0.0,0.0,0.0,1.0,-1
"F[0,1](Pt_SHFlg <= 0.000 & BldPrDia <= 66.752)
",-9999999.000,-9999999.000,0.000,0.000,1.000,0,0,0,3,3,0,0,3,0.0,0.0,0.0,0.0,0.0,1.0,-1
"((BldPrSys <= 121.539) U[0,1] (GFR <= 0.000))
",-9999999.000,-9999999.000,0.000,0.000,1.000,0,0,0,3,3,0,0,3,0.0,0.0,0.0,0.0,0.0,1.0,-1
"((TotalDailyInsPerKg >= 0.057) U[0,1] (TSH <= 2.201))
",-9999999.000,-9999999.000,0.000,0.000,1.000,0,0,0,3,3,0,0,3,0.0,0.0,0.0,0.0,0.0,1.0,-1
"F[2,2]((AlbCreatRat_mggNew <= 18.132 & bmiPerc <= 0.649) & AutonomicNeuroCl <= 0.614)
",0.614,0.614,0.000,0.000,1.000,0,0,0,3,3,0,0,3,0.0,0.0,0.0,0.0,0.0,1.0,-1
"F[0,1]((bmiPerc >= 0.513 & HbA1cImputeDtMnC >= 22.591) | BldPrSys >= 34.812)
",-9999999.000,-9999999.000,0.000,0.000,1.000,0,0,0,3,3,0,0,3,0.0,0.0,0.0,0.0,0.0,1.0,-1
"F[0,1](((Pt_InsGov >= 0.028 & diagAgeCombo >= 6.000) -> SMBGperDayPtMeterCombo <= 6.000) | Pt_SHFlg <= 6.000)
",-9999999.000,-9999999.000,0.000,0.000,1.000,0,0,0,3,3,0,0,3,0.0,0.0,0.0,0.0,0.0,1.0,-1
"((bmiZscore >= 0.022) U[0,2] (Triglyc >= 43.530))
",-9999999.000,-9999999.000,0.000,0.000,1.000,0,0,0,3,3,0,0,3,0.0,0.0,0.0,0.0,0.0,1.0,-1
"F[2,2]((HbA1c <= 9.158 & LDL <= 68.856) | BGTestAvgNumMeter <= 51.154)
",51.154,51.154,0.000,0.000,1.000,0,0,0,3,3,0,0,3,0.0,0.0,0.0,0.0,0.0,1.0,-1
"F[1,2](HbA1c <= 9.682 & UnitsInsBasalOrLongAct >= 6.302)
",-9999999.000,-9999999.000,0.000,0.000,1.000,0,0,0,3,3,0,0,3,0.0,0.0,0.0,0.0,0.0,1.0,-1
"((diabDur >= 1.354) U[1,2] (TSH >= 0.537))
",-9999999.000,-9999999.000,0.000,0.000,1.000,0,0,0,3,3,0,0,3,0.0,0.0,0.0,0.0,0.0,1.0,-1
"F[0,2](HDL >= 18.939 & HeightCm <= 148.633)
",-9999999.000,-9999999.000,0.000,0.000,1.000,0,0,0,3,3,0,0,3,0.0,0.0,0.0,0.0,0.0,1.0,-1
"F[0,2](((TotChol >= 71.947 | Triglyc <= 128.236) | Pt_SiblingT1D >= 22.959) | Pt_DKAFlg <= 136.605)
",-9999999.000,-9999999.000,0.000,0.000,1.000,0,0,0,3,3,0,0,3,0.0,0.0,0.0,0.0,0.0,1.0,-1
"F[2,2](((BGTestAvgNumMeter <= 2.893 & TotChol >= 88.640) & Pt_SHFlg <= 172.946) -> Pt_MotherT1D <= 190.946)
",-190.946,-190.946,0.000,0.000,1.000,0,0,0,3,3,0,0,3,0.0,0.0,0.0,0.0,0.0,1.0,-1
"F[0,2](bmi >= 18.006 | Triglyc >= 18.590)
",-9999999.000,-9999999.000,0.000,0.000,1.000,0,0,0,3,3,0,0,3,0.0,0.0,0.0,0.0,0.0,1.0,-1
"((BldPrDia >= 59.464) U[0,0] (TotalDailyInsPerKg >= 0.711))
",6.398,54.536,0.000,0.000,1.000,0,0,0,3,3,0,0,3,0.0,0.0,0.0,0.0,0.0,1.0,-1
"F[1,1](((bmi <= 20.451 | HDL >= 15.785) -> Pt_CGMUseNumDays <= 42.573) & age <= 40.077)
",-42.573,-42.573,0.000,0.000,1.000,0,0,0,3,3,0,0,3,0.0,0.0,0.0,0.0,0.0,1.0,-1
"F[0,2](((bmiPerc <= 0.665 & Triglyc <= 84.081) -> Pt_A1cGoalLevelDsYr5 <= 106.289) -> Pt_DKAFlg >= 31.741)
",-9999999.000,-9999999.000,0.000,0.000,1.000,0,0,0,3,3,0,0,3,0.0,0.0,0.0,0.0,0.0,1.0,-1
"F[1,2](BldPrDia <= 65.096 & NumPumpBolusOrShortAct <= 1.497)
",-9999999.000,-9999999.000,0.000,0.000,1.000,0,0,0,3,3,0,0,3,0.0,0.0,0.0,0.0,0.0,1.0,-1
"((BGTestAvgNumMeter >= 0.397) U[0,1] (UnitsInsBasalOrLongAct <= 23.102))
",-9999999.000,-9999999.000,0.000,0.000,1.000,0,0,0,3,3,0,0,3,0.0,0.0,0.0,0.0,0.0,1.0,-1
"F[1,2](NumPumpBolusOrShortAct >= 0.283 | Pt_InsGov >= 0.147)
",-9999999.000,-9999999.000,0.000,0.000,1.000,0,0,0,3,3,0,0,3,0.0,0.0,0.0,0.0,0.0,1.0,-1
"((SMBGperDayPtMeterCombo <= 4.705) U[0,1] (Triglyc <= 127.877))
",-9999999.000,-9999999.000,0.000,0.000,1.000,0,0,0,3,3,0,0,3,0.0,0.0,0.0,0.0,0.0,1.0,-1
"F[1,2](((diabDur >= 1.763 -> TotChol >= 97.114) & HeightCm <= 171.946) & Pt_SHFlg >= 97.136)
",-9999999.000,-9999999.000,0.000,0.000,1.000,0,0,0,3,3,0,0,3,0.0,0.0,0.0,0.0,0.0,1.0,-1
"F[0,1](HbA1cImputeDtMnC <= 65.556 -> TotChol <= 192.107)
",-9999999.000,-9999999.000,0.000,0.000,1.000,0,0,0,3,3,0,0,3,0.0,0.0,0.0,0.0,0.0,1.0,-1
"F[0,1](bmiPerc >= 0.545 -> LDL <= 69.946)
",-9999999.000,-9999999.000,0.000,0.000,1.000,0,0,0,3,3,0,0,3,0.0,0.0,0.0,0.0,0.0,1.0,-1
"F[1,2](((AlbCreatRat_mggNew <= 15.746 & BGTestAvgNumPtRep <= 4.279) | Pt_GrandparentT1D >= 1.261) -> Pt_GrandchildT1D <= 4.915)
",-9999999.000,-9999999.000,0.000,0.000,1.000,0,0,0,3,3,0,0,3,0.0,0.0,0.0,0.0,0.0,1.0,-1
"F[2,2]((BldPrDia >= 61.083 -> bmiZscore <= 0.498) | AlbCreatRat_mggNew >= 0.161)
",-0.161,-0.161,0.000,0.000,1.000,0,0,0,3,3,0,0,3,0.0,0.0,0.0,0.0,0.0,1.0,-1
"F[1,2]((bmiPerc >= 0.545 | HDL >= 4.506) | BldPrSys >= 17.171)
",-9999999.000,-9999999.000,0.000,0.000,1.000,0,0,0,3,3,0,0,3,0.0,0.0,0.0,0.0,0.0,1.0,-1
"F[1,2](BldPrSys <= 125.293 | UnitsInsBasalOrLongAct <= 28.984)
",-9999999.000,-9999999.000,0.000,0.000,1.000,0,0,0,3,3,0,0,3,0.0,0.0,0.0,0.0,0.0,1.0,-1
"F[0,0](BGTestAvgNumPtRep <= 3.795 -> Triglyc >= 36.221)
",-0.767,-48.456,0.000,0.000,1.000,0,0,0,3,3,0,0,3,0.0,0.0,0.0,0.0,0.0,1.0,-1
"F[1,1](((bmiZscore <= 0.621 & TSH <= 3.422) | bmiPerc >= 0.106) | bmiZscore <= 3.625)
",8162978711651461.000,3.625,0.000,0.000,1.000,0,0,0,3,3,0,0,3,0.0,0.0,0.0,0.0,0.0,1.0,-1
"F[0,1](((BldPrDia >= 58.555 | HbA1cImputeDtMnC >= 40.914) & TSH <= 50.062) | Pt_SiblingT1D >= 25.344)
",-9999999.000,-9999999.000,0.000,0.000,1.000,0,0,0,3,3,0,0,3,0.0,0.0,0.0,0.0,0.0,1.0,-1
"((bmi <= 19.639) U[1,2] (LDL >= 27.784))
",-9999999.000,-9999999.000,0.000,0.000,1.000,0,0,0,3,3,0,0,3,0.0,0.0,0.0,0.0,0.0,1.0,-1
"F[1,2](((bmiZscore <= 0.315 & SMBGperDayPtMeterCombo <= 4.306) -> Pt_MotherT1D >= 2.809) | TotalDailyInsPerKg >= 0.683)
",-9999999.000,-9999999.000,0.000,0.000,1.000,0,0,0,3,3,0,0,3,0.0,0.0,0.0,0.0,0.0,1.0,-1
"((BGTestAvgNumPtRep <= 2.944) U[0,1] (HbA1c >= 7.743))
",-9999999.000,-9999999.000,0.000,0.000,1.000,0,0,0,3,3,0,0,3,0.0,0.0,0.0,0.0,0.0,1.0,-1
"F[1,1](HeightCm >= 134.129 | TSH <= 3.346)
",7535233809781195.000,3.346,0.000,0.000,1.000,0,0,0,3,3,0,0,3,0.0,0.0,0.0,0.0,0.0,1.0,-1
"F[0,1]((TotalDailyInsPerKg >= 0.265 | Triglyc >= 52.873) | TSH >= 20.247)
",-9999999.000,-9999999.000,0.000,0.000,1.000,0,0,0,3,3,0,0,3,0.0,0.0,0.0,0.0,0.0,1.0,-1
"((age <= 11.799) U[0,2] (SMBGperDayPtMeterCombo <= 4.146))
",-9999999.000,-9999999.000,0.000,0.000,1.000,0,0,0,3,3,0,0,3,0.0,0.0,0.0,0.0,0.0,1.0,-1
"F[1,1](((AlbCreatRat_mggNew <= 13.821 | Pt_InsGov <= 0.597) & TotalDailyInsPerKg <= 0.483) | Pt_A1cGoalLev <= 0.290)
",8697578830764965.000,0.483,0.000,0.000,1.000,0,0,0,3,3,0,0,3,0.0,0.0,0.0,0.0,0.0,1.0,-1
"F[0,1]((AlbCreatRat_mggNew <= 19.327 | BGTestAvgNumMeter >= 0.820) | Pt_SiblingT1D <= 2.445)
",-9999999.000,-9999999.000,0.000,0.000,1.000,0,0,0,3,3,0,0,3,0.0,0.0,0.0,0.0,0.0,1.0,-1
"F[0,2](HeightCm <= 152.830 | SMBGperDayPtMeterCombo >= 3.296)
",-9999999.000,-9999999.000,0.000,0.000,1.000,0,0,0,3,3,0,0,3,0.0,0.0,0.0,0.0,0.0,1.0,-1
"F[0,2]((HbA1cImputeDtMnC <= 53.876 | Pt_InsGov >= 0.139) & Pt_MotherT1D >= 0.134)
",-9999999.000,-9999999.000,0.000,0.000,1.000,0,0,0,3,3,0,0,3,0.0,0.0,0.0,0.0,0.0,1.0,-1
"F[1,2]((age >= 7.287 -> LDL <= 56.338) & bmi <= 83.120)
",-9999999.000,-9999999.000,0.000,0.000,1.000,0,0,0,3,3,0,0,3,0.0,0.0,0.0,0.0,0.0,1.0,-1
"F[1,2](((bmi <= 19.677 & SMBGperDayPtMeterCombo <= 3.742) & Pt_SHFlg <= 4.210) -> Pt_ChildT1D >= 3.250)
",-9999999.000,-9999999.000,0.000,0.000,1.000,0,0,0,3,3,0,0,3,0.0,0.0,0.0,0.0,0.0,1.0,-1
"F[1,1]((BGTestAvgNumMeter <= 3.049 | HDL <= 41.970) | Pt_A1cGoalLevelDsYr5 >= 0.893)
",41.970,41.970,0.000,0.000,1.000,0,0,0,3,3,0,0,3,0.0,0.0,0.0,0.0,0.0,1.0,-1
"F[0,2](((AlbCreatRat_mggNew <= 16.151 & TSH >= 0.452) | bmi >= 1.064) | BldPrSys <= 3.878)
",-9999999.000,-9999999.000,0.000,0.000,1.000,0,0,0,3,3,0,0,3,0.0,0.0,0.0,0.0,0.0,1.0,-1
"F[0,0]((HeightCm <= 142.840 & LDL <= 64.564) | Pt_SiblingT1D <= 91.560)
",91.560,91.560,0.000,0.000,1.000,0,0,0,3,3,0,0,3,0.0,0.0,0.0,0.0,0.0,1.0,-1
"F[0,2]((AlbCreatRat_mggNew <= 19.776 -> BldPrDia <= 67.400) & Triglyc >= 64.957)
",-9999999.000,-9999999.000,0.000,0.000,1.000,0,0,0,3,3,0,0,3,0.0,0.0,0.0,0.0,0.0,1.0,-1
"F[0,2]((diabDur <= 6.459 -> HDL >= 16.708) -> LDL >= 10.106)
",-9999999.000,-9999999.000,0.000,0.000,1.000,0,0,0,3,3,0,0,3,0.0,0.0,0.0,0.0,0.0,1.0,-1
"F[0,2](((Triglyc >= 17.951 -> WeightKg <= 44.303) -> WeightKg >= 34.080) -> HbA1cImputeDtMnC >= 27.647)
",-9999999.000,-9999999.000,0.000,0.000,1.000,0,0,0,3,3,0,0,3,0.0,0.0,0.0,0.0,0.0,1.0,-1
"F[1,2]((diabDur <= 5.960 & SMBGperDayPtMeterCombo <= 4.745) & Pt_ChildT1D >= 3.652)
",-9999999.000,-9999999.000,0.000,0.000,1.000,0,0,0,3,3,0,0,3,0.0,0.0,0.0,0.0,0.0,1.0,-1
"F[2,2](((HDL >= 0.149 -> SMBGperDayPtMeterCombo >= 0.851) | BldPrSys <= 3.826) -> Pt_FatherT1D <= 4.359)
",-4.359,-4.359,0.000,0.000,1.000,0,0,0,3,3,0,0,3,0.0,0.0,0.0,0.0,0.0,1.0,-1
"((BGTestAvgNumPtRep >= 0.686) U[0,1] (TotChol <= 176.959))
",-9999999.000,-9999999.000,0.000,0.000,1.000,0,0,0,3,3,0,0,3,0.0,0.0,0.0,0.0,0.0,1.0,-1
"F[0,1]((HbA1cImputeDtMnC >= 18.625 | Triglyc >= 48.132) & BGTestAvgNumPtRep <= 65.726)
",-9999999.000,-9999999.000,0.000,0.000,1.000,0,0,0,3,3,0,0,3,0.0,0.0,0.0,0.0,0.0,1.0,-1
"F[0,2](Pt_InsGov >= 0.143 -> WeightKg <= 46.846)
",-9999999.000,-9999999.000,0.000,0.000,1.000,0,0,0,3,3,0,0,3,0.0,0.0,0.0,0.0,0.0,1.0,-1
"F[0,1]((Triglyc >= 18.161 -> UnitsInsBasalOrLongAct <= 20.417) & Pt_CGMUseNumDays <= 20.332)
",-9999999.000,-9999999.000,0.000,0.000,1.000,0,0,0,3,3,0,0,3,0.0,0.0,0.0,0.0,0.0,1.0,-1
"F[0,2](((HbA1c >= 8.269 | WeightKg >= 27.887) | Pt_DKAFlg >= 33.849) & diagAgeCombo >= 28.769)
",-9999999.000,-9999999.000,0.000,0.000,1.000,0,0,0,3,3,0,0,3,0.0,0.0,0.0,0.0,0.0,1.0,-1
"F[2,2](((LDL >= 22.274 & NumPumpBolusOrShortAct >= 0.467) | Pt_A1cGoalLev <= 0.957) & Pt_GrandchildT1D >= 0.600)
",-0.600,-0.600,0.000,0.000,1.000,0,0,0,3,3,0,0,3,0.0,0.0,0.0,0.0,0.0,1.0,-1
"F[1,2](((TSH >= 1.556 & UnitsInsBasalOrLongAct >= 13.252) | TotChol >= 7.509) | DirectLDL >= 2.608)
",-9999999.000,-9999999.000,0.000,0.000,1.000,0,0,0,3,3,0,0,3,0.0,0.0,0.0,0.0,0.0,1.0,-1
"F[0,2](BGTestAvgNumMeter >= 0.342 | BGTestAvgNumPtRep <= 4.461)
",-9999999.000,-9999999.000,0.000,0.000,1.000,0,0,0,3,3,0,0,3,0.0,0.0,0.0,0.0,0.0,1.0,-1
"F[1,2](((LDL >= 11.011 & UnitsInsBasalOrLongAct >= 9.562) & bmiZscore >= 7.723) -> diagAgeCombo >= 11.197)
",-9999999.000,-9999999.000,0.000,0.000,1.000,0,0,0,3,3,0,0,3,0.0,0.0,0.0,0.0,0.0,1.0,-1
"F[0,1]((bmiPerc >= 0.512 | HbA1c >= 8.483) & HbA1cImputeDtMnC >= 8.313)
",-9999999.000,-9999999.000,0.000,0.000,1.000,0,0,0,3,3,0,0,3,0.0,0.0,0.0,0.0,0.0,1.0,-1
"((BGTestAvgNumPtRep >= 0.991) U[2,2] (BldPrDia >= 64.836))
",-0.991,-0.991,0.000,0.000,1.000,0,0,0,3,3,0,0,3,0.0,0.0,0.0,0.0,0.0,1.0,-1
"F[0,0]((bmiZscore <= 0.255 -> HbA1c <= 9.114) & DirectLDL <= 9.103)
",-8.889,-133.464,0.000,0.000,1.000,0,0,0,3,3,0,0,3,0.0,0.0,0.0,0.0,0.0,1.0,-1
"F[1,1]((BldPrSys <= 119.844 -> HDL <= 45.834) -> Pt_ChildT1D <= 42.156)
",-42.156,-42.156,0.000,0.000,1.000,0,0,0,3,3,0,0,3,0.0,0.0,0.0,0.0,0.0,1.0,-1
"((Pt_InsGov <= 0.526) U[1,2] (Triglyc >= 21.040))
",-9999999.000,-9999999.000,0.000,0.000,1.000,0,0,0,3,3,0,0,3,0.0,0.0,0.0,0.0,0.0,1.0,-1
"F[0,2](((AlbCreatRat_mggNew >= 3.631 | diabDur >= 2.420) & Pt_GrandparentT1D >= 1.317) & HeightCm >= 1.797)
",-9999999.000,-9999999.000,0.000,0.000,1.000,0,0,0,3,3,0,0,3,0.0,0.0,0.0,0.0,0.0,1.0,-1
"F[0,0](HbA1c >= 8.301 -> Pt_A1cGoalLevelDsYr5 = 0.000)
",0.000,0.000,0.000,0.000,1.000,0,0,0,3,3,0,0,3,0.0,0.0,0.0,0.0,0.0,1.0,-1
"F[1,1](Pt_DKAFlg >= 0.000 & Pt_SHFlg = 0.000)
",0.000,0.000,0.000,0.000,1.000,0,0,0,3,3,0,0,3,0.0,0.0,0.0,0.0,0.0,1.0,-1
"((BGTestAvgNumMeter >= 0.701) U[0,0] (BGTestAvgNumPtRep <= 4.898))
",1.875,19.499,0.000,0.000,1.000,0,0,0,3,3,0,0,3,0.0,0.0,0.0,0.0,0.0,1.0,-1
"F[1,1](HbA1c >= 7.880 -> Pt_A1cGoalLevelDsYr5 = 0.000)
",0.000,0.000,0.000,0.000,1.000,0,0,0,3,3,0,0,3,0.0,0.0,0.0,0.0,0.0,1.0,-1
"((BGTestAvgNumMeter >= 0.178) U[0,2] (BGTestAvgNumPtRep <= 3.148))
",-9999999.000,-9999999.000,0.000,0.000,1.000,0,0,0,3,3,0,0,3,0.0,0.0,0.0,0.0,0.0,1.0,-1
"F[0,1](HbA1c >= 8.811 -> Pt_A1cGoalLevelDsYr5 = 0.000)
",-9999999.000,-9999999.000,0.000,0.000,1.000,0,0,0,3,3,0,0,3,0.0,0.0,0.0,0.0,0.0,1.0,-1
"F[1,1](HbA1c >= 8.474 -> Pt_A1cGoalLevelDsYr5 = 0.000)
",0.000,0.000,0.000,0.000,1.000,0,0,0,3,3,0,0,3,0.0,0.0,0.0,0.0,0.0,1.0,-1
"((BGTestAvgNumMeter >= 0.624) U[0,2] (BGTestAvgNumPtRep <= 4.941))
",-9999999.000,-9999999.000,0.000,0.000,1.000,0,0,0,3,3,0,0,3,0.0,0.0,0.0,0.0,0.0,1.0,-1
"F[0,2](HbA1c >= 7.695 -> Pt_A1cGoalLevelDsYr5 = 0.000)
",-9999999.000,-9999999.000,0.000,0.000,1.000,0,0,0,3,3,0,0,3,0.0,0.0,0.0,0.0,0.0,1.0,-1
"((BGTestAvgNumMeter >= 0.528) U[0,0] (BGTestAvgNumPtRep <= 4.671))
",1.846,19.538,0.000,0.000,1.000,0,0,0,3,3,0,0,3,0.0,0.0,0.0,0.0,0.0,1.0,-1
"F[1,2](HbA1c >= 7.967 -> Pt_A1cGoalLevelDsYr5 = 0.000)
",-9999999.000,-9999999.000,0.000,0.000,1.000,0,0,0,3,3,0,0,3,0.0,0.0,0.0,0.0,0.0,1.0,-1
"F[1,1](HbA1c >= 7.748 -> Pt_A1cGoalLevelDsYr5 = 0.000)
",0.000,0.000,0.000,0.000,1.000,0,0,0,3,3,0,0,3,0.0,0.0,0.0,0.0,0.0,1.0,-1
"((BGTestAvgNumMeter >= 0.372) U[0,2] (BGTestAvgNumPtRep <= 4.270))
",-9999999.000,-9999999.000,0.000,0.000,1.000,0,0,0,3,3,0,0,3,0.0,0.0,0.0,0.0,0.0,1.0,-1
"((BGTestAvgNumMeter >= 0.697) U[0,2] (BGTestAvgNumPtRep <= 3.249))
",-9999999.000,-9999999.000,0.000,0.000,1.000,0,0,0,3,3,0,0,3,0.0,0.0,0.0,0.0,0.0,1.0,-1
"F[0,0](Pt_A1cGoalLevelDsYr5 >= 0.000 & Pt_SHFlg = 0.000)
",-1.463,-43.939,0.000,0.000,1.000,0,0,0,3,3,0,0,3,0.0,0.0,0.0,0.0,0.0,1.0,-1
"F[0,1](HbA1c >= 8.039 -> Pt_A1cGoalLevelDsYr5 = 0.000)
",-9999999.000,-9999999.000,0.000,0.000,1.000,0,0,0,3,3,0,0,3,0.0,0.0,0.0,0.0,0.0,1.0,-1
"((BGTestAvgNumMeter >= 0.173) U[0,2] (BGTestAvgNumPtRep <= 3.123))
",-9999999.000,-9999999.000,0.000,0.000,1.000,0,0,0,3,3,0,0,3,0.0,0.0,0.0,0.0,0.0,1.0,-1
"F[0,2](HbA1c >= 8.657 -> Pt_A1cGoalLevelDsYr5 = 0.000)
",-9999999.000,-9999999.000,0.000,0.000,1.000,0,0,0,3,3,0,0,3,0.0,0.0,0.0,0.0,0.0,1.0,-1
"F[1,2](bmiPerc < 0.663 & Pt_SHFlg = 0.000)
",-9999999.000,-9999999.000,0.000,0.000,1.000,0,0,0,3,3,0,0,3,0.0,0.0,0.0,0.0,0.0,1.0,-1
"F[0,2](((bmiPerc <= 0.687 & TotalDailyInsPerKg <= 1.009) | HbA1cImputeDtMnC <= 1.113) | Pt_InsGov >= 0.819)
",-9999999.000,-9999999.000,0.000,0.000,1.000,0,0,0,3,3,0,0,3,0.0,0.0,0.0,0.0,0.0,1.0,-1
"F[0,2](WeightKg <= 46.760 & Pt_SHFlg = 0.000)
",-9999999.000,-9999999.000,0.000,0.000,1.000,0,0,0,3,3,0,0,3,0.0,0.0,0.0,0.0,0.0,1.0,-1
"F[0,2](diagAgeCombo >= 6.000 & Pt_SHFlg = 0.000)
",-9999999.000,-9999999.000,0.000,0.000,1.000,0,0,0,3,3,0,0,3,0.0,0.0,0.0,0.0,0.0,1.0,-1
"((bmiZscore >= -0.083) U[2,2] (HbA1cImputeDtMnC <= 66.604))
",66.604,66.604,0.000,0.000,1.000,0,0,0,3,3,0,0,3,0.0,0.0,0.0,0.0,0.0,1.0,-1
"F[2,2](((age <= 11.439 -> UnitsInsBasalOrLongAct <= 25.226) -> GFR <= 18.909) -> DirectLDL >= 1.103)
",1.103,1.103,0.000,0.000,1.000,0,0,0,3,3,0,0,3,0.0,0.0,0.0,0.0,0.0,1.0,-1
"F[0,2]((Triglyc <= 66.243 & TSH <= 3.088) & HeightCm >= 0.031)
",-9999999.000,-9999999.000,0.000,0.000,1.000,0,0,0,3,3,0,0,3,0.0,0.0,0.0,0.0,0.0,1.0,-1
"F[0,0]((SMBGperDayPtMeterCombo <= 4.706 -> TotalDailyInsPerKg <= 0.906) | Pt_GrandchildT1D >= 0.083)
",1.433,3.761,0.000,0.000,1.000,0,0,0,3,3,0,0,3,0.0,0.0,0.0,0.0,0.0,1.0,-1
"F[1,1]((AlbCreatRat_mggNew <= 20.433 -> HbA1cImputeDtMnC >= 10.548) | GFR >= 27.286)
",-20.433,-20.433,0.000,0.000,1.000,0,0,0,3,3,0,0,3,0.0,0.0,0.0,0.0,0.0,1.0,-1
"F[0,0](SMBGperDayPtMeterCombo > 2.567 -> Pt_SHFlg = 0.000)
",-78.914,-64.433,0.000,0.000,1.000,0,0,0,3,3,0,0,3,0.0,0.0,0.0,0.0,0.0,1.0,-1
"((HeightCm <= 147.958) U[2,2] (Pt_SHFlg = 0.000))
",147.958,147.958,0.000,0.000,1.000,0,0,0,3,3,0,0,3,0.0,0.0,0.0,0.0,0.0,1.0,-1
"F[0,2](((LDL <= 100.520 -> WeightKg <= 42.561) | SMBGperDayPtMeterCombo >= 35.589) & LDL <= 47.673)
",-9999999.000,-9999999.000,0.000,0.000,1.000,0,0,0,3,3,0,0,3,0.0,0.0,0.0,0.0,0.0,1.0,-1
"F[1,2](SMBGperDayPtMeterCombo >= 0.397 & UnitsInsBasalOrLongAct <= 23.160)
",-9999999.000,-9999999.000,0.000,0.000,1.000,0,0,0,3,3,0,0,3,0.0,0.0,0.0,0.0,0.0,1.0,-1
"F[1,2]((BldPrSys >= 107.624 & Pt_InsGov >= 0.088) & BGTestAvgNumMeter <= 0.262)
",-9999999.000,-9999999.000,0.000,0.000,1.000,0,0,0,3,3,0,0,3,0.0,0.0,0.0,0.0,0.0,1.0,-1
"F[0,1](((BldPrDia <= 66.563 | TotChol <= 174.271) & Pt_FatherT1D >= 109.535) -> BGTestAvgNumMeter <= 189.841)
",-9999999.000,-9999999.000,0.000,0.000,1.000,0,0,0,3,3,0,0,3,0.0,0.0,0.0,0.0,0.0,1.0,-1
"F[2,2]((TotalDailyInsPerKg <= 1.096 | TSH >= 1.186) & SMBGperDayPtMeterCombo <= 3.070)
",1.096,1.096,0.000,0.000,1.000,0,0,0,3,3,0,0,3,0.0,0.0,0.0,0.0,0.0,1.0,-1
"F[1,2](((BGTestAvgNumMeter <= 4.447 & bmiPerc >= 0.471) | Pt_DKAFlg <= 0.654) | age >= 0.503)
",-9999999.000,-9999999.000,0.000,0.000,1.000,0,0,0,3,3,0,0,3,0.0,0.0,0.0,0.0,0.0,1.0,-1
"F[0,1](((LDL >= 14.737 | TotalDailyInsPerKg >= 0.037) & Triglyc <= 0.950) -> age >= 0.503)
",-9999999.000,-9999999.000,0.000,0.000,1.000,0,0,0,3,3,0,0,3,0.0,0.0,0.0,0.0,0.0,1.0,-1
"F[0,1](((HDL <= 34.376 -> TotalDailyInsPerKg <= 1.119) & Pt_InsGov <= 1.277) | Triglyc >= 0.779)
",-9999999.000,-9999999.000,0.000,0.000,1.000,0,0,0,3,3,0,0,3,0.0,0.0,0.0,0.0,0.0,1.0,-1
"F[1,2](((BGTestAvgNumMeter <= 3.253 & SMBGperDayPtMeterCombo >= 2.973) & BUN <= 4.495) -> GFR >= 2.812)
",-9999999.000,-9999999.000,0.000,0.000,1.000,0,0,0,3,3,0,0,3,0.0,0.0,0.0,0.0,0.0,1.0,-1
"F[0,2]((NumPumpBolusOrShortAct >= 0.010 & SMBGperDayPtMeterCombo <= 4.342) -> bmi <= 3.766)
",-9999999.000,-9999999.000,0.000,0.000,1.000,0,0,0,3,3,0,0,3,0.0,0.0,0.0,0.0,0.0,1.0,-1
"F[1,2](BldPrDia <= 67.372 | diabDur <= 5.857)
",-9999999.000,-9999999.000,0.000,0.000,1.000,0,0,0,3,3,0,0,3,0.0,0.0,0.0,0.0,0.0,1.0,-1
"F[0,1](((BldPrDia >= 58.181 | SMBGperDayPtMeterCombo <= 4.666) | LDL >= 2.952) -> Pt_MotherT1D <= 3.888)
",-9999999.000,-9999999.000,0.000,0.000,1.000,0,0,0,3,3,0,0,3,0.0,0.0,0.0,0.0,0.0,1.0,-1
"F[0,0](((BGTestAvgNumPtRep >= 2.703 & TotalDailyInsPerKg <= 0.968) | BldPrSys >= 0.282) | AutonomicNeuroCl <= 1.066)
",-0.282,-0.282,0.000,0.000,1.000,0,0,0,3,3,0,0,3,0.0,0.0,0.0,0.0,0.0,1.0,-1
"((BldPrDia <= 65.704) U[0,0] (UnitsInsBasalOrLongAct <= 25.426))
",2.668,17.426,0.000,0.000,1.000,0,0,0,3,3,0,0,3,0.0,0.0,0.0,0.0,0.0,1.0,-1
"((HeightCm >= 137.000) U[0,2] (TotalDailyInsPerKg <= 0.989))
",-9999999.000,-9999999.000,0.000,0.000,1.000,0,0,0,3,3,0,0,3,0.0,0.0,0.0,0.0,0.0,1.0,-1
"F[0,2](age <= 11.850 -> Pt_SHFlg = 0.000)
",-9999999.000,-9999999.000,0.000,0.000,1.000,0,0,0,3,3,0,0,3,0.0,0.0,0.0,0.0,0.0,1.0,-1
"F[0,1](Pt_SiblingT1D >= 0.000 -> Pt_SHFlg = 0.000)
",-9999999.000,-9999999.000,0.000,0.000,1.000,0,0,0,3,3,0,0,3,0.0,0.0,0.0,0.0,0.0,1.0,-1
"F[0,2](SMBGperDayPtMeterCombo <= 3.774 -> Pt_SHFlg = 0.000)
",-9999999.000,-9999999.000,0.000,0.000,1.000,0,0,0,3,3,0,0,3,0.0,0.0,0.0,0.0,0.0,1.0,-1
"F[1,2](AutonomicNeuroCl >= 0.000 & Pt_SHFlg = 0.000)
",-9999999.000,-9999999.000,0.000,0.000,1.000,0,0,0,3,3,0,0,3,0.0,0.0,0.0,0.0,0.0,1.0,-1
"((Pt_SiblingT1D > 0.000) U[0,0] (Pt_SHFlg = 0.000))
",0.000,0.000,0.000,0.000,1.000,0,0,0,3,3,0,0,3,0.0,0.0,0.0,0.0,0.0,1.0,-1
"F[0,2](SMBGperDayPtMeterCombo < 4.244 -> Pt_SHFlg = 0.000)
",-9999999.000,-9999999.000,0.000,0.000,1.000,0,0,0,3,3,0,0,3,0.0,0.0,0.0,0.0,0.0,1.0,-1
"F[0,2](diagAgeCombo < 6.000 & Pt_SHFlg = 0.000)
",-9999999.000,-9999999.000,0.000,0.000,1.000,0,0,0,3,3,0,0,3,0.0,0.0,0.0,0.0,0.0,1.0,-1
"((Triglyc > 26.666) U[0,0] (Pt_SHFlg = 0.000))
",0.513,39.448,0.000,0.000,1.000,0,0,0,3,3,0,0,3,0.0,0.0,0.0,0.0,0.0,1.0,-1
"((HbA1cImputeDtMnC < 56.395) U[0,2] (Pt_SHFlg = 0.000))
",-9999999.000,-9999999.000,0.000,0.000,1.000,0,0,0,3,3,0,0,3,0.0,0.0,0.0,0.0,0.0,1.0,-1
"F[0,2](HbA1cImputeDtMnC < 61.703 & Pt_SHFlg = 0.000)
",-9999999.000,-9999999.000,0.000,0.000,1.000,0,0,0,3,3,0,0,3,0.0,0.0,0.0,0.0,0.0,1.0,-1
"((age > 10.538) U[0,2] (Pt_SHFlg = 0.000))
",-9999999.000,-9999999.000,0.000,0.000,1.000,0,0,0,3,3,0,0,3,0.0,0.0,0.0,0.0,0.0,1.0,-1
"((bmiPerc <= 0.614) U[0,1] (Pt_SHFlg = 0.000))
",-9999999.000,-9999999.000,0.000,0.000,1.000,0,0,0,3,3,0,0,3,0.0,0.0,0.0,0.0,0.0,1.0,-1
"F[0,2](WeightKg > 28.638 & Pt_SHFlg = 0.000)
",-9999999.000,-9999999.000,0.000,0.000,1.000,0,0,0,3,3,0,0,3,0.0,0.0,0.0,0.0,0.0,1.0,-1
"F[0,0](((Pt_GrandchildT1D <= 0.000 | bmi >= 15.722) | diabDur <= 18.715) | Pt_ChildT1D <= 18.584)
",18.584,18.584,0.000,0.000,1.000,0,0,0,3,3,0,0,3,0.0,0.0,0.0,0.0,0.0,1.0,-1
"((BldPrSys <= 119.683) U[0,2] (HbA1cImputeDtMnC >= 28.255))
",-9999999.000,-9999999.000,0.000,0.000,1.000,0,0,0,3,3,0,0,3,0.0,0.0,0.0,0.0,0.0,1.0,-1
"F[1,2](age >= 8.584 | TSH >= 1.319)
",-9999999.000,-9999999.000,0.000,0.000,1.000,0,0,0,3,3,0,0,3,0.0,0.0,0.0,0.0,0.0,1.0,-1
"G[0,0](((bmiPerc <= 0.609 | NumPumpBolusOrShortAct <= 1.071) | TotalDailyInsPerKg <= 0.672) & diagAgeCombo <= 0.705)
",1.651,0.493,0.000,1.000,0.000,0,0,0,3,3,0,0,3,0.0,0.0,0.0,0.0,0.0,1.0,1
"G[2,2]((TotChol >= 6.305 & UnitsInsBasalOrLongAct >= 10.200) & age >= 0.539)
",-10.200,-10.200,0.000,1.000,0.000,0,0,3,0,0,3,3,0,0.0,0.0,1.0,0.0,0.0,1.0,1
"G[1,2]((BldPrDia <= 66.157 & bmiPerc >= 0.470) | DirectLDL >= 0.561)
",9999999.000,9999999.000,0.000,1.000,0.000,0,0,0,3,3,0,0,3,0.0,0.0,0.0,0.0,0.0,1.0,1
"G[1,2](((BGTestAvgNumPtRep >= 0.655 & Pt_InsGov <= 0.300) & Pt_GrandchildT1D <= 0.695) & TSH >= 0.117)
",9999999.000,9999999.000,0.000,1.000,0.000,0,0,1,2,2,1,1,2,0.0,0.0,1.0,0.0,0.0,1.0,1
"G[0,2](GFR <= 0.000 -> BUN >= 0.000)
",9999999.000,9999999.000,0.000,1.000,0.000,0,0,3,0,0,3,3,0,0.0,0.0,1.0,0.0,0.0,1.0,1
"G[2,2](((NumPumpBolusOrShortAct <= 1.252 & Triglyc <= 132.934) -> Pt_A1cGoalLevelDsYr5 >= 9.462) | AutonomicNeuroCl <= 90.023)
",90.023,90.023,0.000,1.000,0.000,0,0,3,0,0,3,3,0,0.0,0.0,1.0,0.0,0.0,1.0,1
"G[0,0](BGTestAvgNumPtRep <= 3.293 & UnitsInsBasalOrLongAct <= 20.120)
",3.293,3.293,0.000,1.000,0.000,0,0,0,3,3,0,0,3,0.0,0.0,0.0,0.0,0.0,1.0,1
"G[0,2](BGTestAvgNumMeter >= 0.395 | TotalDailyInsPerKg <= 0.889)
",9999999.000,9999999.000,0.000,1.000,0.000,0,0,1,2,2,1,1,2,0.0,0.0,1.0,0.0,0.0,1.0,1
"G[2,2](BGTestAvgNumMeter >= 0.705 -> BldPrSys >= 109.310)
",0.705,0.705,0.000,1.000,0.000,0,0,3,0,0,3,3,0,0.0,0.0,1.0,0.0,0.0,1.0,1
"G[0,2](((Pt_InsGov >= 0.129 & TSH <= 2.602) & age <= 2.721) -> BUN >= 0.101)
",9999999.000,9999999.000,0.000,1.000,0.000,0,0,3,0,0,3,3,0,0.0,0.0,1.0,0.0,0.0,1.0,1
"G[1,2]((TotalDailyInsPerKg <= 1.050 -> WeightKg >= 30.008) | Pt_SiblingT1D <= 43.428)
",9999999.000,9999999.000,0.000,1.000,0.000,0,0,3,0,0,3,3,0,0.0,0.0,1.0,0.0,0.0,1.0,1
"G[1,2](((bmi >= 15.354 | TotalDailyInsPerKg <= 0.858) | Pt_SHFlg >= 0.015) | BldPrDia <= 1.261)
",9999999.000,9999999.000,0.000,1.000,0.000,0,0,3,0,0,3,3,0,0.0,0.0,1.0,0.0,0.0,1.0,1
"G[1,2]((HbA1c <= 9.164 | HeightCm >= 129.869) -> AutonomicNeuroCl >= 126.545)
",9999999.000,9999999.000,0.000,1.000,0.000,0,0,0,3,3,0,0,3,0.0,0.0,0.0,0.0,0.0,1.0,1
"G[0,2](BUN > 0.000 -> Pt_SHFlg = 0.000)
",9999999.000,9999999.000,0.000,1.000,0.000,0,0,3,0,0,3,3,0,0.0,0.0,1.0,0.0,0.0,1.0,1
"G[1,2](AlbCreatRat_mggNew < 14.596 -> Pt_SHFlg = 0.000)
",9999999.000,9999999.000,0.000,1.000,0.000,0,0,3,0,0,3,3,0,0.0,0.0,1.0,0.0,0.0,1.0,1
"G[1,2](diabDur < 5.878 & Pt_SHFlg = 0.000)
",9999999.000,9999999.000,0.000,1.000,0.000,0,0,1,2,2,1,1,2,0.0,0.0,1.0,0.0,0.0,1.0,1
"G[0,2]((WeightKg >= 37.006 | bmi >= 16.318) -> UnitsInsBasalOrLongAct <= 24.143)
",9999999.000,9999999.000,0.000,1.000,0.000,0,0,1,2,2,1,1,2,0.0,0.0,1.0,0.0,0.0,1.0,1
"G[1,2](GFR <= 0.000 -> BUN >= 0.000)
",9999999.000,9999999.000,0.000,1.000,0.000,0,0,3,0,0,3,3,0,0.0,0.0,1.0,0.0,0.0,1.0,1
"G[0,2](SMBGperDayPtMeterCombo >= 3.306 & BGTestAvgNumPtRep >= 1.399)
",9999999.000,9999999.000,0.000,1.000,0.000,0,0,1,2,2,1,1,2,0.0,0.0,1.0,0.0,0.0,1.0,1
"G[1,2]((WeightKg >= 32.587 | bmi >= 17.061) -> UnitsInsBasalOrLongAct <= 20.362)
",9999999.000,9999999.000,0.000,1.000,0.000,0,0,1,2,2,1,1,2,0.0,0.0,1.0,0.0,0.0,1.0,1
"G[2,2](GFR <= 0.000 -> BUN >= 0.000)
",0.000,0.000,0.000,1.000,0.000,0,0,3,0,0,3,3,0,0.0,0.0,1.0,0.0,0.0,1.0,1
"G[0,2]((WeightKg >= 23.327 | bmi >= 16.749) -> UnitsInsBasalOrLongAct <= 28.385)
",9999999.000,9999999.000,0.000,1.000,0.000,0,0,2,1,1,2,2,1,0.0,0.0,1.0,0.0,0.0,1.0,1
"G[2,2](GFR <= 0.000 -> BUN >= 0.000)
",0.000,0.000,0.000,1.000,0.000,0,0,3,0,0,3,3,0,0.0,0.0,1.0,0.0,0.0,1.0,1
"G[1,2]((WeightKg >= 25.403 | bmi >= 16.545) -> UnitsInsBasalOrLongAct <= 24.129)
",9999999.000,9999999.000,0.000,1.000,0.000,0,0,1,2,2,1,1,2,0.0,0.0,1.0,0.0,0.0,1.0,1
"G[0,2]((BldPrSys <= 119.126 -> bmiZscore >= -0.076) & bmiZscore >= 0.201)
",9999999.000,9999999.000,0.000,1.000,0.000,0,0,1,2,2,1,1,2,0.0,0.0,1.0,0.0,0.0,1.0,1
"G[1,2](diabDur <= 4.994 & NumPumpBolusOrShortAct >= 0.584)
",9999999.000,9999999.000,0.000,1.000,0.000,0,0,0,3,3,0,0,3,0.0,0.0,0.0,0.0,0.0,1.0,1
"G[1,2](SMBGperDayPtMeterCombo >= 1.979 & BGTestAvgNumPtRep >= 0.469)
",9999999.000,9999999.000,0.000,1.000,0.000,0,0,2,1,1,2,2,1,0.0,0.0,1.0,0.0,0.0,1.0,1
"G[1,1](((BldPrSys >= 107.665 & Triglyc >= 43.767) | diabDur <= 158.642) & bmi >= 41.467)
",-41.467,-41.467,0.000,1.000,0.000,0,0,0,3,3,0,0,3,0.0,0.0,0.0,0.0,0.0,1.0,1
"G[1,2](BGTestAvgNumPtRep >= 1.800 & SMBGperDayPtMeterCombo >= 2.924)
",9999999.000,9999999.000,0.000,1.000,0.000,0,0,2,1,1,2,2,1,0.0,0.0,1.0,0.0,0.0,1.0,1
"G[2,2](((HbA1c >= 8.508 -> TSH <= 2.456) & BldPrSys <= 2.409) | Pt_DKAFlg <= 2.509)
",2.509,2.509,0.000,1.000,0.000,0,0,3,0,0,3,3,0,0.0,0.0,1.0,0.0,0.0,1.0,1
"G[0,2](((SMBGperDayPtMeterCombo >= 0.552 -> TSH >= 0.526) & UnitsInsBasalOrLongAct <= 3.643) | DirectLDL >= 1.480)
",9999999.000,9999999.000,0.000,1.000,0.000,0,0,0,3,3,0,0,3,0.0,0.0,0.0,0.0,0.0,1.0,1
"G[0,2](HDL >= 0.244 -> NumPumpBolusOrShortAct >= 0.379)
",9999999.000,9999999.000,0.000,1.000,0.000,0,0,2,1,1,2,2,1,0.0,0.0,1.0,0.0,0.0,1.0,1
"G[1,2](((bmiZscore >= 0.084 | Pt_InsGov >= 0.094) -> BldPrSys >= 0.045) & BldPrDia >= 0.130)
",9999999.000,9999999.000,0.000,1.000,0.000,0,0,3,0,0,3,3,0,0.0,0.0,1.0,0.0,0.0,1.0,1
"G[0,2](bmi >= 16.163 | HbA1c <= 9.793)
",9999999.000,9999999.000,0.000,1.000,0.000,0,0,3,0,0,3,3,0,0.0,0.0,1.0,0.0,0.0,1.0,1
"G[0,2](BGTestAvgNumMeter <= 2.854 | HbA1c >= 8.462)
",9999999.000,9999999.000,0.000,1.000,0.000,0,0,3,0,0,3,3,0,0.0,0.0,1.0,0.0,0.0,1.0,1
"G[1,1]((bmiZscore >= 0.038 & TotalDailyInsPerKg >= 0.605) & UnitsInsBasalOrLongAct <= 0.999)
",-0.605,-0.605,0.000,1.000,0.000,0,0,0,3,3,0,0,3,0.0,0.0,0.0,0.0,0.0,1.0,1
"G[1,1]((HbA1c >= 8.754 | Triglyc <= 179.504) & AutonomicNeuroCl >= 35.720)
",-35.720,-35.720,0.000,1.000,0.000,0,0,0,3,3,0,0,3,0.0,0.0,0.0,0.0,0.0,1.0,1
"G[0,2]((LDL >= 47.599 & TotChol >= 36.850) -> BldPrSys >= 102.126)
",9999999.000,9999999.000,0.000,1.000,0.000,0,0,3,0,0,3,3,0,0.0,0.0,1.0,0.0,0.0,1.0,1
"G[2,2]((BldPrDia >= 64.966 & BldPrSys <= 124.385) -> age >= 107.194)
",64.966,64.966,0.000,1.000,0.000,0,0,3,0,0,3,3,0,0.0,0.0,1.0,0.0,0.0,1.0,1
"G[1,1](((HbA1c >= 7.636 -> TotChol <= 175.573) -> Pt_CGMUseNumDays <= 148.087) & WeightKg >= 83.516)
",-148.087,-148.087,0.000,1.000,0.000,0,0,0,3,3,0,0,3,0.0,0.0,0.0,0.0,0.0,1.0,1
"G[0,1]((bmi >= 16.652 & TSH >= 1.260) & Pt_A1cGoalLev >= 0.248)
",9999999.000,9999999.000,0.000,1.000,0.000,0,0,0,3,3,0,0,3,0.0,0.0,0.0,0.0,0.0,1.0,1
"G[2,2](((Pt_InsGov >= 0.134 -> UnitsInsBasalOrLongAct <= 19.773) -> LDL <= 22.822) & Pt_GrandchildT1D >= 11.267)
",-22.822,-22.822,0.000,1.000,0.000,0,0,3,0,0,3,3,0,0.0,0.0,1.0,0.0,0.0,1.0,1
"G[1,2](BGTestAvgNumPtRep >= 1.943 & bmi >= 15.701)
",9999999.000,9999999.000,0.000,1.000,0.000,0,0,2,1,1,2,2,1,0.0,0.0,1.0,0.0,0.0,1.0,1
"G[2,2]((BGTestAvgNumPtRep <= 3.394 -> HeightCm >= 140.043) & TSH <= 154.079)
",-7641897984750077.000,-3.394,0.000,1.000,0.000,0,0,3,0,0,3,3,0,0.0,0.0,1.0,0.0,0.0,1.0,1
"G[1,2](BGTestAvgNumPtRep >= 0.307 -> HDL >= 12.899)
",9999999.000,9999999.000,0.000,1.000,0.000,0,0,2,1,1,2,2,1,0.0,0.0,1.0,0.0,0.0,1.0,1
"G[0,2](BldPrSys <= 120.411 | HeightCm <= 152.116)
",9999999.000,9999999.000,0.000,1.000,0.000,0,0,3,0,0,3,3,0,0.0,0.0,1.0,0.0,0.0,1.0,1
"G[0,1](((HbA1c <= 9.637 | NumPumpBolusOrShortAct >= 0.059) & Pt_SiblingT1D >= 0.426) | bmi <= 0.816)
",9999999.000,9999999.000,0.000,1.000,0.000,0,0,0,3,3,0,0,3,0.0,0.0,0.0,0.0,0.0,1.0,1
"G[0,1](((age <= 10.802 | BGTestAvgNumPtRep <= 4.994) & DirectLDL >= 2.059) & GFR >= 2.724)
",9999999.000,9999999.000,0.000,1.000,0.000,0,0,0,3,3,0,0,3,0.0,0.0,0.0,0.0,0.0,1.0,1
"G[0,2](((HbA1c >= 8.068 | SMBGperDayPtMeterCombo >= 2.711) & Pt_MotherT1D <= 4.688) | BGTestAvgNumMeter >= 3.501)
",9999999.000,9999999.000,0.000,1.000,0.000,0,0,3,0,0,3,3,0,0.0,0.0,1.0,0.0,0.0,1.0,1
"G[1,2]((AlbCreatRat_mggNew <= 12.897 -> NumPumpBolusOrShortAct >= 0.629) & bmi <= 0.782)
",9999999.000,9999999.000,0.000,1.000,0.000,0,0,0,3,3,0,0,3,0.0,0.0,0.0,0.0,0.0,1.0,1
"G[0,2](((bmi <= 19.075 | TotChol <= 146.179) -> Pt_CGMUseNumDays <= 182.599) -> HbA1c >= 59.301)
",9999999.000,9999999.000,0.000,1.000,0.000,0,0,0,3,3,0,0,3,0.0,0.0,0.0,0.0,0.0,1.0,1
"G[1,2](GFR <= 0.000 -> BUN >= 0.000)
",9999999.000,9999999.000,0.000,1.000,0.000,0,0,3,0,0,3,3,0,0.0,0.0,1.0,0.0,0.0,1.0,1
"G[1,2]((WeightKg >= 31.453 | bmi >= 17.544) -> UnitsInsBasalOrLongAct <= 18.408)
",9999999.000,9999999.000,0.000,1.000,0.000,0,0,1,2,2,1,1,2,0.0,0.0,1.0,0.0,0.0,1.0,1
"F[0,2]((bmi >= 15.973 -> HDL >= 11.162) | AlbCreatRat_mggNew >= 27.199)
",-9999999.000,-9999999.000,0.000,0.000,1.000,0,0,0,3,3,0,0,3,0.0,0.0,0.0,0.0,0.0,1.0,-1
"G[1,2]((HbA1cImputeDtMnC <= 70.899 & HeightCm <= 141.952) -> Pt_InsGov >= 137.976)
",9999999.000,9999999.000,0.000,1.000,0.000,0,0,2,1,1,2,2,1,0.0,0.0,1.0,0.0,0.0,1.0,1
"G[1,2](bmi <= 20.029 -> WeightKg <= 39.745)
",9999999.000,9999999.000,0.000,1.000,0.000,0,0,2,1,1,2,2,1,0.0,0.0,1.0,0.0,0.0,1.0,1
"G[0,1](((bmiPerc <= 0.590 -> bmiZscore <= 0.493) -> bmi <= 0.522) & TotChol >= -0.049)
",9999999.000,9999999.000,0.000,1.000,0.000,0,0,0,3,3,0,0,3,0.0,0.0,0.0,0.0,0.0,1.0,1
"G[1,2](NumPumpBolusOrShortAct <= 1.300 & Pt_SHFlg = 0.000)
",9999999.000,9999999.000,0.000,1.000,0.000,0,0,2,1,1,2,2,1,0.0,0.0,1.0,0.0,0.0,1.0,1
"G[1,2](bmiZscore <= 0.501 & Pt_SHFlg = 0.000)
",9999999.000,9999999.000,0.000,1.000,0.000,0,0,2,1,1,2,2,1,0.0,0.0,1.0,0.0,0.0,1.0,1
"G[0,2](TSH <= 2.245 -> Pt_SHFlg = 0.000)
",9999999.000,9999999.000,0.000,1.000,0.000,0,0,3,0,0,3,3,0,0.0,0.0,1.0,0.0,0.0,1.0,1
"G[0,2](((BGTestAvgNumMeter <= 2.606 & BldPrDia >= 64.656) | SMBGperDayPtMeterCombo >= 59.047) | BldPrSys <= 67.720)
",9999999.000,9999999.000,0.000,1.000,0.000,0,0,2,1,1,2,2,1,0.0,0.0,1.0,0.0,0.0,1.0,1
"G[0,2]((HbA1cImputeDtMnC <= 50.164 & AlbCreatRat_mggNew <= 22.373) -> TSH <= 19.464)
",9999999.000,9999999.000,0.000,1.000,0.000,0,0,3,0,0,3,3,0,0.0,0.0,1.0,0.0,0.0,1.0,1
"G[1,2]((BldPrDia >= 61.014 -> HeightCm >= 138.576) -> TotalDailyInsPerKg >= 124.178)
",9999999.000,9999999.000,0.000,1.000,0.000,0,0,1,2,2,1,1,2,0.0,0.0,1.0,0.0,0.0,1.0,1
"G[1,2](Pt_ChildT1D >= 0.000 | HDL <= 51.138)
",9999999.000,9999999.000,0.000,1.000,0.000,0,0,3,0,0,3,3,0,0.0,0.0,1.0,0.0,0.0,1.0,1
"G[1,2](((AlbCreatRat_mggNew >= 4.968 -> Pt_InsGov >= 0.031) | Pt_ChildT1D <= 0.727) & Pt_A1cGoalLev >= 0.071)
",9999999.000,9999999.000,0.000,1.000,0.000,0,0,0,3,3,0,0,3,0.0,0.0,0.0,0.0,0.0,1.0,1
"G[0,2](((HbA1cImputeDtMnC <= 62.552 -> Pt_CGMUseNumDays <= 0.000) & BldPrSys <= 0.000) -> TSH <= 0.000)
",9999999.000,9999999.000,0.000,1.000,0.000,0,0,3,0,0,3,3,0,0.0,0.0,1.0,0.0,0.0,1.0,1
"G[0,2](TotChol <= 186.662 | Pt_GrandchildT1D <= 0.000)
",9999999.000,9999999.000,0.000,1.000,0.000,0,0,3,0,0,3,3,0,0.0,0.0,1.0,0.0,0.0,1.0,1
"G[2,2](((bmiPerc >= 0.506 | WeightKg >= 23.360) | Pt_GrandchildT1D <= 44.868) & HDL >= 31.449)
",-31.449,-31.449,0.000,1.000,0.000,0,0,3,0,0,3,3,0,0.0,0.0,1.0,0.0,0.0,1.0,1
"G[1,2]((NumPumpBolusOrShortAct <= 1.731 -> HDL >= 23.339) | Triglyc >= 5.719)
",9999999.000,9999999.000,0.000,1.000,0.000,0,0,1,2,2,1,1,2,0.0,0.0,1.0,0.0,0.0,1.0,1
"G[1,2](((Pt_GrandparentT1D <= 0.000 | SMBGperDayPtMeterCombo <= 4.260) -> BGTestAvgNumPtRep >= 2.103) -> BUN <= 4.645)
",9999999.000,9999999.000,0.000,1.000,0.000,0,0,3,0,0,3,3,0,0.0,0.0,1.0,0.0,0.0,1.0,1
"G[0,2]((Pt_SHFlg >= 0.000 | Pt_DKAFlg <= 0.000) -> Pt_FatherT1D <= 0.000)
",9999999.000,9999999.000,0.000,1.000,0.000,0,0,3,0,0,3,3,0,0.0,0.0,1.0,0.0,0.0,1.0,1
"G[1,2]((WeightKg >= 32.915 -> BldPrSys <= 115.688) -> GFR >= 109.710)
",9999999.000,9999999.000,0.000,1.000,0.000,0,0,1,2,2,1,1,2,0.0,0.0,1.0,0.0,0.0,1.0,1
"G[0,2]((diabDur >= 3.768 & HbA1cImputeDtMnC <= 44.892) | Pt_InsGov <= 42.565)
",9999999.000,9999999.000,0.000,1.000,0.000,0,0,3,0,0,3,3,0,0.0,0.0,1.0,0.0,0.0,1.0,1
"G[1,2](((TotalDailyInsPerKg >= 0.406 & Pt_A1cGoalLev <= 0.000) | Pt_SiblingT1D >= 0.000) -> TotalDailyInsPerKg >= 0.000)
",9999999.000,9999999.000,0.000,1.000,0.000,0,0,3,0,0,3,3,0,0.0,0.0,1.0,0.0,0.0,1.0,1
"G[1,2](SMBGperDayPtMeterCombo >= 3.236 | HbA1c >= 8.468)
",9999999.000,9999999.000,0.000,1.000,0.000,0,0,3,0,0,3,3,0,0.0,0.0,1.0,0.0,0.0,1.0,1
"G[1,2](Pt_InsGov >= 0.074 | Pt_SHFlg <= 0.000)
",9999999.000,9999999.000,0.000,1.000,0.000,0,0,3,0,0,3,3,0,0.0,0.0,1.0,0.0,0.0,1.0,1
"G[1,2](((Pt_GrandchildT1D <= 0.000 & SMBGperDayPtMeterCombo >= 0.557) & NumPumpBolusOrShortAct >= 1.025) -> bmiPerc <= 4.836)
",9999999.000,9999999.000,0.000,1.000,0.000,0,0,3,0,0,3,3,0,0.0,0.0,1.0,0.0,0.0,1.0,1
"G[0,2]((NumPumpBolusOrShortAct <= 1.745 -> BGTestAvgNumMeter >= 0.740) & age >= 0.232)
",9999999.000,9999999.000,0.000,1.000,0.000,0,0,1,2,2,1,1,2,0.0,0.0,1.0,0.0,0.0,1.0,1
"G[1,2](((HeightCm >= 135.304 -> WeightKg >= 29.713) -> Pt_FatherT1D <= 45.454) | BUN >= 26.119)
",9999999.000,9999999.000,0.000,1.000,0.000,0,0,3,0,0,3,3,0,0.0,0.0,1.0,0.0,0.0,1.0,1
"G[0,2](bmi <= 19.287 & bmiZscore <= 0.583)
",9999999.000,9999999.000,0.000,1.000,0.000,0,0,2,1,1,2,2,1,0.0,0.0,1.0,0.0,0.0,1.0,1
"G[1,2](GFR <= 0.000 -> BUN >= 0.000)
",9999999.000,9999999.000,0.000,1.000,0.000,0,0,3,0,0,3,3,0,0.0,0.0,1.0,0.0,0.0,1.0,1
"G[0,2](((age <= 12.589 | WeightKg >= 31.184) -> Pt_GrandparentT1D >= 31.244) -> UnitsInsBasalOrLongAct >= 35.696)
",9999999.000,9999999.000,0.000,1.000,0.000,0,0,3,0,0,3,3,0,0.0,0.0,1.0,0.0,0.0,1.0,1
"G[1,2](SMBGperDayPtMeterCombo >= 1.788 & BGTestAvgNumPtRep >= 0.559)
",9999999.000,9999999.000,0.000,1.000,0.000,0,0,2,1,1,2,2,1,0.0,0.0,1.0,0.0,0.0,1.0,1
"G[0,2](SMBGperDayPtMeterCombo >= 2.832 & BGTestAvgNumPtRep >= 0.874)
",9999999.000,9999999.000,0.000,1.000,0.000,0,0,1,2,2,1,1,2,0.0,0.0,1.0,0.0,0.0,1.0,1
"G[1,2]((WeightKg >= 30.268 | bmi >= 17.080) -> UnitsInsBasalOrLongAct <= 18.469)
",9999999.000,9999999.000,0.000,1.000,0.000,0,0,1,2,2,1,1,2,0.0,0.0,1.0,0.0,0.0,1.0,1
"G[0,2]((WeightKg >= 36.377 | bmi >= 17.457) -> UnitsInsBasalOrLongAct <= 16.211)
",9999999.000,9999999.000,0.000,1.000,0.000,0,0,1,2,2,1,1,2,0.0,0.0,1.0,0.0,0.0,1.0,1
"G[0,2](GFR <= 0.000 -> BUN >= 0.000)
",9999999.000,9999999.000,0.000,1.000,0.000,0,0,3,0,0,3,3,0,0.0,0.0,1.0,0.0,0.0,1.0,1
"G[2,2]((WeightKg >= 32.032 | bmi >= 16.949) -> UnitsInsBasalOrLongAct <= 19.392)
",-19.392,-19.392,0.000,1.000,0.000,0,0,3,0,0,3,3,0,0.0,0.0,1.0,0.0,0.0,1.0,1
"G[0,2](TotChol > 67.233 & Pt_SHFlg = 0.000)
",9999999.000,9999999.000,0.000,1.000,0.000,0,0,1,2,2,1,1,2,0.0,0.0,1.0,0.0,0.0,1.0,1
"G[1,2](HDL < 48.263 -> Pt_SHFlg = 0.000)
",9999999.000,9999999.000,0.000,1.000,0.000,0,0,3,0,0,3,3,0,0.0,0.0,1.0,0.0,0.0,1.0,1
"G[1,2](TotalDailyInsPerKg >= 0.290 & Pt_SHFlg = 0.000)
",9999999.000,9999999.000,0.000,1.000,0.000,0,0,2,1,1,2,2,1,0.0,0.0,1.0,0.0,0.0,1.0,1
"G[0,1](Pt_A1cGoalLevelDsYr5 < 0.000 & Pt_SHFlg = 0.000)
",9999999.000,9999999.000,0.000,1.000,0.000,0,0,0,3,3,0,0,3,0.0,0.0,0.0,0.0,0.0,1.0,1
"G[1,2]((BldPrDia <= 67.239 & Triglyc >= 36.604) | BUN >= 46.441)
",9999999.000,9999999.000,0.000,1.000,0.000,0,0,0,3,3,0,0,3,0.0,0.0,0.0,0.0,0.0,1.0,1
"G[2,2](((bmiZscore >= 0.176 | UnitsInsBasalOrLongAct <= 23.430) & NumPumpBolusOrShortAct >= 9.270) & HeightCm >= 14.881)
",-8377145159175925.000,-14.881,0.000,1.000,0.000,0,0,3,0,0,3,3,0,0.0,0.0,1.0,0.0,0.0,1.0,1
"G[1,2](((AlbCreatRat_mggNew >= 3.294 -> WeightKg >= 35.877) | Pt_MotherT1D <= 44.291) -> BGTestAvgNumPtRep >= 26.880)
",9999999.000,9999999.000,0.000,1.000,0.000,0,0,0,3,3,0,0,3,0.0,0.0,0.0,0.0,0.0,1.0,1
"G[1,2]((AlbCreatRat_mggNew >= 0.007 -> UnitsInsBasalOrLongAct >= 8.302) -> BUN >= 6.356)
",9999999.000,9999999.000,0.000,1.000,0.000,0,0,1,2,2,1,1,2,0.0,0.0,1.0,0.0,0.0,1.0,1
"G[1,2](((bmi >= 16.389 & UnitsInsBasalOrLongAct >= 14.855) | DirectLDL >= 9.398) -> Pt_SiblingT1D <= 20.627)
",9999999.000,9999999.000,0.000,1.000,0.000,0,0,3,0,0,3,3,0,0.0,0.0,1.0,0.0,0.0,1.0,1
"G[0,2](((UnitsInsBasalOrLongAct <= 19.798 & WeightKg >= 36.629) & diagAgeCombo >= 31.642) | Triglyc <= 40.923)
",9999999.000,9999999.000,0.000,1.000,0.000,0,0,1,2,2,1,1,2,0.0,0.0,1.0,0.0,0.0,1.0,1
"G[2,2]((HbA1cImputeDtMnC <= 64.646 | UnitsInsBasalOrLongAct <= 23.706) | BldPrDia <= 17.362)
",64.646,64.646,0.000,1.000,0.000,0,0,3,0,0,3,3,0,0.0,0.0,1.0,0.0,0.0,1.0,1
"G[1,2](((bmiZscore >= 0.222 & diabDur >= 3.985) | bmiPerc >= 3.251) & Pt_A1cGoalLevelDsYr5 >= 4.266)
",9999999.000,9999999.000,0.000,1.000,0.000,0,0,0,3,3,0,0,3,0.0,0.0,0.0,0.0,0.0,1.0,1
"G[1,2]((bmiPerc >= 0.542 -> diabDur <= 6.245) -> Pt_SHFlg >= 2.964)
",9999999.000,9999999.000,0.000,1.000,0.000,0,0,1,2,2,1,1,2,0.0,0.0,1.0,0.0,0.0,1.0,1
"G[0,1](((AlbCreatRat_mggNew <= 12.813 | TotalDailyInsPerKg <= 0.873) | Pt_SiblingT1D <= 0.843) & HbA1cImputeDtMnC <= 1.151)
",9999999.000,9999999.000,0.000,1.000,0.000,0,0,0,3,3,0,0,3,0.0,0.0,0.0,0.0,0.0,1.0,1
"G[1,2]((Pt_CGMUseNumDays >= 0.000 & Pt_InsGov >= 0.106) | Pt_CGMUseNumDays <= 0.770)
",9999999.000,9999999.000,0.000,1.000,0.000,0,0,3,0,0,3,3,0,0.0,0.0,1.0,0.0,0.0,1.0,1
"G[0,2]((bmiZscore >= 0.178 -> HeightCm >= 138.557) | bmi <= 148.185)
",9999999.000,9999999.000,0.000,1.000,0.000,0,0,3,0,0,3,3,0,0.0,0.0,1.0,0.0,0.0,1.0,1
"G[1,2](((age >= 10.223 | bmi >= 15.483) -> Pt_FatherT1D <= 20.096) & Pt_DKAFlg >= 16.539)
",9999999.000,9999999.000,0.000,1.000,0.000,0,0,0,3,3,0,0,3,0.0,0.0,0.0,0.0,0.0,1.0,1
"G[1,2](((Pt_InsGov <= 0.611 | TotalDailyInsPerKg >= 0.244) & BGTestAvgNumPtRep >= 0.417) -> SMBGperDayPtMeterCombo <= 1.166)
",9999999.000,9999999.000,0.000,1.000,0.000,0,0,1,2,2,1,1,2,0.0,0.0,1.0,0.0,0.0,1.0,1
"G[0,1](((TSH >= 0.923 & WeightKg >= 31.375) | Pt_CGMUseNumDays <= 38.153) & diagAgeCombo >= 26.150)
",9999999.000,9999999.000,0.000,1.000,0.000,0,0,0,3,3,0,0,3,0.0,0.0,0.0,0.0,0.0,1.0,1
"G[1,2](((HbA1cImputeDtMnC <= 54.470 | SMBGperDayPtMeterCombo >= 1.011) & BUN >= 0.328) | HbA1c <= 3.732)
",9999999.000,9999999.000,0.000,1.000,0.000,0,0,0,3,3,0,0,3,0.0,0.0,0.0,0.0,0.0,1.0,1
"F[0,2](((GFR <= 0.000 -> TotChol >= 42.350) | HDL >= 97.825) & DirectLDL >= 98.024)
",-9999999.000,-9999999.000,0.000,0.000,1.000,0,0,0,3,3,0,0,3,0.0,0.0,0.0,0.0,0.0,1.0,-1
"((DirectLDL <= 0.000) U[1,1] (diagAgeCombo >= 6.000))
",0.000,0.000,0.000,0.000,1.000,0,0,0,3,3,0,0,3,0.0,0.0,0.0,0.0,0.0,1.0,-1
"F[2,2](((BldPrSys <= 116.879 | BldPrSys <= 116.000) & UnitsInsBasalOrLongAct >= 110.987) & Pt_SHFlg <= 122.092)
",-7809981364319093.000,-110.987,0.000,0.000,1.000,0,0,0,3,3,0,0,3,0.0,0.0,0.0,0.0,0.0,1.0,-1
"F[0,0](Pt_FatherT1D >= 0.000 -> GFR >= 0.000)
",-1.304,-0.340,0.000,0.000,1.000,0,0,0,3,3,0,0,3,0.0,0.0,0.0,0.0,0.0,1.0,-1
"F[0,1]((Pt_DKAFlg >= 0.000 -> Pt_MotherT1D <= 0.000) & BldPrSys >= 0.000)
",-9999999.000,-9999999.000,0.000,0.000,1.000,0,0,0,3,3,0,0,3,0.0,0.0,0.0,0.0,0.0,1.0,-1
"F[1,2]((bmiZscore >= 0.183 -> NumPumpBolusOrShortAct >= 0.313) | Pt_SHFlg >= 0.297)
",-9999999.000,-9999999.000,0.000,0.000,1.000,0,0,0,3,3,0,0,3,0.0,0.0,0.0,0.0,0.0,1.0,-1
"F[0,2](HbA1cImputeDtMnC >= 2.905 -> NumPumpBolusOrShortAct <= 0.823)
",-9999999.000,-9999999.000,0.000,0.000,1.000,0,0,0,3,3,0,0,3,0.0,0.0,0.0,0.0,0.0,1.0,-1
"F[2,2]((BldPrSys >= 108.754 | bmi >= 16.262) | AlbCreatRat_mggNew <= 18.532)
",18.532,18.532,0.000,0.000,1.000,0,0,0,3,3,0,0,3,0.0,0.0,0.0,0.0,0.0,1.0,-1
"F[2,2](((TSH >= 0.373 & LDL >= 26.913) -> AutonomicNeuroCl <= 65.249) | Pt_GrandchildT1D <= 58.621)
",58.621,58.621,0.000,0.000,1.000,0,0,0,3,3,0,0,3,0.0,0.0,0.0,0.0,0.0,1.0,-1
"F[0,2](Pt_InsGov <= 0.628 & UnitsInsBasalOrLongAct <= 16.166)
",-9999999.000,-9999999.000,0.000,0.000,1.000,0,0,0,3,3,0,0,3,0.0,0.0,0.0,0.0,0.0,1.0,-1
"F[1,2](((bmiZscore >= 0.086 & Pt_FatherT1D <= 0.000) | TotalDailyInsPerKg <= 0.000) -> HDL <= 0.000)
",-9999999.000,-9999999.000,0.000,0.000,1.000,0,0,0,3,3,0,0,3,0.0,0.0,0.0,0.0,0.0,1.0,-1
"F[2,2](((TotChol >= 49.649 -> NumPumpBolusOrShortAct <= 1.024) | SMBGperDayPtMeterCombo >= 0.587) | Pt_MotherT1D <= 0.709)
",0.709,0.709,0.000,0.000,1.000,0,0,0,3,3,0,0,3,0.0,0.0,0.0,0.0,0.0,1.0,-1
"F[1,2](((SMBGperDayPtMeterCombo <= 4.859 | TotChol <= 189.956) | diagAgeCombo <= 169.789) -> Pt_SHFlg >= 85.098)
",-9999999.000,-9999999.000,0.000,0.000,1.000,0,0,0,3,3,0,0,3,0.0,0.0,0.0,0.0,0.0,1.0,-1
"F[0,0]((AutonomicNeuroCl <= 0.000 | BGTestAvgNumPtRep >= 2.640) -> Pt_GrandchildT1D <= 3.446)
",-3.446,-3.446,0.000,0.000,1.000,0,0,0,3,3,0,0,3,0.0,0.0,0.0,0.0,0.0,1.0,-1
"F[0,0](((BldPrSys >= 112.230 | Pt_MotherT1D <= 0.000) -> Pt_SHFlg <= 0.000) & BGTestAvgNumPtRep >= 0.000)
",-0.707,-0.775,0.000,0.000,1.000,0,0,0,3,3,0,0,3,0.0,0.0,0.0,0.0,0.0,1.0,-1
"F[0,2](BldPrSys >= 107.489 & WeightKg >= 32.328)
",-9999999.000,-9999999.000,0.000,0.000,1.000,0,0,0,3,3,0,0,3,0.0,0.0,0.0,0.0,0.0,1.0,-1
"F[1,2](((AlbCreatRat_mggNew >= 6.354 -> HeightCm <= 151.490) | Pt_GrandchildT1D <= 143.028) & Pt_CGMUseNumDays >= 122.564)
",-9999999.000,-9999999.000,0.000,0.000,1.000,0,0,0,3,3,0,0,3,0.0,0.0,0.0,0.0,0.0,1.0,-1
"F[2,2]((HbA1c >= 8.246 -> TotChol >= 65.865) & AutonomicNeuroCl >= 17.435)
",-17.435,-17.435,0.000,0.000,1.000,0,0,0,3,3,0,0,3,0.0,0.0,0.0,0.0,0.0,1.0,-1
"F[0,1]((Pt_InsGov >= 0.045 & SMBGperDayPtMeterCombo <= 4.289) | GFR <= 4.561)
",-9999999.000,-9999999.000,0.000,0.000,1.000,0,0,0,3,3,0,0,3,0.0,0.0,0.0,0.0,0.0,1.0,-1
"G[0,2](HbA1cImputeDtMnC <= 51.960 & TSH <= 1.713)
",9999999.000,9999999.000,0.000,1.000,0.000,0,0,1,2,2,1,1,2,0.0,0.0,1.0,0.0,0.0,1.0,1
"G[0,2](bmiZscore <= 0.344 -> Triglyc >= 0.302)
",9999999.000,9999999.000,0.000,1.000,0.000,0,0,2,1,1,2,2,1,0.0,0.0,1.0,0.0,0.0,1.0,1
"G[2,2]((UnitsInsBasalOrLongAct <= 20.501 -> diabDur <= 4.843) & HbA1cImputeDtMnC >= 4.020)
",-20.501,-20.501,0.000,1.000,0.000,0,0,3,0,0,3,3,0,0.0,0.0,1.0,0.0,0.0,1.0,1
"G[2,2]((BldPrSys <= 122.018 | TSH >= 1.485) & Pt_SHFlg >= 0.776)
",-6993610055272821.000,-0.776,0.000,1.000,0.000,0,0,3,0,0,3,3,0,0.0,0.0,1.0,0.0,0.0,1.0,1
"G[1,2](Pt_MotherT1D >= 0.000 -> NumPumpBolusOrShortAct <= 1.716)
",9999999.000,9999999.000,0.000,1.000,0.000,0,0,2,1,1,2,2,1,0.0,0.0,1.0,0.0,0.0,1.0,1
"F[1,2](((AlbCreatRat_mggNew <= 9.969 & TotChol >= 2.451) & bmiPerc <= 187.275) & NumPumpBolusOrShortAct <= 154.830)
",-9999999.000,-9999999.000,0.000,0.000,1.000,0,0,0,3,3,0,0,3,0.0,0.0,0.0,0.0,0.0,1.0,-1
"F[0,1]((GFR <= 0.000 | AlbCreatRat_mggNew >= 8.424) -> age <= 13.526)
",-9999999.000,-9999999.000,0.000,0.000,1.000,0,0,0,3,3,0,0,3,0.0,0.0,0.0,0.0,0.0,1.0,-1
"G[2,2](age >= 9.718 | BGTestAvgNumMeter <= 2.248)
",2.248,2.248,0.000,1.000,0.000,0,0,3,0,0,3,3,0,0.0,0.0,1.0,0.0,0.0,1.0,1
"F[0,2]((diagAgeCombo >= 6.000 & HbA1cImputeDtMnC >= 0.157) | WeightKg >= 24.419)
",-9999999.000,-9999999.000,0.000,0.000,1.000,0,0,0,3,3,0,0,3,0.0,0.0,0.0,0.0,0.0,1.0,-1
"F[0,2]((Pt_A1cGoalLevelDsYr5 <= 0.000 & AutonomicNeuroCl <= 0.000) -> WeightKg <= 0.000)
",-9999999.000,-9999999.000,0.000,0.000,1.000,0,0,0,3,3,0,0,3,0.0,0.0,0.0,0.0,0.0,1.0,-1
"F[1,2]((diabDur >= 2.930 | BUN <= 0.000) | Pt_SHFlg <= 0.000)
",-9999999.000,-9999999.000,0.000,0.000,1.000,0,0,0,3,3,0,0,3,0.0,0.0,0.0,0.0,0.0,1.0,-1
"((DirectLDL <= 0.000) U[0,2] (Triglyc >= 61.797))
",-9999999.000,-9999999.000,0.000,0.000,1.000,0,0,0,3,3,0,0,3,0.0,0.0,0.0,0.0,0.0,1.0,-1
"F[1,2](HbA1c >= 7.760 -> Pt_A1cGoalLevelDsYr5 = 0.000)
",-9999999.000,-9999999.000,0.000,0.000,1.000,0,0,0,3,3,0,0,3,0.0,0.0,0.0,0.0,0.0,1.0,-1
"((bmi >= 17.443) U[0,2] (NumPumpBolusOrShortAct >= 0.243))
",-9999999.000,-9999999.000,0.000,0.000,1.000,0,0,0,3,3,0,0,3,0.0,0.0,0.0,0.0,0.0,1.0,-1
"F[0,2](((BGTestAvgNumPtRep >= 0.484 | diabDur >= 1.439) | bmiPerc >= 4.336) -> Pt_SHFlg <= 5.790)
",-9999999.000,-9999999.000,0.000,0.000,1.000,0,0,0,3,3,0,0,3,0.0,0.0,0.0,0.0,0.0,1.0,-1
"F[0,2](((bmiZscore <= 0.378 | TotChol >= 92.450) -> Pt_MotherT1D >= 47.117) | TotalDailyInsPerKg >= 74.400)
",-9999999.000,-9999999.000,0.000,0.000,1.000,0,0,0,3,3,0,0,3,0.0,0.0,0.0,0.0,0.0,1.0,-1
"F[0,2](((AutonomicNeuroCl >= 0.000 & Pt_MotherT1D <= 0.000) & Pt_SHFlg >= 0.000) | diabDur <= 0.000)
",-9999999.000,-9999999.000,0.000,0.000,1.000,0,0,0,3,3,0,0,3,0.0,0.0,0.0,0.0,0.0,1.0,-1
"F[0,1](((BGTestAvgNumPtRep >= 2.733 | TSH <= 3.306) & Pt_InsGov <= 2.729) | Pt_A1cGoalLevelDsYr5 >= 0.468)
",-9999999.000,-9999999.000,0.000,0.000,1.000,0,0,0,3,3,0,0,3,0.0,0.0,0.0,0.0,0.0,1.0,-1
"G[1,2](DirectLDL <= 0.000 -> NumPumpBolusOrShortAct >= 0.453)
",9999999.000,9999999.000,0.000,1.000,0.000,0,0,1,2,2,1,1,2,0.0,0.0,1.0,0.0,0.0,1.0,1
"F[0,2](WeightKg <= 46.592 | TotChol >= 7.270)
",-9999999.000,-9999999.000,0.000,0.000,1.000,0,0,0,3,3,0,0,3,0.0,0.0,0.0,0.0,0.0,1.0,-1
"((BGTestAvgNumPtRep <= 4.325) U[0,2] (bmiPerc <= 0.715))
",-9999999.000,-9999999.000,0.000,0.000,1.000,0,0,0,3,3,0,0,3,0.0,0.0,0.0,0.0,0.0,1.0,-1
"F[0,1](Pt_CGMUseNumDays >= 0.000 -> Pt_ChildT1D >= 0.000)
",-9999999.000,-9999999.000,0.000,0.000,1.000,0,0,0,3,3,0,0,3,0.0,0.0,0.0,0.0,0.0,1.0,-1
"F[0,2](((NumPumpBolusOrShortAct >= 0.089 & WeightKg >= 27.593) | HbA1cImputeDtMnC >= 23.217) & NumPumpBolusOrShortAct <= 45.594)
",-9999999.000,-9999999.000,0.000,0.000,1.000,0,0,0,3,3,0,0,3,0.0,0.0,0.0,0.0,0.0,1.0,-1
"((Pt_MotherT1D <= 0.000) U[0,2] (bmi >= 16.106))
",-9999999.000,-9999999.000,0.000,0.000,1.000,0,0,0,3,3,0,0,3,0.0,0.0,0.0,0.0,0.0,1.0,-1
"F[2,2](GFR >= 0.000 | BUN >= 0.000)
",0.000,0.000,0.000,0.000,1.000,0,0,0,3,3,0,0,3,0.0,0.0,0.0,0.0,0.0,1.0,-1
"F[1,2](((HbA1c <= 9.620 & Pt_InsGov <= 0.290) -> HeightCm >= 0.054) -> GFR <= 0.277)
",-9999999.000,-9999999.000,0.000,0.000,1.000,0,0,0,3,3,0,0,3,0.0,0.0,0.0,0.0,0.0,1.0,-1
"F[1,2](((bmiPerc >= 0.462 & TotChol >= 51.221) | Pt_ChildT1D >= 19.336) -> HbA1c <= 149.516)
",-9999999.000,-9999999.000,0.000,0.000,1.000,0,0,0,3,3,0,0,3,0.0,0.0,0.0,0.0,0.0,1.0,-1
"((BGTestAvgNumPtRep >= 0.983) U[0,2] (HbA1cImputeDtMnC >= 18.793))
",-9999999.000,-9999999.000,0.000,0.000,1.000,0,0,0,3,3,0,0,3,0.0,0.0,0.0,0.0,0.0,1.0,-1
"((Triglyc >= 1.206) U[1,2] (Triglyc >= 16.649))
",-9999999.000,-9999999.000,0.000,0.000,1.000,0,0,0,3,3,0,0,3,0.0,0.0,0.0,0.0,0.0,1.0,-1
"F[0,1]((LDL <= 80.576 -> diabDur >= 1.400) | Pt_GrandchildT1D >= 1.071)
",-9999999.000,-9999999.000,0.000,0.000,1.000,0,0,0,3,3,0,0,3,0.0,0.0,0.0,0.0,0.0,1.0,-1
"F[2,2]((BGTestAvgNumPtRep >= 0.845 | WeightKg <= 42.392) -> Pt_CGMUseNumDays >= 25.849)
",-42.392,-42.392,0.000,0.000,1.000,0,0,0,3,3,0,0,3,0.0,0.0,0.0,0.0,0.0,1.0,-1
"F[1,2]((Pt_MotherT1D <= 0.000 | Pt_GrandchildT1D >= 0.000) & TSH <= 0.000)
",-9999999.000,-9999999.000,0.000,0.000,1.000,0,0,0,3,3,0,0,3,0.0,0.0,0.0,0.0,0.0,1.0,-1
"G[1,2](AlbCreatRat_mggNew <= 20.403 | HDL >= 2.893)
",9999999.000,9999999.000,0.000,1.000,0.000,0,0,2,1,1,2,2,1,0.0,0.0,1.0,0.0,0.0,1.0,1
"G[2,2]((diagAgeCombo <= 6.000 -> BldPrDia <= 65.902) | LDL <= 65.419)
",65.419,65.419,0.000,1.000,0.000,0,0,3,0,0,3,3,0,0.0,0.0,1.0,0.0,0.0,1.0,1
"G[0,2](((AutonomicNeuroCl >= 0.000 & BUN >= 0.000) | bmiZscore >= 0.000) | Pt_FatherT1D <= 0.000)
",9999999.000,9999999.000,0.000,1.000,0.000,0,0,3,0,0,3,3,0,0.0,0.0,1.0,0.0,0.0,1.0,1
"G[1,2](bmi >= 17.164 & Pt_A1cGoalLevelDsYr5 <= 0.000)
",9999999.000,9999999.000,0.000,1.000,0.000,0,0,2,1,1,2,2,1,0.0,0.0,1.0,0.0,0.0,1.0,1
"G[1,2](AlbCreatRat_mggNew <= 18.532 | AlbCreatRat_mggNew <= 19.099)
",9999999.000,9999999.000,0.000,1.000,0.000,0,0,2,1,1,2,2,1,0.0,0.0,1.0,0.0,0.0,1.0,1
"G[1,2]((bmiZscore <= 0.534 | HDL <= 59.660) & AlbCreatRat_mggNew >= 9.280)
",9999999.000,9999999.000,0.000,1.000,0.000,0,0,1,2,2,1,1,2,0.0,0.0,1.0,0.0,0.0,1.0,1
"G[1,2]((Pt_InsGov <= 0.807 | Pt_DKAFlg >= 0.000) -> Pt_ChildT1D >= 0.000)
",9999999.000,9999999.000,0.000,1.000,0.000,0,0,3,0,0,3,3,0,0.0,0.0,1.0,0.0,0.0,1.0,1
"G[1,2](((Pt_ChildT1D <= 0.000 | Pt_CGMUseNumDays >= 0.000) -> BldPrSys <= 0.000) -> bmiZscore <= 0.000)
",9999999.000,9999999.000,0.000,1.000,0.000,0,0,3,0,0,3,3,0,0.0,0.0,1.0,0.0,0.0,1.0,1
"G[0,2]((Pt_A1cGoalLevelDsYr5 <= 0.000 | bmiPerc <= 0.604) -> BGTestAvgNumPtRep <= 0.600)
",9999999.000,9999999.000,0.000,1.000,0.000,0,0,0,3,3,0,0,3,0.0,0.0,0.0,0.0,0.0,1.0,1
"G[1,2]((diagAgeCombo <= 6.000 | HeightCm >= 138.362) -> BldPrSys >= 132.685)
",9999999.000,9999999.000,0.000,1.000,0.000,0,0,0,3,3,0,0,3,0.0,0.0,0.0,0.0,0.0,1.0,1
"G[1,2](((HDL <= 32.488 -> diagAgeCombo >= 6.000) & Pt_CGMUseNumDays <= 6.000) & Pt_GrandchildT1D <= 6.000)
",9999999.000,9999999.000,0.000,1.000,0.000,0,0,3,0,0,3,3,0,0.0,0.0,1.0,0.0,0.0,1.0,1
"G[0,2]((age <= 12.772 & bmiPerc >= 0.508) | diagAgeCombo <= 0.693)
",9999999.000,9999999.000,0.000,1.000,0.000,0,0,0,3,3,0,0,3,0.0,0.0,0.0,0.0,0.0,1.0,1
"G[0,2](GFR >= 0.000 | HDL <= 60.139)
",9999999.000,9999999.000,0.000,1.000,0.000,0,0,3,0,0,3,3,0,0.0,0.0,1.0,0.0,0.0,1.0,1
"G[0,2]((Pt_MotherT1D <= 0.000 | BldPrDia <= 67.965) | AlbCreatRat_mggNew >= 63.404)
",9999999.000,9999999.000,0.000,1.000,0.000,0,0,3,0,0,3,3,0,0.0,0.0,1.0,0.0,0.0,1.0,1
"G[0,1](((TSH >= 0.327 & LDL <= 58.150) | bmi >= 35.301) | diabDur >= 41.352)
",9999999.000,9999999.000,0.000,1.000,0.000,0,0,0,3,3,0,0,3,0.0,0.0,0.0,0.0,0.0,1.0,1
"G[1,2]((UnitsInsBasalOrLongAct >= 12.202 | HbA1cImputeDtMnC <= 45.576) & GFR >= -1.165)
",9999999.000,9999999.000,0.000,1.000,0.000,0,0,3,0,0,3,3,0,0.0,0.0,1.0,0.0,0.0,1.0,1
"G[0,2]((NumPumpBolusOrShortAct <= 0.737 -> Triglyc <= 89.114) | AutonomicNeuroCl >= 8.243)
",9999999.000,9999999.000,0.000,1.000,0.000,0,0,2,1,1,2,2,1,0.0,0.0,1.0,0.0,0.0,1.0,1
"G[1,2](AlbCreatRat_mggNew >= 9.017 -> BldPrSys <= 122.860)
",9999999.000,9999999.000,0.000,1.000,0.000,0,0,3,0,0,3,3,0,0.0,0.0,1.0,0.0,0.0,1.0,1
"G[0,2]((BGTestAvgNumPtRep <= 3.004 | HbA1cImputeDtMnC >= 40.169) -> diabDur <= 42.678)
",9999999.000,9999999.000,0.000,1.000,0.000,0,0,3,0,0,3,3,0,0.0,0.0,1.0,0.0,0.0,1.0,1
"G[0,2]((Pt_CGMUseNumDays >= 0.000 | WeightKg >= 35.618) -> Pt_SHFlg >= 36.937)
",9999999.000,9999999.000,0.000,1.000,0.000,0,0,0,3,3,0,0,3,0.0,0.0,0.0,0.0,0.0,1.0,1
"G[1,2](((LDL <= 69.906 & Pt_InsGov <= 0.225) | AlbCreatRat_mggNew >= 0.118) & BGTestAvgNumPtRep <= 0.600)
",9999999.000,9999999.000,0.000,1.000,0.000,0,0,1,2,2,1,1,2,0.0,0.0,1.0,0.0,0.0,1.0,1
"G[2,2](BGTestAvgNumMeter >= 0.096 -> HbA1cImputeDtMnC <= 64.850)
",-64.850,-64.850,0.000,1.000,0.000,0,0,3,0,0,3,3,0,0.0,0.0,1.0,0.0,0.0,1.0,1
"G[1,2](((BGTestAvgNumMeter >= 0.572 -> WeightKg >= 29.895) | UnitsInsBasalOrLongAct >= 28.558) | HbA1cImputeDtMnC >= 33.584)
",9999999.000,9999999.000,0.000,1.000,0.000,0,0,3,0,0,3,3,0,0.0,0.0,1.0,0.0,0.0,1.0,1
"G[0,2](AlbCreatRat_mggNew >= 8.679 -> HbA1c <= 9.645)
",9999999.000,9999999.000,0.000,1.000,0.000,0,0,3,0,0,3,3,0,0.0,0.0,1.0,0.0,0.0,1.0,1
"G[2,2]((age <= 12.039 -> HDL >= 21.761) -> AlbCreatRat_mggNew >= 13.669)
",12.039,12.039,0.000,1.000,0.000,0,0,3,0,0,3,3,0,0.0,0.0,1.0,0.0,0.0,1.0,1
"G[1,2]((HbA1cImputeDtMnC <= 57.272 & LDL >= 13.917) | GFR <= 59.595)
",9999999.000,9999999.000,0.000,1.000,0.000,0,0,3,0,0,3,3,0,0.0,0.0,1.0,0.0,0.0,1.0,1
"G[0,2]((age <= 12.281 | Pt_InsGov >= 0.132) & AlbCreatRat_mggNew <= 0.553)
",9999999.000,9999999.000,0.000,1.000,0.000,0,0,0,3,3,0,0,3,0.0,0.0,0.0,0.0,0.0,1.0,1
"G[0,2](((Pt_SHFlg >= 0.000 | BGTestAvgNumPtRep >= 0.718) | BGTestAvgNumMeter <= 2.953) & HbA1cImputeDtMnC <= 4.952)
",9999999.000,9999999.000,0.000,1.000,0.000,0,0,0,3,3,0,0,3,0.0,0.0,0.0,0.0,0.0,1.0,1
"G[1,2]((HbA1cImputeDtMnC <= 66.788 | WeightKg <= 41.972) & bmiZscore <= 43.935)
",9999999.000,9999999.000,0.000,1.000,0.000,0,0,2,1,1,2,2,1,0.0,0.0,1.0,0.0,0.0,1.0,1
"G[0,2]((diabDur >= 3.279 -> Pt_GrandparentT1D >= 0.000) | BGTestAvgNumPtRep >= 0.000)
",9999999.000,9999999.000,0.000,1.000,0.000,0,0,3,0,0,3,3,0,0.0,0.0,1.0,0.0,0.0,1.0,1
"G[1,2](((DirectLDL >= 0.000 | Pt_SiblingT1D >= 0.000) & LDL <= 0.000) -> Pt_FatherT1D <= 0.000)
",9999999.000,9999999.000,0.000,1.000,0.000,0,0,3,0,0,3,3,0,0.0,0.0,1.0,0.0,0.0,1.0,1
"G[0,2](Pt_SHFlg <= 0.000 -> diagAgeCombo >= 6.000)
",9999999.000,9999999.000,0.000,1.000,0.000,0,0,3,0,0,3,3,0,0.0,0.0,1.0,0.0,0.0,1.0,1
"G[2,2](((Pt_SiblingT1D >= 0.000 | HbA1c >= 8.784) -> bmi <= 9.582) -> HbA1cImputeDtMnC >= 8.209)
",8.209,8.209,0.000,1.000,0.000,0,0,3,0,0,3,3,0,0.0,0.0,1.0,0.0,0.0,1.0,1
"G[1,2]((NumPumpBolusOrShortAct <= 0.848 & age >= 8.337) -> TSH <= 11.332)
",9999999.000,9999999.000,0.000,1.000,0.000,0,0,3,0,0,3,3,0,0.0,0.0,1.0,0.0,0.0,1.0,1
"G[0,1](((HbA1c >= 8.246 & Pt_InsGov >= 0.154) & Pt_MotherT1D <= 0.182) & bmiPerc <= 0.755)
",9999999.000,9999999.000,0.000,1.000,0.000,0,0,0,3,3,0,0,3,0.0,0.0,0.0,0.0,0.0,1.0,1
"G[1,2]((bmi <= 20.462 & DirectLDL >= 0.000) | BGTestAvgNumPtRep <= 0.000)
",9999999.000,9999999.000,0.000,1.000,0.000,0,0,2,1,1,2,2,1,0.0,0.0,1.0,0.0,0.0,1.0,1
"G[0,2](((HbA1c >= 8.700 & age >= 9.654) -> Pt_CGMUseNumDays >= 7.565) & DirectLDL <= 11.961)
",9999999.000,9999999.000,0.000,1.000,0.000,0,0,1,2,2,1,1,2,0.0,0.0,1.0,0.0,0.0,1.0,1
"G[0,1](((Pt_FatherT1D <= 0.000 | HDL >= 1.077) | BUN >= 0.617) & Pt_FatherT1D >= 17.237)
",9999999.000,9999999.000,0.000,1.000,0.000,0,0,0,3,3,0,0,3,0.0,0.0,0.0,0.0,0.0,1.0,1
"G[0,2]((age <= 10.929 -> Pt_A1cGoalLevelDsYr5 <= 0.000) | Pt_GrandchildT1D >= 0.000)
",9999999.000,9999999.000,0.000,1.000,0.000,0,0,3,0,0,3,3,0,0.0,0.0,1.0,0.0,0.0,1.0,1
"G[0,2](((AlbCreatRat_mggNew >= 6.182 & Pt_CGMUseNumDays >= 0.000) | TotalDailyInsPerKg >= 0.000) & SMBGperDayPtMeterCombo >= 0.000)
",9999999.000,9999999.000,0.000,1.000,0.000,0,0,3,0,0,3,3,0,0.0,0.0,1.0,0.0,0.0,1.0,1
"G[1,2]((AutonomicNeuroCl >= 0.000 & HeightCm >= 127.933) | BldPrDia <= 154.262)
",9999999.000,9999999.000,0.000,1.000,0.000,0,0,3,0,0,3,3,0,0.0,0.0,1.0,0.0,0.0,1.0,1
"G[0,2](((HbA1c >= 8.585 & age <= 11.086) & Pt_GrandchildT1D <= 10.996) | GFR <= 12.510)
",9999999.000,9999999.000,0.000,1.000,0.000,0,0,3,0,0,3,3,0,0.0,0.0,1.0,0.0,0.0,1.0,1
"G[2,2]((DirectLDL <= 0.000 & DirectLDL <= 0.000) & diagAgeCombo <= 0.000)
",0.000,0.000,0.000,1.000,0.000,0,0,3,0,0,3,3,0,0.0,0.0,1.0,0.0,0.0,1.0,1
"G[2,2](bmi >= 17.795 -> HDL >= 14.913)
",8395294540614453.000,14.913,0.000,1.000,0.000,0,0,3,0,0,3,3,0,0.0,0.0,1.0,0.0,0.0,1.0,1
"G[0,0](((HbA1c <= 9.271 & UnitsInsBasalOrLongAct <= 27.265) -> diagAgeCombo >= 3.981) -> GFR >= 10.596)
",4.362,7.978,0.000,1.000,0.000,0,0,0,3,3,0,0,3,0.0,0.0,0.0,0.0,0.0,1.0,1
"G[1,2]((HDL <= 40.692 | Pt_FatherT1D >= 0.000) & TotalDailyInsPerKg <= 0.000)
",9999999.000,9999999.000,0.000,1.000,0.000,0,0,1,2,2,1,1,2,0.0,0.0,1.0,0.0,0.0,1.0,1
"G[1,2]((bmiPerc <= 0.607 & NumPumpBolusOrShortAct >= 0.524) | Triglyc <= 1.823)
",9999999.000,9999999.000,0.000,1.000,0.000,0,0,2,1,1,2,2,1,0.0,0.0,1.0,0.0,0.0,1.0,1
"G[1,2](((Pt_InsGov >= 0.029 -> bmi >= 17.843) | Triglyc >= 15.874) & age >= 15.991)
",9999999.000,9999999.000,0.000,1.000,0.000,0,0,0,3,3,0,0,3,0.0,0.0,0.0,0.0,0.0,1.0,1
"G[0,2](((BUN >= 0.000 & HeightCm <= 154.169) & BUN <= 150.180) | HeightCm <= 143.325)
",9999999.000,9999999.000,0.000,1.000,0.000,0,0,2,1,1,2,2,1,0.0,0.0,1.0,0.0,0.0,1.0,1
"G[1,2](Pt_DKAFlg >= 0.000 -> Pt_FatherT1D <= 0.000)
",9999999.000,9999999.000,0.000,1.000,0.000,0,0,3,0,0,3,3,0,0.0,0.0,1.0,0.0,0.0,1.0,1
"G[0,2](diabDur >= 2.014 -> age >= 7.865)
",9999999.000,9999999.000,0.000,1.000,0.000,0,0,3,0,0,3,3,0,0.0,0.0,1.0,0.0,0.0,1.0,1
"G[2,2](((BGTestAvgNumMeter >= 0.677 & Pt_A1cGoalLevelDsYr5 <= 0.000) -> WeightKg >= 0.000) -> TSH <= 0.000)
",0.000,0.000,0.000,1.000,0.000,0,0,3,0,0,3,3,0,0.0,0.0,1.0,0.0,0.0,1.0,1
"G[1,2]((Triglyc >= 38.585 -> Pt_InsGov >= 0.004) & Pt_A1cGoalLevelDsYr5 <= 0.662)
",9999999.000,9999999.000,0.000,1.000,0.000,0,0,2,1,1,2,2,1,0.0,0.0,1.0,0.0,0.0,1.0,1
"F[1,2](((SMBGperDayPtMeterCombo <= 4.204 -> AutonomicNeuroCl <= 0.000) | Pt_DKAFlg <= 0.000) & bmiPerc <= 0.000)
",-9999999.000,-9999999.000,0.000,0.000,1.000,0,0,0,3,3,0,0,3,0.0,0.0,0.0,0.0,0.0,1.0,-1
