Rule,Discrimination Score,Pos Robustness,Neg Robustness,Percent Class +,Percent Class -,TP,TN,FP,FN,Actual Yes,Actual No,Predicted Yes,Predicted No,TPR/Sens,TNR/Spec,FPR,Precision,Accuracy,MCR
"G[0,0]((diabDur >= 26.305 | HDL >= 50.428) & bmiPerc <= 59.537)
",9.002,25.531,0.000,1.000,0.000,2,1,0,0,2,1,2,1,1.0,1.0,0.0,1.0,1.2,-0.19999999999999996
"G[0,0](((GFR <= 105.116 | Triglyc >= 106.542) | HbA1cImputeDtMnC <= 123.933) | Pt_SiblingT1D >= 115.879)
",23.787,118.933,0.000,1.000,0.000,2,0,1,0,2,1,3,0,1.0,0.0,1.0,0.6666666666666666,0.8,0.19999999999999996
"G[0,0]((HDL <= 61.411 & NumPumpBolusOrShortAct >= 3.807) -> SMBGperDayPtMeterCombo >= 3.091)
",-67.909,-67.909,0.000,1.000,0.000,2,0,1,0,2,1,3,0,1.0,0.0,1.0,0.6666666666666666,0.8,0.19999999999999996
"G[0,0](((BldPrDia <= 70.971 -> BGTestAvgNumMeter <= 8.761) & Pt_ChildT1D >= 6.338) | Pt_CGMUseNumDays <= 8.300)
",-6.338,-6.338,0.000,1.000,0.000,2,0,1,0,2,1,3,0,1.0,0.0,1.0,0.6666666666666666,0.8,0.19999999999999996
"G[1,1](LDL >= 83.790 -> Pt_SHFlg = 0.108)
",0.108,0.108,0.000,1.000,0.000,1,1,1,0,1,2,2,1,1.0,0.5,0.5,0.5,0.8,0.19999999999999996
"G[0,0]((BGTestAvgNumPtRep <= 6.665 | TotalDailyInsPerKg >= 0.540) -> HbA1c >= 0.418)
",-57.921,-28.960,0.000,1.000,0.000,2,0,1,0,2,1,3,0,1.0,0.0,1.0,0.6666666666666666,0.8,0.19999999999999996
"G[1,1](age <= 49.553 -> HeightCm <= 173.636)
",-173.636,-173.636,0.000,1.000,0.000,1,1,1,0,1,2,2,1,1.0,0.5,0.5,0.5,0.8,0.19999999999999996
"G[0,0](Pt_InsGov <= 0.000 | TSH >= 1.006)
",-1.000,-1.000,0.000,1.000,0.000,2,0,1,0,2,1,3,0,1.0,0.0,1.0,0.6666666666666666,0.8,0.19999999999999996
"G[0,0]((TotChol >= 87.256 -> UnitsInsBasalOrLongAct >= 6.813) | Pt_FatherT1D <= 17.665)
",17.665,17.665,0.000,1.000,0.000,2,0,1,0,2,1,3,0,1.0,0.0,1.0,0.6666666666666666,0.8,0.19999999999999996
"G[0,0](((bmiZscore <= 0.287 | diabDur <= 29.101) & Pt_A1cGoalLev <= 29.657) -> UnitsInsBasalOrLongAct >= 25.544)
",-0.287,-0.287,0.000,1.000,0.000,1,1,0,1,2,1,1,2,0.5,1.0,0.0,1.0,0.8,0.19999999999999996
"G[1,1](Pt_FatherT1D <= 0.000 -> AlbCreatRat_mggNew >= 11.493)
",0.000,0.000,0.000,1.000,0.000,1,1,1,0,1,2,2,1,1.0,0.5,0.5,0.5,0.8,0.19999999999999996
"G[0,0]((NumPumpBolusOrShortAct >= 3.613 -> NumPumpBolusOrShortAct >= 1.479) | BldPrSys >= 1.696)
",1.479,1.479,0.000,1.000,0.000,2,0,1,0,2,1,3,0,1.0,0.0,1.0,0.6666666666666666,0.8,0.19999999999999996
"G[1,1](age <= 48.566 -> BldPrSys >= 114.331)
",-48.566,-48.566,0.000,1.000,0.000,1,1,1,0,1,2,2,1,1.0,0.5,0.5,0.5,0.8,0.19999999999999996
"G[0,0](((Pt_CGMUseNumDays <= 0.000 & bmiZscore <= 0.321) | DirectLDL >= 0.079) | GFR >= -0.012)
",172.641,172.641,0.000,1.000,0.000,2,0,1,0,2,1,3,0,1.0,0.0,1.0,0.6666666666666666,0.8,0.19999999999999996
"G[0,1](HbA1cImputeDtMnC >= 15.874 -> Triglyc <= 131.780)
",9999999.000,9999999.000,0.000,1.000,0.000,1,1,1,0,1,2,2,1,1.0,0.5,0.5,0.5,0.8,0.19999999999999996
"G[0,0](((diabDur <= 28.674 | BGTestAvgNumMeter <= 6.972) & age >= 4.148) | Pt_FatherT1D >= 5.838)
",-5.838,-5.838,0.000,1.000,0.000,2,0,1,0,2,1,3,0,1.0,0.0,1.0,0.6666666666666666,0.8,0.19999999999999996
"G[1,1]((HeightCm <= 173.485 & Pt_ChildT1D <= 0.000) | NumPumpBolusOrShortAct <= 0.000)
",0.000,0.000,0.000,1.000,0.000,1,1,1,0,1,2,2,1,1.0,0.5,0.5,0.5,0.8,0.19999999999999996
"G[0,1]((Pt_GrandchildT1D <= 0.000 & BGTestAvgNumMeter <= 8.894) & Pt_A1cGoalLevelDsYr5 <= 8.308)
",9999999.000,9999999.000,0.000,1.000,0.000,1,1,1,0,1,2,2,1,1.0,0.5,0.5,0.5,0.8,0.19999999999999996
"G[1,1]((WeightKg >= 86.993 | bmi >= 29.121) -> UnitsInsBasalOrLongAct <= 26.764)
",-26.764,-26.764,0.000,1.000,0.000,1,1,1,0,1,2,2,1,1.0,0.5,0.5,0.5,0.8,0.19999999999999996
"G[0,0]((diabDur <= 30.221 -> BUN <= 13.921) -> diagAgeCombo >= 11.201)
",-1.474,-55.289,0.000,1.000,0.000,2,0,1,0,2,1,3,0,1.0,0.0,1.0,0.6666666666666666,0.8,0.19999999999999996
"G[0,0]((HDL <= 69.714 & bmi <= 30.918) -> BldPrSys >= 28.601)
",0.455,8.944,0.000,1.000,0.000,2,0,1,0,2,1,3,0,1.0,0.0,1.0,0.6666666666666666,0.8,0.19999999999999996
"G[0,0](GFR <= 77.026 -> BUN >= 10.276)
",-23.493,-82.224,0.000,1.000,0.000,2,0,1,0,2,1,3,0,1.0,0.0,1.0,0.6666666666666666,0.8,0.19999999999999996
"G[1,1]((Pt_FatherT1D >= 0.000 & age >= 47.400) & Triglyc >= 46.484)
",-47.400,-47.400,0.000,1.000,0.000,1,1,1,0,1,2,2,1,1.0,0.5,0.5,0.5,0.8,0.19999999999999996
"G[0,0](((age >= 44.284 -> TSH <= 1.873) -> diagAgeCombo <= 1.745) | Pt_ChildT1D <= 2.202)
",2.202,2.202,0.000,1.000,0.000,2,0,1,0,2,1,3,0,1.0,0.0,1.0,0.6666666666666666,0.8,0.19999999999999996
"G[0,0](HDL >= 52.968 | Pt_A1cGoalLevelDsYr5 <= 0.000)
",1.223,33.032,0.000,1.000,0.000,2,0,1,0,2,1,3,0,1.0,0.0,1.0,0.6666666666666666,0.8,0.19999999999999996
"G[0,1](SMBGperDayPtMeterCombo >= 4.929 & BGTestAvgNumPtRep >= 1.619)
",9999999.000,9999999.000,0.000,1.000,0.000,0,1,0,2,2,1,0,3,0.0,1.0,0.0,0.0,0.4,0.6
"G[0,1]((Pt_A1cGoalLev <= 0.000 & HeightCm >= 172.855) & DirectLDL >= 172.857)
",9999999.000,9999999.000,0.000,1.000,0.000,0,1,0,2,2,1,0,3,0.0,1.0,0.0,0.0,0.4,0.6
"G[1,2]((HeightCm <= 173.659 & Pt_GrandchildT1D >= 0.000) & NumPumpBolusOrShortAct >= 0.000)
",9999999.000,9999999.000,0.000,1.000,0.000,0,1,2,0,0,3,2,1,0.0,0.3333333333333333,0.6666666666666666,0.0,0.4,0.6
"G[0,1](AlbCreatRat_mggNew <= 14.601 -> WeightKg >= 89.483)
",9999999.000,9999999.000,0.000,1.000,0.000,1,0,2,0,1,2,3,0,1.0,0.0,1.0,0.3333333333333333,0.4,0.6
"G[0,2](BldPrSys <= 117.599 & WeightKg >= 89.296)
",9999999.000,9999999.000,0.000,1.000,0.000,0,1,0,2,2,1,0,3,0.0,1.0,0.0,0.0,0.4,0.6
"G[1,1](GFR <= 78.270 -> HeightCm <= 173.873)
",-173.873,-173.873,0.000,1.000,0.000,1,0,2,0,1,2,3,0,1.0,0.0,1.0,0.3333333333333333,0.4,0.6
"G[0,1]((HbA1cImputeDtMnC >= 26.085 -> HeightCm <= 173.829) -> TSH >= 173.149)
",9999999.000,9999999.000,0.000,1.000,0.000,0,1,1,1,1,2,1,2,0.0,0.5,0.5,0.0,0.4,0.6
"G[0,1]((diabDur >= 26.939 | SMBGperDayPtMeterCombo >= 4.974) -> BUN >= 6.344)
",9999999.000,9999999.000,0.000,1.000,0.000,1,0,2,0,1,2,3,0,1.0,0.0,1.0,0.3333333333333333,0.4,0.6
"G[0,2](LDL >= 92.842 & Pt_SHFlg <= 0.743)
",9999999.000,9999999.000,0.000,1.000,0.000,0,1,1,1,1,2,1,2,0.0,0.5,0.5,0.0,0.4,0.6
"G[0,2](LDL >= 63.639 -> TSH >= 1.014)
",9999999.000,9999999.000,0.000,1.000,0.000,0,1,1,1,1,2,1,2,0.0,0.5,0.5,0.0,0.4,0.6
"G[0,1](((BldPrSys >= 114.707 -> NumPumpBolusOrShortAct <= 6.956) & age >= 2.786) & TotChol >= 3.409)
",9999999.000,9999999.000,0.000,1.000,0.000,0,1,1,1,1,2,1,2,0.0,0.5,0.5,0.0,0.4,0.6
"G[0,1]((TotalDailyInsPerKg >= 0.414 -> UnitsInsBasalOrLongAct <= 23.359) -> Pt_SHFlg >= 7.785)
",9999999.000,9999999.000,0.000,1.000,0.000,0,1,0,2,2,1,0,3,0.0,1.0,0.0,0.0,0.4,0.6
"G[1,1]((HbA1c >= 1.682 & Pt_SHFlg <= 0.845) & Pt_FatherT1D >= 0.042)
",-1.682,-1.682,0.000,1.000,0.000,0,1,1,1,1,2,1,2,0.0,0.5,0.5,0.0,0.4,0.6
"G[1,2]((BGTestAvgNumPtRep >= 0.445 & NumPumpBolusOrShortAct <= 5.421) & DirectLDL <= 6.993)
",9999999.000,9999999.000,0.000,1.000,0.000,0,1,1,1,1,2,1,2,0.0,0.5,0.5,0.0,0.4,0.6
"G[0,2](((TSH <= 1.915 & BUN >= 10.665) | diagAgeCombo <= 13.407) -> bmiZscore >= 10.451)
",9999999.000,9999999.000,0.000,1.000,0.000,0,1,1,1,1,2,1,2,0.0,0.5,0.5,0.0,0.4,0.6
"G[1,1](BGTestAvgNumMeter <= 7.813 | BGTestAvgNumPtRep <= 5.863)
",7.813,7.813,0.000,1.000,0.000,1,0,2,0,1,2,3,0,1.0,0.0,1.0,0.3333333333333333,0.4,0.6
"G[0,1](((diabDur >= 26.675 & TotalDailyInsPerKg >= 0.569) | Pt_ChildT1D <= 0.741) -> LDL <= 0.735)
",9999999.000,9999999.000,0.000,1.000,0.000,0,1,0,2,2,1,0,3,0.0,1.0,0.0,0.0,0.4,0.6
"G[0,1](((bmiPerc >= 0.000 -> Pt_A1cGoalLev >= 0.000) & WeightKg >= 0.000) | Pt_MotherT1D >= 0.000)
",9999999.000,9999999.000,0.000,1.000,0.000,1,0,2,0,1,2,3,0,1.0,0.0,1.0,0.3333333333333333,0.4,0.6
"G[0,1](((BUN <= 12.458 | UnitsInsBasalOrLongAct <= 18.567) | Pt_A1cGoalLevelDsYr5 <= 19.074) | TotalDailyInsPerKg >= 9.480)
",9999999.000,9999999.000,0.000,1.000,0.000,1,0,2,0,1,2,3,0,1.0,0.0,1.0,0.3333333333333333,0.4,0.6
"G[1,2]((AlbCreatRat_mggNew <= 20.844 & SMBGperDayPtMeterCombo <= 8.676) -> Pt_A1cGoalLevelDsYr5 >= 5.877)
",9999999.000,9999999.000,0.000,1.000,0.000,0,1,2,0,0,3,2,1,0.0,0.3333333333333333,0.6666666666666666,0.0,0.4,0.6
"G[0,1](WeightKg >= 88.263 & SMBGperDayPtMeterCombo >= 4.954)
",9999999.000,9999999.000,0.000,1.000,0.000,1,0,1,1,2,1,2,1,0.5,0.0,1.0,0.5,0.4,0.6
"G[1,1](((HDL <= 56.605 -> HeightCm <= 173.811) -> bmi >= 172.755) -> TotChol >= 172.795)
",-172.755,-172.755,0.000,1.000,0.000,1,0,2,0,1,2,3,0,1.0,0.0,1.0,0.3333333333333333,0.4,0.6
"G[0,2]((AlbCreatRat_mggNew >= 6.020 & NumPumpBolusOrShortAct <= 4.992) | HbA1cImputeDtMnC <= 8.555)
",9999999.000,9999999.000,0.000,1.000,0.000,0,1,1,1,1,2,1,2,0.0,0.5,0.5,0.0,0.4,0.6
"G[0,0](((LDL >= 60.870 -> TotChol <= 125.274) -> BGTestAvgNumPtRep <= 117.825) & TotalDailyInsPerKg >= 44.748)
",-222.650,-111.325,0.000,1.000,0.000,0,1,0,2,2,1,0,3,0.0,1.0,0.0,0.0,0.4,0.6
"G[0,2](diabDur <= 30.490 & UnitsInsBasalOrLongAct <= 22.648)
",9999999.000,9999999.000,0.000,1.000,0.000,0,1,0,2,2,1,0,3,0.0,1.0,0.0,0.0,0.4,0.6
"G[1,2]((GFR >= 37.269 -> NumPumpBolusOrShortAct >= 3.540) -> GFR <= 10.773)
",9999999.000,9999999.000,0.000,1.000,0.000,0,1,2,0,0,3,2,1,0.0,0.3333333333333333,0.6666666666666666,0.0,0.4,0.6
"G[0,1](GFR <= 113.221 -> BUN >= 11.054)
",9999999.000,9999999.000,0.000,1.000,0.000,0,1,1,1,1,2,1,2,0.0,0.5,0.5,0.0,0.4,0.6
"G[0,2]((Pt_InsGov >= 0.000 -> TotalDailyInsPerKg >= 0.586) & UnitsInsBasalOrLongAct <= 0.604)
",9999999.000,9999999.000,0.000,1.000,0.000,0,1,0,2,2,1,0,3,0.0,1.0,0.0,0.0,0.4,0.6
"G[1,2](((bmiPerc >= 0.000 & AlbCreatRat_mggNew <= 18.081) & LDL <= 14.569) & bmiZscore >= 12.906)
",9999999.000,9999999.000,0.000,1.000,0.000,0,1,1,1,1,2,1,2,0.0,0.5,0.5,0.0,0.4,0.6
"G[1,2](((AutonomicNeuroCl <= 1.000 & TSH >= 1.036) | Pt_InsGov >= 0.081) -> Pt_InsGov >= 1.203)
",9999999.000,9999999.000,0.000,1.000,0.000,0,1,1,1,1,2,1,2,0.0,0.5,0.5,0.0,0.4,0.6
"G[0,2]((bmiZscore <= 0.316 & HDL >= 52.888) & AlbCreatRat_mggNew <= 60.024)
",9999999.000,9999999.000,0.000,1.000,0.000,0,1,1,1,1,2,1,2,0.0,0.5,0.5,0.0,0.4,0.6
"G[1,2](HbA1c <= 5.337 & HDL >= 49.212)
",9999999.000,9999999.000,0.000,1.000,0.000,0,1,2,0,0,3,2,1,0.0,0.3333333333333333,0.6666666666666666,0.0,0.4,0.6
"G[0,1](Pt_MotherT1D >= 0.085 | Pt_A1cGoalLev >= 0.000)
",9999999.000,9999999.000,0.000,1.000,0.000,1,0,2,0,1,2,3,0,1.0,0.0,1.0,0.3333333333333333,0.4,0.6
"G[0,2](bmi >= 28.816 & GFR >= 9.762)
",9999999.000,9999999.000,0.000,1.000,0.000,0,1,0,2,2,1,0,3,0.0,1.0,0.0,0.0,0.4,0.6
"G[0,1](((diabDur <= 30.439 | TSH >= 0.798) | BUN >= 0.637) & UnitsInsBasalOrLongAct <= 2.115)
",9999999.000,9999999.000,0.000,1.000,0.000,0,1,1,1,1,2,1,2,0.0,0.5,0.5,0.0,0.4,0.6
"G[0,2](((Pt_CGMUseNumDays >= 0.000 -> LDL <= 125.168) | Pt_GrandparentT1D >= 70.700) & age >= 87.207)
",9999999.000,9999999.000,0.000,1.000,0.000,0,1,0,2,2,1,0,3,0.0,1.0,0.0,0.0,0.4,0.6
"G[0,1]((Pt_SHFlg >= 0.190 & diabDur <= 29.558) -> bmi >= 28.520)
",9999999.000,9999999.000,0.000,1.000,0.000,1,0,2,0,1,2,3,0,1.0,0.0,1.0,0.3333333333333333,0.4,0.6
"G[0,2]((Pt_ChildT1D >= 0.000 -> SMBGperDayPtMeterCombo <= 7.745) | Pt_CGMUseNumDays >= 6.540)
",9999999.000,9999999.000,0.000,1.000,0.000,0,1,2,0,0,3,2,1,0.0,0.3333333333333333,0.6666666666666666,0.0,0.4,0.6
"G[0,1]((BUN <= 13.405 | Pt_A1cGoalLevelDsYr5 >= 0.000) & NumPumpBolusOrShortAct <= 0.000)
",9999999.000,9999999.000,0.000,1.000,0.000,0,1,1,1,1,2,1,2,0.0,0.5,0.5,0.0,0.4,0.6
"G[1,1](((HbA1cImputeDtMnC <= 37.506 & bmiPerc >= 0.000) & NumPumpBolusOrShortAct >= 0.000) -> UnitsInsBasalOrLongAct <= 0.000)
",0.000,0.000,0.000,1.000,0.000,0,1,1,1,1,2,1,2,0.0,0.5,0.5,0.0,0.4,0.6
"G[0,2](((Pt_A1cGoalLev <= 0.000 -> Pt_ChildT1D <= 0.000) -> DirectLDL >= 0.000) & BGTestAvgNumPtRep <= 0.000)
",9999999.000,9999999.000,0.000,1.000,0.000,0,1,2,0,0,3,2,1,0.0,0.3333333333333333,0.6666666666666666,0.0,0.4,0.6
"G[0,2](((TotChol <= 130.535 & WeightKg >= 89.241) -> Pt_CGMUseNumDays >= 88.732) & Pt_SiblingT1D <= 91.675)
",9999999.000,9999999.000,0.000,1.000,0.000,0,1,1,1,1,2,1,2,0.0,0.5,0.5,0.0,0.4,0.6
"G[1,1](((AutonomicNeuroCl >= 1.000 | BGTestAvgNumMeter >= 4.738) -> Pt_A1cGoalLev <= 6.768) & Pt_ChildT1D <= 8.489)
",-6.768,-6.768,0.000,1.000,0.000,1,0,2,0,1,2,3,0,1.0,0.0,1.0,0.3333333333333333,0.4,0.6
"G[0,1]((Pt_InsGov <= 0.000 | HDL <= 64.646) -> BldPrDia >= 53.298)
",9999999.000,9999999.000,0.000,1.000,0.000,1,0,2,0,1,2,3,0,1.0,0.0,1.0,0.3333333333333333,0.4,0.6
"G[1,1](((diabDur >= 27.589 & Pt_DKAFlg >= 0.000) -> TotChol <= 0.000) & TotChol <= 0.000)
",0.000,0.000,0.000,1.000,0.000,0,1,1,1,1,2,1,2,0.0,0.5,0.5,0.0,0.4,0.6
"G[0,1](((bmiZscore <= 0.352 & HDL >= 54.570) -> Pt_GrandchildT1D <= 63.165) -> age <= 60.224)
",9999999.000,9999999.000,0.000,1.000,0.000,1,0,2,0,1,2,3,0,1.0,0.0,1.0,0.3333333333333333,0.4,0.6
"G[1,1](BGTestAvgNumPtRep >= 1.798 -> BUN <= 13.077)
",-13.077,-13.077,0.000,1.000,0.000,1,0,2,0,1,2,3,0,1.0,0.0,1.0,0.3333333333333333,0.4,0.6
"G[1,1]((UnitsInsBasalOrLongAct >= 8.985 -> SMBGperDayPtMeterCombo >= 4.875) | BGTestAvgNumPtRep <= 7.232)
",7.232,7.232,0.000,1.000,0.000,1,0,2,0,1,2,3,0,1.0,0.0,1.0,0.3333333333333333,0.4,0.6
"G[0,1]((HDL >= 48.584 | HDL <= 63.502) | Pt_ChildT1D <= 59.347)
",9999999.000,9999999.000,0.000,1.000,0.000,1,0,2,0,1,2,3,0,1.0,0.0,1.0,0.3333333333333333,0.4,0.6
"G[0,2]((HbA1cImputeDtMnC <= 67.202 & TSH >= 0.984) & LDL <= 1.464)
",9999999.000,9999999.000,0.000,1.000,0.000,0,1,0,2,2,1,0,3,0.0,1.0,0.0,0.0,0.4,0.6
"G[0,0](((BldPrSys >= 113.401 & TotalDailyInsPerKg <= 0.653) | age <= 0.720) | diabDur <= 0.652)
",0.720,0.720,0.000,1.000,0.000,0,1,0,2,2,1,0,3,0.0,1.0,0.0,0.0,0.4,0.6
"G[1,2]((bmi <= 29.986 & HDL <= 69.053) & BldPrDia <= 59.927)
",9999999.000,9999999.000,0.000,1.000,0.000,0,1,1,1,1,2,1,2,0.0,0.5,0.5,0.0,0.4,0.6
"G[1,2](((BldPrDia >= 70.113 | UnitsInsBasalOrLongAct <= 27.395) | AutonomicNeuroCl >= 6.482) & Pt_ChildT1D >= 13.817)
",9999999.000,9999999.000,0.000,1.000,0.000,0,1,1,1,1,2,1,2,0.0,0.5,0.5,0.0,0.4,0.6
"G[0,0]((Pt_SHFlg >= 0.115 | BldPrDia <= 71.946) & bmiPerc >= 70.229)
",-257.886,-39.211,0.000,1.000,0.000,0,1,0,2,2,1,0,3,0.0,1.0,0.0,0.0,0.4,0.6
"G[0,2]((BUN >= 10.643 | SMBGperDayPtMeterCombo <= 6.880) & NumPumpBolusOrShortAct >= 4.549)
",9999999.000,9999999.000,0.000,1.000,0.000,0,1,0,2,2,1,0,3,0.0,1.0,0.0,0.0,0.4,0.6
"G[1,1]((HeightCm <= 173.716 & SMBGperDayPtMeterCombo <= 8.121) & HeightCm <= 7.469)
",7.469,7.469,0.000,1.000,0.000,0,1,1,1,1,2,1,2,0.0,0.5,0.5,0.0,0.4,0.6
"G[1,1](((BldPrSys <= 119.518 & UnitsInsBasalOrLongAct <= 21.098) -> Pt_ChildT1D >= 14.137) -> TSH >= 7.497)
",7.497,7.497,0.000,1.000,0.000,0,1,1,1,1,2,1,2,0.0,0.5,0.5,0.0,0.4,0.6
"G[0,1](((BUN <= 13.881 | BUN >= 10.568) -> Pt_A1cGoalLevelDsYr5 <= 13.365) | Pt_FatherT1D <= 13.568)
",9999999.000,9999999.000,0.000,1.000,0.000,1,0,2,0,1,2,3,0,1.0,0.0,1.0,0.3333333333333333,0.4,0.6
"G[0,1](((Pt_GrandparentT1D >= 0.000 -> Pt_MotherT1D <= 0.927) & TotChol >= 0.115) & BldPrSys >= 0.007)
",9999999.000,9999999.000,0.000,1.000,0.000,0,1,1,1,1,2,1,2,0.0,0.5,0.5,0.0,0.4,0.6
"G[1,1](((Pt_SHFlg <= 0.944 -> Pt_CGMUseNumDays <= 0.000) | bmiPerc <= 0.000) & age >= 0.000)
",0.000,0.000,0.000,1.000,0.000,1,0,2,0,1,2,3,0,1.0,0.0,1.0,0.3333333333333333,0.4,0.6
"G[0,1](((LDL >= 91.713 -> UnitsInsBasalOrLongAct <= 24.367) -> HbA1cImputeDtMnC <= 27.032) | Pt_MotherT1D <= 25.456)
",9999999.000,9999999.000,0.000,1.000,0.000,1,0,2,0,1,2,3,0,1.0,0.0,1.0,0.3333333333333333,0.4,0.6
"G[1,2]((BldPrDia >= 70.017 & NumPumpBolusOrShortAct >= 2.094) & HeightCm >= 2.583)
",9999999.000,9999999.000,0.000,1.000,0.000,0,1,1,1,1,2,1,2,0.0,0.5,0.5,0.0,0.4,0.6
"G[1,1]((Pt_SHFlg <= 0.951 | Pt_SiblingT1D >= 0.000) & Pt_SiblingT1D <= 0.000)
",0.000,0.000,0.000,1.000,0.000,1,0,2,0,1,2,3,0,1.0,0.0,1.0,0.3333333333333333,0.4,0.6
"G[0,1](AutonomicNeuroCl <= 1.000 -> Pt_SHFlg = 0.833)
",9999999.000,9999999.000,0.000,1.000,0.000,0,1,0,2,2,1,0,3,0.0,1.0,0.0,0.0,0.4,0.6
"G[0,1](BldPrSys >= 115.127 & Pt_SHFlg = 0.030)
",9999999.000,9999999.000,0.000,1.000,0.000,0,1,0,2,2,1,0,3,0.0,1.0,0.0,0.0,0.4,0.6
"G[1,2](WeightKg >= 86.170 & Pt_SHFlg = 0.821)
",9999999.000,9999999.000,0.000,1.000,0.000,0,1,1,1,1,2,1,2,0.0,0.5,0.5,0.0,0.4,0.6
"G[0,2](bmi >= 28.756 -> Pt_SHFlg = 0.879)
",9999999.000,9999999.000,0.000,1.000,0.000,0,1,1,1,1,2,1,2,0.0,0.5,0.5,0.0,0.4,0.6
"G[0,2](Pt_FatherT1D >= 0.000 & Pt_SHFlg = 0.769)
",9999999.000,9999999.000,0.000,1.000,0.000,0,1,0,2,2,1,0,3,0.0,1.0,0.0,0.0,0.4,0.6
"G[0,0](Pt_SiblingT1D <= 0.000 -> Pt_SHFlg = 0.497)
",0.000,0.000,0.000,1.000,0.000,0,1,0,2,2,1,0,3,0.0,1.0,0.0,0.0,0.4,0.6
"G[1,2](((Pt_ChildT1D >= 0.000 & BldPrSys <= 117.787) -> Pt_ChildT1D <= 117.377) -> BGTestAvgNumPtRep >= 113.835)
",9999999.000,9999999.000,0.000,1.000,0.000,0,1,1,1,1,2,1,2,0.0,0.5,0.5,0.0,0.4,0.6
"G[0,1](diagAgeCombo <= 19.000 & Pt_SHFlg = 0.017)
",9999999.000,9999999.000,0.000,1.000,0.000,0,1,0,2,2,1,0,3,0.0,1.0,0.0,0.0,0.4,0.6
"G[0,2](SMBGperDayPtMeterCombo >= 4.949 & BGTestAvgNumPtRep >= 1.497)
",9999999.000,9999999.000,0.000,1.000,0.000,0,1,0,2,2,1,0,3,0.0,1.0,0.0,0.0,0.4,0.6
"G[1,1](BUN <= 11.975 | Pt_SiblingT1D <= 0.000)
",11.975,11.975,0.000,1.000,0.000,1,0,2,0,1,2,3,0,1.0,0.0,1.0,0.3333333333333333,0.4,0.6
"G[1,1]((Pt_ChildT1D >= 0.000 -> diagAgeCombo >= 19.000) & Pt_SHFlg >= 19.000)
",-19.000,-19.000,0.000,1.000,0.000,0,1,1,1,1,2,1,2,0.0,0.5,0.5,0.0,0.4,0.6
"G[0,1](((TSH <= 2.101 -> UnitsInsBasalOrLongAct >= 6.053) & Pt_ChildT1D >= 4.506) -> Pt_InsGov <= 16.296)
",9999999.000,9999999.000,0.000,1.000,0.000,1,0,2,0,1,2,3,0,1.0,0.0,1.0,0.3333333333333333,0.4,0.6
"G[0,0](((HbA1c <= 5.421 | HDL >= 48.515) & BldPrDia >= 53.084) -> AutonomicNeuroCl >= 50.969)
",-1.388,-37.485,0.000,1.000,0.000,1,0,1,1,2,1,2,1,0.5,0.0,1.0,0.5,0.4,0.6
"G[1,2](((DirectLDL <= 0.000 -> HDL >= 53.770) & BldPrDia <= 58.657) & BUN <= 67.317)
",9999999.000,9999999.000,0.000,1.000,0.000,0,1,1,1,1,2,1,2,0.0,0.5,0.5,0.0,0.4,0.6
"G[1,2](((BldPrDia <= 71.711 -> Pt_A1cGoalLev >= 0.000) | DirectLDL >= 0.000) -> LDL <= 0.000)
",9999999.000,9999999.000,0.000,1.000,0.000,0,1,1,1,1,2,1,2,0.0,0.5,0.5,0.0,0.4,0.6
"G[1,2]((WeightKg >= 87.743 | bmi >= 29.885) -> UnitsInsBasalOrLongAct <= 26.107)
",9999999.000,9999999.000,0.000,1.000,0.000,0,1,2,0,0,3,2,1,0.0,0.3333333333333333,0.6666666666666666,0.0,0.4,0.6
"G[1,1](bmiPerc >= 0.000 & Pt_InsGov <= 0.000)
",0.000,0.000,0.000,1.000,0.000,1,0,2,0,1,2,3,0,1.0,0.0,1.0,0.3333333333333333,0.4,0.6
"G[1,2](SMBGperDayPtMeterCombo >= 4.378 & BGTestAvgNumPtRep >= 0.128)
",9999999.000,9999999.000,0.000,1.000,0.000,0,1,1,1,1,2,1,2,0.0,0.5,0.5,0.0,0.4,0.6
"G[1,2](AlbCreatRat_mggNew < 16.335 & Pt_SHFlg = 0.985)
",9999999.000,9999999.000,0.000,1.000,0.000,0,1,1,1,1,2,1,2,0.0,0.5,0.5,0.0,0.4,0.6
"G[1,2](BGTestAvgNumMeter <= 6.643 & Pt_SHFlg = 0.550)
",9999999.000,9999999.000,0.000,1.000,0.000,0,1,1,1,1,2,1,2,0.0,0.5,0.5,0.0,0.4,0.6
"G[1,2](SMBGperDayPtMeterCombo <= 7.290 -> Pt_SHFlg = 0.601)
",9999999.000,9999999.000,0.000,1.000,0.000,0,1,1,1,1,2,1,2,0.0,0.5,0.5,0.0,0.4,0.6
"G[0,1](diabDur < 30.607 -> Pt_SHFlg = 0.897)
",9999999.000,9999999.000,0.000,1.000,0.000,0,1,1,1,1,2,1,2,0.0,0.5,0.5,0.0,0.4,0.6
"G[1,2]((WeightKg >= 86.209 | bmi >= 29.253) -> UnitsInsBasalOrLongAct <= 26.920)
",9999999.000,9999999.000,0.000,1.000,0.000,0,1,2,0,0,3,2,1,0.0,0.3333333333333333,0.6666666666666666,0.0,0.4,0.6
"G[0,1](SMBGperDayPtMeterCombo >= 5.192 & BGTestAvgNumPtRep >= 0.160)
",9999999.000,9999999.000,0.000,1.000,0.000,0,1,0,2,2,1,0,3,0.0,1.0,0.0,0.0,0.4,0.6
"G[0,1](GFR <= 102.354 -> BUN >= 11.158)
",9999999.000,9999999.000,0.000,1.000,0.000,0,1,1,1,1,2,1,2,0.0,0.5,0.5,0.0,0.4,0.6
"G[1,1](GFR <= 102.254 -> BUN >= 10.034)
",-102.254,-102.254,0.000,1.000,0.000,1,0,2,0,1,2,3,0,1.0,0.0,1.0,0.3333333333333333,0.4,0.6
"G[1,2](SMBGperDayPtMeterCombo >= 6.426 & BGTestAvgNumPtRep >= 1.613)
",9999999.000,9999999.000,0.000,1.000,0.000,0,1,1,1,1,2,1,2,0.0,0.5,0.5,0.0,0.4,0.6
"G[0,1]((WeightKg >= 89.690 | bmi >= 29.357) -> UnitsInsBasalOrLongAct <= 19.031)
",9999999.000,9999999.000,0.000,1.000,0.000,0,1,1,1,1,2,1,2,0.0,0.5,0.5,0.0,0.4,0.6
"G[0,1](GFR <= 84.121 -> BUN >= 11.180)
",9999999.000,9999999.000,0.000,1.000,0.000,0,1,1,1,1,2,1,2,0.0,0.5,0.5,0.0,0.4,0.6
"G[1,2](SMBGperDayPtMeterCombo >= 4.904 & BGTestAvgNumPtRep >= 1.482)
",9999999.000,9999999.000,0.000,1.000,0.000,0,1,1,1,1,2,1,2,0.0,0.5,0.5,0.0,0.4,0.6
"G[1,2]((WeightKg >= 86.139 | bmi >= 28.614) -> UnitsInsBasalOrLongAct <= 15.319)
",9999999.000,9999999.000,0.000,1.000,0.000,0,1,1,1,1,2,1,2,0.0,0.5,0.5,0.0,0.4,0.6
"G[1,1](Pt_A1cGoalLevelDsYr5 <= 0.000 & Pt_SHFlg <= 0.800)
",0.000,0.000,0.000,1.000,0.000,1,0,2,0,1,2,3,0,1.0,0.0,1.0,0.3333333333333333,0.4,0.6
"G[0,2]((WeightKg >= 86.435 | bmi >= 28.758) -> UnitsInsBasalOrLongAct <= 27.303)
",9999999.000,9999999.000,0.000,1.000,0.000,0,1,1,1,1,2,1,2,0.0,0.5,0.5,0.0,0.4,0.6
"G[0,1](((Triglyc >= 100.853 | Triglyc <= 121.687) & Pt_ChildT1D >= 101.451) & TotalDailyInsPerKg <= 140.831)
",9999999.000,9999999.000,0.000,1.000,0.000,0,1,0,2,2,1,0,3,0.0,1.0,0.0,0.0,0.4,0.6
"G[1,1]((BGTestAvgNumPtRep <= 8.861 -> BGTestAvgNumPtRep >= 0.210) & Pt_CGMUseNumDays >= 0.546)
",-8.861,-8.861,0.000,1.000,0.000,0,1,1,1,1,2,1,2,0.0,0.5,0.5,0.0,0.4,0.6
"G[0,0]((WeightKg >= 86.236 | bmi >= 28.751) -> UnitsInsBasalOrLongAct <= 15.472)
",0.198,1.278,0.000,1.000,0.000,1,0,1,1,2,1,2,1,0.5,0.0,1.0,0.5,0.4,0.6
"G[0,1](((diagAgeCombo <= 19.000 & Pt_A1cGoalLev <= 0.000) & TotalDailyInsPerKg >= 0.000) | Pt_A1cGoalLevelDsYr5 <= 0.000)
",9999999.000,9999999.000,0.000,1.000,0.000,1,0,2,0,1,2,3,0,1.0,0.0,1.0,0.3333333333333333,0.4,0.6
"G[0,2]((bmiZscore <= 0.324 | GFR >= 55.684) -> AutonomicNeuroCl >= 59.058)
",9999999.000,9999999.000,0.000,1.000,0.000,0,1,0,2,2,1,0,3,0.0,1.0,0.0,0.0,0.4,0.6
"G[0,1](((BUN <= 13.497 -> HDL <= 70.680) | BGTestAvgNumMeter <= 67.864) | BGTestAvgNumPtRep <= 65.773)
",9999999.000,9999999.000,0.000,1.000,0.000,1,0,2,0,1,2,3,0,1.0,0.0,1.0,0.3333333333333333,0.4,0.6
"G[0,2]((BGTestAvgNumMeter >= 4.036 | bmi >= 29.410) -> TotChol >= 29.161)
",9999999.000,9999999.000,0.000,1.000,0.000,0,1,1,1,1,2,1,2,0.0,0.5,0.5,0.0,0.4,0.6
"G[0,1]((HeightCm <= 173.619 -> UnitsInsBasalOrLongAct >= 9.172) -> Pt_MotherT1D <= 28.216)
",9999999.000,9999999.000,0.000,1.000,0.000,1,0,2,0,1,2,3,0,1.0,0.0,1.0,0.3333333333333333,0.4,0.6
"G[1,1]((AlbCreatRat_mggNew >= 10.000 -> TotChol <= 127.440) -> Pt_A1cGoalLevelDsYr5 <= 133.949)
",-133.949,-133.949,0.000,1.000,0.000,1,0,2,0,1,2,3,0,1.0,0.0,1.0,0.3333333333333333,0.4,0.6
"G[0,0]((bmiPerc >= 0.000 | GFR <= 106.945) -> Pt_InsGov >= 56.488)
",-4874.817,-106.568,0.000,1.000,0.000,0,1,0,2,2,1,0,3,0.0,1.0,0.0,0.0,0.4,0.6
"G[1,2]((BGTestAvgNumPtRep <= 5.462 & HbA1cImputeDtMnC >= 6.968) -> Pt_SHFlg >= 24.197)
",9999999.000,9999999.000,0.000,1.000,0.000,0,1,2,0,0,3,2,1,0.0,0.3333333333333333,0.6666666666666666,0.0,0.4,0.6
"G[0,2]((WeightKg >= 85.114 | bmi >= 29.647) -> UnitsInsBasalOrLongAct <= 27.255)
",9999999.000,9999999.000,0.000,1.000,0.000,0,1,1,1,1,2,1,2,0.0,0.5,0.5,0.0,0.4,0.6
"G[0,1](SMBGperDayPtMeterCombo >= 6.545 & BGTestAvgNumPtRep >= 1.672)
",9999999.000,9999999.000,0.000,1.000,0.000,0,1,0,2,2,1,0,3,0.0,1.0,0.0,0.0,0.4,0.6
"G[1,1](((TotChol >= 15.719 | Pt_GrandparentT1D >= 0.000) -> diabDur >= 0.000) | diagAgeCombo <= 0.000)
",0.000,0.000,0.000,1.000,0.000,1,0,2,0,1,2,3,0,1.0,0.0,1.0,0.3333333333333333,0.4,0.6
"G[1,2](Pt_SHFlg >= 0.189 & bmiZscore >= 0.082)
",9999999.000,9999999.000,0.000,1.000,0.000,0,1,1,1,1,2,1,2,0.0,0.5,0.5,0.0,0.4,0.6
"G[0,1]((age <= 49.216 | AlbCreatRat_mggNew <= 20.348) & bmiPerc <= 20.485)
",9999999.000,9999999.000,0.000,1.000,0.000,1,0,2,0,1,2,3,0,1.0,0.0,1.0,0.3333333333333333,0.4,0.6
"G[0,2](BldPrSys >= 114.617 & SMBGperDayPtMeterCombo <= 7.480)
",9999999.000,9999999.000,0.000,1.000,0.000,0,1,1,1,1,2,1,2,0.0,0.5,0.5,0.0,0.4,0.6
"G[0,2](((GFR >= 21.566 -> Pt_MotherT1D >= 0.102) -> Pt_A1cGoalLev <= 0.798) -> AutonomicNeuroCl <= 0.575)
",9999999.000,9999999.000,0.000,1.000,0.000,0,1,0,2,2,1,0,3,0.0,1.0,0.0,0.0,0.4,0.6
"G[0,2](SMBGperDayPtMeterCombo <= 8.008 & WeightKg >= 89.450)
",9999999.000,9999999.000,0.000,1.000,0.000,0,1,1,1,1,2,1,2,0.0,0.5,0.5,0.0,0.4,0.6
"G[1,2]((bmi >= 28.949 & BldPrDia >= 70.315) | SMBGperDayPtMeterCombo >= 70.212)
",9999999.000,9999999.000,0.000,1.000,0.000,0,1,2,0,0,3,2,1,0.0,0.3333333333333333,0.6666666666666666,0.0,0.4,0.6
"G[1,2]((BldPrSys >= 110.285 -> HbA1cImputeDtMnC >= 24.766) -> bmiZscore >= 26.105)
",9999999.000,9999999.000,0.000,1.000,0.000,0,1,2,0,0,3,2,1,0.0,0.3333333333333333,0.6666666666666666,0.0,0.4,0.6
"G[0,2](HbA1cImputeDtMnC >= 11.872 | TotalDailyInsPerKg <= 0.685)
",9999999.000,9999999.000,0.000,1.000,0.000,0,1,2,0,0,3,2,1,0.0,0.3333333333333333,0.6666666666666666,0.0,0.4,0.6
"G[1,2](BldPrSys >= 113.919 & TotChol <= 114.046)
",9999999.000,9999999.000,0.000,1.000,0.000,0,1,1,1,1,2,1,2,0.0,0.5,0.5,0.0,0.4,0.6
"G[0,1]((GFR >= 43.292 -> TotalDailyInsPerKg >= 0.473) -> BldPrDia >= 0.463)
",9999999.000,9999999.000,0.000,1.000,0.000,1,0,2,0,1,2,3,0,1.0,0.0,1.0,0.3333333333333333,0.4,0.6
"G[1,1](((Pt_SiblingT1D <= 0.000 -> age >= 44.456) -> HbA1cImputeDtMnC >= 47.384) | Pt_A1cGoalLev <= 49.941)
",49.941,49.941,0.000,1.000,0.000,1,0,2,0,1,2,3,0,1.0,0.0,1.0,0.3333333333333333,0.4,0.6
"G[0,2](SMBGperDayPtMeterCombo >= 5.853 & BGTestAvgNumPtRep >= 1.441)
",9999999.000,9999999.000,0.000,1.000,0.000,0,1,0,2,2,1,0,3,0.0,1.0,0.0,0.0,0.4,0.6
"G[1,1]((bmi <= 30.857 & TSH <= 2.268) & Pt_ChildT1D <= 1.796)
",1.796,1.796,0.000,1.000,0.000,0,1,1,1,1,2,1,2,0.0,0.5,0.5,0.0,0.4,0.6
"G[0,0]((WeightKg >= 89.792 | bmi >= 29.345) -> UnitsInsBasalOrLongAct <= 17.833)
",-0.168,-1.083,0.000,1.000,0.000,1,0,1,1,2,1,2,1,0.5,0.0,1.0,0.5,0.4,0.6
"G[1,1](GFR <= 67.364 -> BUN >= 11.292)
",-67.364,-67.364,0.000,1.000,0.000,1,0,2,0,1,2,3,0,1.0,0.0,1.0,0.3333333333333333,0.4,0.6
"G[0,2](SMBGperDayPtMeterCombo >= 5.312 & BGTestAvgNumPtRep >= 1.535)
",9999999.000,9999999.000,0.000,1.000,0.000,0,1,0,2,2,1,0,3,0.0,1.0,0.0,0.0,0.4,0.6
"G[1,1]((UnitsInsBasalOrLongAct <= 20.718 & age >= 46.363) | HbA1cImputeDtMnC <= 48.609)
",48.609,48.609,0.000,1.000,0.000,1,0,2,0,1,2,3,0,1.0,0.0,1.0,0.3333333333333333,0.4,0.6
"G[0,2]((Pt_A1cGoalLevelDsYr5 >= 0.000 | diagAgeCombo <= 19.000) | DirectLDL <= 19.000)
",9999999.000,9999999.000,0.000,1.000,0.000,0,0,3,0,0,3,3,0,0.0,0.0,1.0,0.0,0.0,1.0
"G[1,2](diabDur >= 28.499 -> AlbCreatRat_mggNew <= 15.254)
",9999999.000,9999999.000,0.000,1.000,0.000,0,0,2,1,1,2,2,1,0.0,0.0,1.0,0.0,0.0,1.0
"G[1,2]((Pt_DKAFlg <= 0.000 | Pt_SiblingT1D >= 0.000) | BGTestAvgNumPtRep <= 0.000)
",9999999.000,9999999.000,0.000,1.000,0.000,0,0,3,0,0,3,3,0,0.0,0.0,1.0,0.0,0.0,1.0
"G[0,2]((age >= 44.757 | AutonomicNeuroCl <= 1.000) | Pt_GrandparentT1D >= 1.000)
",9999999.000,9999999.000,0.000,1.000,0.000,0,0,3,0,0,3,3,0,0.0,0.0,1.0,0.0,0.0,1.0
"G[0,2]((UnitsInsBasalOrLongAct >= 12.843 & Pt_ChildT1D >= 0.000) | Pt_SHFlg >= 0.000)
",9999999.000,9999999.000,0.000,1.000,0.000,0,0,3,0,0,3,3,0,0.0,0.0,1.0,0.0,0.0,1.0
"G[1,2]((age >= 44.061 & Pt_GrandparentT1D <= 0.000) & DirectLDL >= 0.000)
",9999999.000,9999999.000,0.000,1.000,0.000,0,0,3,0,0,3,3,0,0.0,0.0,1.0,0.0,0.0,1.0
"G[1,2]((AutonomicNeuroCl <= 1.000 -> bmiPerc >= 0.000) & Pt_CGMUseNumDays >= 0.000)
",9999999.000,9999999.000,0.000,1.000,0.000,0,0,3,0,0,3,3,0,0.0,0.0,1.0,0.0,0.0,1.0
"G[1,2]((Pt_SiblingT1D <= 0.000 | WeightKg >= 88.443) | LDL <= 92.775)
",9999999.000,9999999.000,0.000,1.000,0.000,0,0,3,0,0,3,3,0,0.0,0.0,1.0,0.0,0.0,1.0
"G[1,2](((HDL >= 51.454 | Pt_InsGov <= 0.000) & UnitsInsBasalOrLongAct <= 0.000) -> Pt_SiblingT1D <= 0.000)
",9999999.000,9999999.000,0.000,1.000,0.000,0,0,3,0,0,3,3,0,0.0,0.0,1.0,0.0,0.0,1.0
"G[1,2](Pt_SiblingT1D <= 0.000 & diagAgeCombo >= 19.000)
",9999999.000,9999999.000,0.000,1.000,0.000,0,0,3,0,0,3,3,0,0.0,0.0,1.0,0.0,0.0,1.0
"G[2,2]((AutonomicNeuroCl <= 1.000 | Pt_InsGov <= 0.000) | Pt_InsGov <= 0.000)
",1.000,1.000,0.000,1.000,0.000,0,0,3,0,0,3,3,0,0.0,0.0,1.0,0.0,0.0,1.0
"G[0,2](diagAgeCombo >= 19.000 -> BldPrDia <= 71.573)
",9999999.000,9999999.000,0.000,1.000,0.000,0,0,2,1,1,2,2,1,0.0,0.0,1.0,0.0,0.0,1.0
"G[2,2](Pt_DKAFlg >= 0.000 & AlbCreatRat_mggNew <= 16.656)
",0.000,0.000,0.000,1.000,0.000,0,0,3,0,0,3,3,0,0.0,0.0,1.0,0.0,0.0,1.0
"G[1,2](((Pt_SiblingT1D <= 0.000 & UnitsInsBasalOrLongAct <= 23.410) | Pt_SiblingT1D <= 24.272) -> BUN >= 5.402)
",9999999.000,9999999.000,0.000,1.000,0.000,0,0,3,0,0,3,3,0,0.0,0.0,1.0,0.0,0.0,1.0
"G[1,2](((HbA1c >= 1.649 & Pt_FatherT1D <= 0.000) & Pt_MotherT1D <= 0.000) & HeightCm >= 0.000)
",9999999.000,9999999.000,0.000,1.000,0.000,0,0,2,1,1,2,2,1,0.0,0.0,1.0,0.0,0.0,1.0
"G[2,2](((TotChol >= 39.160 | BldPrDia <= 70.823) & BGTestAvgNumPtRep >= 70.084) | LDL >= 70.350)
",-70.084,-70.084,0.000,1.000,0.000,0,0,3,0,0,3,3,0,0.0,0.0,1.0,0.0,0.0,1.0
"G[2,2](HbA1cImputeDtMnC <= 57.772 -> WeightKg <= 90.321)
",-90.321,-90.321,0.000,1.000,0.000,0,0,3,0,0,3,3,0,0.0,0.0,1.0,0.0,0.0,1.0
"G[0,2](bmiPerc >= 0.000 | WeightKg >= 86.864)
",9999999.000,9999999.000,0.000,1.000,0.000,0,0,3,0,0,3,3,0,0.0,0.0,1.0,0.0,0.0,1.0
"G[0,0]((BGTestAvgNumMeter >= 5.654 & HeightCm >= 173.281) | BldPrDia >= 172.911)
",-53.911,-53.911,0.000,1.000,0.000,0,0,1,2,2,1,1,2,0.0,0.0,1.0,0.0,0.0,1.0
"G[0,2]((TSH <= 2.429 | Pt_SiblingT1D >= 0.000) -> Pt_CGMUseNumDays >= 0.000)
",9999999.000,9999999.000,0.000,1.000,0.000,0,0,3,0,0,3,3,0,0.0,0.0,1.0,0.0,0.0,1.0
"G[2,2](((Triglyc <= 119.427 & LDL >= 95.096) & AlbCreatRat_mggNew >= 75.104) & BldPrDia <= 117.368)
",-95.096,-95.096,0.000,1.000,0.000,0,0,3,0,0,3,3,0,0.0,0.0,1.0,0.0,0.0,1.0
"G[1,2]((AlbCreatRat_mggNew <= 14.141 | bmi >= 28.076) | BldPrDia <= 30.813)
",9999999.000,9999999.000,0.000,1.000,0.000,0,0,3,0,0,3,3,0,0.0,0.0,1.0,0.0,0.0,1.0
"G[2,2](BldPrSys >= 110.979 & age <= 48.774)
",-110.979,-110.979,0.000,1.000,0.000,0,0,3,0,0,3,3,0,0.0,0.0,1.0,0.0,0.0,1.0
"G[1,2](((Pt_ChildT1D >= 0.000 & Triglyc >= 100.206) | AlbCreatRat_mggNew >= 90.615) -> Pt_FatherT1D <= 140.765)
",9999999.000,9999999.000,0.000,1.000,0.000,0,0,3,0,0,3,3,0,0.0,0.0,1.0,0.0,0.0,1.0
"G[0,2]((LDL <= 104.667 | bmiPerc <= 0.000) -> Pt_InsGov <= 0.000)
",9999999.000,9999999.000,0.000,1.000,0.000,0,0,3,0,0,3,3,0,0.0,0.0,1.0,0.0,0.0,1.0
"G[2,2]((UnitsInsBasalOrLongAct <= 23.842 -> diabDur <= 30.861) & DirectLDL >= 26.122)
",-30.861,-30.861,0.000,1.000,0.000,0,0,3,0,0,3,3,0,0.0,0.0,1.0,0.0,0.0,1.0
"G[0,2]((diagAgeCombo >= 19.000 & SMBGperDayPtMeterCombo >= 5.204) | AutonomicNeuroCl >= 4.811)
",9999999.000,9999999.000,0.000,1.000,0.000,0,0,2,1,1,2,2,1,0.0,0.0,1.0,0.0,0.0,1.0
"G[1,2]((Pt_A1cGoalLevelDsYr5 >= 0.000 & bmi <= 30.472) & BldPrDia >= 29.384)
",9999999.000,9999999.000,0.000,1.000,0.000,0,0,2,1,1,2,2,1,0.0,0.0,1.0,0.0,0.0,1.0
"G[0,2]((Pt_ChildT1D <= 0.000 & TotalDailyInsPerKg >= 0.562) -> TotalDailyInsPerKg >= 0.451)
",9999999.000,9999999.000,0.000,1.000,0.000,0,0,3,0,0,3,3,0,0.0,0.0,1.0,0.0,0.0,1.0
"G[2,2]((GFR >= 61.077 -> LDL <= 110.750) -> NumPumpBolusOrShortAct >= 77.123)
",77.123,77.123,0.000,1.000,0.000,0,0,3,0,0,3,3,0,0.0,0.0,1.0,0.0,0.0,1.0
"G[1,2]((BGTestAvgNumMeter <= 7.428 & HDL >= 51.012) -> Pt_SiblingT1D <= 60.760)
",9999999.000,9999999.000,0.000,1.000,0.000,0,0,3,0,0,3,3,0,0.0,0.0,1.0,0.0,0.0,1.0
"G[0,2](((TotalDailyInsPerKg >= 0.383 & bmi >= 28.889) -> Pt_InsGov <= 30.332) | HeightCm >= 29.931)
",9999999.000,9999999.000,0.000,1.000,0.000,0,0,3,0,0,3,3,0,0.0,0.0,1.0,0.0,0.0,1.0
"G[1,2](Pt_DKAFlg <= 0.000 | Pt_ChildT1D <= 0.000)
",9999999.000,9999999.000,0.000,1.000,0.000,0,0,3,0,0,3,3,0,0.0,0.0,1.0,0.0,0.0,1.0
"G[1,2](((BldPrSys <= 119.253 | bmiZscore <= 0.294) & diagAgeCombo >= -0.043) | Pt_GrandparentT1D <= 0.242)
",9999999.000,9999999.000,0.000,1.000,0.000,0,0,3,0,0,3,3,0,0.0,0.0,1.0,0.0,0.0,1.0
"G[0,2](((HbA1cImputeDtMnC >= 18.465 & LDL <= 101.482) -> BUN >= 69.899) | Pt_DKAFlg >= 59.558)
",9999999.000,9999999.000,0.000,1.000,0.000,0,0,3,0,0,3,3,0,0.0,0.0,1.0,0.0,0.0,1.0
"G[1,2]((BldPrSys <= 117.730 -> BUN >= 10.296) | diabDur <= 11.651)
",9999999.000,9999999.000,0.000,1.000,0.000,0,0,3,0,0,3,3,0,0.0,0.0,1.0,0.0,0.0,1.0
"G[1,2]((AlbCreatRat_mggNew <= 18.442 & GFR <= 115.233) | TotChol <= 114.299)
",9999999.000,9999999.000,0.000,1.000,0.000,0,0,2,1,1,2,2,1,0.0,0.0,1.0,0.0,0.0,1.0
"G[2,2](((bmiZscore <= 0.305 -> UnitsInsBasalOrLongAct >= 3.624) | diagAgeCombo >= 12.626) | Pt_InsGov <= 21.318)
",21.318,21.318,0.000,1.000,0.000,0,0,3,0,0,3,3,0,0.0,0.0,1.0,0.0,0.0,1.0
"G[1,2]((bmi >= 28.858 -> UnitsInsBasalOrLongAct >= 0.667) | Pt_A1cGoalLevelDsYr5 >= 6.942)
",9999999.000,9999999.000,0.000,1.000,0.000,0,0,3,0,0,3,3,0,0.0,0.0,1.0,0.0,0.0,1.0
"G[1,2](((age <= 48.057 | TotalDailyInsPerKg <= 0.764) -> Pt_GrandchildT1D <= 0.736) | age >= 0.298)
",9999999.000,9999999.000,0.000,1.000,0.000,0,0,3,0,0,3,3,0,0.0,0.0,1.0,0.0,0.0,1.0
"G[1,1](((Pt_MotherT1D >= 0.073 -> TSH <= 2.326) | BldPrSys <= 1.973) & HbA1cImputeDtMnC >= 0.768)
",-0.768,-0.768,0.000,1.000,0.000,0,0,2,1,1,2,2,1,0.0,0.0,1.0,0.0,0.0,1.0
"G[1,2](BldPrSys <= 118.801 -> HeightCm >= 173.357)
",9999999.000,9999999.000,0.000,1.000,0.000,0,0,3,0,0,3,3,0,0.0,0.0,1.0,0.0,0.0,1.0
"G[2,2]((bmiZscore <= 0.364 -> HbA1cImputeDtMnC <= 51.862) & Pt_InsGov <= 44.142)
",-51.862,-51.862,0.000,1.000,0.000,0,0,3,0,0,3,3,0,0.0,0.0,1.0,0.0,0.0,1.0
"G[0,2](((HDL >= 51.494 -> Triglyc <= 123.708) -> age <= 134.236) & BldPrDia <= 154.267)
",9999999.000,9999999.000,0.000,1.000,0.000,0,0,3,0,0,3,3,0,0.0,0.0,1.0,0.0,0.0,1.0
"G[1,2]((BUN >= 10.495 | HeightCm >= 172.920) & SMBGperDayPtMeterCombo <= 173.836)
",9999999.000,9999999.000,0.000,1.000,0.000,0,0,2,1,1,2,2,1,0.0,0.0,1.0,0.0,0.0,1.0
"G[0,2]((bmi <= 30.910 | GFR <= 103.133) -> Pt_MotherT1D <= 101.598)
",9999999.000,9999999.000,0.000,1.000,0.000,0,0,3,0,0,3,3,0,0.0,0.0,1.0,0.0,0.0,1.0
"G[0,2](((bmi >= 29.852 | TotChol >= 22.368) & TotalDailyInsPerKg <= 107.846) | TotalDailyInsPerKg >= 3.197)
",9999999.000,9999999.000,0.000,1.000,0.000,0,0,3,0,0,3,3,0,0.0,0.0,1.0,0.0,0.0,1.0
"G[1,2](bmiZscore >= 0.194 | TotChol <= 181.359)
",9999999.000,9999999.000,0.000,1.000,0.000,0,0,3,0,0,3,3,0,0.0,0.0,1.0,0.0,0.0,1.0
"G[0,2](((BldPrDia >= 70.189 | BldPrSys <= 119.846) | BGTestAvgNumPtRep <= 119.402) | Pt_CGMUseNumDays >= 114.271)
",9999999.000,9999999.000,0.000,1.000,0.000,0,0,3,0,0,3,3,0,0.0,0.0,1.0,0.0,0.0,1.0
"G[1,2](BldPrDia >= 70.001 | bmi <= 30.141)
",9999999.000,9999999.000,0.000,1.000,0.000,0,0,3,0,0,3,3,0,0.0,0.0,1.0,0.0,0.0,1.0
"G[0,2](((BGTestAvgNumMeter >= 4.829 | BGTestAvgNumPtRep >= 0.569) -> Pt_FatherT1D <= 4.695) & bmiPerc <= 7.658)
",9999999.000,9999999.000,0.000,1.000,0.000,0,0,3,0,0,3,3,0,0.0,0.0,1.0,0.0,0.0,1.0
"G[1,1]((BUN >= 10.988 & LDL >= 77.099) | HDL >= 85.290)
",-77.099,-77.099,0.000,1.000,0.000,0,0,2,1,1,2,2,1,0.0,0.0,1.0,0.0,0.0,1.0
"G[1,2]((AlbCreatRat_mggNew >= 8.388 -> HbA1c >= 4.095) | bmi >= 1.391)
",9999999.000,9999999.000,0.000,1.000,0.000,0,0,3,0,0,3,3,0,0.0,0.0,1.0,0.0,0.0,1.0
"G[2,2](Pt_SHFlg <= 0.775 & Pt_SHFlg = 0.511)
",-0.511,-0.511,0.000,1.000,0.000,0,0,3,0,0,3,3,0,0.0,0.0,1.0,0.0,0.0,1.0
"G[1,2](GFR <= 96.703 -> BUN >= 11.056)
",9999999.000,9999999.000,0.000,1.000,0.000,0,0,3,0,0,3,3,0,0.0,0.0,1.0,0.0,0.0,1.0
"G[2,2]((WeightKg >= 86.003 | bmi >= 28.582) -> UnitsInsBasalOrLongAct <= 15.105)
",-15.105,-15.105,0.000,1.000,0.000,0,0,3,0,0,3,3,0,0.0,0.0,1.0,0.0,0.0,1.0
"G[1,2](GFR <= 105.279 -> BUN >= 10.906)
",9999999.000,9999999.000,0.000,1.000,0.000,0,0,2,1,1,2,2,1,0.0,0.0,1.0,0.0,0.0,1.0
"G[2,2](GFR <= 108.169 -> BUN >= 10.371)
",-108.169,-108.169,0.000,1.000,0.000,0,0,3,0,0,3,3,0,0.0,0.0,1.0,0.0,0.0,1.0
"G[0,0](SMBGperDayPtMeterCombo >= 4.965 & BGTestAvgNumPtRep >= 1.511)
",9.977,4.989,0.000,1.000,0.000,0,0,1,2,2,1,1,2,0.0,0.0,1.0,0.0,0.0,1.0
"G[1,2](GFR <= 103.560 -> BUN >= 10.022)
",9999999.000,9999999.000,0.000,1.000,0.000,0,0,3,0,0,3,3,0,0.0,0.0,1.0,0.0,0.0,1.0
"G[2,2](BGTestAvgNumPtRep < 5.892 -> Pt_SHFlg = 0.755)
",-5.892,-5.892,0.000,1.000,0.000,0,0,3,0,0,3,3,0,0.0,0.0,1.0,0.0,0.0,1.0
"G[2,2](TotChol <= 128.932 -> Pt_SHFlg = 0.991)
",-128.932,-128.932,0.000,1.000,0.000,0,0,3,0,0,3,3,0,0.0,0.0,1.0,0.0,0.0,1.0
"G[0,2]((HbA1c <= 5.342 -> TotalDailyInsPerKg >= 0.341) | Pt_A1cGoalLevelDsYr5 >= 0.499)
",9999999.000,9999999.000,0.000,1.000,0.000,0,0,2,1,1,2,2,1,0.0,0.0,1.0,0.0,0.0,1.0
"G[2,2](HbA1cImputeDtMnC <= 36.622 -> Pt_SHFlg = 0.975)
",-36.622,-36.622,0.000,1.000,0.000,0,0,3,0,0,3,3,0,0.0,0.0,1.0,0.0,0.0,1.0
"G[1,2](DirectLDL > 0.000 -> Pt_SHFlg = 0.863)
",9999999.000,9999999.000,0.000,1.000,0.000,0,0,3,0,0,3,3,0,0.0,0.0,1.0,0.0,0.0,1.0
"G[2,2](bmiPerc <= 0.000 & Pt_SHFlg = 0.334)
",-0.334,-0.334,0.000,1.000,0.000,0,0,3,0,0,3,3,0,0.0,0.0,1.0,0.0,0.0,1.0
"G[1,2](Pt_A1cGoalLevelDsYr5 < 0.000 -> Pt_SHFlg = 0.459)
",9999999.000,9999999.000,0.000,1.000,0.000,0,0,3,0,0,3,3,0,0.0,0.0,1.0,0.0,0.0,1.0
"G[1,2](((BldPrDia >= 70.111 | HbA1c >= 4.423) & DirectLDL >= 0.380) -> Pt_FatherT1D >= 2.343)
",9999999.000,9999999.000,0.000,1.000,0.000,0,0,3,0,0,3,3,0,0.0,0.0,1.0,0.0,0.0,1.0
"G[2,2]((GFR <= 105.509 & TotChol <= 129.166) -> AutonomicNeuroCl <= 187.249)
",-187.249,-187.249,0.000,1.000,0.000,0,0,3,0,0,3,3,0,0.0,0.0,1.0,0.0,0.0,1.0
"G[1,2]((NumPumpBolusOrShortAct >= 0.896 -> UnitsInsBasalOrLongAct >= 10.350) | Pt_ChildT1D <= 21.911)
",9999999.000,9999999.000,0.000,1.000,0.000,0,0,3,0,0,3,3,0,0.0,0.0,1.0,0.0,0.0,1.0
"G[2,2]((NumPumpBolusOrShortAct <= 8.765 & WeightKg >= 86.105) & HDL >= 89.961)
",-89.961,-89.961,0.000,1.000,0.000,0,0,3,0,0,3,3,0,0.0,0.0,1.0,0.0,0.0,1.0
"G[0,2]((HeightCm <= 173.748 -> Pt_MotherT1D <= 0.745) | HeightCm <= 0.255)
",9999999.000,9999999.000,0.000,1.000,0.000,0,0,3,0,0,3,3,0,0.0,0.0,1.0,0.0,0.0,1.0
"G[1,2]((BGTestAvgNumPtRep >= 0.284 -> HeightCm <= 173.996) | bmi <= 173.692)
",9999999.000,9999999.000,0.000,1.000,0.000,0,0,3,0,0,3,3,0,0.0,0.0,1.0,0.0,0.0,1.0
"G[1,2]((Pt_SHFlg >= 0.096 & diagAgeCombo >= 19.000) -> BldPrSys <= 19.000)
",9999999.000,9999999.000,0.000,1.000,0.000,0,0,3,0,0,3,3,0,0.0,0.0,1.0,0.0,0.0,1.0
"G[0,2](bmiZscore <= 0.268 -> Triglyc >= 100.396)
",9999999.000,9999999.000,0.000,1.000,0.000,0,0,2,1,1,2,2,1,0.0,0.0,1.0,0.0,0.0,1.0
"G[0,2](((HDL >= 52.776 | WeightKg >= 88.352) & DirectLDL >= 88.605) -> Triglyc >= 87.168)
",9999999.000,9999999.000,0.000,1.000,0.000,0,0,3,0,0,3,3,0,0.0,0.0,1.0,0.0,0.0,1.0
"G[1,2]((SMBGperDayPtMeterCombo >= 6.560 & UnitsInsBasalOrLongAct >= 10.515) | bmi <= 21.617)
",9999999.000,9999999.000,0.000,1.000,0.000,0,0,3,0,0,3,3,0,0.0,0.0,1.0,0.0,0.0,1.0
"G[2,2]((diagAgeCombo <= 19.000 & Pt_InsGov <= 0.000) & UnitsInsBasalOrLongAct >= 0.000)
",0.000,0.000,0.000,1.000,0.000,0,0,3,0,0,3,3,0,0.0,0.0,1.0,0.0,0.0,1.0
"G[1,1](((AlbCreatRat_mggNew <= 20.489 & BGTestAvgNumMeter >= 4.468) & Pt_InsGov <= 7.760) | Pt_GrandparentT1D >= 4.484)
",-4.468,-4.468,0.000,1.000,0.000,0,0,2,1,1,2,2,1,0.0,0.0,1.0,0.0,0.0,1.0
"G[2,2](((TotalDailyInsPerKg <= 0.725 & AutonomicNeuroCl <= 1.000) | diabDur >= 1.000) & Pt_MotherT1D <= 1.000)
",0.725,0.725,0.000,1.000,0.000,0,0,3,0,0,3,3,0,0.0,0.0,1.0,0.0,0.0,1.0
"G[2,2](((UnitsInsBasalOrLongAct >= 11.740 & AlbCreatRat_mggNew <= 21.820) -> Pt_SiblingT1D >= 7.462) & GFR >= 6.442)
",-6.442,-6.442,0.000,1.000,0.000,0,0,3,0,0,3,3,0,0.0,0.0,1.0,0.0,0.0,1.0
"G[2,2](((BldPrDia >= 70.081 -> Pt_SHFlg >= 0.023) | diabDur >= 0.180) -> diabDur <= 0.790)
",-0.790,-0.790,0.000,1.000,0.000,0,0,3,0,0,3,3,0,0.0,0.0,1.0,0.0,0.0,1.0
"G[1,2](((HbA1cImputeDtMnC <= 52.376 | TotalDailyInsPerKg <= 0.615) -> GFR <= 0.648) -> Pt_MotherT1D <= 0.679)
",9999999.000,9999999.000,0.000,1.000,0.000,0,0,3,0,0,3,3,0,0.0,0.0,1.0,0.0,0.0,1.0
"G[0,2](((WeightKg >= 89.037 & TSH >= 1.099) & BldPrSys >= 0.429) -> bmi >= 0.170)
",9999999.000,9999999.000,0.000,1.000,0.000,0,0,3,0,0,3,3,0,0.0,0.0,1.0,0.0,0.0,1.0
"G[2,2](((Pt_SHFlg <= 0.770 -> HbA1c >= 0.221) -> Triglyc <= 5.606) | age >= 0.893)
",-0.893,-0.893,0.000,1.000,0.000,0,0,3,0,0,3,3,0,0.0,0.0,1.0,0.0,0.0,1.0
"G[0,2]((BUN >= 10.296 | BUN <= 12.514) & LDL >= 10.347)
",9999999.000,9999999.000,0.000,1.000,0.000,0,0,3,0,0,3,3,0,0.0,0.0,1.0,0.0,0.0,1.0
"G[0,2](Pt_GrandchildT1D >= 0.000 | Pt_ChildT1D >= 0.000)
",9999999.000,9999999.000,0.000,1.000,0.000,0,0,3,0,0,3,3,0,0.0,0.0,1.0,0.0,0.0,1.0
"G[1,2](((AutonomicNeuroCl <= 1.000 -> DirectLDL >= 0.000) | AutonomicNeuroCl <= 0.000) | Pt_CGMUseNumDays <= 0.000)
",9999999.000,9999999.000,0.000,1.000,0.000,0,0,3,0,0,3,3,0,0.0,0.0,1.0,0.0,0.0,1.0
"G[1,2]((Pt_InsGov >= 0.000 | AlbCreatRat_mggNew >= 7.110) -> WeightKg >= 12.399)
",9999999.000,9999999.000,0.000,1.000,0.000,0,0,3,0,0,3,3,0,0.0,0.0,1.0,0.0,0.0,1.0
"G[1,2](((diabDur >= 26.883 -> Pt_MotherT1D <= 0.773) -> BGTestAvgNumMeter >= 0.136) | Pt_CGMUseNumDays >= 0.001)
",9999999.000,9999999.000,0.000,1.000,0.000,0,0,3,0,0,3,3,0,0.0,0.0,1.0,0.0,0.0,1.0
"G[2,2](((BGTestAvgNumPtRep <= 8.790 & WeightKg <= 92.183) -> Pt_FatherT1D <= 92.782) -> DirectLDL <= 91.013)
",-91.013,-91.013,0.000,1.000,0.000,0,0,3,0,0,3,3,0,0.0,0.0,1.0,0.0,0.0,1.0
"G[1,1](bmi >= 28.524 -> TotalDailyInsPerKg >= 0.276)
",0.276,0.276,0.000,1.000,0.000,0,0,2,1,1,2,2,1,0.0,0.0,1.0,0.0,0.0,1.0
"G[0,2](BldPrDia >= 70.179 | bmiZscore <= 0.315)
",9999999.000,9999999.000,0.000,1.000,0.000,0,0,2,1,1,2,2,1,0.0,0.0,1.0,0.0,0.0,1.0
"G[1,2]((diabDur >= 27.567 | HbA1c >= 3.306) | Triglyc >= 1.407)
",9999999.000,9999999.000,0.000,1.000,0.000,0,0,3,0,0,3,3,0,0.0,0.0,1.0,0.0,0.0,1.0
"G[1,2](((GFR >= 44.334 -> HbA1c <= 6.974) & age >= 3.862) -> Pt_InsGov <= 6.002)
",9999999.000,9999999.000,0.000,1.000,0.000,0,0,3,0,0,3,3,0,0.0,0.0,1.0,0.0,0.0,1.0
"G[1,2](HDL <= 61.345 & Pt_SHFlg <= 0.763)
",9999999.000,9999999.000,0.000,1.000,0.000,0,0,2,1,1,2,2,1,0.0,0.0,1.0,0.0,0.0,1.0
"G[1,2]((age >= 44.271 | WeightKg >= 88.204) | bmiPerc >= 85.692)
",9999999.000,9999999.000,0.000,1.000,0.000,0,0,3,0,0,3,3,0,0.0,0.0,1.0,0.0,0.0,1.0
"G[1,2]((BldPrDia <= 71.958 -> GFR >= 23.286) & HDL >= 23.883)
",9999999.000,9999999.000,0.000,1.000,0.000,0,0,3,0,0,3,3,0,0.0,0.0,1.0,0.0,0.0,1.0
"G[1,2](bmi <= 30.526 -> HbA1c >= 0.895)
",9999999.000,9999999.000,0.000,1.000,0.000,0,0,3,0,0,3,3,0,0.0,0.0,1.0,0.0,0.0,1.0
"G[0,1](BldPrDia >= 70.397 -> diabDur <= 28.612)
",9999999.000,9999999.000,0.000,1.000,0.000,0,0,2,1,1,2,2,1,0.0,0.0,1.0,0.0,0.0,1.0
"G[2,2]((HeightCm <= 173.847 -> TotalDailyInsPerKg <= 0.675) & Pt_MotherT1D <= 0.740)
",-173.847,-173.847,0.000,1.000,0.000,0,0,3,0,0,3,3,0,0.0,0.0,1.0,0.0,0.0,1.0
"G[1,2]((BldPrDia >= 70.098 & Pt_SHFlg >= 0.151) | BUN >= 0.010)
",9999999.000,9999999.000,0.000,1.000,0.000,0,0,3,0,0,3,3,0,0.0,0.0,1.0,0.0,0.0,1.0
"G[1,2](BUN >= 10.339 | Pt_MotherT1D >= 0.164)
",9999999.000,9999999.000,0.000,1.000,0.000,0,0,2,1,1,2,2,1,0.0,0.0,1.0,0.0,0.0,1.0
"G[1,2](age <= 48.324 -> bmi >= 29.432)
",9999999.000,9999999.000,0.000,1.000,0.000,0,0,3,0,0,3,3,0,0.0,0.0,1.0,0.0,0.0,1.0
"G[0,2]((TotalDailyInsPerKg >= 0.565 | WeightKg >= 89.627) & bmiZscore <= 92.516)
",9999999.000,9999999.000,0.000,1.000,0.000,0,0,2,1,1,2,2,1,0.0,0.0,1.0,0.0,0.0,1.0
"G[0,2]((BldPrDia <= 70.612 | TotChol >= 20.851) | Pt_A1cGoalLev >= 56.740)
",9999999.000,9999999.000,0.000,1.000,0.000,0,0,3,0,0,3,3,0,0.0,0.0,1.0,0.0,0.0,1.0
"G[1,2](((AlbCreatRat_mggNew >= 7.057 -> TSH <= 1.715) -> BUN >= 1.241) & BldPrDia >= 0.780)
",9999999.000,9999999.000,0.000,1.000,0.000,0,0,3,0,0,3,3,0,0.0,0.0,1.0,0.0,0.0,1.0
"G[0,2](((BldPrSys <= 118.093 -> HDL <= 57.407) -> BGTestAvgNumPtRep >= 54.301) -> BldPrDia >= 54.040)
",9999999.000,9999999.000,0.000,1.000,0.000,0,0,3,0,0,3,3,0,0.0,0.0,1.0,0.0,0.0,1.0
"G[1,2](((bmi >= 28.269 -> LDL <= 120.079) | DirectLDL <= 125.360) & diabDur <= 105.222)
",9999999.000,9999999.000,0.000,1.000,0.000,0,0,3,0,0,3,3,0,0.0,0.0,1.0,0.0,0.0,1.0
"G[2,2]((HDL >= 53.452 | TSH >= 0.396) & GFR >= 0.257)
",-0.396,-0.396,0.000,1.000,0.000,0,0,3,0,0,3,3,0,0.0,0.0,1.0,0.0,0.0,1.0
"G[0,1](TotalDailyInsPerKg >= 0.455 & DirectLDL <= 0.000)
",9999999.000,9999999.000,0.000,1.000,0.000,0,0,1,2,2,1,1,2,0.0,0.0,1.0,0.0,0.0,1.0
