Rule,Discrimination Score,Pos Robustness,Neg Robustness,Percent Class +,Percent Class -,TP,TN,FP,FN,Actual Yes,Actual No,Predicted Yes,Predicted No,TPR/Sens,TNR/Spec,FPR,Precision,Accuracy,MCR
"F[1,1]((TotalDailyInsPerKg <= 0.832 | Pt_FatherT1D >= 0.177) & DirectLDL >= 0.037)
",-0.037,-0.037,0.000,0.000,1.000,1,0,0,0,1,0,1,0,1.0,0,0,1.0,1.0,0.0
"F[0,0](Triglyc >= 5.371 -> AlbCreatRat_mggNew <= 1.445)
",-1.445,-1.445,0.000,0.000,1.000,1,0,0,0,1,0,1,0,1.0,0,0,1.0,1.0,0.0
"F[0,0](HbA1c <= 8.884 & TSH <= 0.686)
",-7.314,-7.314,0.000,0.000,1.000,1,0,0,0,1,0,1,0,1.0,0,0,1.0,1.0,0.0
"F[0,0](AlbCreatRat_mggNew <= 1.750 | bmi <= 26.474)
",26.474,26.474,0.000,0.000,1.000,1,0,0,0,1,0,1,0,1.0,0,0,1.0,1.0,0.0
"F[0,1](BUN >= 1.672 & diabDur >= 10.326)
",-9999999.000,-9999999.000,0.000,0.000,1.000,1,0,0,0,1,0,1,0,1.0,0,0,1.0,1.0,0.0
"F[0,1]((NumPumpBolusOrShortAct <= 5.718 -> Pt_MotherT1D >= 0.000) -> age <= 0.000)
",-9999999.000,-9999999.000,0.000,0.000,1.000,1,0,0,0,1,0,1,0,1.0,0,0,1.0,1.0,0.0
"F[0,0](TotChol <= 0.000 & Pt_InsGov <= 0.983)
",0.000,0.000,0.000,0.000,1.000,1,0,0,0,1,0,1,0,1.0,0,0,1.0,1.0,0.0
"F[1,1]((Pt_A1cGoalLevelDsYr5 <= 0.000 | Triglyc <= 38.091) & Pt_InsGov >= 8.466)
",-8.466,-8.466,0.000,0.000,1.000,1,0,0,0,1,0,1,0,1.0,0,0,1.0,1.0,0.0
"F[0,1]((bmiZscore <= 0.688 -> LDL >= 41.176) & TSH >= 20.846)
",-9999999.000,-9999999.000,0.000,0.000,1.000,1,0,0,0,1,0,1,0,1.0,0,0,1.0,1.0,0.0
"F[0,1](((Pt_GrandparentT1D <= 0.000 & SMBGperDayPtMeterCombo <= 6.706) | BUN >= 2.403) & GFR <= 6.480)
",-9999999.000,-9999999.000,0.000,0.000,1.000,1,0,0,0,1,0,1,0,1.0,0,0,1.0,1.0,0.0
"F[0,1]((TSH <= 0.793 | age <= 19.755) & NumPumpBolusOrShortAct >= 19.117)
",-9999999.000,-9999999.000,0.000,0.000,1.000,1,0,0,0,1,0,1,0,1.0,0,0,1.0,1.0,0.0
"((HbA1c <= 8.566) U[1,2] (Pt_GrandparentT1D >= 0.000))
",-9999999.000,-9999999.000,0.000,0.000,1.000,1,0,0,0,1,0,1,0,1.0,0,0,1.0,1.0,0.0
"F[0,0]((BGTestAvgNumMeter >= 0.000 -> bmiZscore >= 0.272) -> BGTestAvgNumPtRep <= 0.642)
",-0.642,-0.642,0.000,0.000,1.000,1,0,0,0,1,0,1,0,1.0,0,0,1.0,1.0,0.0
"((AlbCreatRat_mggNew >= 1.058) U[1,1] (AlbCreatRat_mggNew >= 1.166))
",-1.058,-1.058,0.000,0.000,1.000,1,0,0,0,1,0,1,0,1.0,0,0,1.0,1.0,0.0
"F[0,1](((AutonomicNeuroCl <= 0.000 -> HbA1cImputeDtMnC >= 4.460) & bmiPerc >= 0.823) & Pt_SiblingT1D <= 5.396)
",-9999999.000,-9999999.000,0.000,0.000,1.000,1,0,0,0,1,0,1,0,1.0,0,0,1.0,1.0,0.0
"F[1,1](Pt_GrandchildT1D < 0.000 & Pt_SHFlg = 0.000)
",0.000,0.000,0.000,0.000,1.000,1,0,0,0,1,0,1,0,1.0,0,0,1.0,1.0,0.0
"F[0,1]((Pt_InsGov >= 0.021 -> UnitsInsBasalOrLongAct <= 27.835) & TotalDailyInsPerKg >= 12.479)
",-9999999.000,-9999999.000,0.000,0.000,1.000,1,0,0,0,1,0,1,0,1.0,0,0,1.0,1.0,0.0
"F[0,1](((TotChol >= 0.000 | BGTestAvgNumPtRep <= 7.005) -> Pt_ChildT1D <= 6.750) -> HbA1c <= 5.678)
",-9999999.000,-9999999.000,0.000,0.000,1.000,1,0,0,0,1,0,1,0,1.0,0,0,1.0,1.0,0.0
"F[0,0](((BGTestAvgNumPtRep >= 2.950 -> Triglyc <= 37.025) | LDL <= 38.128) -> NumPumpBolusOrShortAct >= 14.059)
",-37.189,-37.189,0.000,0.000,1.000,1,0,0,0,1,0,1,0,1.0,0,0,1.0,1.0,0.0
"F[0,0](((diabDur >= 10.308 -> SMBGperDayPtMeterCombo <= 5.012) | diagAgeCombo <= 6.181) -> Pt_A1cGoalLev <= 6.699)
",-6.699,-6.699,0.000,0.000,1.000,1,0,0,0,1,0,1,0,1.0,0,0,1.0,1.0,0.0
"((WeightKg <= 74.028) U[1,2] (Pt_A1cGoalLevelDsYr5 >= 0.000))
",-9999999.000,-9999999.000,0.000,0.000,1.000,1,0,0,0,1,0,1,0,1.0,0,0,1.0,1.0,0.0
"F[1,1]((BGTestAvgNumPtRep <= 6.361 | BldPrDia >= 78.009) & bmiPerc >= 78.199)
",-78.199,-78.199,0.000,0.000,1.000,1,0,0,0,1,0,1,0,1.0,0,0,1.0,1.0,0.0
"((diabDur >= 10.332) U[0,0] (TotalDailyInsPerKg >= 0.698))
",10.302,10.302,0.000,0.000,1.000,1,0,0,0,1,0,1,0,1.0,0,0,1.0,1.0,0.0
"F[0,1](((AutonomicNeuroCl <= 0.000 -> HbA1c <= 8.497) -> TotalDailyInsPerKg >= 7.971) & BGTestAvgNumMeter >= 8.028)
",-9999999.000,-9999999.000,0.000,0.000,1.000,1,0,0,0,1,0,1,0,1.0,0,0,1.0,1.0,0.0
"F[1,1](HbA1c <= 8.542 -> SMBGperDayPtMeterCombo <= 6.476)
",-8.542,-8.542,0.000,0.000,1.000,1,0,0,0,1,0,1,0,1.0,0,0,1.0,1.0,0.0
"F[0,0](((BGTestAvgNumPtRep >= 3.773 -> Pt_GrandparentT1D >= 0.000) | Pt_A1cGoalLev >= 0.000) -> NumPumpBolusOrShortAct <= 0.000)
",0.000,0.000,0.000,0.000,1.000,1,0,0,0,1,0,1,0,1.0,0,0,1.0,1.0,0.0
"((HbA1cImputeDtMnC <= 7.828) U[1,1] (HbA1cImputeDtMnC <= 6.444))
",7.828,7.828,0.000,0.000,1.000,1,0,0,0,1,0,1,0,1.0,0,0,1.0,1.0,0.0
"((BGTestAvgNumMeter >= 0.000) U[1,1] (BGTestAvgNumPtRep <= 7.486))
",7.486,7.486,0.000,0.000,1.000,1,0,0,0,1,0,1,0,1.0,0,0,1.0,1.0,0.0
"F[0,0](TotalDailyInsPerKg >= 0.726 & Pt_SHFlg = 0.000)
",-9.195,-9.195,0.000,0.000,1.000,1,0,0,0,1,0,1,0,1.0,0,0,1.0,1.0,0.0
"F[1,1](((TotalDailyInsPerKg >= 0.697 | HDL >= 23.896) | HbA1cImputeDtMnC <= 25.375) & LDL >= 12.713)
",-12.713,-12.713,0.000,0.000,1.000,1,0,0,0,1,0,1,0,1.0,0,0,1.0,1.0,0.0
"F[0,1](((HbA1c >= 7.825 -> UnitsInsBasalOrLongAct >= 20.044) -> HbA1c <= 39.300) -> age >= 25.273)
",-9999999.000,-9999999.000,0.000,0.000,1.000,1,0,0,0,1,0,1,0,1.0,0,0,1.0,1.0,0.0
"((BGTestAvgNumMeter >= 0.000) U[1,1] (BGTestAvgNumPtRep <= 7.539))
",7.539,7.539,0.000,0.000,1.000,1,0,0,0,1,0,1,0,1.0,0,0,1.0,1.0,0.0
"((UnitsInsBasalOrLongAct > 19.721) U[1,2] (Pt_SHFlg = 0.000))
",-9999999.000,-9999999.000,0.000,0.000,1.000,1,0,0,0,1,0,1,0,1.0,0,0,1.0,1.0,0.0
"F[0,1]((Pt_MotherT1D <= 0.000 -> diabDur <= 10.758) | TSH <= 10.648)
",-9999999.000,-9999999.000,0.000,0.000,1.000,0,0,0,1,1,0,0,1,0.0,0,0,0.0,0.0,1.0
"F[0,1](Pt_CGMUseNumDays >= 11.720 -> HeightCm <= 167.600)
",-9999999.000,-9999999.000,0.000,0.000,1.000,0,0,0,1,1,0,0,1,0.0,0,0,0.0,0.0,1.0
"((Pt_MotherT1D >= 0.000) U[1,1] (HDL <= 36.470))
",36.470,36.470,0.000,0.000,1.000,0,0,0,1,1,0,0,1,0.0,0,0,0.0,0.0,1.0
"F[0,2](((GFR >= 18.547 | GFR >= 26.142) & LDL >= 23.891) | age <= 60.928)
",-9999999.000,-9999999.000,0.000,0.000,1.000,0,0,0,1,1,0,0,1,0.0,0,0,0.0,0.0,1.0
"F[2,2](HbA1c <= 8.538 | TSH >= 0.043)
",8.538,8.538,0.000,0.000,1.000,0,0,0,1,1,0,0,1,0.0,0,0,0.0,0.0,1.0
"F[2,2](GFR >= 16.631 | GFR >= 30.446)
",-16.631,-16.631,0.000,0.000,1.000,0,0,0,1,1,0,0,1,0.0,0,0,0.0,0.0,1.0
"F[0,0]((diabDur >= 10.005 & Pt_ChildT1D >= 0.000) -> bmi <= 0.000)
",0.000,0.000,0.000,0.000,1.000,0,0,0,1,1,0,0,1,0.0,0,0,0.0,0.0,1.0
"F[0,1]((Pt_CGMUseNumDays <= 19.500 | diagAgeCombo <= 5.809) | DirectLDL >= 3.968)
",-9999999.000,-9999999.000,0.000,0.000,1.000,0,0,0,1,1,0,0,1,0.0,0,0,0.0,0.0,1.0
"F[1,1](diabDur >= 10.087 | SMBGperDayPtMeterCombo >= 2.947)
",-2.947,-2.947,0.000,0.000,1.000,0,0,0,1,1,0,0,1,0.0,0,0,0.0,0.0,1.0
"F[2,2](((AlbCreatRat_mggNew >= 0.886 | Pt_InsGov >= 0.408) | Pt_MotherT1D <= 0.802) & Pt_InsGov >= 0.494)
",-0.494,-0.494,0.000,0.000,1.000,0,0,0,1,1,0,0,1,0.0,0,0,0.0,0.0,1.0
"F[1,2](((Pt_DKAFlg <= 0.000 | Pt_CGMUseNumDays >= 2.469) | age <= 21.196) & BldPrSys <= 15.044)
",-9999999.000,-9999999.000,0.000,0.000,1.000,0,0,0,1,1,0,0,1,0.0,0,0,0.0,0.0,1.0
"((bmiPerc >= 0.745) U[0,2] (GFR <= 61.940))
",-9999999.000,-9999999.000,0.000,0.000,1.000,0,0,0,1,1,0,0,1,0.0,0,0,0.0,0.0,1.0
"F[0,1](TotalDailyInsPerKg <= 0.928 | AlbCreatRat_mggNew <= 1.478)
",-9999999.000,-9999999.000,0.000,0.000,1.000,0,0,0,1,1,0,0,1,0.0,0,0,0.0,0.0,1.0
"F[0,2](((HeightCm <= 167.600 | Pt_InsGov <= 0.504) -> WeightKg >= 0.251) | diabDur >= 0.418)
",-9999999.000,-9999999.000,0.000,0.000,1.000,0,0,0,1,1,0,0,1,0.0,0,0,0.0,0.0,1.0
"F[0,1]((TotChol <= 0.000 & Pt_A1cGoalLev >= 1.806) & Pt_SiblingT1D <= 5.472)
",-9999999.000,-9999999.000,0.000,0.000,1.000,0,0,0,1,1,0,0,1,0.0,0,0,0.0,0.0,1.0
"F[0,0](((AlbCreatRat_mggNew <= 1.835 | BGTestAvgNumMeter <= 0.000) -> TotalDailyInsPerKg <= 0.000) -> Pt_SiblingT1D >= 0.000)
",0.000,0.000,0.000,0.000,1.000,0,0,0,1,1,0,0,1,0.0,0,0,0.0,0.0,1.0
"F[2,2](age <= 19.596 & BUN >= 2.613)
",-2.613,-2.613,0.000,0.000,1.000,0,0,0,1,1,0,0,1,0.0,0,0,0.0,0.0,1.0
"F[1,2](((HDL <= 34.131 -> Pt_A1cGoalLev <= 6.422) & diabDur <= 6.954) -> AutonomicNeuroCl >= 2.236)
",-9999999.000,-9999999.000,0.000,0.000,1.000,0,0,0,1,1,0,0,1,0.0,0,0,0.0,0.0,1.0
"((TSH >= 0.346) U[0,2] (bmi >= 25.654))
",-9999999.000,-9999999.000,0.000,0.000,1.000,0,0,0,1,1,0,0,1,0.0,0,0,0.0,0.0,1.0
"F[1,2](((Pt_ChildT1D <= 0.000 | Pt_SiblingT1D >= 0.000) -> BGTestAvgNumMeter <= 0.000) -> bmiZscore <= 0.000)
",-9999999.000,-9999999.000,0.000,0.000,1.000,0,0,0,1,1,0,0,1,0.0,0,0,0.0,0.0,1.0
"F[1,2](((Pt_A1cGoalLevelDsYr5 <= 0.000 -> AlbCreatRat_mggNew <= 2.376) -> Pt_GrandchildT1D <= 2.196) & Pt_GrandchildT1D >= 0.677)
",-9999999.000,-9999999.000,0.000,0.000,1.000,0,0,0,1,1,0,0,1,0.0,0,0,0.0,0.0,1.0
"F[1,2](((Pt_ChildT1D <= 0.000 | bmi <= 26.579) & GFR <= 26.917) & diabDur <= 26.081)
",-9999999.000,-9999999.000,0.000,0.000,1.000,0,0,0,1,1,0,0,1,0.0,0,0,0.0,0.0,1.0
"F[2,2]((AlbCreatRat_mggNew >= 0.676 -> Pt_A1cGoalLevelDsYr5 <= 0.000) -> AlbCreatRat_mggNew >= 0.000)
",0.000,0.000,0.000,0.000,1.000,0,0,0,1,1,0,0,1,0.0,0,0,0.0,0.0,1.0
"F[0,2]((HbA1c <= 8.468 & WeightKg <= 74.556) & HeightCm <= 75.423)
",-9999999.000,-9999999.000,0.000,0.000,1.000,0,0,0,1,1,0,0,1,0.0,0,0,0.0,0.0,1.0
"F[1,2](Triglyc <= 44.203 | TotalDailyInsPerKg <= 0.875)
",-9999999.000,-9999999.000,0.000,0.000,1.000,0,0,0,1,1,0,0,1,0.0,0,0,0.0,0.0,1.0
"F[0,1]((Pt_InsGov <= 0.513 & BldPrDia >= 78.182) -> BUN >= 78.402)
",-9999999.000,-9999999.000,0.000,0.000,1.000,0,0,0,1,1,0,0,1,0.0,0,0,0.0,0.0,1.0
"F[0,1]((Pt_A1cGoalLev >= 2.804 | BldPrSys >= 117.255) -> DirectLDL >= 117.682)
",-9999999.000,-9999999.000,0.000,0.000,1.000,0,0,0,1,1,0,0,1,0.0,0,0,0.0,0.0,1.0
"F[0,2](((bmiPerc >= 0.750 -> Pt_GrandparentT1D <= 0.000) -> UnitsInsBasalOrLongAct >= 0.000) -> TotalDailyInsPerKg >= 0.000)
",-9999999.000,-9999999.000,0.000,0.000,1.000,0,0,0,1,1,0,0,1,0.0,0,0,0.0,0.0,1.0
"((diagAgeCombo >= 2.401) U[2,2] (bmi <= 26.650))
",26.650,26.650,0.000,0.000,1.000,0,0,0,1,1,0,0,1,0.0,0,0,0.0,0.0,1.0
"F[0,2](TSH >= 0.280 & Pt_ChildT1D <= 0.000)
",-9999999.000,-9999999.000,0.000,0.000,1.000,0,0,0,1,1,0,0,1,0.0,0,0,0.0,0.0,1.0
"F[2,2]((diabDur >= 10.234 | Pt_CGMUseNumDays >= 3.596) | Pt_InsGov >= 13.105)
",-3.596,-3.596,0.000,0.000,1.000,0,0,0,1,1,0,0,1,0.0,0,0,0.0,0.0,1.0
"((DirectLDL <= 0.000) U[0,2] (Triglyc >= 14.890))
",-9999999.000,-9999999.000,0.000,0.000,1.000,0,0,0,1,1,0,0,1,0.0,0,0,0.0,0.0,1.0
"F[0,0](Triglyc >= 20.158 | HbA1c >= 8.174)
",-8.174,-8.174,0.000,0.000,1.000,0,0,0,1,1,0,0,1,0.0,0,0,0.0,0.0,1.0
"((Pt_DKAFlg >= 0.000) U[0,1] (diabDur >= 10.083))
",-9999999.000,-9999999.000,0.000,0.000,1.000,0,0,0,1,1,0,0,1,0.0,0,0,0.0,0.0,1.0
"F[0,1](HbA1c <= 8.753 -> Triglyc <= 38.180)
",-9999999.000,-9999999.000,0.000,0.000,1.000,0,0,0,1,1,0,0,1,0.0,0,0,0.0,0.0,1.0
"F[1,2]((BGTestAvgNumMeter >= 0.000 & diagAgeCombo >= 2.439) -> Pt_CGMUseNumDays <= 5.994)
",-9999999.000,-9999999.000,0.000,0.000,1.000,0,0,0,1,1,0,0,1,0.0,0,0,0.0,0.0,1.0
"F[2,2](Pt_A1cGoalLevelDsYr5 >= 0.000 -> diagAgeCombo >= 1.203)
",0.000,0.000,0.000,0.000,1.000,0,0,0,1,1,0,0,1,0.0,0,0,0.0,0.0,1.0
"F[2,2](((bmiPerc >= 0.771 | NumPumpBolusOrShortAct <= 4.210) -> age >= 2.469) | TotChol <= 5.420)
",5.420,5.420,0.000,0.000,1.000,0,0,0,1,1,0,0,1,0.0,0,0,0.0,0.0,1.0
"F[0,2]((age >= 19.286 & Pt_SiblingT1D <= 0.000) & SMBGperDayPtMeterCombo >= 0.000)
",-9999999.000,-9999999.000,0.000,0.000,1.000,0,0,0,1,1,0,0,1,0.0,0,0,0.0,0.0,1.0
"F[0,0]((Pt_CGMUseNumDays >= 11.856 | BldPrSys <= 124.009) & Pt_ChildT1D <= 128.455)
",128.455,128.455,0.000,0.000,1.000,0,0,0,1,1,0,0,1,0.0,0,0,0.0,0.0,1.0
"F[1,2]((BGTestAvgNumPtRep <= 6.929 & UnitsInsBasalOrLongAct <= 41.187) -> bmiZscore <= 42.359)
",-9999999.000,-9999999.000,0.000,0.000,1.000,0,0,0,1,1,0,0,1,0.0,0,0,0.0,0.0,1.0
"((Pt_DKAFlg <= 0.000) U[0,2] (BGTestAvgNumMeter <= 0.000))
",-9999999.000,-9999999.000,0.000,0.000,1.000,0,0,0,1,1,0,0,1,0.0,0,0,0.0,0.0,1.0
"((AlbCreatRat_mggNew <= 2.385) U[0,2] (BldPrDia >= 78.341))
",-9999999.000,-9999999.000,0.000,0.000,1.000,0,0,0,1,1,0,0,1,0.0,0,0,0.0,0.0,1.0
"F[1,1]((Pt_SHFlg >= 0.000 | Pt_SHFlg >= 0.000) & Pt_CGMUseNumDays <= 0.000)
",0.000,0.000,0.000,0.000,1.000,0,0,0,1,1,0,0,1,0.0,0,0,0.0,0.0,1.0
"F[0,1]((TotChol >= 0.000 | Triglyc >= 1.993) | WeightKg <= 53.654)
",-9999999.000,-9999999.000,0.000,0.000,1.000,0,0,0,1,1,0,0,1,0.0,0,0,0.0,0.0,1.0
"F[1,2]((Pt_GrandchildT1D <= 0.000 & UnitsInsBasalOrLongAct >= 19.262) | BGTestAvgNumMeter <= 35.613)
",-9999999.000,-9999999.000,0.000,0.000,1.000,0,0,0,1,1,0,0,1,0.0,0,0,0.0,0.0,1.0
"F[0,2]((diagAgeCombo >= 2.841 & BGTestAvgNumMeter >= 0.000) -> Pt_SiblingT1D >= 0.000)
",-9999999.000,-9999999.000,0.000,0.000,1.000,0,0,0,1,1,0,0,1,0.0,0,0,0.0,0.0,1.0
"F[1,2]((Pt_SiblingT1D >= 0.000 -> AlbCreatRat_mggNew >= 0.986) | UnitsInsBasalOrLongAct <= 1.262)
",-9999999.000,-9999999.000,0.000,0.000,1.000,0,0,0,1,1,0,0,1,0.0,0,0,0.0,0.0,1.0
"F[1,1](((DirectLDL <= 0.000 | TotChol >= 0.000) & bmiZscore >= 0.000) -> HbA1c >= 0.000)
",0.000,0.000,0.000,0.000,1.000,0,0,0,1,1,0,0,1,0.0,0,0,0.0,0.0,1.0
"((HbA1c <= 8.609) U[1,2] (Pt_A1cGoalLev >= 1.014))
",-9999999.000,-9999999.000,0.000,0.000,1.000,0,0,0,1,1,0,0,1,0.0,0,0,0.0,0.0,1.0
"((BGTestAvgNumPtRep >= 2.239) U[0,2] (Pt_CGMUseNumDays >= 11.429))
",-9999999.000,-9999999.000,0.000,0.000,1.000,0,0,0,1,1,0,0,1,0.0,0,0,0.0,0.0,1.0
"F[0,1]((Pt_InsGov <= 0.973 -> age >= 19.193) -> UnitsInsBasalOrLongAct >= 19.260)
",-9999999.000,-9999999.000,0.000,0.000,1.000,0,0,0,1,1,0,0,1,0.0,0,0,0.0,0.0,1.0
"F[0,2](((Pt_FatherT1D >= 0.277 | TSH >= 0.062) | Pt_ChildT1D <= 0.472) -> BUN <= 0.705)
",-9999999.000,-9999999.000,0.000,0.000,1.000,0,0,0,1,1,0,0,1,0.0,0,0,0.0,0.0,1.0
"F[0,1](Pt_A1cGoalLevelDsYr5 <= 0.000 | AlbCreatRat_mggNew >= 0.877)
",-9999999.000,-9999999.000,0.000,0.000,1.000,0,0,0,1,1,0,0,1,0.0,0,0,0.0,0.0,1.0
"F[0,1]((GFR <= 61.047 | bmi >= 25.831) | BUN >= 25.976)
",-9999999.000,-9999999.000,0.000,0.000,1.000,0,0,0,1,1,0,0,1,0.0,0,0,0.0,0.0,1.0
"F[0,1](((diabDur <= 10.586 & Pt_SHFlg >= 0.000) & UnitsInsBasalOrLongAct >= 0.000) & HbA1c >= 0.000)
",-9999999.000,-9999999.000,0.000,0.000,1.000,0,0,0,1,1,0,0,1,0.0,0,0,0.0,0.0,1.0
"F[1,1](((AlbCreatRat_mggNew >= 0.600 | Pt_A1cGoalLev >= 2.411) -> diagAgeCombo <= 4.301) & BGTestAvgNumMeter <= 5.532)
",-4.301,-4.301,0.000,0.000,1.000,0,0,0,1,1,0,0,1,0.0,0,0,0.0,0.0,1.0
"F[1,2](((BldPrSys >= 110.658 -> BGTestAvgNumPtRep >= 3.221) -> HbA1cImputeDtMnC <= 7.782) & Pt_SHFlg >= 4.178)
",-9999999.000,-9999999.000,0.000,0.000,1.000,0,0,0,1,1,0,0,1,0.0,0,0,0.0,0.0,1.0
"F[1,2](((Pt_ChildT1D >= 0.000 | Triglyc <= 31.278) & Pt_SiblingT1D >= 18.988) -> Pt_A1cGoalLevelDsYr5 <= 58.799)
",-9999999.000,-9999999.000,0.000,0.000,1.000,0,0,0,1,1,0,0,1,0.0,0,0,0.0,0.0,1.0
"F[0,1](GFR >= 30.164 | HeightCm >= 167.600)
",-9999999.000,-9999999.000,0.000,0.000,1.000,0,0,0,1,1,0,0,1,0.0,0,0,0.0,0.0,1.0
"F[2,2](((BUN <= 8.295 -> Pt_InsGov <= 0.549) & BGTestAvgNumPtRep >= 0.069) & BGTestAvgNumMeter >= 0.488)
",-8.295,-8.295,0.000,0.000,1.000,0,0,0,1,1,0,0,1,0.0,0,0,0.0,0.0,1.0
"F[1,2]((BldPrDia >= 78.486 | Pt_GrandparentT1D <= 0.000) | Pt_MotherT1D <= 0.000)
",-9999999.000,-9999999.000,0.000,0.000,1.000,0,0,0,1,1,0,0,1,0.0,0,0,0.0,0.0,1.0
"F[1,1](((AlbCreatRat_mggNew <= 1.800 -> diagAgeCombo <= 6.757) & HeightCm <= 8.569) -> HbA1cImputeDtMnC >= 1.466)
",1.466,1.466,0.000,0.000,1.000,0,0,0,1,1,0,0,1,0.0,0,0,0.0,0.0,1.0
"F[2,2](HbA1cImputeDtMnC <= 8.613 -> DirectLDL <= 0.000)
",-8.613,-8.613,0.000,0.000,1.000,0,0,0,1,1,0,0,1,0.0,0,0,0.0,0.0,1.0
"F[0,2](((Triglyc <= 34.446 -> HbA1c <= 8.369) -> TotalDailyInsPerKg <= 8.845) -> bmi >= 7.998)
",-9999999.000,-9999999.000,0.000,0.000,1.000,0,0,0,1,1,0,0,1,0.0,0,0,0.0,0.0,1.0
"F[1,1](Pt_SHFlg >= 0.000 | Pt_MotherT1D <= 0.000)
",0.000,0.000,0.000,0.000,1.000,0,0,0,1,1,0,0,1,0.0,0,0,0.0,0.0,1.0
"F[2,2](Pt_InsGov >= 0.476 -> HbA1cImputeDtMnC <= 7.922)
",-7.922,-7.922,0.000,0.000,1.000,0,0,0,1,1,0,0,1,0.0,0,0,0.0,0.0,1.0
"F[2,2](((BGTestAvgNumPtRep <= 6.593 | BldPrSys >= 110.859) | WeightKg <= 128.560) -> Pt_SHFlg >= 108.047)
",-128.560,-128.560,0.000,0.000,1.000,0,0,0,1,1,0,0,1,0.0,0,0,0.0,0.0,1.0
"F[0,1](DirectLDL >= 0.000 | bmi <= 26.808)
",-9999999.000,-9999999.000,0.000,0.000,1.000,0,0,0,1,1,0,0,1,0.0,0,0,0.0,0.0,1.0
"((HbA1cImputeDtMnC <= 5.872) U[0,0] (Pt_ChildT1D <= 0.000))
",3.872,3.872,0.000,0.000,1.000,0,0,0,1,1,0,0,1,0.0,0,0,0.0,0.0,1.0
"F[1,2](age >= 19.045 & AutonomicNeuroCl <= 0.000)
",-9999999.000,-9999999.000,0.000,0.000,1.000,0,0,0,1,1,0,0,1,0.0,0,0,0.0,0.0,1.0
"((Pt_A1cGoalLev >= 2.391) U[1,2] (Pt_A1cGoalLev >= 3.188))
",-9999999.000,-9999999.000,0.000,0.000,1.000,0,0,0,1,1,0,0,1,0.0,0,0,0.0,0.0,1.0
"F[1,2](BGTestAvgNumPtRep >= 2.887 -> BldPrDia >= 78.147)
",-9999999.000,-9999999.000,0.000,0.000,1.000,0,0,0,1,1,0,0,1,0.0,0,0,0.0,0.0,1.0
"((SMBGperDayPtMeterCombo <= 6.688) U[1,1] (BUN <= 6.970))
",6.970,6.970,0.000,0.000,1.000,0,0,0,1,1,0,0,1,0.0,0,0,0.0,0.0,1.0
"F[1,1](GFR <= 83.670 | TotalDailyInsPerKg <= 0.772)
",83.670,83.670,0.000,0.000,1.000,0,0,0,1,1,0,0,1,0.0,0,0,0.0,0.0,1.0
"((diabDur <= 10.537) U[0,2] (DirectLDL >= 0.000))
",-9999999.000,-9999999.000,0.000,0.000,1.000,0,0,0,1,1,0,0,1,0.0,0,0,0.0,0.0,1.0
"F[1,1](((HbA1cImputeDtMnC <= 4.666 -> BGTestAvgNumPtRep <= 7.111) -> TSH >= 3.793) -> Pt_SHFlg >= 3.256)
",-3.793,-3.793,0.000,0.000,1.000,0,0,0,1,1,0,0,1,0.0,0,0,0.0,0.0,1.0
"((Pt_SHFlg <= 0.000) U[1,2] (BldPrDia <= 78.512))
",-9999999.000,-9999999.000,0.000,0.000,1.000,0,0,0,1,1,0,0,1,0.0,0,0,0.0,0.0,1.0
"F[2,2]((TotChol <= 0.000 -> DirectLDL >= 0.000) & BUN >= 0.000)
",0.000,0.000,0.000,0.000,1.000,0,0,0,1,1,0,0,1,0.0,0,0,0.0,0.0,1.0
"F[0,1](((Pt_GrandchildT1D >= 0.000 | diagAgeCombo <= 7.165) | Pt_SiblingT1D <= 4.836) -> AlbCreatRat_mggNew <= 6.124)
",-9999999.000,-9999999.000,0.000,0.000,1.000,0,0,0,1,1,0,0,1,0.0,0,0,0.0,0.0,1.0
"F[1,1](bmi <= 26.803 | TotChol >= 0.000)
",26.803,26.803,0.000,0.000,1.000,0,0,0,1,1,0,0,1,0.0,0,0,0.0,0.0,1.0
"F[2,2](WeightKg >= 72.973 -> BUN >= 2.500)
",2.500,2.500,0.000,0.000,1.000,0,0,0,1,1,0,0,1,0.0,0,0,0.0,0.0,1.0
"F[0,2](((Pt_GrandchildT1D <= 0.000 | NumPumpBolusOrShortAct <= 5.842) -> Pt_GrandchildT1D >= 2.980) & Pt_GrandchildT1D <= 5.399)
",-9999999.000,-9999999.000,0.000,0.000,1.000,0,0,0,1,1,0,0,1,0.0,0,0,0.0,0.0,1.0
"((diagAgeCombo <= 4.992) U[0,2] (bmiPerc >= 0.792))
",-9999999.000,-9999999.000,0.000,0.000,1.000,0,0,0,1,1,0,0,1,0.0,0,0,0.0,0.0,1.0
"F[0,2]((SMBGperDayPtMeterCombo >= 2.249 -> HbA1c <= 8.785) & BldPrSys >= 8.110)
",-9999999.000,-9999999.000,0.000,0.000,1.000,0,0,0,1,1,0,0,1,0.0,0,0,0.0,0.0,1.0
"F[0,2]((SMBGperDayPtMeterCombo >= 2.836 & bmiZscore >= 0.410) -> Pt_ChildT1D >= 0.011)
",-9999999.000,-9999999.000,0.000,0.000,1.000,0,0,0,1,1,0,0,1,0.0,0,0,0.0,0.0,1.0
"F[0,1]((Pt_SHFlg <= 0.000 | LDL >= 5.807) & bmiZscore <= 52.731)
",-9999999.000,-9999999.000,0.000,0.000,1.000,0,0,0,1,1,0,0,1,0.0,0,0,0.0,0.0,1.0
"F[0,1](Pt_A1cGoalLevelDsYr5 >= 0.000 & bmiPerc >= 0.727)
",-9999999.000,-9999999.000,0.000,0.000,1.000,0,0,0,1,1,0,0,1,0.0,0,0,0.0,0.0,1.0
"((NumPumpBolusOrShortAct <= 4.646) U[0,1] (bmiPerc <= 0.809))
",-9999999.000,-9999999.000,0.000,0.000,1.000,0,0,0,1,1,0,0,1,0.0,0,0,0.0,0.0,1.0
"F[1,2](bmi <= 26.509 | Pt_A1cGoalLev >= 2.413)
",-9999999.000,-9999999.000,0.000,0.000,1.000,0,0,0,1,1,0,0,1,0.0,0,0,0.0,0.0,1.0
"F[1,2](((HbA1c >= 8.162 & BGTestAvgNumPtRep <= 7.768) | GFR <= 6.896) | diabDur >= 4.863)
",-9999999.000,-9999999.000,0.000,0.000,1.000,0,0,0,1,1,0,0,1,0.0,0,0,0.0,0.0,1.0
"F[1,1]((AlbCreatRat_mggNew >= 1.162 & Pt_GrandchildT1D >= 0.000) -> HeightCm >= 0.000)
",0.000,0.000,0.000,0.000,1.000,0,0,0,1,1,0,0,1,0.0,0,0,0.0,0.0,1.0
"F[0,2]((Pt_A1cGoalLevelDsYr5 >= 0.000 | Pt_SHFlg >= 0.000) | SMBGperDayPtMeterCombo <= 0.000)
",-9999999.000,-9999999.000,0.000,0.000,1.000,0,0,0,1,1,0,0,1,0.0,0,0,0.0,0.0,1.0
"((Pt_MotherT1D >= 0.000) U[1,1] (TotChol >= 0.000))
",0.000,0.000,0.000,0.000,1.000,0,0,0,1,1,0,0,1,0.0,0,0,0.0,0.0,1.0
"F[0,2]((DirectLDL <= 0.000 -> Pt_InsGov <= 0.638) | SMBGperDayPtMeterCombo >= 0.070)
",-9999999.000,-9999999.000,0.000,0.000,1.000,0,0,0,1,1,0,0,1,0.0,0,0,0.0,0.0,1.0
"F[1,2](((BUN >= 5.024 | AlbCreatRat_mggNew <= 2.399) & Pt_SiblingT1D <= 1.650) & AlbCreatRat_mggNew >= 0.511)
",-9999999.000,-9999999.000,0.000,0.000,1.000,0,0,0,1,1,0,0,1,0.0,0,0,0.0,0.0,1.0
"F[0,0](((GFR <= 55.783 -> age >= 19.046) -> HbA1c <= 19.809) -> bmiPerc <= 19.516)
",5.511,5.511,0.000,0.000,1.000,0,0,0,1,1,0,0,1,0.0,0,0,0.0,0.0,1.0
"F[1,2](((BldPrDia <= 78.909 & Pt_InsGov >= 0.244) | BldPrDia >= 0.381) | BUN <= 0.784)
",-9999999.000,-9999999.000,0.000,0.000,1.000,0,0,0,1,1,0,0,1,0.0,0,0,0.0,0.0,1.0
"F[0,2](((Pt_A1cGoalLevelDsYr5 <= 0.000 | AutonomicNeuroCl >= 0.000) | Pt_ChildT1D <= 0.000) -> GFR <= 0.000)
",-9999999.000,-9999999.000,0.000,0.000,1.000,0,0,0,1,1,0,0,1,0.0,0,0,0.0,0.0,1.0
"F[0,1](BldPrSys >= 116.555 | BldPrDia >= 78.214)
",-9999999.000,-9999999.000,0.000,0.000,1.000,0,0,0,1,1,0,0,1,0.0,0,0,0.0,0.0,1.0
"F[2,2](((Pt_A1cGoalLev >= 1.454 -> Pt_A1cGoalLevelDsYr5 <= 0.000) -> Pt_A1cGoalLev >= 0.000) -> SMBGperDayPtMeterCombo >= 0.000)
",0.000,0.000,0.000,0.000,1.000,0,0,0,1,1,0,0,1,0.0,0,0,0.0,0.0,1.0
"F[0,2]((age >= 19.338 & Pt_ChildT1D <= 0.000) & BGTestAvgNumMeter <= 0.000)
",-9999999.000,-9999999.000,0.000,0.000,1.000,0,0,0,1,1,0,0,1,0.0,0,0,0.0,0.0,1.0
"((bmiPerc <= 0.827) U[0,2] (NumPumpBolusOrShortAct <= 5.788))
",-9999999.000,-9999999.000,0.000,0.000,1.000,0,0,0,1,1,0,0,1,0.0,0,0,0.0,0.0,1.0
"F[1,2](diagAgeCombo <= 6.266 & Pt_GrandchildT1D >= 0.000)
",-9999999.000,-9999999.000,0.000,0.000,1.000,0,0,0,1,1,0,0,1,0.0,0,0,0.0,0.0,1.0
"F[1,2]((DirectLDL <= 0.000 & bmiPerc >= 0.783) & HbA1cImputeDtMnC >= 0.739)
",-9999999.000,-9999999.000,0.000,0.000,1.000,0,0,0,1,1,0,0,1,0.0,0,0,0.0,0.0,1.0
"F[0,2]((bmiZscore <= 1.112 -> Pt_GrandchildT1D <= 0.000) & BGTestAvgNumMeter <= 0.000)
",-9999999.000,-9999999.000,0.000,0.000,1.000,0,0,0,1,1,0,0,1,0.0,0,0,0.0,0.0,1.0
"F[0,2]((Pt_DKAFlg >= 0.000 -> DirectLDL >= 0.000) & bmiPerc <= 0.000)
",-9999999.000,-9999999.000,0.000,0.000,1.000,0,0,0,1,1,0,0,1,0.0,0,0,0.0,0.0,1.0
"F[0,1](((Pt_GrandparentT1D >= 0.000 & bmi <= 26.308) | bmiZscore <= 26.935) & Triglyc >= 25.112)
",-9999999.000,-9999999.000,0.000,0.000,1.000,0,0,0,1,1,0,0,1,0.0,0,0,0.0,0.0,1.0
"F[2,2]((Pt_ChildT1D <= 0.000 & NumPumpBolusOrShortAct <= 5.825) | LDL <= 4.180)
",4.180,4.180,0.000,0.000,1.000,0,0,0,1,1,0,0,1,0.0,0,0,0.0,0.0,1.0
"((BGTestAvgNumMeter >= 0.000) U[1,2] (LDL <= 54.990))
",-9999999.000,-9999999.000,0.000,0.000,1.000,0,0,0,1,1,0,0,1,0.0,0,0,0.0,0.0,1.0
"((Pt_InsGov >= 0.280) U[1,1] (NumPumpBolusOrShortAct <= 4.260))
",4.260,4.260,0.000,0.000,1.000,0,0,0,1,1,0,0,1,0.0,0,0,0.0,0.0,1.0
"F[0,1](TSH >= 0.215 | DirectLDL >= 0.000)
",-9999999.000,-9999999.000,0.000,0.000,1.000,0,0,0,1,1,0,0,1,0.0,0,0,0.0,0.0,1.0
"F[0,1]((HbA1c >= 7.954 -> LDL <= 80.170) | TotChol <= 81.814)
",-9999999.000,-9999999.000,0.000,0.000,1.000,0,0,0,1,1,0,0,1,0.0,0,0,0.0,0.0,1.0
"F[0,2](GFR >= 24.920 & Pt_ChildT1D >= 0.000)
",-9999999.000,-9999999.000,0.000,0.000,1.000,0,0,0,1,1,0,0,1,0.0,0,0,0.0,0.0,1.0
"((HDL >= 22.148) U[0,1] (HbA1c >= 8.066))
",-9999999.000,-9999999.000,0.000,0.000,1.000,0,0,0,1,1,0,0,1,0.0,0,0,0.0,0.0,1.0
"F[1,2](((SMBGperDayPtMeterCombo >= 2.794 | Pt_GrandchildT1D >= 0.000) & Pt_SHFlg <= 0.000) | BUN >= 0.000)
",-9999999.000,-9999999.000,0.000,0.000,1.000,0,0,0,1,1,0,0,1,0.0,0,0,0.0,0.0,1.0
"F[0,1]((NumPumpBolusOrShortAct <= 4.976 | LDL <= 63.954) | Pt_GrandchildT1D >= 21.254)
",-9999999.000,-9999999.000,0.000,0.000,1.000,0,0,0,1,1,0,0,1,0.0,0,0,0.0,0.0,1.0
"F[0,2](((WeightKg >= 72.012 | Pt_A1cGoalLevelDsYr5 <= 0.000) | Pt_CGMUseNumDays >= 0.000) | HeightCm >= 0.000)
",-9999999.000,-9999999.000,0.000,0.000,1.000,0,0,0,1,1,0,0,1,0.0,0,0,0.0,0.0,1.0
"((TotalDailyInsPerKg >= 0.745) U[2,2] (AutonomicNeuroCl <= 0.000))
",0.000,0.000,0.000,0.000,1.000,0,0,0,1,1,0,0,1,0.0,0,0,0.0,0.0,1.0
"F[1,2]((Pt_A1cGoalLev >= 0.639 & LDL >= 33.488) | HbA1cImputeDtMnC >= 14.892)
",-9999999.000,-9999999.000,0.000,0.000,1.000,0,0,0,1,1,0,0,1,0.0,0,0,0.0,0.0,1.0
"((Pt_A1cGoalLev >= 3.211) U[0,0] (UnitsInsBasalOrLongAct <= 36.597))
",36.597,36.597,0.000,0.000,1.000,0,0,0,1,1,0,0,1,0.0,0,0,0.0,0.0,1.0
"((DirectLDL <= 0.000) U[1,2] (bmi <= 26.254))
",-9999999.000,-9999999.000,0.000,0.000,1.000,0,0,0,1,1,0,0,1,0.0,0,0,0.0,0.0,1.0
"((SMBGperDayPtMeterCombo <= 6.455) U[0,2] (HbA1c >= 7.917))
",-9999999.000,-9999999.000,0.000,0.000,1.000,0,0,0,1,1,0,0,1,0.0,0,0,0.0,0.0,1.0
"F[1,2](((diagAgeCombo >= 1.605 | Pt_A1cGoalLev >= 0.442) -> age <= 4.845) & Triglyc <= 5.914)
",-9999999.000,-9999999.000,0.000,0.000,1.000,0,0,0,1,1,0,0,1,0.0,0,0,0.0,0.0,1.0
"F[1,1](((HbA1c >= 8.082 -> TotChol >= 0.000) -> Pt_FatherT1D >= 0.000) -> TSH <= 0.000)
",0.000,0.000,0.000,0.000,1.000,0,0,0,1,1,0,0,1,0.0,0,0,0.0,0.0,1.0
"F[1,2]((HbA1c >= 7.815 | age <= 19.786) & Pt_SHFlg >= 19.370)
",-9999999.000,-9999999.000,0.000,0.000,1.000,0,0,0,1,1,0,0,1,0.0,0,0,0.0,0.0,1.0
"F[0,2](Pt_A1cGoalLev >= 2.253 -> WeightKg >= 71.465)
",-9999999.000,-9999999.000,0.000,0.000,1.000,0,0,0,1,1,0,0,1,0.0,0,0,0.0,0.0,1.0
"F[1,2](AlbCreatRat_mggNew >= 0.618 | AlbCreatRat_mggNew <= 1.277)
",-9999999.000,-9999999.000,0.000,0.000,1.000,0,0,0,1,1,0,0,1,0.0,0,0,0.0,0.0,1.0
"F[0,0]((bmi >= 25.822 & TotalDailyInsPerKg >= 0.719) -> TotChol <= 0.871)
",-0.871,-0.871,0.000,0.000,1.000,0,0,0,1,1,0,0,1,0.0,0,0,0.0,0.0,1.0
"F[0,0](BGTestAvgNumPtRep <= 5.508 & Pt_A1cGoalLev >= 1.777)
",-1.777,-1.777,0.000,0.000,1.000,0,0,0,1,1,0,0,1,0.0,0,0,0.0,0.0,1.0
"((Pt_GrandchildT1D <= 0.000) U[2,2] (Pt_SHFlg <= 0.000))
",0.000,0.000,0.000,0.000,1.000,0,0,0,1,1,0,0,1,0.0,0,0,0.0,0.0,1.0
"F[0,2]((GFR >= 26.332 -> UnitsInsBasalOrLongAct >= 9.332) | bmi >= 12.165)
",-9999999.000,-9999999.000,0.000,0.000,1.000,0,0,0,1,1,0,0,1,0.0,0,0,0.0,0.0,1.0
"F[2,2]((age >= 19.039 -> HeightCm >= 167.600) | Pt_MotherT1D <= 167.600)
",167.600,167.600,0.000,0.000,1.000,0,0,0,1,1,0,0,1,0.0,0,0,0.0,0.0,1.0
"F[0,2]((LDL <= 78.323 -> GFR <= 47.749) & bmiZscore >= 22.737)
",-9999999.000,-9999999.000,0.000,0.000,1.000,0,0,0,1,1,0,0,1,0.0,0,0,0.0,0.0,1.0
"F[0,1](WeightKg >= 70.880 -> HDL >= 14.303)
",-9999999.000,-9999999.000,0.000,0.000,1.000,0,0,0,1,1,0,0,1,0.0,0,0,0.0,0.0,1.0
"F[1,2](((Pt_DKAFlg >= 0.000 | Pt_GrandparentT1D >= 0.000) & Pt_MotherT1D <= 0.000) & diabDur >= 0.000)
",-9999999.000,-9999999.000,0.000,0.000,1.000,0,0,0,1,1,0,0,1,0.0,0,0,0.0,0.0,1.0
"F[1,2]((diagAgeCombo >= 4.454 | Pt_MotherT1D <= 0.000) -> HbA1cImputeDtMnC >= 0.000)
",-9999999.000,-9999999.000,0.000,0.000,1.000,0,0,0,1,1,0,0,1,0.0,0,0,0.0,0.0,1.0
"F[0,2](((WeightKg <= 74.839 -> GFR >= 22.839) | Pt_InsGov <= 62.841) & BGTestAvgNumMeter <= 76.934)
",-9999999.000,-9999999.000,0.000,0.000,1.000,0,0,0,1,1,0,0,1,0.0,0,0,0.0,0.0,1.0
"((HeightCm >= 167.600) U[1,2] (TotChol >= 0.000))
",-9999999.000,-9999999.000,0.000,0.000,1.000,0,0,0,1,1,0,0,1,0.0,0,0,0.0,0.0,1.0
"F[0,0]((age <= 19.700 & bmiZscore <= 0.941) -> HeightCm <= 1.156)
",-0.221,-0.221,0.000,0.000,1.000,0,0,0,1,1,0,0,1,0.0,0,0,0.0,0.0,1.0
"F[0,0](HbA1c >= 8.201 -> Pt_A1cGoalLevelDsYr5 = 0.000)
",0.000,0.000,0.000,0.000,1.000,0,0,0,1,1,0,0,1,0.0,0,0,0.0,0.0,1.0
"F[1,2](age >= 19.435 & bmiZscore <= 0.684)
",-9999999.000,-9999999.000,0.000,0.000,1.000,0,0,0,1,1,0,0,1,0.0,0,0,0.0,0.0,1.0
"((TotChol >= 0.000) U[1,1] (Pt_MotherT1D <= 0.000))
",0.000,0.000,0.000,0.000,1.000,0,0,0,1,1,0,0,1,0.0,0,0,0.0,0.0,1.0
"F[1,2](((TSH <= 0.804 & UnitsInsBasalOrLongAct <= 40.069) & Pt_SHFlg >= 21.714) & DirectLDL <= 38.304)
",-9999999.000,-9999999.000,0.000,0.000,1.000,0,0,0,1,1,0,0,1,0.0,0,0,0.0,0.0,1.0
"F[1,2]((AutonomicNeuroCl <= 0.000 -> diabDur >= 10.432) -> HbA1cImputeDtMnC <= 10.678)
",-9999999.000,-9999999.000,0.000,0.000,1.000,0,0,0,1,1,0,0,1,0.0,0,0,0.0,0.0,1.0
"F[2,2]((Pt_A1cGoalLev >= 1.029 | Pt_A1cGoalLev <= 7.293) & HeightCm <= 3.806)
",3.806,3.806,0.000,0.000,1.000,0,0,0,1,1,0,0,1,0.0,0,0,0.0,0.0,1.0
"((NumPumpBolusOrShortAct >= 2.001) U[1,2] (Pt_SHFlg = 0.000))
",-9999999.000,-9999999.000,0.000,0.000,1.000,0,0,0,1,1,0,0,1,0.0,0,0,0.0,0.0,1.0
"F[1,2](LDL < 72.173 & Pt_SHFlg = 0.000)
",-9999999.000,-9999999.000,0.000,0.000,1.000,0,0,0,1,1,0,0,1,0.0,0,0,0.0,0.0,1.0
"((bmi <= 26.925) U[0,2] (Pt_SHFlg = 0.000))
",-9999999.000,-9999999.000,0.000,0.000,1.000,0,0,0,1,1,0,0,1,0.0,0,0,0.0,0.0,1.0
"((SMBGperDayPtMeterCombo > 3.323) U[0,0] (Pt_SHFlg = 0.000))
",75.677,75.677,0.000,0.000,1.000,0,0,0,1,1,0,0,1,0.0,0,0,0.0,0.0,1.0
"F[1,2](bmiPerc >= 0.754 & Pt_SHFlg = 0.000)
",-9999999.000,-9999999.000,0.000,0.000,1.000,0,0,0,1,1,0,0,1,0.0,0,0,0.0,0.0,1.0
"((AlbCreatRat_mggNew > 1.162) U[0,1] (Pt_SHFlg = 0.000))
",-9999999.000,-9999999.000,0.000,0.000,1.000,0,0,0,1,1,0,0,1,0.0,0,0,0.0,0.0,1.0
"F[1,2](diabDur < 10.955 & Pt_SHFlg = 0.000)
",-9999999.000,-9999999.000,0.000,0.000,1.000,0,0,0,1,1,0,0,1,0.0,0,0,0.0,0.0,1.0
"((HeightCm >= 167.600) U[1,2] (Pt_SHFlg = 0.000))
",-9999999.000,-9999999.000,0.000,0.000,1.000,0,0,0,1,1,0,0,1,0.0,0,0,0.0,0.0,1.0
"((bmi > 25.308) U[0,1] (Pt_SHFlg = 0.000))
",-9999999.000,-9999999.000,0.000,0.000,1.000,0,0,0,1,1,0,0,1,0.0,0,0,0.0,0.0,1.0
"F[2,2](Pt_GrandchildT1D >= 0.000 -> Pt_SHFlg = 0.000)
",0.000,0.000,0.000,0.000,1.000,0,0,0,1,1,0,0,1,0.0,0,0,0.0,0.0,1.0
"F[0,1](Pt_FatherT1D > 0.465 & Pt_SHFlg = 0.000)
",-9999999.000,-9999999.000,0.000,0.000,1.000,0,0,0,1,1,0,0,1,0.0,0,0,0.0,0.0,1.0
"((Triglyc >= 6.369) U[0,2] (Pt_SHFlg = 0.000))
",-9999999.000,-9999999.000,0.000,0.000,1.000,0,0,0,1,1,0,0,1,0.0,0,0,0.0,0.0,1.0
"F[0,2](((WeightKg >= 72.889 & LDL >= 6.676) -> HbA1cImputeDtMnC <= 80.702) | Pt_GrandparentT1D >= 46.190)
",-9999999.000,-9999999.000,0.000,0.000,1.000,0,0,0,1,1,0,0,1,0.0,0,0,0.0,0.0,1.0
"F[1,2](TotChol >= 0.000 & Pt_SHFlg <= 0.000)
",-9999999.000,-9999999.000,0.000,0.000,1.000,0,0,0,1,1,0,0,1,0.0,0,0,0.0,0.0,1.0
"F[0,1](Pt_A1cGoalLevelDsYr5 >= 0.000 -> Pt_SHFlg = 0.000)
",-9999999.000,-9999999.000,0.000,0.000,1.000,0,0,0,1,1,0,0,1,0.0,0,0,0.0,0.0,1.0
"F[2,2]((Pt_SHFlg <= 0.000 & HDL >= 7.351) -> BUN <= 45.616)
",-45.616,-45.616,0.000,0.000,1.000,0,0,0,1,1,0,0,1,0.0,0,0,0.0,0.0,1.0
"F[0,2](((Pt_SHFlg >= 0.000 | TotChol <= 0.000) & Pt_CGMUseNumDays <= 0.000) & GFR <= 0.000)
",-9999999.000,-9999999.000,0.000,0.000,1.000,0,0,0,1,1,0,0,1,0.0,0,0,0.0,0.0,1.0
"F[0,0](Pt_A1cGoalLevelDsYr5 >= 0.000 | HDL <= 34.280)
",34.280,34.280,0.000,0.000,1.000,0,0,0,1,1,0,0,1,0.0,0,0,0.0,0.0,1.0
"F[0,2](HbA1c <= 8.787 -> age <= 19.966)
",-9999999.000,-9999999.000,0.000,0.000,1.000,0,0,0,1,1,0,0,1,0.0,0,0,0.0,0.0,1.0
"F[2,2]((bmiZscore >= -0.059 | HDL <= 40.522) -> Pt_InsGov <= 39.292)
",-40.522,-40.522,0.000,0.000,1.000,0,0,0,1,1,0,0,1,0.0,0,0,0.0,0.0,1.0
"F[0,1](((TotalDailyInsPerKg >= 0.622 | TotalDailyInsPerKg <= 0.774) -> Pt_A1cGoalLevelDsYr5 <= 0.827) | bmiZscore <= 0.804)
",-9999999.000,-9999999.000,0.000,0.000,1.000,0,0,0,1,1,0,0,1,0.0,0,0,0.0,0.0,1.0
"F[1,2](((UnitsInsBasalOrLongAct >= 17.308 -> bmi <= 26.222) -> AutonomicNeuroCl <= 26.208) | DirectLDL <= 26.572)
",-9999999.000,-9999999.000,0.000,0.000,1.000,0,0,0,1,1,0,0,1,0.0,0,0,0.0,0.0,1.0
"F[0,2](((BGTestAvgNumPtRep <= 6.437 | BGTestAvgNumMeter >= 0.000) | HbA1cImputeDtMnC <= 0.000) | Pt_A1cGoalLevelDsYr5 >= 0.000)
",-9999999.000,-9999999.000,0.000,0.000,1.000,0,0,0,1,1,0,0,1,0.0,0,0,0.0,0.0,1.0
"F[0,0]((TSH >= 0.247 | Pt_MotherT1D >= 0.000) -> diagAgeCombo >= 0.000)
",-7.753,-7.753,0.000,0.000,1.000,0,0,0,1,1,0,0,1,0.0,0,0,0.0,0.0,1.0
"F[1,2]((Pt_CGMUseNumDays <= 23.212 | HbA1c >= 8.098) & HbA1c <= 8.799)
",-9999999.000,-9999999.000,0.000,0.000,1.000,0,0,0,1,1,0,0,1,0.0,0,0,0.0,0.0,1.0
"F[0,1](((BUN >= 4.112 -> diagAgeCombo <= 8.229) -> SMBGperDayPtMeterCombo <= 5.843) -> SMBGperDayPtMeterCombo <= 7.277)
",-9999999.000,-9999999.000,0.000,0.000,1.000,0,0,0,1,1,0,0,1,0.0,0,0,0.0,0.0,1.0
"F[0,2](((SMBGperDayPtMeterCombo <= 5.770 -> Triglyc >= 16.748) -> Pt_CGMUseNumDays <= 52.720) | Pt_CGMUseNumDays <= 33.409)
",-9999999.000,-9999999.000,0.000,0.000,1.000,0,0,0,1,1,0,0,1,0.0,0,0,0.0,0.0,1.0
"F[1,2]((BGTestAvgNumMeter >= 0.000 | Pt_A1cGoalLev <= 6.710) & AlbCreatRat_mggNew >= 0.712)
",-9999999.000,-9999999.000,0.000,0.000,1.000,0,0,0,1,1,0,0,1,0.0,0,0,0.0,0.0,1.0
"F[1,2](((BGTestAvgNumMeter <= 0.000 | BldPrDia <= 78.598) -> HbA1c <= 78.901) | Pt_InsGov >= 78.125)
",-9999999.000,-9999999.000,0.000,0.000,1.000,0,0,0,1,1,0,0,1,0.0,0,0,0.0,0.0,1.0
"F[1,2](((DirectLDL >= 0.000 | NumPumpBolusOrShortAct <= 5.230) -> TSH <= 5.789) -> Pt_GrandparentT1D >= 3.479)
",-9999999.000,-9999999.000,0.000,0.000,1.000,0,0,0,1,1,0,0,1,0.0,0,0,0.0,0.0,1.0
"F[1,2](((DirectLDL <= 0.000 & Pt_DKAFlg <= 0.000) | AlbCreatRat_mggNew <= 0.000) -> GFR >= 0.000)
",-9999999.000,-9999999.000,0.000,0.000,1.000,0,0,0,1,1,0,0,1,0.0,0,0,0.0,0.0,1.0
"F[0,1](LDL <= 87.694 & Pt_SHFlg = 0.000)
",-9999999.000,-9999999.000,0.000,0.000,1.000,0,0,0,1,1,0,0,1,0.0,0,0,0.0,0.0,1.0
"((age < 19.952) U[0,0] (Pt_SHFlg = 0.000))
",19.952,19.952,0.000,0.000,1.000,0,0,0,1,1,0,0,1,0.0,0,0,0.0,0.0,1.0
"F[0,2](((TotalDailyInsPerKg >= 0.714 | Pt_CGMUseNumDays >= 7.085) -> SMBGperDayPtMeterCombo <= 25.575) -> Pt_GrandparentT1D >= 6.971)
",-9999999.000,-9999999.000,0.000,0.000,1.000,0,0,0,1,1,0,0,1,0.0,0,0,0.0,0.0,1.0
"((BGTestAvgNumMeter >= 0.000) U[0,2] (BGTestAvgNumPtRep <= 6.108))
",-9999999.000,-9999999.000,0.000,0.000,1.000,0,0,0,1,1,0,0,1,0.0,0,0,0.0,0.0,1.0
"((BGTestAvgNumMeter >= 0.000) U[1,2] (BGTestAvgNumPtRep <= 7.825))
",-9999999.000,-9999999.000,0.000,0.000,1.000,0,0,0,1,1,0,0,1,0.0,0,0,0.0,0.0,1.0
"F[0,2](HbA1c >= 8.309 -> Pt_A1cGoalLevelDsYr5 = 0.000)
",-9999999.000,-9999999.000,0.000,0.000,1.000,0,0,0,1,1,0,0,1,0.0,0,0,0.0,0.0,1.0
"((BGTestAvgNumMeter >= 0.000) U[0,1] (BGTestAvgNumPtRep <= 5.717))
",-9999999.000,-9999999.000,0.000,0.000,1.000,0,0,0,1,1,0,0,1,0.0,0,0,0.0,0.0,1.0
"F[0,0](HbA1c >= 8.009 -> Pt_A1cGoalLevelDsYr5 = 0.000)
",0.000,0.000,0.000,0.000,1.000,0,0,0,1,1,0,0,1,0.0,0,0,0.0,0.0,1.0
"((BGTestAvgNumMeter >= 0.000) U[2,2] (BGTestAvgNumPtRep <= 6.843))
",6.843,6.843,0.000,0.000,1.000,0,0,0,1,1,0,0,1,0.0,0,0,0.0,0.0,1.0
"F[0,2](HbA1c >= 7.841 -> Pt_A1cGoalLevelDsYr5 = 0.000)
",-9999999.000,-9999999.000,0.000,0.000,1.000,0,0,0,1,1,0,0,1,0.0,0,0,0.0,0.0,1.0
"F[1,2](HbA1c >= 7.837 -> Pt_A1cGoalLevelDsYr5 = 0.000)
",-9999999.000,-9999999.000,0.000,0.000,1.000,0,0,0,1,1,0,0,1,0.0,0,0,0.0,0.0,1.0
"((BGTestAvgNumMeter >= 0.000) U[0,1] (BGTestAvgNumPtRep <= 7.559))
",-9999999.000,-9999999.000,0.000,0.000,1.000,0,0,0,1,1,0,0,1,0.0,0,0,0.0,0.0,1.0
"F[0,0](HbA1c >= 7.962 -> Pt_A1cGoalLevelDsYr5 = 0.000)
",0.000,0.000,0.000,0.000,1.000,0,0,0,1,1,0,0,1,0.0,0,0,0.0,0.0,1.0
"((BGTestAvgNumMeter >= 0.000) U[0,1] (BGTestAvgNumPtRep <= 6.993))
",-9999999.000,-9999999.000,0.000,0.000,1.000,0,0,0,1,1,0,0,1,0.0,0,0,0.0,0.0,1.0
"F[1,2](HbA1c >= 8.142 -> Pt_A1cGoalLevelDsYr5 = 0.000)
",-9999999.000,-9999999.000,0.000,0.000,1.000,0,0,0,1,1,0,0,1,0.0,0,0,0.0,0.0,1.0
"((BGTestAvgNumMeter >= 0.000) U[1,2] (BGTestAvgNumPtRep <= 6.946))
",-9999999.000,-9999999.000,0.000,0.000,1.000,0,0,0,1,1,0,0,1,0.0,0,0,0.0,0.0,1.0
"F[0,1](HbA1c >= 8.068 -> Pt_A1cGoalLevelDsYr5 = 0.000)
",-9999999.000,-9999999.000,0.000,0.000,1.000,0,0,0,1,1,0,0,1,0.0,0,0,0.0,0.0,1.0
"((BGTestAvgNumMeter >= 0.000) U[0,1] (BGTestAvgNumPtRep <= 7.727))
",-9999999.000,-9999999.000,0.000,0.000,1.000,0,0,0,1,1,0,0,1,0.0,0,0,0.0,0.0,1.0
"F[0,1](HbA1c >= 7.973 -> Pt_A1cGoalLevelDsYr5 = 0.000)
",-9999999.000,-9999999.000,0.000,0.000,1.000,0,0,0,1,1,0,0,1,0.0,0,0,0.0,0.0,1.0
"F[1,2](HbA1c >= 7.821 -> Pt_A1cGoalLevelDsYr5 = 0.000)
",-9999999.000,-9999999.000,0.000,0.000,1.000,0,0,0,1,1,0,0,1,0.0,0,0,0.0,0.0,1.0
"F[1,2](NumPumpBolusOrShortAct >= 2.778 -> Pt_SHFlg = 0.000)
",-9999999.000,-9999999.000,0.000,0.000,1.000,0,0,0,1,1,0,0,1,0.0,0,0,0.0,0.0,1.0
"F[0,2](HDL > 21.614 -> Pt_SHFlg = 0.000)
",-9999999.000,-9999999.000,0.000,0.000,1.000,0,0,0,1,1,0,0,1,0.0,0,0,0.0,0.0,1.0
"((Pt_SHFlg < 0.000) U[2,2] (Pt_SHFlg = 0.000))
",0.000,0.000,0.000,0.000,1.000,0,0,0,1,1,0,0,1,0.0,0,0,0.0,0.0,1.0
"F[0,2](UnitsInsBasalOrLongAct >= 9.982 -> Pt_SHFlg = 0.000)
",-9999999.000,-9999999.000,0.000,0.000,1.000,0,0,0,1,1,0,0,1,0.0,0,0,0.0,0.0,1.0
"((bmiPerc > 0.724) U[1,2] (Pt_SHFlg = 0.000))
",-9999999.000,-9999999.000,0.000,0.000,1.000,0,0,0,1,1,0,0,1,0.0,0,0,0.0,0.0,1.0
"((bmiPerc > 0.766) U[1,2] (Pt_SHFlg = 0.000))
",-9999999.000,-9999999.000,0.000,0.000,1.000,0,0,0,1,1,0,0,1,0.0,0,0,0.0,0.0,1.0
"F[1,2](BGTestAvgNumMeter <= 0.000 -> Pt_SHFlg = 0.000)
",-9999999.000,-9999999.000,0.000,0.000,1.000,0,0,0,1,1,0,0,1,0.0,0,0,0.0,0.0,1.0
"F[1,1](GFR <= 65.466 & Pt_SHFlg = 0.000)
",0.000,0.000,0.000,0.000,1.000,0,0,0,1,1,0,0,1,0.0,0,0,0.0,0.0,1.0
"((UnitsInsBasalOrLongAct >= 22.321) U[0,0] (Pt_SHFlg = 0.000))
",-9.195,-9.195,0.000,0.000,1.000,0,0,0,1,1,0,0,1,0.0,0,0,0.0,0.0,1.0
"((LDL >= 16.217) U[1,2] (Pt_SHFlg = 0.000))
",-9999999.000,-9999999.000,0.000,0.000,1.000,0,0,0,1,1,0,0,1,0.0,0,0,0.0,0.0,1.0
"F[0,1](BGTestAvgNumPtRep > 2.706 -> Pt_SHFlg = 0.000)
",-9999999.000,-9999999.000,0.000,0.000,1.000,0,0,0,1,1,0,0,1,0.0,0,0,0.0,0.0,1.0
"((Pt_FatherT1D >= 0.315) U[0,1] (Pt_SHFlg = 0.000))
",-9999999.000,-9999999.000,0.000,0.000,1.000,0,0,0,1,1,0,0,1,0.0,0,0,0.0,0.0,1.0
"((HDL > 11.183) U[0,0] (Pt_SHFlg = 0.000))
",-9.195,-9.195,0.000,0.000,1.000,0,0,0,1,1,0,0,1,0.0,0,0,0.0,0.0,1.0
"F[0,2](WeightKg >= 70.328 -> Pt_SHFlg = 0.000)
",-9999999.000,-9999999.000,0.000,0.000,1.000,0,0,0,1,1,0,0,1,0.0,0,0,0.0,0.0,1.0
"F[2,2](HeightCm <= 167.600 & Pt_SHFlg = 0.000)
",0.000,0.000,0.000,0.000,1.000,0,0,0,1,1,0,0,1,0.0,0,0,0.0,0.0,1.0
"((diagAgeCombo >= 3.484) U[1,2] (Pt_SHFlg = 0.000))
",-9999999.000,-9999999.000,0.000,0.000,1.000,0,0,0,1,1,0,0,1,0.0,0,0,0.0,0.0,1.0
"((Pt_InsGov >= 0.306) U[1,2] (Pt_SHFlg = 0.000))
",-9999999.000,-9999999.000,0.000,0.000,1.000,0,0,0,1,1,0,0,1,0.0,0,0,0.0,0.0,1.0
"((BGTestAvgNumPtRep <= 7.687) U[2,2] (Pt_SHFlg = 0.000))
",7.687,7.687,0.000,0.000,1.000,0,0,0,1,1,0,0,1,0.0,0,0,0.0,0.0,1.0
"((bmiZscore <= 0.441) U[0,2] (TotalDailyInsPerKg >= 0.627))
",-9999999.000,-9999999.000,0.000,0.000,1.000,0,0,0,1,1,0,0,1,0.0,0,0,0.0,0.0,1.0
"F[0,2](((SMBGperDayPtMeterCombo >= 2.388 & BGTestAvgNumPtRep <= 7.653) | bmi >= 3.762) | HbA1c >= 3.014)
",-9999999.000,-9999999.000,0.000,0.000,1.000,0,0,0,1,1,0,0,1,0.0,0,0,0.0,0.0,1.0
"F[2,2](Triglyc >= 21.376 & BldPrDia >= 78.073)
",-78.073,-78.073,0.000,0.000,1.000,0,0,0,1,1,0,0,1,0.0,0,0,0.0,0.0,1.0
"F[0,1](((BGTestAvgNumMeter <= 0.000 | bmiPerc >= 0.755) & LDL <= 0.819) | bmiPerc <= 0.831)
",-9999999.000,-9999999.000,0.000,0.000,1.000,0,0,0,1,1,0,0,1,0.0,0,0,0.0,0.0,1.0
"F[0,2]((HDL <= 34.348 | TSH <= 0.563) & Pt_DKAFlg >= 0.192)
",-9999999.000,-9999999.000,0.000,0.000,1.000,0,0,0,1,1,0,0,1,0.0,0,0,0.0,0.0,1.0
"F[0,1](((WeightKg >= 70.602 | HbA1c <= 8.405) | Pt_A1cGoalLev <= 8.390) -> Pt_FatherT1D <= 8.623)
",-9999999.000,-9999999.000,0.000,0.000,1.000,0,0,0,1,1,0,0,1,0.0,0,0,0.0,0.0,1.0
"F[2,2](bmiPerc >= 0.788 & diabDur <= 10.928)
",-0.788,-0.788,0.000,0.000,1.000,0,0,0,1,1,0,0,1,0.0,0,0,0.0,0.0,1.0
"F[2,2](Pt_ChildT1D >= 0.000 -> BGTestAvgNumMeter <= 0.000)
",0.000,0.000,0.000,0.000,1.000,0,0,0,1,1,0,0,1,0.0,0,0,0.0,0.0,1.0
"((bmi >= 25.681) U[0,1] (LDL >= 48.478))
",-9999999.000,-9999999.000,0.000,0.000,1.000,0,0,0,1,1,0,0,1,0.0,0,0,0.0,0.0,1.0
"F[0,2]((bmiPerc <= 0.813 & HbA1c <= 8.399) & bmiPerc >= 8.145)
",-9999999.000,-9999999.000,0.000,0.000,1.000,0,0,0,1,1,0,0,1,0.0,0,0,0.0,0.0,1.0
"F[0,2](bmiZscore <= 0.556 & diagAgeCombo >= 1.521)
",-9999999.000,-9999999.000,0.000,0.000,1.000,0,0,0,1,1,0,0,1,0.0,0,0,0.0,0.0,1.0
"F[1,1]((TSH <= 0.827 -> Pt_SHFlg >= 0.000) -> Pt_DKAFlg >= 0.000)
",0.000,0.000,0.000,0.000,1.000,0,0,0,1,1,0,0,1,0.0,0,0,0.0,0.0,1.0
"F[1,2](DirectLDL >= 0.000 -> age >= 19.098)
",-9999999.000,-9999999.000,0.000,0.000,1.000,0,0,0,1,1,0,0,1,0.0,0,0,0.0,0.0,1.0
"F[1,1](((Pt_SiblingT1D >= 0.000 & LDL >= 32.000) | LDL >= 13.227) -> BldPrDia <= 54.670)
",-54.670,-54.670,0.000,0.000,1.000,0,0,0,1,1,0,0,1,0.0,0,0,0.0,0.0,1.0
"F[0,2](LDL >= 33.767 | AlbCreatRat_mggNew <= 1.364)
",-9999999.000,-9999999.000,0.000,0.000,1.000,0,0,0,1,1,0,0,1,0.0,0,0,0.0,0.0,1.0
"F[0,2]((Pt_SiblingT1D <= 0.000 -> Pt_A1cGoalLevelDsYr5 >= 0.000) | NumPumpBolusOrShortAct <= 0.000)
",-9999999.000,-9999999.000,0.000,0.000,1.000,0,0,0,1,1,0,0,1,0.0,0,0,0.0,0.0,1.0
"F[0,2]((TotalDailyInsPerKg <= 0.836 & Pt_InsGov <= 0.754) -> GFR >= 0.217)
",-9999999.000,-9999999.000,0.000,0.000,1.000,0,0,0,1,1,0,0,1,0.0,0,0,0.0,0.0,1.0
"F[2,2](Triglyc <= 37.077 | AutonomicNeuroCl <= 0.000)
",37.077,37.077,0.000,0.000,1.000,0,0,0,1,1,0,0,1,0.0,0,0,0.0,0.0,1.0
"F[1,2]((Pt_SHFlg <= 0.000 & Pt_ChildT1D >= 0.000) & bmi >= 0.000)
",-9999999.000,-9999999.000,0.000,0.000,1.000,0,0,0,1,1,0,0,1,0.0,0,0,0.0,0.0,1.0
"((SMBGperDayPtMeterCombo <= 7.871) U[1,2] (TSH <= 0.509))
",-9999999.000,-9999999.000,0.000,0.000,1.000,0,0,0,1,1,0,0,1,0.0,0,0,0.0,0.0,1.0
"F[1,2](HbA1cImputeDtMnC >= 0.262 & bmiZscore >= -0.309)
",-9999999.000,-9999999.000,0.000,0.000,1.000,0,0,0,1,1,0,0,1,0.0,0,0,0.0,0.0,1.0
"F[0,1](((BUN <= 8.424 -> bmiZscore >= -0.260) & AutonomicNeuroCl >= -0.197) | Pt_CGMUseNumDays >= 0.057)
",-9999999.000,-9999999.000,0.000,0.000,1.000,0,0,0,1,1,0,0,1,0.0,0,0,0.0,0.0,1.0
"F[0,0]((TSH >= 0.439 & BUN <= 10.895) -> Pt_GrandparentT1D <= 11.035)
",-11.035,-11.035,0.000,0.000,1.000,0,0,0,1,1,0,0,1,0.0,0,0,0.0,0.0,1.0
"F[0,1](bmi >= 25.809 -> AutonomicNeuroCl >= 0.000)
",-9999999.000,-9999999.000,0.000,0.000,1.000,0,0,0,1,1,0,0,1,0.0,0,0,0.0,0.0,1.0
"F[1,1](((HeightCm >= 167.600 -> TotChol >= 0.000) & Pt_DKAFlg <= 0.000) -> HDL <= 0.000)
",0.000,0.000,0.000,0.000,1.000,0,0,0,1,1,0,0,1,0.0,0,0,0.0,0.0,1.0
"F[0,1]((HDL >= 10.188 | age <= 19.592) & BldPrDia >= 19.451)
",-9999999.000,-9999999.000,0.000,0.000,1.000,0,0,0,1,1,0,0,1,0.0,0,0,0.0,0.0,1.0
"F[1,2](((WeightKg <= 74.371 & BGTestAvgNumMeter >= 0.000) -> Pt_SHFlg <= 0.000) & UnitsInsBasalOrLongAct >= 0.000)
",-9999999.000,-9999999.000,0.000,0.000,1.000,0,0,0,1,1,0,0,1,0.0,0,0,0.0,0.0,1.0
"F[0,1](bmiPerc >= 0.761 & HDL >= 17.099)
",-9999999.000,-9999999.000,0.000,0.000,1.000,0,0,0,1,1,0,0,1,0.0,0,0,0.0,0.0,1.0
"F[1,1](((AlbCreatRat_mggNew >= 0.595 | GFR >= 16.149) -> Pt_GrandchildT1D >= 10.113) & HbA1cImputeDtMnC <= 54.992)
",0.595,0.595,0.000,0.000,1.000,0,0,0,1,1,0,0,1,0.0,0,0,0.0,0.0,1.0
"F[0,2](bmiPerc <= 0.820 | BldPrSys >= 117.730)
",-9999999.000,-9999999.000,0.000,0.000,1.000,0,0,0,1,1,0,0,1,0.0,0,0,0.0,0.0,1.0
"F[0,0](((Pt_A1cGoalLevelDsYr5 <= 0.000 -> bmiZscore <= 0.987) | DirectLDL <= 0.487) & BldPrSys >= 0.140)
",-0.268,-0.268,0.000,0.000,1.000,0,0,0,1,1,0,0,1,0.0,0,0,0.0,0.0,1.0
"F[0,2](((Pt_A1cGoalLev <= 5.111 | WeightKg >= 71.086) & Pt_ChildT1D <= 74.553) & Pt_InsGov <= 75.595)
",-9999999.000,-9999999.000,0.000,0.000,1.000,0,0,0,1,1,0,0,1,0.0,0,0,0.0,0.0,1.0
"F[0,2]((Pt_FatherT1D >= 0.493 | Pt_A1cGoalLevelDsYr5 <= 0.000) -> Pt_InsGov >= 0.000)
",-9999999.000,-9999999.000,0.000,0.000,1.000,0,0,0,1,1,0,0,1,0.0,0,0,0.0,0.0,1.0
"((HDL >= 3.189) U[1,2] (BGTestAvgNumPtRep <= 7.575))
",-9999999.000,-9999999.000,0.000,0.000,1.000,0,0,0,1,1,0,0,1,0.0,0,0,0.0,0.0,1.0
"F[0,1](((BGTestAvgNumPtRep <= 7.532 & HeightCm <= 167.600) & DirectLDL <= 167.600) | AutonomicNeuroCl <= 167.600)
",-9999999.000,-9999999.000,0.000,0.000,1.000,0,0,0,1,1,0,0,1,0.0,0,0,0.0,0.0,1.0
"F[1,2](BGTestAvgNumMeter <= 0.000 -> Pt_FatherT1D <= 0.629)
",-9999999.000,-9999999.000,0.000,0.000,1.000,0,0,0,1,1,0,0,1,0.0,0,0,0.0,0.0,1.0
"F[0,2]((Pt_CGMUseNumDays <= 17.132 & TotalDailyInsPerKg >= 0.648) -> age >= 0.735)
",-9999999.000,-9999999.000,0.000,0.000,1.000,0,0,0,1,1,0,0,1,0.0,0,0,0.0,0.0,1.0
"F[0,1]((Pt_CGMUseNumDays <= 26.496 | diagAgeCombo <= 6.193) -> UnitsInsBasalOrLongAct >= 3.897)
",-9999999.000,-9999999.000,0.000,0.000,1.000,0,0,0,1,1,0,0,1,0.0,0,0,0.0,0.0,1.0
"F[0,2](((Pt_SHFlg <= 0.000 & Pt_GrandchildT1D >= 0.000) -> Pt_GrandparentT1D >= 0.000) | TotChol <= 0.000)
",-9999999.000,-9999999.000,0.000,0.000,1.000,0,0,0,1,1,0,0,1,0.0,0,0,0.0,0.0,1.0
"F[1,2]((NumPumpBolusOrShortAct >= 3.373 & BGTestAvgNumPtRep <= 6.471) & HbA1c <= 6.259)
",-9999999.000,-9999999.000,0.000,0.000,1.000,0,0,0,1,1,0,0,1,0.0,0,0,0.0,0.0,1.0
"F[1,2](Pt_DKAFlg <= 0.000 | WeightKg >= 71.383)
",-9999999.000,-9999999.000,0.000,0.000,1.000,0,0,0,1,1,0,0,1,0.0,0,0,0.0,0.0,1.0
"F[2,2]((diagAgeCombo <= 6.627 | age >= 19.186) -> Pt_MotherT1D <= 19.690)
",-19.690,-19.690,0.000,0.000,1.000,0,0,0,1,1,0,0,1,0.0,0,0,0.0,0.0,1.0
"((NumPumpBolusOrShortAct >= 3.979) U[2,2] (AlbCreatRat_mggNew >= 0.597))
",-0.597,-0.597,0.000,0.000,1.000,0,0,0,1,1,0,0,1,0.0,0,0,0.0,0.0,1.0
"F[1,2](Pt_CGMUseNumDays >= 1.178 | Pt_InsGov <= 0.561)
",-9999999.000,-9999999.000,0.000,0.000,1.000,0,0,0,1,1,0,0,1,0.0,0,0,0.0,0.0,1.0
"F[2,2]((UnitsInsBasalOrLongAct <= 40.987 -> Pt_CGMUseNumDays >= 5.578) -> HDL >= 2.872)
",2.872,2.872,0.000,0.000,1.000,0,0,0,1,1,0,0,1,0.0,0,0,0.0,0.0,1.0
"F[0,2](((bmi <= 26.739 | bmiZscore <= 0.552) & TotalDailyInsPerKg <= 0.883) | WeightKg >= -0.149)
",-9999999.000,-9999999.000,0.000,0.000,1.000,0,0,0,1,1,0,0,1,0.0,0,0,0.0,0.0,1.0
"F[0,1](AutonomicNeuroCl <= 0.000 | HbA1c >= 7.982)
",-9999999.000,-9999999.000,0.000,0.000,1.000,0,0,0,1,1,0,0,1,0.0,0,0,0.0,0.0,1.0
"F[1,2](TSH >= 0.114 & Pt_CGMUseNumDays <= 15.684)
",-9999999.000,-9999999.000,0.000,0.000,1.000,0,0,0,1,1,0,0,1,0.0,0,0,0.0,0.0,1.0
"F[0,0]((AlbCreatRat_mggNew >= 0.870 & DirectLDL >= 0.000) | Pt_GrandparentT1D >= 0.000)
",0.000,0.000,0.000,0.000,1.000,0,0,0,1,1,0,0,1,0.0,0,0,0.0,0.0,1.0
"F[1,2]((bmi <= 26.435 -> Pt_CGMUseNumDays <= 18.482) -> SMBGperDayPtMeterCombo <= 29.747)
",-9999999.000,-9999999.000,0.000,0.000,1.000,0,0,0,1,1,0,0,1,0.0,0,0,0.0,0.0,1.0
"F[2,2]((GFR <= 66.166 -> diagAgeCombo >= 0.785) & age >= 3.354)
",-66.166,-66.166,0.000,0.000,1.000,0,0,0,1,1,0,0,1,0.0,0,0,0.0,0.0,1.0
"F[1,2](((AutonomicNeuroCl <= 0.000 -> Pt_A1cGoalLev <= 4.588) -> Pt_CGMUseNumDays >= 3.461) -> Pt_GrandparentT1D <= 5.256)
",-9999999.000,-9999999.000,0.000,0.000,1.000,0,0,0,1,1,0,0,1,0.0,0,0,0.0,0.0,1.0
"F[0,2](Pt_FatherT1D >= 0.451 & UnitsInsBasalOrLongAct <= 28.566)
",-9999999.000,-9999999.000,0.000,0.000,1.000,0,0,0,1,1,0,0,1,0.0,0,0,0.0,0.0,1.0
"F[1,2](Pt_GrandchildT1D <= 0.000 | SMBGperDayPtMeterCombo >= 3.498)
",-9999999.000,-9999999.000,0.000,0.000,1.000,0,0,0,1,1,0,0,1,0.0,0,0,0.0,0.0,1.0
"F[1,2]((LDL >= 38.038 & LDL >= 7.969) | HbA1cImputeDtMnC >= 11.068)
",-9999999.000,-9999999.000,0.000,0.000,1.000,0,0,0,1,1,0,0,1,0.0,0,0,0.0,0.0,1.0
"F[0,2]((Pt_InsGov >= 0.157 & GFR <= 60.959) -> TSH >= 28.062)
",-9999999.000,-9999999.000,0.000,0.000,1.000,0,0,0,1,1,0,0,1,0.0,0,0,0.0,0.0,1.0
"F[1,2](Pt_GrandparentT1D >= 0.000 | SMBGperDayPtMeterCombo >= 2.233)
",-9999999.000,-9999999.000,0.000,0.000,1.000,0,0,0,1,1,0,0,1,0.0,0,0,0.0,0.0,1.0
"F[2,2]((BGTestAvgNumMeter >= 0.000 | Triglyc >= 2.077) | TotalDailyInsPerKg <= 57.596)
",57.596,57.596,0.000,0.000,1.000,0,0,0,1,1,0,0,1,0.0,0,0,0.0,0.0,1.0
"F[2,2](HbA1cImputeDtMnC >= 3.851 | HbA1c <= 8.395)
",8.395,8.395,0.000,0.000,1.000,0,0,0,1,1,0,0,1,0.0,0,0,0.0,0.0,1.0
"F[1,1](((diagAgeCombo >= 4.420 -> Pt_MotherT1D >= 0.000) & GFR >= 0.000) & NumPumpBolusOrShortAct >= 0.000)
",0.000,0.000,0.000,0.000,1.000,0,0,0,1,1,0,0,1,0.0,0,0,0.0,0.0,1.0
"F[0,0]((Pt_SHFlg >= 0.000 & bmiPerc <= 0.823) | HDL >= 0.727)
",-0.727,-0.727,0.000,0.000,1.000,0,0,0,1,1,0,0,1,0.0,0,0,0.0,0.0,1.0
"F[1,2](((Pt_MotherT1D <= 0.000 -> BGTestAvgNumPtRep <= 5.563) | BGTestAvgNumPtRep >= 2.778) & LDL >= 4.593)
",-9999999.000,-9999999.000,0.000,0.000,1.000,0,0,0,1,1,0,0,1,0.0,0,0,0.0,0.0,1.0
"F[1,1]((bmiZscore <= 0.985 & Pt_A1cGoalLevelDsYr5 >= 0.000) -> BGTestAvgNumPtRep >= 0.000)
",0.000,0.000,0.000,0.000,1.000,0,0,0,1,1,0,0,1,0.0,0,0,0.0,0.0,1.0
"F[0,2](Triglyc >= 7.698 & Pt_GrandchildT1D <= 0.000)
",-9999999.000,-9999999.000,0.000,0.000,1.000,0,0,0,1,1,0,0,1,0.0,0,0,0.0,0.0,1.0
"F[1,1](age >= 19.056 | HeightCm >= 167.600)
",-19.056,-19.056,0.000,0.000,1.000,0,0,0,1,1,0,0,1,0.0,0,0,0.0,0.0,1.0
"F[1,1]((BUN >= 0.669 & BldPrSys <= 119.660) -> TotChol <= 118.563)
",-118.563,-118.563,0.000,0.000,1.000,0,0,0,1,1,0,0,1,0.0,0,0,0.0,0.0,1.0
"F[0,1](((Pt_GrandparentT1D >= 0.000 & age >= 19.157) & Pt_SHFlg >= 19.166) -> TotalDailyInsPerKg >= 19.137)
",-9999999.000,-9999999.000,0.000,0.000,1.000,0,0,0,1,1,0,0,1,0.0,0,0,0.0,0.0,1.0
"F[2,2](((TSH <= 0.569 -> TSH >= 0.354) | Triglyc <= 0.824) -> Pt_SHFlg >= 0.361)
",-0.824,-0.824,0.000,0.000,1.000,0,0,0,1,1,0,0,1,0.0,0,0,0.0,0.0,1.0
"F[1,2]((Pt_A1cGoalLev <= 6.651 | Pt_SiblingT1D <= 0.000) -> BUN <= 0.000)
",-9999999.000,-9999999.000,0.000,0.000,1.000,0,0,0,1,1,0,0,1,0.0,0,0,0.0,0.0,1.0
"F[1,2](diagAgeCombo >= 2.334 & Pt_MotherT1D <= 0.000)
",-9999999.000,-9999999.000,0.000,0.000,1.000,0,0,0,1,1,0,0,1,0.0,0,0,0.0,0.0,1.0
"F[2,2]((Triglyc <= 44.723 -> NumPumpBolusOrShortAct >= 3.405) | Pt_ChildT1D >= 2.628)
",-2.628,-2.628,0.000,0.000,1.000,0,0,0,1,1,0,0,1,0.0,0,0,0.0,0.0,1.0
"F[0,1]((Pt_InsGov >= 0.383 | TotChol <= 0.000) -> WeightKg >= 0.000)
",-9999999.000,-9999999.000,0.000,0.000,1.000,0,0,0,1,1,0,0,1,0.0,0,0,0.0,0.0,1.0
"F[2,2](((WeightKg <= 74.914 | BGTestAvgNumPtRep <= 5.856) -> TSH <= 7.395) | Pt_A1cGoalLevelDsYr5 >= 4.297)
",-4.297,-4.297,0.000,0.000,1.000,0,0,0,1,1,0,0,1,0.0,0,0,0.0,0.0,1.0
"((AutonomicNeuroCl >= 0.000) U[1,2] (BGTestAvgNumPtRep <= 6.676))
",-9999999.000,-9999999.000,0.000,0.000,1.000,0,0,0,1,1,0,0,1,0.0,0,0,0.0,0.0,1.0
"F[1,2](Pt_ChildT1D >= 0.000 & Pt_CGMUseNumDays >= 5.521)
",-9999999.000,-9999999.000,0.000,0.000,1.000,0,0,0,1,1,0,0,1,0.0,0,0,0.0,0.0,1.0
"F[2,2](((AlbCreatRat_mggNew <= 2.394 | Pt_FatherT1D <= 0.913) | TSH >= 0.443) -> LDL <= 0.603)
",-2.394,-2.394,0.000,0.000,1.000,0,0,0,1,1,0,0,1,0.0,0,0,0.0,0.0,1.0
