Rule,Discrimination Score,Pos Robustness,Neg Robustness,Percent Class +,Percent Class -,TP,TN,FP,FN,Actual Yes,Actual No,Predicted Yes,Predicted No,TPR/Sens,TNR/Spec,FPR,Precision,Accuracy,MCR
"F[0,0]((HbA1c <= 8.661 | Pt_FatherT1D >= 0.000) & TSH <= 0.000)
",0.000,0.000,0.000,0.000,1.000,2,0,0,0,2,0,2,0,1.0,0,0,1.0,1.3333333333333333,-0.33333333333333326
"F[0,0]((WeightKg >= 15.830 & BldPrDia >= 2.829) | Pt_InsGov >= 16.692)
",-8.830,-8.830,0.000,0.000,1.000,2,0,0,0,2,0,2,0,1.0,0,0,1.0,1.3333333333333333,-0.33333333333333326
"F[0,0]((Pt_A1cGoalLev <= 3.019 & Pt_InsGov >= 0.000) & HbA1c <= 0.000)
",-2.510,-2.510,0.000,0.000,1.000,2,0,0,0,2,0,2,0,1.0,0,0,1.0,1.3333333333333333,-0.33333333333333326
"F[0,0]((Pt_InsGov <= 0.000 | GFR <= 0.000) & bmiPerc <= 0.000)
",-17.264,-17.264,0.000,0.000,1.000,2,0,0,0,2,0,2,0,1.0,0,0,1.0,1.3333333333333333,-0.33333333333333326
"((HeightCm <= 104.328) U[0,0] (NumPumpBolusOrShortAct >= 2.136))
",84.228,84.228,0.000,0.000,1.000,2,0,0,0,2,0,2,0,1.0,0,0,1.0,1.3333333333333333,-0.33333333333333326
"F[0,0](((bmiPerc <= 0.872 -> diabDur >= 2.751) | TotChol >= 2.058) & TotChol >= 2.456)
",-2.456,-2.456,0.000,0.000,1.000,2,0,0,0,2,0,2,0,1.0,0,0,1.0,1.3333333333333333,-0.33333333333333326
"F[1,1]((Pt_FatherT1D <= 0.000 | TotChol >= 0.000) & HbA1cImputeDtMnC <= 0.000)
",0.000,0.000,0.000,0.000,1.000,1,0,0,1,2,0,1,1,0.5,0,0,1.0,0.6666666666666666,0.33333333333333337
"F[1,1](((Pt_DKAFlg >= 0.000 | Pt_FatherT1D >= 0.000) & Pt_SiblingT1D >= 0.000) -> BldPrDia <= 0.000)
",0.000,0.000,0.000,0.000,1.000,1,0,0,1,2,0,1,1,0.5,0,0,1.0,0.6666666666666666,0.33333333333333337
"((diabDur >= 2.472) U[1,2] (HeightCm <= 107.573))
",-9999999.000,-9999999.000,0.000,0.000,1.000,1,0,0,1,2,0,1,1,0.5,0,0,1.0,0.6666666666666666,0.33333333333333337
"F[0,1](((Triglyc >= 0.000 | BldPrDia >= 8.950) & Pt_A1cGoalLevelDsYr5 >= 14.258) | HeightCm <= 57.854)
",-9999999.000,-9999999.000,0.000,0.000,1.000,1,0,0,1,2,0,1,1,0.5,0,0,1.0,0.6666666666666666,0.33333333333333337
"F[0,1](((Pt_SiblingT1D >= 0.000 | Pt_A1cGoalLevelDsYr5 >= 0.000) -> HbA1cImputeDtMnC >= 0.000) -> age <= 0.000)
",-9999999.000,-9999999.000,0.000,0.000,1.000,1,0,0,1,2,0,1,1,0.5,0,0,1.0,0.6666666666666666,0.33333333333333337
"((HbA1cImputeDtMnC > 11.091) U[1,2] (Pt_SHFlg = 0.000))
",-9999999.000,-9999999.000,0.000,0.000,1.000,1,0,0,1,2,0,1,1,0.5,0,0,1.0,0.6666666666666666,0.33333333333333337
"((Triglyc > 0.000) U[1,2] (Pt_SHFlg = 0.000))
",-9999999.000,-9999999.000,0.000,0.000,1.000,1,0,0,1,2,0,1,1,0.5,0,0,1.0,0.6666666666666666,0.33333333333333337
"((Pt_SiblingT1D >= 0.000) U[0,0] (HbA1cImputeDtMnC >= 10.038))
",0.000,0.000,0.000,0.000,1.000,1,0,0,1,2,0,1,1,0.5,0,0,1.0,0.6666666666666666,0.33333333333333337
"F[0,0]((SMBGperDayPtMeterCombo >= 6.446 & UnitsInsBasalOrLongAct >= 2.596) -> BUN >= 2.634)
",2.634,2.634,0.000,0.000,1.000,1,0,0,1,2,0,1,1,0.5,0,0,1.0,0.6666666666666666,0.33333333333333337
"F[1,1]((UnitsInsBasalOrLongAct <= 5.203 & HbA1c <= 8.676) | UnitsInsBasalOrLongAct >= 8.342)
",5.203,5.203,0.000,0.000,1.000,1,0,0,1,2,0,1,1,0.5,0,0,1.0,0.6666666666666666,0.33333333333333337
"F[0,0](((UnitsInsBasalOrLongAct >= 0.903 & bmiPerc <= 0.873) -> TSH <= 0.880) -> Triglyc >= 0.836)
",0.836,0.836,0.000,0.000,1.000,1,0,0,1,2,0,1,1,0.5,0,0,1.0,0.6666666666666666,0.33333333333333337
"((HDL <= 0.000) U[0,0] (UnitsInsBasalOrLongAct <= 4.460))
",4.460,4.460,0.000,0.000,1.000,1,0,0,1,2,0,1,1,0.5,0,0,1.0,0.6666666666666666,0.33333333333333337
"F[0,0]((WeightKg >= 17.067 | TSH <= 4.456) -> TotChol >= 3.215)
",-4.456,-4.456,0.000,0.000,1.000,1,0,0,1,2,0,1,1,0.5,0,0,1.0,0.6666666666666666,0.33333333333333337
"F[1,1]((bmi <= 17.197 -> TSH >= 2.634) -> bmiPerc >= 3.053)
",3.053,3.053,0.000,0.000,1.000,1,0,0,1,2,0,1,1,0.5,0,0,1.0,0.6666666666666666,0.33333333333333337
"F[1,1](GFR > 0.000 & Pt_SHFlg = 0.000)
",0.000,0.000,0.000,0.000,1.000,1,0,0,1,2,0,1,1,0.5,0,0,1.0,0.6666666666666666,0.33333333333333337
"F[1,1](((Pt_GrandparentT1D <= 0.000 | age <= 4.121) -> diabDur <= 4.955) & TotChol >= 3.908)
",-4.955,-4.955,0.000,0.000,1.000,1,0,0,1,2,0,1,1,0.5,0,0,1.0,0.6666666666666666,0.33333333333333337
"((Pt_InsGov >= 0.000) U[0,0] (TSH >= 2.990))
",0.000,0.000,0.000,0.000,1.000,1,0,0,1,2,0,1,1,0.5,0,0,1.0,0.6666666666666666,0.33333333333333337
"F[0,1](((Pt_SiblingT1D >= 0.000 -> Pt_InsGov >= 0.000) | DirectLDL <= 0.000) & UnitsInsBasalOrLongAct <= 0.000)
",-9999999.000,-9999999.000,0.000,0.000,1.000,1,0,0,1,2,0,1,1,0.5,0,0,1.0,0.6666666666666666,0.33333333333333337
"((TotalDailyInsPerKg >= 0.742) U[1,2] (UnitsInsBasalOrLongAct >= 3.648))
",-9999999.000,-9999999.000,0.000,0.000,1.000,1,0,0,1,2,0,1,1,0.5,0,0,1.0,0.6666666666666666,0.33333333333333337
"((bmi >= 17.039) U[1,2] (HbA1cImputeDtMnC <= 18.054))
",-9999999.000,-9999999.000,0.000,0.000,1.000,1,0,0,1,2,0,1,1,0.5,0,0,1.0,0.6666666666666666,0.33333333333333337
"F[0,1]((BGTestAvgNumPtRep <= 0.000 -> TotalDailyInsPerKg >= 0.744) & LDL >= 0.778)
",-9999999.000,-9999999.000,0.000,0.000,1.000,1,0,0,1,2,0,1,1,0.5,0,0,1.0,0.6666666666666666,0.33333333333333337
"((diabDur >= 2.132) U[1,1] (diagAgeCombo >= 0.139))
",-0.139,-0.139,0.000,0.000,1.000,1,0,0,1,2,0,1,1,0.5,0,0,1.0,0.6666666666666666,0.33333333333333337
"F[1,1]((diagAgeCombo >= 0.002 -> HbA1cImputeDtMnC <= 18.298) -> AutonomicNeuroCl >= 8.012)
",8.012,8.012,0.000,0.000,1.000,1,0,0,1,2,0,1,1,0.5,0,0,1.0,0.6666666666666666,0.33333333333333337
"F[0,0](((bmiPerc >= 0.822 | WeightKg >= 16.953) & Pt_FatherT1D <= 18.177) -> WeightKg <= 19.672)
",-16.443,-16.443,0.000,0.000,1.000,1,0,0,1,2,0,1,1,0.5,0,0,1.0,0.6666666666666666,0.33333333333333337
"F[0,0](bmiPerc <= 0.890 -> TotalDailyInsPerKg >= 0.743)
",-3.257,-3.257,0.000,0.000,1.000,1,0,0,1,2,0,1,1,0.5,0,0,1.0,0.6666666666666666,0.33333333333333337
"F[0,1]((Pt_A1cGoalLev >= 1.972 -> TotalDailyInsPerKg <= 0.836) -> Pt_SiblingT1D >= 0.765)
",-9999999.000,-9999999.000,0.000,0.000,1.000,1,0,0,1,2,0,1,1,0.5,0,0,1.0,0.6666666666666666,0.33333333333333337
"((SMBGperDayPtMeterCombo <= 6.899) U[1,2] (UnitsInsBasalOrLongAct >= 0.095))
",-9999999.000,-9999999.000,0.000,0.000,1.000,1,0,0,1,2,0,1,1,0.5,0,0,1.0,0.6666666666666666,0.33333333333333337
"F[0,1](((AutonomicNeuroCl <= 0.000 & TSH >= 2.628) & BGTestAvgNumPtRep <= 3.622) & TotalDailyInsPerKg >= 2.864)
",-9999999.000,-9999999.000,0.000,0.000,1.000,1,0,0,1,2,0,1,1,0.5,0,0,1.0,0.6666666666666666,0.33333333333333337
"((BUN > 0.000) U[1,2] (Pt_SHFlg = 0.000))
",-9999999.000,-9999999.000,0.000,0.000,1.000,1,0,0,1,2,0,1,1,0.5,0,0,1.0,0.6666666666666666,0.33333333333333337
"F[1,1](((bmiPerc >= 0.819 -> NumPumpBolusOrShortAct <= 4.648) | HDL <= 2.937) -> Pt_InsGov >= 0.455)
",-2.937,-2.937,0.000,0.000,1.000,1,0,0,1,2,0,1,1,0.5,0,0,1.0,0.6666666666666666,0.33333333333333337
"((bmiZscore <= 1.158) U[0,0] (TSH >= 3.083))
",0.262,0.262,0.000,0.000,1.000,1,0,0,1,2,0,1,1,0.5,0,0,1.0,0.6666666666666666,0.33333333333333337
"F[1,1]((Pt_GrandchildT1D <= 0.000 & BGTestAvgNumMeter >= 6.496) | Pt_SHFlg >= 6.538)
",-6.496,-6.496,0.000,0.000,1.000,1,0,0,1,2,0,1,1,0.5,0,0,1.0,0.6666666666666666,0.33333333333333337
"F[0,1](((GFR >= 0.000 | BldPrDia <= 65.936) -> Pt_SHFlg <= 42.365) & bmi >= 22.493)
",-9999999.000,-9999999.000,0.000,0.000,1.000,1,0,0,1,2,0,1,1,0.5,0,0,1.0,0.6666666666666666,0.33333333333333337
"((HbA1cImputeDtMnC >= 2.930) U[0,0] (TSH <= 4.173))
",4.173,4.173,0.000,0.000,1.000,1,0,0,1,2,0,1,1,0.5,0,0,1.0,0.6666666666666666,0.33333333333333337
"F[1,1](((Pt_A1cGoalLev <= 6.255 -> Pt_GrandchildT1D >= 0.000) | GFR >= 0.000) -> HbA1cImputeDtMnC <= 0.000)
",0.000,0.000,0.000,0.000,1.000,1,0,0,1,2,0,1,1,0.5,0,0,1.0,0.6666666666666666,0.33333333333333337
"((Pt_A1cGoalLev <= 7.467) U[1,2] (AlbCreatRat_mggNew <= 0.000))
",-9999999.000,-9999999.000,0.000,0.000,1.000,1,0,0,1,2,0,1,1,0.5,0,0,1.0,0.6666666666666666,0.33333333333333337
"F[1,1](((NumPumpBolusOrShortAct >= 1.576 & BldPrSys >= 19.355) & TotalDailyInsPerKg >= 5.731) & age <= 94.890)
",-19.355,-19.355,0.000,0.000,1.000,1,0,0,1,2,0,1,1,0.5,0,0,1.0,0.6666666666666666,0.33333333333333337
"F[1,1]((Pt_FatherT1D >= 0.000 -> DirectLDL >= 0.000) & SMBGperDayPtMeterCombo <= 0.000)
",0.000,0.000,0.000,0.000,1.000,1,0,0,1,2,0,1,1,0.5,0,0,1.0,0.6666666666666666,0.33333333333333337
"F[0,1](((Pt_CGMUseNumDays >= 0.000 & TotChol <= 0.000) & BldPrSys >= 0.000) & BGTestAvgNumMeter <= 0.000)
",-9999999.000,-9999999.000,0.000,0.000,1.000,1,0,0,1,2,0,1,1,0.5,0,0,1.0,0.6666666666666666,0.33333333333333337
"((diagAgeCombo <= 0.981) U[1,2] (BUN <= 0.000))
",-9999999.000,-9999999.000,0.000,0.000,1.000,1,0,0,1,2,0,1,1,0.5,0,0,1.0,0.6666666666666666,0.33333333333333337
"F[2,2]((diabDur >= 2.241 & AutonomicNeuroCl >= 0.000) & BldPrSys <= 0.000)
",-2.241,-2.241,0.000,0.000,1.000,0,0,0,2,2,0,0,2,0.0,0,0,0.0,0.0,1.0
"F[1,2]((bmiPerc <= 0.884 | WeightKg <= 19.971) -> Pt_A1cGoalLevelDsYr5 >= 16.685)
",-9999999.000,-9999999.000,0.000,0.000,1.000,0,0,0,2,2,0,0,2,0.0,0,0,0.0,0.0,1.0
"((BldPrSys >= 6.663) U[0,1] (Pt_SHFlg <= 0.000))
",-9999999.000,-9999999.000,0.000,0.000,1.000,0,0,0,2,2,0,0,2,0.0,0,0,0.0,0.0,1.0
"F[0,0](HDL >= 0.000 | bmi <= 17.162)
",17.162,17.162,0.000,0.000,1.000,0,0,0,2,2,0,0,2,0.0,0,0,0.0,0.0,1.0
"F[0,1]((bmi <= 17.174 -> TotChol >= 0.000) & BGTestAvgNumPtRep <= 0.000)
",-9999999.000,-9999999.000,0.000,0.000,1.000,0,0,0,2,2,0,0,2,0.0,0,0,0.0,0.0,1.0
"F[2,2]((bmi <= 17.157 -> Pt_A1cGoalLevelDsYr5 <= 0.000) | BGTestAvgNumPtRep <= 0.000)
",0.000,0.000,0.000,0.000,1.000,0,0,0,2,2,0,0,2,0.0,0,0,0.0,0.0,1.0
"((HDL >= 0.000) U[0,0] (Pt_A1cGoalLevelDsYr5 <= 0.000))
",0.000,0.000,0.000,0.000,1.000,0,0,0,2,2,0,0,2,0.0,0,0,0.0,0.0,1.0
"F[1,2](TSH <= 3.681 | LDL >= 0.000)
",-9999999.000,-9999999.000,0.000,0.000,1.000,0,0,0,2,2,0,0,2,0.0,0,0,0.0,0.0,1.0
"F[2,2](bmi <= 17.219 | HbA1cImputeDtMnC >= 9.946)
",17.219,17.219,0.000,0.000,1.000,0,0,0,2,2,0,0,2,0.0,0,0,0.0,0.0,1.0
"F[0,2](BUN <= 0.000 & Pt_DKAFlg <= 0.000)
",-9999999.000,-9999999.000,0.000,0.000,1.000,0,0,0,2,2,0,0,2,0.0,0,0,0.0,0.0,1.0
"F[0,2](((TSH <= 3.593 & Pt_SiblingT1D >= 0.000) & SMBGperDayPtMeterCombo >= 0.000) & Pt_GrandchildT1D >= 0.000)
",-9999999.000,-9999999.000,0.000,0.000,1.000,0,0,0,2,2,0,0,2,0.0,0,0,0.0,0.0,1.0
"F[1,2](Pt_ChildT1D <= 0.000 & HeightCm >= 94.681)
",-9999999.000,-9999999.000,0.000,0.000,1.000,0,0,0,2,2,0,0,2,0.0,0,0,0.0,0.0,1.0
"((Pt_SHFlg <= 0.000) U[1,2] (Pt_FatherT1D >= 0.000))
",-9999999.000,-9999999.000,0.000,0.000,1.000,0,0,0,2,2,0,0,2,0.0,0,0,0.0,0.0,1.0
"F[1,2]((Pt_GrandparentT1D <= 0.000 & HDL >= 0.000) & AutonomicNeuroCl <= 0.000)
",-9999999.000,-9999999.000,0.000,0.000,1.000,0,0,0,2,2,0,0,2,0.0,0,0,0.0,0.0,1.0
"F[0,2](HeightCm >= 99.135 & Pt_DKAFlg <= 0.000)
",-9999999.000,-9999999.000,0.000,0.000,1.000,0,0,0,2,2,0,0,2,0.0,0,0,0.0,0.0,1.0
"((HDL <= 0.000) U[1,2] (Pt_CGMUseNumDays >= 0.000))
",-9999999.000,-9999999.000,0.000,0.000,1.000,0,0,0,2,2,0,0,2,0.0,0,0,0.0,0.0,1.0
"F[0,0](((AutonomicNeuroCl <= 0.000 & AutonomicNeuroCl >= 0.000) & bmiZscore >= 0.000) | GFR <= 0.000)
",-1.258,-1.258,0.000,0.000,1.000,0,0,0,2,2,0,0,2,0.0,0,0,0.0,0.0,1.0
"((Pt_SHFlg <= 0.000) U[0,1] (Pt_A1cGoalLevelDsYr5 <= 0.000))
",-9999999.000,-9999999.000,0.000,0.000,1.000,0,0,0,2,2,0,0,2,0.0,0,0,0.0,0.0,1.0
"F[0,1](((Pt_GrandparentT1D <= 0.000 -> HbA1c <= 8.703) -> HDL <= 9.008) & HbA1c <= 8.912)
",-9999999.000,-9999999.000,0.000,0.000,1.000,0,0,0,2,2,0,0,2,0.0,0,0,0.0,0.0,1.0
"F[0,0]((TotChol >= 0.000 | BldPrSys >= 3.163) -> Pt_A1cGoalLev <= 75.102)
",-75.102,-75.102,0.000,0.000,1.000,0,0,0,2,2,0,0,2,0.0,0,0,0.0,0.0,1.0
"F[0,1]((Pt_MotherT1D >= 0.000 & Pt_MotherT1D <= 0.000) -> LDL >= 0.000)
",-9999999.000,-9999999.000,0.000,0.000,1.000,0,0,0,2,2,0,0,2,0.0,0,0,0.0,0.0,1.0
"((Pt_A1cGoalLevelDsYr5 <= 0.000) U[1,2] (Pt_A1cGoalLevelDsYr5 <= 0.000))
",-9999999.000,-9999999.000,0.000,0.000,1.000,0,0,0,2,2,0,0,2,0.0,0,0,0.0,0.0,1.0
"F[1,1](Pt_InsGov <= 0.000 | Pt_GrandparentT1D >= 0.000)
",0.000,0.000,0.000,0.000,1.000,0,0,0,2,2,0,0,2,0.0,0,0,0.0,0.0,1.0
"F[0,1](((age <= 4.360 -> Triglyc >= 0.000) -> Pt_A1cGoalLev <= 0.000) -> LDL >= 0.000)
",-9999999.000,-9999999.000,0.000,0.000,1.000,0,0,0,2,2,0,0,2,0.0,0,0,0.0,0.0,1.0
"F[0,2](((Pt_CGMUseNumDays >= 0.000 -> BldPrSys >= 22.935) | UnitsInsBasalOrLongAct <= 58.500) -> BGTestAvgNumPtRep <= 98.239)
",-9999999.000,-9999999.000,0.000,0.000,1.000,0,0,0,2,2,0,0,2,0.0,0,0,0.0,0.0,1.0
"F[0,2](Pt_GrandparentT1D >= 0.000 | WeightKg >= 16.828)
",-9999999.000,-9999999.000,0.000,0.000,1.000,0,0,0,2,2,0,0,2,0.0,0,0,0.0,0.0,1.0
"F[0,1]((Pt_A1cGoalLev >= 0.424 -> NumPumpBolusOrShortAct >= 0.731) & Triglyc <= 3.353)
",-9999999.000,-9999999.000,0.000,0.000,1.000,0,0,0,2,2,0,0,2,0.0,0,0,0.0,0.0,1.0
"F[0,2]((HbA1cImputeDtMnC <= 17.690 | BGTestAvgNumMeter >= 6.616) | bmiZscore >= 6.597)
",-9999999.000,-9999999.000,0.000,0.000,1.000,0,0,0,2,2,0,0,2,0.0,0,0,0.0,0.0,1.0
"F[0,2](bmiPerc >= 0.840 | TSH <= 3.629)
",-9999999.000,-9999999.000,0.000,0.000,1.000,0,0,0,2,2,0,0,2,0.0,0,0,0.0,0.0,1.0
"F[0,2](((Pt_SHFlg >= 0.000 -> BGTestAvgNumPtRep >= 0.000) | Pt_SiblingT1D <= 0.000) | BUN <= 0.000)
",-9999999.000,-9999999.000,0.000,0.000,1.000,0,0,0,2,2,0,0,2,0.0,0,0,0.0,0.0,1.0
"((Pt_FatherT1D <= 0.000) U[1,2] (HeightCm >= 97.479))
",-9999999.000,-9999999.000,0.000,0.000,1.000,0,0,0,2,2,0,0,2,0.0,0,0,0.0,0.0,1.0
"F[1,2]((Pt_FatherT1D <= 0.000 -> Pt_CGMUseNumDays >= 0.000) -> AutonomicNeuroCl <= 0.000)
",-9999999.000,-9999999.000,0.000,0.000,1.000,0,0,0,2,2,0,0,2,0.0,0,0,0.0,0.0,1.0
"F[1,2]((Pt_SHFlg <= 0.000 -> Pt_SHFlg >= 0.000) & TSH <= 0.000)
",-9999999.000,-9999999.000,0.000,0.000,1.000,0,0,0,2,2,0,0,2,0.0,0,0,0.0,0.0,1.0
"F[0,2](((Pt_GrandparentT1D <= 0.000 & BGTestAvgNumMeter >= 6.185) & diagAgeCombo >= 6.225) | AlbCreatRat_mggNew >= 6.477)
",-9999999.000,-9999999.000,0.000,0.000,1.000,0,0,0,2,2,0,0,2,0.0,0,0,0.0,0.0,1.0
"F[1,1](((Pt_DKAFlg <= 0.000 | Pt_CGMUseNumDays >= 0.000) -> TotChol >= 0.000) | Triglyc >= 0.000)
",0.000,0.000,0.000,0.000,1.000,0,0,0,2,2,0,0,2,0.0,0,0,0.0,0.0,1.0
"F[0,0](((AutonomicNeuroCl >= 0.000 -> Pt_A1cGoalLevelDsYr5 <= 0.000) -> DirectLDL >= 0.000) & HDL >= 0.000)
",-107.900,-107.900,0.000,0.000,1.000,0,0,0,2,2,0,0,2,0.0,0,0,0.0,0.0,1.0
"F[0,2](((SMBGperDayPtMeterCombo >= 6.435 & GFR >= 0.000) & HbA1c <= 0.000) -> BldPrDia <= 0.000)
",-9999999.000,-9999999.000,0.000,0.000,1.000,0,0,0,2,2,0,0,2,0.0,0,0,0.0,0.0,1.0
"F[0,0](((UnitsInsBasalOrLongAct <= 5.826 -> Pt_ChildT1D <= 0.000) -> TSH >= 0.000) | age >= 0.000)
",0.000,0.000,0.000,0.000,1.000,0,0,0,2,2,0,0,2,0.0,0,0,0.0,0.0,1.0
"F[0,0]((Pt_CGMUseNumDays >= 0.000 & Pt_MotherT1D <= 0.000) | Pt_CGMUseNumDays <= 0.000)
",0.000,0.000,0.000,0.000,1.000,0,0,0,2,2,0,0,2,0.0,0,0,0.0,0.0,1.0
"F[1,2]((Pt_A1cGoalLevelDsYr5 >= 0.000 -> bmiPerc >= 0.823) | HeightCm >= 0.851)
",-9999999.000,-9999999.000,0.000,0.000,1.000,0,0,0,2,2,0,0,2,0.0,0,0,0.0,0.0,1.0
"F[0,2](Pt_SiblingT1D >= 0.000 | Pt_SiblingT1D >= 0.000)
",-9999999.000,-9999999.000,0.000,0.000,1.000,0,0,0,2,2,0,0,2,0.0,0,0,0.0,0.0,1.0
"F[0,0](((DirectLDL >= 0.000 & BUN <= 0.000) & DirectLDL >= 0.000) & Pt_SHFlg <= 0.000)
",-24.033,-24.033,0.000,0.000,1.000,0,0,0,2,2,0,0,2,0.0,0,0,0.0,0.0,1.0
"((Pt_GrandparentT1D >= 0.000) U[1,1] (Pt_SiblingT1D <= 0.000))
",0.000,0.000,0.000,0.000,1.000,0,0,0,2,2,0,0,2,0.0,0,0,0.0,0.0,1.0
"((DirectLDL <= 0.000) U[0,1] (Pt_CGMUseNumDays <= 0.000))
",-9999999.000,-9999999.000,0.000,0.000,1.000,0,0,0,2,2,0,0,2,0.0,0,0,0.0,0.0,1.0
"F[0,1]((age <= 4.099 & Pt_GrandchildT1D >= 0.000) & Pt_DKAFlg >= 0.000)
",-9999999.000,-9999999.000,0.000,0.000,1.000,0,0,0,2,2,0,0,2,0.0,0,0,0.0,0.0,1.0
"((BGTestAvgNumPtRep <= 0.000) U[0,0] (AutonomicNeuroCl >= 0.000))
",9.100,9.100,0.000,0.000,1.000,0,0,0,2,2,0,0,2,0.0,0,0,0.0,0.0,1.0
"F[2,2]((Pt_InsGov <= 0.000 | HeightCm <= 102.142) -> GFR <= 105.344)
",-105.344,-105.344,0.000,0.000,1.000,0,0,0,2,2,0,0,2,0.0,0,0,0.0,0.0,1.0
"((HbA1cImputeDtMnC <= 21.334) U[0,1] (bmi <= 17.161))
",-9999999.000,-9999999.000,0.000,0.000,1.000,0,0,0,2,2,0,0,2,0.0,0,0,0.0,0.0,1.0
"F[0,1]((age >= 3.380 & BGTestAvgNumPtRep >= 0.000) & TotChol >= 0.000)
",-9999999.000,-9999999.000,0.000,0.000,1.000,0,0,0,2,2,0,0,2,0.0,0,0,0.0,0.0,1.0
"F[1,2](Pt_InsGov >= 0.000 & age >= 3.593)
",-9999999.000,-9999999.000,0.000,0.000,1.000,0,0,0,2,2,0,0,2,0.0,0,0,0.0,0.0,1.0
"F[0,1](Pt_FatherT1D <= 0.000 & BldPrSys <= 98.495)
",-9999999.000,-9999999.000,0.000,0.000,1.000,0,0,0,2,2,0,0,2,0.0,0,0,0.0,0.0,1.0
"F[2,2](((GFR <= 0.000 | Pt_FatherT1D <= 0.000) & age >= 0.000) -> bmi <= 0.000)
",0.000,0.000,0.000,0.000,1.000,0,0,0,2,2,0,0,2,0.0,0,0,0.0,0.0,1.0
"F[1,2](((BGTestAvgNumMeter <= 6.988 -> DirectLDL >= 0.000) & HDL >= 0.000) & BUN <= 0.000)
",-9999999.000,-9999999.000,0.000,0.000,1.000,0,0,0,2,2,0,0,2,0.0,0,0,0.0,0.0,1.0
"F[0,0]((SMBGperDayPtMeterCombo >= 6.517 -> Pt_MotherT1D >= 0.000) & TotChol >= 0.000)
",0.000,0.000,0.000,0.000,1.000,0,0,0,2,2,0,0,2,0.0,0,0,0.0,0.0,1.0
"F[0,2](((HbA1cImputeDtMnC <= 12.108 & diagAgeCombo <= 0.741) & BldPrSys >= 0.079) & Pt_InsGov >= 0.313)
",-9999999.000,-9999999.000,0.000,0.000,1.000,0,0,0,2,2,0,0,2,0.0,0,0,0.0,0.0,1.0
"F[0,2](BGTestAvgNumMeter <= 6.790 -> Pt_FatherT1D >= 0.000)
",-9999999.000,-9999999.000,0.000,0.000,1.000,0,0,0,2,2,0,0,2,0.0,0,0,0.0,0.0,1.0
"F[0,1](Pt_GrandchildT1D <= 0.000 -> BGTestAvgNumPtRep >= 0.000)
",-9999999.000,-9999999.000,0.000,0.000,1.000,0,0,0,2,2,0,0,2,0.0,0,0,0.0,0.0,1.0
"F[0,2](((Pt_A1cGoalLev >= 0.058 -> UnitsInsBasalOrLongAct <= 3.962) & HbA1cImputeDtMnC <= 5.448) | TSH >= 3.001)
",-9999999.000,-9999999.000,0.000,0.000,1.000,0,0,0,2,2,0,0,2,0.0,0,0,0.0,0.0,1.0
"F[1,2]((bmiZscore <= 1.138 | bmiPerc <= 0.879) & AutonomicNeuroCl <= 0.879)
",-9999999.000,-9999999.000,0.000,0.000,1.000,0,0,0,2,2,0,0,2,0.0,0,0,0.0,0.0,1.0
"F[1,2](((NumPumpBolusOrShortAct >= 1.951 -> HbA1c <= 8.945) & GFR >= 7.933) & UnitsInsBasalOrLongAct <= 9.035)
",-9999999.000,-9999999.000,0.000,0.000,1.000,0,0,0,2,2,0,0,2,0.0,0,0,0.0,0.0,1.0
"F[1,2](HbA1c >= 8.096 -> Pt_A1cGoalLevelDsYr5 = 0.000)
",-9999999.000,-9999999.000,0.000,0.000,1.000,0,0,0,2,2,0,0,2,0.0,0,0,0.0,0.0,1.0
"F[1,2](((bmi <= 17.236 -> AlbCreatRat_mggNew <= 0.000) | LDL >= 0.000) | BGTestAvgNumMeter >= 0.000)
",-9999999.000,-9999999.000,0.000,0.000,1.000,0,0,0,2,2,0,0,2,0.0,0,0,0.0,0.0,1.0
"F[0,2]((bmiPerc >= 0.855 -> Pt_FatherT1D <= 0.000) | AutonomicNeuroCl >= 0.000)
",-9999999.000,-9999999.000,0.000,0.000,1.000,0,0,0,2,2,0,0,2,0.0,0,0,0.0,0.0,1.0
"F[2,2](age >= 3.771 | Pt_FatherT1D <= 0.000)
",0.000,0.000,0.000,0.000,1.000,0,0,0,2,2,0,0,2,0.0,0,0,0.0,0.0,1.0
"F[2,2](Pt_SHFlg >= 0.000 & AutonomicNeuroCl <= 0.000)
",0.000,0.000,0.000,0.000,1.000,0,0,0,2,2,0,0,2,0.0,0,0,0.0,0.0,1.0
"((Pt_GrandchildT1D <= 0.000) U[2,2] (HbA1c <= 8.989))
",8.989,8.989,0.000,0.000,1.000,0,0,0,2,2,0,0,2,0.0,0,0,0.0,0.0,1.0
"((Pt_SHFlg >= 0.000) U[2,2] (NumPumpBolusOrShortAct >= 1.205))
",0.000,0.000,0.000,0.000,1.000,0,0,0,2,2,0,0,2,0.0,0,0,0.0,0.0,1.0
"F[0,0](((AlbCreatRat_mggNew <= 0.000 | bmiZscore <= 1.202) & Pt_A1cGoalLevelDsYr5 <= 1.239) -> TotalDailyInsPerKg <= 1.228)
",-0.306,-0.306,0.000,0.000,1.000,0,0,0,2,2,0,0,2,0.0,0,0,0.0,0.0,1.0
"F[1,2](((Pt_A1cGoalLevelDsYr5 >= 0.000 & Pt_A1cGoalLevelDsYr5 <= 0.000) | SMBGperDayPtMeterCombo <= 0.000) & Pt_SiblingT1D >= 0.000)
",-9999999.000,-9999999.000,0.000,0.000,1.000,0,0,0,2,2,0,0,2,0.0,0,0,0.0,0.0,1.0
"F[0,2](((BGTestAvgNumMeter <= 6.733 | bmiZscore >= 0.905) | Pt_FatherT1D <= 1.231) -> Pt_A1cGoalLev >= 0.915)
",-9999999.000,-9999999.000,0.000,0.000,1.000,0,0,0,2,2,0,0,2,0.0,0,0,0.0,0.0,1.0
"F[0,1]((UnitsInsBasalOrLongAct >= 0.920 | TotalDailyInsPerKg <= 0.833) -> Pt_GrandchildT1D <= 0.841)
",-9999999.000,-9999999.000,0.000,0.000,1.000,0,0,0,2,2,0,0,2,0.0,0,0,0.0,0.0,1.0
"F[1,1]((Pt_SiblingT1D <= 0.000 & SMBGperDayPtMeterCombo <= 6.989) | Pt_InsGov >= 6.226)
",0.000,0.000,0.000,0.000,1.000,0,0,0,2,2,0,0,2,0.0,0,0,0.0,0.0,1.0
"F[2,2](((DirectLDL >= 0.000 & Pt_GrandparentT1D >= 0.000) -> TotalDailyInsPerKg >= 0.000) & Pt_A1cGoalLev >= 0.000)
",0.000,0.000,0.000,0.000,1.000,0,0,0,2,2,0,0,2,0.0,0,0,0.0,0.0,1.0
"F[0,0]((LDL <= 0.000 | Pt_SiblingT1D >= 0.000) | LDL <= 0.000)
",0.000,0.000,0.000,0.000,1.000,0,0,0,2,2,0,0,2,0.0,0,0,0.0,0.0,1.0
"F[1,2]((UnitsInsBasalOrLongAct <= 3.731 & diabDur >= 2.265) | BldPrDia >= 2.039)
",-9999999.000,-9999999.000,0.000,0.000,1.000,0,0,0,2,2,0,0,2,0.0,0,0,0.0,0.0,1.0
"F[1,2]((Pt_A1cGoalLevelDsYr5 <= 0.000 -> Triglyc <= 0.000) & Pt_ChildT1D >= 0.000)
",-9999999.000,-9999999.000,0.000,0.000,1.000,0,0,0,2,2,0,0,2,0.0,0,0,0.0,0.0,1.0
"F[0,2](HbA1cImputeDtMnC <= 14.009 | diabDur >= 2.430)
",-9999999.000,-9999999.000,0.000,0.000,1.000,0,0,0,2,2,0,0,2,0.0,0,0,0.0,0.0,1.0
"F[0,1](((diagAgeCombo <= 0.613 | bmiZscore <= 1.172) & Triglyc <= 1.170) -> GFR <= 1.192)
",-9999999.000,-9999999.000,0.000,0.000,1.000,0,0,0,2,2,0,0,2,0.0,0,0,0.0,0.0,1.0
"((diabDur >= 2.811) U[1,2] (bmiZscore <= 1.222))
",-9999999.000,-9999999.000,0.000,0.000,1.000,0,0,0,2,2,0,0,2,0.0,0,0,0.0,0.0,1.0
"F[2,2]((Pt_ChildT1D <= 0.000 -> AlbCreatRat_mggNew <= 0.000) -> TSH >= 0.000)
",0.000,0.000,0.000,0.000,1.000,0,0,0,2,2,0,0,2,0.0,0,0,0.0,0.0,1.0
"F[2,2](TotChol <= 0.000 | diagAgeCombo <= 0.417)
",0.417,0.417,0.000,0.000,1.000,0,0,0,2,2,0,0,2,0.0,0,0,0.0,0.0,1.0
"F[0,2](HbA1c <= 8.454 | AutonomicNeuroCl <= 0.000)
",-9999999.000,-9999999.000,0.000,0.000,1.000,0,0,0,2,2,0,0,2,0.0,0,0,0.0,0.0,1.0
"F[2,2]((Pt_A1cGoalLev <= 5.309 | LDL <= 0.000) -> Pt_FatherT1D >= 0.000)
",-5.309,-5.309,0.000,0.000,1.000,0,0,0,2,2,0,0,2,0.0,0,0,0.0,0.0,1.0
"F[1,2]((BldPrSys >= 5.056 | AutonomicNeuroCl >= 0.000) | BUN <= 0.000)
",-9999999.000,-9999999.000,0.000,0.000,1.000,0,0,0,2,2,0,0,2,0.0,0,0,0.0,0.0,1.0
"F[1,2]((HbA1cImputeDtMnC >= 9.976 | bmiPerc >= 0.832) | HbA1c >= 0.832)
",-9999999.000,-9999999.000,0.000,0.000,1.000,0,0,0,2,2,0,0,2,0.0,0,0,0.0,0.0,1.0
"F[0,1](Pt_GrandchildT1D <= 0.000 & age >= 3.484)
",-9999999.000,-9999999.000,0.000,0.000,1.000,0,0,0,2,2,0,0,2,0.0,0,0,0.0,0.0,1.0
"F[0,1](AutonomicNeuroCl >= 0.000 & diagAgeCombo <= 0.695)
",-9999999.000,-9999999.000,0.000,0.000,1.000,0,0,0,2,2,0,0,2,0.0,0,0,0.0,0.0,1.0
"F[1,2]((Pt_FatherT1D >= 0.000 -> DirectLDL <= 0.000) -> bmi <= 0.000)
",-9999999.000,-9999999.000,0.000,0.000,1.000,0,0,0,2,2,0,0,2,0.0,0,0,0.0,0.0,1.0
"F[0,1](Pt_SHFlg <= 0.000 | Pt_A1cGoalLev >= 0.446)
",-9999999.000,-9999999.000,0.000,0.000,1.000,0,0,0,2,2,0,0,2,0.0,0,0,0.0,0.0,1.0
"F[1,2](TotChol >= 0.000 | HeightCm >= 99.551)
",-9999999.000,-9999999.000,0.000,0.000,1.000,0,0,0,2,2,0,0,2,0.0,0,0,0.0,0.0,1.0
"F[0,1](TSH <= 3.984 -> Pt_A1cGoalLev >= 1.751)
",-9999999.000,-9999999.000,0.000,0.000,1.000,0,0,0,2,2,0,0,2,0.0,0,0,0.0,0.0,1.0
"F[0,2](diagAgeCombo <= 0.445 -> DirectLDL <= 0.000)
",-9999999.000,-9999999.000,0.000,0.000,1.000,0,0,0,2,2,0,0,2,0.0,0,0,0.0,0.0,1.0
"F[1,1](((Pt_ChildT1D <= 0.000 | LDL <= 0.000) & bmiZscore <= 0.000) -> Pt_MotherT1D >= 0.000)
",0.000,0.000,0.000,0.000,1.000,0,0,0,2,2,0,0,2,0.0,0,0,0.0,0.0,1.0
"F[0,0]((UnitsInsBasalOrLongAct <= 5.205 -> Pt_GrandparentT1D >= 0.000) -> Pt_GrandchildT1D <= 0.000)
",0.000,0.000,0.000,0.000,1.000,0,0,0,2,2,0,0,2,0.0,0,0,0.0,0.0,1.0
"F[1,2](((Pt_InsGov >= 0.000 & Pt_InsGov <= 0.000) | Pt_SHFlg <= 0.000) & Pt_A1cGoalLevelDsYr5 <= 0.000)
",-9999999.000,-9999999.000,0.000,0.000,1.000,0,0,0,2,2,0,0,2,0.0,0,0,0.0,0.0,1.0
"((HDL <= 0.000) U[1,1] (Pt_SHFlg >= 0.000))
",0.000,0.000,0.000,0.000,1.000,0,0,0,2,2,0,0,2,0.0,0,0,0.0,0.0,1.0
"F[1,2](((diabDur >= 2.581 | DirectLDL >= 0.000) & Pt_GrandchildT1D >= 0.000) & Pt_GrandparentT1D >= 0.000)
",-9999999.000,-9999999.000,0.000,0.000,1.000,0,0,0,2,2,0,0,2,0.0,0,0,0.0,0.0,1.0
"((bmiPerc <= 0.895) U[0,1] (BUN >= 0.000))
",-9999999.000,-9999999.000,0.000,0.000,1.000,0,0,0,2,2,0,0,2,0.0,0,0,0.0,0.0,1.0
"F[1,2]((bmi >= 17.050 & Pt_MotherT1D <= 0.000) -> BGTestAvgNumMeter >= 0.000)
",-9999999.000,-9999999.000,0.000,0.000,1.000,0,0,0,2,2,0,0,2,0.0,0,0,0.0,0.0,1.0
"F[0,1](diabDur <= 3.779 | age <= 4.001)
",-9999999.000,-9999999.000,0.000,0.000,1.000,0,0,0,2,2,0,0,2,0.0,0,0,0.0,0.0,1.0
"((Pt_SiblingT1D <= 0.000) U[1,2] (bmiZscore <= 1.169))
",-9999999.000,-9999999.000,0.000,0.000,1.000,0,0,0,2,2,0,0,2,0.0,0,0,0.0,0.0,1.0
"F[0,1](((BldPrDia <= 27.342 & UnitsInsBasalOrLongAct <= 4.194) -> Pt_FatherT1D <= 5.027) | GFR >= 3.466)
",-9999999.000,-9999999.000,0.000,0.000,1.000,0,0,0,2,2,0,0,2,0.0,0,0,0.0,0.0,1.0
"((diabDur <= 3.211) U[1,1] (Pt_CGMUseNumDays <= 0.000))
",3.211,3.211,0.000,0.000,1.000,0,0,0,2,2,0,0,2,0.0,0,0,0.0,0.0,1.0
"F[0,2]((Pt_SiblingT1D <= 0.000 | Pt_SiblingT1D >= 0.000) | Pt_GrandchildT1D <= 0.000)
",-9999999.000,-9999999.000,0.000,0.000,1.000,0,0,0,2,2,0,0,2,0.0,0,0,0.0,0.0,1.0
"F[0,2](age <= 4.799 -> Pt_GrandparentT1D >= 0.000)
",-9999999.000,-9999999.000,0.000,0.000,1.000,0,0,0,2,2,0,0,2,0.0,0,0,0.0,0.0,1.0
"F[2,2]((GFR <= 0.000 | Pt_CGMUseNumDays <= 0.000) | Pt_GrandparentT1D >= 0.000)
",0.000,0.000,0.000,0.000,1.000,0,0,0,2,2,0,0,2,0.0,0,0,0.0,0.0,1.0
"F[2,2]((BldPrDia >= 8.819 -> Pt_FatherT1D <= 0.000) & BldPrSys >= 0.000)
",0.000,0.000,0.000,0.000,1.000,0,0,0,2,2,0,0,2,0.0,0,0,0.0,0.0,1.0
"F[0,2](BGTestAvgNumMeter >= 6.096 & LDL <= 0.000)
",-9999999.000,-9999999.000,0.000,0.000,1.000,0,0,0,2,2,0,0,2,0.0,0,0,0.0,0.0,1.0
"F[2,2](Pt_A1cGoalLevelDsYr5 >= 0.000 -> Pt_ChildT1D >= 0.000)
",0.000,0.000,0.000,0.000,1.000,0,0,0,2,2,0,0,2,0.0,0,0,0.0,0.0,1.0
"F[1,2](BUN >= 0.000 | bmiZscore >= 0.946)
",-9999999.000,-9999999.000,0.000,0.000,1.000,0,0,0,2,2,0,0,2,0.0,0,0,0.0,0.0,1.0
"((WeightKg <= 18.762) U[0,1] (HbA1cImputeDtMnC <= 12.445))
",-9999999.000,-9999999.000,0.000,0.000,1.000,0,0,0,2,2,0,0,2,0.0,0,0,0.0,0.0,1.0
"F[2,2](((LDL >= 0.000 & BGTestAvgNumPtRep >= 0.000) & Pt_SiblingT1D >= 0.000) | TotalDailyInsPerKg >= 0.000)
",0.000,0.000,0.000,0.000,1.000,0,0,0,2,2,0,0,2,0.0,0,0,0.0,0.0,1.0
"F[0,1]((age >= 3.702 -> Pt_GrandparentT1D <= 0.000) & HDL <= 0.000)
",-9999999.000,-9999999.000,0.000,0.000,1.000,0,0,0,2,2,0,0,2,0.0,0,0,0.0,0.0,1.0
"F[0,2]((DirectLDL <= 0.000 & Pt_InsGov >= 0.000) | HeightCm <= 0.000)
",-9999999.000,-9999999.000,0.000,0.000,1.000,0,0,0,2,2,0,0,2,0.0,0,0,0.0,0.0,1.0
"((LDL <= 0.000) U[1,2] (Pt_DKAFlg <= 0.000))
",-9999999.000,-9999999.000,0.000,0.000,1.000,0,0,0,2,2,0,0,2,0.0,0,0,0.0,0.0,1.0
"F[0,1]((TotChol <= 0.000 | Pt_GrandparentT1D <= 0.000) | Pt_GrandparentT1D >= 0.000)
",-9999999.000,-9999999.000,0.000,0.000,1.000,0,0,0,2,2,0,0,2,0.0,0,0,0.0,0.0,1.0
"F[2,2](((Pt_InsGov >= 0.000 -> HeightCm <= 106.792) & bmiZscore <= 105.490) & Pt_A1cGoalLevelDsYr5 <= 102.990)
",-106.792,-106.792,0.000,0.000,1.000,0,0,0,2,2,0,0,2,0.0,0,0,0.0,0.0,1.0
"F[0,1](DirectLDL >= 0.000 & bmiZscore <= 1.255)
",-9999999.000,-9999999.000,0.000,0.000,1.000,0,0,0,2,2,0,0,2,0.0,0,0,0.0,0.0,1.0
"F[1,2]((Pt_MotherT1D >= 0.000 & Pt_FatherT1D <= 0.000) | Pt_A1cGoalLev >= 0.000)
",-9999999.000,-9999999.000,0.000,0.000,1.000,0,0,0,2,2,0,0,2,0.0,0,0,0.0,0.0,1.0
"F[1,2]((WeightKg <= 19.929 | Pt_CGMUseNumDays <= 0.000) | WeightKg <= 0.000)
",-9999999.000,-9999999.000,0.000,0.000,1.000,0,0,0,2,2,0,0,2,0.0,0,0,0.0,0.0,1.0
"((bmi <= 17.183) U[0,2] (Pt_CGMUseNumDays <= 0.000))
",-9999999.000,-9999999.000,0.000,0.000,1.000,0,0,0,2,2,0,0,2,0.0,0,0,0.0,0.0,1.0
"((Pt_ChildT1D <= 0.000) U[1,2] (SMBGperDayPtMeterCombo <= 6.928))
",-9999999.000,-9999999.000,0.000,0.000,1.000,0,0,0,2,2,0,0,2,0.0,0,0,0.0,0.0,1.0
"F[0,1]((BGTestAvgNumMeter >= 6.561 | BGTestAvgNumMeter >= 6.287) | HDL >= 6.304)
",-9999999.000,-9999999.000,0.000,0.000,1.000,0,0,0,2,2,0,0,2,0.0,0,0,0.0,0.0,1.0
"F[1,2]((diabDur >= 2.410 | BldPrDia <= 53.525) | GFR >= 8.013)
",-9999999.000,-9999999.000,0.000,0.000,1.000,0,0,0,2,2,0,0,2,0.0,0,0,0.0,0.0,1.0
"F[0,0]((GFR >= 0.000 | Pt_SiblingT1D <= 0.000) & DirectLDL <= 0.000)
",-107.900,-107.900,0.000,0.000,1.000,0,0,0,2,2,0,0,2,0.0,0,0,0.0,0.0,1.0
"((bmiZscore >= 1.104) U[2,2] (SMBGperDayPtMeterCombo <= 6.692))
",6.692,6.692,0.000,0.000,1.000,0,0,0,2,2,0,0,2,0.0,0,0,0.0,0.0,1.0
"F[0,0]((BGTestAvgNumPtRep >= 0.000 | TSH <= 4.082) & HDL <= 3.940)
",3.940,3.940,0.000,0.000,1.000,0,0,0,2,2,0,0,2,0.0,0,0,0.0,0.0,1.0
"((Pt_CGMUseNumDays >= 0.000) U[0,2] (BGTestAvgNumPtRep >= 0.000))
",-9999999.000,-9999999.000,0.000,0.000,1.000,0,0,0,2,2,0,0,2,0.0,0,0,0.0,0.0,1.0
"F[0,2]((Pt_A1cGoalLev <= 2.640 -> HbA1cImputeDtMnC <= 16.456) | Pt_SiblingT1D >= 3.940)
",-9999999.000,-9999999.000,0.000,0.000,1.000,0,0,0,2,2,0,0,2,0.0,0,0,0.0,0.0,1.0
"F[0,1](((HeightCm <= 107.845 -> Pt_MotherT1D >= 0.000) & Pt_SiblingT1D >= 0.000) & Pt_A1cGoalLev >= 0.000)
",-9999999.000,-9999999.000,0.000,0.000,1.000,0,0,0,2,2,0,0,2,0.0,0,0,0.0,0.0,1.0
"((WeightKg <= 18.753) U[1,2] (Pt_A1cGoalLevelDsYr5 >= 0.000))
",-9999999.000,-9999999.000,0.000,0.000,1.000,0,0,0,2,2,0,0,2,0.0,0,0,0.0,0.0,1.0
"((DirectLDL >= 0.000) U[2,2] (BldPrDia <= 60.086))
",60.086,60.086,0.000,0.000,1.000,0,0,0,2,2,0,0,2,0.0,0,0,0.0,0.0,1.0
"F[0,2]((WeightKg <= 18.989 -> SMBGperDayPtMeterCombo <= 6.837) & BldPrDia >= 6.497)
",-9999999.000,-9999999.000,0.000,0.000,1.000,0,0,0,2,2,0,0,2,0.0,0,0,0.0,0.0,1.0
"F[0,2](((BUN >= 0.000 -> diabDur <= 3.985) & bmiPerc <= 3.586) -> Pt_ChildT1D >= 2.521)
",-9999999.000,-9999999.000,0.000,0.000,1.000,0,0,0,2,2,0,0,2,0.0,0,0,0.0,0.0,1.0
"F[0,2]((bmiPerc >= 0.831 | Pt_CGMUseNumDays >= 0.000) -> bmi >= 0.000)
",-9999999.000,-9999999.000,0.000,0.000,1.000,0,0,0,2,2,0,0,2,0.0,0,0,0.0,0.0,1.0
"F[0,1](Pt_InsGov <= 0.000 -> Pt_SiblingT1D >= 0.000)
",-9999999.000,-9999999.000,0.000,0.000,1.000,0,0,0,2,2,0,0,2,0.0,0,0,0.0,0.0,1.0
"F[1,2]((HbA1cImputeDtMnC >= 8.389 & Pt_InsGov <= 0.000) & Pt_A1cGoalLev <= 0.000)
",-9999999.000,-9999999.000,0.000,0.000,1.000,0,0,0,2,2,0,0,2,0.0,0,0,0.0,0.0,1.0
"F[0,1]((Pt_SHFlg <= 0.000 | NumPumpBolusOrShortAct >= 1.559) | bmiPerc >= 0.986)
",-9999999.000,-9999999.000,0.000,0.000,1.000,0,0,0,2,2,0,0,2,0.0,0,0,0.0,0.0,1.0
"((HeightCm <= 104.671) U[1,2] (WeightKg <= 20.041))
",-9999999.000,-9999999.000,0.000,0.000,1.000,0,0,0,2,2,0,0,2,0.0,0,0,0.0,0.0,1.0
"F[1,2]((diabDur >= 2.803 & HbA1c >= 7.652) & AlbCreatRat_mggNew >= 7.664)
",-9999999.000,-9999999.000,0.000,0.000,1.000,0,0,0,2,2,0,0,2,0.0,0,0,0.0,0.0,1.0
"((HbA1cImputeDtMnC <= 12.652) U[0,2] (HeightCm <= 103.552))
",-9999999.000,-9999999.000,0.000,0.000,1.000,0,0,0,2,2,0,0,2,0.0,0,0,0.0,0.0,1.0
"((bmiZscore <= 1.249) U[0,1] (TSH >= 2.809))
",-9999999.000,-9999999.000,0.000,0.000,1.000,0,0,0,2,2,0,0,2,0.0,0,0,0.0,0.0,1.0
"F[0,0](((bmiPerc <= 0.892 -> TSH <= 4.408) & UnitsInsBasalOrLongAct <= 4.505) | diagAgeCombo <= 4.084)
",4.084,4.084,0.000,0.000,1.000,0,0,0,2,2,0,0,2,0.0,0,0,0.0,0.0,1.0
"F[0,1]((bmiPerc <= 0.874 | diagAgeCombo >= 0.023) | HbA1cImputeDtMnC <= 0.849)
",-9999999.000,-9999999.000,0.000,0.000,1.000,0,0,0,2,2,0,0,2,0.0,0,0,0.0,0.0,1.0
"F[0,1](Pt_A1cGoalLev <= 6.832 | TSH >= 2.905)
",-9999999.000,-9999999.000,0.000,0.000,1.000,0,0,0,2,2,0,0,2,0.0,0,0,0.0,0.0,1.0
"F[1,1]((diagAgeCombo <= 0.747 | TSH <= 3.882) | Pt_A1cGoalLevelDsYr5 <= 3.347)
",3.882,3.882,0.000,0.000,1.000,0,0,0,2,2,0,0,2,0.0,0,0,0.0,0.0,1.0
"((BGTestAvgNumPtRep >= 0.000) U[0,0] (Pt_SHFlg = 0.000))
",7.000,7.000,0.000,0.000,1.000,0,0,0,2,2,0,0,2,0.0,0,0,0.0,0.0,1.0
"F[0,0]((HbA1c <= 8.805 & HbA1cImputeDtMnC >= 1.608) -> BGTestAvgNumMeter >= 2.945)
",1.608,1.608,0.000,0.000,1.000,0,0,0,2,2,0,0,2,0.0,0,0,0.0,0.0,1.0
"((TotChol >= 0.000) U[1,1] (Pt_SHFlg = 0.000))
",0.000,0.000,0.000,0.000,1.000,0,0,0,2,2,0,0,2,0.0,0,0,0.0,0.0,1.0
"((BGTestAvgNumMeter <= 6.827) U[0,0] (Pt_SHFlg = 0.000))
",6.827,6.827,0.000,0.000,1.000,0,0,0,2,2,0,0,2,0.0,0,0,0.0,0.0,1.0
"((Pt_ChildT1D < 0.000) U[0,1] (Pt_SHFlg = 0.000))
",-9999999.000,-9999999.000,0.000,0.000,1.000,0,0,0,2,2,0,0,2,0.0,0,0,0.0,0.0,1.0
"F[1,2](BldPrSys < 51.047 & Pt_SHFlg = 0.000)
",-9999999.000,-9999999.000,0.000,0.000,1.000,0,0,0,2,2,0,0,2,0.0,0,0,0.0,0.0,1.0
"((SMBGperDayPtMeterCombo >= 6.649) U[0,1] (Pt_SHFlg = 0.000))
",-9999999.000,-9999999.000,0.000,0.000,1.000,0,0,0,2,2,0,0,2,0.0,0,0,0.0,0.0,1.0
"F[0,0](Triglyc <= 0.000 -> Pt_SHFlg = 0.000)
",0.000,0.000,0.000,0.000,1.000,0,0,0,2,2,0,0,2,0.0,0,0,0.0,0.0,1.0
"((GFR >= 0.000) U[0,0] (Pt_SHFlg = 0.000))
",1.258,1.258,0.000,0.000,1.000,0,0,0,2,2,0,0,2,0.0,0,0,0.0,0.0,1.0
"F[0,1]((age <= 4.575 & HbA1cImputeDtMnC <= 21.884) | TSH <= 17.710)
",-9999999.000,-9999999.000,0.000,0.000,1.000,0,0,0,2,2,0,0,2,0.0,0,0,0.0,0.0,1.0
"F[0,1](((HbA1c <= 8.892 & HeightCm >= 97.464) -> AlbCreatRat_mggNew <= 105.451) | NumPumpBolusOrShortAct <= 103.802)
",-9999999.000,-9999999.000,0.000,0.000,1.000,0,0,0,2,2,0,0,2,0.0,0,0,0.0,0.0,1.0
"((HbA1cImputeDtMnC > 10.913) U[0,0] (Pt_SHFlg = 0.000))
",-10.913,-10.913,0.000,0.000,1.000,0,0,0,2,2,0,0,2,0.0,0,0,0.0,0.0,1.0
"F[2,2](((bmiZscore <= 1.175 & HbA1c <= 8.904) -> BldPrDia <= 8.672) -> HDL <= 8.980)
",-8.980,-8.980,0.000,0.000,1.000,0,0,0,2,2,0,0,2,0.0,0,0,0.0,0.0,1.0
"F[0,1](((HbA1cImputeDtMnC >= 1.794 & TSH >= 2.534) -> Pt_FatherT1D >= 2.976) & Pt_A1cGoalLev >= 2.960)
",-9999999.000,-9999999.000,0.000,0.000,1.000,0,0,0,2,2,0,0,2,0.0,0,0,0.0,0.0,1.0
"F[0,0](((bmiPerc >= 0.865 -> HbA1cImputeDtMnC >= 4.911) | Pt_SHFlg >= 3.369) -> TotChol <= 14.007)
",-20.664,-20.664,0.000,0.000,1.000,0,0,0,2,2,0,0,2,0.0,0,0,0.0,0.0,1.0
"F[0,0]((diabDur <= 3.099 & TSH >= 2.741) | DirectLDL <= 3.916)
",-2.741,-2.741,0.000,0.000,1.000,0,0,0,2,2,0,0,2,0.0,0,0,0.0,0.0,1.0
"F[0,2](((age >= 3.024 | bmiPerc <= 0.877) -> HeightCm <= 0.895) | WeightKg >= 0.845)
",-9999999.000,-9999999.000,0.000,0.000,1.000,0,0,0,2,2,0,0,2,0.0,0,0,0.0,0.0,1.0
"((age <= 4.289) U[1,2] (bmiZscore >= 1.030))
",-9999999.000,-9999999.000,0.000,0.000,1.000,0,0,0,2,2,0,0,2,0.0,0,0,0.0,0.0,1.0
"F[1,2]((HbA1c <= 8.447 & TSH <= 3.463) | BUN >= 3.050)
",-9999999.000,-9999999.000,0.000,0.000,1.000,0,0,0,2,2,0,0,2,0.0,0,0,0.0,0.0,1.0
"F[0,1](((bmiPerc >= 0.833 -> HbA1c <= 8.452) & Pt_A1cGoalLev >= 8.358) -> bmi >= 7.685)
",-9999999.000,-9999999.000,0.000,0.000,1.000,0,0,0,2,2,0,0,2,0.0,0,0,0.0,0.0,1.0
"F[0,1](((bmi >= 17.131 | HeightCm >= 97.064) -> TSH >= 97.881) | BGTestAvgNumPtRep >= 98.103)
",-9999999.000,-9999999.000,0.000,0.000,1.000,0,0,0,2,2,0,0,2,0.0,0,0,0.0,0.0,1.0
"F[0,2]((HbA1c <= 8.520 & WeightKg >= 15.493) & Pt_GrandparentT1D >= 17.009)
",-9999999.000,-9999999.000,0.000,0.000,1.000,0,0,0,2,2,0,0,2,0.0,0,0,0.0,0.0,1.0
"((diabDur <= 3.286) U[0,1] (TotalDailyInsPerKg <= 0.814))
",-9999999.000,-9999999.000,0.000,0.000,1.000,0,0,0,2,2,0,0,2,0.0,0,0,0.0,0.0,1.0
"F[0,0]((age >= 3.995 | bmi >= 17.062) -> AlbCreatRat_mggNew <= 17.187)
",-17.187,-17.187,0.000,0.000,1.000,0,0,0,2,2,0,0,2,0.0,0,0,0.0,0.0,1.0
"F[1,2]((HbA1cImputeDtMnC <= 16.394 | TotalDailyInsPerKg >= 0.772) & AutonomicNeuroCl >= 0.738)
",-9999999.000,-9999999.000,0.000,0.000,1.000,0,0,0,2,2,0,0,2,0.0,0,0,0.0,0.0,1.0
"((bmi <= 17.250) U[1,1] (HbA1c <= 8.902))
",17.250,17.250,0.000,0.000,1.000,0,0,0,2,2,0,0,2,0.0,0,0,0.0,0.0,1.0
"F[1,1]((TotalDailyInsPerKg <= 0.785 & WeightKg >= 15.281) | TSH <= 18.733)
",18.733,18.733,0.000,0.000,1.000,0,0,0,2,2,0,0,2,0.0,0,0,0.0,0.0,1.0
"F[0,1](((bmi >= 17.115 & diagAgeCombo >= 0.250) & Pt_A1cGoalLev >= 0.079) | diagAgeCombo <= 0.564)
",-9999999.000,-9999999.000,0.000,0.000,1.000,0,0,0,2,2,0,0,2,0.0,0,0,0.0,0.0,1.0
"F[0,1]((bmi >= 17.132 -> bmiPerc >= 0.843) -> Pt_InsGov <= 0.881)
",-9999999.000,-9999999.000,0.000,0.000,1.000,0,0,0,2,2,0,0,2,0.0,0,0,0.0,0.0,1.0
"F[2,2](AlbCreatRat_mggNew <= 0.000 -> Pt_SHFlg = 0.000)
",0.000,0.000,0.000,0.000,1.000,0,0,0,2,2,0,0,2,0.0,0,0,0.0,0.0,1.0
"((Pt_MotherT1D <= 0.000) U[1,1] (Pt_SHFlg = 0.000))
",0.000,0.000,0.000,0.000,1.000,0,0,0,2,2,0,0,2,0.0,0,0,0.0,0.0,1.0
"F[1,2](Pt_A1cGoalLev <= 6.215 & WeightKg <= 19.259)
",-9999999.000,-9999999.000,0.000,0.000,1.000,0,0,0,2,2,0,0,2,0.0,0,0,0.0,0.0,1.0
"F[0,2](HbA1c >= 8.320 -> Pt_A1cGoalLevelDsYr5 = 0.000)
",-9999999.000,-9999999.000,0.000,0.000,1.000,0,0,0,2,2,0,0,2,0.0,0,0,0.0,0.0,1.0
"((BGTestAvgNumMeter >= 6.286) U[0,1] (BGTestAvgNumPtRep <= 0.000))
",-9999999.000,-9999999.000,0.000,0.000,1.000,0,0,0,2,2,0,0,2,0.0,0,0,0.0,0.0,1.0
"F[0,0](HbA1c >= 7.643 -> Pt_A1cGoalLevelDsYr5 = 0.000)
",0.000,0.000,0.000,0.000,1.000,0,0,0,2,2,0,0,2,0.0,0,0,0.0,0.0,1.0
"((BGTestAvgNumMeter >= 6.632) U[0,2] (BGTestAvgNumPtRep <= 0.000))
",-9999999.000,-9999999.000,0.000,0.000,1.000,0,0,0,2,2,0,0,2,0.0,0,0,0.0,0.0,1.0
"F[0,2](HbA1c >= 8.074 -> Pt_A1cGoalLevelDsYr5 = 0.000)
",-9999999.000,-9999999.000,0.000,0.000,1.000,0,0,0,2,2,0,0,2,0.0,0,0,0.0,0.0,1.0
"((BGTestAvgNumMeter >= 6.122) U[0,0] (BGTestAvgNumPtRep <= 0.000))
",-6.122,-6.122,0.000,0.000,1.000,0,0,0,2,2,0,0,2,0.0,0,0,0.0,0.0,1.0
"F[1,2](HbA1c >= 8.090 -> Pt_A1cGoalLevelDsYr5 = 0.000)
",-9999999.000,-9999999.000,0.000,0.000,1.000,0,0,0,2,2,0,0,2,0.0,0,0,0.0,0.0,1.0
"((BGTestAvgNumMeter >= 6.258) U[0,2] (BGTestAvgNumPtRep <= 0.000))
",-9999999.000,-9999999.000,0.000,0.000,1.000,0,0,0,2,2,0,0,2,0.0,0,0,0.0,0.0,1.0
"((BGTestAvgNumMeter >= 6.430) U[0,1] (BGTestAvgNumPtRep <= 0.000))
",-9999999.000,-9999999.000,0.000,0.000,1.000,0,0,0,2,2,0,0,2,0.0,0,0,0.0,0.0,1.0
"((BGTestAvgNumMeter >= 6.053) U[1,1] (BGTestAvgNumPtRep <= 0.000))
",0.000,0.000,0.000,0.000,1.000,0,0,0,2,2,0,0,2,0.0,0,0,0.0,0.0,1.0
"F[2,2](HbA1c >= 7.823 -> Pt_A1cGoalLevelDsYr5 = 0.000)
",0.000,0.000,0.000,0.000,1.000,0,0,0,2,2,0,0,2,0.0,0,0,0.0,0.0,1.0
"((BGTestAvgNumMeter >= 6.313) U[0,1] (BGTestAvgNumPtRep <= 0.000))
",-9999999.000,-9999999.000,0.000,0.000,1.000,0,0,0,2,2,0,0,2,0.0,0,0,0.0,0.0,1.0
"F[0,1](HbA1c >= 8.362 -> Pt_A1cGoalLevelDsYr5 = 0.000)
",-9999999.000,-9999999.000,0.000,0.000,1.000,0,0,0,2,2,0,0,2,0.0,0,0,0.0,0.0,1.0
"((BGTestAvgNumMeter >= 6.376) U[0,2] (BGTestAvgNumPtRep <= 0.000))
",-9999999.000,-9999999.000,0.000,0.000,1.000,0,0,0,2,2,0,0,2,0.0,0,0,0.0,0.0,1.0
"F[0,0](HbA1c >= 7.892 -> Pt_A1cGoalLevelDsYr5 = 0.000)
",0.000,0.000,0.000,0.000,1.000,0,0,0,2,2,0,0,2,0.0,0,0,0.0,0.0,1.0
"((BGTestAvgNumMeter >= 6.174) U[2,2] (BGTestAvgNumPtRep <= 0.000))
",0.000,0.000,0.000,0.000,1.000,0,0,0,2,2,0,0,2,0.0,0,0,0.0,0.0,1.0
"F[1,1](HbA1c >= 7.640 -> Pt_A1cGoalLevelDsYr5 = 0.000)
",0.000,0.000,0.000,0.000,1.000,0,0,0,2,2,0,0,2,0.0,0,0,0.0,0.0,1.0
"F[0,1](HbA1c >= 8.159 -> Pt_A1cGoalLevelDsYr5 = 0.000)
",-9999999.000,-9999999.000,0.000,0.000,1.000,0,0,0,2,2,0,0,2,0.0,0,0,0.0,0.0,1.0
"F[1,2](age <= 4.042 -> Pt_SHFlg = 0.000)
",-9999999.000,-9999999.000,0.000,0.000,1.000,0,0,0,2,2,0,0,2,0.0,0,0,0.0,0.0,1.0
"F[0,1](bmiZscore >= 1.106 & Pt_SHFlg = 0.000)
",-9999999.000,-9999999.000,0.000,0.000,1.000,0,0,0,2,2,0,0,2,0.0,0,0,0.0,0.0,1.0
"F[1,2](BUN >= 0.000 -> Pt_SHFlg = 0.000)
",-9999999.000,-9999999.000,0.000,0.000,1.000,0,0,0,2,2,0,0,2,0.0,0,0,0.0,0.0,1.0
"F[1,1](Pt_A1cGoalLev <= 6.379 & Pt_SHFlg = 0.000)
",0.000,0.000,0.000,0.000,1.000,0,0,0,2,2,0,0,2,0.0,0,0,0.0,0.0,1.0
"F[1,2](Pt_GrandparentT1D >= 0.000 -> Pt_SHFlg = 0.000)
",-9999999.000,-9999999.000,0.000,0.000,1.000,0,0,0,2,2,0,0,2,0.0,0,0,0.0,0.0,1.0
"F[0,2](bmiZscore <= 1.157 -> Pt_SHFlg = 0.000)
",-9999999.000,-9999999.000,0.000,0.000,1.000,0,0,0,2,2,0,0,2,0.0,0,0,0.0,0.0,1.0
"((HDL <= 0.000) U[1,2] (Pt_SHFlg = 0.000))
",-9999999.000,-9999999.000,0.000,0.000,1.000,0,0,0,2,2,0,0,2,0.0,0,0,0.0,0.0,1.0
"F[0,1](bmi <= 17.165 -> Pt_SHFlg = 0.000)
",-9999999.000,-9999999.000,0.000,0.000,1.000,0,0,0,2,2,0,0,2,0.0,0,0,0.0,0.0,1.0
"((Pt_A1cGoalLev > 2.310) U[0,1] (Pt_SHFlg = 0.000))
",-9999999.000,-9999999.000,0.000,0.000,1.000,0,0,0,2,2,0,0,2,0.0,0,0,0.0,0.0,1.0
"F[0,1](diabDur <= 3.311 -> Pt_SHFlg = 0.000)
",-9999999.000,-9999999.000,0.000,0.000,1.000,0,0,0,2,2,0,0,2,0.0,0,0,0.0,0.0,1.0
"F[0,0](HDL >= 0.000 -> Pt_SHFlg = 0.000)
",0.000,0.000,0.000,0.000,1.000,0,0,0,2,2,0,0,2,0.0,0,0,0.0,0.0,1.0
"((bmiPerc <= 0.870) U[1,2] (Pt_SHFlg = 0.000))
",-9999999.000,-9999999.000,0.000,0.000,1.000,0,0,0,2,2,0,0,2,0.0,0,0,0.0,0.0,1.0
"F[2,2](bmi <= 17.255 & Pt_SHFlg = 0.000)
",0.000,0.000,0.000,0.000,1.000,0,0,0,2,2,0,0,2,0.0,0,0,0.0,0.0,1.0
"F[0,2](WeightKg >= 15.695 & Pt_SHFlg = 0.000)
",-9999999.000,-9999999.000,0.000,0.000,1.000,0,0,0,2,2,0,0,2,0.0,0,0,0.0,0.0,1.0
"((TSH >= 2.969) U[1,2] (Pt_SHFlg = 0.000))
",-9999999.000,-9999999.000,0.000,0.000,1.000,0,0,0,2,2,0,0,2,0.0,0,0,0.0,0.0,1.0
"F[1,2](bmiPerc > 0.837 & Pt_SHFlg = 0.000)
",-9999999.000,-9999999.000,0.000,0.000,1.000,0,0,0,2,2,0,0,2,0.0,0,0,0.0,0.0,1.0
"F[1,2](TSH <= 4.547 & Pt_SHFlg = 0.000)
",-9999999.000,-9999999.000,0.000,0.000,1.000,0,0,0,2,2,0,0,2,0.0,0,0,0.0,0.0,1.0
"F[0,1](DirectLDL < 0.000 -> Pt_SHFlg = 0.000)
",-9999999.000,-9999999.000,0.000,0.000,1.000,0,0,0,2,2,0,0,2,0.0,0,0,0.0,0.0,1.0
"F[1,2](diagAgeCombo > 0.167 & Pt_SHFlg = 0.000)
",-9999999.000,-9999999.000,0.000,0.000,1.000,0,0,0,2,2,0,0,2,0.0,0,0,0.0,0.0,1.0
"F[2,2](bmiPerc >= 0.846 & HeightCm >= 98.370)
",-98.370,-98.370,0.000,0.000,1.000,0,0,0,2,2,0,0,2,0.0,0,0,0.0,0.0,1.0
"F[0,0](((TSH <= 3.620 | WeightKg >= 17.290) & UnitsInsBasalOrLongAct >= 15.528) -> HDL >= 15.440)
",15.440,15.440,0.000,0.000,1.000,0,0,0,2,2,0,0,2,0.0,0,0,0.0,0.0,1.0
"F[1,2](TSH <= 3.464 & TotChol >= 0.000)
",-9999999.000,-9999999.000,0.000,0.000,1.000,0,0,0,2,2,0,0,2,0.0,0,0,0.0,0.0,1.0
"((AutonomicNeuroCl <= 0.000) U[0,0] (Pt_ChildT1D >= 0.000))
",0.000,0.000,0.000,0.000,1.000,0,0,0,2,2,0,0,2,0.0,0,0,0.0,0.0,1.0
"F[1,1](((diagAgeCombo <= 0.459 -> Pt_CGMUseNumDays >= 0.000) -> BUN >= 0.000) | BldPrSys >= 0.000)
",0.000,0.000,0.000,0.000,1.000,0,0,0,2,2,0,0,2,0.0,0,0,0.0,0.0,1.0
"F[0,1]((Pt_GrandparentT1D >= 0.000 | bmi <= 17.158) | Pt_InsGov <= 17.170)
",-9999999.000,-9999999.000,0.000,0.000,1.000,0,0,0,2,2,0,0,2,0.0,0,0,0.0,0.0,1.0
"F[0,1](Pt_FatherT1D <= 0.000 | Triglyc <= 0.000)
",-9999999.000,-9999999.000,0.000,0.000,1.000,0,0,0,2,2,0,0,2,0.0,0,0,0.0,0.0,1.0
"F[0,0](((BUN <= 0.000 -> Pt_GrandparentT1D <= 0.000) & Pt_GrandparentT1D >= 0.000) -> BGTestAvgNumPtRep >= 0.000)
",-7.000,-7.000,0.000,0.000,1.000,0,0,0,2,2,0,0,2,0.0,0,0,0.0,0.0,1.0
"F[0,2](diabDur >= 2.147 & NumPumpBolusOrShortAct <= 6.203)
",-9999999.000,-9999999.000,0.000,0.000,1.000,0,0,0,2,2,0,0,2,0.0,0,0,0.0,0.0,1.0
"F[0,0]((Pt_FatherT1D >= 0.000 & BGTestAvgNumPtRep <= 0.000) | Triglyc <= 0.000)
",0.000,0.000,0.000,0.000,1.000,0,0,0,2,2,0,0,2,0.0,0,0,0.0,0.0,1.0
"F[2,2]((BGTestAvgNumPtRep <= 0.000 & WeightKg >= 16.501) | bmi >= 16.746)
",-16.501,-16.501,0.000,0.000,1.000,0,0,0,2,2,0,0,2,0.0,0,0,0.0,0.0,1.0
"F[1,2](((Pt_DKAFlg >= 0.000 -> WeightKg >= 16.338) & AutonomicNeuroCl <= 19.274) & DirectLDL <= 19.405)
",-9999999.000,-9999999.000,0.000,0.000,1.000,0,0,0,2,2,0,0,2,0.0,0,0,0.0,0.0,1.0
"F[1,2]((Pt_GrandparentT1D <= 0.000 | UnitsInsBasalOrLongAct >= 1.147) | Pt_SiblingT1D <= 5.612)
",-9999999.000,-9999999.000,0.000,0.000,1.000,0,0,0,2,2,0,0,2,0.0,0,0,0.0,0.0,1.0
"F[0,1]((Pt_FatherT1D >= 0.000 -> age >= 3.980) -> Pt_ChildT1D >= 3.848)
",-9999999.000,-9999999.000,0.000,0.000,1.000,0,0,0,2,2,0,0,2,0.0,0,0,0.0,0.0,1.0
"F[2,2]((LDL >= 0.000 | Triglyc <= 0.000) | Triglyc >= 0.000)
",0.000,0.000,0.000,0.000,1.000,0,0,0,2,2,0,0,2,0.0,0,0,0.0,0.0,1.0
"F[0,1]((Pt_A1cGoalLevelDsYr5 <= 0.000 | DirectLDL >= 0.000) & HeightCm >= 0.000)
",-9999999.000,-9999999.000,0.000,0.000,1.000,0,0,0,2,2,0,0,2,0.0,0,0,0.0,0.0,1.0
"F[1,1](bmiPerc >= 0.824 -> TotChol >= 0.000)
",0.000,0.000,0.000,0.000,1.000,0,0,0,2,2,0,0,2,0.0,0,0,0.0,0.0,1.0
"F[0,0](((AutonomicNeuroCl <= 0.000 & Pt_SiblingT1D >= 0.000) & HbA1cImputeDtMnC <= 0.000) -> HbA1cImputeDtMnC <= 0.000)
",0.000,0.000,0.000,0.000,1.000,0,0,0,2,2,0,0,2,0.0,0,0,0.0,0.0,1.0
"F[1,2]((age >= 3.748 & Triglyc >= 0.000) | NumPumpBolusOrShortAct >= 0.000)
",-9999999.000,-9999999.000,0.000,0.000,1.000,0,0,0,2,2,0,0,2,0.0,0,0,0.0,0.0,1.0
"F[0,0]((Pt_MotherT1D >= 0.000 | HbA1c <= 8.530) -> TSH <= 8.543)
",-8.543,-8.543,0.000,0.000,1.000,0,0,0,2,2,0,0,2,0.0,0,0,0.0,0.0,1.0
"((TotChol >= 0.000) U[2,2] (TSH >= 2.563))
",0.000,0.000,0.000,0.000,1.000,0,0,0,2,2,0,0,2,0.0,0,0,0.0,0.0,1.0
"F[0,1](TotChol >= 0.000 | HDL >= 0.000)
",-9999999.000,-9999999.000,0.000,0.000,1.000,0,0,0,2,2,0,0,2,0.0,0,0,0.0,0.0,1.0
"((SMBGperDayPtMeterCombo <= 6.876) U[0,2] (DirectLDL <= 0.000))
",-9999999.000,-9999999.000,0.000,0.000,1.000,0,0,0,2,2,0,0,2,0.0,0,0,0.0,0.0,1.0
"F[0,2](((age <= 4.735 | Pt_InsGov >= 0.000) -> bmi >= 0.000) -> BGTestAvgNumPtRep <= 0.000)
",-9999999.000,-9999999.000,0.000,0.000,1.000,0,0,0,2,2,0,0,2,0.0,0,0,0.0,0.0,1.0
"F[0,1]((BldPrSys >= 20.319 & HDL <= 0.000) | Pt_MotherT1D <= 0.000)
",-9999999.000,-9999999.000,0.000,0.000,1.000,0,0,0,2,2,0,0,2,0.0,0,0,0.0,0.0,1.0
"F[2,2](((Pt_A1cGoalLevelDsYr5 >= 0.000 | Pt_A1cGoalLevelDsYr5 >= 0.000) -> UnitsInsBasalOrLongAct <= 0.000) & Pt_GrandparentT1D >= 0.000)
",0.000,0.000,0.000,0.000,1.000,0,0,0,2,2,0,0,2,0.0,0,0,0.0,0.0,1.0
"F[1,2]((Pt_GrandparentT1D >= 0.000 & diabDur <= 3.626) & BGTestAvgNumMeter >= 2.758)
",-9999999.000,-9999999.000,0.000,0.000,1.000,0,0,0,2,2,0,0,2,0.0,0,0,0.0,0.0,1.0
"F[0,1](((Pt_CGMUseNumDays >= 0.000 | Pt_A1cGoalLev <= 7.228) | bmiZscore <= 7.319) & TSH >= 0.863)
",-9999999.000,-9999999.000,0.000,0.000,1.000,0,0,0,2,2,0,0,2,0.0,0,0,0.0,0.0,1.0
"F[0,2](Pt_SHFlg <= 0.000 & HDL >= 0.000)
",-9999999.000,-9999999.000,0.000,0.000,1.000,0,0,0,2,2,0,0,2,0.0,0,0,0.0,0.0,1.0
"F[1,1](HbA1c >= 8.046 | Pt_InsGov >= 0.000)
",0.000,0.000,0.000,0.000,1.000,0,0,0,2,2,0,0,2,0.0,0,0,0.0,0.0,1.0
"F[1,2]((BGTestAvgNumMeter <= 6.968 & Pt_SiblingT1D >= 0.000) & Pt_FatherT1D >= 0.000)
",-9999999.000,-9999999.000,0.000,0.000,1.000,0,0,0,2,2,0,0,2,0.0,0,0,0.0,0.0,1.0
"((BGTestAvgNumMeter >= 6.552) U[0,1] (BGTestAvgNumPtRep <= 0.000))
",-9999999.000,-9999999.000,0.000,0.000,1.000,0,0,0,2,2,0,0,2,0.0,0,0,0.0,0.0,1.0
"F[1,1]((bmiZscore <= 1.230 -> Pt_InsGov >= 0.000) & Pt_InsGov <= 0.000)
",-1.230,-1.230,0.000,0.000,1.000,0,0,0,2,2,0,0,2,0.0,0,0,0.0,0.0,1.0
"F[0,1]((AlbCreatRat_mggNew <= 0.000 | Triglyc <= 0.000) | BGTestAvgNumPtRep <= 0.000)
",-9999999.000,-9999999.000,0.000,0.000,1.000,0,0,0,2,2,0,0,2,0.0,0,0,0.0,0.0,1.0
"F[0,2](diabDur >= 2.701 & NumPumpBolusOrShortAct >= 1.440)
",-9999999.000,-9999999.000,0.000,0.000,1.000,0,0,0,2,2,0,0,2,0.0,0,0,0.0,0.0,1.0
"F[1,2]((LDL <= 0.000 & Triglyc <= 0.000) & HDL <= 0.000)
",-9999999.000,-9999999.000,0.000,0.000,1.000,0,0,0,2,2,0,0,2,0.0,0,0,0.0,0.0,1.0
"F[0,2]((Pt_A1cGoalLev <= 5.429 | BUN >= 0.000) | HeightCm <= 0.000)
",-9999999.000,-9999999.000,0.000,0.000,1.000,0,0,0,2,2,0,0,2,0.0,0,0,0.0,0.0,1.0
"F[1,1](((age <= 4.932 & diagAgeCombo <= 0.885) | NumPumpBolusOrShortAct <= 0.448) | diabDur <= 0.978)
",0.978,0.978,0.000,0.000,1.000,0,0,0,2,2,0,0,2,0.0,0,0,0.0,0.0,1.0
"F[0,1](((age <= 4.033 -> TotChol <= 0.000) -> SMBGperDayPtMeterCombo >= 0.000) & Triglyc >= 0.000)
",-9999999.000,-9999999.000,0.000,0.000,1.000,0,0,0,2,2,0,0,2,0.0,0,0,0.0,0.0,1.0
"((bmi >= 16.984) U[0,2] (Pt_SiblingT1D >= 0.000))
",-9999999.000,-9999999.000,0.000,0.000,1.000,0,0,0,2,2,0,0,2,0.0,0,0,0.0,0.0,1.0
"F[2,2](((SMBGperDayPtMeterCombo <= 6.895 | BGTestAvgNumPtRep >= 0.000) -> DirectLDL >= 0.000) -> AlbCreatRat_mggNew <= 0.000)
",0.000,0.000,0.000,0.000,1.000,0,0,0,2,2,0,0,2,0.0,0,0,0.0,0.0,1.0
"F[1,1](Pt_CGMUseNumDays <= 0.000 & Pt_GrandchildT1D >= 0.000)
",0.000,0.000,0.000,0.000,1.000,0,0,0,2,2,0,0,2,0.0,0,0,0.0,0.0,1.0
"((HbA1cImputeDtMnC >= 5.712) U[0,1] (UnitsInsBasalOrLongAct >= 0.609))
",-9999999.000,-9999999.000,0.000,0.000,1.000,0,0,0,2,2,0,0,2,0.0,0,0,0.0,0.0,1.0
"F[1,1](((NumPumpBolusOrShortAct >= 0.786 & Pt_A1cGoalLev >= 0.904) | NumPumpBolusOrShortAct >= 0.365) & Pt_DKAFlg <= 3.099)
",-0.365,-0.365,0.000,0.000,1.000,0,0,0,2,2,0,0,2,0.0,0,0,0.0,0.0,1.0
"F[1,2](((Pt_A1cGoalLev <= 6.999 | UnitsInsBasalOrLongAct >= 0.323) | diabDur <= 5.665) | BGTestAvgNumPtRep <= 5.280)
",-9999999.000,-9999999.000,0.000,0.000,1.000,0,0,0,2,2,0,0,2,0.0,0,0,0.0,0.0,1.0
"F[0,0]((diagAgeCombo <= 0.686 -> UnitsInsBasalOrLongAct >= 1.933) | Pt_CGMUseNumDays <= 4.966)
",-0.686,-0.686,0.000,0.000,1.000,0,0,0,2,2,0,0,2,0.0,0,0,0.0,0.0,1.0
"F[1,2]((bmiPerc >= 0.836 -> UnitsInsBasalOrLongAct <= 5.152) & Pt_SiblingT1D <= 3.761)
",-9999999.000,-9999999.000,0.000,0.000,1.000,0,0,0,2,2,0,0,2,0.0,0,0,0.0,0.0,1.0
"F[1,2](((BldPrSys >= 33.485 -> bmiZscore >= 0.908) & TotalDailyInsPerKg >= 0.987) -> bmiZscore <= 1.193)
",-9999999.000,-9999999.000,0.000,0.000,1.000,0,0,0,2,2,0,0,2,0.0,0,0,0.0,0.0,1.0
"((bmiZscore >= 0.913) U[0,2] (NumPumpBolusOrShortAct <= 2.655))
",-9999999.000,-9999999.000,0.000,0.000,1.000,0,0,0,2,2,0,0,2,0.0,0,0,0.0,0.0,1.0
"F[0,2](((bmiPerc >= 0.840 & SMBGperDayPtMeterCombo <= 6.888) -> BUN >= 6.495) & age >= 6.296)
",-9999999.000,-9999999.000,0.000,0.000,1.000,0,0,0,2,2,0,0,2,0.0,0,0,0.0,0.0,1.0
"((BldPrDia <= 42.376) U[0,2] (bmiPerc <= 0.884))
",-9999999.000,-9999999.000,0.000,0.000,1.000,0,0,0,2,2,0,0,2,0.0,0,0,0.0,0.0,1.0
"F[0,2](((NumPumpBolusOrShortAct <= 5.259 | TSH >= 2.752) -> HDL >= 3.014) & TotChol <= 4.591)
",-9999999.000,-9999999.000,0.000,0.000,1.000,0,0,0,2,2,0,0,2,0.0,0,0,0.0,0.0,1.0
"F[1,1]((NumPumpBolusOrShortAct <= 4.627 -> TotalDailyInsPerKg <= 0.815) & age >= 0.743)
",-4.627,-4.627,0.000,0.000,1.000,0,0,0,2,2,0,0,2,0.0,0,0,0.0,0.0,1.0
"((BGTestAvgNumMeter >= 6.628) U[1,2] (TSH >= 3.220))
",-9999999.000,-9999999.000,0.000,0.000,1.000,0,0,0,2,2,0,0,2,0.0,0,0,0.0,0.0,1.0
"((NumPumpBolusOrShortAct >= 0.704) U[0,2] (UnitsInsBasalOrLongAct >= 1.826))
",-9999999.000,-9999999.000,0.000,0.000,1.000,0,0,0,2,2,0,0,2,0.0,0,0,0.0,0.0,1.0
"F[0,2](TotalDailyInsPerKg >= 0.778 & TSH >= 2.552)
",-9999999.000,-9999999.000,0.000,0.000,1.000,0,0,0,2,2,0,0,2,0.0,0,0,0.0,0.0,1.0
"F[2,2](bmiZscore >= 0.985 | TotalDailyInsPerKg <= 0.785)
",0.785,0.785,0.000,0.000,1.000,0,0,0,2,2,0,0,2,0.0,0,0,0.0,0.0,1.0
"F[1,1]((HbA1c <= 8.966 -> UnitsInsBasalOrLongAct >= 1.587) | BUN >= 2.519)
",-2.519,-2.519,0.000,0.000,1.000,0,0,0,2,2,0,0,2,0.0,0,0,0.0,0.0,1.0
"((diabDur >= 2.273) U[2,2] (UnitsInsBasalOrLongAct <= 4.082))
",4.082,4.082,0.000,0.000,1.000,0,0,0,2,2,0,0,2,0.0,0,0,0.0,0.0,1.0
"F[1,2](((bmi >= 17.082 | TotalDailyInsPerKg >= 0.774) & Pt_SiblingT1D <= 0.782) & TotalDailyInsPerKg >= 0.747)
",-9999999.000,-9999999.000,0.000,0.000,1.000,0,0,0,2,2,0,0,2,0.0,0,0,0.0,0.0,1.0
"F[0,1](TSH <= 3.381 -> UnitsInsBasalOrLongAct >= 1.105)
",-9999999.000,-9999999.000,0.000,0.000,1.000,0,0,0,2,2,0,0,2,0.0,0,0,0.0,0.0,1.0
"F[1,2](((bmi >= 17.010 & SMBGperDayPtMeterCombo <= 6.701) | HeightCm <= 6.684) | bmi <= 6.942)
",-9999999.000,-9999999.000,0.000,0.000,1.000,0,0,0,2,2,0,0,2,0.0,0,0,0.0,0.0,1.0
"F[2,2](((Pt_FatherT1D >= 0.000 -> WeightKg >= 15.387) & TotalDailyInsPerKg <= 17.941) -> Pt_SiblingT1D >= 16.473)
",0.000,0.000,0.000,0.000,1.000,0,0,0,2,2,0,0,2,0.0,0,0,0.0,0.0,1.0
"((age >= 3.153) U[1,2] (NumPumpBolusOrShortAct <= 3.237))
",-9999999.000,-9999999.000,0.000,0.000,1.000,0,0,0,2,2,0,0,2,0.0,0,0,0.0,0.0,1.0
"F[0,1]((TotalDailyInsPerKg >= 0.765 | Pt_ChildT1D <= 0.000) | Pt_GrandparentT1D >= 0.000)
",-9999999.000,-9999999.000,0.000,0.000,1.000,0,0,0,2,2,0,0,2,0.0,0,0,0.0,0.0,1.0
"F[2,2](((age >= 3.214 | NumPumpBolusOrShortAct >= 0.534) -> Pt_A1cGoalLevelDsYr5 <= 4.261) | BUN >= 1.488)
",-1.488,-1.488,0.000,0.000,1.000,0,0,0,2,2,0,0,2,0.0,0,0,0.0,0.0,1.0
"F[0,0](bmiPerc <= 0.870 -> Pt_CGMUseNumDays >= 0.000)
",-28782.000,-28782.000,0.000,0.000,1.000,0,0,0,2,2,0,0,2,0.0,0,0,0.0,0.0,1.0
"F[1,2](((Pt_A1cGoalLev <= 6.219 & LDL >= 0.000) & Pt_A1cGoalLevelDsYr5 >= 0.000) | NumPumpBolusOrShortAct >= 0.000)
",-9999999.000,-9999999.000,0.000,0.000,1.000,0,0,0,2,2,0,0,2,0.0,0,0,0.0,0.0,1.0
"F[0,2](((bmiZscore >= 1.129 | bmiZscore >= 1.056) -> BldPrSys <= 1.174) | bmiPerc <= 1.150)
",-9999999.000,-9999999.000,0.000,0.000,1.000,0,0,0,2,2,0,0,2,0.0,0,0,0.0,0.0,1.0
"F[0,0]((bmiPerc <= 0.882 & DirectLDL >= 0.000) | Pt_FatherT1D >= 0.000)
",0.000,0.000,0.000,0.000,1.000,0,0,0,2,2,0,0,2,0.0,0,0,0.0,0.0,1.0
"((Pt_CGMUseNumDays <= 0.000) U[0,1] (Pt_CGMUseNumDays <= 0.000))
",-9999999.000,-9999999.000,0.000,0.000,1.000,0,0,0,2,2,0,0,2,0.0,0,0,0.0,0.0,1.0
"F[2,2]((HbA1c <= 8.523 & SMBGperDayPtMeterCombo <= 6.843) | TotChol >= 6.502)
",6.843,6.843,0.000,0.000,1.000,0,0,0,2,2,0,0,2,0.0,0,0,0.0,0.0,1.0
"F[2,2](((BldPrDia >= 10.067 -> WeightKg <= 18.958) | HbA1cImputeDtMnC <= 19.923) & HeightCm <= 18.334)
",18.334,18.334,0.000,0.000,1.000,0,0,0,2,2,0,0,2,0.0,0,0,0.0,0.0,1.0
"F[1,2]((HbA1c <= 8.802 & NumPumpBolusOrShortAct >= 1.726) | TSH <= 3.081)
",-9999999.000,-9999999.000,0.000,0.000,1.000,0,0,0,2,2,0,0,2,0.0,0,0,0.0,0.0,1.0
"F[1,2]((BldPrDia <= 34.236 | HbA1c >= 7.856) -> NumPumpBolusOrShortAct >= 7.851)
",-9999999.000,-9999999.000,0.000,0.000,1.000,0,0,0,2,2,0,0,2,0.0,0,0,0.0,0.0,1.0
"((BldPrSys <= 57.702) U[1,1] (HbA1cImputeDtMnC >= 5.581))
",57.702,57.702,0.000,0.000,1.000,0,0,0,2,2,0,0,2,0.0,0,0,0.0,0.0,1.0
"((HbA1cImputeDtMnC >= 8.731) U[0,2] (NumPumpBolusOrShortAct <= 2.891))
",-9999999.000,-9999999.000,0.000,0.000,1.000,0,0,0,2,2,0,0,2,0.0,0,0,0.0,0.0,1.0
"F[1,1]((BldPrDia >= 4.469 & HeightCm >= 94.539) | diabDur <= 100.987)
",100.987,100.987,0.000,0.000,1.000,0,0,0,2,2,0,0,2,0.0,0,0,0.0,0.0,1.0
"((NumPumpBolusOrShortAct >= 2.245) U[0,1] (WeightKg >= 15.816))
",-9999999.000,-9999999.000,0.000,0.000,1.000,0,0,0,2,2,0,0,2,0.0,0,0,0.0,0.0,1.0
"((BGTestAvgNumMeter <= 6.773) U[0,2] (WeightKg >= 16.785))
",-9999999.000,-9999999.000,0.000,0.000,1.000,0,0,0,2,2,0,0,2,0.0,0,0,0.0,0.0,1.0
"F[0,1](NumPumpBolusOrShortAct <= 6.569 & TotChol <= 0.000)
",-9999999.000,-9999999.000,0.000,0.000,1.000,0,0,0,2,2,0,0,2,0.0,0,0,0.0,0.0,1.0
