Rule,Discrimination Score,Pos Robustness,Neg Robustness,Percent Class +,Percent Class -,TP,TN,FP,FN,Actual Yes,Actual No,Predicted Yes,Predicted No,TPR/Sens,TNR/Spec,FPR,Precision,Accuracy,MCR,Class
"G[0,0](BldPrDia <= 59.396 -> bmiZscore >= -0.979)
",-0.979,-0.979,0.000,1.000,0.000,3,0,0,0,3,0,3,0,1.0,0.0,0.0,1.0,1.2,-0.19999999999999996,1
"G[0,0](((HDL <= 71.391 | bmi <= 24.728) & Pt_A1cGoalLevelDsYr5 >= 22.656) -> BGTestAvgNumMeter >= 23.084)
",25.167,12.584,0.000,1.000,0.000,3,0,0,0,3,0,3,0,1.0,0.0,0.0,1.0,1.2,-0.19999999999999996,1
"F[0,0]((Pt_A1cGoalLev <= 0.000 | Pt_SiblingT1D <= 0.000) & SMBGperDayPtMeterCombo <= 0.000)
",-9.333,-56.000,0.000,0.000,1.000,3,0,0,0,3,0,3,0,1.0,0.0,0.0,1.0,1.2,-0.19999999999999996,-1
"G[0,0](NumPumpBolusOrShortAct <= 3.829 -> Pt_InsGov >= 0.000)
",-3.829,-3.829,0.000,1.000,0.000,3,0,0,0,3,0,3,0,1.0,0.0,0.0,1.0,1.2,-0.19999999999999996,1
"F[0,0](((BGTestAvgNumPtRep >= 4.606 -> HbA1cImputeDtMnC <= 23.408) -> Pt_A1cGoalLevelDsYr5 <= 33.372) -> Pt_SHFlg >= 4.342)
",-1.640,-16.936,0.000,0.000,1.000,3,0,0,0,3,0,3,0,1.0,0.0,0.0,1.0,1.2,-0.19999999999999996,-1
"G[0,0](AutonomicNeuroCl <= 1.000 -> BldPrDia >= 50.706)
",-18.098,-54.294,0.000,1.000,0.000,3,0,0,0,3,0,3,0,1.0,0.0,0.0,1.0,1.2,-0.19999999999999996,1
"G[0,0](BGTestAvgNumPtRep >= 1.518 -> NumPumpBolusOrShortAct >= 0.926)
",0.926,0.926,0.000,1.000,0.000,3,0,0,0,3,0,3,0,1.0,0.0,0.0,1.0,1.2,-0.19999999999999996,1
"F[0,0](((HeightCm >= 178.187 -> NumPumpBolusOrShortAct >= 3.070) | bmi <= 4.148) -> Pt_SiblingT1D >= 0.600)
",-4.148,-4.148,0.000,0.000,1.000,3,0,0,0,3,0,3,0,1.0,0.0,0.0,1.0,1.2,-0.19999999999999996,-1
"G[0,0]((Pt_SHFlg >= 0.000 | bmi <= 24.354) -> Pt_DKAFlg <= 24.712)
",-8.173,-28.157,0.000,1.000,0.000,3,0,0,0,3,0,3,0,1.0,0.0,0.0,1.0,1.2,-0.19999999999999996,1
"G[0,0]((BldPrDia >= 50.823 | TotChol <= 150.388) -> TSH <= 150.764)
",-143.764,-143.764,0.000,1.000,0.000,3,0,0,0,3,0,3,0,1.0,0.0,0.0,1.0,1.2,-0.19999999999999996,1
"G[0,0]((age <= 65.523 -> HbA1cImputeDtMnC <= 33.624) | diabDur >= 1.324)
",63.676,63.676,0.000,1.000,0.000,3,0,0,0,3,0,3,0,1.0,0.0,0.0,1.0,1.2,-0.19999999999999996,1
"G[0,0](HbA1cImputeDtMnC >= 18.471 -> bmiPerc <= 0.000)
",15.471,15.471,0.000,1.000,0.000,3,0,0,0,3,0,3,0,1.0,0.0,0.0,1.0,1.2,-0.19999999999999996,1
"G[0,0]((AutonomicNeuroCl >= 1.000 -> Pt_SiblingT1D >= 0.000) & Pt_GrandparentT1D <= 0.000)
",-28.500,-5.700,0.000,1.000,0.000,3,0,0,0,3,0,3,0,1.0,0.0,0.0,1.0,1.2,-0.19999999999999996,1
"G[1,1](Pt_SHFlg <= 0.000 | NumPumpBolusOrShortAct >= 3.186)
",0.000,0.000,0.000,1.000,0.000,2,0,1,0,2,1,3,0,1.0,0.0,1.0,0.6666666666666666,0.8,0.19999999999999996,1
"F[1,1](((bmi >= 22.786 -> UnitsInsBasalOrLongAct >= 1.117) -> BGTestAvgNumMeter >= 5.353) & BldPrSys <= 10.865)
",-1.117,-1.117,0.000,0.000,1.000,2,0,0,1,3,0,2,1,0.6666666666666666,0.0,0.0,1.0,0.8,0.19999999999999996,-1
"G[0,1]((Pt_FatherT1D >= 0.000 & Pt_SiblingT1D <= 0.000) -> Pt_ChildT1D >= 0.000)
",9999999.000,9999999.000,0.000,1.000,0.000,2,0,1,0,2,1,3,0,1.0,0.0,1.0,0.6666666666666666,0.8,0.19999999999999996,1
"G[0,1]((UnitsInsBasalOrLongAct <= 11.937 | BGTestAvgNumPtRep <= 5.456) | age >= 2.673)
",9999999.000,9999999.000,0.000,1.000,0.000,2,0,1,0,2,1,3,0,1.0,0.0,1.0,0.6666666666666666,0.8,0.19999999999999996,1
"G[0,0](GFR <= 0.000 -> BUN >= 10.394)
",-1.046,-17.185,0.000,1.000,0.000,2,0,0,1,3,0,2,1,0.6666666666666666,0.0,0.0,1.0,0.8,0.19999999999999996,1
"G[1,1](GFR <= 0.000 -> BUN >= 6.963)
",0.000,0.000,0.000,1.000,0.000,2,0,1,0,2,1,3,0,1.0,0.0,1.0,0.6666666666666666,0.8,0.19999999999999996,1
"G[1,1](Pt_MotherT1D >= 0.000 & Pt_SHFlg = 0.000)
",0.000,0.000,0.000,1.000,0.000,2,0,1,0,2,1,3,0,1.0,0.0,1.0,0.6666666666666666,0.8,0.19999999999999996,1
"G[1,1]((TotalDailyInsPerKg <= 0.508 | TSH >= 0.930) | bmi >= 0.813)
",0.508,0.508,0.000,1.000,0.000,2,0,1,0,2,1,3,0,1.0,0.0,1.0,0.6666666666666666,0.8,0.19999999999999996,1
"F[1,1](((SMBGperDayPtMeterCombo >= 6.278 & HbA1c <= 6.674) & LDL <= 6.838) & GFR >= 6.573)
",-6.573,-6.573,0.000,0.000,1.000,2,0,0,1,3,0,2,1,0.6666666666666666,0.0,0.0,1.0,0.8,0.19999999999999996,-1
"G[1,1](((HeightCm >= 177.932 -> Triglyc <= 43.154) | bmiZscore <= 31.767) -> Pt_GrandchildT1D <= 30.063)
",-31.767,-31.767,0.000,1.000,0.000,2,0,1,0,2,1,3,0,1.0,0.0,1.0,0.6666666666666666,0.8,0.19999999999999996,1
"G[0,1](TotChol >= 143.926 -> Pt_SHFlg = 0.000)
",9999999.000,9999999.000,0.000,1.000,0.000,2,0,1,0,2,1,3,0,1.0,0.0,1.0,0.6666666666666666,0.8,0.19999999999999996,1
"G[0,1](Triglyc >= 15.731 -> Pt_SHFlg = 0.000)
",9999999.000,9999999.000,0.000,1.000,0.000,2,0,1,0,2,1,3,0,1.0,0.0,1.0,0.6666666666666666,0.8,0.19999999999999996,1
"G[0,1](((age >= 63.645 & BGTestAvgNumPtRep >= 0.728) & BGTestAvgNumPtRep <= 5.425) -> HbA1c >= 2.899)
",9999999.000,9999999.000,0.000,1.000,0.000,2,0,1,0,2,1,3,0,1.0,0.0,1.0,0.6666666666666666,0.8,0.19999999999999996,1
"G[1,1]((Pt_CGMUseNumDays <= 13.696 | Triglyc >= 11.878) & Pt_SiblingT1D <= 43.649)
",13.696,13.696,0.000,1.000,0.000,2,0,1,0,2,1,3,0,1.0,0.0,1.0,0.6666666666666666,0.8,0.19999999999999996,1
"G[0,1](GFR <= 0.000 -> BUN >= 12.727)
",9999999.000,9999999.000,0.000,1.000,0.000,2,0,0,1,3,0,2,1,0.6666666666666666,0.0,0.0,1.0,0.8,0.19999999999999996,1
"G[0,1](Triglyc <= 33.323 | diagAgeCombo <= 13.000)
",9999999.000,9999999.000,0.000,1.000,0.000,2,0,1,0,2,1,3,0,1.0,0.0,1.0,0.6666666666666666,0.8,0.19999999999999996,1
"G[0,1]((BldPrDia >= 54.040 & Triglyc <= 30.815) -> TotalDailyInsPerKg <= 39.936)
",9999999.000,9999999.000,0.000,1.000,0.000,2,0,1,0,2,1,3,0,1.0,0.0,1.0,0.6666666666666666,0.8,0.19999999999999996,1
"((Pt_GrandchildT1D <= 0.000) U[0,0] (Pt_CGMUseNumDays >= 2.797))
",29859.203,29859.203,0.000,0.000,1.000,2,0,0,1,3,0,2,1,0.6666666666666666,0.0,0.0,1.0,0.8,0.19999999999999996,-1
"F[0,1](((DirectLDL <= 0.000 | Pt_SiblingT1D <= 0.000) -> HbA1cImputeDtMnC >= 0.000) & BldPrDia <= 0.000)
",-9999999.000,-9999999.000,0.000,0.000,1.000,2,0,0,1,3,0,2,1,0.6666666666666666,0.0,0.0,1.0,0.8,0.19999999999999996,-1
"G[0,1](((WeightKg >= 76.108 | AutonomicNeuroCl >= 1.000) | Pt_GrandparentT1D <= 1.000) | Pt_ChildT1D <= 1.000)
",9999999.000,9999999.000,0.000,1.000,0.000,2,0,1,0,2,1,3,0,1.0,0.0,1.0,0.6666666666666666,0.8,0.19999999999999996,1
"F[1,1]((Pt_A1cGoalLev >= 0.000 & Pt_DKAFlg >= 0.000) -> SMBGperDayPtMeterCombo <= 0.000)
",0.000,0.000,0.000,0.000,1.000,2,0,0,1,3,0,2,1,0.6666666666666666,0.0,0.0,1.0,0.8,0.19999999999999996,-1
"F[1,1](HDL <= 66.748 & Pt_SHFlg = 0.000)
",0.000,0.000,0.000,0.000,1.000,2,0,0,1,3,0,2,1,0.6666666666666666,0.0,0.0,1.0,0.8,0.19999999999999996,-1
"F[0,0]((diabDur >= 50.256 & HeightCm <= 178.485) -> Pt_ChildT1D >= 177.809)
",-14.744,-14.744,0.000,0.000,1.000,2,0,0,1,3,0,2,1,0.6666666666666666,0.0,0.0,1.0,0.8,0.19999999999999996,-1
"F[0,1](((BldPrSys <= 107.584 & diabDur >= 50.970) | BUN <= 52.431) -> NumPumpBolusOrShortAct >= 50.391)
",-9999999.000,-9999999.000,0.000,0.000,1.000,2,0,0,1,3,0,2,1,0.6666666666666666,0.0,0.0,1.0,0.8,0.19999999999999996,-1
"F[0,1]((BGTestAvgNumPtRep <= 6.275 & SMBGperDayPtMeterCombo >= 6.537) & DirectLDL >= 6.715)
",-9999999.000,-9999999.000,0.000,0.000,1.000,2,0,0,1,3,0,2,1,0.6666666666666666,0.0,0.0,1.0,0.8,0.19999999999999996,-1
"F[1,1]((Pt_CGMUseNumDays <= 6.373 | UnitsInsBasalOrLongAct >= 5.469) -> diabDur <= 9.391)
",-9.391,-9.391,0.000,0.000,1.000,2,0,0,1,3,0,2,1,0.6666666666666666,0.0,0.0,1.0,0.8,0.19999999999999996,-1
"F[1,1](SMBGperDayPtMeterCombo <= 6.935 & TotalDailyInsPerKg >= 0.368)
",-0.368,-0.368,0.000,0.000,1.000,2,0,0,1,3,0,2,1,0.6666666666666666,0.0,0.0,1.0,0.8,0.19999999999999996,-1
"F[1,1]((BldPrDia <= 60.791 & WeightKg <= 77.684) & bmiZscore <= 77.664)
",60.791,60.791,0.000,0.000,1.000,2,0,0,1,3,0,2,1,0.6666666666666666,0.0,0.0,1.0,0.8,0.19999999999999996,-1
"F[0,1]((LDL >= 24.509 -> WeightKg <= 78.761) -> Pt_InsGov >= 76.008)
",-9999999.000,-9999999.000,0.000,0.000,1.000,2,0,0,1,3,0,2,1,0.6666666666666666,0.0,0.0,1.0,0.8,0.19999999999999996,-1
"F[0,0]((Pt_CGMUseNumDays <= 11.988 & Pt_A1cGoalLevelDsYr5 >= 0.000) -> BldPrDia <= 0.000)
",35.000,105.000,0.000,0.000,1.000,2,0,0,1,3,0,2,1,0.6666666666666666,0.0,0.0,1.0,0.8,0.19999999999999996,-1
"F[0,0]((BldPrSys <= 106.099 | BUN <= 19.694) -> BldPrSys <= 19.036)
",-106.099,-106.099,0.000,0.000,1.000,2,0,0,1,3,0,2,1,0.6666666666666666,0.0,0.0,1.0,0.8,0.19999999999999996,-1
"F[0,1]((BldPrSys <= 105.749 & NumPumpBolusOrShortAct >= 0.053) & bmiPerc >= 1.668)
",-9999999.000,-9999999.000,0.000,0.000,1.000,2,0,0,1,3,0,2,1,0.6666666666666666,0.0,0.0,1.0,0.8,0.19999999999999996,-1
"((BGTestAvgNumMeter >= 0.655) U[0,1] (BGTestAvgNumPtRep <= 5.439))
",-9999999.000,-9999999.000,0.000,0.000,1.000,2,0,0,1,3,0,2,1,0.6666666666666666,0.0,0.0,1.0,0.8,0.19999999999999996,-1
"F[0,1](((Pt_SHFlg >= 0.000 | TSH <= 2.282) | TotChol >= 0.007) -> TotalDailyInsPerKg >= 0.779)
",-9999999.000,-9999999.000,0.000,0.000,1.000,2,0,0,1,3,0,2,1,0.6666666666666666,0.0,0.0,1.0,0.8,0.19999999999999996,-1
"F[1,1](((Pt_SiblingT1D >= 0.000 -> Pt_A1cGoalLevelDsYr5 >= 0.000) & TSH <= 0.000) & BGTestAvgNumPtRep >= 0.000)
",0.000,0.000,0.000,0.000,1.000,2,0,0,1,3,0,2,1,0.6666666666666666,0.0,0.0,1.0,0.8,0.19999999999999996,-1
"((BGTestAvgNumMeter >= 0.998) U[1,1] (Triglyc <= 31.338))
",31.338,31.338,0.000,0.000,1.000,2,0,0,1,3,0,2,1,0.6666666666666666,0.0,0.0,1.0,0.8,0.19999999999999996,-1
"F[0,1]((Pt_SiblingT1D <= 0.000 & diabDur >= 50.621) & SMBGperDayPtMeterCombo >= 50.378)
",-9999999.000,-9999999.000,0.000,0.000,1.000,2,0,0,1,3,0,2,1,0.6666666666666666,0.0,0.0,1.0,0.8,0.19999999999999996,-1
"F[1,1](((bmi <= 23.994 & BUN >= 11.110) & DirectLDL <= 21.939) & diagAgeCombo >= 16.139)
",-16.139,-16.139,0.000,0.000,1.000,2,0,0,1,3,0,2,1,0.6666666666666666,0.0,0.0,1.0,0.8,0.19999999999999996,-1
"((BGTestAvgNumPtRep >= 0.697) U[0,0] (UnitsInsBasalOrLongAct <= 9.965))
",9.965,9.965,0.000,0.000,1.000,2,0,0,1,3,0,2,1,0.6666666666666666,0.0,0.0,1.0,0.8,0.19999999999999996,-1
"G[1,1](GFR <= 0.000 -> BUN >= 14.605)
",0.000,0.000,0.000,1.000,0.000,2,0,1,0,2,1,3,0,1.0,0.0,1.0,0.6666666666666666,0.8,0.19999999999999996,1
"G[0,1]((HeightCm >= 177.988 | NumPumpBolusOrShortAct <= 6.279) & TotChol >= 0.848)
",9999999.000,9999999.000,0.000,1.000,0.000,2,0,1,0,2,1,3,0,1.0,0.0,1.0,0.6666666666666666,0.8,0.19999999999999996,1
"G[1,1]((WeightKg >= 72.205 | bmi >= 22.339) -> UnitsInsBasalOrLongAct <= 11.244)
",-11.244,-11.244,0.000,1.000,0.000,2,0,1,0,2,1,3,0,1.0,0.0,1.0,0.6666666666666666,0.8,0.19999999999999996,1
"G[0,1]((diagAgeCombo >= 13.000 & SMBGperDayPtMeterCombo >= 6.763) | Pt_GrandchildT1D <= 6.838)
",9999999.000,9999999.000,0.000,1.000,0.000,2,0,1,0,2,1,3,0,1.0,0.0,1.0,0.6666666666666666,0.8,0.19999999999999996,1
"G[0,0](((BldPrDia <= 61.365 & NumPumpBolusOrShortAct >= 1.549) | BGTestAvgNumMeter <= 3.537) & bmi >= 3.133)
",-13.925,-6.963,0.000,1.000,0.000,2,0,0,1,3,0,2,1,0.6666666666666666,0.0,0.0,1.0,0.8,0.19999999999999996,1
"G[0,1](Pt_SiblingT1D <= 0.000 -> Pt_SHFlg = 0.000)
",9999999.000,9999999.000,0.000,1.000,0.000,2,0,1,0,2,1,3,0,1.0,0.0,1.0,0.6666666666666666,0.8,0.19999999999999996,1
"G[0,1](((UnitsInsBasalOrLongAct >= 8.472 & BldPrDia >= 51.312) & Pt_ChildT1D >= 56.677) -> Pt_A1cGoalLev >= 54.133)
",9999999.000,9999999.000,0.000,1.000,0.000,2,0,1,0,2,1,3,0,1.0,0.0,1.0,0.6666666666666666,0.8,0.19999999999999996,1
"G[0,1]((HbA1c <= 6.754 -> HDL >= 35.878) | Pt_CGMUseNumDays <= 58.027)
",9999999.000,9999999.000,0.000,1.000,0.000,2,0,1,0,2,1,3,0,1.0,0.0,1.0,0.6666666666666666,0.8,0.19999999999999996,1
"G[0,1]((BldPrDia >= 56.725 -> BUN >= 13.942) | HbA1cImputeDtMnC >= 7.257)
",9999999.000,9999999.000,0.000,1.000,0.000,2,0,1,0,2,1,3,0,1.0,0.0,1.0,0.6666666666666666,0.8,0.19999999999999996,1
"G[0,1](((SMBGperDayPtMeterCombo >= 6.667 & WeightKg <= 78.975) -> Pt_CGMUseNumDays >= 75.832) -> HDL <= 78.994)
",9999999.000,9999999.000,0.000,1.000,0.000,2,0,1,0,2,1,3,0,1.0,0.0,1.0,0.6666666666666666,0.8,0.19999999999999996,1
"G[1,1](((BGTestAvgNumMeter <= 6.167 -> NumPumpBolusOrShortAct >= 2.670) & TotChol >= 2.307) | Pt_GrandparentT1D <= 5.757)
",5.757,5.757,0.000,1.000,0.000,2,0,1,0,2,1,3,0,1.0,0.0,1.0,0.6666666666666666,0.8,0.19999999999999996,1
"G[0,1](((BUN >= 15.278 -> HbA1cImputeDtMnC <= 32.884) & WeightKg >= 4.101) -> age >= 8.241)
",9999999.000,9999999.000,0.000,1.000,0.000,2,0,1,0,2,1,3,0,1.0,0.0,1.0,0.6666666666666666,0.8,0.19999999999999996,1
"G[0,0](BGTestAvgNumMeter <= 6.750 -> NumPumpBolusOrShortAct <= 3.778)
",-3.778,-3.778,0.000,1.000,0.000,2,0,0,1,3,0,2,1,0.6666666666666666,0.0,0.0,1.0,0.8,0.19999999999999996,1
"G[0,1](Pt_FatherT1D <= 0.000 & Pt_SHFlg = 0.000)
",9999999.000,9999999.000,0.000,1.000,0.000,2,0,1,0,2,1,3,0,1.0,0.0,1.0,0.6666666666666666,0.8,0.19999999999999996,1
"G[0,1](BGTestAvgNumMeter <= 2.795 | diabDur <= 52.137)
",9999999.000,9999999.000,0.000,1.000,0.000,2,0,0,1,3,0,2,1,0.6666666666666666,0.0,0.0,1.0,0.8,0.19999999999999996,1
"G[0,0](BGTestAvgNumMeter >= 0.082 -> TotalDailyInsPerKg >= 0.389)
",-102.221,-51.111,0.000,1.000,0.000,2,0,0,1,3,0,2,1,0.6666666666666666,0.0,0.0,1.0,0.8,0.19999999999999996,1
"G[1,1](SMBGperDayPtMeterCombo <= 6.842 -> NumPumpBolusOrShortAct >= 1.327)
",-6.842,-6.842,0.000,1.000,0.000,2,0,1,0,2,1,3,0,1.0,0.0,1.0,0.6666666666666666,0.8,0.19999999999999996,1
"G[0,0](age >= 63.281 | bmi >= 23.560)
",-23.560,-23.560,0.000,1.000,0.000,2,0,0,1,3,0,2,1,0.6666666666666666,0.0,0.0,1.0,0.8,0.19999999999999996,1
"G[1,1]((BGTestAvgNumPtRep >= 1.956 -> HbA1c >= 6.552) -> bmi >= 6.358)
",-1.956,-1.956,0.000,1.000,0.000,2,0,1,0,2,1,3,0,1.0,0.0,1.0,0.6666666666666666,0.8,0.19999999999999996,1
"G[1,1](Pt_DKAFlg >= 0.000 -> GFR >= 0.000)
",0.000,0.000,0.000,1.000,0.000,2,0,1,0,2,1,3,0,1.0,0.0,1.0,0.6666666666666666,0.8,0.19999999999999996,1
"G[0,1](TotChol <= 156.901 | Pt_A1cGoalLevelDsYr5 <= 0.000)
",9999999.000,9999999.000,0.000,1.000,0.000,2,0,1,0,2,1,3,0,1.0,0.0,1.0,0.6666666666666666,0.8,0.19999999999999996,1
"G[0,1]((AutonomicNeuroCl <= 1.000 -> bmiPerc >= 0.000) & bmiPerc >= 0.000)
",9999999.000,9999999.000,0.000,1.000,0.000,2,0,1,0,2,1,3,0,1.0,0.0,1.0,0.6666666666666666,0.8,0.19999999999999996,1
"G[0,1]((TotChol >= 140.331 & Triglyc >= 14.064) | Pt_InsGov <= 44.193)
",9999999.000,9999999.000,0.000,1.000,0.000,2,0,1,0,2,1,3,0,1.0,0.0,1.0,0.6666666666666666,0.8,0.19999999999999996,1
"G[0,1](NumPumpBolusOrShortAct > 1.460 -> Pt_SHFlg = 0.000)
",9999999.000,9999999.000,0.000,1.000,0.000,2,0,1,0,2,1,3,0,1.0,0.0,1.0,0.6666666666666666,0.8,0.19999999999999996,1
"G[0,1](AutonomicNeuroCl <= 1.000 | SMBGperDayPtMeterCombo >= 6.650)
",9999999.000,9999999.000,0.000,1.000,0.000,2,0,1,0,2,1,3,0,1.0,0.0,1.0,0.6666666666666666,0.8,0.19999999999999996,1
"G[0,1](Pt_SiblingT1D <= 0.000 -> Pt_SHFlg = 0.000)
",9999999.000,9999999.000,0.000,1.000,0.000,2,0,1,0,2,1,3,0,1.0,0.0,1.0,0.6666666666666666,0.8,0.19999999999999996,1
"G[0,0](GFR <= 0.000 -> BUN >= 12.356)
",-1.049,-16.204,0.000,1.000,0.000,2,0,0,1,3,0,2,1,0.6666666666666666,0.0,0.0,1.0,0.8,0.19999999999999996,1
"G[0,1](((LDL >= 22.493 & TotChol <= 152.687) & UnitsInsBasalOrLongAct <= 154.150) -> Pt_GrandchildT1D <= 149.933)
",9999999.000,9999999.000,0.000,1.000,0.000,2,0,1,0,2,1,3,0,1.0,0.0,1.0,0.6666666666666666,0.8,0.19999999999999996,1
"G[1,1](GFR <= 0.000 -> BUN >= 9.149)
",0.000,0.000,0.000,1.000,0.000,2,0,1,0,2,1,3,0,1.0,0.0,1.0,0.6666666666666666,0.8,0.19999999999999996,1
"G[1,1](SMBGperDayPtMeterCombo >= 6.278 & BGTestAvgNumPtRep >= 2.460)
",-6.278,-6.278,0.000,1.000,0.000,2,0,1,0,2,1,3,0,1.0,0.0,1.0,0.6666666666666666,0.8,0.19999999999999996,1
"G[0,0](GFR <= 0.000 -> BUN >= 15.977)
",-1.056,-14.393,0.000,1.000,0.000,2,0,0,1,3,0,2,1,0.6666666666666666,0.0,0.0,1.0,0.8,0.19999999999999996,1
"G[0,1]((BGTestAvgNumMeter >= 0.675 -> TSH <= 1.786) | HbA1cImputeDtMnC >= 0.716)
",9999999.000,9999999.000,0.000,1.000,0.000,2,0,1,0,2,1,3,0,1.0,0.0,1.0,0.6666666666666666,0.8,0.19999999999999996,1
"G[0,1](GFR <= 0.000 -> BUN >= 12.135)
",9999999.000,9999999.000,0.000,1.000,0.000,2,0,0,1,3,0,2,1,0.6666666666666666,0.0,0.0,1.0,0.8,0.19999999999999996,1
"G[0,1](((SMBGperDayPtMeterCombo >= 6.612 -> Pt_A1cGoalLev <= 0.000) | Pt_FatherT1D <= 0.000) -> Pt_A1cGoalLevelDsYr5 >= 0.000)
",9999999.000,9999999.000,0.000,1.000,0.000,2,0,1,0,2,1,3,0,1.0,0.0,1.0,0.6666666666666666,0.8,0.19999999999999996,1
"G[0,1]((BUN >= 11.201 | LDL <= 30.966) | HbA1cImputeDtMnC >= 17.978)
",9999999.000,9999999.000,0.000,1.000,0.000,2,0,1,0,2,1,3,0,1.0,0.0,1.0,0.6666666666666666,0.8,0.19999999999999996,1
"G[1,1](((bmi <= 24.624 -> Pt_GrandparentT1D <= 0.000) & bmiPerc <= 0.000) | BGTestAvgNumMeter <= 0.000)
",0.000,0.000,0.000,1.000,0.000,2,0,1,0,2,1,3,0,1.0,0.0,1.0,0.6666666666666666,0.8,0.19999999999999996,1
"G[1,1]((age <= 66.609 & GFR >= 0.000) -> DirectLDL >= 0.000)
",0.000,0.000,0.000,1.000,0.000,2,0,1,0,2,1,3,0,1.0,0.0,1.0,0.6666666666666666,0.8,0.19999999999999996,1
"G[0,1](TotChol >= 141.981 -> Pt_SiblingT1D >= 0.000)
",9999999.000,9999999.000,0.000,1.000,0.000,2,0,1,0,2,1,3,0,1.0,0.0,1.0,0.6666666666666666,0.8,0.19999999999999996,1
"G[0,1](diagAgeCombo >= 13.000 & Pt_SHFlg = 0.000)
",9999999.000,9999999.000,0.000,1.000,0.000,2,0,1,0,2,1,3,0,1.0,0.0,1.0,0.6666666666666666,0.8,0.19999999999999996,1
"G[0,1]((bmi >= 23.275 & TotalDailyInsPerKg <= 0.536) -> TotChol >= 0.359)
",9999999.000,9999999.000,0.000,1.000,0.000,2,0,1,0,2,1,3,0,1.0,0.0,1.0,0.6666666666666666,0.8,0.19999999999999996,1
"G[0,1](((Pt_A1cGoalLevelDsYr5 >= 0.000 | SMBGperDayPtMeterCombo >= 6.621) -> BldPrDia <= 6.924) -> TotChol <= 6.951)
",9999999.000,9999999.000,0.000,1.000,0.000,2,0,1,0,2,1,3,0,1.0,0.0,1.0,0.6666666666666666,0.8,0.19999999999999996,1
"G[0,1]((Pt_ChildT1D >= 0.000 | bmiPerc <= 0.000) -> Pt_A1cGoalLevelDsYr5 >= 0.000)
",9999999.000,9999999.000,0.000,1.000,0.000,2,0,1,0,2,1,3,0,1.0,0.0,1.0,0.6666666666666666,0.8,0.19999999999999996,1
"G[1,1](((Triglyc >= 9.088 | TSH <= 1.640) -> GFR <= 1.417) | SMBGperDayPtMeterCombo >= 0.784)
",-0.784,-0.784,0.000,1.000,0.000,2,0,1,0,2,1,3,0,1.0,0.0,1.0,0.6666666666666666,0.8,0.19999999999999996,1
"G[0,1](((BldPrSys >= 103.364 -> HDL >= 13.150) & HeightCm <= 65.381) -> HbA1cImputeDtMnC >= 26.869)
",9999999.000,9999999.000,0.000,1.000,0.000,2,0,1,0,2,1,3,0,1.0,0.0,1.0,0.6666666666666666,0.8,0.19999999999999996,1
"G[1,1]((Pt_A1cGoalLevelDsYr5 <= 0.000 -> Pt_SHFlg <= 0.000) | Pt_GrandchildT1D <= 0.000)
",0.000,0.000,0.000,1.000,0.000,2,0,1,0,2,1,3,0,1.0,0.0,1.0,0.6666666666666666,0.8,0.19999999999999996,1
"F[0,1](((TSH <= 2.341 -> diagAgeCombo >= 13.000) & HbA1cImputeDtMnC >= 13.000) | TotalDailyInsPerKg >= 13.000)
",-9999999.000,-9999999.000,0.000,0.000,1.000,1,0,0,2,3,0,1,2,0.3333333333333333,0.0,0.0,1.0,0.4,0.6,-1
"F[1,1](bmiZscore >= -1.116 -> bmiZscore <= -0.887)
",-1.116,-1.116,0.000,0.000,1.000,1,0,0,2,3,0,1,2,0.3333333333333333,0.0,0.0,1.0,0.4,0.6,-1
"((HeightCm >= 178.172) U[1,2] (Pt_CGMUseNumDays <= 12.887))
",-9999999.000,-9999999.000,0.000,0.000,1.000,1,0,0,2,3,0,1,2,0.3333333333333333,0.0,0.0,1.0,0.4,0.6,-1
"F[1,1](BGTestAvgNumMeter <= 5.306 & diabDur <= 51.509)
",5.306,5.306,0.000,0.000,1.000,1,0,0,2,3,0,1,2,0.3333333333333333,0.0,0.0,1.0,0.4,0.6,-1
"((HeightCm < 178.557) U[1,2] (Pt_SHFlg = 0.000))
",-9999999.000,-9999999.000,0.000,0.000,1.000,1,0,0,2,3,0,1,2,0.3333333333333333,0.0,0.0,1.0,0.4,0.6,-1
"F[0,1]((BldPrSys <= 105.432 -> bmiZscore <= -0.766) -> Triglyc <= -0.751)
",-9999999.000,-9999999.000,0.000,0.000,1.000,1,0,0,2,3,0,1,2,0.3333333333333333,0.0,0.0,1.0,0.4,0.6,-1
"((HbA1cImputeDtMnC <= 29.430) U[0,1] (LDL >= 25.725))
",-9999999.000,-9999999.000,0.000,0.000,1.000,1,0,0,2,3,0,1,2,0.3333333333333333,0.0,0.0,1.0,0.4,0.6,-1
"((BldPrDia <= 57.428) U[0,1] (bmi <= 23.989))
",-9999999.000,-9999999.000,0.000,0.000,1.000,1,0,0,2,3,0,1,2,0.3333333333333333,0.0,0.0,1.0,0.4,0.6,-1
"F[0,0](WeightKg <= 78.975 | diabDur <= 52.366)
",71.975,71.975,0.000,0.000,1.000,1,0,0,2,3,0,1,2,0.3333333333333333,0.0,0.0,1.0,0.4,0.6,-1
"F[0,0]((BldPrSys <= 105.048 | Pt_A1cGoalLevelDsYr5 <= 0.000) & Pt_CGMUseNumDays <= 0.000)
",-29862.000,-29862.000,0.000,0.000,1.000,1,0,0,2,3,0,1,2,0.3333333333333333,0.0,0.0,1.0,0.4,0.6,-1
"((BldPrSys >= 103.080) U[1,2] (Pt_SHFlg = 0.000))
",-9999999.000,-9999999.000,0.000,0.000,1.000,1,0,0,2,3,0,1,2,0.3333333333333333,0.0,0.0,1.0,0.4,0.6,-1
"F[1,1](((Pt_A1cGoalLevelDsYr5 <= 0.000 -> HDL >= 28.681) & HbA1cImputeDtMnC >= 28.036) -> bmi >= 56.742)
",28.036,28.036,0.000,0.000,1.000,1,0,0,2,3,0,1,2,0.3333333333333333,0.0,0.0,1.0,0.4,0.6,-1
"((TotChol >= 142.929) U[1,2] (Pt_SHFlg = 0.000))
",-9999999.000,-9999999.000,0.000,0.000,1.000,1,0,0,2,3,0,1,2,0.3333333333333333,0.0,0.0,1.0,0.4,0.6,-1
"F[0,0]((HbA1c <= 6.770 -> HbA1cImputeDtMnC <= 24.509) & LDL <= 36.238)
",-21.509,-21.509,0.000,0.000,1.000,1,0,0,2,3,0,1,2,0.3333333333333333,0.0,0.0,1.0,0.4,0.6,-1
"F[0,1](SMBGperDayPtMeterCombo < 6.988 & Pt_SHFlg = 0.000)
",-9999999.000,-9999999.000,0.000,0.000,1.000,1,0,0,2,3,0,1,2,0.3333333333333333,0.0,0.0,1.0,0.4,0.6,-1
"F[1,1](BGTestAvgNumMeter <= 3.291 & BldPrDia >= 52.568)
",-52.568,-52.568,0.000,0.000,1.000,1,0,0,2,3,0,1,2,0.3333333333333333,0.0,0.0,1.0,0.4,0.6,-1
"((Pt_CGMUseNumDays <= 14.282) U[0,0] (Triglyc >= 17.548))
",125.452,125.452,0.000,0.000,1.000,1,0,0,2,3,0,1,2,0.3333333333333333,0.0,0.0,1.0,0.4,0.6,-1
"((Triglyc <= 30.834) U[1,2] (Pt_SHFlg >= 0.000))
",-9999999.000,-9999999.000,0.000,0.000,1.000,1,0,0,2,3,0,1,2,0.3333333333333333,0.0,0.0,1.0,0.4,0.6,-1
"((BGTestAvgNumMeter >= 0.739) U[0,1] (BGTestAvgNumPtRep <= 6.448))
",-9999999.000,-9999999.000,0.000,0.000,1.000,1,0,0,2,3,0,1,2,0.3333333333333333,0.0,0.0,1.0,0.4,0.6,-1
"((BldPrSys >= 103.700) U[1,2] (Pt_ChildT1D >= 0.000))
",-9999999.000,-9999999.000,0.000,0.000,1.000,1,0,0,2,3,0,1,2,0.3333333333333333,0.0,0.0,1.0,0.4,0.6,-1
"F[1,1]((bmi >= 22.642 & Pt_SiblingT1D <= 0.000) & LDL >= 0.000)
",-22.642,-22.642,0.000,0.000,1.000,1,0,0,2,3,0,1,2,0.3333333333333333,0.0,0.0,1.0,0.4,0.6,-1
"((Triglyc <= 30.468) U[1,2] (TotChol >= 137.037))
",-9999999.000,-9999999.000,0.000,0.000,1.000,1,0,0,2,3,0,1,2,0.3333333333333333,0.0,0.0,1.0,0.4,0.6,-1
"F[1,1](((BldPrSys >= 103.425 & Pt_CGMUseNumDays <= 16.763) | Pt_MotherT1D >= 2.714) -> bmiZscore >= 0.883)
",0.883,0.883,0.000,0.000,1.000,1,0,0,2,3,0,1,2,0.3333333333333333,0.0,0.0,1.0,0.4,0.6,-1
"((diabDur >= 50.951) U[1,2] (Pt_SHFlg <= 0.000))
",-9999999.000,-9999999.000,0.000,0.000,1.000,1,0,0,2,3,0,1,2,0.3333333333333333,0.0,0.0,1.0,0.4,0.6,-1
"((BGTestAvgNumMeter >= 0.983) U[1,2] (bmi <= 23.972))
",-9999999.000,-9999999.000,0.000,0.000,1.000,1,0,0,2,3,0,1,2,0.3333333333333333,0.0,0.0,1.0,0.4,0.6,-1
"F[0,0](LDL <= 43.462 & TotalDailyInsPerKg <= 0.474)
",-102.052,-51.026,0.000,0.000,1.000,1,0,0,2,3,0,1,2,0.3333333333333333,0.0,0.0,1.0,0.4,0.6,-1
"F[1,1](BldPrDia >= 51.789 -> TotalDailyInsPerKg <= 0.534)
",-0.534,-0.534,0.000,0.000,1.000,1,0,0,2,3,0,1,2,0.3333333333333333,0.0,0.0,1.0,0.4,0.6,-1
"F[0,1]((diabDur <= 51.483 & HbA1c <= 6.813) & Pt_GrandchildT1D <= 6.732)
",-9999999.000,-9999999.000,0.000,0.000,1.000,1,0,0,2,3,0,1,2,0.3333333333333333,0.0,0.0,1.0,0.4,0.6,-1
"((BldPrSys >= 103.743) U[1,1] (Triglyc <= 29.823))
",29.823,29.823,0.000,0.000,1.000,1,0,0,2,3,0,1,2,0.3333333333333333,0.0,0.0,1.0,0.4,0.6,-1
"((BldPrSys >= 104.560) U[1,2] (TotChol <= 154.635))
",-9999999.000,-9999999.000,0.000,0.000,1.000,1,0,0,2,3,0,1,2,0.3333333333333333,0.0,0.0,1.0,0.4,0.6,-1
"F[0,1](((TotChol <= 152.445 & TSH <= 1.441) & Triglyc <= 1.746) | TotChol <= 1.582)
",-9999999.000,-9999999.000,0.000,0.000,1.000,1,0,0,2,3,0,1,2,0.3333333333333333,0.0,0.0,1.0,0.4,0.6,-1
"F[1,1](HeightCm >= 178.131 | WeightKg <= 76.626)
",76.626,76.626,0.000,0.000,1.000,1,0,0,2,3,0,1,2,0.3333333333333333,0.0,0.0,1.0,0.4,0.6,-1
"((HeightCm <= 178.343) U[0,1] (HeightCm >= 178.043))
",-9999999.000,-9999999.000,0.000,0.000,1.000,1,0,0,2,3,0,1,2,0.3333333333333333,0.0,0.0,1.0,0.4,0.6,-1
"((HeightCm >= 177.894) U[1,1] (Pt_GrandparentT1D <= 0.000))
",0.000,0.000,0.000,0.000,1.000,1,0,0,2,3,0,1,2,0.3333333333333333,0.0,0.0,1.0,0.4,0.6,-1
"((bmiZscore >= -1.145) U[0,1] (HeightCm <= 178.595))
",-9999999.000,-9999999.000,0.000,0.000,1.000,1,0,0,2,3,0,1,2,0.3333333333333333,0.0,0.0,1.0,0.4,0.6,-1
"F[0,1](((bmiZscore >= -1.182 & Pt_CGMUseNumDays >= 3.488) & diabDur >= 2.785) | GFR >= 1.872)
",-9999999.000,-9999999.000,0.000,0.000,1.000,1,0,0,2,3,0,1,2,0.3333333333333333,0.0,0.0,1.0,0.4,0.6,-1
"F[1,1]((diabDur <= 52.820 -> HDL <= 74.972) -> Pt_ChildT1D >= 26.865)
",26.865,26.865,0.000,0.000,1.000,1,0,0,2,3,0,1,2,0.3333333333333333,0.0,0.0,1.0,0.4,0.6,-1
"F[0,0](TotChol <= 150.251 | BGTestAvgNumPtRep <= 5.819)
",15.650,78.251,0.000,0.000,1.000,1,0,0,2,3,0,1,2,0.3333333333333333,0.0,0.0,1.0,0.4,0.6,-1
"F[0,1]((BGTestAvgNumMeter >= 0.174 | Pt_CGMUseNumDays <= 19.695) -> HeightCm <= 7.605)
",-9999999.000,-9999999.000,0.000,0.000,1.000,1,0,0,2,3,0,1,2,0.3333333333333333,0.0,0.0,1.0,0.4,0.6,-1
"G[0,0](((BldPrSys >= 102.264 & Pt_CGMUseNumDays <= 5.125) & bmi <= 12.640) | BGTestAvgNumMeter >= 2.164)
",16.671,8.336,0.000,1.000,0.000,1,0,0,2,3,0,1,2,0.3333333333333333,0.0,0.0,1.0,0.4,0.6,1
"G[1,1](((BGTestAvgNumMeter <= 6.013 & BGTestAvgNumPtRep >= 2.364) & LDL <= 6.023) & BGTestAvgNumPtRep >= 5.123)
",-5.123,-5.123,0.000,1.000,0.000,1,0,1,1,2,1,2,1,0.5,0.0,1.0,0.5,0.4,0.6,1
"G[1,1]((Pt_A1cGoalLevelDsYr5 >= 0.000 -> BldPrDia >= 50.041) & AutonomicNeuroCl <= 57.848)
",0.000,0.000,0.000,1.000,0.000,1,0,1,1,2,1,2,1,0.5,0.0,1.0,0.5,0.4,0.6,1
"G[0,1]((BGTestAvgNumPtRep >= 2.912 -> diabDur <= 51.471) | bmiPerc >= 51.321)
",9999999.000,9999999.000,0.000,1.000,0.000,1,0,1,1,2,1,2,1,0.5,0.0,1.0,0.5,0.4,0.6,1
"G[0,1]((HDL >= 47.030 -> TotChol >= 143.374) & BldPrDia <= 149.157)
",9999999.000,9999999.000,0.000,1.000,0.000,1,0,1,1,2,1,2,1,0.5,0.0,1.0,0.5,0.4,0.6,1
"G[0,0]((BUN >= 14.844 -> UnitsInsBasalOrLongAct <= 10.954) & LDL >= 2.169)
",-2.204,-20.055,0.000,1.000,0.000,1,0,0,2,3,0,1,2,0.3333333333333333,0.0,0.0,1.0,0.4,0.6,1
"G[1,1](((BGTestAvgNumMeter <= 1.747 -> SMBGperDayPtMeterCombo <= 6.858) & Pt_GrandchildT1D <= 6.910) | LDL <= 6.841)
",6.841,6.841,0.000,1.000,0.000,1,0,1,1,2,1,2,1,0.5,0.0,1.0,0.5,0.4,0.6,1
"G[0,0](TotalDailyInsPerKg <= 0.501 -> UnitsInsBasalOrLongAct <= 10.767)
",-10.767,-10.767,0.000,1.000,0.000,1,0,0,2,3,0,1,2,0.3333333333333333,0.0,0.0,1.0,0.4,0.6,1
"G[0,1]((WeightKg >= 73.737 | bmi >= 23.636) -> UnitsInsBasalOrLongAct <= 10.183)
",9999999.000,9999999.000,0.000,1.000,0.000,1,0,0,2,3,0,1,2,0.3333333333333333,0.0,0.0,1.0,0.4,0.6,1
"G[0,0](SMBGperDayPtMeterCombo >= 6.017 & BGTestAvgNumPtRep >= 4.144)
",-4.144,-4.144,0.000,1.000,0.000,1,0,0,2,3,0,1,2,0.3333333333333333,0.0,0.0,1.0,0.4,0.6,1
"G[1,1](((Pt_InsGov <= 0.000 & LDL >= 22.751) & TSH <= 49.004) & DirectLDL <= 44.073)
",-22.751,-22.751,0.000,1.000,0.000,1,0,1,1,2,1,2,1,0.5,0.0,1.0,0.5,0.4,0.6,1
"G[1,1](BldPrSys > 104.789 & Pt_SHFlg = 0.000)
",-104.789,-104.789,0.000,1.000,0.000,1,0,1,1,2,1,2,1,0.5,0.0,1.0,0.5,0.4,0.6,1
"G[0,0](HbA1cImputeDtMnC >= 3.576 -> TSH >= 1.020)
",-5.980,-5.980,0.000,1.000,0.000,1,0,0,2,3,0,1,2,0.3333333333333333,0.0,0.0,1.0,0.4,0.6,1
"G[1,1](TotalDailyInsPerKg <= 0.432 & HbA1c <= 6.842)
",0.432,0.432,0.000,1.000,0.000,1,0,1,1,2,1,2,1,0.5,0.0,1.0,0.5,0.4,0.6,1
"G[0,1](SMBGperDayPtMeterCombo >= 6.063 & BGTestAvgNumPtRep >= 0.422)
",9999999.000,9999999.000,0.000,1.000,0.000,1,0,0,2,3,0,1,2,0.3333333333333333,0.0,0.0,1.0,0.4,0.6,1
"G[0,1](BldPrDia <= 59.289 | HeightCm <= 178.420)
",9999999.000,9999999.000,0.000,1.000,0.000,1,0,1,1,2,1,2,1,0.5,0.0,1.0,0.5,0.4,0.6,1
"G[0,1](SMBGperDayPtMeterCombo >= 6.679 & BGTestAvgNumPtRep >= 0.946)
",9999999.000,9999999.000,0.000,1.000,0.000,1,0,0,2,3,0,1,2,0.3333333333333333,0.0,0.0,1.0,0.4,0.6,1
"G[0,1]((WeightKg >= 73.097 | bmi >= 23.746) -> UnitsInsBasalOrLongAct <= 10.139)
",9999999.000,9999999.000,0.000,1.000,0.000,1,0,0,2,3,0,1,2,0.3333333333333333,0.0,0.0,1.0,0.4,0.6,1
"G[0,1]((Pt_GrandparentT1D <= 0.000 -> UnitsInsBasalOrLongAct >= 7.124) & Pt_MotherT1D <= 9.965)
",9999999.000,9999999.000,0.000,1.000,0.000,1,0,1,1,2,1,2,1,0.5,0.0,1.0,0.5,0.4,0.6,1
"G[0,0](BldPrSys <= 106.536 -> TSH >= 0.107)
",-106.536,-106.536,0.000,1.000,0.000,1,0,0,2,3,0,1,2,0.3333333333333333,0.0,0.0,1.0,0.4,0.6,1
"G[0,1]((WeightKg >= 71.540 | bmi >= 23.177) -> UnitsInsBasalOrLongAct <= 9.080)
",9999999.000,9999999.000,0.000,1.000,0.000,1,0,0,2,3,0,1,2,0.3333333333333333,0.0,0.0,1.0,0.4,0.6,1
"G[0,0](((Pt_A1cGoalLevelDsYr5 >= 0.000 -> diabDur <= 52.800) & LDL <= 52.893) -> BGTestAvgNumMeter >= 50.943)
",0.000,0.000,0.000,1.000,0.000,1,0,0,2,3,0,1,2,0.3333333333333333,0.0,0.0,1.0,0.4,0.6,1
"G[0,1](SMBGperDayPtMeterCombo >= 6.721 & BGTestAvgNumPtRep >= 4.970)
",9999999.000,9999999.000,0.000,1.000,0.000,1,0,0,2,3,0,1,2,0.3333333333333333,0.0,0.0,1.0,0.4,0.6,1
"F[0,2]((BUN <= 24.829 | Pt_SHFlg <= 0.000) -> TSH <= 0.000)
",-9999999.000,-9999999.000,0.000,0.000,1.000,0,0,0,3,3,0,0,3,0.0,0.0,0.0,0.0,0.0,1.0,-1
"F[0,2]((Pt_SHFlg <= 0.000 & HbA1cImputeDtMnC >= 17.453) -> Pt_SiblingT1D <= 25.697)
",-9999999.000,-9999999.000,0.000,0.000,1.000,0,0,0,3,3,0,0,3,0.0,0.0,0.0,0.0,0.0,1.0,-1
"F[2,2]((HeightCm >= 178.152 | Pt_MotherT1D <= 0.000) & age >= 0.000)
",0.000,0.000,0.000,0.000,1.000,0,0,0,3,3,0,0,3,0.0,0.0,0.0,0.0,0.0,1.0,-1
"F[2,2](((BldPrDia <= 58.859 & GFR <= 0.000) | BGTestAvgNumMeter <= 0.000) & bmi >= 0.000)
",0.000,0.000,0.000,0.000,1.000,0,0,0,3,3,0,0,3,0.0,0.0,0.0,0.0,0.0,1.0,-1
"F[0,0](BGTestAvgNumPtRep >= 0.276 | Pt_A1cGoalLevelDsYr5 >= 0.000)
",0.000,0.000,0.000,0.000,1.000,0,0,0,3,3,0,0,3,0.0,0.0,0.0,0.0,0.0,1.0,-1
"F[1,2]((WeightKg <= 79.070 & Pt_SiblingT1D <= 0.000) | LDL <= 0.000)
",-9999999.000,-9999999.000,0.000,0.000,1.000,0,0,0,3,3,0,0,3,0.0,0.0,0.0,0.0,0.0,1.0,-1
"F[0,2](((GFR >= 0.000 -> HeightCm <= 178.966) & Pt_InsGov >= 178.169) | Pt_GrandchildT1D >= 177.867)
",-9999999.000,-9999999.000,0.000,0.000,1.000,0,0,0,3,3,0,0,3,0.0,0.0,0.0,0.0,0.0,1.0,-1
"F[0,2]((bmiPerc >= 0.000 & UnitsInsBasalOrLongAct >= 6.001) | HbA1cImputeDtMnC <= 11.344)
",-9999999.000,-9999999.000,0.000,0.000,1.000,0,0,0,3,3,0,0,3,0.0,0.0,0.0,0.0,0.0,1.0,-1
"((NumPumpBolusOrShortAct >= 2.289) U[0,1] (Pt_A1cGoalLev >= 0.000))
",-9999999.000,-9999999.000,0.000,0.000,1.000,0,0,0,3,3,0,0,3,0.0,0.0,0.0,0.0,0.0,1.0,-1
"F[0,2](((Pt_InsGov >= 0.000 -> Triglyc >= 18.932) -> Pt_InsGov >= 12.920) & BldPrDia <= 39.451)
",-9999999.000,-9999999.000,0.000,0.000,1.000,0,0,0,3,3,0,0,3,0.0,0.0,0.0,0.0,0.0,1.0,-1
"F[1,2](Pt_ChildT1D <= 0.000 & UnitsInsBasalOrLongAct >= 3.322)
",-9999999.000,-9999999.000,0.000,0.000,1.000,0,0,0,3,3,0,0,3,0.0,0.0,0.0,0.0,0.0,1.0,-1
"F[2,2](((Pt_FatherT1D >= 0.000 -> Pt_MotherT1D <= 0.000) -> Pt_GrandparentT1D <= 0.000) -> WeightKg <= 0.000)
",0.000,0.000,0.000,0.000,1.000,0,0,0,3,3,0,0,3,0.0,0.0,0.0,0.0,0.0,1.0,-1
"F[1,2](((NumPumpBolusOrShortAct >= 0.777 & Pt_SHFlg >= 0.000) -> Pt_ChildT1D >= 0.000) -> Pt_FatherT1D >= 0.000)
",-9999999.000,-9999999.000,0.000,0.000,1.000,0,0,0,3,3,0,0,3,0.0,0.0,0.0,0.0,0.0,1.0,-1
"F[0,2]((Pt_A1cGoalLev <= 0.000 -> HeightCm <= 179.057) & Pt_CGMUseNumDays <= 178.418)
",-9999999.000,-9999999.000,0.000,0.000,1.000,0,0,0,3,3,0,0,3,0.0,0.0,0.0,0.0,0.0,1.0,-1
"F[1,2](diabDur < 52.810 & Pt_SHFlg = 0.000)
",-9999999.000,-9999999.000,0.000,0.000,1.000,0,0,0,3,3,0,0,3,0.0,0.0,0.0,0.0,0.0,1.0,-1
"F[1,2]((NumPumpBolusOrShortAct <= 5.633 & UnitsInsBasalOrLongAct >= 4.398) | BldPrDia >= 4.513)
",-9999999.000,-9999999.000,0.000,0.000,1.000,0,0,0,3,3,0,0,3,0.0,0.0,0.0,0.0,0.0,1.0,-1
"((diabDur <= 52.793) U[1,2] (NumPumpBolusOrShortAct >= 2.451))
",-9999999.000,-9999999.000,0.000,0.000,1.000,0,0,0,3,3,0,0,3,0.0,0.0,0.0,0.0,0.0,1.0,-1
"((HbA1cImputeDtMnC <= 21.138) U[2,2] (HeightCm >= 177.991))
",21.138,21.138,0.000,0.000,1.000,0,0,0,3,3,0,0,3,0.0,0.0,0.0,0.0,0.0,1.0,-1
"F[0,1]((age >= 64.486 -> diabDur >= 51.210) -> BGTestAvgNumPtRep <= 52.045)
",-9999999.000,-9999999.000,0.000,0.000,1.000,0,0,0,3,3,0,0,3,0.0,0.0,0.0,0.0,0.0,1.0,-1
"F[0,1](((SMBGperDayPtMeterCombo <= 6.953 & UnitsInsBasalOrLongAct <= 8.818) -> diagAgeCombo >= 5.083) -> bmi >= 5.387)
",-9999999.000,-9999999.000,0.000,0.000,1.000,0,0,0,3,3,0,0,3,0.0,0.0,0.0,0.0,0.0,1.0,-1
"F[0,1](bmi <= 24.556 -> WeightKg <= 76.635)
",-9999999.000,-9999999.000,0.000,0.000,1.000,0,0,0,3,3,0,0,3,0.0,0.0,0.0,0.0,0.0,1.0,-1
"F[0,1](GFR >= 0.000 & Pt_SHFlg = 0.000)
",-9999999.000,-9999999.000,0.000,0.000,1.000,0,0,0,3,3,0,0,3,0.0,0.0,0.0,0.0,0.0,1.0,-1
"F[0,2]((HbA1cImputeDtMnC <= 34.742 & NumPumpBolusOrShortAct <= 5.727) -> Pt_CGMUseNumDays >= 2.889)
",-9999999.000,-9999999.000,0.000,0.000,1.000,0,0,0,3,3,0,0,3,0.0,0.0,0.0,0.0,0.0,1.0,-1
"((Pt_CGMUseNumDays < 8.595) U[2,2] (Pt_SHFlg = 0.000))
",8.595,8.595,0.000,0.000,1.000,0,0,0,3,3,0,0,3,0.0,0.0,0.0,0.0,0.0,1.0,-1
"F[0,2]((HbA1cImputeDtMnC >= 0.710 & TotChol >= 140.362) & SMBGperDayPtMeterCombo <= 154.812)
",-9999999.000,-9999999.000,0.000,0.000,1.000,0,0,0,3,3,0,0,3,0.0,0.0,0.0,0.0,0.0,1.0,-1
"F[0,1](BGTestAvgNumMeter <= 4.584 & HbA1c <= 6.945)
",-9999999.000,-9999999.000,0.000,0.000,1.000,0,0,0,3,3,0,0,3,0.0,0.0,0.0,0.0,0.0,1.0,-1
"F[0,2](Pt_CGMUseNumDays <= 10.142 & Pt_SHFlg = 0.000)
",-9999999.000,-9999999.000,0.000,0.000,1.000,0,0,0,3,3,0,0,3,0.0,0.0,0.0,0.0,0.0,1.0,-1
"((age <= 66.166) U[0,1] (WeightKg <= 78.071))
",-9999999.000,-9999999.000,0.000,0.000,1.000,0,0,0,3,3,0,0,3,0.0,0.0,0.0,0.0,0.0,1.0,-1
"F[0,1]((bmi >= 23.311 & diabDur >= 50.462) | age >= 50.402)
",-9999999.000,-9999999.000,0.000,0.000,1.000,0,0,0,3,3,0,0,3,0.0,0.0,0.0,0.0,0.0,1.0,-1
"F[0,0](((BldPrDia >= 50.141 | HbA1cImputeDtMnC <= 27.937) -> diabDur >= 3.469) & BUN <= 38.908)
",-61.531,-61.531,0.000,0.000,1.000,0,0,0,3,3,0,0,3,0.0,0.0,0.0,0.0,0.0,1.0,-1
"F[0,2](((age <= 66.235 -> NumPumpBolusOrShortAct >= 2.265) & HDL >= 1.585) | BGTestAvgNumMeter >= 2.398)
",-9999999.000,-9999999.000,0.000,0.000,1.000,0,0,0,3,3,0,0,3,0.0,0.0,0.0,0.0,0.0,1.0,-1
"F[1,2](BGTestAvgNumMeter >= 0.577 -> age >= 64.142)
",-9999999.000,-9999999.000,0.000,0.000,1.000,0,0,0,3,3,0,0,3,0.0,0.0,0.0,0.0,0.0,1.0,-1
"F[0,1](BGTestAvgNumPtRep >= 2.063 -> BGTestAvgNumPtRep >= 2.522)
",-9999999.000,-9999999.000,0.000,0.000,1.000,0,0,0,3,3,0,0,3,0.0,0.0,0.0,0.0,0.0,1.0,-1
"((SMBGperDayPtMeterCombo <= 6.925) U[0,1] (Pt_GrandparentT1D >= 0.000))
",-9999999.000,-9999999.000,0.000,0.000,1.000,0,0,0,3,3,0,0,3,0.0,0.0,0.0,0.0,0.0,1.0,-1
"((GFR <= 0.000) U[0,0] (Pt_SiblingT1D >= 0.000))
",4.047,1.014,0.000,0.000,1.000,0,0,0,3,3,0,0,3,0.0,0.0,0.0,0.0,0.0,1.0,-1
"F[2,2](((Pt_FatherT1D <= 0.000 -> TSH >= 0.196) -> BGTestAvgNumMeter >= 0.904) | HeightCm >= 0.319)
",0.000,0.000,0.000,0.000,1.000,0,0,0,3,3,0,0,3,0.0,0.0,0.0,0.0,0.0,1.0,-1
"F[0,1]((Pt_CGMUseNumDays <= 12.705 & Pt_CGMUseNumDays <= 4.768) & bmiZscore <= 19.895)
",-9999999.000,-9999999.000,0.000,0.000,1.000,0,0,0,3,3,0,0,3,0.0,0.0,0.0,0.0,0.0,1.0,-1
"F[1,2](TotChol <= 156.456 | Pt_MotherT1D >= 0.000)
",-9999999.000,-9999999.000,0.000,0.000,1.000,0,0,0,3,3,0,0,3,0.0,0.0,0.0,0.0,0.0,1.0,-1
"((TotalDailyInsPerKg <= 0.528) U[1,2] (TotChol <= 155.017))
",-9999999.000,-9999999.000,0.000,0.000,1.000,0,0,0,3,3,0,0,3,0.0,0.0,0.0,0.0,0.0,1.0,-1
"F[2,2]((age <= 66.744 -> AutonomicNeuroCl >= 1.000) -> BGTestAvgNumMeter >= 1.000)
",1.000,1.000,0.000,0.000,1.000,0,0,0,3,3,0,0,3,0.0,0.0,0.0,0.0,0.0,1.0,-1
"F[0,2](NumPumpBolusOrShortAct <= 3.911 | Pt_CGMUseNumDays <= 7.758)
",-9999999.000,-9999999.000,0.000,0.000,1.000,0,0,0,3,3,0,0,3,0.0,0.0,0.0,0.0,0.0,1.0,-1
"F[0,2]((diabDur <= 52.240 -> UnitsInsBasalOrLongAct <= 9.376) & Triglyc >= 3.104)
",-9999999.000,-9999999.000,0.000,0.000,1.000,0,0,0,3,3,0,0,3,0.0,0.0,0.0,0.0,0.0,1.0,-1
"F[1,2]((age <= 65.860 -> Pt_A1cGoalLev >= 0.000) & NumPumpBolusOrShortAct <= 0.000)
",-9999999.000,-9999999.000,0.000,0.000,1.000,0,0,0,3,3,0,0,3,0.0,0.0,0.0,0.0,0.0,1.0,-1
"F[1,1](((HeightCm >= 178.093 | LDL <= 40.428) | HbA1cImputeDtMnC <= 66.620) | Pt_GrandchildT1D >= 7.250)
",66.620,66.620,0.000,0.000,1.000,0,0,0,3,3,0,0,3,0.0,0.0,0.0,0.0,0.0,1.0,-1
"F[0,2]((UnitsInsBasalOrLongAct >= 0.751 -> bmi <= 24.191) & Pt_GrandchildT1D <= 24.826)
",-9999999.000,-9999999.000,0.000,0.000,1.000,0,0,0,3,3,0,0,3,0.0,0.0,0.0,0.0,0.0,1.0,-1
"F[2,2](((BUN <= 22.017 | HbA1c >= 6.137) & AlbCreatRat_mggNew <= 6.843) & GFR <= 6.964)
",6.843,6.843,0.000,0.000,1.000,0,0,0,3,3,0,0,3,0.0,0.0,0.0,0.0,0.0,1.0,-1
"((age >= 63.555) U[0,1] (TotChol <= 155.584))
",-9999999.000,-9999999.000,0.000,0.000,1.000,0,0,0,3,3,0,0,3,0.0,0.0,0.0,0.0,0.0,1.0,-1
"F[0,1](AlbCreatRat_mggNew >= 0.000 -> HbA1c <= 6.949)
",-9999999.000,-9999999.000,0.000,0.000,1.000,0,0,0,3,3,0,0,3,0.0,0.0,0.0,0.0,0.0,1.0,-1
"G[0,2](Pt_MotherT1D <= 0.000 & AutonomicNeuroCl >= 1.000)
",9999999.000,9999999.000,0.000,1.000,0.000,0,0,3,0,0,3,3,0,0.0,0.0,1.0,0.0,0.0,1.0,1
"((BGTestAvgNumMeter <= 1.844) U[0,2] (BGTestAvgNumPtRep <= 6.184))
",-9999999.000,-9999999.000,0.000,0.000,1.000,0,0,0,3,3,0,0,3,0.0,0.0,0.0,0.0,0.0,1.0,-1
"F[0,2](Pt_SHFlg >= 0.000 -> age >= 64.125)
",-9999999.000,-9999999.000,0.000,0.000,1.000,0,0,0,3,3,0,0,3,0.0,0.0,0.0,0.0,0.0,1.0,-1
"F[1,2](BldPrDia >= 50.159 | Pt_FatherT1D <= 0.000)
",-9999999.000,-9999999.000,0.000,0.000,1.000,0,0,0,3,3,0,0,3,0.0,0.0,0.0,0.0,0.0,1.0,-1
"F[2,2](Pt_InsGov <= 0.000 & BGTestAvgNumMeter >= 1.221)
",-1.221,-1.221,0.000,0.000,1.000,0,0,0,3,3,0,0,3,0.0,0.0,0.0,0.0,0.0,1.0,-1
"F[1,2](BldPrDia <= 59.906 -> TotChol >= 136.703)
",-9999999.000,-9999999.000,0.000,0.000,1.000,0,0,0,3,3,0,0,3,0.0,0.0,0.0,0.0,0.0,1.0,-1
"F[2,2]((bmi <= 25.109 | UnitsInsBasalOrLongAct >= 1.509) -> diagAgeCombo <= 9.826)
",-25.109,-25.109,0.000,0.000,1.000,0,0,0,3,3,0,0,3,0.0,0.0,0.0,0.0,0.0,1.0,-1
"F[0,1](((AlbCreatRat_mggNew <= 0.000 & Pt_DKAFlg <= 0.000) -> bmi >= 0.000) & Pt_GrandparentT1D <= 0.000)
",-9999999.000,-9999999.000,0.000,0.000,1.000,0,0,0,3,3,0,0,3,0.0,0.0,0.0,0.0,0.0,1.0,-1
"F[2,2]((Pt_MotherT1D >= 0.000 | Pt_MotherT1D <= 0.000) | bmiPerc >= 0.000)
",0.000,0.000,0.000,0.000,1.000,0,0,0,3,3,0,0,3,0.0,0.0,0.0,0.0,0.0,1.0,-1
"((Pt_GrandparentT1D <= 0.000) U[0,1] (diabDur <= 52.944))
",-9999999.000,-9999999.000,0.000,0.000,1.000,0,0,0,3,3,0,0,3,0.0,0.0,0.0,0.0,0.0,1.0,-1
"F[0,1]((Pt_MotherT1D <= 0.000 & Pt_A1cGoalLev <= 0.000) | HbA1c >= 0.000)
",-9999999.000,-9999999.000,0.000,0.000,1.000,0,0,0,3,3,0,0,3,0.0,0.0,0.0,0.0,0.0,1.0,-1
"F[1,2](NumPumpBolusOrShortAct <= 3.449 | GFR <= 0.000)
",-9999999.000,-9999999.000,0.000,0.000,1.000,0,0,0,3,3,0,0,3,0.0,0.0,0.0,0.0,0.0,1.0,-1
"F[1,2]((Pt_FatherT1D <= 0.000 & Pt_A1cGoalLev >= 0.000) & diabDur >= 0.000)
",-9999999.000,-9999999.000,0.000,0.000,1.000,0,0,0,3,3,0,0,3,0.0,0.0,0.0,0.0,0.0,1.0,-1
"((BldPrDia >= 54.203) U[1,2] (UnitsInsBasalOrLongAct >= 0.048))
",-9999999.000,-9999999.000,0.000,0.000,1.000,0,0,0,3,3,0,0,3,0.0,0.0,0.0,0.0,0.0,1.0,-1
"F[0,1]((TSH >= 0.772 | BGTestAvgNumPtRep <= 5.715) | Pt_A1cGoalLevelDsYr5 >= 1.945)
",-9999999.000,-9999999.000,0.000,0.000,1.000,0,0,0,3,3,0,0,3,0.0,0.0,0.0,0.0,0.0,1.0,-1
"((Pt_ChildT1D >= 0.000) U[1,1] (Pt_FatherT1D <= 0.000))
",0.000,0.000,0.000,0.000,1.000,0,0,0,3,3,0,0,3,0.0,0.0,0.0,0.0,0.0,1.0,-1
"F[0,1]((UnitsInsBasalOrLongAct >= 7.296 | Pt_FatherT1D <= 0.000) & Pt_GrandparentT1D <= 0.000)
",-9999999.000,-9999999.000,0.000,0.000,1.000,0,0,0,3,3,0,0,3,0.0,0.0,0.0,0.0,0.0,1.0,-1
"F[0,0](Pt_FatherT1D <= 0.000 | Triglyc >= 16.373)
",126.627,126.627,0.000,0.000,1.000,0,0,0,3,3,0,0,3,0.0,0.0,0.0,0.0,0.0,1.0,-1
"F[0,2](LDL >= 8.487 | BldPrSys >= 103.440)
",-9999999.000,-9999999.000,0.000,0.000,1.000,0,0,0,3,3,0,0,3,0.0,0.0,0.0,0.0,0.0,1.0,-1
"F[0,1](((Pt_InsGov <= 0.000 -> BGTestAvgNumPtRep >= 0.440) -> HbA1c <= 5.601) | Pt_SiblingT1D <= 6.412)
",-9999999.000,-9999999.000,0.000,0.000,1.000,0,0,0,3,3,0,0,3,0.0,0.0,0.0,0.0,0.0,1.0,-1
"F[0,1](((HeightCm <= 178.421 & BUN >= 1.591) | AutonomicNeuroCl <= 19.353) | SMBGperDayPtMeterCombo >= 9.858)
",-9999999.000,-9999999.000,0.000,0.000,1.000,0,0,0,3,3,0,0,3,0.0,0.0,0.0,0.0,0.0,1.0,-1
"F[0,1](TotalDailyInsPerKg >= 0.376 | HbA1cImputeDtMnC <= 38.227)
",-9999999.000,-9999999.000,0.000,0.000,1.000,0,0,0,3,3,0,0,3,0.0,0.0,0.0,0.0,0.0,1.0,-1
"F[1,2](((HbA1cImputeDtMnC <= 24.000 -> TSH <= 1.387) & Pt_DKAFlg <= 2.412) -> BldPrSys <= 1.328)
",-9999999.000,-9999999.000,0.000,0.000,1.000,0,0,0,3,3,0,0,3,0.0,0.0,0.0,0.0,0.0,1.0,-1
"F[2,2](((Pt_SiblingT1D <= 0.000 -> Triglyc >= 16.761) -> Triglyc <= 35.706) | AutonomicNeuroCl <= 32.899)
",32.899,32.899,0.000,0.000,1.000,0,0,0,3,3,0,0,3,0.0,0.0,0.0,0.0,0.0,1.0,-1
"F[0,0]((DirectLDL >= 0.000 -> GFR <= 0.000) & Pt_DKAFlg >= 0.000)
",-281.000,-178.435,0.000,0.000,1.000,0,0,0,3,3,0,0,3,0.0,0.0,0.0,0.0,0.0,1.0,-1
"F[1,2]((BGTestAvgNumPtRep <= 6.744 | Pt_ChildT1D <= 0.000) & bmi >= 0.000)
",-9999999.000,-9999999.000,0.000,0.000,1.000,0,0,0,3,3,0,0,3,0.0,0.0,0.0,0.0,0.0,1.0,-1
"F[1,2]((BldPrDia >= 51.009 & HeightCm <= 178.654) & bmi <= 178.547)
",-9999999.000,-9999999.000,0.000,0.000,1.000,0,0,0,3,3,0,0,3,0.0,0.0,0.0,0.0,0.0,1.0,-1
"F[0,1](((bmiPerc <= 0.000 & TotalDailyInsPerKg <= 0.439) -> Pt_SHFlg <= 0.555) | bmi >= 0.412)
",-9999999.000,-9999999.000,0.000,0.000,1.000,0,0,0,3,3,0,0,3,0.0,0.0,0.0,0.0,0.0,1.0,-1
"((Pt_MotherT1D >= 0.000) U[0,2] (TSH >= 0.985))
",-9999999.000,-9999999.000,0.000,0.000,1.000,0,0,0,3,3,0,0,3,0.0,0.0,0.0,0.0,0.0,1.0,-1
"((Pt_CGMUseNumDays <= 15.242) U[2,2] (BldPrSys <= 106.505))
",106.505,106.505,0.000,0.000,1.000,0,0,0,3,3,0,0,3,0.0,0.0,0.0,0.0,0.0,1.0,-1
"F[1,1](((DirectLDL >= 0.000 & BldPrDia <= 59.566) & NumPumpBolusOrShortAct <= 58.512) -> BGTestAvgNumPtRep <= 58.661)
",-58.661,-58.661,0.000,0.000,1.000,0,0,0,3,3,0,0,3,0.0,0.0,0.0,0.0,0.0,1.0,-1
"F[0,2]((Pt_CGMUseNumDays <= 15.310 | TotalDailyInsPerKg <= 0.493) -> Pt_ChildT1D <= 0.423)
",-9999999.000,-9999999.000,0.000,0.000,1.000,0,0,0,3,3,0,0,3,0.0,0.0,0.0,0.0,0.0,1.0,-1
"F[0,1](((Pt_GrandparentT1D <= 0.000 & AutonomicNeuroCl >= 1.000) -> TotChol >= 1.000) | Triglyc >= 1.000)
",-9999999.000,-9999999.000,0.000,0.000,1.000,0,0,0,3,3,0,0,3,0.0,0.0,0.0,0.0,0.0,1.0,-1
"F[1,2](((Pt_SHFlg <= 0.000 & HbA1cImputeDtMnC >= 1.105) | AutonomicNeuroCl <= 27.263) | Pt_GrandchildT1D >= 12.090)
",-9999999.000,-9999999.000,0.000,0.000,1.000,0,0,0,3,3,0,0,3,0.0,0.0,0.0,0.0,0.0,1.0,-1
"F[0,1](DirectLDL >= 0.000 | Pt_MotherT1D <= 0.000)
",-9999999.000,-9999999.000,0.000,0.000,1.000,0,0,0,3,3,0,0,3,0.0,0.0,0.0,0.0,0.0,1.0,-1
"F[1,1]((AutonomicNeuroCl >= 1.000 | Pt_SHFlg <= 0.000) | HbA1cImputeDtMnC <= 0.000)
",0.000,0.000,0.000,0.000,1.000,0,0,0,3,3,0,0,3,0.0,0.0,0.0,0.0,0.0,1.0,-1
"((BGTestAvgNumPtRep >= 3.495) U[0,1] (Pt_DKAFlg >= 0.000))
",-9999999.000,-9999999.000,0.000,0.000,1.000,0,0,0,3,3,0,0,3,0.0,0.0,0.0,0.0,0.0,1.0,-1
"((BldPrSys >= 104.260) U[0,2] (SMBGperDayPtMeterCombo <= 6.843))
",-9999999.000,-9999999.000,0.000,0.000,1.000,0,0,0,3,3,0,0,3,0.0,0.0,0.0,0.0,0.0,1.0,-1
"F[1,2](AutonomicNeuroCl >= 1.000 | GFR >= 0.000)
",-9999999.000,-9999999.000,0.000,0.000,1.000,0,0,0,3,3,0,0,3,0.0,0.0,0.0,0.0,0.0,1.0,-1
"F[0,2](((bmiZscore >= -1.111 & AlbCreatRat_mggNew >= 0.000) & SMBGperDayPtMeterCombo <= 0.000) -> HeightCm <= 0.000)
",-9999999.000,-9999999.000,0.000,0.000,1.000,0,0,0,3,3,0,0,3,0.0,0.0,0.0,0.0,0.0,1.0,-1
"F[1,2]((BldPrDia >= 52.231 | BUN >= 11.135) | diabDur >= 17.902)
",-9999999.000,-9999999.000,0.000,0.000,1.000,0,0,0,3,3,0,0,3,0.0,0.0,0.0,0.0,0.0,1.0,-1
"F[1,2](BGTestAvgNumPtRep >= 1.634 | BldPrSys <= 107.850)
",-9999999.000,-9999999.000,0.000,0.000,1.000,0,0,0,3,3,0,0,3,0.0,0.0,0.0,0.0,0.0,1.0,-1
"F[1,1]((LDL <= 63.269 | GFR <= 0.000) -> BUN >= 0.000)
",-63.269,-63.269,0.000,0.000,1.000,0,0,0,3,3,0,0,3,0.0,0.0,0.0,0.0,0.0,1.0,-1
"F[0,2]((HeightCm >= 178.101 | bmi <= 24.843) -> BldPrSys >= 22.340)
",-9999999.000,-9999999.000,0.000,0.000,1.000,0,0,0,3,3,0,0,3,0.0,0.0,0.0,0.0,0.0,1.0,-1
"F[1,2]((Triglyc >= 16.006 -> HeightCm <= 178.981) -> Pt_MotherT1D <= 179.009)
",-9999999.000,-9999999.000,0.000,0.000,1.000,0,0,0,3,3,0,0,3,0.0,0.0,0.0,0.0,0.0,1.0,-1
"F[0,0](TSH >= 0.080 -> BldPrSys <= 107.601)
",-107.601,-107.601,0.000,0.000,1.000,0,0,0,3,3,0,0,3,0.0,0.0,0.0,0.0,0.0,1.0,-1
"F[1,1](((Pt_DKAFlg >= 0.000 -> Pt_GrandparentT1D <= 0.000) & GFR >= 0.000) | LDL >= 0.000)
",0.000,0.000,0.000,0.000,1.000,0,0,0,3,3,0,0,3,0.0,0.0,0.0,0.0,0.0,1.0,-1
"F[0,2](((BGTestAvgNumMeter <= 1.565 & TotChol <= 155.934) & NumPumpBolusOrShortAct >= 137.573) | AlbCreatRat_mggNew >= 142.582)
",-9999999.000,-9999999.000,0.000,0.000,1.000,0,0,0,3,3,0,0,3,0.0,0.0,0.0,0.0,0.0,1.0,-1
"F[0,1]((Pt_DKAFlg >= 0.000 -> bmiZscore >= -1.018) -> TotChol >= -1.219)
",-9999999.000,-9999999.000,0.000,0.000,1.000,0,0,0,3,3,0,0,3,0.0,0.0,0.0,0.0,0.0,1.0,-1
"F[1,2](bmiZscore >= -1.035 -> diabDur <= 52.843)
",-9999999.000,-9999999.000,0.000,0.000,1.000,0,0,0,3,3,0,0,3,0.0,0.0,0.0,0.0,0.0,1.0,-1
"F[1,1](((BGTestAvgNumMeter <= 6.407 | HbA1cImputeDtMnC >= 6.701) | Pt_FatherT1D <= 27.407) & Pt_ChildT1D <= 41.771)
",27.407,27.407,0.000,0.000,1.000,0,0,0,3,3,0,0,3,0.0,0.0,0.0,0.0,0.0,1.0,-1
"F[0,1](((BGTestAvgNumMeter <= 2.023 | TotChol <= 155.507) & AutonomicNeuroCl <= 151.508) & Pt_GrandparentT1D <= 150.224)
",-9999999.000,-9999999.000,0.000,0.000,1.000,0,0,0,3,3,0,0,3,0.0,0.0,0.0,0.0,0.0,1.0,-1
"((HbA1cImputeDtMnC <= 31.652) U[0,2] (WeightKg >= 74.686))
",-9999999.000,-9999999.000,0.000,0.000,1.000,0,0,0,3,3,0,0,3,0.0,0.0,0.0,0.0,0.0,1.0,-1
"F[1,2](TotalDailyInsPerKg <= 0.476 | Triglyc <= 32.080)
",-9999999.000,-9999999.000,0.000,0.000,1.000,0,0,0,3,3,0,0,3,0.0,0.0,0.0,0.0,0.0,1.0,-1
"F[0,2]((BldPrSys <= 105.690 | bmi >= 23.853) & BldPrSys >= 23.859)
",-9999999.000,-9999999.000,0.000,0.000,1.000,0,0,0,3,3,0,0,3,0.0,0.0,0.0,0.0,0.0,1.0,-1
"F[0,1]((Triglyc >= 10.864 -> UnitsInsBasalOrLongAct <= 9.242) | BldPrDia >= 1.318)
",-9999999.000,-9999999.000,0.000,0.000,1.000,0,0,0,3,3,0,0,3,0.0,0.0,0.0,0.0,0.0,1.0,-1
"F[0,2]((diabDur <= 52.905 & SMBGperDayPtMeterCombo >= 6.688) | TSH >= 6.358)
",-9999999.000,-9999999.000,0.000,0.000,1.000,0,0,0,3,3,0,0,3,0.0,0.0,0.0,0.0,0.0,1.0,-1
"F[0,2]((HbA1cImputeDtMnC <= 25.620 | Triglyc <= 44.340) | Pt_A1cGoalLevelDsYr5 <= 34.373)
",-9999999.000,-9999999.000,0.000,0.000,1.000,0,0,0,3,3,0,0,3,0.0,0.0,0.0,0.0,0.0,1.0,-1
"F[1,2]((age <= 66.442 & Triglyc <= 31.689) -> BldPrDia >= 7.947)
",-9999999.000,-9999999.000,0.000,0.000,1.000,0,0,0,3,3,0,0,3,0.0,0.0,0.0,0.0,0.0,1.0,-1
"F[1,2](((BGTestAvgNumPtRep >= 4.934 -> Pt_CGMUseNumDays >= 3.948) -> HDL >= 1.944) -> age <= 5.192)
",-9999999.000,-9999999.000,0.000,0.000,1.000,0,0,0,3,3,0,0,3,0.0,0.0,0.0,0.0,0.0,1.0,-1
"F[1,2]((bmiZscore >= -1.228 | HDL <= 66.898) -> NumPumpBolusOrShortAct <= 63.743)
",-9999999.000,-9999999.000,0.000,0.000,1.000,0,0,0,3,3,0,0,3,0.0,0.0,0.0,0.0,0.0,1.0,-1
"F[1,2](((bmi <= 24.367 & HDL >= 35.868) & Pt_MotherT1D >= 18.329) -> BGTestAvgNumMeter >= 36.452)
",-9999999.000,-9999999.000,0.000,0.000,1.000,0,0,0,3,3,0,0,3,0.0,0.0,0.0,0.0,0.0,1.0,-1
"F[0,2]((LDL >= 8.849 | TSH <= 1.407) | Pt_InsGov >= 0.676)
",-9999999.000,-9999999.000,0.000,0.000,1.000,0,0,0,3,3,0,0,3,0.0,0.0,0.0,0.0,0.0,1.0,-1
"((diabDur >= 50.057) U[2,2] (TSH >= 0.640))
",-0.640,-0.640,0.000,0.000,1.000,0,0,0,3,3,0,0,3,0.0,0.0,0.0,0.0,0.0,1.0,-1
"((HbA1c <= 6.783) U[2,2] (UnitsInsBasalOrLongAct >= 0.219))
",6.783,6.783,0.000,0.000,1.000,0,0,0,3,3,0,0,3,0.0,0.0,0.0,0.0,0.0,1.0,-1
"((BGTestAvgNumMeter >= 0.520) U[2,2] (BGTestAvgNumPtRep <= 5.417))
",5.417,5.417,0.000,0.000,1.000,0,0,0,3,3,0,0,3,0.0,0.0,0.0,0.0,0.0,1.0,-1
"F[0,2]((NumPumpBolusOrShortAct >= 2.376 -> TSH >= 0.888) & HDL >= 0.008)
",-9999999.000,-9999999.000,0.000,0.000,1.000,0,0,0,3,3,0,0,3,0.0,0.0,0.0,0.0,0.0,1.0,-1
"F[0,2](((HDL >= 55.671 -> TotalDailyInsPerKg >= 0.388) | GFR >= 0.412) & BldPrSys <= 0.476)
",-9999999.000,-9999999.000,0.000,0.000,1.000,0,0,0,3,3,0,0,3,0.0,0.0,0.0,0.0,0.0,1.0,-1
"F[0,2]((age >= 63.955 & TSH >= 0.417) | Pt_SiblingT1D <= 1.422)
",-9999999.000,-9999999.000,0.000,0.000,1.000,0,0,0,3,3,0,0,3,0.0,0.0,0.0,0.0,0.0,1.0,-1
"F[2,2](((HDL <= 63.343 & NumPumpBolusOrShortAct <= 4.993) & NumPumpBolusOrShortAct >= 1.598) -> DirectLDL >= 1.978)
",1.598,1.598,0.000,0.000,1.000,0,0,0,3,3,0,0,3,0.0,0.0,0.0,0.0,0.0,1.0,-1
"F[1,2]((Pt_CGMUseNumDays >= 0.671 & Pt_FatherT1D <= 0.000) -> HDL <= 0.000)
",-9999999.000,-9999999.000,0.000,0.000,1.000,0,0,0,3,3,0,0,3,0.0,0.0,0.0,0.0,0.0,1.0,-1
"F[0,2](((Pt_GrandchildT1D >= 0.000 -> Pt_FatherT1D <= 0.000) | BGTestAvgNumPtRep <= 0.000) -> Pt_SiblingT1D >= 0.000)
",-9999999.000,-9999999.000,0.000,0.000,1.000,0,0,0,3,3,0,0,3,0.0,0.0,0.0,0.0,0.0,1.0,-1
"F[0,2]((TSH >= 0.396 | BldPrSys >= 104.086) | Pt_MotherT1D <= 107.948)
",-9999999.000,-9999999.000,0.000,0.000,1.000,0,0,0,3,3,0,0,3,0.0,0.0,0.0,0.0,0.0,1.0,-1
"((BldPrSys <= 105.139) U[2,2] (HeightCm >= 177.876))
",105.139,105.139,0.000,0.000,1.000,0,0,0,3,3,0,0,3,0.0,0.0,0.0,0.0,0.0,1.0,-1
"F[0,1](((BUN >= 15.708 & Triglyc >= 22.524) | Pt_GrandchildT1D >= 21.261) -> Pt_SiblingT1D >= 3.001)
",-9999999.000,-9999999.000,0.000,0.000,1.000,0,0,0,3,3,0,0,3,0.0,0.0,0.0,0.0,0.0,1.0,-1
"F[1,1](BldPrSys <= 107.717 -> HbA1cImputeDtMnC >= 17.579)
",-107.717,-107.717,0.000,0.000,1.000,0,0,0,3,3,0,0,3,0.0,0.0,0.0,0.0,0.0,1.0,-1
"F[0,0](((BGTestAvgNumMeter <= 3.018 -> BldPrSys <= 107.101) -> diabDur >= 102.255) -> BldPrDia <= 106.930)
",-37.255,-37.255,0.000,0.000,1.000,0,0,0,3,3,0,0,3,0.0,0.0,0.0,0.0,0.0,1.0,-1
"F[0,2]((BGTestAvgNumMeter >= 1.224 -> HDL >= 44.740) | Pt_InsGov <= 67.405)
",-9999999.000,-9999999.000,0.000,0.000,1.000,0,0,0,3,3,0,0,3,0.0,0.0,0.0,0.0,0.0,1.0,-1
"F[1,2](((TSH <= 1.711 -> WeightKg <= 78.179) -> TSH <= 77.508) -> UnitsInsBasalOrLongAct <= 76.819)
",-9999999.000,-9999999.000,0.000,0.000,1.000,0,0,0,3,3,0,0,3,0.0,0.0,0.0,0.0,0.0,1.0,-1
"F[0,0](((UnitsInsBasalOrLongAct <= 10.025 & WeightKg <= 76.829) | Pt_SHFlg <= 77.366) -> NumPumpBolusOrShortAct <= 78.563)
",-78.563,-78.563,0.000,0.000,1.000,0,0,0,3,3,0,0,3,0.0,0.0,0.0,0.0,0.0,1.0,-1
"F[2,2](BGTestAvgNumPtRep >= 3.139 | bmiZscore <= -0.729)
",-0.729,-0.729,0.000,0.000,1.000,0,0,0,3,3,0,0,3,0.0,0.0,0.0,0.0,0.0,1.0,-1
"F[0,2](BGTestAvgNumMeter <= 3.012 -> bmiZscore <= -0.846)
",-9999999.000,-9999999.000,0.000,0.000,1.000,0,0,0,3,3,0,0,3,0.0,0.0,0.0,0.0,0.0,1.0,-1
"((BGTestAvgNumPtRep >= 2.091) U[1,2] (WeightKg >= 75.655))
",-9999999.000,-9999999.000,0.000,0.000,1.000,0,0,0,3,3,0,0,3,0.0,0.0,0.0,0.0,0.0,1.0,-1
"F[1,1](((bmiZscore <= -0.737 | UnitsInsBasalOrLongAct >= 1.867) & bmi >= 3.417) -> bmi >= 4.580)
",3.417,3.417,0.000,0.000,1.000,0,0,0,3,3,0,0,3,0.0,0.0,0.0,0.0,0.0,1.0,-1
"F[0,2](((bmiZscore >= -1.050 & NumPumpBolusOrShortAct >= 0.123) & BGTestAvgNumPtRep <= 5.828) -> diagAgeCombo <= 6.652)
",-9999999.000,-9999999.000,0.000,0.000,1.000,0,0,0,3,3,0,0,3,0.0,0.0,0.0,0.0,0.0,1.0,-1
"F[1,2](((BldPrSys >= 104.150 | UnitsInsBasalOrLongAct >= 7.536) | Pt_GrandparentT1D >= 0.934) | Pt_SHFlg >= 3.440)
",-9999999.000,-9999999.000,0.000,0.000,1.000,0,0,0,3,3,0,0,3,0.0,0.0,0.0,0.0,0.0,1.0,-1
"F[1,2](((BGTestAvgNumPtRep >= 0.410 -> Triglyc >= 23.138) & BGTestAvgNumPtRep <= 42.416) & Pt_SiblingT1D >= 11.558)
",-9999999.000,-9999999.000,0.000,0.000,1.000,0,0,0,3,3,0,0,3,0.0,0.0,0.0,0.0,0.0,1.0,-1
"F[1,2]((BldPrDia <= 61.681 & BldPrSys >= 103.219) -> Pt_A1cGoalLev >= 102.930)
",-9999999.000,-9999999.000,0.000,0.000,1.000,0,0,0,3,3,0,0,3,0.0,0.0,0.0,0.0,0.0,1.0,-1
"F[1,2](((NumPumpBolusOrShortAct <= 4.986 & WeightKg <= 76.358) & AutonomicNeuroCl >= 75.022) | TSH <= 77.614)
",-9999999.000,-9999999.000,0.000,0.000,1.000,0,0,0,3,3,0,0,3,0.0,0.0,0.0,0.0,0.0,1.0,-1
"F[0,2]((BGTestAvgNumMeter >= 1.100 -> HeightCm >= 177.858) & Pt_SiblingT1D <= 178.585)
",-9999999.000,-9999999.000,0.000,0.000,1.000,0,0,0,3,3,0,0,3,0.0,0.0,0.0,0.0,0.0,1.0,-1
"F[1,2]((BGTestAvgNumPtRep >= 5.160 & TSH <= 2.563) | Pt_A1cGoalLevelDsYr5 >= 0.032)
",-9999999.000,-9999999.000,0.000,0.000,1.000,0,0,0,3,3,0,0,3,0.0,0.0,0.0,0.0,0.0,1.0,-1
"((Pt_CGMUseNumDays <= 19.422) U[0,2] (TSH <= 2.553))
",-9999999.000,-9999999.000,0.000,0.000,1.000,0,0,0,3,3,0,0,3,0.0,0.0,0.0,0.0,0.0,1.0,-1
"F[1,2](diabDur >= 50.214 | Triglyc >= 5.711)
",-9999999.000,-9999999.000,0.000,0.000,1.000,0,0,0,3,3,0,0,3,0.0,0.0,0.0,0.0,0.0,1.0,-1
"F[1,2](BUN >= 14.715 -> TotalDailyInsPerKg <= 0.515)
",-9999999.000,-9999999.000,0.000,0.000,1.000,0,0,0,3,3,0,0,3,0.0,0.0,0.0,0.0,0.0,1.0,-1
"F[1,2](((BGTestAvgNumMeter <= 5.260 -> UnitsInsBasalOrLongAct <= 11.829) -> BUN >= 3.641) | bmi >= 0.994)
",-9999999.000,-9999999.000,0.000,0.000,1.000,0,0,0,3,3,0,0,3,0.0,0.0,0.0,0.0,0.0,1.0,-1
"F[0,2]((HbA1c <= 6.820 -> LDL >= 24.545) -> bmi <= 39.554)
",-9999999.000,-9999999.000,0.000,0.000,1.000,0,0,0,3,3,0,0,3,0.0,0.0,0.0,0.0,0.0,1.0,-1
"((BldPrSys >= 102.450) U[1,2] (LDL <= 56.830))
",-9999999.000,-9999999.000,0.000,0.000,1.000,0,0,0,3,3,0,0,3,0.0,0.0,0.0,0.0,0.0,1.0,-1
"((BGTestAvgNumMeter <= 3.001) U[0,1] (WeightKg <= 76.419))
",-9999999.000,-9999999.000,0.000,0.000,1.000,0,0,0,3,3,0,0,3,0.0,0.0,0.0,0.0,0.0,1.0,-1
"F[1,2]((LDL >= 11.217 -> Pt_CGMUseNumDays <= 13.484) | Pt_InsGov <= 16.412)
",-9999999.000,-9999999.000,0.000,0.000,1.000,0,0,0,3,3,0,0,3,0.0,0.0,0.0,0.0,0.0,1.0,-1
"F[1,2](((BGTestAvgNumPtRep >= 1.525 & HeightCm <= 178.466) | BldPrSys <= 178.585) -> GFR <= 178.439)
",-9999999.000,-9999999.000,0.000,0.000,1.000,0,0,0,3,3,0,0,3,0.0,0.0,0.0,0.0,0.0,1.0,-1
"((HeightCm <= 178.791) U[0,2] (TotalDailyInsPerKg <= 0.507))
",-9999999.000,-9999999.000,0.000,0.000,1.000,0,0,0,3,3,0,0,3,0.0,0.0,0.0,0.0,0.0,1.0,-1
"F[1,2](((BldPrDia <= 58.306 & SMBGperDayPtMeterCombo <= 6.811) | Pt_GrandparentT1D <= 6.983) | TotChol >= 6.617)
",-9999999.000,-9999999.000,0.000,0.000,1.000,0,0,0,3,3,0,0,3,0.0,0.0,0.0,0.0,0.0,1.0,-1
"F[1,1]((BGTestAvgNumMeter <= 4.857 & LDL >= 6.248) | HbA1c >= 3.407)
",-3.407,-3.407,0.000,0.000,1.000,0,0,0,3,3,0,0,3,0.0,0.0,0.0,0.0,0.0,1.0,-1
"((LDL >= 11.689) U[0,2] (NumPumpBolusOrShortAct <= 4.781))
",-9999999.000,-9999999.000,0.000,0.000,1.000,0,0,0,3,3,0,0,3,0.0,0.0,0.0,0.0,0.0,1.0,-1
"((HeightCm <= 178.406) U[1,2] (SMBGperDayPtMeterCombo <= 6.909))
",-9999999.000,-9999999.000,0.000,0.000,1.000,0,0,0,3,3,0,0,3,0.0,0.0,0.0,0.0,0.0,1.0,-1
"F[1,1](BldPrSys <= 107.114 -> WeightKg >= 74.056)
",-107.114,-107.114,0.000,0.000,1.000,0,0,0,3,3,0,0,3,0.0,0.0,0.0,0.0,0.0,1.0,-1
"F[0,0](((BldPrDia <= 61.881 | UnitsInsBasalOrLongAct <= 9.685) -> bmiPerc <= 9.430) | Pt_SHFlg <= 9.229)
",-1.433,-5.705,0.000,0.000,1.000,0,0,0,3,3,0,0,3,0.0,0.0,0.0,0.0,0.0,1.0,-1
"((bmiZscore >= -1.251) U[2,2] (TotChol <= 148.694))
",148.694,148.694,0.000,0.000,1.000,0,0,0,3,3,0,0,3,0.0,0.0,0.0,0.0,0.0,1.0,-1
"F[0,1]((diabDur >= 51.293 | LDL >= 24.890) -> AlbCreatRat_mggNew <= 63.820)
",-9999999.000,-9999999.000,0.000,0.000,1.000,0,0,0,3,3,0,0,3,0.0,0.0,0.0,0.0,0.0,1.0,-1
"F[1,2](((SMBGperDayPtMeterCombo <= 6.928 -> Triglyc >= 12.732) | diabDur <= 41.191) -> NumPumpBolusOrShortAct >= 21.705)
",-9999999.000,-9999999.000,0.000,0.000,1.000,0,0,0,3,3,0,0,3,0.0,0.0,0.0,0.0,0.0,1.0,-1
"F[1,1](((bmi >= 22.938 | TSH >= 0.077) & AutonomicNeuroCl <= 2.584) | TotChol <= 1.138)
",1.138,1.138,0.000,0.000,1.000,0,0,0,3,3,0,0,3,0.0,0.0,0.0,0.0,0.0,1.0,-1
"F[0,2](((bmiZscore <= -0.821 | TSH <= 2.081) & Pt_SiblingT1D >= 0.257) & Pt_SHFlg <= 1.479)
",-9999999.000,-9999999.000,0.000,0.000,1.000,0,0,0,3,3,0,0,3,0.0,0.0,0.0,0.0,0.0,1.0,-1
"F[0,2]((HbA1cImputeDtMnC <= 22.793 & TotalDailyInsPerKg <= 0.461) | BGTestAvgNumPtRep >= 0.368)
",-9999999.000,-9999999.000,0.000,0.000,1.000,0,0,0,3,3,0,0,3,0.0,0.0,0.0,0.0,0.0,1.0,-1
"F[2,2](HbA1c >= 6.563 -> Pt_A1cGoalLevelDsYr5 = 0.000)
",0.000,0.000,0.000,0.000,1.000,0,0,0,3,3,0,0,3,0.0,0.0,0.0,0.0,0.0,1.0,-1
"((BGTestAvgNumMeter >= 0.944) U[0,2] (BGTestAvgNumPtRep <= 6.266))
",-9999999.000,-9999999.000,0.000,0.000,1.000,0,0,0,3,3,0,0,3,0.0,0.0,0.0,0.0,0.0,1.0,-1
"F[1,1](HbA1c >= 6.379 -> Pt_A1cGoalLevelDsYr5 = 0.000)
",0.000,0.000,0.000,0.000,1.000,0,0,0,3,3,0,0,3,0.0,0.0,0.0,0.0,0.0,1.0,-1
"((BGTestAvgNumMeter >= 1.085) U[1,2] (BGTestAvgNumPtRep <= 5.930))
",-9999999.000,-9999999.000,0.000,0.000,1.000,0,0,0,3,3,0,0,3,0.0,0.0,0.0,0.0,0.0,1.0,-1
"F[1,1](HbA1c >= 6.353 -> Pt_A1cGoalLevelDsYr5 = 0.000)
",0.000,0.000,0.000,0.000,1.000,0,0,0,3,3,0,0,3,0.0,0.0,0.0,0.0,0.0,1.0,-1
"((BGTestAvgNumMeter >= 1.293) U[1,2] (BGTestAvgNumPtRep <= 6.924))
",-9999999.000,-9999999.000,0.000,0.000,1.000,0,0,0,3,3,0,0,3,0.0,0.0,0.0,0.0,0.0,1.0,-1
"((BGTestAvgNumMeter >= 1.124) U[1,2] (BGTestAvgNumPtRep <= 6.801))
",-9999999.000,-9999999.000,0.000,0.000,1.000,0,0,0,3,3,0,0,3,0.0,0.0,0.0,0.0,0.0,1.0,-1
"F[0,2](HbA1c >= 6.151 -> Pt_A1cGoalLevelDsYr5 = 0.000)
",-9999999.000,-9999999.000,0.000,0.000,1.000,0,0,0,3,3,0,0,3,0.0,0.0,0.0,0.0,0.0,1.0,-1
"F[1,2](HbA1c >= 6.466 -> Pt_A1cGoalLevelDsYr5 = 0.000)
",-9999999.000,-9999999.000,0.000,0.000,1.000,0,0,0,3,3,0,0,3,0.0,0.0,0.0,0.0,0.0,1.0,-1
"((BGTestAvgNumMeter >= 0.724) U[2,2] (BGTestAvgNumPtRep <= 6.565))
",6.565,6.565,0.000,0.000,1.000,0,0,0,3,3,0,0,3,0.0,0.0,0.0,0.0,0.0,1.0,-1
"F[0,2](HbA1c >= 6.508 -> Pt_A1cGoalLevelDsYr5 = 0.000)
",-9999999.000,-9999999.000,0.000,0.000,1.000,0,0,0,3,3,0,0,3,0.0,0.0,0.0,0.0,0.0,1.0,-1
"((BGTestAvgNumMeter >= 0.919) U[2,2] (BGTestAvgNumPtRep <= 6.455))
",6.455,6.455,0.000,0.000,1.000,0,0,0,3,3,0,0,3,0.0,0.0,0.0,0.0,0.0,1.0,-1
"F[1,2](HbA1c >= 6.577 -> Pt_A1cGoalLevelDsYr5 = 0.000)
",-9999999.000,-9999999.000,0.000,0.000,1.000,0,0,0,3,3,0,0,3,0.0,0.0,0.0,0.0,0.0,1.0,-1
"((BGTestAvgNumMeter >= 0.238) U[2,2] (BGTestAvgNumPtRep <= 5.760))
",5.760,5.760,0.000,0.000,1.000,0,0,0,3,3,0,0,3,0.0,0.0,0.0,0.0,0.0,1.0,-1
"F[0,2](HbA1c >= 6.507 -> Pt_A1cGoalLevelDsYr5 = 0.000)
",-9999999.000,-9999999.000,0.000,0.000,1.000,0,0,0,3,3,0,0,3,0.0,0.0,0.0,0.0,0.0,1.0,-1
"F[0,1]((bmi <= 24.523 -> HbA1c >= 6.238) | TotChol <= 6.747)
",-9999999.000,-9999999.000,0.000,0.000,1.000,0,0,0,3,3,0,0,3,0.0,0.0,0.0,0.0,0.0,1.0,-1
"F[0,2](BUN >= 16.370 & Pt_SHFlg = 0.000)
",-9999999.000,-9999999.000,0.000,0.000,1.000,0,0,0,3,3,0,0,3,0.0,0.0,0.0,0.0,0.0,1.0,-1
"((HeightCm > 177.948) U[0,1] (Pt_SHFlg = 0.000))
",-9999999.000,-9999999.000,0.000,0.000,1.000,0,0,0,3,3,0,0,3,0.0,0.0,0.0,0.0,0.0,1.0,-1
"F[1,1]((age <= 65.273 -> BUN >= 1.499) -> Pt_ChildT1D <= 23.480)
",-23.480,-23.480,0.000,0.000,1.000,0,0,0,3,3,0,0,3,0.0,0.0,0.0,0.0,0.0,1.0,-1
"((TotalDailyInsPerKg <= 0.458) U[0,2] (WeightKg <= 76.594))
",-9999999.000,-9999999.000,0.000,0.000,1.000,0,0,0,3,3,0,0,3,0.0,0.0,0.0,0.0,0.0,1.0,-1
"F[0,2](((bmiZscore >= -1.126 | HbA1cImputeDtMnC <= 37.492) -> Pt_SHFlg >= 16.654) & GFR >= 4.600)
",-9999999.000,-9999999.000,0.000,0.000,1.000,0,0,0,3,3,0,0,3,0.0,0.0,0.0,0.0,0.0,1.0,-1
"F[1,1](bmi >= 23.339 -> HbA1cImputeDtMnC <= 41.907)
",-41.907,-41.907,0.000,0.000,1.000,0,0,0,3,3,0,0,3,0.0,0.0,0.0,0.0,0.0,1.0,-1
"F[0,1]((HeightCm >= 177.848 -> TotChol >= 136.325) -> Pt_ChildT1D <= 153.536)
",-9999999.000,-9999999.000,0.000,0.000,1.000,0,0,0,3,3,0,0,3,0.0,0.0,0.0,0.0,0.0,1.0,-1
"F[0,2]((HbA1cImputeDtMnC >= 19.411 & UnitsInsBasalOrLongAct >= 1.262) & WeightKg <= 11.331)
",-9999999.000,-9999999.000,0.000,0.000,1.000,0,0,0,3,3,0,0,3,0.0,0.0,0.0,0.0,0.0,1.0,-1
"F[0,1](((LDL >= 26.171 & Triglyc <= 44.643) -> DirectLDL >= 23.630) | UnitsInsBasalOrLongAct <= 44.024)
",-9999999.000,-9999999.000,0.000,0.000,1.000,0,0,0,3,3,0,0,3,0.0,0.0,0.0,0.0,0.0,1.0,-1
"((bmiZscore >= -1.034) U[1,2] (TotalDailyInsPerKg >= 0.376))
",-9999999.000,-9999999.000,0.000,0.000,1.000,0,0,0,3,3,0,0,3,0.0,0.0,0.0,0.0,0.0,1.0,-1
"F[1,1]((TotChol >= 140.801 | UnitsInsBasalOrLongAct >= 0.941) | Pt_CGMUseNumDays <= 11.725)
",11.725,11.725,0.000,0.000,1.000,0,0,0,3,3,0,0,3,0.0,0.0,0.0,0.0,0.0,1.0,-1
"F[1,2](HbA1c >= 6.343 -> Pt_A1cGoalLevelDsYr5 = 0.000)
",-9999999.000,-9999999.000,0.000,0.000,1.000,0,0,0,3,3,0,0,3,0.0,0.0,0.0,0.0,0.0,1.0,-1
"((Pt_SHFlg <= 0.000) U[0,1] (Pt_SHFlg = 0.000))
",-9999999.000,-9999999.000,0.000,0.000,1.000,0,0,0,3,3,0,0,3,0.0,0.0,0.0,0.0,0.0,1.0,-1
"((bmi >= 23.133) U[0,2] (LDL >= 22.507))
",-9999999.000,-9999999.000,0.000,0.000,1.000,0,0,0,3,3,0,0,3,0.0,0.0,0.0,0.0,0.0,1.0,-1
"F[0,2](TotalDailyInsPerKg <= 0.439 -> Pt_SHFlg = 0.000)
",-9999999.000,-9999999.000,0.000,0.000,1.000,0,0,0,3,3,0,0,3,0.0,0.0,0.0,0.0,0.0,1.0,-1
"F[0,2]((HDL <= 64.818 & Triglyc <= 35.150) | GFR >= 14.516)
",-9999999.000,-9999999.000,0.000,0.000,1.000,0,0,0,3,3,0,0,3,0.0,0.0,0.0,0.0,0.0,1.0,-1
"((bmi >= 22.483) U[0,1] (Pt_CGMUseNumDays <= 13.910))
",-9999999.000,-9999999.000,0.000,0.000,1.000,0,0,0,3,3,0,0,3,0.0,0.0,0.0,0.0,0.0,1.0,-1
"((BGTestAvgNumPtRep <= 6.320) U[2,2] (BldPrSys >= 104.306))
",6.320,6.320,0.000,0.000,1.000,0,0,0,3,3,0,0,3,0.0,0.0,0.0,0.0,0.0,1.0,-1
"F[0,1]((HDL <= 63.453 | Pt_CGMUseNumDays <= 10.272) | Pt_SiblingT1D <= 7.225)
",-9999999.000,-9999999.000,0.000,0.000,1.000,0,0,0,3,3,0,0,3,0.0,0.0,0.0,0.0,0.0,1.0,-1
"F[1,2]((HbA1c <= 6.994 -> TSH >= 0.305) & bmiPerc >= 0.229)
",-9999999.000,-9999999.000,0.000,0.000,1.000,0,0,0,3,3,0,0,3,0.0,0.0,0.0,0.0,0.0,1.0,-1
"F[1,2](((BldPrDia <= 61.431 | TSH <= 2.120) & AutonomicNeuroCl >= 0.426) -> Pt_ChildT1D <= 1.466)
",-9999999.000,-9999999.000,0.000,0.000,1.000,0,0,0,3,3,0,0,3,0.0,0.0,0.0,0.0,0.0,1.0,-1
"F[1,2](HbA1cImputeDtMnC <= 34.229 -> HDL >= 6.539)
",-9999999.000,-9999999.000,0.000,0.000,1.000,0,0,0,3,3,0,0,3,0.0,0.0,0.0,0.0,0.0,1.0,-1
"F[0,2](Triglyc <= 27.493 | WeightKg <= 76.306)
",-9999999.000,-9999999.000,0.000,0.000,1.000,0,0,0,3,3,0,0,3,0.0,0.0,0.0,0.0,0.0,1.0,-1
"F[0,2](((TotChol >= 137.017 -> BGTestAvgNumMeter <= 3.431) & bmiZscore <= 2.598) | NumPumpBolusOrShortAct >= 0.761)
",-9999999.000,-9999999.000,0.000,0.000,1.000,0,0,0,3,3,0,0,3,0.0,0.0,0.0,0.0,0.0,1.0,-1
"F[0,2]((HeightCm <= 178.405 & UnitsInsBasalOrLongAct <= 11.442) -> BGTestAvgNumMeter <= 11.355)
",-9999999.000,-9999999.000,0.000,0.000,1.000,0,0,0,3,3,0,0,3,0.0,0.0,0.0,0.0,0.0,1.0,-1
"F[0,2]((BUN <= 21.016 | NumPumpBolusOrShortAct >= 1.055) | bmiPerc >= 2.816)
",-9999999.000,-9999999.000,0.000,0.000,1.000,0,0,0,3,3,0,0,3,0.0,0.0,0.0,0.0,0.0,1.0,-1
"((NumPumpBolusOrShortAct <= 5.422) U[0,2] (Pt_SHFlg = 0.000))
",-9999999.000,-9999999.000,0.000,0.000,1.000,0,0,0,3,3,0,0,3,0.0,0.0,0.0,0.0,0.0,1.0,-1
"F[0,2](Pt_FatherT1D >= 0.000 -> Pt_SHFlg = 0.000)
",-9999999.000,-9999999.000,0.000,0.000,1.000,0,0,0,3,3,0,0,3,0.0,0.0,0.0,0.0,0.0,1.0,-1
"F[0,1](Triglyc <= 43.467 & Pt_SHFlg = 0.000)
",-9999999.000,-9999999.000,0.000,0.000,1.000,0,0,0,3,3,0,0,3,0.0,0.0,0.0,0.0,0.0,1.0,-1
"((SMBGperDayPtMeterCombo > 6.685) U[2,2] (Pt_SHFlg = 0.000))
",0.000,0.000,0.000,0.000,1.000,0,0,0,3,3,0,0,3,0.0,0.0,0.0,0.0,0.0,1.0,-1
"F[0,1](diagAgeCombo <= 13.000 -> Pt_SHFlg = 0.000)
",-9999999.000,-9999999.000,0.000,0.000,1.000,0,0,0,3,3,0,0,3,0.0,0.0,0.0,0.0,0.0,1.0,-1
"F[0,1](BldPrDia > 52.853 -> Pt_SHFlg = 0.000)
",-9999999.000,-9999999.000,0.000,0.000,1.000,0,0,0,3,3,0,0,3,0.0,0.0,0.0,0.0,0.0,1.0,-1
"F[0,0](BGTestAvgNumPtRep > 2.921 -> Pt_SHFlg = 0.000)
",2.921,2.921,0.000,0.000,1.000,0,0,0,3,3,0,0,3,0.0,0.0,0.0,0.0,0.0,1.0,-1
"((BGTestAvgNumPtRep < 6.019) U[2,2] (Pt_SHFlg = 0.000))
",6.019,6.019,0.000,0.000,1.000,0,0,0,3,3,0,0,3,0.0,0.0,0.0,0.0,0.0,1.0,-1
"F[0,1](DirectLDL < 0.000 -> Pt_SHFlg = 0.000)
",-9999999.000,-9999999.000,0.000,0.000,1.000,0,0,0,3,3,0,0,3,0.0,0.0,0.0,0.0,0.0,1.0,-1
"F[0,2](TotChol <= 146.943 -> Pt_SHFlg = 0.000)
",-9999999.000,-9999999.000,0.000,0.000,1.000,0,0,0,3,3,0,0,3,0.0,0.0,0.0,0.0,0.0,1.0,-1
"F[0,2](UnitsInsBasalOrLongAct < 11.480 & Pt_SHFlg = 0.000)
",-9999999.000,-9999999.000,0.000,0.000,1.000,0,0,0,3,3,0,0,3,0.0,0.0,0.0,0.0,0.0,1.0,-1
"F[2,2](Pt_SiblingT1D > 0.000 & Pt_SHFlg = 0.000)
",0.000,0.000,0.000,0.000,1.000,0,0,0,3,3,0,0,3,0.0,0.0,0.0,0.0,0.0,1.0,-1
"F[1,2](diagAgeCombo >= 13.000 & Pt_SHFlg = 0.000)
",-9999999.000,-9999999.000,0.000,0.000,1.000,0,0,0,3,3,0,0,3,0.0,0.0,0.0,0.0,0.0,1.0,-1
"F[0,2](Triglyc >= 2.170 -> Pt_SHFlg = 0.000)
",-9999999.000,-9999999.000,0.000,0.000,1.000,0,0,0,3,3,0,0,3,0.0,0.0,0.0,0.0,0.0,1.0,-1
"F[1,2](LDL < 71.706 -> Pt_SHFlg = 0.000)
",-9999999.000,-9999999.000,0.000,0.000,1.000,0,0,0,3,3,0,0,3,0.0,0.0,0.0,0.0,0.0,1.0,-1
"F[0,0](((diagAgeCombo <= 13.000 | HeightCm >= 178.067) -> Pt_InsGov <= 178.706) | Pt_A1cGoalLev >= 178.094)
",-165.094,-165.094,0.000,0.000,1.000,0,0,0,3,3,0,0,3,0.0,0.0,0.0,0.0,0.0,1.0,-1
"((HbA1c <= 6.952) U[0,1] (DirectLDL <= 0.000))
",-9999999.000,-9999999.000,0.000,0.000,1.000,0,0,0,3,3,0,0,3,0.0,0.0,0.0,0.0,0.0,1.0,-1
"F[2,2](((TotChol <= 151.906 -> AutonomicNeuroCl >= 1.000) & UnitsInsBasalOrLongAct <= 1.000) & Pt_InsGov >= 1.000)
",-151.906,-151.906,0.000,0.000,1.000,0,0,0,3,3,0,0,3,0.0,0.0,0.0,0.0,0.0,1.0,-1
"G[0,2](HbA1cImputeDtMnC <= 21.421 -> Pt_SHFlg = 0.000)
",9999999.000,9999999.000,0.000,1.000,0.000,0,0,3,0,0,3,3,0,0.0,0.0,1.0,0.0,0.0,1.0,1
"G[1,2]((diabDur <= 52.383 -> Pt_CGMUseNumDays <= 18.201) & UnitsInsBasalOrLongAct >= 3.352)
",9999999.000,9999999.000,0.000,1.000,0.000,0,0,3,0,0,3,3,0,0.0,0.0,1.0,0.0,0.0,1.0,1
"G[2,2]((diabDur >= 50.599 -> WeightKg <= 77.294) | Triglyc <= 77.173)
",77.173,77.173,0.000,1.000,0.000,0,0,3,0,0,3,3,0,0.0,0.0,1.0,0.0,0.0,1.0,1
"G[0,2](BldPrSys > 103.924 -> Pt_SHFlg = 0.000)
",9999999.000,9999999.000,0.000,1.000,0.000,0,0,3,0,0,3,3,0,0.0,0.0,1.0,0.0,0.0,1.0,1
"G[1,2](GFR <= 0.000 -> Pt_SHFlg = 0.000)
",9999999.000,9999999.000,0.000,1.000,0.000,0,0,3,0,0,3,3,0,0.0,0.0,1.0,0.0,0.0,1.0,1
"G[1,2](Pt_GrandchildT1D < 0.000 & Pt_SHFlg = 0.000)
",9999999.000,9999999.000,0.000,1.000,0.000,0,0,1,2,2,1,1,2,0.0,0.0,1.0,0.0,0.0,1.0,1
"G[0,2](BGTestAvgNumMeter <= 4.768 -> Pt_SHFlg = 0.000)
",9999999.000,9999999.000,0.000,1.000,0.000,0,0,3,0,0,3,3,0,0.0,0.0,1.0,0.0,0.0,1.0,1
"G[0,2](AlbCreatRat_mggNew >= 0.000 & Pt_SHFlg = 0.000)
",9999999.000,9999999.000,0.000,1.000,0.000,0,0,3,0,0,3,3,0,0.0,0.0,1.0,0.0,0.0,1.0,1
"G[2,2](HbA1cImputeDtMnC > 6.179 & Pt_SHFlg = 0.000)
",-6.179,-6.179,0.000,1.000,0.000,0,0,3,0,0,3,3,0,0.0,0.0,1.0,0.0,0.0,1.0,1
"G[0,2](Pt_FatherT1D <= 0.000 -> Pt_SHFlg = 0.000)
",9999999.000,9999999.000,0.000,1.000,0.000,0,0,3,0,0,3,3,0,0.0,0.0,1.0,0.0,0.0,1.0,1
"G[0,2](TSH < 2.489 -> Pt_SHFlg = 0.000)
",9999999.000,9999999.000,0.000,1.000,0.000,0,0,3,0,0,3,3,0,0.0,0.0,1.0,0.0,0.0,1.0,1
"G[1,2](GFR <= 0.000 -> Pt_SHFlg = 0.000)
",9999999.000,9999999.000,0.000,1.000,0.000,0,0,3,0,0,3,3,0,0.0,0.0,1.0,0.0,0.0,1.0,1
"G[1,2](SMBGperDayPtMeterCombo < 6.895 & Pt_SHFlg = 0.000)
",9999999.000,9999999.000,0.000,1.000,0.000,0,0,1,2,2,1,1,2,0.0,0.0,1.0,0.0,0.0,1.0,1
"G[1,2](((bmiZscore >= -1.236 | WeightKg <= 78.808) | DirectLDL <= 78.683) | Pt_SHFlg >= 72.158)
",9999999.000,9999999.000,0.000,1.000,0.000,0,0,3,0,0,3,3,0,0.0,0.0,1.0,0.0,0.0,1.0,1
"G[0,2](age < 66.147 -> Pt_SHFlg = 0.000)
",9999999.000,9999999.000,0.000,1.000,0.000,0,0,3,0,0,3,3,0,0.0,0.0,1.0,0.0,0.0,1.0,1
"G[2,2](SMBGperDayPtMeterCombo >= 6.226 & BGTestAvgNumPtRep >= 3.717)
",-6.226,-6.226,0.000,1.000,0.000,0,0,3,0,0,3,3,0,0.0,0.0,1.0,0.0,0.0,1.0,1
"G[0,2]((WeightKg >= 72.944 | bmi >= 23.770) -> UnitsInsBasalOrLongAct <= 9.191)
",9999999.000,9999999.000,0.000,1.000,0.000,0,0,1,2,2,1,1,2,0.0,0.0,1.0,0.0,0.0,1.0,1
"G[0,2]((WeightKg >= 72.619 | bmi >= 23.687) -> UnitsInsBasalOrLongAct <= 11.568)
",9999999.000,9999999.000,0.000,1.000,0.000,0,0,2,1,1,2,2,1,0.0,0.0,1.0,0.0,0.0,1.0,1
"G[2,2](GFR <= 0.000 -> BUN >= 14.599)
",0.000,0.000,0.000,1.000,0.000,0,0,3,0,0,3,3,0,0.0,0.0,1.0,0.0,0.0,1.0,1
"G[1,2](SMBGperDayPtMeterCombo >= 6.371 & BGTestAvgNumPtRep >= 0.756)
",9999999.000,9999999.000,0.000,1.000,0.000,0,0,3,0,0,3,3,0,0.0,0.0,1.0,0.0,0.0,1.0,1
"G[1,2](SMBGperDayPtMeterCombo >= 6.522 & BGTestAvgNumPtRep >= 2.299)
",9999999.000,9999999.000,0.000,1.000,0.000,0,0,3,0,0,3,3,0,0.0,0.0,1.0,0.0,0.0,1.0,1
"G[1,2]((WeightKg >= 73.621 | bmi >= 22.541) -> UnitsInsBasalOrLongAct <= 11.233)
",9999999.000,9999999.000,0.000,1.000,0.000,0,0,3,0,0,3,3,0,0.0,0.0,1.0,0.0,0.0,1.0,1
"G[1,2]((WeightKg >= 71.731 | bmi >= 23.875) -> UnitsInsBasalOrLongAct <= 10.366)
",9999999.000,9999999.000,0.000,1.000,0.000,0,0,2,1,1,2,2,1,0.0,0.0,1.0,0.0,0.0,1.0,1
"G[0,2](SMBGperDayPtMeterCombo >= 6.002 & BGTestAvgNumPtRep >= 1.686)
",9999999.000,9999999.000,0.000,1.000,0.000,0,0,1,2,2,1,1,2,0.0,0.0,1.0,0.0,0.0,1.0,1
"G[0,2]((WeightKg >= 74.997 | bmi >= 23.264) -> UnitsInsBasalOrLongAct <= 10.057)
",9999999.000,9999999.000,0.000,1.000,0.000,0,0,1,2,2,1,1,2,0.0,0.0,1.0,0.0,0.0,1.0,1
"G[2,2](((Pt_CGMUseNumDays >= 2.614 & TotChol <= 146.270) & Pt_A1cGoalLevelDsYr5 >= 144.503) | bmi <= 149.950)
",149.950,149.950,0.000,1.000,0.000,0,0,3,0,0,3,3,0,0.0,0.0,1.0,0.0,0.0,1.0,1
"G[0,2]((TotalDailyInsPerKg <= 0.514 & TotChol >= 143.793) & bmi <= 148.549)
",9999999.000,9999999.000,0.000,1.000,0.000,0,0,2,1,1,2,2,1,0.0,0.0,1.0,0.0,0.0,1.0,1
"G[0,1](((BUN >= 7.964 | TSH >= 0.107) | TSH <= 2.103) & bmiZscore >= 0.560)
",9999999.000,9999999.000,0.000,1.000,0.000,0,0,0,3,3,0,0,3,0.0,0.0,0.0,0.0,0.0,1.0,1
"G[1,2](((age >= 63.497 & TotalDailyInsPerKg <= 0.522) -> NumPumpBolusOrShortAct >= 0.362) & Pt_SiblingT1D >= 0.406)
",9999999.000,9999999.000,0.000,1.000,0.000,0,0,1,2,2,1,1,2,0.0,0.0,1.0,0.0,0.0,1.0,1
"G[1,2](((BldPrSys >= 102.601 -> TotalDailyInsPerKg <= 0.477) | HbA1c <= 0.502) & Pt_SHFlg >= 0.389)
",9999999.000,9999999.000,0.000,1.000,0.000,0,0,1,2,2,1,1,2,0.0,0.0,1.0,0.0,0.0,1.0,1
"G[0,1](TSH >= 0.836 & UnitsInsBasalOrLongAct >= 7.609)
",9999999.000,9999999.000,0.000,1.000,0.000,0,0,0,3,3,0,0,3,0.0,0.0,0.0,0.0,0.0,1.0,1
"G[0,2](HDL >= 38.321 -> HeightCm >= 178.033)
",9999999.000,9999999.000,0.000,1.000,0.000,0,0,1,2,2,1,1,2,0.0,0.0,1.0,0.0,0.0,1.0,1
"G[1,1]((HbA1c >= 6.144 & SMBGperDayPtMeterCombo >= 6.716) & NumPumpBolusOrShortAct >= 6.065)
",-6.716,-6.716,0.000,1.000,0.000,0,0,1,2,2,1,1,2,0.0,0.0,1.0,0.0,0.0,1.0,1
"G[1,2]((HbA1c <= 6.628 & Pt_CGMUseNumDays >= 0.740) & bmiPerc >= 2.324)
",9999999.000,9999999.000,0.000,1.000,0.000,0,0,1,2,2,1,1,2,0.0,0.0,1.0,0.0,0.0,1.0,1
"G[1,2]((HbA1c <= 6.923 -> Triglyc >= 11.533) & LDL <= 28.346)
",9999999.000,9999999.000,0.000,1.000,0.000,0,0,1,2,2,1,1,2,0.0,0.0,1.0,0.0,0.0,1.0,1
"G[1,2]((age <= 65.166 -> HDL <= 69.505) | AlbCreatRat_mggNew <= 73.457)
",9999999.000,9999999.000,0.000,1.000,0.000,0,0,3,0,0,3,3,0,0.0,0.0,1.0,0.0,0.0,1.0,1
"G[1,2](((age >= 63.359 & BldPrSys >= 103.183) & BGTestAvgNumPtRep <= 105.442) -> diagAgeCombo <= 105.183)
",9999999.000,9999999.000,0.000,1.000,0.000,0,0,3,0,0,3,3,0,0.0,0.0,1.0,0.0,0.0,1.0,1
"G[1,2]((diabDur >= 50.481 -> TotalDailyInsPerKg >= 0.369) | Pt_A1cGoalLevelDsYr5 <= 0.542)
",9999999.000,9999999.000,0.000,1.000,0.000,0,0,3,0,0,3,3,0,0.0,0.0,1.0,0.0,0.0,1.0,1
"G[0,1](((HeightCm <= 179.022 | TSH >= 0.149) -> bmi >= 0.531) & bmi <= 2.509)
",9999999.000,9999999.000,0.000,1.000,0.000,0,0,0,3,3,0,0,3,0.0,0.0,0.0,0.0,0.0,1.0,1
"G[1,2](((NumPumpBolusOrShortAct <= 5.943 | TotalDailyInsPerKg >= 0.396) & bmiZscore <= 0.449) & age <= 0.432)
",9999999.000,9999999.000,0.000,1.000,0.000,0,0,1,2,2,1,1,2,0.0,0.0,1.0,0.0,0.0,1.0,1
"G[2,2](bmiZscore >= -1.190 & LDL >= 11.230)
",-11.230,-11.230,0.000,1.000,0.000,0,0,3,0,0,3,3,0,0.0,0.0,1.0,0.0,0.0,1.0,1
"G[2,2](Pt_CGMUseNumDays >= 1.958 & WeightKg >= 73.918)
",-73.918,-73.918,0.000,1.000,0.000,0,0,3,0,0,3,3,0,0.0,0.0,1.0,0.0,0.0,1.0,1
"G[1,2]((BGTestAvgNumPtRep <= 6.495 | TotalDailyInsPerKg >= 0.412) & Pt_DKAFlg >= 0.413)
",9999999.000,9999999.000,0.000,1.000,0.000,0,0,1,2,2,1,1,2,0.0,0.0,1.0,0.0,0.0,1.0,1
"G[2,2](HDL >= 34.772 & WeightKg <= 76.953)
",-34.772,-34.772,0.000,1.000,0.000,0,0,3,0,0,3,3,0,0.0,0.0,1.0,0.0,0.0,1.0,1
"G[2,2]((bmiZscore >= -1.021 -> Triglyc >= 16.854) -> TSH >= 7.270)
",1.021,1.021,0.000,1.000,0.000,0,0,3,0,0,3,3,0,0.0,0.0,1.0,0.0,0.0,1.0,1
"G[0,2](bmi >= 23.394 | Triglyc <= 42.109)
",9999999.000,9999999.000,0.000,1.000,0.000,0,0,2,1,1,2,2,1,0.0,0.0,1.0,0.0,0.0,1.0,1
"G[0,1]((HDL >= 25.524 & UnitsInsBasalOrLongAct <= 9.731) | Pt_FatherT1D >= 4.177)
",9999999.000,9999999.000,0.000,1.000,0.000,0,0,0,3,3,0,0,3,0.0,0.0,0.0,0.0,0.0,1.0,1
"G[2,2](bmi <= 24.175 | SMBGperDayPtMeterCombo >= 6.403)
",24.175,24.175,0.000,1.000,0.000,0,0,3,0,0,3,3,0,0.0,0.0,1.0,0.0,0.0,1.0,1
"G[1,2]((BldPrDia >= 53.129 -> HDL <= 64.306) -> bmiPerc >= 28.889)
",9999999.000,9999999.000,0.000,1.000,0.000,0,0,2,1,1,2,2,1,0.0,0.0,1.0,0.0,0.0,1.0,1
"G[2,2](((BGTestAvgNumMeter <= 6.373 & SMBGperDayPtMeterCombo <= 6.903) & Pt_FatherT1D <= 6.944) | Pt_GrandchildT1D <= 6.867)
",6.867,6.867,0.000,1.000,0.000,0,0,3,0,0,3,3,0,0.0,0.0,1.0,0.0,0.0,1.0,1
"G[1,2](GFR <= 0.000 -> BUN >= 13.589)
",9999999.000,9999999.000,0.000,1.000,0.000,0,0,3,0,0,3,3,0,0.0,0.0,1.0,0.0,0.0,1.0,1
"G[1,2]((BUN <= 22.799 | SMBGperDayPtMeterCombo <= 6.975) | bmiZscore >= 6.300)
",9999999.000,9999999.000,0.000,1.000,0.000,0,0,2,1,1,2,2,1,0.0,0.0,1.0,0.0,0.0,1.0,1
"G[2,2]((WeightKg >= 71.633 | bmi >= 23.946) -> UnitsInsBasalOrLongAct <= 9.360)
",-9.360,-9.360,0.000,1.000,0.000,0,0,3,0,0,3,3,0,0.0,0.0,1.0,0.0,0.0,1.0,1
"G[0,2](((diabDur <= 52.087 | HbA1cImputeDtMnC >= 12.748) & UnitsInsBasalOrLongAct <= 23.094) & age >= 20.651)
",9999999.000,9999999.000,0.000,1.000,0.000,0,0,3,0,0,3,3,0,0.0,0.0,1.0,0.0,0.0,1.0,1
"G[2,2](BldPrSys >= 104.200 | HbA1c >= 6.230)
",-6.230,-6.230,0.000,1.000,0.000,0,0,3,0,0,3,3,0,0.0,0.0,1.0,0.0,0.0,1.0,1
"G[1,2](((Pt_GrandparentT1D >= 0.000 & BldPrDia >= 54.991) -> LDL >= 51.494) | HbA1c >= 52.962)
",9999999.000,9999999.000,0.000,1.000,0.000,0,0,3,0,0,3,3,0,0.0,0.0,1.0,0.0,0.0,1.0,1
"G[0,2](((TotalDailyInsPerKg <= 0.491 | BldPrDia <= 61.957) & BldPrDia <= 61.613) | Pt_ChildT1D >= 56.408)
",9999999.000,9999999.000,0.000,1.000,0.000,0,0,2,1,1,2,2,1,0.0,0.0,1.0,0.0,0.0,1.0,1
"G[1,2](((TotChol >= 141.845 -> BUN >= 2.771) -> Pt_A1cGoalLevelDsYr5 <= 18.276) -> TotalDailyInsPerKg <= 24.296)
",9999999.000,9999999.000,0.000,1.000,0.000,0,0,3,0,0,3,3,0,0.0,0.0,1.0,0.0,0.0,1.0,1
"G[2,2]((bmiPerc >= 0.000 | diabDur >= 50.352) & LDL <= 52.111)
",0.000,0.000,0.000,1.000,0.000,0,0,3,0,0,3,3,0,0.0,0.0,1.0,0.0,0.0,1.0,1
"G[0,1](((TSH <= 2.743 | Pt_SiblingT1D <= 0.000) | Pt_InsGov >= 0.000) & UnitsInsBasalOrLongAct <= 0.000)
",9999999.000,9999999.000,0.000,1.000,0.000,0,0,0,3,3,0,0,3,0.0,0.0,0.0,0.0,0.0,1.0,1
"G[1,2](((Pt_SHFlg <= 0.000 -> NumPumpBolusOrShortAct >= 1.484) | age >= 1.291) & UnitsInsBasalOrLongAct >= 1.537)
",9999999.000,9999999.000,0.000,1.000,0.000,0,0,3,0,0,3,3,0,0.0,0.0,1.0,0.0,0.0,1.0,1
"G[0,2]((TotChol <= 150.556 | bmi <= 24.614) | diagAgeCombo <= 24.032)
",9999999.000,9999999.000,0.000,1.000,0.000,0,0,3,0,0,3,3,0,0.0,0.0,1.0,0.0,0.0,1.0,1
"G[0,2]((Pt_GrandparentT1D <= 0.000 & BldPrDia <= 60.330) & bmi <= 59.604)
",9999999.000,9999999.000,0.000,1.000,0.000,0,0,2,1,1,2,2,1,0.0,0.0,1.0,0.0,0.0,1.0,1
"G[0,2](bmiPerc <= 0.000 -> AutonomicNeuroCl <= 1.000)
",9999999.000,9999999.000,0.000,1.000,0.000,0,0,3,0,0,3,3,0,0.0,0.0,1.0,0.0,0.0,1.0,1
"G[1,1]((BldPrSys >= 103.077 -> diabDur >= 50.676) -> Pt_MotherT1D >= 50.303)
",-50.676,-50.676,0.000,1.000,0.000,0,0,1,2,2,1,1,2,0.0,0.0,1.0,0.0,0.0,1.0,1
"G[0,2](((WeightKg >= 72.834 -> HDL <= 69.562) -> HDL <= 72.405) -> Pt_SiblingT1D <= 72.926)
",9999999.000,9999999.000,0.000,1.000,0.000,0,0,3,0,0,3,3,0,0.0,0.0,1.0,0.0,0.0,1.0,1
"G[0,2]((HDL >= 46.746 & BUN >= 4.218) & Pt_SiblingT1D >= 13.988)
",9999999.000,9999999.000,0.000,1.000,0.000,0,0,0,3,3,0,0,3,0.0,0.0,0.0,0.0,0.0,1.0,1
"G[0,2](((Pt_SHFlg >= 0.000 -> NumPumpBolusOrShortAct <= 3.994) & Pt_GrandchildT1D <= 5.738) & Pt_GrandchildT1D <= 6.601)
",9999999.000,9999999.000,0.000,1.000,0.000,0,0,2,1,1,2,2,1,0.0,0.0,1.0,0.0,0.0,1.0,1
"G[0,2](BGTestAvgNumMeter <= 4.600 & BUN >= 3.514)
",9999999.000,9999999.000,0.000,1.000,0.000,0,0,2,1,1,2,2,1,0.0,0.0,1.0,0.0,0.0,1.0,1
"G[1,2](BldPrDia >= 52.084 -> bmiZscore >= -0.993)
",9999999.000,9999999.000,0.000,1.000,0.000,0,0,2,1,1,2,2,1,0.0,0.0,1.0,0.0,0.0,1.0,1
"G[0,1](((AlbCreatRat_mggNew <= 0.000 & Pt_A1cGoalLev >= 0.000) | TotalDailyInsPerKg >= 0.000) -> AutonomicNeuroCl <= 0.000)
",9999999.000,9999999.000,0.000,1.000,0.000,0,0,0,3,3,0,0,3,0.0,0.0,0.0,0.0,0.0,1.0,1
"G[0,2]((HeightCm >= 178.175 -> Pt_MotherT1D <= 0.000) & Pt_A1cGoalLevelDsYr5 >= 0.000)
",9999999.000,9999999.000,0.000,1.000,0.000,0,0,3,0,0,3,3,0,0.0,0.0,1.0,0.0,0.0,1.0,1
"G[1,1]((BldPrSys >= 104.718 -> Pt_A1cGoalLevelDsYr5 <= 0.000) -> HeightCm <= 0.000)
",0.000,0.000,0.000,1.000,0.000,0,0,1,2,2,1,1,2,0.0,0.0,1.0,0.0,0.0,1.0,1
"G[0,2]((Triglyc <= 44.571 -> Pt_SiblingT1D <= 0.000) -> Pt_ChildT1D >= 0.000)
",9999999.000,9999999.000,0.000,1.000,0.000,0,0,3,0,0,3,3,0,0.0,0.0,1.0,0.0,0.0,1.0,1
"G[0,2](HeightCm >= 178.056 -> LDL <= 68.252)
",9999999.000,9999999.000,0.000,1.000,0.000,0,0,3,0,0,3,3,0,0.0,0.0,1.0,0.0,0.0,1.0,1
"G[0,2](((diagAgeCombo >= 13.000 & HbA1c >= 6.559) | HeightCm >= 6.200) & SMBGperDayPtMeterCombo <= 6.782)
",9999999.000,9999999.000,0.000,1.000,0.000,0,0,0,3,3,0,0,3,0.0,0.0,0.0,0.0,0.0,1.0,1
"G[0,1]((BldPrSys >= 104.040 & NumPumpBolusOrShortAct <= 4.348) & Pt_FatherT1D >= 0.007)
",9999999.000,9999999.000,0.000,1.000,0.000,0,0,0,3,3,0,0,3,0.0,0.0,0.0,0.0,0.0,1.0,1
"G[0,2](((BUN >= 16.285 & Pt_FatherT1D >= 0.000) -> Pt_GrandchildT1D >= 0.000) -> AutonomicNeuroCl >= 0.000)
",9999999.000,9999999.000,0.000,1.000,0.000,0,0,3,0,0,3,3,0,0.0,0.0,1.0,0.0,0.0,1.0,1
"G[2,2]((BldPrDia >= 55.568 | BUN >= 9.430) | GFR >= 10.503)
",-9.430,-9.430,0.000,1.000,0.000,0,0,3,0,0,3,3,0,0.0,0.0,1.0,0.0,0.0,1.0,1
"G[0,2](((bmiPerc >= 0.000 & HDL <= 68.008) | WeightKg >= 25.780) & Pt_ChildT1D >= 25.767)
",9999999.000,9999999.000,0.000,1.000,0.000,0,0,0,3,3,0,0,3,0.0,0.0,0.0,0.0,0.0,1.0,1
"G[0,2](Pt_FatherT1D >= 0.000 -> Pt_A1cGoalLevelDsYr5 >= 0.000)
",9999999.000,9999999.000,0.000,1.000,0.000,0,0,3,0,0,3,3,0,0.0,0.0,1.0,0.0,0.0,1.0,1
"G[1,2](SMBGperDayPtMeterCombo >= 6.038 & BGTestAvgNumPtRep >= 1.121)
",9999999.000,9999999.000,0.000,1.000,0.000,0,0,3,0,0,3,3,0,0.0,0.0,1.0,0.0,0.0,1.0,1
"G[0,1]((UnitsInsBasalOrLongAct >= 4.720 & UnitsInsBasalOrLongAct >= 2.375) -> diabDur <= 11.689)
",9999999.000,9999999.000,0.000,1.000,0.000,0,0,0,3,3,0,0,3,0.0,0.0,0.0,0.0,0.0,1.0,1
"G[1,2]((BldPrDia <= 60.053 -> LDL >= 26.956) | WeightKg >= 4.882)
",9999999.000,9999999.000,0.000,1.000,0.000,0,0,3,0,0,3,3,0,0.0,0.0,1.0,0.0,0.0,1.0,1
"G[0,0]((HbA1cImputeDtMnC >= 11.374 & SMBGperDayPtMeterCombo <= 6.934) & DirectLDL >= 6.226)
",-8.178,-49.066,0.000,1.000,0.000,0,0,0,3,3,0,0,3,0.0,0.0,0.0,0.0,0.0,1.0,1
"G[0,2]((HbA1cImputeDtMnC >= 7.097 -> Pt_CGMUseNumDays >= 1.938) & HDL <= 5.032)
",9999999.000,9999999.000,0.000,1.000,0.000,0,0,0,3,3,0,0,3,0.0,0.0,0.0,0.0,0.0,1.0,1
"G[2,2](((NumPumpBolusOrShortAct <= 4.048 | Triglyc >= 14.925) -> Pt_GrandchildT1D <= 33.297) -> diagAgeCombo >= 4.686)
",4.686,4.686,0.000,1.000,0.000,0,0,3,0,0,3,3,0,0.0,0.0,1.0,0.0,0.0,1.0,1
"G[0,1](age <= 65.907 & BGTestAvgNumMeter >= 0.622)
",9999999.000,9999999.000,0.000,1.000,0.000,0,0,0,3,3,0,0,3,0.0,0.0,0.0,0.0,0.0,1.0,1
"G[0,2](((age <= 66.266 | SMBGperDayPtMeterCombo >= 6.682) & Pt_A1cGoalLevelDsYr5 >= 6.271) -> LDL >= 6.322)
",9999999.000,9999999.000,0.000,1.000,0.000,0,0,3,0,0,3,3,0,0.0,0.0,1.0,0.0,0.0,1.0,1
"G[0,2]((bmiZscore >= -1.061 & HbA1c <= 6.945) & BGTestAvgNumMeter <= 6.796)
",9999999.000,9999999.000,0.000,1.000,0.000,0,0,0,3,3,0,0,3,0.0,0.0,0.0,0.0,0.0,1.0,1
"G[0,2](((BUN <= 19.288 & TotChol >= 143.642) -> Pt_CGMUseNumDays <= 155.023) -> HbA1cImputeDtMnC >= 139.225)
",9999999.000,9999999.000,0.000,1.000,0.000,0,0,0,3,3,0,0,3,0.0,0.0,0.0,0.0,0.0,1.0,1
"G[2,2](bmiZscore <= -0.764 -> BUN >= 2.991)
",0.764,0.764,0.000,1.000,0.000,0,0,3,0,0,3,3,0,0.0,0.0,1.0,0.0,0.0,1.0,1
"G[1,1](((BUN >= 8.233 | WeightKg <= 76.712) | BldPrSys >= 71.682) & SMBGperDayPtMeterCombo >= 72.365)
",-72.365,-72.365,0.000,1.000,0.000,0,0,1,2,2,1,1,2,0.0,0.0,1.0,0.0,0.0,1.0,1
"G[1,2](((HbA1c >= 6.305 | WeightKg >= 74.245) & bmiPerc >= 71.529) | Pt_FatherT1D <= 76.150)
",9999999.000,9999999.000,0.000,1.000,0.000,0,0,3,0,0,3,3,0,0.0,0.0,1.0,0.0,0.0,1.0,1
"G[1,2]((diabDur >= 50.557 | UnitsInsBasalOrLongAct >= 5.590) | WeightKg >= 7.841)
",9999999.000,9999999.000,0.000,1.000,0.000,0,0,3,0,0,3,3,0,0.0,0.0,1.0,0.0,0.0,1.0,1
"G[0,1](((bmi <= 25.102 -> TotalDailyInsPerKg <= 0.452) | bmiZscore <= 0.534) -> DirectLDL >= 0.361)
",9999999.000,9999999.000,0.000,1.000,0.000,0,0,0,3,3,0,0,3,0.0,0.0,0.0,0.0,0.0,1.0,1
"G[1,2]((age <= 65.101 -> UnitsInsBasalOrLongAct <= 11.293) & Pt_GrandchildT1D >= 5.362)
",9999999.000,9999999.000,0.000,1.000,0.000,0,0,1,2,2,1,1,2,0.0,0.0,1.0,0.0,0.0,1.0,1
"G[1,2](diabDur <= 52.734 & TotChol >= 140.514)
",9999999.000,9999999.000,0.000,1.000,0.000,0,0,3,0,0,3,3,0,0.0,0.0,1.0,0.0,0.0,1.0,1
"G[0,2](age >= 64.042 | bmiZscore <= -0.814)
",9999999.000,9999999.000,0.000,1.000,0.000,0,0,3,0,0,3,3,0,0.0,0.0,1.0,0.0,0.0,1.0,1
"G[0,1](BldPrDia <= 58.681 & diabDur >= 51.316)
",9999999.000,9999999.000,0.000,1.000,0.000,0,0,1,2,2,1,1,2,0.0,0.0,1.0,0.0,0.0,1.0,1
"G[0,2]((bmi <= 24.074 | HeightCm <= 178.308) & BGTestAvgNumMeter <= 178.572)
",9999999.000,9999999.000,0.000,1.000,0.000,0,0,3,0,0,3,3,0,0.0,0.0,1.0,0.0,0.0,1.0,1
"G[1,2]((NumPumpBolusOrShortAct >= 3.089 | SMBGperDayPtMeterCombo <= 6.888) | UnitsInsBasalOrLongAct <= 6.967)
",9999999.000,9999999.000,0.000,1.000,0.000,0,0,1,2,2,1,1,2,0.0,0.0,1.0,0.0,0.0,1.0,1
"G[1,2](BUN >= 6.075 | diabDur >= 50.719)
",9999999.000,9999999.000,0.000,1.000,0.000,0,0,3,0,0,3,3,0,0.0,0.0,1.0,0.0,0.0,1.0,1
"G[0,1](age >= 63.420 & HeightCm >= 177.906)
",9999999.000,9999999.000,0.000,1.000,0.000,0,0,0,3,3,0,0,3,0.0,0.0,0.0,0.0,0.0,1.0,1
"G[0,1](((NumPumpBolusOrShortAct <= 3.285 & TotChol >= 138.394) | UnitsInsBasalOrLongAct <= 150.722) -> LDL >= 138.880)
",9999999.000,9999999.000,0.000,1.000,0.000,0,0,0,3,3,0,0,3,0.0,0.0,0.0,0.0,0.0,1.0,1
"G[1,2](age <= 65.133 | BldPrDia >= 55.331)
",9999999.000,9999999.000,0.000,1.000,0.000,0,0,2,1,1,2,2,1,0.0,0.0,1.0,0.0,0.0,1.0,1
"G[0,1]((BGTestAvgNumPtRep <= 6.915 & BUN <= 24.157) & Pt_A1cGoalLevelDsYr5 >= 10.293)
",9999999.000,9999999.000,0.000,1.000,0.000,0,0,0,3,3,0,0,3,0.0,0.0,0.0,0.0,0.0,1.0,1
"G[0,2](((bmi <= 24.616 -> NumPumpBolusOrShortAct >= 2.582) & HbA1c <= 5.530) & HDL <= 6.306)
",9999999.000,9999999.000,0.000,1.000,0.000,0,0,0,3,3,0,0,3,0.0,0.0,0.0,0.0,0.0,1.0,1
"G[0,2](((BGTestAvgNumPtRep <= 5.897 & TotChol >= 138.499) | Pt_MotherT1D >= 139.349) -> GFR <= 155.891)
",9999999.000,9999999.000,0.000,1.000,0.000,0,0,3,0,0,3,3,0,0.0,0.0,1.0,0.0,0.0,1.0,1
"F[0,2](HbA1c >= 6.210 -> Pt_A1cGoalLevelDsYr5 = 0.000)
",-9999999.000,-9999999.000,0.000,0.000,1.000,0,0,0,3,3,0,0,3,0.0,0.0,0.0,0.0,0.0,1.0,-1
"F[1,2]((TotalDailyInsPerKg <= 0.425 -> HbA1c >= 6.199) -> NumPumpBolusOrShortAct <= 6.951)
",-9999999.000,-9999999.000,0.000,0.000,1.000,0,0,0,3,3,0,0,3,0.0,0.0,0.0,0.0,0.0,1.0,-1
"F[0,2](BUN >= 6.523 | Pt_GrandchildT1D >= 0.000)
",-9999999.000,-9999999.000,0.000,0.000,1.000,0,0,0,3,3,0,0,3,0.0,0.0,0.0,0.0,0.0,1.0,-1
"F[1,2](((LDL >= 21.774 | HeightCm <= 178.392) | TSH <= 179.029) | Pt_MotherT1D <= 178.672)
",-9999999.000,-9999999.000,0.000,0.000,1.000,0,0,0,3,3,0,0,3,0.0,0.0,0.0,0.0,0.0,1.0,-1
"F[0,2]((DirectLDL <= 0.000 & SMBGperDayPtMeterCombo <= 6.950) -> Pt_CGMUseNumDays <= 6.911)
",-9999999.000,-9999999.000,0.000,0.000,1.000,0,0,0,3,3,0,0,3,0.0,0.0,0.0,0.0,0.0,1.0,-1
"((Pt_A1cGoalLev <= 0.000) U[0,1] (TSH <= 2.287))
",-9999999.000,-9999999.000,0.000,0.000,1.000,0,0,0,3,3,0,0,3,0.0,0.0,0.0,0.0,0.0,1.0,-1
"F[1,2](Pt_GrandparentT1D >= 0.000 -> Pt_FatherT1D <= 0.000)
",-9999999.000,-9999999.000,0.000,0.000,1.000,0,0,0,3,3,0,0,3,0.0,0.0,0.0,0.0,0.0,1.0,-1
"F[0,0]((Pt_GrandchildT1D >= 0.000 -> Pt_GrandparentT1D >= 0.000) -> Pt_ChildT1D <= 0.000)
",0.000,0.000,0.000,0.000,1.000,0,0,0,3,3,0,0,3,0.0,0.0,0.0,0.0,0.0,1.0,-1
"F[2,2](Pt_ChildT1D <= 0.000 -> Pt_A1cGoalLev >= 0.000)
",0.000,0.000,0.000,0.000,1.000,0,0,0,3,3,0,0,3,0.0,0.0,0.0,0.0,0.0,1.0,-1
"F[0,1]((BUN >= 4.256 -> Pt_GrandparentT1D >= 0.000) -> diabDur >= 0.000)
",-9999999.000,-9999999.000,0.000,0.000,1.000,0,0,0,3,3,0,0,3,0.0,0.0,0.0,0.0,0.0,1.0,-1
"F[0,2]((TSH >= 1.025 | BldPrSys <= 107.801) | BUN >= 102.216)
",-9999999.000,-9999999.000,0.000,0.000,1.000,0,0,0,3,3,0,0,3,0.0,0.0,0.0,0.0,0.0,1.0,-1
"F[1,2]((TSH <= 2.494 -> NumPumpBolusOrShortAct >= 1.625) & Pt_GrandchildT1D >= 2.991)
",-9999999.000,-9999999.000,0.000,0.000,1.000,0,0,0,3,3,0,0,3,0.0,0.0,0.0,0.0,0.0,1.0,-1
"F[1,2](AlbCreatRat_mggNew <= 0.000 | HbA1cImputeDtMnC >= 14.120)
",-9999999.000,-9999999.000,0.000,0.000,1.000,0,0,0,3,3,0,0,3,0.0,0.0,0.0,0.0,0.0,1.0,-1
"((BldPrSys >= 104.755) U[0,2] (LDL >= 20.727))
",-9999999.000,-9999999.000,0.000,0.000,1.000,0,0,0,3,3,0,0,3,0.0,0.0,0.0,0.0,0.0,1.0,-1
"G[1,2]((diabDur >= 50.674 | age <= 66.222) -> diagAgeCombo >= 64.137)
",9999999.000,9999999.000,0.000,1.000,0.000,0,0,1,2,2,1,1,2,0.0,0.0,1.0,0.0,0.0,1.0,1
"F[0,0](((HDL >= 27.674 & HDL >= 47.814) -> bmiPerc <= 58.417) | Pt_SiblingT1D >= 47.813)
",-26.500,-34.838,0.000,0.000,1.000,0,0,0,3,3,0,0,3,0.0,0.0,0.0,0.0,0.0,1.0,-1
"F[0,1](GFR <= 0.000 | Pt_MotherT1D >= 0.000)
",-9999999.000,-9999999.000,0.000,0.000,1.000,0,0,0,3,3,0,0,3,0.0,0.0,0.0,0.0,0.0,1.0,-1
"((age >= 64.154) U[0,1] (BUN >= 16.436))
",-9999999.000,-9999999.000,0.000,0.000,1.000,0,0,0,3,3,0,0,3,0.0,0.0,0.0,0.0,0.0,1.0,-1
"F[1,2](Pt_ChildT1D <= 0.000 -> Pt_ChildT1D <= 0.000)
",-9999999.000,-9999999.000,0.000,0.000,1.000,0,0,0,3,3,0,0,3,0.0,0.0,0.0,0.0,0.0,1.0,-1
"G[0,2](((LDL >= 26.929 | UnitsInsBasalOrLongAct >= 2.135) | AutonomicNeuroCl <= 11.067) | Pt_CGMUseNumDays >= 6.422)
",9999999.000,9999999.000,0.000,1.000,0.000,0,0,3,0,0,3,3,0,0.0,0.0,1.0,0.0,0.0,1.0,1
"G[1,1]((BldPrDia <= 56.914 -> TotalDailyInsPerKg <= 0.448) & Pt_A1cGoalLevelDsYr5 >= 0.383)
",-56.914,-56.914,0.000,1.000,0.000,0,0,1,2,2,1,1,2,0.0,0.0,1.0,0.0,0.0,1.0,1
"G[1,2](((bmi <= 23.954 & Triglyc <= 28.671) & Pt_A1cGoalLev >= 18.994) & Pt_A1cGoalLev <= 30.550)
",9999999.000,9999999.000,0.000,1.000,0.000,0,0,1,2,2,1,1,2,0.0,0.0,1.0,0.0,0.0,1.0,1
"G[0,0](((NumPumpBolusOrShortAct >= 1.458 -> TotChol <= 152.905) -> NumPumpBolusOrShortAct <= 155.025) & Pt_SHFlg >= 144.130)
",-155.025,-155.025,0.000,1.000,0.000,0,0,0,3,3,0,0,3,0.0,0.0,0.0,0.0,0.0,1.0,1
"G[1,2](((Pt_SiblingT1D <= 0.000 -> Pt_SHFlg <= 0.000) -> Pt_SHFlg <= 0.000) | WeightKg >= 0.000)
",9999999.000,9999999.000,0.000,1.000,0.000,0,0,3,0,0,3,3,0,0.0,0.0,1.0,0.0,0.0,1.0,1
"G[0,2](((Pt_GrandchildT1D >= 0.000 | bmi >= 23.772) -> Pt_ChildT1D <= 25.094) | Pt_InsGov <= 24.191)
",9999999.000,9999999.000,0.000,1.000,0.000,0,0,3,0,0,3,3,0,0.0,0.0,1.0,0.0,0.0,1.0,1
"G[0,1](((BldPrSys >= 102.230 | TotalDailyInsPerKg >= 0.363) & Pt_FatherT1D <= 0.552) -> diabDur <= 0.462)
",9999999.000,9999999.000,0.000,1.000,0.000,0,0,0,3,3,0,0,3,0.0,0.0,0.0,0.0,0.0,1.0,1
"F[0,1](((BldPrDia >= 54.527 & TotalDailyInsPerKg >= 0.403) & DirectLDL >= 0.391) | AlbCreatRat_mggNew <= 0.420)
",-9999999.000,-9999999.000,0.000,0.000,1.000,0,0,0,3,3,0,0,3,0.0,0.0,0.0,0.0,0.0,1.0,-1
"((Pt_ChildT1D >= 0.000) U[1,1] (GFR >= 0.000))
",0.000,0.000,0.000,0.000,1.000,0,0,0,3,3,0,0,3,0.0,0.0,0.0,0.0,0.0,1.0,-1
"F[1,2](NumPumpBolusOrShortAct <= 4.381 & UnitsInsBasalOrLongAct >= 8.683)
",-9999999.000,-9999999.000,0.000,0.000,1.000,0,0,0,3,3,0,0,3,0.0,0.0,0.0,0.0,0.0,1.0,-1
"F[1,2](((Pt_GrandparentT1D <= 0.000 -> diagAgeCombo >= 13.000) -> AutonomicNeuroCl <= 13.000) | Pt_MotherT1D >= 13.000)
",-9999999.000,-9999999.000,0.000,0.000,1.000,0,0,0,3,3,0,0,3,0.0,0.0,0.0,0.0,0.0,1.0,-1
"F[1,1]((TotChol >= 144.987 & HbA1cImputeDtMnC >= 15.927) -> BGTestAvgNumPtRep >= 5.139)
",5.139,5.139,0.000,0.000,1.000,0,0,0,3,3,0,0,3,0.0,0.0,0.0,0.0,0.0,1.0,-1
"((Pt_GrandparentT1D >= 0.000) U[0,2] (Pt_CGMUseNumDays >= 3.970))
",-9999999.000,-9999999.000,0.000,0.000,1.000,0,0,0,3,3,0,0,3,0.0,0.0,0.0,0.0,0.0,1.0,-1
"F[1,1](Pt_GrandchildT1D >= 0.000 -> BGTestAvgNumPtRep >= 4.056)
",0.000,0.000,0.000,0.000,1.000,0,0,0,3,3,0,0,3,0.0,0.0,0.0,0.0,0.0,1.0,-1
"F[0,0]((age >= 63.130 -> Pt_GrandchildT1D <= 0.000) & Pt_FatherT1D <= 0.000)
",0.000,0.000,0.000,0.000,1.000,0,0,0,3,3,0,0,3,0.0,0.0,0.0,0.0,0.0,1.0,-1
"F[0,2](((BldPrSys <= 106.733 -> age >= 64.622) | BldPrDia >= 64.608) & HbA1c <= 66.229)
",-9999999.000,-9999999.000,0.000,0.000,1.000,0,0,0,3,3,0,0,3,0.0,0.0,0.0,0.0,0.0,1.0,-1
"F[0,1]((Pt_A1cGoalLevelDsYr5 <= 0.000 -> Pt_A1cGoalLev <= 0.000) & age >= 0.000)
",-9999999.000,-9999999.000,0.000,0.000,1.000,0,0,0,3,3,0,0,3,0.0,0.0,0.0,0.0,0.0,1.0,-1
"F[0,2](((DirectLDL >= 0.000 -> Pt_A1cGoalLev >= 0.000) -> Pt_SiblingT1D <= 0.000) & BGTestAvgNumPtRep >= 0.000)
",-9999999.000,-9999999.000,0.000,0.000,1.000,0,0,0,3,3,0,0,3,0.0,0.0,0.0,0.0,0.0,1.0,-1
"F[1,2](((Pt_DKAFlg >= 0.000 & Pt_CGMUseNumDays <= 11.774) | diabDur >= 2.514) & Pt_ChildT1D <= 14.389)
",-9999999.000,-9999999.000,0.000,0.000,1.000,0,0,0,3,3,0,0,3,0.0,0.0,0.0,0.0,0.0,1.0,-1
"F[0,2]((Pt_InsGov <= 0.000 & diabDur <= 52.722) & diabDur <= 52.829)
",-9999999.000,-9999999.000,0.000,0.000,1.000,0,0,0,3,3,0,0,3,0.0,0.0,0.0,0.0,0.0,1.0,-1
"G[1,2](((bmiPerc <= 0.000 | Pt_CGMUseNumDays >= 0.736) & BldPrDia <= 4.675) -> Pt_FatherT1D <= 4.704)
",9999999.000,9999999.000,0.000,1.000,0.000,0,0,3,0,0,3,3,0,0.0,0.0,1.0,0.0,0.0,1.0,1
"F[0,2]((UnitsInsBasalOrLongAct <= 9.062 & Pt_SiblingT1D >= 0.000) | UnitsInsBasalOrLongAct >= 0.000)
",-9999999.000,-9999999.000,0.000,0.000,1.000,0,0,0,3,3,0,0,3,0.0,0.0,0.0,0.0,0.0,1.0,-1
"F[1,2](bmiZscore >= -1.159 & HDL <= 61.628)
",-9999999.000,-9999999.000,0.000,0.000,1.000,0,0,0,3,3,0,0,3,0.0,0.0,0.0,0.0,0.0,1.0,-1
"F[1,2](AutonomicNeuroCl <= 1.000 | Pt_FatherT1D >= 0.000)
",-9999999.000,-9999999.000,0.000,0.000,1.000,0,0,0,3,3,0,0,3,0.0,0.0,0.0,0.0,0.0,1.0,-1
"F[2,2](Pt_InsGov >= 0.000 -> Pt_ChildT1D <= 0.000)
",0.000,0.000,0.000,0.000,1.000,0,0,0,3,3,0,0,3,0.0,0.0,0.0,0.0,0.0,1.0,-1
"F[0,2]((HeightCm >= 178.207 & Pt_SHFlg >= 0.000) -> AlbCreatRat_mggNew <= 0.000)
",-9999999.000,-9999999.000,0.000,0.000,1.000,0,0,0,3,3,0,0,3,0.0,0.0,0.0,0.0,0.0,1.0,-1
"F[1,1]((Pt_DKAFlg <= 0.000 -> DirectLDL >= 0.000) | AutonomicNeuroCl >= 0.000)
",0.000,0.000,0.000,0.000,1.000,0,0,0,3,3,0,0,3,0.0,0.0,0.0,0.0,0.0,1.0,-1
"F[0,1](Pt_FatherT1D >= 0.000 & TotChol >= 139.411)
",-9999999.000,-9999999.000,0.000,0.000,1.000,0,0,0,3,3,0,0,3,0.0,0.0,0.0,0.0,0.0,1.0,-1
"F[1,2](Pt_FatherT1D <= 0.000 | Pt_A1cGoalLev <= 0.000)
",-9999999.000,-9999999.000,0.000,0.000,1.000,0,0,0,3,3,0,0,3,0.0,0.0,0.0,0.0,0.0,1.0,-1
"F[0,2](((Pt_SHFlg <= 0.000 -> BGTestAvgNumPtRep <= 5.406) & Pt_SHFlg >= 0.055) | bmi >= 5.203)
",-9999999.000,-9999999.000,0.000,0.000,1.000,0,0,0,3,3,0,0,3,0.0,0.0,0.0,0.0,0.0,1.0,-1
"F[0,1]((BldPrDia >= 56.478 -> NumPumpBolusOrShortAct >= 2.306) -> TotalDailyInsPerKg <= 3.318)
",-9999999.000,-9999999.000,0.000,0.000,1.000,0,0,0,3,3,0,0,3,0.0,0.0,0.0,0.0,0.0,1.0,-1
"F[0,2]((bmiZscore <= -0.787 | bmiPerc >= 0.000) | Pt_ChildT1D >= 0.000)
",-9999999.000,-9999999.000,0.000,0.000,1.000,0,0,0,3,3,0,0,3,0.0,0.0,0.0,0.0,0.0,1.0,-1
"F[0,1](Pt_InsGov >= 0.000 | Pt_A1cGoalLevelDsYr5 >= 0.000)
",-9999999.000,-9999999.000,0.000,0.000,1.000,0,0,0,3,3,0,0,3,0.0,0.0,0.0,0.0,0.0,1.0,-1
"F[0,2](((LDL >= 5.002 -> HDL >= 35.088) -> bmiPerc <= 62.913) | BUN >= 35.534)
",-9999999.000,-9999999.000,0.000,0.000,1.000,0,0,0,3,3,0,0,3,0.0,0.0,0.0,0.0,0.0,1.0,-1
"G[1,2](((BUN <= 23.853 | Pt_ChildT1D <= 0.000) & TSH <= 0.000) -> SMBGperDayPtMeterCombo >= 0.000)
",9999999.000,9999999.000,0.000,1.000,0.000,0,0,3,0,0,3,3,0,0.0,0.0,1.0,0.0,0.0,1.0,1
"G[1,2]((BGTestAvgNumMeter >= 0.139 -> Pt_MotherT1D <= 0.000) | Pt_SHFlg <= 0.000)
",9999999.000,9999999.000,0.000,1.000,0.000,0,0,3,0,0,3,3,0,0.0,0.0,1.0,0.0,0.0,1.0,1
"G[1,2](((BldPrDia <= 59.935 -> HbA1c <= 6.694) | SMBGperDayPtMeterCombo <= 6.908) & Pt_FatherT1D <= 6.790)
",9999999.000,9999999.000,0.000,1.000,0.000,0,0,3,0,0,3,3,0,0.0,0.0,1.0,0.0,0.0,1.0,1
"G[0,2]((HDL >= 1.756 -> TSH >= 0.540) -> SMBGperDayPtMeterCombo <= 1.574)
",9999999.000,9999999.000,0.000,1.000,0.000,0,0,1,2,2,1,1,2,0.0,0.0,1.0,0.0,0.0,1.0,1
"G[1,2](diabDur <= 52.654 | BGTestAvgNumMeter >= 0.423)
",9999999.000,9999999.000,0.000,1.000,0.000,0,0,3,0,0,3,3,0,0.0,0.0,1.0,0.0,0.0,1.0,1
"G[0,2](SMBGperDayPtMeterCombo <= 6.989 | Pt_InsGov >= 0.000)
",9999999.000,9999999.000,0.000,1.000,0.000,0,0,3,0,0,3,3,0,0.0,0.0,1.0,0.0,0.0,1.0,1
"G[2,2]((Pt_CGMUseNumDays >= 3.632 & TotalDailyInsPerKg >= 0.361) | Pt_GrandparentT1D <= 0.530)
",0.530,0.530,0.000,1.000,0.000,0,0,3,0,0,3,3,0,0.0,0.0,1.0,0.0,0.0,1.0,1
"G[0,2]((diagAgeCombo <= 13.000 -> UnitsInsBasalOrLongAct <= 11.909) | HbA1c <= 9.162)
",9999999.000,9999999.000,0.000,1.000,0.000,0,0,3,0,0,3,3,0,0.0,0.0,1.0,0.0,0.0,1.0,1
"G[1,2]((UnitsInsBasalOrLongAct <= 10.440 | GFR <= 0.000) | TotChol <= 0.000)
",9999999.000,9999999.000,0.000,1.000,0.000,0,0,3,0,0,3,3,0,0.0,0.0,1.0,0.0,0.0,1.0,1
"G[2,2]((BldPrSys <= 107.233 -> BUN >= 0.539) | Pt_FatherT1D <= 18.123)
",18.123,18.123,0.000,1.000,0.000,0,0,3,0,0,3,3,0,0.0,0.0,1.0,0.0,0.0,1.0,1
"G[0,1](((HbA1c <= 6.741 & HeightCm <= 178.841) -> Triglyc >= 178.212) -> AlbCreatRat_mggNew >= 178.059)
",9999999.000,9999999.000,0.000,1.000,0.000,0,0,1,2,2,1,1,2,0.0,0.0,1.0,0.0,0.0,1.0,1
"G[0,2](BGTestAvgNumPtRep <= 5.670 | HDL <= 62.595)
",9999999.000,9999999.000,0.000,1.000,0.000,0,0,1,2,2,1,1,2,0.0,0.0,1.0,0.0,0.0,1.0,1
"G[1,1](HDL <= 57.958 & LDL >= 8.713)
",-8.713,-8.713,0.000,1.000,0.000,0,0,1,2,2,1,1,2,0.0,0.0,1.0,0.0,0.0,1.0,1
"G[0,1]((HbA1c >= 6.541 -> TotChol <= 146.380) & Pt_DKAFlg >= 145.299)
",9999999.000,9999999.000,0.000,1.000,0.000,0,0,0,3,3,0,0,3,0.0,0.0,0.0,0.0,0.0,1.0,1
"G[1,2]((BUN <= 20.944 & HDL >= 36.980) -> diabDur <= 61.190)
",9999999.000,9999999.000,0.000,1.000,0.000,0,0,3,0,0,3,3,0,0.0,0.0,1.0,0.0,0.0,1.0,1
"G[1,2](((LDL <= 62.549 & SMBGperDayPtMeterCombo <= 6.967) | TSH <= 6.869) & Triglyc <= 6.964)
",9999999.000,9999999.000,0.000,1.000,0.000,0,0,2,1,1,2,2,1,0.0,0.0,1.0,0.0,0.0,1.0,1
"G[2,2](((Pt_GrandparentT1D <= 0.000 -> Pt_SHFlg <= 0.000) & Pt_A1cGoalLevelDsYr5 <= 0.000) | Pt_GrandchildT1D >= 0.000)
",0.000,0.000,0.000,1.000,0.000,0,0,3,0,0,3,3,0,0.0,0.0,1.0,0.0,0.0,1.0,1
"G[0,2](((LDL <= 71.250 & UnitsInsBasalOrLongAct >= 1.583) -> BUN <= 10.718) & bmi >= 0.724)
",9999999.000,9999999.000,0.000,1.000,0.000,0,0,1,2,2,1,1,2,0.0,0.0,1.0,0.0,0.0,1.0,1
"G[0,2](((BGTestAvgNumPtRep >= 3.031 -> BldPrDia >= 50.628) | HbA1cImputeDtMnC <= 60.257) | BUN >= 56.176)
",9999999.000,9999999.000,0.000,1.000,0.000,0,0,3,0,0,3,3,0,0.0,0.0,1.0,0.0,0.0,1.0,1
"G[0,2]((age >= 63.153 & LDL >= 3.109) & HeightCm >= 9.330)
",9999999.000,9999999.000,0.000,1.000,0.000,0,0,1,2,2,1,1,2,0.0,0.0,1.0,0.0,0.0,1.0,1
"G[0,2](((HbA1c >= 6.372 & NumPumpBolusOrShortAct <= 6.814) -> GFR >= 1.957) & Pt_ChildT1D >= 2.175)
",9999999.000,9999999.000,0.000,1.000,0.000,0,0,0,3,3,0,0,3,0.0,0.0,0.0,0.0,0.0,1.0,1
"G[0,2](HbA1c >= 6.278 & TotalDailyInsPerKg <= 0.551)
",9999999.000,9999999.000,0.000,1.000,0.000,0,0,1,2,2,1,1,2,0.0,0.0,1.0,0.0,0.0,1.0,1
"G[1,2](((BUN <= 22.065 -> HeightCm >= 177.822) & Triglyc >= 177.958) | Pt_MotherT1D >= 178.084)
",9999999.000,9999999.000,0.000,1.000,0.000,0,0,1,2,2,1,1,2,0.0,0.0,1.0,0.0,0.0,1.0,1
"G[0,1](((TotChol <= 153.113 | WeightKg <= 78.104) -> Pt_SHFlg >= 73.510) & bmiPerc <= 79.187)
",9999999.000,9999999.000,0.000,1.000,0.000,0,0,1,2,2,1,1,2,0.0,0.0,1.0,0.0,0.0,1.0,1
"G[1,2](((BGTestAvgNumPtRep >= 3.471 & bmi <= 24.155) & AutonomicNeuroCl >= 23.087) -> bmiZscore <= 24.596)
",9999999.000,9999999.000,0.000,1.000,0.000,0,0,3,0,0,3,3,0,0.0,0.0,1.0,0.0,0.0,1.0,1
"G[2,2](((bmi >= 22.761 -> TotChol >= 143.855) | age <= 154.210) & TSH >= 136.386)
",-136.386,-136.386,0.000,1.000,0.000,0,0,3,0,0,3,3,0,0.0,0.0,1.0,0.0,0.0,1.0,1
"G[0,2]((BGTestAvgNumPtRep >= 2.409 | LDL <= 64.539) | AutonomicNeuroCl >= 22.615)
",9999999.000,9999999.000,0.000,1.000,0.000,0,0,2,1,1,2,2,1,0.0,0.0,1.0,0.0,0.0,1.0,1
"G[0,2](((age >= 63.116 | HbA1c >= 6.171) & HbA1c >= 6.544) | Pt_A1cGoalLev >= 6.410)
",9999999.000,9999999.000,0.000,1.000,0.000,0,0,1,2,2,1,1,2,0.0,0.0,1.0,0.0,0.0,1.0,1
"G[2,2](TotChol >= 137.988 | HeightCm >= 178.230)
",-137.988,-137.988,0.000,1.000,0.000,0,0,3,0,0,3,3,0,0.0,0.0,1.0,0.0,0.0,1.0,1
"G[2,2](((NumPumpBolusOrShortAct >= 0.310 | Pt_GrandchildT1D <= 0.000) & Pt_A1cGoalLev <= 0.000) | Pt_CGMUseNumDays >= 0.000)
",0.000,0.000,0.000,1.000,0.000,0,0,3,0,0,3,3,0,0.0,0.0,1.0,0.0,0.0,1.0,1
"G[2,2](((bmiZscore <= -0.802 & Pt_CGMUseNumDays >= 2.220) | diabDur >= 1.695) | diagAgeCombo >= 0.823)
",-0.823,-0.823,0.000,1.000,0.000,0,0,3,0,0,3,3,0,0.0,0.0,1.0,0.0,0.0,1.0,1
"G[0,2](((BldPrSys <= 106.366 | Pt_SHFlg <= 0.000) -> NumPumpBolusOrShortAct >= 0.000) & BldPrDia <= 0.000)
",9999999.000,9999999.000,0.000,1.000,0.000,0,0,0,3,3,0,0,3,0.0,0.0,0.0,0.0,0.0,1.0,1
"G[0,2](HbA1c >= 6.217 & BGTestAvgNumMeter >= 0.988)
",9999999.000,9999999.000,0.000,1.000,0.000,0,0,0,3,3,0,0,3,0.0,0.0,0.0,0.0,0.0,1.0,1
"G[1,1](((Pt_GrandchildT1D <= 0.000 & BldPrDia <= 58.850) | NumPumpBolusOrShortAct >= 52.426) & Pt_DKAFlg >= 53.363)
",-53.363,-53.363,0.000,1.000,0.000,0,0,1,2,2,1,1,2,0.0,0.0,1.0,0.0,0.0,1.0,1
"G[0,2](Pt_GrandparentT1D <= 0.000 -> DirectLDL >= 0.000)
",9999999.000,9999999.000,0.000,1.000,0.000,0,0,3,0,0,3,3,0,0.0,0.0,1.0,0.0,0.0,1.0,1
"G[1,2](Pt_SiblingT1D >= 0.000 | TotalDailyInsPerKg >= 0.407)
",9999999.000,9999999.000,0.000,1.000,0.000,0,0,3,0,0,3,3,0,0.0,0.0,1.0,0.0,0.0,1.0,1
"G[1,1](((diabDur >= 51.233 & BldPrSys >= 103.021) | Pt_GrandparentT1D >= 103.773) & Pt_DKAFlg >= 102.370)
",-103.021,-103.021,0.000,1.000,0.000,0,0,1,2,2,1,1,2,0.0,0.0,1.0,0.0,0.0,1.0,1
"G[0,1](Pt_GrandparentT1D >= 0.000 & SMBGperDayPtMeterCombo <= 6.874)
",9999999.000,9999999.000,0.000,1.000,0.000,0,0,0,3,3,0,0,3,0.0,0.0,0.0,0.0,0.0,1.0,1
"G[1,2](Pt_A1cGoalLevelDsYr5 >= 0.000 -> Pt_A1cGoalLev >= 0.000)
",9999999.000,9999999.000,0.000,1.000,0.000,0,0,3,0,0,3,3,0,0.0,0.0,1.0,0.0,0.0,1.0,1
"G[0,2](((Pt_GrandchildT1D >= 0.000 & TotalDailyInsPerKg <= 0.546) & bmiPerc <= 0.422) | Pt_SiblingT1D <= 0.491)
",9999999.000,9999999.000,0.000,1.000,0.000,0,0,3,0,0,3,3,0,0.0,0.0,1.0,0.0,0.0,1.0,1
"G[1,2]((HDL >= 13.842 -> NumPumpBolusOrShortAct >= 0.873) & Pt_FatherT1D >= 0.584)
",9999999.000,9999999.000,0.000,1.000,0.000,0,0,1,2,2,1,1,2,0.0,0.0,1.0,0.0,0.0,1.0,1
"G[1,2](((LDL <= 28.723 -> UnitsInsBasalOrLongAct >= 8.205) -> SMBGperDayPtMeterCombo <= 10.445) -> DirectLDL >= 3.992)
",9999999.000,9999999.000,0.000,1.000,0.000,0,0,1,2,2,1,1,2,0.0,0.0,1.0,0.0,0.0,1.0,1
"G[0,1]((BGTestAvgNumPtRep <= 5.410 | AlbCreatRat_mggNew <= 0.000) -> HbA1c <= 0.000)
",9999999.000,9999999.000,0.000,1.000,0.000,0,0,0,3,3,0,0,3,0.0,0.0,0.0,0.0,0.0,1.0,1
"G[1,2](((UnitsInsBasalOrLongAct <= 10.151 -> AlbCreatRat_mggNew <= 0.000) | HbA1cImputeDtMnC <= 0.000) & HbA1c <= 0.000)
",9999999.000,9999999.000,0.000,1.000,0.000,0,0,1,2,2,1,1,2,0.0,0.0,1.0,0.0,0.0,1.0,1
"G[1,2](((HeightCm <= 178.567 | bmi >= 23.452) & LDL <= 24.941) & diabDur <= 25.022)
",9999999.000,9999999.000,0.000,1.000,0.000,0,0,1,2,2,1,1,2,0.0,0.0,1.0,0.0,0.0,1.0,1
"G[0,2](((bmiPerc >= 0.000 -> diagAgeCombo <= 13.000) & AlbCreatRat_mggNew <= 13.000) -> BldPrSys <= 13.000)
",9999999.000,9999999.000,0.000,1.000,0.000,0,0,0,3,3,0,0,3,0.0,0.0,0.0,0.0,0.0,1.0,1
"G[0,2](Triglyc <= 30.779 & TSH >= 0.659)
",9999999.000,9999999.000,0.000,1.000,0.000,0,0,0,3,3,0,0,3,0.0,0.0,0.0,0.0,0.0,1.0,1
"G[2,2](diagAgeCombo <= 13.000 -> diabDur >= 50.906)
",-13.000,-13.000,0.000,1.000,0.000,0,0,3,0,0,3,3,0,0.0,0.0,1.0,0.0,0.0,1.0,1
"G[0,2]((bmi <= 24.448 -> diagAgeCombo <= 13.000) -> Pt_GrandparentT1D >= 13.000)
",9999999.000,9999999.000,0.000,1.000,0.000,0,0,0,3,3,0,0,3,0.0,0.0,0.0,0.0,0.0,1.0,1
"G[0,1](((HbA1c >= 6.316 -> Pt_InsGov <= 0.000) & LDL <= 0.000) & bmiZscore >= 0.000)
",9999999.000,9999999.000,0.000,1.000,0.000,0,0,0,3,3,0,0,3,0.0,0.0,0.0,0.0,0.0,1.0,1
"G[1,1]((AutonomicNeuroCl >= 1.000 & LDL >= 10.994) & age <= 44.469)
",-10.994,-10.994,0.000,1.000,0.000,0,0,1,2,2,1,1,2,0.0,0.0,1.0,0.0,0.0,1.0,1
"G[1,2](((BGTestAvgNumMeter <= 1.446 & HbA1cImputeDtMnC >= 0.188) | HbA1cImputeDtMnC <= 35.649) -> Triglyc >= 2.220)
",9999999.000,9999999.000,0.000,1.000,0.000,0,0,2,1,1,2,2,1,0.0,0.0,1.0,0.0,0.0,1.0,1
"G[0,2]((GFR >= 0.000 | Pt_DKAFlg <= 0.000) & LDL >= 0.000)
",9999999.000,9999999.000,0.000,1.000,0.000,0,0,3,0,0,3,3,0,0.0,0.0,1.0,0.0,0.0,1.0,1
"G[1,2]((AutonomicNeuroCl <= 1.000 & SMBGperDayPtMeterCombo <= 6.988) & SMBGperDayPtMeterCombo >= 6.699)
",9999999.000,9999999.000,0.000,1.000,0.000,0,0,1,2,2,1,1,2,0.0,0.0,1.0,0.0,0.0,1.0,1
"G[0,2](((AutonomicNeuroCl >= 1.000 -> LDL >= 17.185) -> NumPumpBolusOrShortAct >= 12.995) & HeightCm <= 39.482)
",9999999.000,9999999.000,0.000,1.000,0.000,0,0,0,3,3,0,0,3,0.0,0.0,0.0,0.0,0.0,1.0,1
"F[0,2](((LDL <= 48.493 & HeightCm >= 178.064) | GFR <= 179.041) -> BldPrSys <= 178.614)
",-9999999.000,-9999999.000,0.000,0.000,1.000,0,0,0,3,3,0,0,3,0.0,0.0,0.0,0.0,0.0,1.0,-1
