Rule,Discrimination Score,Pos Robustness,Neg Robustness,Percent Class +,Percent Class -,TP,TN,FP,FN,Actual Yes,Actual No,Predicted Yes,Predicted No,TPR/Sens,TNR/Spec,FPR,Precision,Accuracy,MCR,Class
"G[0,1](((bmiZscore <= 1.001 | Pt_CGMUseNumDays <= 3.201) | Pt_MotherT1D >= 0.340) & Pt_SiblingT1D <= 3.618)
",9999999.000,9999999.000,0.000,1.000,0.000,3,0,0,0,3,0,3,0,1.0,0.0,0.0,1.0,1.0,0.0,1
"F[0,1]((bmi >= 23.508 & HbA1c <= 10.049) & age <= 9.813)
",-9999999.000,-9999999.000,0.000,0.000,1.000,3,0,0,0,3,0,3,0,1.0,0.0,0.0,1.0,1.0,0.0,-1
"G[0,1](((BldPrSys >= 104.729 | TotChol <= 121.476) | LDL >= 11.039) & BUN <= 132.802)
",9999999.000,9999999.000,0.000,1.000,0.000,3,0,0,0,3,0,3,0,1.0,0.0,0.0,1.0,1.0,0.0,1
"G[1,1]((WeightKg >= 59.812 | bmi >= 23.688) -> UnitsInsBasalOrLongAct <= 29.435)
",-29.435,-29.435,0.000,1.000,0.000,3,0,0,0,3,0,3,0,1.0,0.0,0.0,1.0,1.0,0.0,1
"G[0,1]((bmiPerc <= 0.842 | TotChol >= 38.874) -> BldPrDia >= 46.854)
",9999999.000,9999999.000,0.000,1.000,0.000,3,0,0,0,3,0,3,0,1.0,0.0,0.0,1.0,1.0,0.0,1
"G[0,1](((bmi >= 23.542 | Triglyc >= 4.509) | BldPrSys >= 18.680) | Pt_GrandparentT1D <= 38.306)
",9999999.000,9999999.000,0.000,1.000,0.000,3,0,0,0,3,0,3,0,1.0,0.0,0.0,1.0,1.0,0.0,1
"G[1,1]((DirectLDL >= 0.000 & Pt_InsGov <= 0.000) & HbA1cImputeDtMnC >= 0.000)
",0.000,0.000,0.000,1.000,0.000,3,0,0,0,3,0,3,0,1.0,0.0,0.0,1.0,1.0,0.0,1
"G[0,0](Pt_ChildT1D >= 0.000 -> Pt_SiblingT1D <= 0.000)
",0.000,0.000,0.000,1.000,0.000,3,0,0,0,3,0,3,0,1.0,0.0,0.0,1.0,1.0,0.0,1
"G[0,0](bmi <= 25.840 | TotChol >= 38.209)
",25.840,25.840,0.000,1.000,0.000,3,0,0,0,3,0,3,0,1.0,0.0,0.0,1.0,1.0,0.0,1
"G[0,0](BUN >= 0.637 -> Pt_DKAFlg >= 0.000)
",-5.780,-69.363,0.000,1.000,0.000,3,0,0,0,3,0,3,0,1.0,0.0,0.0,1.0,1.0,0.0,1
"((HbA1cImputeDtMnC > 45.447) U[0,1] (Pt_SHFlg = 0.792))
",-9999999.000,-9999999.000,0.000,0.000,1.000,3,0,0,0,3,0,3,0,1.0,0.0,0.0,1.0,1.0,0.0,-1
"G[0,1]((HbA1c >= 8.932 | Pt_CGMUseNumDays <= 5.963) | bmiPerc >= 0.061)
",9999999.000,9999999.000,0.000,1.000,0.000,3,0,0,0,3,0,3,0,1.0,0.0,0.0,1.0,1.0,0.0,1
"G[0,1](((bmiZscore <= 0.962 | DirectLDL >= 0.000) | Pt_GrandchildT1D >= 0.000) & Pt_CGMUseNumDays >= 0.000)
",9999999.000,9999999.000,0.000,1.000,0.000,3,0,0,0,3,0,3,0,1.0,0.0,0.0,1.0,1.0,0.0,1
"F[0,1]((BUN <= 5.218 & HbA1c <= 10.153) & Pt_DKAFlg >= 8.872)
",-9999999.000,-9999999.000,0.000,0.000,1.000,3,0,0,0,3,0,3,0,1.0,0.0,0.0,1.0,1.0,0.0,-1
"F[1,1](HeightCm > 166.621 & Pt_SHFlg = 0.594)
",-166.621,-166.621,0.000,0.000,1.000,3,0,0,0,3,0,3,0,1.0,0.0,0.0,1.0,1.0,0.0,-1
"((Pt_A1cGoalLevelDsYr5 >= 0.000) U[0,1] (Pt_SHFlg = 0.849))
",-9999999.000,-9999999.000,0.000,0.000,1.000,3,0,0,0,3,0,3,0,1.0,0.0,0.0,1.0,1.0,0.0,-1
"F[1,1]((TSH >= 0.254 -> DirectLDL >= 0.000) & AlbCreatRat_mggNew <= 0.000)
",0.000,0.000,0.000,0.000,1.000,3,0,0,0,3,0,3,0,1.0,0.0,0.0,1.0,1.0,0.0,-1
"G[1,1](TotChol >= 18.636 | Triglyc <= 57.454)
",57.454,57.454,0.000,1.000,0.000,3,0,0,0,3,0,3,0,1.0,0.0,0.0,1.0,1.0,0.0,1
"F[0,1]((Pt_CGMUseNumDays <= 2.451 | TSH <= 4.084) -> AlbCreatRat_mggNew <= 4.118)
",-9999999.000,-9999999.000,0.000,0.000,1.000,3,0,0,0,3,0,3,0,1.0,0.0,0.0,1.0,1.0,0.0,-1
"((diagAgeCombo > 4.000) U[0,1] (Pt_SHFlg = 0.587))
",-9999999.000,-9999999.000,0.000,0.000,1.000,3,0,0,0,3,0,3,0,1.0,0.0,0.0,1.0,1.0,0.0,-1
"F[0,1](((UnitsInsBasalOrLongAct >= 4.512 | BldPrSys <= 117.827) & Pt_GrandparentT1D >= 107.659) | diagAgeCombo >= 110.508)
",-9999999.000,-9999999.000,0.000,0.000,1.000,3,0,0,0,3,0,3,0,1.0,0.0,0.0,1.0,1.0,0.0,-1
"F[1,1]((BldPrDia <= 72.683 & BUN >= 0.721) & AlbCreatRat_mggNew >= 1.093)
",-1.093,-1.093,0.000,0.000,1.000,3,0,0,0,3,0,3,0,1.0,0.0,0.0,1.0,1.0,0.0,-1
"F[0,0](Pt_GrandparentT1D >= 0.000 -> Pt_SHFlg = 0.307)
",0.000,0.000,0.000,0.000,1.000,3,0,0,0,3,0,3,0,1.0,0.0,0.0,1.0,1.0,0.0,-1
"F[0,0](Pt_GrandchildT1D <= 0.000 -> Pt_SHFlg = 0.894)
",0.000,0.000,0.000,0.000,1.000,3,0,0,0,3,0,3,0,1.0,0.0,0.0,1.0,1.0,0.0,-1
"((Pt_FatherT1D <= 0.000) U[0,1] (Pt_SHFlg = 0.170))
",-9999999.000,-9999999.000,0.000,0.000,1.000,3,0,0,0,3,0,3,0,1.0,0.0,0.0,1.0,1.0,0.0,-1
"((BUN >= 0.279) U[1,1] (HDL >= 2.125))
",-0.279,-0.279,0.000,0.000,1.000,3,0,0,0,3,0,3,0,1.0,0.0,0.0,1.0,1.0,0.0,-1
"((Pt_SHFlg >= 0.058) U[1,1] (Pt_SHFlg = 0.104))
",-0.058,-0.058,0.000,0.000,1.000,3,0,0,0,3,0,3,0,1.0,0.0,0.0,1.0,1.0,0.0,-1
"((HbA1c >= 9.354) U[1,1] (Pt_SHFlg = 0.569))
",-0.569,-0.569,0.000,0.000,1.000,3,0,0,0,3,0,3,0,1.0,0.0,0.0,1.0,1.0,0.0,-1
"((BldPrSys > 105.693) U[1,1] (Pt_SHFlg = 0.386))
",-0.386,-0.386,0.000,0.000,1.000,3,0,0,0,3,0,3,0,1.0,0.0,0.0,1.0,1.0,0.0,-1
"F[0,1](UnitsInsBasalOrLongAct >= 1.228 & Pt_SHFlg = 0.342)
",-9999999.000,-9999999.000,0.000,0.000,1.000,3,0,0,0,3,0,3,0,1.0,0.0,0.0,1.0,1.0,0.0,-1
"F[0,0]((bmiZscore >= 0.221 -> AutonomicNeuroCl >= 0.000) & bmiZscore <= 0.000)
",-15.615,-10.150,0.000,0.000,1.000,3,0,0,0,3,0,3,0,1.0,0.0,0.0,1.0,1.0,0.0,-1
"((TSH < 2.616) U[0,1] (Pt_SHFlg = 0.636))
",-9999999.000,-9999999.000,0.000,0.000,1.000,3,0,0,0,3,0,3,0,1.0,0.0,0.0,1.0,1.0,0.0,-1
"G[1,1]((HbA1c >= 8.746 | Pt_GrandchildT1D <= 0.000) -> bmiZscore >= 0.000)
",0.000,0.000,0.000,1.000,0.000,3,0,0,0,3,0,3,0,1.0,0.0,0.0,1.0,1.0,0.0,1
"G[1,1](((AlbCreatRat_mggNew <= 35.083 -> TSH >= 0.335) -> WeightKg >= 1.487) | Pt_GrandchildT1D <= 5.017)
",5.017,5.017,0.000,1.000,0.000,3,0,0,0,3,0,3,0,1.0,0.0,0.0,1.0,1.0,0.0,1
"G[1,1](((diabDur <= 13.500 | HbA1cImputeDtMnC >= 37.608) | BGTestAvgNumPtRep <= 69.319) | Pt_CGMUseNumDays <= 58.652)
",69.319,69.319,0.000,1.000,0.000,3,0,0,0,3,0,3,0,1.0,0.0,0.0,1.0,1.0,0.0,1
"G[0,0]((HDL <= 54.163 | Triglyc <= 43.359) | UnitsInsBasalOrLongAct <= 65.521)
",2.719,40.371,0.000,1.000,0.000,3,0,0,0,3,0,3,0,1.0,0.0,0.0,1.0,1.0,0.0,1
"G[0,1](AlbCreatRat_mggNew >= 27.282 | diagAgeCombo <= 4.000)
",9999999.000,9999999.000,0.000,1.000,0.000,3,0,0,0,3,0,3,0,1.0,0.0,0.0,1.0,1.0,0.0,1
"G[0,0]((bmiPerc <= 0.847 | TotChol <= 133.278) -> bmiPerc <= 126.544)
",-59.747,-100.833,0.000,1.000,0.000,3,0,0,0,3,0,3,0,1.0,0.0,0.0,1.0,1.0,0.0,1
"G[0,1]((TotalDailyInsPerKg >= 0.268 -> Pt_MotherT1D >= 0.000) | UnitsInsBasalOrLongAct <= 0.000)
",9999999.000,9999999.000,0.000,1.000,0.000,3,0,0,0,3,0,3,0,1.0,0.0,0.0,1.0,1.0,0.0,1
"G[0,1](((bmiPerc <= 0.850 -> HbA1c >= 9.120) & SMBGperDayPtMeterCombo <= 10.634) -> BldPrSys >= 9.016)
",9999999.000,9999999.000,0.000,1.000,0.000,3,0,0,0,3,0,3,0,1.0,0.0,0.0,1.0,1.0,0.0,1
"G[0,0](((TSH <= 4.745 | Pt_MotherT1D <= 0.000) & HeightCm >= 0.000) & TotalDailyInsPerKg >= 0.000)
",4.745,4.745,0.000,1.000,0.000,3,0,0,0,3,0,3,0,1.0,0.0,0.0,1.0,1.0,0.0,1
"G[0,0](age >= 16.358 | bmi <= 26.993)
",26.993,26.993,0.000,1.000,0.000,3,0,0,0,3,0,3,0,1.0,0.0,0.0,1.0,1.0,0.0,1
"G[1,1](((BldPrSys <= 113.752 -> SMBGperDayPtMeterCombo <= 3.322) & bmi >= 1.104) | Pt_GrandparentT1D <= 3.168)
",3.168,3.168,0.000,1.000,0.000,3,0,0,0,3,0,3,0,1.0,0.0,0.0,1.0,1.0,0.0,1
"G[0,1](((BldPrDia >= 71.965 | bmi >= 23.479) -> age >= 23.395) -> Pt_InsGov <= 26.882)
",9999999.000,9999999.000,0.000,1.000,0.000,3,0,0,0,3,0,3,0,1.0,0.0,0.0,1.0,1.0,0.0,1
"G[0,0]((AutonomicNeuroCl <= 0.000 & Pt_GrandchildT1D >= 0.000) | TotalDailyInsPerKg <= 0.000)
",-15.615,-10.150,0.000,1.000,0.000,3,0,0,0,3,0,3,0,1.0,0.0,0.0,1.0,1.0,0.0,1
"G[0,0](diagAgeCombo <= 4.000 & bmiZscore <= 1.009)
",3.957,0.173,0.000,1.000,0.000,3,0,0,0,3,0,3,0,1.0,0.0,0.0,1.0,1.0,0.0,1
"G[0,1](Pt_A1cGoalLev < 0.000 -> Pt_SHFlg = 0.578)
",9999999.000,9999999.000,0.000,1.000,0.000,3,0,0,0,3,0,3,0,1.0,0.0,0.0,1.0,1.0,0.0,1
"G[0,1]((AlbCreatRat_mggNew <= 41.872 -> TotChol <= 104.956) -> BUN <= 108.591)
",9999999.000,9999999.000,0.000,1.000,0.000,3,0,0,0,3,0,3,0,1.0,0.0,0.0,1.0,1.0,0.0,1
"G[0,0](((Pt_CGMUseNumDays >= 0.560 & TotalDailyInsPerKg >= 0.488) & DirectLDL >= 0.219) -> BUN <= 0.796)
",-9.342,-14.012,0.000,1.000,0.000,3,0,0,0,3,0,3,0,1.0,0.0,0.0,1.0,1.0,0.0,1
"G[0,1](((Pt_SHFlg >= 0.137 & TotChol <= 130.979) | Pt_CGMUseNumDays <= 137.881) & Pt_CGMUseNumDays <= 127.346)
",9999999.000,9999999.000,0.000,1.000,0.000,3,0,0,0,3,0,3,0,1.0,0.0,0.0,1.0,1.0,0.0,1
"G[1,1](((AlbCreatRat_mggNew <= 32.068 -> HeightCm <= 168.048) | Pt_SiblingT1D >= 166.723) | Pt_CGMUseNumDays >= 166.552)
",-166.552,-166.552,0.000,1.000,0.000,3,0,0,0,3,0,3,0,1.0,0.0,0.0,1.0,1.0,0.0,1
"G[1,1](((AlbCreatRat_mggNew >= 21.091 & Pt_SiblingT1D >= 0.000) | DirectLDL <= 0.000) & bmiZscore >= 0.000)
",0.000,0.000,0.000,1.000,0.000,3,0,0,0,3,0,3,0,1.0,0.0,0.0,1.0,1.0,0.0,1
"G[1,1]((Pt_InsGov <= 0.000 -> diagAgeCombo >= 4.000) -> BldPrDia >= 4.000)
",0.000,0.000,0.000,1.000,0.000,3,0,0,0,3,0,3,0,1.0,0.0,0.0,1.0,1.0,0.0,1
"G[0,0](((Pt_SHFlg >= 0.003 -> TotalDailyInsPerKg >= 0.407) & Pt_GrandparentT1D <= 0.685) & HeightCm >= 0.495)
",-3.443,-63.948,0.000,1.000,0.000,3,0,0,0,3,0,3,0,1.0,0.0,0.0,1.0,1.0,0.0,1
"G[0,0](((BGTestAvgNumMeter <= 3.459 -> Triglyc <= 60.173) & TotalDailyInsPerKg >= 27.597) | DirectLDL <= 32.414)
",-8.732,-13.097,0.000,1.000,0.000,3,0,0,0,3,0,3,0,1.0,0.0,0.0,1.0,1.0,0.0,1
"((HbA1c <= 10.624) U[1,1] (bmiPerc <= 0.868))
",10.624,10.624,0.000,0.000,1.000,3,0,0,0,3,0,3,0,1.0,0.0,0.0,1.0,1.0,0.0,-1
"G[1,1]((BGTestAvgNumMeter >= 1.586 & TSH <= 2.458) -> Triglyc <= 4.322)
",-4.322,-4.322,0.000,1.000,0.000,3,0,0,0,3,0,3,0,1.0,0.0,0.0,1.0,1.0,0.0,1
"G[1,1](((bmiPerc <= 0.864 & SMBGperDayPtMeterCombo >= 2.233) | BGTestAvgNumMeter <= 3.270) -> age >= 0.533)
",-3.270,-3.270,0.000,1.000,0.000,3,0,0,0,3,0,3,0,1.0,0.0,0.0,1.0,1.0,0.0,1
"G[1,1](Pt_GrandparentT1D <= 0.000 | LDL >= 14.661)
",0.000,0.000,0.000,1.000,0.000,3,0,0,0,3,0,3,0,1.0,0.0,0.0,1.0,1.0,0.0,1
"G[0,1]((HbA1cImputeDtMnC >= 9.665 | Pt_CGMUseNumDays <= 6.966) | SMBGperDayPtMeterCombo <= 3.742)
",9999999.000,9999999.000,0.000,1.000,0.000,3,0,0,0,3,0,3,0,1.0,0.0,0.0,1.0,1.0,0.0,1
"G[1,1]((bmi <= 25.912 -> TSH <= 4.680) | HbA1c >= 0.059)
",-0.059,-0.059,0.000,1.000,0.000,3,0,0,0,3,0,3,0,1.0,0.0,0.0,1.0,1.0,0.0,1
"G[0,0](bmiZscore >= 0.559 | SMBGperDayPtMeterCombo >= 1.523)
",14.695,73.477,0.000,1.000,0.000,3,0,0,0,3,0,3,0,1.0,0.0,0.0,1.0,1.0,0.0,1
"G[0,0](LDL >= 26.414 | UnitsInsBasalOrLongAct <= 21.904)
",-0.219,-3.246,0.000,1.000,0.000,3,0,0,0,3,0,3,0,1.0,0.0,0.0,1.0,1.0,0.0,1
"G[1,1]((Pt_SHFlg <= 0.614 & BGTestAvgNumMeter >= 0.221) -> DirectLDL <= 3.108)
",-3.108,-3.108,0.000,1.000,0.000,3,0,0,0,3,0,3,0,1.0,0.0,0.0,1.0,1.0,0.0,1
"G[0,1]((Pt_A1cGoalLevelDsYr5 >= 0.000 -> Pt_FatherT1D <= 0.000) -> AlbCreatRat_mggNew >= 0.000)
",9999999.000,9999999.000,0.000,1.000,0.000,3,0,0,0,3,0,3,0,1.0,0.0,0.0,1.0,1.0,0.0,1
"G[1,1](((TotalDailyInsPerKg >= 0.427 -> TotChol <= 84.038) -> Pt_FatherT1D >= 9.550) | AutonomicNeuroCl <= 124.373)
",124.373,124.373,0.000,1.000,0.000,3,0,0,0,3,0,3,0,1.0,0.0,0.0,1.0,1.0,0.0,1
"G[0,0](((Pt_MotherT1D >= 0.000 | diabDur <= 13.525) | BGTestAvgNumPtRep <= 15.507) -> WeightKg >= 9.500)
",-6.753,-13.507,0.000,1.000,0.000,3,0,0,0,3,0,3,0,1.0,0.0,0.0,1.0,1.0,0.0,1
"((AlbCreatRat_mggNew >= 24.225) U[0,0] (bmiPerc >= 0.824))
",14.747,24.887,0.000,0.000,1.000,2,0,0,1,3,0,2,1,0.6666666666666666,0.0,0.0,1.0,0.6666666666666666,0.33333333333333337,-1
"F[1,1](((Pt_SiblingT1D >= 0.000 -> bmiZscore <= 1.006) | bmi <= 0.976) | UnitsInsBasalOrLongAct >= 0.301)
",0.976,0.976,0.000,0.000,1.000,2,0,0,1,3,0,2,1,0.6666666666666666,0.0,0.0,1.0,0.6666666666666666,0.33333333333333337,-1
"F[0,1]((bmiZscore >= 0.256 & HeightCm <= 168.072) -> AutonomicNeuroCl >= 166.532)
",-9999999.000,-9999999.000,0.000,0.000,1.000,2,0,0,1,3,0,2,1,0.6666666666666666,0.0,0.0,1.0,0.6666666666666666,0.33333333333333337,-1
"F[0,1](((TotChol >= 25.663 & UnitsInsBasalOrLongAct >= 0.489) -> Pt_CGMUseNumDays >= 0.572) -> bmi <= 18.701)
",-9999999.000,-9999999.000,0.000,0.000,1.000,2,0,0,1,3,0,2,1,0.6666666666666666,0.0,0.0,1.0,0.6666666666666666,0.33333333333333337,-1
"((Pt_A1cGoalLev <= 0.000) U[0,0] (bmi >= 24.695))
",-4.000,-4.000,0.000,0.000,1.000,2,0,0,1,3,0,2,1,0.6666666666666666,0.0,0.0,1.0,0.6666666666666666,0.33333333333333337,-1
"F[0,0](SMBGperDayPtMeterCombo <= 3.024 -> Pt_SHFlg = 0.067)
",3.862,61.143,0.000,0.000,1.000,2,0,0,1,3,0,2,1,0.6666666666666666,0.0,0.0,1.0,0.6666666666666666,0.33333333333333337,-1
"F[0,0](((BldPrDia <= 78.069 & Triglyc >= 18.384) -> Pt_SiblingT1D >= 11.210) & TotChol <= 57.450)
",-1.550,-1.550,0.000,0.000,1.000,2,0,0,1,3,0,2,1,0.6666666666666666,0.0,0.0,1.0,0.6666666666666666,0.33333333333333337,-1
"((age <= 18.417) U[0,0] (NumPumpBolusOrShortAct >= 0.090))
",18.417,18.417,0.000,0.000,1.000,2,0,0,1,3,0,2,1,0.6666666666666666,0.0,0.0,1.0,0.6666666666666666,0.33333333333333337,-1
"((BGTestAvgNumMeter >= 0.905) U[1,2] (BGTestAvgNumPtRep <= 2.683))
",-9999999.000,-9999999.000,0.000,0.000,1.000,2,0,0,1,3,0,2,1,0.6666666666666666,0.0,0.0,1.0,0.6666666666666666,0.33333333333333337,-1
"((HDL >= 11.792) U[0,0] (UnitsInsBasalOrLongAct >= 3.508))
",4.235,48.708,0.000,0.000,1.000,2,0,0,1,3,0,2,1,0.6666666666666666,0.0,0.0,1.0,0.6666666666666666,0.33333333333333337,-1
"((BGTestAvgNumMeter >= 1.194) U[1,2] (BGTestAvgNumPtRep <= 1.458))
",-9999999.000,-9999999.000,0.000,0.000,1.000,2,0,0,1,3,0,2,1,0.6666666666666666,0.0,0.0,1.0,0.6666666666666666,0.33333333333333337,-1
"F[0,1](HDL >= 5.881 & TSH <= 2.480)
",-9999999.000,-9999999.000,0.000,0.000,1.000,2,0,0,1,3,0,2,1,0.6666666666666666,0.0,0.0,1.0,0.6666666666666666,0.33333333333333337,-1
"F[0,1](((diabDur <= 14.092 | bmiZscore <= 0.857) | Pt_A1cGoalLevelDsYr5 <= 1.026) -> SMBGperDayPtMeterCombo <= 0.968)
",-9999999.000,-9999999.000,0.000,0.000,1.000,2,0,0,1,3,0,2,1,0.6666666666666666,0.0,0.0,1.0,0.6666666666666666,0.33333333333333337,-1
"F[0,0](TotChol >= 1.586 & TSH <= 2.058)
",2.058,2.058,0.000,0.000,1.000,2,0,0,1,3,0,2,1,0.6666666666666666,0.0,0.0,1.0,0.6666666666666666,0.33333333333333337,-1
"F[1,1](Pt_GrandparentT1D <= 0.000 & HbA1cImputeDtMnC <= 51.741)
",0.000,0.000,0.000,0.000,1.000,2,0,0,1,3,0,2,1,0.6666666666666666,0.0,0.0,1.0,0.6666666666666666,0.33333333333333337,-1
"((Pt_CGMUseNumDays >= 0.479) U[1,1] (AutonomicNeuroCl <= 0.000))
",0.000,0.000,0.000,0.000,1.000,2,0,0,1,3,0,2,1,0.6666666666666666,0.0,0.0,1.0,0.6666666666666666,0.33333333333333337,-1
"F[0,1](NumPumpBolusOrShortAct < 2.556 -> Pt_SHFlg = 0.505)
",-9999999.000,-9999999.000,0.000,0.000,1.000,2,0,0,1,3,0,2,1,0.6666666666666666,0.0,0.0,1.0,0.6666666666666666,0.33333333333333337,-1
"F[0,1](TotalDailyInsPerKg >= 0.256 & NumPumpBolusOrShortAct >= 0.611)
",-9999999.000,-9999999.000,0.000,0.000,1.000,2,0,0,1,3,0,2,1,0.6666666666666666,0.0,0.0,1.0,0.6666666666666666,0.33333333333333337,-1
"F[0,0](Pt_ChildT1D <= 0.000 & Pt_SHFlg >= 0.139)
",0.000,0.000,0.000,0.000,1.000,2,0,0,1,3,0,2,1,0.6666666666666666,0.0,0.0,1.0,0.6666666666666666,0.33333333333333337,-1
"((BGTestAvgNumMeter >= 0.377) U[1,2] (BGTestAvgNumPtRep <= 1.202))
",-9999999.000,-9999999.000,0.000,0.000,1.000,2,0,0,1,3,0,2,1,0.6666666666666666,0.0,0.0,1.0,0.6666666666666666,0.33333333333333337,-1
"F[0,1]((Pt_MotherT1D <= 0.000 & UnitsInsBasalOrLongAct >= 0.495) & SMBGperDayPtMeterCombo <= 13.274)
",-9999999.000,-9999999.000,0.000,0.000,1.000,2,0,0,1,3,0,2,1,0.6666666666666666,0.0,0.0,1.0,0.6666666666666666,0.33333333333333337,-1
"F[0,1]((HDL >= 32.958 -> WeightKg <= 73.556) -> BUN >= 60.080)
",-9999999.000,-9999999.000,0.000,0.000,1.000,2,0,0,1,3,0,2,1,0.6666666666666666,0.0,0.0,1.0,0.6666666666666666,0.33333333333333337,-1
"((HbA1cImputeDtMnC <= 79.147) U[0,1] (UnitsInsBasalOrLongAct >= 2.063))
",-9999999.000,-9999999.000,0.000,0.000,1.000,2,0,0,1,3,0,2,1,0.6666666666666666,0.0,0.0,1.0,0.6666666666666666,0.33333333333333337,-1
"G[0,1]((diabDur <= 14.063 & BUN <= 4.957) & AlbCreatRat_mggNew >= 0.415)
",9999999.000,9999999.000,0.000,1.000,0.000,2,0,0,1,3,0,2,1,0.6666666666666666,0.0,0.0,1.0,0.6666666666666666,0.33333333333333337,1
"G[0,1](age <= 18.747 | Triglyc >= 14.887)
",9999999.000,9999999.000,0.000,1.000,0.000,2,0,0,1,3,0,2,1,0.6666666666666666,0.0,0.0,1.0,0.6666666666666666,0.33333333333333337,1
"G[0,1](((HbA1cImputeDtMnC >= 44.589 | TotalDailyInsPerKg <= 0.925) -> Pt_ChildT1D >= 0.174) -> diabDur <= 1.198)
",9999999.000,9999999.000,0.000,1.000,0.000,2,0,0,1,3,0,2,1,0.6666666666666666,0.0,0.0,1.0,0.6666666666666666,0.33333333333333337,1
"G[0,0]((TotChol <= 116.575 | NumPumpBolusOrShortAct <= 2.161) -> HDL >= 0.613)
",-9.337,-64.481,0.000,1.000,0.000,2,0,0,1,3,0,2,1,0.6666666666666666,0.0,0.0,1.0,0.6666666666666666,0.33333333333333337,1
"G[1,1](HbA1cImputeDtMnC <= 60.654 -> HDL >= 15.143)
",-60.654,-60.654,0.000,1.000,0.000,2,0,0,1,3,0,2,1,0.6666666666666666,0.0,0.0,1.0,0.6666666666666666,0.33333333333333337,1
"G[0,0](age <= 18.446 | Pt_SHFlg <= 0.611)
",18.446,18.446,0.000,1.000,0.000,2,0,0,1,3,0,2,1,0.6666666666666666,0.0,0.0,1.0,0.6666666666666666,0.33333333333333337,1
"G[1,1]((BldPrSys <= 116.070 -> Pt_SHFlg >= 0.102) -> BUN <= 0.710)
",-0.710,-0.710,0.000,1.000,0.000,2,0,0,1,3,0,2,1,0.6666666666666666,0.0,0.0,1.0,0.6666666666666666,0.33333333333333337,1
"G[0,0](((TotalDailyInsPerKg <= 0.788 & TSH <= 2.497) & Pt_SiblingT1D <= 3.814) | LDL >= 1.680)
",-1.559,-1.024,0.000,1.000,0.000,2,0,0,1,3,0,2,1,0.6666666666666666,0.0,0.0,1.0,0.6666666666666666,0.33333333333333337,1
"G[0,1](BldPrSys >= 104.094 | bmiPerc >= 0.794)
",9999999.000,9999999.000,0.000,1.000,0.000,2,0,0,1,3,0,2,1,0.6666666666666666,0.0,0.0,1.0,0.6666666666666666,0.33333333333333337,1
"G[0,0]((WeightKg >= 66.606 | bmi >= 22.710) -> UnitsInsBasalOrLongAct <= 22.013)
",0.211,3.137,0.000,1.000,0.000,2,0,0,1,3,0,2,1,0.6666666666666666,0.0,0.0,1.0,0.6666666666666666,0.33333333333333337,1
"G[0,1](((BGTestAvgNumPtRep >= 0.224 | TSH >= 1.155) & Pt_SHFlg >= 1.483) | SMBGperDayPtMeterCombo <= 3.875)
",9999999.000,9999999.000,0.000,1.000,0.000,2,0,0,1,3,0,2,1,0.6666666666666666,0.0,0.0,1.0,0.6666666666666666,0.33333333333333337,1
"G[0,1]((WeightKg >= 69.664 | bmi >= 23.126) -> UnitsInsBasalOrLongAct <= 15.634)
",9999999.000,9999999.000,0.000,1.000,0.000,2,0,0,1,3,0,2,1,0.6666666666666666,0.0,0.0,1.0,0.6666666666666666,0.33333333333333337,1
"G[0,0](Pt_SHFlg <= 0.433 & HbA1cImputeDtMnC <= 68.611)
",-3.420,-63.517,0.000,1.000,0.000,2,0,0,1,3,0,2,1,0.6666666666666666,0.0,0.0,1.0,0.6666666666666666,0.33333333333333337,1
"G[0,1](bmiZscore <= 1.027 | BldPrSys >= 106.471)
",9999999.000,9999999.000,0.000,1.000,0.000,2,0,0,1,3,0,2,1,0.6666666666666666,0.0,0.0,1.0,0.6666666666666666,0.33333333333333337,1
"G[1,1](((NumPumpBolusOrShortAct >= 0.545 -> NumPumpBolusOrShortAct <= 4.294) & BUN <= 2.490) | BGTestAvgNumPtRep >= 0.153)
",-0.153,-0.153,0.000,1.000,0.000,2,0,0,1,3,0,2,1,0.6666666666666666,0.0,0.0,1.0,0.6666666666666666,0.33333333333333337,1
"G[1,1](((BUN >= 1.452 & GFR >= 0.000) | HbA1cImputeDtMnC <= 0.000) -> SMBGperDayPtMeterCombo <= 0.000)
",0.000,0.000,0.000,1.000,0.000,2,0,0,1,3,0,2,1,0.6666666666666666,0.0,0.0,1.0,0.6666666666666666,0.33333333333333337,1
"G[0,1](HbA1cImputeDtMnC >= 19.321 & HeightCm >= 166.811)
",9999999.000,9999999.000,0.000,1.000,0.000,2,0,0,1,3,0,2,1,0.6666666666666666,0.0,0.0,1.0,0.6666666666666666,0.33333333333333337,1
"G[0,0]((WeightKg >= 60.903 | bmi >= 24.619) -> UnitsInsBasalOrLongAct <= 8.265)
",1.180,13.327,0.000,1.000,0.000,2,0,0,1,3,0,2,1,0.6666666666666666,0.0,0.0,1.0,0.6666666666666666,0.33333333333333337,1
"G[0,1](UnitsInsBasalOrLongAct <= 27.786 & UnitsInsBasalOrLongAct <= 12.440)
",9999999.000,9999999.000,0.000,1.000,0.000,2,0,0,1,3,0,2,1,0.6666666666666666,0.0,0.0,1.0,0.6666666666666666,0.33333333333333337,1
"G[0,1](AlbCreatRat_mggNew <= 40.524 & WeightKg <= 77.451)
",9999999.000,9999999.000,0.000,1.000,0.000,1,0,0,2,3,0,1,2,0.3333333333333333,0.0,0.0,1.0,0.3333333333333333,0.6666666666666667,1
"F[0,1](bmiZscore >= 0.496 & Triglyc >= 21.053)
",-9999999.000,-9999999.000,0.000,0.000,1.000,1,0,0,2,3,0,1,2,0.3333333333333333,0.0,0.0,1.0,0.3333333333333333,0.6666666666666667,-1
"((bmiZscore <= 1.097) U[1,1] (TotChol <= 146.484))
",146.484,146.484,0.000,0.000,1.000,1,0,0,2,3,0,1,2,0.3333333333333333,0.0,0.0,1.0,0.3333333333333333,0.6666666666666667,-1
"((WeightKg <= 71.449) U[0,1] (BGTestAvgNumMeter >= 0.866))
",-9999999.000,-9999999.000,0.000,0.000,1.000,1,0,0,2,3,0,1,2,0.3333333333333333,0.0,0.0,1.0,0.3333333333333333,0.6666666666666667,-1
"F[0,0]((age >= 14.109 & TotChol >= 58.309) -> age >= 59.057)
",14.109,14.109,0.000,0.000,1.000,1,0,0,2,3,0,1,2,0.3333333333333333,0.0,0.0,1.0,0.3333333333333333,0.6666666666666667,-1
"F[0,1](BldPrDia <= 76.259 & HeightCm <= 167.994)
",-9999999.000,-9999999.000,0.000,0.000,1.000,1,0,0,2,3,0,1,2,0.3333333333333333,0.0,0.0,1.0,0.3333333333333333,0.6666666666666667,-1
"F[0,1](HbA1c <= 10.584 -> HDL <= 37.306)
",-9999999.000,-9999999.000,0.000,0.000,1.000,1,0,0,2,3,0,1,2,0.3333333333333333,0.0,0.0,1.0,0.3333333333333333,0.6666666666666667,-1
"((BldPrSys >= 105.268) U[0,1] (HeightCm <= 167.423))
",-9999999.000,-9999999.000,0.000,0.000,1.000,1,0,0,2,3,0,1,2,0.3333333333333333,0.0,0.0,1.0,0.3333333333333333,0.6666666666666667,-1
"F[0,1]((BGTestAvgNumPtRep <= 1.712 -> NumPumpBolusOrShortAct >= 0.759) & TSH <= 1.258)
",-9999999.000,-9999999.000,0.000,0.000,1.000,1,0,0,2,3,0,1,2,0.3333333333333333,0.0,0.0,1.0,0.3333333333333333,0.6666666666666667,-1
"((HbA1c >= 9.048) U[0,0] (SMBGperDayPtMeterCombo >= 0.118))
",14.976,74.882,0.000,0.000,1.000,1,0,0,2,3,0,1,2,0.3333333333333333,0.0,0.0,1.0,0.3333333333333333,0.6666666666666667,-1
"F[0,0](BGTestAvgNumMeter <= 2.968 & TotChol <= 125.262)
",-0.802,-12.032,0.000,0.000,1.000,1,0,0,2,3,0,1,2,0.3333333333333333,0.0,0.0,1.0,0.3333333333333333,0.6666666666666667,-1
"((WeightKg <= 70.522) U[1,2] (GFR >= 0.000))
",-9999999.000,-9999999.000,0.000,0.000,1.000,1,0,0,2,3,0,1,2,0.3333333333333333,0.0,0.0,1.0,0.3333333333333333,0.6666666666666667,-1
"F[1,1](bmi <= 27.114 | BUN <= 8.252)
",27.114,27.114,0.000,0.000,1.000,1,0,0,2,3,0,1,2,0.3333333333333333,0.0,0.0,1.0,0.3333333333333333,0.6666666666666667,-1
"((AlbCreatRat_mggNew <= 38.490) U[0,1] (BGTestAvgNumMeter >= 0.168))
",-9999999.000,-9999999.000,0.000,0.000,1.000,1,0,0,2,3,0,1,2,0.3333333333333333,0.0,0.0,1.0,0.3333333333333333,0.6666666666666667,-1
"F[0,1](((AlbCreatRat_mggNew <= 41.808 | Pt_SHFlg <= 0.853) -> TotChol <= 0.841) | BUN >= 0.037)
",-9999999.000,-9999999.000,0.000,0.000,1.000,1,0,0,2,3,0,1,2,0.3333333333333333,0.0,0.0,1.0,0.3333333333333333,0.6666666666666667,-1
"((HbA1c >= 9.159) U[0,0] (HbA1cImputeDtMnC <= 49.227))
",18.691,46.727,0.000,0.000,1.000,1,0,0,2,3,0,1,2,0.3333333333333333,0.0,0.0,1.0,0.3333333333333333,0.6666666666666667,-1
"G[0,1](bmi >= 24.550 & NumPumpBolusOrShortAct <= 1.891)
",9999999.000,9999999.000,0.000,1.000,0.000,1,0,0,2,3,0,1,2,0.3333333333333333,0.0,0.0,1.0,0.3333333333333333,0.6666666666666667,1
"G[0,1](((BGTestAvgNumPtRep <= 2.417 -> LDL <= 29.588) | HbA1c >= 17.895) & Pt_SHFlg <= 44.084)
",9999999.000,9999999.000,0.000,1.000,0.000,1,0,0,2,3,0,1,2,0.3333333333333333,0.0,0.0,1.0,0.3333333333333333,0.6666666666666667,1
"G[1,1]((Triglyc >= 9.398 & BGTestAvgNumMeter >= 1.551) | AlbCreatRat_mggNew <= 2.959)
",2.959,2.959,0.000,1.000,0.000,1,0,0,2,3,0,1,2,0.3333333333333333,0.0,0.0,1.0,0.3333333333333333,0.6666666666666667,1
"G[1,1](((WeightKg <= 74.324 & Pt_FatherT1D >= 0.000) | UnitsInsBasalOrLongAct <= 0.000) -> TotChol <= 0.000)
",0.000,0.000,0.000,1.000,0.000,1,0,0,2,3,0,1,2,0.3333333333333333,0.0,0.0,1.0,0.3333333333333333,0.6666666666666667,1
"G[1,1](GFR <= 0.000 -> BUN >= 0.942)
",0.000,0.000,0.000,1.000,0.000,1,0,0,2,3,0,1,2,0.3333333333333333,0.0,0.0,1.0,0.3333333333333333,0.6666666666666667,1
"G[0,1]((AlbCreatRat_mggNew >= 18.978 & TotalDailyInsPerKg <= 0.675) -> Pt_GrandchildT1D >= 0.237)
",9999999.000,9999999.000,0.000,1.000,0.000,1,0,0,2,3,0,1,2,0.3333333333333333,0.0,0.0,1.0,0.3333333333333333,0.6666666666666667,1
"G[0,0](((AutonomicNeuroCl >= 0.000 & bmiPerc <= 0.866) & BldPrSys <= 0.847) | HbA1cImputeDtMnC <= 0.869)
",-0.652,-1.631,0.000,1.000,0.000,1,0,0,2,3,0,1,2,0.3333333333333333,0.0,0.0,1.0,0.3333333333333333,0.6666666666666667,1
"G[1,1](GFR <= 0.000 -> BUN >= 0.239)
",0.000,0.000,0.000,1.000,0.000,1,0,0,2,3,0,1,2,0.3333333333333333,0.0,0.0,1.0,0.3333333333333333,0.6666666666666667,1
"F[0,1](Triglyc <= 50.152 -> Pt_SHFlg = 0.983)
",-9999999.000,-9999999.000,0.000,0.000,1.000,1,0,0,2,3,0,1,2,0.3333333333333333,0.0,0.0,1.0,0.3333333333333333,0.6666666666666667,-1
"G[0,0](TotChol >= 72.266 -> Pt_SHFlg = 0.824)
",13.266,13.266,0.000,1.000,0.000,1,0,0,2,3,0,1,2,0.3333333333333333,0.0,0.0,1.0,0.3333333333333333,0.6666666666666667,1
"G[1,1](BGTestAvgNumPtRep >= 0.453 | Triglyc >= 13.664)
",-0.453,-0.453,0.000,1.000,0.000,1,0,0,2,3,0,1,2,0.3333333333333333,0.0,0.0,1.0,0.3333333333333333,0.6666666666666667,1
"G[1,1](bmiZscore <= 0.986 & UnitsInsBasalOrLongAct <= 19.136)
",0.986,0.986,0.000,1.000,0.000,1,0,0,2,3,0,1,2,0.3333333333333333,0.0,0.0,1.0,0.3333333333333333,0.6666666666666667,1
"G[1,1](bmiPerc <= 0.844 | bmiZscore <= 0.873)
",0.873,0.873,0.000,1.000,0.000,1,0,0,2,3,0,1,2,0.3333333333333333,0.0,0.0,1.0,0.3333333333333333,0.6666666666666667,1
"G[0,1](BGTestAvgNumMeter >= 0.225 -> UnitsInsBasalOrLongAct >= 1.116)
",9999999.000,9999999.000,0.000,1.000,0.000,1,0,0,2,3,0,1,2,0.3333333333333333,0.0,0.0,1.0,0.3333333333333333,0.6666666666666667,1
"F[0,0](Pt_FatherT1D <= 0.000 -> SMBGperDayPtMeterCombo >= 1.345)
",-14.731,-73.655,0.000,0.000,1.000,1,0,0,2,3,0,1,2,0.3333333333333333,0.0,0.0,1.0,0.3333333333333333,0.6666666666666667,-1
"F[0,1](BGTestAvgNumMeter <= 2.255 & AutonomicNeuroCl >= 0.000)
",-9999999.000,-9999999.000,0.000,0.000,1.000,1,0,0,2,3,0,1,2,0.3333333333333333,0.0,0.0,1.0,0.3333333333333333,0.6666666666666667,-1
"G[1,1]((BUN <= 1.804 -> UnitsInsBasalOrLongAct >= 4.360) & Pt_A1cGoalLevelDsYr5 <= 9.062)
",-1.804,-1.804,0.000,1.000,0.000,1,0,0,2,3,0,1,2,0.3333333333333333,0.0,0.0,1.0,0.3333333333333333,0.6666666666666667,1
"F[0,1](HDL >= 36.107 & HeightCm <= 168.162)
",-9999999.000,-9999999.000,0.000,0.000,1.000,1,0,0,2,3,0,1,2,0.3333333333333333,0.0,0.0,1.0,0.3333333333333333,0.6666666666666667,-1
"((SMBGperDayPtMeterCombo >= 1.122) U[1,1] (UnitsInsBasalOrLongAct <= 26.639))
",26.639,26.639,0.000,0.000,1.000,1,0,0,2,3,0,1,2,0.3333333333333333,0.0,0.0,1.0,0.3333333333333333,0.6666666666666667,-1
"F[0,0](UnitsInsBasalOrLongAct <= 22.008 & HbA1cImputeDtMnC <= 71.598)
",-0.212,-3.142,0.000,0.000,1.000,1,0,0,2,3,0,1,2,0.3333333333333333,0.0,0.0,1.0,0.3333333333333333,0.6666666666666667,-1
"((HbA1cImputeDtMnC <= 68.277) U[0,0] (HbA1c >= 9.064))
",26.311,65.777,0.000,0.000,1.000,1,0,0,2,3,0,1,2,0.3333333333333333,0.0,0.0,1.0,0.3333333333333333,0.6666666666666667,-1
"((diabDur <= 14.619) U[0,0] (HeightCm <= 167.292))
",17.746,94.942,0.000,0.000,1.000,1,0,0,2,3,0,1,2,0.3333333333333333,0.0,0.0,1.0,0.3333333333333333,0.6666666666666667,-1
"((TSH <= 1.819) U[1,1] (Pt_SiblingT1D <= 0.000))
",1.819,1.819,0.000,0.000,1.000,1,0,0,2,3,0,1,2,0.3333333333333333,0.0,0.0,1.0,0.3333333333333333,0.6666666666666667,-1
"F[0,1]((BGTestAvgNumPtRep >= 0.820 & bmiZscore <= 1.061) | Pt_DKAFlg >= 0.493)
",-9999999.000,-9999999.000,0.000,0.000,1.000,1,0,0,2,3,0,1,2,0.3333333333333333,0.0,0.0,1.0,0.3333333333333333,0.6666666666666667,-1
"((HDL >= 27.782) U[1,1] (WeightKg <= 77.554))
",77.554,77.554,0.000,0.000,1.000,1,0,0,2,3,0,1,2,0.3333333333333333,0.0,0.0,1.0,0.3333333333333333,0.6666666666666667,-1
"F[0,1](BGTestAvgNumPtRep < 1.461 -> Pt_SHFlg = 0.056)
",-9999999.000,-9999999.000,0.000,0.000,1.000,1,0,0,2,3,0,1,2,0.3333333333333333,0.0,0.0,1.0,0.3333333333333333,0.6666666666666667,-1
"F[0,1](bmi >= 22.619 -> Pt_CGMUseNumDays >= 0.157)
",-9999999.000,-9999999.000,0.000,0.000,1.000,1,0,0,2,3,0,1,2,0.3333333333333333,0.0,0.0,1.0,0.3333333333333333,0.6666666666666667,-1
"((HbA1c <= 10.048) U[1,2] (TotChol <= 101.977))
",-9999999.000,-9999999.000,0.000,0.000,1.000,1,0,0,2,3,0,1,2,0.3333333333333333,0.0,0.0,1.0,0.3333333333333333,0.6666666666666667,-1
"F[0,1]((BldPrDia <= 75.531 & TSH >= 1.339) | Pt_SHFlg >= 1.412)
",-9999999.000,-9999999.000,0.000,0.000,1.000,1,0,0,2,3,0,1,2,0.3333333333333333,0.0,0.0,1.0,0.3333333333333333,0.6666666666666667,-1
"((LDL >= 0.243) U[0,0] (Pt_CGMUseNumDays <= 6.094))
",0.630,0.414,0.000,0.000,1.000,1,0,0,2,3,0,1,2,0.3333333333333333,0.0,0.0,1.0,0.3333333333333333,0.6666666666666667,-1
"((UnitsInsBasalOrLongAct <= 26.189) U[1,2] (HDL <= 45.764))
",-9999999.000,-9999999.000,0.000,0.000,1.000,1,0,0,2,3,0,1,2,0.3333333333333333,0.0,0.0,1.0,0.3333333333333333,0.6666666666666667,-1
"F[0,1](((Pt_DKAFlg >= 0.000 & NumPumpBolusOrShortAct <= 4.881) -> bmi >= 0.077) -> BGTestAvgNumMeter >= 0.722)
",-9999999.000,-9999999.000,0.000,0.000,1.000,1,0,0,2,3,0,1,2,0.3333333333333333,0.0,0.0,1.0,0.3333333333333333,0.6666666666666667,-1
"F[0,2]((TotalDailyInsPerKg <= 1.297 & age >= 16.336) | SMBGperDayPtMeterCombo >= 15.207)
",-9999999.000,-9999999.000,0.000,0.000,1.000,0,0,0,3,3,0,0,3,0.0,0.0,0.0,0.0,0.0,1.0,-1
"F[0,0](((DirectLDL <= 0.000 & Pt_GrandparentT1D <= 0.000) -> Pt_MotherT1D >= 0.000) | HDL <= 0.000)
",0.000,0.000,0.000,0.000,1.000,0,0,0,3,3,0,0,3,0.0,0.0,0.0,0.0,0.0,1.0,-1
"((diagAgeCombo <= 4.000) U[2,2] (Pt_FatherT1D <= 0.000))
",4.000,4.000,0.000,0.000,1.000,0,0,0,3,3,0,0,3,0.0,0.0,0.0,0.0,0.0,1.0,-1
"F[0,0]((Pt_InsGov >= 0.000 & Pt_SHFlg >= 0.018) -> NumPumpBolusOrShortAct <= 0.237)
",-0.237,-0.237,0.000,0.000,1.000,0,0,0,3,3,0,0,3,0.0,0.0,0.0,0.0,0.0,1.0,-1
"F[0,0]((BldPrDia >= 65.712 -> Pt_DKAFlg <= 0.000) | diagAgeCombo >= 0.000)
",0.000,0.000,0.000,0.000,1.000,0,0,0,3,3,0,0,3,0.0,0.0,0.0,0.0,0.0,1.0,-1
"F[1,2]((HeightCm >= 167.099 -> Pt_A1cGoalLevelDsYr5 >= 0.000) -> HbA1c >= 0.000)
",-9999999.000,-9999999.000,0.000,0.000,1.000,0,0,0,3,3,0,0,3,0.0,0.0,0.0,0.0,0.0,1.0,-1
"F[1,2](((BGTestAvgNumMeter <= 3.224 | Pt_FatherT1D <= 0.000) -> Pt_MotherT1D >= 0.000) & TotChol >= 0.000)
",-9999999.000,-9999999.000,0.000,0.000,1.000,0,0,0,3,3,0,0,3,0.0,0.0,0.0,0.0,0.0,1.0,-1
"F[0,2](bmiPerc <= 0.857 & Pt_DKAFlg <= 0.000)
",-9999999.000,-9999999.000,0.000,0.000,1.000,0,0,0,3,3,0,0,3,0.0,0.0,0.0,0.0,0.0,1.0,-1
"((BGTestAvgNumMeter <= 2.643) U[0,1] (UnitsInsBasalOrLongAct <= 19.794))
",-9999999.000,-9999999.000,0.000,0.000,1.000,0,0,0,3,3,0,0,3,0.0,0.0,0.0,0.0,0.0,1.0,-1
"((diagAgeCombo <= 4.000) U[1,2] (HbA1cImputeDtMnC >= 34.690))
",-9999999.000,-9999999.000,0.000,0.000,1.000,0,0,0,3,3,0,0,3,0.0,0.0,0.0,0.0,0.0,1.0,-1
"F[0,0]((age <= 19.008 | bmiZscore >= 0.114) | Pt_GrandparentT1D <= 0.937)
",19.008,19.008,0.000,0.000,1.000,0,0,0,3,3,0,0,3,0.0,0.0,0.0,0.0,0.0,1.0,-1
"F[0,2](Pt_GrandparentT1D <= 0.000 & DirectLDL <= 0.000)
",-9999999.000,-9999999.000,0.000,0.000,1.000,0,0,0,3,3,0,0,3,0.0,0.0,0.0,0.0,0.0,1.0,-1
"F[1,2]((bmiZscore <= 1.063 -> diabDur <= 13.302) & BldPrSys <= 14.080)
",-9999999.000,-9999999.000,0.000,0.000,1.000,0,0,0,3,3,0,0,3,0.0,0.0,0.0,0.0,0.0,1.0,-1
"((SMBGperDayPtMeterCombo <= 2.858) U[0,2] (BldPrDia <= 77.600))
",-9999999.000,-9999999.000,0.000,0.000,1.000,0,0,0,3,3,0,0,3,0.0,0.0,0.0,0.0,0.0,1.0,-1
"F[0,1]((BGTestAvgNumPtRep >= 0.459 -> HeightCm >= 166.103) | BldPrDia >= 166.107)
",-9999999.000,-9999999.000,0.000,0.000,1.000,0,0,0,3,3,0,0,3,0.0,0.0,0.0,0.0,0.0,1.0,-1
"F[1,2](((Pt_ChildT1D <= 0.000 | Pt_SHFlg >= 0.078) | Pt_MotherT1D <= 0.944) -> BldPrDia >= 0.040)
",-9999999.000,-9999999.000,0.000,0.000,1.000,0,0,0,3,3,0,0,3,0.0,0.0,0.0,0.0,0.0,1.0,-1
"((HbA1c <= 10.221) U[0,1] (Pt_SHFlg <= 0.580))
",-9999999.000,-9999999.000,0.000,0.000,1.000,0,0,0,3,3,0,0,3,0.0,0.0,0.0,0.0,0.0,1.0,-1
"F[2,2](((Pt_A1cGoalLev <= 0.000 -> TotChol <= 109.130) & BGTestAvgNumMeter >= 57.047) -> Triglyc <= 136.564)
",-136.564,-136.564,0.000,0.000,1.000,0,0,0,3,3,0,0,3,0.0,0.0,0.0,0.0,0.0,1.0,-1
"F[0,2](HeightCm <= 167.387 | UnitsInsBasalOrLongAct <= 19.843)
",-9999999.000,-9999999.000,0.000,0.000,1.000,0,0,0,3,3,0,0,3,0.0,0.0,0.0,0.0,0.0,1.0,-1
"F[0,1](HeightCm <= 167.531 | TotChol <= 83.162)
",-9999999.000,-9999999.000,0.000,0.000,1.000,0,0,0,3,3,0,0,3,0.0,0.0,0.0,0.0,0.0,1.0,-1
"F[0,2]((HbA1c <= 10.511 & Pt_FatherT1D <= 0.000) -> BldPrSys >= 0.000)
",-9999999.000,-9999999.000,0.000,0.000,1.000,0,0,0,3,3,0,0,3,0.0,0.0,0.0,0.0,0.0,1.0,-1
"F[0,1](((UnitsInsBasalOrLongAct <= 28.909 | Pt_SiblingT1D <= 0.000) | UnitsInsBasalOrLongAct >= 0.000) -> Pt_A1cGoalLev <= 0.000)
",-9999999.000,-9999999.000,0.000,0.000,1.000,0,0,0,3,3,0,0,3,0.0,0.0,0.0,0.0,0.0,1.0,-1
"F[0,1]((Pt_DKAFlg <= 0.000 | NumPumpBolusOrShortAct >= 0.735) & TotalDailyInsPerKg >= 0.731)
",-9999999.000,-9999999.000,0.000,0.000,1.000,0,0,0,3,3,0,0,3,0.0,0.0,0.0,0.0,0.0,1.0,-1
"F[0,2](Pt_ChildT1D >= 0.000 -> age <= 18.680)
",-9999999.000,-9999999.000,0.000,0.000,1.000,0,0,0,3,3,0,0,3,0.0,0.0,0.0,0.0,0.0,1.0,-1
"F[0,2](((Pt_DKAFlg >= 0.000 & diabDur <= 14.200) -> Pt_A1cGoalLevelDsYr5 <= 14.573) & Triglyc <= 14.307)
",-9999999.000,-9999999.000,0.000,0.000,1.000,0,0,0,3,3,0,0,3,0.0,0.0,0.0,0.0,0.0,1.0,-1
"((Pt_MotherT1D >= 0.000) U[0,2] (TotalDailyInsPerKg <= 1.265))
",-9999999.000,-9999999.000,0.000,0.000,1.000,0,0,0,3,3,0,0,3,0.0,0.0,0.0,0.0,0.0,1.0,-1
"F[0,2](((Pt_SHFlg <= 0.392 & Pt_DKAFlg <= 0.000) -> Pt_ChildT1D >= 0.000) & GFR <= 0.000)
",-9999999.000,-9999999.000,0.000,0.000,1.000,0,0,0,3,3,0,0,3,0.0,0.0,0.0,0.0,0.0,1.0,-1
"F[1,1](((WeightKg >= 62.304 -> BGTestAvgNumMeter >= 1.171) | BUN >= 1.545) -> BldPrSys >= 0.091)
",-1.171,-1.171,0.000,0.000,1.000,0,0,0,3,3,0,0,3,0.0,0.0,0.0,0.0,0.0,1.0,-1
"F[1,2](((NumPumpBolusOrShortAct <= 1.041 -> GFR >= 0.000) & Pt_A1cGoalLev <= 0.000) & AutonomicNeuroCl >= 0.000)
",-9999999.000,-9999999.000,0.000,0.000,1.000,0,0,0,3,3,0,0,3,0.0,0.0,0.0,0.0,0.0,1.0,-1
"F[2,2](((Pt_GrandparentT1D >= 0.000 | HDL >= 28.988) & BldPrSys >= 14.859) & BldPrDia <= 42.107)
",-14.859,-14.859,0.000,0.000,1.000,0,0,0,3,3,0,0,3,0.0,0.0,0.0,0.0,0.0,1.0,-1
"((Pt_A1cGoalLev >= 0.000) U[0,1] (HDL >= 14.803))
",-9999999.000,-9999999.000,0.000,0.000,1.000,0,0,0,3,3,0,0,3,0.0,0.0,0.0,0.0,0.0,1.0,-1
"F[0,2](BGTestAvgNumPtRep <= 3.742 & diabDur <= 15.767)
",-9999999.000,-9999999.000,0.000,0.000,1.000,0,0,0,3,3,0,0,3,0.0,0.0,0.0,0.0,0.0,1.0,-1
"((bmi >= 23.812) U[0,1] (TSH <= 3.151))
",-9999999.000,-9999999.000,0.000,0.000,1.000,0,0,0,3,3,0,0,3,0.0,0.0,0.0,0.0,0.0,1.0,-1
"F[2,2](((Pt_FatherT1D >= 0.000 & age <= 18.225) | BUN >= 16.562) & UnitsInsBasalOrLongAct <= 19.213)
",0.000,0.000,0.000,0.000,1.000,0,0,0,3,3,0,0,3,0.0,0.0,0.0,0.0,0.0,1.0,-1
"F[2,2](((TotChol <= 99.297 -> Pt_FatherT1D <= 0.000) & bmiZscore >= 0.000) & Pt_SiblingT1D >= 0.000)
",-99.297,-99.297,0.000,0.000,1.000,0,0,0,3,3,0,0,3,0.0,0.0,0.0,0.0,0.0,1.0,-1
"F[0,2]((BUN <= 7.403 | BldPrSys >= 110.885) | SMBGperDayPtMeterCombo <= 111.358)
",-9999999.000,-9999999.000,0.000,0.000,1.000,0,0,0,3,3,0,0,3,0.0,0.0,0.0,0.0,0.0,1.0,-1
"G[0,1](HbA1cImputeDtMnC <= 77.157 & LDL >= 8.217)
",9999999.000,9999999.000,0.000,1.000,0.000,0,0,0,3,3,0,0,3,0.0,0.0,0.0,0.0,0.0,1.0,1
"F[0,1](((UnitsInsBasalOrLongAct <= 11.941 -> diabDur <= 14.674) -> bmiZscore <= 14.643) -> Pt_GrandchildT1D <= 13.245)
",-9999999.000,-9999999.000,0.000,0.000,1.000,0,0,0,3,3,0,0,3,0.0,0.0,0.0,0.0,0.0,1.0,-1
"F[1,2]((Pt_A1cGoalLev >= 0.000 -> diagAgeCombo >= 4.000) & Pt_A1cGoalLev >= 4.000)
",-9999999.000,-9999999.000,0.000,0.000,1.000,0,0,0,3,3,0,0,3,0.0,0.0,0.0,0.0,0.0,1.0,-1
"F[0,2](((Pt_MotherT1D <= 0.000 | Pt_MotherT1D <= 0.000) -> TotChol <= 0.000) & Pt_A1cGoalLev >= 0.000)
",-9999999.000,-9999999.000,0.000,0.000,1.000,0,0,0,3,3,0,0,3,0.0,0.0,0.0,0.0,0.0,1.0,-1
"F[1,2]((GFR <= 0.000 -> Pt_A1cGoalLev >= 0.000) | Pt_GrandchildT1D <= 0.000)
",-9999999.000,-9999999.000,0.000,0.000,1.000,0,0,0,3,3,0,0,3,0.0,0.0,0.0,0.0,0.0,1.0,-1
"((Pt_InsGov >= 0.000) U[0,1] (bmiPerc >= 0.837))
",-9999999.000,-9999999.000,0.000,0.000,1.000,0,0,0,3,3,0,0,3,0.0,0.0,0.0,0.0,0.0,1.0,-1
"F[0,2](((UnitsInsBasalOrLongAct <= 27.178 | Pt_ChildT1D <= 0.000) -> bmi >= 0.000) -> TSH <= 0.000)
",-9999999.000,-9999999.000,0.000,0.000,1.000,0,0,0,3,3,0,0,3,0.0,0.0,0.0,0.0,0.0,1.0,-1
"((Pt_CGMUseNumDays >= 0.036) U[0,1] (AutonomicNeuroCl >= 0.000))
",-9999999.000,-9999999.000,0.000,0.000,1.000,0,0,0,3,3,0,0,3,0.0,0.0,0.0,0.0,0.0,1.0,-1
"F[1,2]((age >= 13.255 | HbA1c <= 10.008) & Triglyc <= 9.650)
",-9999999.000,-9999999.000,0.000,0.000,1.000,0,0,0,3,3,0,0,3,0.0,0.0,0.0,0.0,0.0,1.0,-1
"((bmiPerc >= 0.813) U[0,2] (HDL >= 21.316))
",-9999999.000,-9999999.000,0.000,0.000,1.000,0,0,0,3,3,0,0,3,0.0,0.0,0.0,0.0,0.0,1.0,-1
"F[1,2](((BGTestAvgNumMeter <= 2.654 & LDL >= 20.315) -> BUN <= 53.127) | Pt_InsGov >= 18.684)
",-9999999.000,-9999999.000,0.000,0.000,1.000,0,0,0,3,3,0,0,3,0.0,0.0,0.0,0.0,0.0,1.0,-1
"((Pt_FatherT1D >= 0.000) U[0,2] (Pt_DKAFlg <= 0.000))
",-9999999.000,-9999999.000,0.000,0.000,1.000,0,0,0,3,3,0,0,3,0.0,0.0,0.0,0.0,0.0,1.0,-1
"F[2,2]((Pt_CGMUseNumDays <= 2.937 | HbA1cImputeDtMnC <= 66.442) -> NumPumpBolusOrShortAct <= 70.693)
",-70.693,-70.693,0.000,0.000,1.000,0,0,0,3,3,0,0,3,0.0,0.0,0.0,0.0,0.0,1.0,-1
"F[0,2](GFR <= 0.000 | Pt_DKAFlg >= 0.000)
",-9999999.000,-9999999.000,0.000,0.000,1.000,0,0,0,3,3,0,0,3,0.0,0.0,0.0,0.0,0.0,1.0,-1
"F[2,2](HDL <= 40.566 | SMBGperDayPtMeterCombo <= 3.112)
",40.566,40.566,0.000,0.000,1.000,0,0,0,3,3,0,0,3,0.0,0.0,0.0,0.0,0.0,1.0,-1
"F[1,2](((UnitsInsBasalOrLongAct <= 18.192 -> age <= 17.260) | DirectLDL <= 17.549) -> Pt_InsGov <= 19.770)
",-9999999.000,-9999999.000,0.000,0.000,1.000,0,0,0,3,3,0,0,3,0.0,0.0,0.0,0.0,0.0,1.0,-1
"F[0,1](LDL >= 28.319 -> DirectLDL <= 0.000)
",-9999999.000,-9999999.000,0.000,0.000,1.000,0,0,0,3,3,0,0,3,0.0,0.0,0.0,0.0,0.0,1.0,-1
"F[0,1](age <= 17.494 | Pt_CGMUseNumDays <= 3.443)
",-9999999.000,-9999999.000,0.000,0.000,1.000,0,0,0,3,3,0,0,3,0.0,0.0,0.0,0.0,0.0,1.0,-1
"F[1,2](GFR >= 0.000 -> HbA1c <= 9.553)
",-9999999.000,-9999999.000,0.000,0.000,1.000,0,0,0,3,3,0,0,3,0.0,0.0,0.0,0.0,0.0,1.0,-1
"F[0,1](((LDL >= 10.022 -> Pt_A1cGoalLevelDsYr5 <= 0.000) & diabDur <= 0.000) -> HeightCm >= 0.000)
",-9999999.000,-9999999.000,0.000,0.000,1.000,0,0,0,3,3,0,0,3,0.0,0.0,0.0,0.0,0.0,1.0,-1
"F[1,2](HbA1c <= 10.268 -> Pt_MotherT1D <= 0.000)
",-9999999.000,-9999999.000,0.000,0.000,1.000,0,0,0,3,3,0,0,3,0.0,0.0,0.0,0.0,0.0,1.0,-1
"F[2,2](((HbA1c >= 8.730 & HeightCm >= 166.058) | diagAgeCombo <= 167.726) | HbA1c <= 168.264)
",168.264,168.264,0.000,0.000,1.000,0,0,0,3,3,0,0,3,0.0,0.0,0.0,0.0,0.0,1.0,-1
"F[0,2](AutonomicNeuroCl >= 0.000 -> UnitsInsBasalOrLongAct <= 17.819)
",-9999999.000,-9999999.000,0.000,0.000,1.000,0,0,0,3,3,0,0,3,0.0,0.0,0.0,0.0,0.0,1.0,-1
"F[0,2]((LDL >= 13.885 | LDL <= 60.485) | TotChol >= 7.312)
",-9999999.000,-9999999.000,0.000,0.000,1.000,0,0,0,3,3,0,0,3,0.0,0.0,0.0,0.0,0.0,1.0,-1
"F[0,2](GFR <= 0.000 -> age <= 20.000)
",-9999999.000,-9999999.000,0.000,0.000,1.000,0,0,0,3,3,0,0,3,0.0,0.0,0.0,0.0,0.0,1.0,-1
"F[2,2](((Pt_GrandparentT1D >= 0.000 | age <= 17.568) & NumPumpBolusOrShortAct <= 17.222) -> TotChol >= 14.524)
",-17.222,-17.222,0.000,0.000,1.000,0,0,0,3,3,0,0,3,0.0,0.0,0.0,0.0,0.0,1.0,-1
"F[0,2](((HeightCm >= 166.575 & Pt_MotherT1D >= 0.000) | Pt_GrandparentT1D >= 0.000) -> BldPrDia <= 0.000)
",-9999999.000,-9999999.000,0.000,0.000,1.000,0,0,0,3,3,0,0,3,0.0,0.0,0.0,0.0,0.0,1.0,-1
"F[0,2](Pt_GrandchildT1D >= 0.000 | BGTestAvgNumPtRep >= 1.142)
",-9999999.000,-9999999.000,0.000,0.000,1.000,0,0,0,3,3,0,0,3,0.0,0.0,0.0,0.0,0.0,1.0,-1
"((HbA1cImputeDtMnC >= 10.429) U[0,2] (WeightKg >= 60.954))
",-9999999.000,-9999999.000,0.000,0.000,1.000,0,0,0,3,3,0,0,3,0.0,0.0,0.0,0.0,0.0,1.0,-1
"F[0,2](TSH <= 4.938 & HbA1c <= 9.964)
",-9999999.000,-9999999.000,0.000,0.000,1.000,0,0,0,3,3,0,0,3,0.0,0.0,0.0,0.0,0.0,1.0,-1
"F[0,1]((HeightCm <= 168.236 -> HbA1c >= 8.787) & Pt_FatherT1D <= 9.765)
",-9999999.000,-9999999.000,0.000,0.000,1.000,0,0,0,3,3,0,0,3,0.0,0.0,0.0,0.0,0.0,1.0,-1
"F[0,1](bmiPerc <= 0.877 & age <= 19.834)
",-9999999.000,-9999999.000,0.000,0.000,1.000,0,0,0,3,3,0,0,3,0.0,0.0,0.0,0.0,0.0,1.0,-1
"F[1,1](((HbA1c <= 10.303 -> AlbCreatRat_mggNew <= 41.086) | BGTestAvgNumPtRep <= 33.158) | Pt_SiblingT1D <= 47.384)
",47.384,47.384,0.000,0.000,1.000,0,0,0,3,3,0,0,3,0.0,0.0,0.0,0.0,0.0,1.0,-1
"F[0,2]((Pt_SiblingT1D >= 0.000 | WeightKg <= 76.946) & UnitsInsBasalOrLongAct <= 72.808)
",-9999999.000,-9999999.000,0.000,0.000,1.000,0,0,0,3,3,0,0,3,0.0,0.0,0.0,0.0,0.0,1.0,-1
"((Pt_A1cGoalLevelDsYr5 <= 0.000) U[0,0] (DirectLDL >= 0.000))
",239.571,167.700,0.000,0.000,1.000,0,0,0,3,3,0,0,3,0.0,0.0,0.0,0.0,0.0,1.0,-1
"F[1,2]((diagAgeCombo <= 4.000 -> Pt_InsGov >= 0.000) | Pt_DKAFlg >= 0.000)
",-9999999.000,-9999999.000,0.000,0.000,1.000,0,0,0,3,3,0,0,3,0.0,0.0,0.0,0.0,0.0,1.0,-1
"((AutonomicNeuroCl >= 0.000) U[2,2] (Triglyc <= 74.049))
",74.049,74.049,0.000,0.000,1.000,0,0,0,3,3,0,0,3,0.0,0.0,0.0,0.0,0.0,1.0,-1
"((HbA1c <= 10.516) U[0,1] (GFR >= 0.000))
",-9999999.000,-9999999.000,0.000,0.000,1.000,0,0,0,3,3,0,0,3,0.0,0.0,0.0,0.0,0.0,1.0,-1
"F[2,2](((diabDur <= 14.501 & SMBGperDayPtMeterCombo <= 3.169) | HbA1c <= 3.140) -> Pt_SHFlg >= 0.117)
",-3.169,-3.169,0.000,0.000,1.000,0,0,0,3,3,0,0,3,0.0,0.0,0.0,0.0,0.0,1.0,-1
"((Pt_CGMUseNumDays <= 5.798) U[2,2] (WeightKg >= 65.815))
",5.798,5.798,0.000,0.000,1.000,0,0,0,3,3,0,0,3,0.0,0.0,0.0,0.0,0.0,1.0,-1
"F[0,2](AlbCreatRat_mggNew <= 51.262 | HDL >= 19.463)
",-9999999.000,-9999999.000,0.000,0.000,1.000,0,0,0,3,3,0,0,3,0.0,0.0,0.0,0.0,0.0,1.0,-1
"F[1,2](((BGTestAvgNumMeter <= 3.121 | HbA1cImputeDtMnC >= 24.227) -> Pt_DKAFlg <= 72.089) -> Pt_InsGov >= 1.174)
",-9999999.000,-9999999.000,0.000,0.000,1.000,0,0,0,3,3,0,0,3,0.0,0.0,0.0,0.0,0.0,1.0,-1
"F[1,2]((age >= 14.019 -> BGTestAvgNumMeter >= 1.242) | BldPrDia >= 0.203)
",-9999999.000,-9999999.000,0.000,0.000,1.000,0,0,0,3,3,0,0,3,0.0,0.0,0.0,0.0,0.0,1.0,-1
"F[1,2](((BldPrSys <= 113.468 | LDL <= 64.903) | SMBGperDayPtMeterCombo <= 36.376) & BGTestAvgNumPtRep >= 25.205)
",-9999999.000,-9999999.000,0.000,0.000,1.000,0,0,0,3,3,0,0,3,0.0,0.0,0.0,0.0,0.0,1.0,-1
"F[1,1](((BldPrSys >= 104.503 & TSH <= 1.787) & Pt_CGMUseNumDays <= 4.968) | GFR <= 4.016)
",4.016,4.016,0.000,0.000,1.000,0,0,0,3,3,0,0,3,0.0,0.0,0.0,0.0,0.0,1.0,-1
"F[0,2]((BUN >= 0.875 & NumPumpBolusOrShortAct >= 0.813) & Pt_InsGov <= 1.664)
",-9999999.000,-9999999.000,0.000,0.000,1.000,0,0,0,3,3,0,0,3,0.0,0.0,0.0,0.0,0.0,1.0,-1
"F[0,2](((BUN >= 0.780 & Pt_CGMUseNumDays <= 4.258) | Pt_MotherT1D <= 4.385) -> BGTestAvgNumPtRep >= 0.893)
",-9999999.000,-9999999.000,0.000,0.000,1.000,0,0,0,3,3,0,0,3,0.0,0.0,0.0,0.0,0.0,1.0,-1
"F[1,2](((BldPrSys <= 122.617 -> Triglyc >= 24.457) & Pt_GrandchildT1D <= 43.818) & HbA1c <= 66.928)
",-9999999.000,-9999999.000,0.000,0.000,1.000,0,0,0,3,3,0,0,3,0.0,0.0,0.0,0.0,0.0,1.0,-1
"F[1,2]((bmiZscore <= 0.980 | Pt_SHFlg >= 0.130) | Pt_A1cGoalLev <= 0.949)
",-9999999.000,-9999999.000,0.000,0.000,1.000,0,0,0,3,3,0,0,3,0.0,0.0,0.0,0.0,0.0,1.0,-1
"F[0,1](SMBGperDayPtMeterCombo >= 2.207 | TotChol <= 136.140)
",-9999999.000,-9999999.000,0.000,0.000,1.000,0,0,0,3,3,0,0,3,0.0,0.0,0.0,0.0,0.0,1.0,-1
"F[1,2](((SMBGperDayPtMeterCombo >= 1.041 | WeightKg <= 73.987) & BldPrSys <= 73.957) -> Pt_SiblingT1D >= 63.255)
",-9999999.000,-9999999.000,0.000,0.000,1.000,0,0,0,3,3,0,0,3,0.0,0.0,0.0,0.0,0.0,1.0,-1
"((SMBGperDayPtMeterCombo <= 3.053) U[0,1] (TotalDailyInsPerKg >= 0.639))
",-9999999.000,-9999999.000,0.000,0.000,1.000,0,0,0,3,3,0,0,3,0.0,0.0,0.0,0.0,0.0,1.0,-1
"F[0,1]((BGTestAvgNumMeter <= 2.233 -> BGTestAvgNumPtRep <= 3.638) | LDL <= 1.697)
",-9999999.000,-9999999.000,0.000,0.000,1.000,0,0,0,3,3,0,0,3,0.0,0.0,0.0,0.0,0.0,1.0,-1
"F[1,2](((BGTestAvgNumPtRep <= 1.616 -> HeightCm <= 167.949) -> TSH >= 166.254) & Pt_A1cGoalLevelDsYr5 <= 167.802)
",-9999999.000,-9999999.000,0.000,0.000,1.000,0,0,0,3,3,0,0,3,0.0,0.0,0.0,0.0,0.0,1.0,-1
"F[1,2]((BGTestAvgNumMeter >= 1.034 -> BldPrDia <= 72.973) | Pt_CGMUseNumDays <= 73.037)
",-9999999.000,-9999999.000,0.000,0.000,1.000,0,0,0,3,3,0,0,3,0.0,0.0,0.0,0.0,0.0,1.0,-1
"F[0,2](((BGTestAvgNumPtRep >= 1.010 | HbA1cImputeDtMnC <= 82.292) | WeightKg <= 62.023) & WeightKg <= 71.531)
",-9999999.000,-9999999.000,0.000,0.000,1.000,0,0,0,3,3,0,0,3,0.0,0.0,0.0,0.0,0.0,1.0,-1
"F[0,1](TotChol >= 80.340 | WeightKg <= 73.627)
",-9999999.000,-9999999.000,0.000,0.000,1.000,0,0,0,3,3,0,0,3,0.0,0.0,0.0,0.0,0.0,1.0,-1
"F[1,2]((HeightCm <= 168.368 & TotalDailyInsPerKg >= 0.014) | Pt_CGMUseNumDays <= 0.937)
",-9999999.000,-9999999.000,0.000,0.000,1.000,0,0,0,3,3,0,0,3,0.0,0.0,0.0,0.0,0.0,1.0,-1
"F[1,2](AlbCreatRat_mggNew <= 50.796 -> bmi <= 25.059)
",-9999999.000,-9999999.000,0.000,0.000,1.000,0,0,0,3,3,0,0,3,0.0,0.0,0.0,0.0,0.0,1.0,-1
"F[0,2]((AlbCreatRat_mggNew >= 14.393 & Triglyc >= 2.186) & bmiZscore <= 61.748)
",-9999999.000,-9999999.000,0.000,0.000,1.000,0,0,0,3,3,0,0,3,0.0,0.0,0.0,0.0,0.0,1.0,-1
"F[0,2]((bmiPerc >= 0.828 | HDL >= 34.891) | AutonomicNeuroCl <= 47.894)
",-9999999.000,-9999999.000,0.000,0.000,1.000,0,0,0,3,3,0,0,3,0.0,0.0,0.0,0.0,0.0,1.0,-1
"F[0,2]((age >= 15.000 -> BGTestAvgNumPtRep <= 3.310) & HeightCm >= 0.664)
",-9999999.000,-9999999.000,0.000,0.000,1.000,0,0,0,3,3,0,0,3,0.0,0.0,0.0,0.0,0.0,1.0,-1
"F[1,1]((BldPrDia <= 79.019 -> TotalDailyInsPerKg <= 1.224) & bmi >= 0.174)
",-79.019,-79.019,0.000,0.000,1.000,0,0,0,3,3,0,0,3,0.0,0.0,0.0,0.0,0.0,1.0,-1
"F[1,2](NumPumpBolusOrShortAct <= 3.935 -> WeightKg <= 74.068)
",-9999999.000,-9999999.000,0.000,0.000,1.000,0,0,0,3,3,0,0,3,0.0,0.0,0.0,0.0,0.0,1.0,-1
"F[1,2](((BldPrDia <= 74.026 & HbA1c >= 9.113) | diagAgeCombo >= 9.313) & Pt_GrandparentT1D <= 10.717)
",-9999999.000,-9999999.000,0.000,0.000,1.000,0,0,0,3,3,0,0,3,0.0,0.0,0.0,0.0,0.0,1.0,-1
"((AlbCreatRat_mggNew >= 17.087) U[0,1] (HbA1cImputeDtMnC <= 70.978))
",-9999999.000,-9999999.000,0.000,0.000,1.000,0,0,0,3,3,0,0,3,0.0,0.0,0.0,0.0,0.0,1.0,-1
"F[0,2](((NumPumpBolusOrShortAct <= 3.014 & TotChol <= 84.420) | Pt_GrandparentT1D >= 43.527) | Pt_DKAFlg <= 130.246)
",-9999999.000,-9999999.000,0.000,0.000,1.000,0,0,0,3,3,0,0,3,0.0,0.0,0.0,0.0,0.0,1.0,-1
"F[0,1](((age <= 18.432 -> HbA1c <= 10.588) & bmiPerc >= 9.104) | Pt_InsGov <= 9.463)
",-9999999.000,-9999999.000,0.000,0.000,1.000,0,0,0,3,3,0,0,3,0.0,0.0,0.0,0.0,0.0,1.0,-1
"((bmiPerc <= 0.874) U[0,1] (LDL >= 27.716))
",-9999999.000,-9999999.000,0.000,0.000,1.000,0,0,0,3,3,0,0,3,0.0,0.0,0.0,0.0,0.0,1.0,-1
"F[1,1]((HbA1c <= 10.549 -> HeightCm >= 166.948) -> bmiPerc <= 168.294)
",-168.294,-168.294,0.000,0.000,1.000,0,0,0,3,3,0,0,3,0.0,0.0,0.0,0.0,0.0,1.0,-1
"F[1,1](((age <= 18.161 -> AlbCreatRat_mggNew <= 33.996) & bmiPerc <= 35.289) | Pt_GrandchildT1D >= 26.152)
",-26.152,-26.152,0.000,0.000,1.000,0,0,0,3,3,0,0,3,0.0,0.0,0.0,0.0,0.0,1.0,-1
"F[1,2]((bmiZscore >= 0.178 -> HbA1c <= 10.171) -> bmiPerc >= 8.795)
",-9999999.000,-9999999.000,0.000,0.000,1.000,0,0,0,3,3,0,0,3,0.0,0.0,0.0,0.0,0.0,1.0,-1
"F[0,2](AlbCreatRat_mggNew >= 28.207 -> BUN >= 1.407)
",-9999999.000,-9999999.000,0.000,0.000,1.000,0,0,0,3,3,0,0,3,0.0,0.0,0.0,0.0,0.0,1.0,-1
"F[0,1]((AlbCreatRat_mggNew >= 29.825 & LDL >= 27.437) | BGTestAvgNumPtRep <= 62.320)
",-9999999.000,-9999999.000,0.000,0.000,1.000,0,0,0,3,3,0,0,3,0.0,0.0,0.0,0.0,0.0,1.0,-1
"((AlbCreatRat_mggNew <= 50.024) U[0,2] (bmiZscore >= 0.547))
",-9999999.000,-9999999.000,0.000,0.000,1.000,0,0,0,3,3,0,0,3,0.0,0.0,0.0,0.0,0.0,1.0,-1
"F[2,2](((BldPrDia <= 75.367 -> diabDur <= 14.077) -> AlbCreatRat_mggNew >= 10.375) & Pt_SiblingT1D >= 11.858)
",-11.858,-11.858,0.000,0.000,1.000,0,0,0,3,3,0,0,3,0.0,0.0,0.0,0.0,0.0,1.0,-1
"F[1,2](bmi >= 23.239 | bmiZscore <= 0.986)
",-9999999.000,-9999999.000,0.000,0.000,1.000,0,0,0,3,3,0,0,3,0.0,0.0,0.0,0.0,0.0,1.0,-1
"F[0,2]((BGTestAvgNumPtRep <= 3.495 -> TotChol >= 62.355) -> NumPumpBolusOrShortAct >= 30.799)
",-9999999.000,-9999999.000,0.000,0.000,1.000,0,0,0,3,3,0,0,3,0.0,0.0,0.0,0.0,0.0,1.0,-1
"F[1,1]((BldPrSys >= 108.288 & HbA1cImputeDtMnC <= 49.478) -> HbA1cImputeDtMnC <= 79.099)
",-79.099,-79.099,0.000,0.000,1.000,0,0,0,3,3,0,0,3,0.0,0.0,0.0,0.0,0.0,1.0,-1
"F[1,2](BGTestAvgNumMeter <= 3.828 -> bmiPerc >= 0.798)
",-9999999.000,-9999999.000,0.000,0.000,1.000,0,0,0,3,3,0,0,3,0.0,0.0,0.0,0.0,0.0,1.0,-1
"((HeightCm <= 168.170) U[1,2] (TotChol >= 21.835))
",-9999999.000,-9999999.000,0.000,0.000,1.000,0,0,0,3,3,0,0,3,0.0,0.0,0.0,0.0,0.0,1.0,-1
"F[1,2]((BldPrDia <= 78.167 -> WeightKg <= 75.862) -> Pt_GrandparentT1D >= 69.589)
",-9999999.000,-9999999.000,0.000,0.000,1.000,0,0,0,3,3,0,0,3,0.0,0.0,0.0,0.0,0.0,1.0,-1
"((BGTestAvgNumPtRep <= 1.900) U[2,2] (bmiPerc <= 0.856))
",1.900,1.900,0.000,0.000,1.000,0,0,0,3,3,0,0,3,0.0,0.0,0.0,0.0,0.0,1.0,-1
"F[0,0]((AlbCreatRat_mggNew <= 38.276 -> HbA1c >= 8.940) | NumPumpBolusOrShortAct >= 8.723)
",-8.723,-8.723,0.000,0.000,1.000,0,0,0,3,3,0,0,3,0.0,0.0,0.0,0.0,0.0,1.0,-1
"((bmiZscore <= 0.927) U[1,2] (HbA1cImputeDtMnC <= 52.431))
",-9999999.000,-9999999.000,0.000,0.000,1.000,0,0,0,3,3,0,0,3,0.0,0.0,0.0,0.0,0.0,1.0,-1
"F[1,2](((HbA1cImputeDtMnC >= 15.701 -> Pt_SHFlg >= 0.053) & DirectLDL <= 0.744) -> Pt_MotherT1D <= 0.640)
",-9999999.000,-9999999.000,0.000,0.000,1.000,0,0,0,3,3,0,0,3,0.0,0.0,0.0,0.0,0.0,1.0,-1
"((BGTestAvgNumPtRep >= 0.703) U[1,2] (HDL >= 15.740))
",-9999999.000,-9999999.000,0.000,0.000,1.000,0,0,0,3,3,0,0,3,0.0,0.0,0.0,0.0,0.0,1.0,-1
"F[0,1]((NumPumpBolusOrShortAct >= 0.533 | Triglyc <= 42.738) & BGTestAvgNumPtRep <= 74.842)
",-9999999.000,-9999999.000,0.000,0.000,1.000,0,0,0,3,3,0,0,3,0.0,0.0,0.0,0.0,0.0,1.0,-1
"F[0,1]((Triglyc >= 11.275 -> UnitsInsBasalOrLongAct <= 16.440) | Pt_A1cGoalLev <= 16.912)
",-9999999.000,-9999999.000,0.000,0.000,1.000,0,0,0,3,3,0,0,3,0.0,0.0,0.0,0.0,0.0,1.0,-1
"F[0,2](((BldPrSys <= 119.356 | WeightKg >= 68.080) | NumPumpBolusOrShortAct <= 77.270) -> Pt_ChildT1D >= 62.643)
",-9999999.000,-9999999.000,0.000,0.000,1.000,0,0,0,3,3,0,0,3,0.0,0.0,0.0,0.0,0.0,1.0,-1
"F[1,2]((BldPrSys <= 114.220 | bmi <= 25.453) & Pt_SHFlg <= 27.047)
",-9999999.000,-9999999.000,0.000,0.000,1.000,0,0,0,3,3,0,0,3,0.0,0.0,0.0,0.0,0.0,1.0,-1
"F[0,1]((HbA1c <= 10.049 | TSH >= 1.594) | BGTestAvgNumMeter >= 1.455)
",-9999999.000,-9999999.000,0.000,0.000,1.000,0,0,0,3,3,0,0,3,0.0,0.0,0.0,0.0,0.0,1.0,-1
"F[2,2]((HbA1cImputeDtMnC <= 74.567 | TSH <= 2.340) & TotChol >= 0.596)
",-0.596,-0.596,0.000,0.000,1.000,0,0,0,3,3,0,0,3,0.0,0.0,0.0,0.0,0.0,1.0,-1
"F[1,2](HbA1c >= 9.119 | LDL >= 11.095)
",-9999999.000,-9999999.000,0.000,0.000,1.000,0,0,0,3,3,0,0,3,0.0,0.0,0.0,0.0,0.0,1.0,-1
"F[2,2](((BGTestAvgNumPtRep >= 0.033 | SMBGperDayPtMeterCombo <= 2.390) | UnitsInsBasalOrLongAct <= 3.949) -> HbA1c >= 1.544)
",-3.949,-3.949,0.000,0.000,1.000,0,0,0,3,3,0,0,3,0.0,0.0,0.0,0.0,0.0,1.0,-1
"F[1,2]((BGTestAvgNumMeter >= 0.567 -> LDL >= 7.636) -> TotChol <= 68.227)
",-9999999.000,-9999999.000,0.000,0.000,1.000,0,0,0,3,3,0,0,3,0.0,0.0,0.0,0.0,0.0,1.0,-1
"((TotalDailyInsPerKg >= 0.213) U[2,2] (UnitsInsBasalOrLongAct <= 24.846))
",24.846,24.846,0.000,0.000,1.000,0,0,0,3,3,0,0,3,0.0,0.0,0.0,0.0,0.0,1.0,-1
"F[0,1](((NumPumpBolusOrShortAct <= 1.139 -> TotalDailyInsPerKg >= 0.294) & GFR <= 1.113) | diagAgeCombo >= 0.365)
",-9999999.000,-9999999.000,0.000,0.000,1.000,0,0,0,3,3,0,0,3,0.0,0.0,0.0,0.0,0.0,1.0,-1
"F[2,2]((BUN <= 2.907 -> TotChol >= 52.750) | Pt_InsGov >= 15.475)
",-2.907,-2.907,0.000,0.000,1.000,0,0,0,3,3,0,0,3,0.0,0.0,0.0,0.0,0.0,1.0,-1
"F[0,2](((BldPrSys >= 100.362 & bmiZscore >= 0.416) & UnitsInsBasalOrLongAct >= 0.704) & HbA1cImputeDtMnC <= 0.918)
",-9999999.000,-9999999.000,0.000,0.000,1.000,0,0,0,3,3,0,0,3,0.0,0.0,0.0,0.0,0.0,1.0,-1
"F[1,2](((age <= 17.975 -> HDL >= 9.748) | Pt_GrandparentT1D >= 21.821) | Pt_SHFlg <= 39.199)
",-9999999.000,-9999999.000,0.000,0.000,1.000,0,0,0,3,3,0,0,3,0.0,0.0,0.0,0.0,0.0,1.0,-1
"F[1,1](((BGTestAvgNumMeter >= 1.046 | TSH <= 3.709) & UnitsInsBasalOrLongAct <= 3.761) -> DirectLDL <= 2.594)
",-3.709,-3.709,0.000,0.000,1.000,0,0,0,3,3,0,0,3,0.0,0.0,0.0,0.0,0.0,1.0,-1
"F[0,2](((Pt_CGMUseNumDays >= 1.096 -> SMBGperDayPtMeterCombo >= 0.781) | Pt_SiblingT1D >= 1.203) | Pt_A1cGoalLev >= 2.038)
",-9999999.000,-9999999.000,0.000,0.000,1.000,0,0,0,3,3,0,0,3,0.0,0.0,0.0,0.0,0.0,1.0,-1
"F[0,2]((BldPrDia <= 79.001 -> LDL >= 4.715) -> HeightCm >= 10.504)
",-9999999.000,-9999999.000,0.000,0.000,1.000,0,0,0,3,3,0,0,3,0.0,0.0,0.0,0.0,0.0,1.0,-1
"F[0,1](((BldPrSys >= 106.388 | UnitsInsBasalOrLongAct <= 17.290) -> HbA1c >= 2.974) | BGTestAvgNumMeter >= 1.426)
",-9999999.000,-9999999.000,0.000,0.000,1.000,0,0,0,3,3,0,0,3,0.0,0.0,0.0,0.0,0.0,1.0,-1
"F[0,2](((Pt_SHFlg <= 0.458 -> Triglyc <= 45.427) -> HeightCm >= 23.822) & Pt_InsGov >= 17.802)
",-9999999.000,-9999999.000,0.000,0.000,1.000,0,0,0,3,3,0,0,3,0.0,0.0,0.0,0.0,0.0,1.0,-1
"F[2,2]((age >= 13.028 | TSH <= 2.278) | LDL <= 3.825)
",3.825,3.825,0.000,0.000,1.000,0,0,0,3,3,0,0,3,0.0,0.0,0.0,0.0,0.0,1.0,-1
"((age <= 18.317) U[0,1] (bmiZscore >= 0.146))
",-9999999.000,-9999999.000,0.000,0.000,1.000,0,0,0,3,3,0,0,3,0.0,0.0,0.0,0.0,0.0,1.0,-1
"F[1,2](((LDL >= 1.549 | SMBGperDayPtMeterCombo >= 0.910) & Triglyc >= 1.457) -> LDL >= 1.392)
",-9999999.000,-9999999.000,0.000,0.000,1.000,0,0,0,3,3,0,0,3,0.0,0.0,0.0,0.0,0.0,1.0,-1
"F[1,2](((age <= 17.744 | BldPrDia >= 65.830) | Pt_CGMUseNumDays <= 79.216) -> UnitsInsBasalOrLongAct >= 70.912)
",-9999999.000,-9999999.000,0.000,0.000,1.000,0,0,0,3,3,0,0,3,0.0,0.0,0.0,0.0,0.0,1.0,-1
"((bmiPerc <= 0.851) U[1,2] (BUN >= 1.102))
",-9999999.000,-9999999.000,0.000,0.000,1.000,0,0,0,3,3,0,0,3,0.0,0.0,0.0,0.0,0.0,1.0,-1
"F[1,2]((age >= 13.430 | bmiPerc <= 0.851) -> Pt_SiblingT1D <= 0.847)
",-9999999.000,-9999999.000,0.000,0.000,1.000,0,0,0,3,3,0,0,3,0.0,0.0,0.0,0.0,0.0,1.0,-1
"F[0,2](Pt_CGMUseNumDays <= 2.666 & TotChol >= 39.113)
",-9999999.000,-9999999.000,0.000,0.000,1.000,0,0,0,3,3,0,0,3,0.0,0.0,0.0,0.0,0.0,1.0,-1
"((BGTestAvgNumMeter <= 2.515) U[0,1] (BUN <= 7.933))
",-9999999.000,-9999999.000,0.000,0.000,1.000,0,0,0,3,3,0,0,3,0.0,0.0,0.0,0.0,0.0,1.0,-1
"((BUN <= 2.724) U[1,2] (WeightKg <= 75.674))
",-9999999.000,-9999999.000,0.000,0.000,1.000,0,0,0,3,3,0,0,3,0.0,0.0,0.0,0.0,0.0,1.0,-1
"F[0,2](((BldPrDia <= 73.503 -> SMBGperDayPtMeterCombo <= 2.686) | WeightKg <= 3.716) -> Pt_A1cGoalLev <= 3.242)
",-9999999.000,-9999999.000,0.000,0.000,1.000,0,0,0,3,3,0,0,3,0.0,0.0,0.0,0.0,0.0,1.0,-1
"((AlbCreatRat_mggNew <= 45.218) U[0,1] (NumPumpBolusOrShortAct <= 4.890))
",-9999999.000,-9999999.000,0.000,0.000,1.000,0,0,0,3,3,0,0,3,0.0,0.0,0.0,0.0,0.0,1.0,-1
"F[1,1](((BUN >= 1.254 | HbA1cImputeDtMnC <= 48.554) | HeightCm <= 64.662) | BldPrSys >= 29.505)
",64.662,64.662,0.000,0.000,1.000,0,0,0,3,3,0,0,3,0.0,0.0,0.0,0.0,0.0,1.0,-1
"F[0,1](((BUN <= 2.694 & diabDur >= 11.357) | Pt_GrandparentT1D <= 15.379) & bmiPerc <= 13.647)
",-9999999.000,-9999999.000,0.000,0.000,1.000,0,0,0,3,3,0,0,3,0.0,0.0,0.0,0.0,0.0,1.0,-1
"F[0,1]((bmiZscore <= 0.885 | BUN >= 0.414) | Pt_SiblingT1D >= 0.468)
",-9999999.000,-9999999.000,0.000,0.000,1.000,0,0,0,3,3,0,0,3,0.0,0.0,0.0,0.0,0.0,1.0,-1
"F[0,1](bmiPerc <= 0.868 | HbA1cImputeDtMnC <= 75.654)
",-9999999.000,-9999999.000,0.000,0.000,1.000,0,0,0,3,3,0,0,3,0.0,0.0,0.0,0.0,0.0,1.0,-1
"((BGTestAvgNumMeter <= 3.320) U[2,2] (bmiZscore >= 0.729))
",3.320,3.320,0.000,0.000,1.000,0,0,0,3,3,0,0,3,0.0,0.0,0.0,0.0,0.0,1.0,-1
"F[0,2](((BGTestAvgNumPtRep <= 3.841 & BldPrSys >= 110.415) | bmi <= 116.090) -> TSH >= 103.999)
",-9999999.000,-9999999.000,0.000,0.000,1.000,0,0,0,3,3,0,0,3,0.0,0.0,0.0,0.0,0.0,1.0,-1
"F[2,2](((Pt_CGMUseNumDays >= 0.601 | TotalDailyInsPerKg >= 0.647) -> Pt_A1cGoalLev <= 0.843) | bmiPerc >= 0.532)
",-0.532,-0.532,0.000,0.000,1.000,0,0,0,3,3,0,0,3,0.0,0.0,0.0,0.0,0.0,1.0,-1
"F[0,1]((BldPrDia <= 73.682 & Pt_CGMUseNumDays >= 1.068) | TotalDailyInsPerKg <= 5.094)
",-9999999.000,-9999999.000,0.000,0.000,1.000,0,0,0,3,3,0,0,3,0.0,0.0,0.0,0.0,0.0,1.0,-1
"F[2,2]((BUN <= 1.927 -> HeightCm >= 165.855) | HeightCm <= 167.967)
",167.967,167.967,0.000,0.000,1.000,0,0,0,3,3,0,0,3,0.0,0.0,0.0,0.0,0.0,1.0,-1
"F[1,2]((HDL >= 31.716 & Pt_SHFlg <= 0.721) | Pt_CGMUseNumDays >= 0.069)
",-9999999.000,-9999999.000,0.000,0.000,1.000,0,0,0,3,3,0,0,3,0.0,0.0,0.0,0.0,0.0,1.0,-1
"F[1,2]((bmiPerc >= 0.828 | UnitsInsBasalOrLongAct <= 7.626) & DirectLDL >= 2.144)
",-9999999.000,-9999999.000,0.000,0.000,1.000,0,0,0,3,3,0,0,3,0.0,0.0,0.0,0.0,0.0,1.0,-1
"((HeightCm >= 166.969) U[0,2] (WeightKg <= 76.193))
",-9999999.000,-9999999.000,0.000,0.000,1.000,0,0,0,3,3,0,0,3,0.0,0.0,0.0,0.0,0.0,1.0,-1
"F[0,1](((HbA1c <= 10.654 -> NumPumpBolusOrShortAct <= 1.189) -> BldPrSys <= 4.029) -> BUN <= 3.014)
",-9999999.000,-9999999.000,0.000,0.000,1.000,0,0,0,3,3,0,0,3,0.0,0.0,0.0,0.0,0.0,1.0,-1
"F[1,2](HbA1c >= 8.897 -> UnitsInsBasalOrLongAct >= 1.236)
",-9999999.000,-9999999.000,0.000,0.000,1.000,0,0,0,3,3,0,0,3,0.0,0.0,0.0,0.0,0.0,1.0,-1
"F[0,1](bmiZscore >= 0.790 -> LDL <= 52.020)
",-9999999.000,-9999999.000,0.000,0.000,1.000,0,0,0,3,3,0,0,3,0.0,0.0,0.0,0.0,0.0,1.0,-1
"F[0,2](bmiPerc <= 0.875 | TotalDailyInsPerKg >= 0.018)
",-9999999.000,-9999999.000,0.000,0.000,1.000,0,0,0,3,3,0,0,3,0.0,0.0,0.0,0.0,0.0,1.0,-1
"F[0,1](bmiPerc >= 0.828 & WeightKg >= 68.362)
",-9999999.000,-9999999.000,0.000,0.000,1.000,0,0,0,3,3,0,0,3,0.0,0.0,0.0,0.0,0.0,1.0,-1
"F[1,2](((HbA1cImputeDtMnC >= 30.902 & WeightKg >= 63.165) & BGTestAvgNumMeter >= 65.140) & Pt_A1cGoalLevelDsYr5 >= 68.245)
",-9999999.000,-9999999.000,0.000,0.000,1.000,0,0,0,3,3,0,0,3,0.0,0.0,0.0,0.0,0.0,1.0,-1
"F[1,2](((LDL >= 15.654 | TotChol >= 53.376) | Pt_A1cGoalLev <= 130.357) -> HbA1cImputeDtMnC >= 78.837)
",-9999999.000,-9999999.000,0.000,0.000,1.000,0,0,0,3,3,0,0,3,0.0,0.0,0.0,0.0,0.0,1.0,-1
"F[0,1](BGTestAvgNumPtRep <= 1.518 & Pt_SHFlg <= 0.941)
",-9999999.000,-9999999.000,0.000,0.000,1.000,0,0,0,3,3,0,0,3,0.0,0.0,0.0,0.0,0.0,1.0,-1
"F[0,2](((BGTestAvgNumPtRep <= 3.479 -> Pt_CGMUseNumDays <= 5.081) & BUN <= 1.568) -> Pt_FatherT1D >= 0.893)
",-9999999.000,-9999999.000,0.000,0.000,1.000,0,0,0,3,3,0,0,3,0.0,0.0,0.0,0.0,0.0,1.0,-1
"F[0,1](((AlbCreatRat_mggNew >= 27.307 | BldPrSys <= 119.572) | NumPumpBolusOrShortAct >= 102.039) | SMBGperDayPtMeterCombo <= 122.501)
",-9999999.000,-9999999.000,0.000,0.000,1.000,0,0,0,3,3,0,0,3,0.0,0.0,0.0,0.0,0.0,1.0,-1
"((BUN <= 2.452) U[0,1] (Triglyc <= 81.176))
",-9999999.000,-9999999.000,0.000,0.000,1.000,0,0,0,3,3,0,0,3,0.0,0.0,0.0,0.0,0.0,1.0,-1
"F[0,2](BldPrDia <= 75.624 & bmiZscore >= 0.332)
",-9999999.000,-9999999.000,0.000,0.000,1.000,0,0,0,3,3,0,0,3,0.0,0.0,0.0,0.0,0.0,1.0,-1
"F[2,2](BGTestAvgNumPtRep >= 0.076 -> TotalDailyInsPerKg <= 1.058)
",-1.058,-1.058,0.000,0.000,1.000,0,0,0,3,3,0,0,3,0.0,0.0,0.0,0.0,0.0,1.0,-1
"F[0,2]((HDL >= 29.042 | LDL <= 65.549) & Pt_FatherT1D <= 57.072)
",-9999999.000,-9999999.000,0.000,0.000,1.000,0,0,0,3,3,0,0,3,0.0,0.0,0.0,0.0,0.0,1.0,-1
"F[1,2](bmiZscore >= 0.818 | HDL >= 12.123)
",-9999999.000,-9999999.000,0.000,0.000,1.000,0,0,0,3,3,0,0,3,0.0,0.0,0.0,0.0,0.0,1.0,-1
"F[1,2](diabDur <= 13.872 | WeightKg >= 62.630)
",-9999999.000,-9999999.000,0.000,0.000,1.000,0,0,0,3,3,0,0,3,0.0,0.0,0.0,0.0,0.0,1.0,-1
"F[0,0]((bmi <= 25.471 & WeightKg >= 61.201) -> LDL <= 73.789)
",-111.360,-73.132,0.000,0.000,1.000,0,0,0,3,3,0,0,3,0.0,0.0,0.0,0.0,0.0,1.0,-1
"((BUN <= 3.429) U[0,2] (Pt_SHFlg = 0.524))
",-9999999.000,-9999999.000,0.000,0.000,1.000,0,0,0,3,3,0,0,3,0.0,0.0,0.0,0.0,0.0,1.0,-1
"((HDL > 16.387) U[2,2] (Pt_SHFlg = 0.936))
",-0.936,-0.936,0.000,0.000,1.000,0,0,0,3,3,0,0,3,0.0,0.0,0.0,0.0,0.0,1.0,-1
"((TotalDailyInsPerKg < 0.841) U[0,2] (Pt_SHFlg = 0.609))
",-9999999.000,-9999999.000,0.000,0.000,1.000,0,0,0,3,3,0,0,3,0.0,0.0,0.0,0.0,0.0,1.0,-1
"F[1,2](LDL < 43.575 & Pt_SHFlg = 0.560)
",-9999999.000,-9999999.000,0.000,0.000,1.000,0,0,0,3,3,0,0,3,0.0,0.0,0.0,0.0,0.0,1.0,-1
"F[1,2](diabDur >= 12.259 -> Pt_SHFlg = 0.988)
",-9999999.000,-9999999.000,0.000,0.000,1.000,0,0,0,3,3,0,0,3,0.0,0.0,0.0,0.0,0.0,1.0,-1
"F[0,2](WeightKg > 66.383 & Pt_SHFlg = 0.543)
",-9999999.000,-9999999.000,0.000,0.000,1.000,0,0,0,3,3,0,0,3,0.0,0.0,0.0,0.0,0.0,1.0,-1
"F[0,2](bmiZscore >= 0.333 -> Pt_SHFlg = 0.824)
",-9999999.000,-9999999.000,0.000,0.000,1.000,0,0,0,3,3,0,0,3,0.0,0.0,0.0,0.0,0.0,1.0,-1
"F[1,2](bmiPerc < 0.848 -> Pt_SHFlg = 0.565)
",-9999999.000,-9999999.000,0.000,0.000,1.000,0,0,0,3,3,0,0,3,0.0,0.0,0.0,0.0,0.0,1.0,-1
"F[1,2]((BUN <= 3.425 | TotalDailyInsPerKg >= 0.586) -> NumPumpBolusOrShortAct <= 1.038)
",-9999999.000,-9999999.000,0.000,0.000,1.000,0,0,0,3,3,0,0,3,0.0,0.0,0.0,0.0,0.0,1.0,-1
"((Pt_SiblingT1D > 0.000) U[0,2] (Pt_SHFlg = 0.443))
",-9999999.000,-9999999.000,0.000,0.000,1.000,0,0,0,3,3,0,0,3,0.0,0.0,0.0,0.0,0.0,1.0,-1
"F[0,2](DirectLDL > 0.000 & Pt_SHFlg = 0.950)
",-9999999.000,-9999999.000,0.000,0.000,1.000,0,0,0,3,3,0,0,3,0.0,0.0,0.0,0.0,0.0,1.0,-1
"F[0,1](Pt_InsGov > 0.000 -> Pt_SHFlg = 0.425)
",-9999999.000,-9999999.000,0.000,0.000,1.000,0,0,0,3,3,0,0,3,0.0,0.0,0.0,0.0,0.0,1.0,-1
"((Pt_DKAFlg > 0.000) U[1,2] (Pt_SHFlg = 0.796))
",-9999999.000,-9999999.000,0.000,0.000,1.000,0,0,0,3,3,0,0,3,0.0,0.0,0.0,0.0,0.0,1.0,-1
"((GFR >= 0.000) U[0,2] (Pt_SHFlg = 0.945))
",-9999999.000,-9999999.000,0.000,0.000,1.000,0,0,0,3,3,0,0,3,0.0,0.0,0.0,0.0,0.0,1.0,-1
"F[1,2]((bmiZscore >= 0.134 -> bmiZscore >= 0.820) | Pt_A1cGoalLevelDsYr5 <= 0.927)
",-9999999.000,-9999999.000,0.000,0.000,1.000,0,0,0,3,3,0,0,3,0.0,0.0,0.0,0.0,0.0,1.0,-1
"((BGTestAvgNumMeter >= 1.472) U[2,2] (BGTestAvgNumPtRep <= 3.479))
",3.479,3.479,0.000,0.000,1.000,0,0,0,3,3,0,0,3,0.0,0.0,0.0,0.0,0.0,1.0,-1
"F[2,2](HbA1c >= 8.819 -> Pt_A1cGoalLevelDsYr5 = 0.000)
",0.000,0.000,0.000,0.000,1.000,0,0,0,3,3,0,0,3,0.0,0.0,0.0,0.0,0.0,1.0,-1
"F[1,1](HbA1c >= 8.851 -> Pt_A1cGoalLevelDsYr5 = 0.000)
",0.000,0.000,0.000,0.000,1.000,0,0,0,3,3,0,0,3,0.0,0.0,0.0,0.0,0.0,1.0,-1
"((BGTestAvgNumMeter >= 1.264) U[0,1] (BGTestAvgNumPtRep <= 1.914))
",-9999999.000,-9999999.000,0.000,0.000,1.000,0,0,0,3,3,0,0,3,0.0,0.0,0.0,0.0,0.0,1.0,-1
"F[1,2](HbA1c >= 9.154 -> Pt_A1cGoalLevelDsYr5 = 0.000)
",-9999999.000,-9999999.000,0.000,0.000,1.000,0,0,0,3,3,0,0,3,0.0,0.0,0.0,0.0,0.0,1.0,-1
"((BGTestAvgNumMeter >= 0.921) U[2,2] (BGTestAvgNumPtRep <= 3.448))
",3.448,3.448,0.000,0.000,1.000,0,0,0,3,3,0,0,3,0.0,0.0,0.0,0.0,0.0,1.0,-1
"F[1,1](HbA1c >= 9.302 -> Pt_A1cGoalLevelDsYr5 = 0.000)
",0.000,0.000,0.000,0.000,1.000,0,0,0,3,3,0,0,3,0.0,0.0,0.0,0.0,0.0,1.0,-1
"((BGTestAvgNumMeter >= 0.475) U[0,2] (BGTestAvgNumPtRep <= 3.842))
",-9999999.000,-9999999.000,0.000,0.000,1.000,0,0,0,3,3,0,0,3,0.0,0.0,0.0,0.0,0.0,1.0,-1
"F[0,2]((HDL >= 24.028 -> TotChol <= 106.372) | Pt_A1cGoalLevelDsYr5 <= 81.942)
",-9999999.000,-9999999.000,0.000,0.000,1.000,0,0,0,3,3,0,0,3,0.0,0.0,0.0,0.0,0.0,1.0,-1
"F[0,2](HbA1c >= 9.147 -> Pt_A1cGoalLevelDsYr5 = 0.000)
",-9999999.000,-9999999.000,0.000,0.000,1.000,0,0,0,3,3,0,0,3,0.0,0.0,0.0,0.0,0.0,1.0,-1
"F[1,2](HbA1c >= 9.180 -> Pt_A1cGoalLevelDsYr5 = 0.000)
",-9999999.000,-9999999.000,0.000,0.000,1.000,0,0,0,3,3,0,0,3,0.0,0.0,0.0,0.0,0.0,1.0,-1
"((BGTestAvgNumMeter >= 0.756) U[0,2] (BGTestAvgNumPtRep <= 2.767))
",-9999999.000,-9999999.000,0.000,0.000,1.000,0,0,0,3,3,0,0,3,0.0,0.0,0.0,0.0,0.0,1.0,-1
"F[0,2](HbA1c >= 9.107 -> Pt_A1cGoalLevelDsYr5 = 0.000)
",-9999999.000,-9999999.000,0.000,0.000,1.000,0,0,0,3,3,0,0,3,0.0,0.0,0.0,0.0,0.0,1.0,-1
"F[0,2](HbA1c >= 9.365 -> Pt_A1cGoalLevelDsYr5 = 0.000)
",-9999999.000,-9999999.000,0.000,0.000,1.000,0,0,0,3,3,0,0,3,0.0,0.0,0.0,0.0,0.0,1.0,-1
"((BGTestAvgNumMeter >= 0.356) U[0,2] (BGTestAvgNumPtRep <= 3.889))
",-9999999.000,-9999999.000,0.000,0.000,1.000,0,0,0,3,3,0,0,3,0.0,0.0,0.0,0.0,0.0,1.0,-1
"F[0,1](HbA1c >= 8.843 -> Pt_A1cGoalLevelDsYr5 = 0.000)
",-9999999.000,-9999999.000,0.000,0.000,1.000,0,0,0,3,3,0,0,3,0.0,0.0,0.0,0.0,0.0,1.0,-1
"((BGTestAvgNumMeter >= 0.681) U[0,2] (BGTestAvgNumPtRep <= 2.754))
",-9999999.000,-9999999.000,0.000,0.000,1.000,0,0,0,3,3,0,0,3,0.0,0.0,0.0,0.0,0.0,1.0,-1
"((TotalDailyInsPerKg <= 1.050) U[0,0] (Pt_DKAFlg >= 0.000))
",0.000,0.000,0.000,0.000,1.000,0,0,0,3,3,0,0,3,0.0,0.0,0.0,0.0,0.0,1.0,-1
"F[0,2](TSH >= 0.314 | GFR <= 0.000)
",-9999999.000,-9999999.000,0.000,0.000,1.000,0,0,0,3,3,0,0,3,0.0,0.0,0.0,0.0,0.0,1.0,-1
"F[1,1](BGTestAvgNumPtRep <= 2.904 | Pt_SHFlg >= 0.115)
",2.904,2.904,0.000,0.000,1.000,0,0,0,3,3,0,0,3,0.0,0.0,0.0,0.0,0.0,1.0,-1
"G[2,2]((AlbCreatRat_mggNew <= 47.591 -> BGTestAvgNumPtRep <= 1.490) & age <= 1.339)
",-47.591,-47.591,0.000,1.000,0.000,0,0,3,0,0,3,3,0,0.0,0.0,1.0,0.0,0.0,1.0,1
"G[0,2](((TotChol <= 115.316 & TSH >= 1.417) | Pt_InsGov >= 0.264) -> BGTestAvgNumPtRep >= 1.034)
",9999999.000,9999999.000,0.000,1.000,0.000,0,0,2,1,1,2,2,1,0.0,0.0,1.0,0.0,0.0,1.0,1
"G[1,2]((bmiZscore >= 0.548 & TSH <= 2.670) & age <= 2.817)
",9999999.000,9999999.000,0.000,1.000,0.000,0,0,0,3,3,0,0,3,0.0,0.0,0.0,0.0,0.0,1.0,1
"G[2,2]((BUN <= 5.247 | TSH >= 1.548) -> bmiZscore >= 1.627)
",-5.247,-5.247,0.000,1.000,0.000,0,0,3,0,0,3,3,0,0.0,0.0,1.0,0.0,0.0,1.0,1
"G[1,2](bmi >= 24.649 | bmiPerc <= 0.843)
",9999999.000,9999999.000,0.000,1.000,0.000,0,0,3,0,0,3,3,0,0.0,0.0,1.0,0.0,0.0,1.0,1
"G[1,2]((BldPrDia <= 76.062 -> BldPrSys >= 101.547) | Pt_InsGov <= 121.634)
",9999999.000,9999999.000,0.000,1.000,0.000,0,0,3,0,0,3,3,0,0.0,0.0,1.0,0.0,0.0,1.0,1
"G[0,1]((bmi <= 25.629 & HeightCm <= 167.516) & HbA1cImputeDtMnC >= 167.174)
",9999999.000,9999999.000,0.000,1.000,0.000,0,0,0,3,3,0,0,3,0.0,0.0,0.0,0.0,0.0,1.0,1
"G[1,2]((AlbCreatRat_mggNew <= 42.993 | SMBGperDayPtMeterCombo <= 2.970) & age >= 0.265)
",9999999.000,9999999.000,0.000,1.000,0.000,0,0,3,0,0,3,3,0,0.0,0.0,1.0,0.0,0.0,1.0,1
"G[0,2]((bmi <= 25.011 -> HbA1cImputeDtMnC <= 73.665) | LDL >= 43.778)
",9999999.000,9999999.000,0.000,1.000,0.000,0,0,3,0,0,3,3,0,0.0,0.0,1.0,0.0,0.0,1.0,1
"G[0,1](((age >= 16.614 -> WeightKg <= 75.608) | Pt_GrandchildT1D >= 64.496) -> Pt_CGMUseNumDays >= 62.864)
",9999999.000,9999999.000,0.000,1.000,0.000,0,0,0,3,3,0,0,3,0.0,0.0,0.0,0.0,0.0,1.0,1
"G[1,2]((LDL <= 70.297 -> Triglyc >= 29.235) & diagAgeCombo <= 44.580)
",9999999.000,9999999.000,0.000,1.000,0.000,0,0,1,2,2,1,1,2,0.0,0.0,1.0,0.0,0.0,1.0,1
"G[0,0](AutonomicNeuroCl > 0.000 & Pt_SHFlg = 0.621)
",-3.410,-63.329,0.000,1.000,0.000,0,0,0,3,3,0,0,3,0.0,0.0,0.0,0.0,0.0,1.0,1
"G[1,2](Pt_ChildT1D >= 0.000 & Pt_SHFlg = 0.561)
",9999999.000,9999999.000,0.000,1.000,0.000,0,0,0,3,3,0,0,3,0.0,0.0,0.0,0.0,0.0,1.0,1
"G[0,2](Pt_MotherT1D < 0.000 & Pt_SHFlg = 0.544)
",9999999.000,9999999.000,0.000,1.000,0.000,0,0,0,3,3,0,0,3,0.0,0.0,0.0,0.0,0.0,1.0,1
"G[1,2](AlbCreatRat_mggNew < 47.546 & Pt_SHFlg = 0.306)
",9999999.000,9999999.000,0.000,1.000,0.000,0,0,0,3,3,0,0,3,0.0,0.0,0.0,0.0,0.0,1.0,1
"G[0,2]((Triglyc >= 20.101 & WeightKg <= 74.084) & HbA1c <= 70.613)
",9999999.000,9999999.000,0.000,1.000,0.000,0,0,0,3,3,0,0,3,0.0,0.0,0.0,0.0,0.0,1.0,1
"G[0,2](SMBGperDayPtMeterCombo >= 1.658 & BGTestAvgNumPtRep >= 0.106)
",9999999.000,9999999.000,0.000,1.000,0.000,0,0,0,3,3,0,0,3,0.0,0.0,0.0,0.0,0.0,1.0,1
"G[1,2](((HbA1cImputeDtMnC >= 46.097 | NumPumpBolusOrShortAct >= 0.022) | TotalDailyInsPerKg <= 2.503) -> TotChol >= 0.696)
",9999999.000,9999999.000,0.000,1.000,0.000,0,0,2,1,1,2,2,1,0.0,0.0,1.0,0.0,0.0,1.0,1
"G[2,2](NumPumpBolusOrShortAct >= 0.093 -> TotalDailyInsPerKg >= 0.196)
",0.093,0.093,0.000,1.000,0.000,0,0,3,0,0,3,3,0,0.0,0.0,1.0,0.0,0.0,1.0,1
"G[0,2](((Pt_SiblingT1D <= 0.000 | bmi <= 25.562) & bmiZscore >= 24.492) & BldPrSys >= 24.008)
",9999999.000,9999999.000,0.000,1.000,0.000,0,0,0,3,3,0,0,3,0.0,0.0,0.0,0.0,0.0,1.0,1
"G[1,1]((AlbCreatRat_mggNew >= 28.879 -> diagAgeCombo >= 4.000) & Pt_A1cGoalLev >= 4.000)
",-4.000,-4.000,0.000,1.000,0.000,0,0,0,3,3,0,0,3,0.0,0.0,0.0,0.0,0.0,1.0,1
"G[0,2]((AlbCreatRat_mggNew <= 50.766 -> Pt_GrandchildT1D >= 0.000) | bmiPerc >= 0.000)
",9999999.000,9999999.000,0.000,1.000,0.000,0,0,3,0,0,3,3,0,0.0,0.0,1.0,0.0,0.0,1.0,1
"G[0,2](((diabDur <= 15.123 | Pt_MotherT1D <= 0.000) -> Pt_FatherT1D >= 0.000) & HbA1cImputeDtMnC >= 0.000)
",9999999.000,9999999.000,0.000,1.000,0.000,0,0,3,0,0,3,3,0,0.0,0.0,1.0,0.0,0.0,1.0,1
"G[0,2](((HeightCm >= 166.475 -> Triglyc >= 27.049) & HbA1c >= 9.286) & Pt_SiblingT1D >= 4.113)
",9999999.000,9999999.000,0.000,1.000,0.000,0,0,0,3,3,0,0,3,0.0,0.0,0.0,0.0,0.0,1.0,1
"G[2,2]((Triglyc <= 64.704 -> TSH >= 1.474) -> TSH <= 1.833)
",-1.833,-1.833,0.000,1.000,0.000,0,0,3,0,0,3,3,0,0.0,0.0,1.0,0.0,0.0,1.0,1
"G[1,2](((BUN <= 8.962 -> LDL <= 70.043) & UnitsInsBasalOrLongAct <= 51.854) | Pt_A1cGoalLev <= 60.316)
",9999999.000,9999999.000,0.000,1.000,0.000,0,0,3,0,0,3,3,0,0.0,0.0,1.0,0.0,0.0,1.0,1
"G[1,2]((SMBGperDayPtMeterCombo <= 3.738 | GFR <= 0.000) -> HbA1cImputeDtMnC <= 0.000)
",9999999.000,9999999.000,0.000,1.000,0.000,0,0,0,3,3,0,0,3,0.0,0.0,0.0,0.0,0.0,1.0,1
"G[1,2](((LDL <= 50.922 & TSH <= 4.025) -> diabDur <= 5.094) & Pt_GrandparentT1D >= 0.819)
",9999999.000,9999999.000,0.000,1.000,0.000,0,0,0,3,3,0,0,3,0.0,0.0,0.0,0.0,0.0,1.0,1
"G[0,1](SMBGperDayPtMeterCombo >= 1.502 & BGTestAvgNumPtRep >= 1.073)
",9999999.000,9999999.000,0.000,1.000,0.000,0,0,0,3,3,0,0,3,0.0,0.0,0.0,0.0,0.0,1.0,1
"G[0,2]((WeightKg >= 62.552 | bmi >= 21.918) -> UnitsInsBasalOrLongAct <= 28.685)
",9999999.000,9999999.000,0.000,1.000,0.000,0,0,2,1,1,2,2,1,0.0,0.0,1.0,0.0,0.0,1.0,1
"G[0,2](GFR <= 0.000 -> BUN >= 0.087)
",9999999.000,9999999.000,0.000,1.000,0.000,0,0,0,3,3,0,0,3,0.0,0.0,0.0,0.0,0.0,1.0,1
"G[1,1](SMBGperDayPtMeterCombo >= 0.396 & BGTestAvgNumPtRep >= 0.623)
",-0.623,-0.623,0.000,1.000,0.000,0,0,0,3,3,0,0,3,0.0,0.0,0.0,0.0,0.0,1.0,1
"G[1,2](GFR <= 0.000 -> BUN >= 1.650)
",9999999.000,9999999.000,0.000,1.000,0.000,0,0,1,2,2,1,1,2,0.0,0.0,1.0,0.0,0.0,1.0,1
"G[0,1](SMBGperDayPtMeterCombo >= 1.089 & BGTestAvgNumPtRep >= 1.105)
",9999999.000,9999999.000,0.000,1.000,0.000,0,0,0,3,3,0,0,3,0.0,0.0,0.0,0.0,0.0,1.0,1
"G[1,2]((WeightKg >= 68.346 | bmi >= 23.160) -> UnitsInsBasalOrLongAct <= 18.398)
",9999999.000,9999999.000,0.000,1.000,0.000,0,0,3,0,0,3,3,0,0.0,0.0,1.0,0.0,0.0,1.0,1
"G[0,2](GFR <= 0.000 -> BUN >= 1.521)
",9999999.000,9999999.000,0.000,1.000,0.000,0,0,0,3,3,0,0,3,0.0,0.0,0.0,0.0,0.0,1.0,1
"G[0,2](SMBGperDayPtMeterCombo >= 1.785 & BGTestAvgNumPtRep >= 0.214)
",9999999.000,9999999.000,0.000,1.000,0.000,0,0,0,3,3,0,0,3,0.0,0.0,0.0,0.0,0.0,1.0,1
"G[0,2]((WeightKg >= 69.911 | bmi >= 24.441) -> UnitsInsBasalOrLongAct <= 11.489)
",9999999.000,9999999.000,0.000,1.000,0.000,0,0,3,0,0,3,3,0,0.0,0.0,1.0,0.0,0.0,1.0,1
"G[1,2](GFR <= 0.000 -> BUN >= 1.530)
",9999999.000,9999999.000,0.000,1.000,0.000,0,0,1,2,2,1,1,2,0.0,0.0,1.0,0.0,0.0,1.0,1
"G[2,2](SMBGperDayPtMeterCombo >= 0.556 & BGTestAvgNumPtRep >= 0.014)
",-0.556,-0.556,0.000,1.000,0.000,0,0,3,0,0,3,3,0,0.0,0.0,1.0,0.0,0.0,1.0,1
"G[0,2]((WeightKg >= 69.016 | bmi >= 22.954) -> UnitsInsBasalOrLongAct <= 22.590)
",9999999.000,9999999.000,0.000,1.000,0.000,0,0,2,1,1,2,2,1,0.0,0.0,1.0,0.0,0.0,1.0,1
"G[2,2](BGTestAvgNumMeter >= 1.393 & Pt_SHFlg = 0.654)
",-1.393,-1.393,0.000,1.000,0.000,0,0,3,0,0,3,3,0,0.0,0.0,1.0,0.0,0.0,1.0,1
"G[0,2](BldPrDia >= 70.471 & HDL >= 9.077)
",9999999.000,9999999.000,0.000,1.000,0.000,0,0,0,3,3,0,0,3,0.0,0.0,0.0,0.0,0.0,1.0,1
"G[0,2](age >= 15.462 & Pt_SHFlg = 0.256)
",9999999.000,9999999.000,0.000,1.000,0.000,0,0,0,3,3,0,0,3,0.0,0.0,0.0,0.0,0.0,1.0,1
"G[1,2](bmi < 25.242 -> Pt_SHFlg = 0.968)
",9999999.000,9999999.000,0.000,1.000,0.000,0,0,2,1,1,2,2,1,0.0,0.0,1.0,0.0,0.0,1.0,1
"G[0,2](((AlbCreatRat_mggNew >= 22.425 & UnitsInsBasalOrLongAct >= 0.962) & BGTestAvgNumMeter <= 26.853) & Pt_DKAFlg >= 1.844)
",9999999.000,9999999.000,0.000,1.000,0.000,0,0,0,3,3,0,0,3,0.0,0.0,0.0,0.0,0.0,1.0,1
"G[2,2](((HbA1c <= 9.748 -> TotalDailyInsPerKg <= 1.350) & UnitsInsBasalOrLongAct >= 0.123) -> BGTestAvgNumMeter >= 0.509)
",0.509,0.509,0.000,1.000,0.000,0,0,3,0,0,3,3,0,0.0,0.0,1.0,0.0,0.0,1.0,1
"G[1,2](((NumPumpBolusOrShortAct >= 0.615 & SMBGperDayPtMeterCombo >= 0.922) | UnitsInsBasalOrLongAct >= 0.767) -> Pt_InsGov >= 1.929)
",9999999.000,9999999.000,0.000,1.000,0.000,0,0,3,0,0,3,3,0,0.0,0.0,1.0,0.0,0.0,1.0,1
"G[0,2](((BGTestAvgNumMeter >= 0.771 & SMBGperDayPtMeterCombo >= 1.431) & HbA1c >= 0.207) | bmi <= 3.298)
",9999999.000,9999999.000,0.000,1.000,0.000,0,0,1,2,2,1,1,2,0.0,0.0,1.0,0.0,0.0,1.0,1
"G[0,1]((BGTestAvgNumMeter >= 0.118 -> TotalDailyInsPerKg <= 1.307) & Pt_A1cGoalLevelDsYr5 >= 0.245)
",9999999.000,9999999.000,0.000,1.000,0.000,0,0,0,3,3,0,0,3,0.0,0.0,0.0,0.0,0.0,1.0,1
"G[0,2](((BGTestAvgNumMeter <= 3.091 | HDL >= 21.160) | Pt_SHFlg >= 26.001) | bmi <= 46.660)
",9999999.000,9999999.000,0.000,1.000,0.000,0,0,3,0,0,3,3,0,0.0,0.0,1.0,0.0,0.0,1.0,1
"G[1,2]((Pt_InsGov <= 0.000 -> Pt_A1cGoalLevelDsYr5 <= 0.000) | Pt_InsGov >= 0.000)
",9999999.000,9999999.000,0.000,1.000,0.000,0,0,3,0,0,3,3,0,0.0,0.0,1.0,0.0,0.0,1.0,1
"G[0,1]((bmi <= 25.975 & Triglyc <= 66.453) -> GFR >= 28.810)
",9999999.000,9999999.000,0.000,1.000,0.000,0,0,0,3,3,0,0,3,0.0,0.0,0.0,0.0,0.0,1.0,1
"G[1,2](GFR <= 0.000 -> BUN >= 0.921)
",9999999.000,9999999.000,0.000,1.000,0.000,0,0,1,2,2,1,1,2,0.0,0.0,1.0,0.0,0.0,1.0,1
"G[0,2]((Pt_SiblingT1D <= 0.000 -> Triglyc >= 7.785) & bmiPerc <= 66.790)
",9999999.000,9999999.000,0.000,1.000,0.000,0,0,0,3,3,0,0,3,0.0,0.0,0.0,0.0,0.0,1.0,1
"G[2,2](((BldPrSys <= 117.345 -> Pt_ChildT1D >= 0.000) | HDL >= 0.000) -> HeightCm <= 0.000)
",0.000,0.000,0.000,1.000,0.000,0,0,3,0,0,3,3,0,0.0,0.0,1.0,0.0,0.0,1.0,1
"G[1,2](((TotalDailyInsPerKg >= 0.302 | Pt_A1cGoalLev >= 0.000) | bmiZscore <= 0.000) | bmiPerc <= 0.000)
",9999999.000,9999999.000,0.000,1.000,0.000,0,0,3,0,0,3,3,0,0.0,0.0,1.0,0.0,0.0,1.0,1
"G[0,2](((Pt_DKAFlg <= 0.000 -> diabDur >= 11.618) -> Pt_InsGov <= 13.694) -> SMBGperDayPtMeterCombo <= 15.595)
",9999999.000,9999999.000,0.000,1.000,0.000,0,0,3,0,0,3,3,0,0.0,0.0,1.0,0.0,0.0,1.0,1
"G[1,2]((diagAgeCombo <= 4.000 & Triglyc >= 10.287) & TotalDailyInsPerKg <= 45.240)
",9999999.000,9999999.000,0.000,1.000,0.000,0,0,1,2,2,1,1,2,0.0,0.0,1.0,0.0,0.0,1.0,1
"G[1,2]((Pt_SHFlg <= 0.903 | AutonomicNeuroCl >= 0.000) -> HDL <= 0.000)
",9999999.000,9999999.000,0.000,1.000,0.000,0,0,1,2,2,1,1,2,0.0,0.0,1.0,0.0,0.0,1.0,1
"G[0,2](SMBGperDayPtMeterCombo <= 2.695 -> Pt_ChildT1D >= 0.000)
",9999999.000,9999999.000,0.000,1.000,0.000,0,0,3,0,0,3,3,0,0.0,0.0,1.0,0.0,0.0,1.0,1
"G[2,2](((Pt_MotherT1D <= 0.000 -> HDL >= 22.776) | Pt_GrandparentT1D <= 37.389) | Pt_InsGov >= 25.239)
",37.389,37.389,0.000,1.000,0.000,0,0,3,0,0,3,3,0,0.0,0.0,1.0,0.0,0.0,1.0,1
"G[1,2](((TotalDailyInsPerKg >= 0.427 -> BGTestAvgNumPtRep <= 2.404) -> WeightKg <= 3.354) & SMBGperDayPtMeterCombo <= 3.133)
",9999999.000,9999999.000,0.000,1.000,0.000,0,0,0,3,3,0,0,3,0.0,0.0,0.0,0.0,0.0,1.0,1
"G[0,1](((Pt_GrandchildT1D <= 0.000 | WeightKg <= 72.164) -> Pt_SHFlg <= 76.575) -> Pt_InsGov >= 61.186)
",9999999.000,9999999.000,0.000,1.000,0.000,0,0,0,3,3,0,0,3,0.0,0.0,0.0,0.0,0.0,1.0,1
"G[0,2]((BGTestAvgNumMeter >= 0.951 | diabDur >= 11.419) & Pt_FatherT1D <= 13.757)
",9999999.000,9999999.000,0.000,1.000,0.000,0,0,3,0,0,3,3,0,0.0,0.0,1.0,0.0,0.0,1.0,1
"G[1,2](((UnitsInsBasalOrLongAct <= 19.733 & HDL >= 11.494) & AlbCreatRat_mggNew >= 23.126) & NumPumpBolusOrShortAct <= 40.446)
",9999999.000,9999999.000,0.000,1.000,0.000,0,0,2,1,1,2,2,1,0.0,0.0,1.0,0.0,0.0,1.0,1
"G[1,2](((diabDur >= 10.557 -> DirectLDL >= 0.000) & age <= 0.000) | Pt_DKAFlg >= 0.000)
",9999999.000,9999999.000,0.000,1.000,0.000,0,0,3,0,0,3,3,0,0.0,0.0,1.0,0.0,0.0,1.0,1
"G[2,2](BGTestAvgNumPtRep >= 0.500 & HeightCm >= 166.898)
",-166.898,-166.898,0.000,1.000,0.000,0,0,3,0,0,3,3,0,0.0,0.0,1.0,0.0,0.0,1.0,1
"G[0,0]((diabDur <= 15.859 | NumPumpBolusOrShortAct >= 0.605) -> BUN >= 0.179)
",-5.818,-69.821,0.000,1.000,0.000,0,0,0,3,3,0,0,3,0.0,0.0,0.0,0.0,0.0,1.0,1
"G[1,2]((Pt_InsGov >= 0.000 -> Pt_FatherT1D <= 0.000) -> Pt_DKAFlg <= 0.000)
",9999999.000,9999999.000,0.000,1.000,0.000,0,0,3,0,0,3,3,0,0.0,0.0,1.0,0.0,0.0,1.0,1
"G[2,2]((BldPrDia >= 71.239 & TotChol <= 146.473) & Pt_SiblingT1D >= 74.473)
",-74.473,-74.473,0.000,1.000,0.000,0,0,3,0,0,3,3,0,0.0,0.0,1.0,0.0,0.0,1.0,1
"G[0,2]((bmiPerc >= 0.817 | bmiZscore <= 0.924) & bmiZscore <= 1.129)
",9999999.000,9999999.000,0.000,1.000,0.000,0,0,2,1,1,2,2,1,0.0,0.0,1.0,0.0,0.0,1.0,1
"G[0,2]((BGTestAvgNumMeter >= 0.013 | WeightKg <= 75.407) | Pt_CGMUseNumDays <= 77.696)
",9999999.000,9999999.000,0.000,1.000,0.000,0,0,3,0,0,3,3,0,0.0,0.0,1.0,0.0,0.0,1.0,1
"G[0,0](((Pt_MotherT1D >= 0.000 -> TotalDailyInsPerKg <= 0.726) & HDL >= 0.303) & NumPumpBolusOrShortAct >= 0.072)
",-0.072,-0.072,0.000,1.000,0.000,0,0,0,3,3,0,0,3,0.0,0.0,0.0,0.0,0.0,1.0,1
"G[1,2](((age <= 18.849 -> GFR <= 0.000) | diabDur <= 0.000) | DirectLDL <= 0.000)
",9999999.000,9999999.000,0.000,1.000,0.000,0,0,3,0,0,3,3,0,0.0,0.0,1.0,0.0,0.0,1.0,1
"G[0,1]((HeightCm >= 166.135 -> SMBGperDayPtMeterCombo <= 2.582) & UnitsInsBasalOrLongAct >= 0.273)
",9999999.000,9999999.000,0.000,1.000,0.000,0,0,0,3,3,0,0,3,0.0,0.0,0.0,0.0,0.0,1.0,1
"G[0,2]((AlbCreatRat_mggNew <= 34.963 -> AlbCreatRat_mggNew <= 30.851) & TotalDailyInsPerKg <= 49.497)
",9999999.000,9999999.000,0.000,1.000,0.000,0,0,3,0,0,3,3,0,0.0,0.0,1.0,0.0,0.0,1.0,1
"G[0,2](((DirectLDL >= 0.000 & BGTestAvgNumPtRep <= 3.685) -> bmiPerc <= 2.058) & Pt_InsGov >= 0.219)
",9999999.000,9999999.000,0.000,1.000,0.000,0,0,0,3,3,0,0,3,0.0,0.0,0.0,0.0,0.0,1.0,1
"G[1,2]((Pt_CGMUseNumDays >= 1.089 | Pt_A1cGoalLevelDsYr5 >= 0.000) | UnitsInsBasalOrLongAct <= 0.000)
",9999999.000,9999999.000,0.000,1.000,0.000,0,0,3,0,0,3,3,0,0.0,0.0,1.0,0.0,0.0,1.0,1
"G[1,2](((Pt_SHFlg <= 0.190 | UnitsInsBasalOrLongAct >= 2.533) & Triglyc >= 2.796) | HDL >= 3.534)
",9999999.000,9999999.000,0.000,1.000,0.000,0,0,2,1,1,2,2,1,0.0,0.0,1.0,0.0,0.0,1.0,1
"G[1,2](BGTestAvgNumPtRep >= 0.127 | Pt_InsGov >= 0.000)
",9999999.000,9999999.000,0.000,1.000,0.000,0,0,3,0,0,3,3,0,0.0,0.0,1.0,0.0,0.0,1.0,1
"G[0,2](TotalDailyInsPerKg >= 0.342 -> diagAgeCombo <= 4.000)
",9999999.000,9999999.000,0.000,1.000,0.000,0,0,3,0,0,3,3,0,0.0,0.0,1.0,0.0,0.0,1.0,1
"G[0,2](((BGTestAvgNumMeter >= 0.845 | Pt_InsGov <= 0.000) -> Pt_InsGov <= 0.000) & BldPrDia >= 0.000)
",9999999.000,9999999.000,0.000,1.000,0.000,0,0,3,0,0,3,3,0,0.0,0.0,1.0,0.0,0.0,1.0,1
"G[0,2]((Pt_A1cGoalLevelDsYr5 >= 0.000 & HeightCm <= 168.344) & HDL >= 166.551)
",9999999.000,9999999.000,0.000,1.000,0.000,0,0,0,3,3,0,0,3,0.0,0.0,0.0,0.0,0.0,1.0,1
"G[2,2](((Pt_SiblingT1D <= 0.000 -> WeightKg >= 66.368) -> WeightKg >= 59.434) | Pt_GrandparentT1D >= 65.365)
",0.000,0.000,0.000,1.000,0.000,0,0,3,0,0,3,3,0,0.0,0.0,1.0,0.0,0.0,1.0,1
"G[0,2](((BldPrSys >= 108.078 & TotalDailyInsPerKg >= 0.034) | Pt_A1cGoalLevelDsYr5 >= 0.153) -> DirectLDL >= 0.019)
",9999999.000,9999999.000,0.000,1.000,0.000,0,0,1,2,2,1,1,2,0.0,0.0,1.0,0.0,0.0,1.0,1
"G[0,2](AlbCreatRat_mggNew >= 21.534 | HbA1cImputeDtMnC >= 1.743)
",9999999.000,9999999.000,0.000,1.000,0.000,0,0,3,0,0,3,3,0,0.0,0.0,1.0,0.0,0.0,1.0,1
"G[0,2](Pt_ChildT1D >= 0.000 | TSH <= 4.661)
",9999999.000,9999999.000,0.000,1.000,0.000,0,0,3,0,0,3,3,0,0.0,0.0,1.0,0.0,0.0,1.0,1
"G[0,2](((Pt_A1cGoalLevelDsYr5 <= 0.000 | Pt_SHFlg <= 0.315) | TotChol >= 0.045) | Pt_GrandparentT1D <= 0.264)
",9999999.000,9999999.000,0.000,1.000,0.000,0,0,3,0,0,3,3,0,0.0,0.0,1.0,0.0,0.0,1.0,1
"G[1,2](Pt_SHFlg >= 0.166 | BUN <= 7.072)
",9999999.000,9999999.000,0.000,1.000,0.000,0,0,2,1,1,2,2,1,0.0,0.0,1.0,0.0,0.0,1.0,1
"G[1,2](((Pt_DKAFlg <= 0.000 & age >= 16.068) | BGTestAvgNumMeter <= 17.459) & NumPumpBolusOrShortAct <= 18.776)
",9999999.000,9999999.000,0.000,1.000,0.000,0,0,3,0,0,3,3,0,0.0,0.0,1.0,0.0,0.0,1.0,1
"G[0,2](((bmiZscore >= 0.396 | diagAgeCombo >= 4.000) -> diabDur >= 4.000) & Pt_GrandparentT1D <= 4.000)
",9999999.000,9999999.000,0.000,1.000,0.000,0,0,3,0,0,3,3,0,0.0,0.0,1.0,0.0,0.0,1.0,1
"G[0,2](((bmiPerc >= 0.793 & WeightKg <= 74.365) & BGTestAvgNumPtRep <= 74.048) | Pt_CGMUseNumDays <= 77.616)
",9999999.000,9999999.000,0.000,1.000,0.000,0,0,3,0,0,3,3,0,0.0,0.0,1.0,0.0,0.0,1.0,1
"G[0,0](((NumPumpBolusOrShortAct >= 0.136 | Pt_ChildT1D >= 0.000) -> TSH >= 0.000) -> HbA1c <= 0.000)
",0.000,0.000,0.000,1.000,0.000,0,0,0,3,3,0,0,3,0.0,0.0,0.0,0.0,0.0,1.0,1
"G[1,2]((Pt_MotherT1D >= 0.000 | GFR <= 0.000) | diagAgeCombo <= 0.000)
",9999999.000,9999999.000,0.000,1.000,0.000,0,0,3,0,0,3,3,0,0.0,0.0,1.0,0.0,0.0,1.0,1
"G[0,2](((Pt_FatherT1D >= 0.000 & age >= 14.471) | HeightCm <= 18.092) & NumPumpBolusOrShortAct >= 14.149)
",9999999.000,9999999.000,0.000,1.000,0.000,0,0,0,3,3,0,0,3,0.0,0.0,0.0,0.0,0.0,1.0,1
"G[1,2]((Pt_SiblingT1D >= 0.000 | TSH >= 0.432) | Pt_GrandparentT1D >= 1.203)
",9999999.000,9999999.000,0.000,1.000,0.000,0,0,3,0,0,3,3,0,0.0,0.0,1.0,0.0,0.0,1.0,1
"G[2,2]((TotalDailyInsPerKg <= 0.826 -> HbA1cImputeDtMnC >= 7.869) | Pt_GrandparentT1D >= 41.423)
",-0.826,-0.826,0.000,1.000,0.000,0,0,3,0,0,3,3,0,0.0,0.0,1.0,0.0,0.0,1.0,1
"G[0,1]((Pt_FatherT1D <= 0.000 -> Pt_CGMUseNumDays <= 2.975) & BldPrDia <= 2.230)
",9999999.000,9999999.000,0.000,1.000,0.000,0,0,0,3,3,0,0,3,0.0,0.0,0.0,0.0,0.0,1.0,1
"G[0,2](((bmiPerc >= 0.800 & BGTestAvgNumMeter <= 3.677) -> UnitsInsBasalOrLongAct >= 0.423) & SMBGperDayPtMeterCombo <= 2.884)
",9999999.000,9999999.000,0.000,1.000,0.000,0,0,0,3,3,0,0,3,0.0,0.0,0.0,0.0,0.0,1.0,1
"G[1,2](Pt_GrandparentT1D >= 0.000 & UnitsInsBasalOrLongAct >= 1.014)
",9999999.000,9999999.000,0.000,1.000,0.000,0,0,0,3,3,0,0,3,0.0,0.0,0.0,0.0,0.0,1.0,1
"G[1,2](((bmiZscore <= 0.866 | TotChol <= 119.696) -> Pt_ChildT1D <= 136.834) & NumPumpBolusOrShortAct <= 112.489)
",9999999.000,9999999.000,0.000,1.000,0.000,0,0,3,0,0,3,3,0,0.0,0.0,1.0,0.0,0.0,1.0,1
"G[0,2](((bmiZscore <= 1.094 | NumPumpBolusOrShortAct <= 3.550) | TSH >= 0.705) | Pt_MotherT1D <= 0.975)
",9999999.000,9999999.000,0.000,1.000,0.000,0,0,3,0,0,3,3,0,0.0,0.0,1.0,0.0,0.0,1.0,1
"G[1,2]((Pt_MotherT1D >= 0.000 | Pt_InsGov <= 0.000) | bmiZscore <= 0.000)
",9999999.000,9999999.000,0.000,1.000,0.000,0,0,3,0,0,3,3,0,0.0,0.0,1.0,0.0,0.0,1.0,1
"G[0,2](bmiPerc <= 0.875 -> Pt_InsGov <= 0.000)
",9999999.000,9999999.000,0.000,1.000,0.000,0,0,3,0,0,3,3,0,0.0,0.0,1.0,0.0,0.0,1.0,1
"G[1,1](SMBGperDayPtMeterCombo >= 2.210 & BGTestAvgNumPtRep >= 0.623)
",-2.210,-2.210,0.000,1.000,0.000,0,0,0,3,3,0,0,3,0.0,0.0,0.0,0.0,0.0,1.0,1
"G[0,2]((WeightKg >= 59.902 | bmi >= 24.283) -> UnitsInsBasalOrLongAct <= 18.565)
",9999999.000,9999999.000,0.000,1.000,0.000,0,0,2,1,1,2,2,1,0.0,0.0,1.0,0.0,0.0,1.0,1
"F[1,2](((HbA1c >= 9.221 & Pt_MotherT1D <= 0.000) -> BUN <= 0.000) -> bmiZscore >= 0.000)
",-9999999.000,-9999999.000,0.000,0.000,1.000,0,0,0,3,3,0,0,3,0.0,0.0,0.0,0.0,0.0,1.0,-1
"F[0,1](((BUN >= 0.578 & Pt_SiblingT1D >= 0.000) | Triglyc <= 0.000) -> BUN >= 0.000)
",-9999999.000,-9999999.000,0.000,0.000,1.000,0,0,0,3,3,0,0,3,0.0,0.0,0.0,0.0,0.0,1.0,-1
"F[1,2](((BldPrDia >= 65.335 & GFR >= 0.000) & Pt_DKAFlg >= 0.000) & TSH <= 0.000)
",-9999999.000,-9999999.000,0.000,0.000,1.000,0,0,0,3,3,0,0,3,0.0,0.0,0.0,0.0,0.0,1.0,-1
"F[1,2](((TotalDailyInsPerKg >= 0.553 | Pt_CGMUseNumDays <= 3.309) -> HbA1c >= 0.258) -> HbA1c >= 0.342)
",-9999999.000,-9999999.000,0.000,0.000,1.000,0,0,0,3,3,0,0,3,0.0,0.0,0.0,0.0,0.0,1.0,-1
"F[1,2](((LDL >= 21.102 | Pt_A1cGoalLev <= 0.000) & Pt_InsGov <= 0.000) & Pt_ChildT1D >= 0.000)
",-9999999.000,-9999999.000,0.000,0.000,1.000,0,0,0,3,3,0,0,3,0.0,0.0,0.0,0.0,0.0,1.0,-1
"F[0,1](Pt_CGMUseNumDays <= 6.979 | LDL <= 57.768)
",-9999999.000,-9999999.000,0.000,0.000,1.000,0,0,0,3,3,0,0,3,0.0,0.0,0.0,0.0,0.0,1.0,-1
"G[2,2](((BGTestAvgNumMeter <= 3.395 -> bmi <= 25.025) & Pt_GrandchildT1D <= 27.093) | bmi <= 27.375)
",27.375,27.375,0.000,1.000,0.000,0,0,3,0,0,3,3,0,0.0,0.0,1.0,0.0,0.0,1.0,1
"((Triglyc <= 80.360) U[1,2] (TSH <= 2.269))
",-9999999.000,-9999999.000,0.000,0.000,1.000,0,0,0,3,3,0,0,3,0.0,0.0,0.0,0.0,0.0,1.0,-1
"F[1,2]((GFR >= 0.000 -> BUN <= 2.226) | AlbCreatRat_mggNew <= 1.874)
",-9999999.000,-9999999.000,0.000,0.000,1.000,0,0,0,3,3,0,0,3,0.0,0.0,0.0,0.0,0.0,1.0,-1
"G[1,2](HbA1cImputeDtMnC >= 23.275 & Triglyc <= 60.439)
",9999999.000,9999999.000,0.000,1.000,0.000,0,0,2,1,1,2,2,1,0.0,0.0,1.0,0.0,0.0,1.0,1
"G[0,1](diabDur <= 15.341 -> UnitsInsBasalOrLongAct >= 1.646)
",9999999.000,9999999.000,0.000,1.000,0.000,0,0,0,3,3,0,0,3,0.0,0.0,0.0,0.0,0.0,1.0,1
"G[0,2](((HeightCm <= 167.213 -> Triglyc <= 58.692) | Pt_ChildT1D >= 10.579) -> diagAgeCombo <= 47.976)
",9999999.000,9999999.000,0.000,1.000,0.000,0,0,3,0,0,3,3,0,0.0,0.0,1.0,0.0,0.0,1.0,1
"G[1,2](((TotalDailyInsPerKg >= 0.408 & AutonomicNeuroCl >= 0.000) & TotalDailyInsPerKg >= 0.000) & Triglyc <= 0.000)
",9999999.000,9999999.000,0.000,1.000,0.000,0,0,0,3,3,0,0,3,0.0,0.0,0.0,0.0,0.0,1.0,1
"G[2,2](((AlbCreatRat_mggNew <= 36.180 & Pt_CGMUseNumDays <= 1.316) & GFR >= 0.470) & AutonomicNeuroCl >= 0.336)
",-0.470,-0.470,0.000,1.000,0.000,0,0,3,0,0,3,3,0,0.0,0.0,1.0,0.0,0.0,1.0,1
"G[0,2](((Pt_InsGov >= 0.000 -> BGTestAvgNumPtRep >= 0.449) -> Pt_A1cGoalLev >= 0.845) | TotChol <= 2.035)
",9999999.000,9999999.000,0.000,1.000,0.000,0,0,2,1,1,2,2,1,0.0,0.0,1.0,0.0,0.0,1.0,1
"G[2,2](BGTestAvgNumPtRep >= 0.929 & Pt_GrandchildT1D >= 0.000)
",-0.929,-0.929,0.000,1.000,0.000,0,0,3,0,0,3,3,0,0.0,0.0,1.0,0.0,0.0,1.0,1
"G[0,1](((TotChol <= 128.540 | WeightKg >= 63.489) & bmi <= 76.960) & Pt_CGMUseNumDays >= 66.365)
",9999999.000,9999999.000,0.000,1.000,0.000,0,0,0,3,3,0,0,3,0.0,0.0,0.0,0.0,0.0,1.0,1
"G[0,2]((Pt_FatherT1D <= 0.000 -> bmi <= 25.913) & Pt_SHFlg <= 27.300)
",9999999.000,9999999.000,0.000,1.000,0.000,0,0,1,2,2,1,1,2,0.0,0.0,1.0,0.0,0.0,1.0,1
"G[1,2](((HbA1c >= 9.079 -> TotalDailyInsPerKg <= 1.145) | Pt_GrandparentT1D >= 0.170) | Pt_SHFlg <= 0.713)
",9999999.000,9999999.000,0.000,1.000,0.000,0,0,3,0,0,3,3,0,0.0,0.0,1.0,0.0,0.0,1.0,1
"G[0,2]((HDL >= 1.443 | Pt_GrandparentT1D <= 0.000) & HDL >= 0.000)
",9999999.000,9999999.000,0.000,1.000,0.000,0,0,3,0,0,3,3,0,0.0,0.0,1.0,0.0,0.0,1.0,1
"G[0,1](((LDL <= 45.919 -> NumPumpBolusOrShortAct >= 0.129) -> HDL <= 1.406) & HDL >= 0.145)
",9999999.000,9999999.000,0.000,1.000,0.000,0,0,0,3,3,0,0,3,0.0,0.0,0.0,0.0,0.0,1.0,1
"G[0,2]((NumPumpBolusOrShortAct <= 1.435 -> TSH <= 2.243) | AlbCreatRat_mggNew <= 3.297)
",9999999.000,9999999.000,0.000,1.000,0.000,0,0,1,2,2,1,1,2,0.0,0.0,1.0,0.0,0.0,1.0,1
"G[0,1]((diabDur <= 13.463 -> HDL <= 51.557) & Triglyc <= 37.041)
",9999999.000,9999999.000,0.000,1.000,0.000,0,0,0,3,3,0,0,3,0.0,0.0,0.0,0.0,0.0,1.0,1
"G[1,1](((HeightCm <= 168.139 -> Pt_CGMUseNumDays <= 1.930) -> SMBGperDayPtMeterCombo <= 6.832) -> AutonomicNeuroCl >= 0.483)
",0.483,0.483,0.000,1.000,0.000,0,0,0,3,3,0,0,3,0.0,0.0,0.0,0.0,0.0,1.0,1
"G[1,2](((BGTestAvgNumPtRep <= 1.488 & WeightKg <= 75.403) | bmiPerc <= 76.175) & Pt_CGMUseNumDays <= 76.523)
",9999999.000,9999999.000,0.000,1.000,0.000,0,0,3,0,0,3,3,0,0.0,0.0,1.0,0.0,0.0,1.0,1
"F[1,1](((UnitsInsBasalOrLongAct >= 1.552 & Pt_A1cGoalLev >= 0.000) -> TotalDailyInsPerKg >= 0.000) | bmi >= 0.000)
",0.000,0.000,0.000,0.000,1.000,0,0,0,3,3,0,0,3,0.0,0.0,0.0,0.0,0.0,1.0,-1
"F[1,2]((BldPrSys >= 104.716 -> bmi >= 24.284) -> BUN >= 22.898)
",-9999999.000,-9999999.000,0.000,0.000,1.000,0,0,0,3,3,0,0,3,0.0,0.0,0.0,0.0,0.0,1.0,-1
"G[2,2](((BGTestAvgNumMeter <= 2.767 -> BldPrSys >= 103.239) | TSH >= 107.711) | BldPrDia <= 121.777)
",121.777,121.777,0.000,1.000,0.000,0,0,3,0,0,3,3,0,0.0,0.0,1.0,0.0,0.0,1.0,1
"F[1,2](((DirectLDL <= 0.000 | NumPumpBolusOrShortAct >= 0.178) -> HbA1cImputeDtMnC <= 2.005) -> Pt_GrandparentT1D <= 1.919)
",-9999999.000,-9999999.000,0.000,0.000,1.000,0,0,0,3,3,0,0,3,0.0,0.0,0.0,0.0,0.0,1.0,-1
"F[2,2]((AlbCreatRat_mggNew >= 21.838 | BldPrDia <= 75.817) & NumPumpBolusOrShortAct >= 72.162)
",-72.162,-72.162,0.000,0.000,1.000,0,0,0,3,3,0,0,3,0.0,0.0,0.0,0.0,0.0,1.0,-1
"F[0,2]((Pt_CGMUseNumDays >= 0.960 -> Pt_FatherT1D >= 0.000) & diagAgeCombo <= 0.000)
",-9999999.000,-9999999.000,0.000,0.000,1.000,0,0,0,3,3,0,0,3,0.0,0.0,0.0,0.0,0.0,1.0,-1
"F[0,1]((HeightCm >= 166.705 -> LDL <= 30.694) & NumPumpBolusOrShortAct <= 46.977)
",-9999999.000,-9999999.000,0.000,0.000,1.000,0,0,0,3,3,0,0,3,0.0,0.0,0.0,0.0,0.0,1.0,-1
"((BldPrSys <= 119.551) U[2,2] (HDL <= 55.502))
",119.551,119.551,0.000,0.000,1.000,0,0,0,3,3,0,0,3,0.0,0.0,0.0,0.0,0.0,1.0,-1
"F[1,1](((LDL <= 46.026 -> TotalDailyInsPerKg >= 0.174) & bmiPerc <= 0.672) -> TotalDailyInsPerKg >= 0.639)
",0.639,0.639,0.000,0.000,1.000,0,0,0,3,3,0,0,3,0.0,0.0,0.0,0.0,0.0,1.0,-1
"((bmiZscore >= 0.630) U[1,1] (NumPumpBolusOrShortAct <= 1.225))
",1.225,1.225,0.000,0.000,1.000,0,0,0,3,3,0,0,3,0.0,0.0,0.0,0.0,0.0,1.0,-1
"F[0,1](((diagAgeCombo <= 4.000 & Pt_MotherT1D >= 0.000) | age >= 0.000) & Pt_A1cGoalLevelDsYr5 >= 0.000)
",-9999999.000,-9999999.000,0.000,0.000,1.000,0,0,0,3,3,0,0,3,0.0,0.0,0.0,0.0,0.0,1.0,-1
"F[0,1](((TotalDailyInsPerKg >= 0.623 | Triglyc >= 14.153) -> diagAgeCombo <= 70.271) | BldPrDia <= 41.346)
",-9999999.000,-9999999.000,0.000,0.000,1.000,0,0,0,3,3,0,0,3,0.0,0.0,0.0,0.0,0.0,1.0,-1
"F[0,2]((diabDur <= 13.735 & LDL <= 37.122) & diabDur <= 33.399)
",-9999999.000,-9999999.000,0.000,0.000,1.000,0,0,0,3,3,0,0,3,0.0,0.0,0.0,0.0,0.0,1.0,-1
"((BldPrSys >= 104.083) U[1,2] (HbA1c >= 9.043))
",-9999999.000,-9999999.000,0.000,0.000,1.000,0,0,0,3,3,0,0,3,0.0,0.0,0.0,0.0,0.0,1.0,-1
"F[0,1]((bmiPerc <= 0.842 | Pt_SHFlg <= 0.541) -> Pt_CGMUseNumDays <= 0.586)
",-9999999.000,-9999999.000,0.000,0.000,1.000,0,0,0,3,3,0,0,3,0.0,0.0,0.0,0.0,0.0,1.0,-1
"F[0,2](bmiPerc <= 0.878 -> Pt_CGMUseNumDays <= 3.449)
",-9999999.000,-9999999.000,0.000,0.000,1.000,0,0,0,3,3,0,0,3,0.0,0.0,0.0,0.0,0.0,1.0,-1
"((HeightCm <= 167.204) U[0,2] (Triglyc >= 4.604))
",-9999999.000,-9999999.000,0.000,0.000,1.000,0,0,0,3,3,0,0,3,0.0,0.0,0.0,0.0,0.0,1.0,-1
"F[1,2]((HbA1c >= 8.741 -> WeightKg >= 67.831) & bmi <= 75.795)
",-9999999.000,-9999999.000,0.000,0.000,1.000,0,0,0,3,3,0,0,3,0.0,0.0,0.0,0.0,0.0,1.0,-1
"((BldPrDia >= 69.180) U[0,2] (bmiPerc <= 0.870))
",-9999999.000,-9999999.000,0.000,0.000,1.000,0,0,0,3,3,0,0,3,0.0,0.0,0.0,0.0,0.0,1.0,-1
"F[0,2](HeightCm <= 168.079 -> UnitsInsBasalOrLongAct >= 3.633)
",-9999999.000,-9999999.000,0.000,0.000,1.000,0,0,0,3,3,0,0,3,0.0,0.0,0.0,0.0,0.0,1.0,-1
"((HeightCm <= 168.212) U[0,2] (NumPumpBolusOrShortAct >= 0.826))
",-9999999.000,-9999999.000,0.000,0.000,1.000,0,0,0,3,3,0,0,3,0.0,0.0,0.0,0.0,0.0,1.0,-1
"((BGTestAvgNumPtRep <= 1.630) U[0,2] (HbA1c <= 9.487))
",-9999999.000,-9999999.000,0.000,0.000,1.000,0,0,0,3,3,0,0,3,0.0,0.0,0.0,0.0,0.0,1.0,-1
"F[2,2](((HDL <= 53.892 & SMBGperDayPtMeterCombo >= 2.051) -> BGTestAvgNumPtRep >= 1.911) & Pt_SHFlg <= 3.757)
",1.911,1.911,0.000,0.000,1.000,0,0,0,3,3,0,0,3,0.0,0.0,0.0,0.0,0.0,1.0,-1
"F[0,0](age <= 17.854 | SMBGperDayPtMeterCombo >= 1.193)
",14.761,73.807,0.000,0.000,1.000,0,0,0,3,3,0,0,3,0.0,0.0,0.0,0.0,0.0,1.0,-1
"F[0,0](((age >= 13.912 -> LDL <= 61.056) & diagAgeCombo <= 60.625) | HbA1cImputeDtMnC >= 27.234)
",-9.894,-24.734,0.000,0.000,1.000,0,0,0,3,3,0,0,3,0.0,0.0,0.0,0.0,0.0,1.0,-1
"F[1,1]((DirectLDL >= 0.000 -> AutonomicNeuroCl >= 0.000) -> GFR <= 0.000)
",0.000,0.000,0.000,0.000,1.000,0,0,0,3,3,0,0,3,0.0,0.0,0.0,0.0,0.0,1.0,-1
"F[2,2](HbA1c >= 9.175 -> Pt_A1cGoalLevelDsYr5 = 0.000)
",0.000,0.000,0.000,0.000,1.000,0,0,0,3,3,0,0,3,0.0,0.0,0.0,0.0,0.0,1.0,-1
"G[1,2](((diabDur >= 11.428 -> Pt_CGMUseNumDays <= 3.980) | BGTestAvgNumMeter >= 0.277) & Pt_InsGov >= 0.403)
",9999999.000,9999999.000,0.000,1.000,0.000,0,0,0,3,3,0,0,3,0.0,0.0,0.0,0.0,0.0,1.0,1
"G[1,2](((BGTestAvgNumPtRep <= 2.905 | bmi >= 23.560) -> GFR <= 26.403) & TSH <= 26.232)
",9999999.000,9999999.000,0.000,1.000,0.000,0,0,3,0,0,3,3,0,0.0,0.0,1.0,0.0,0.0,1.0,1
"G[1,2](SMBGperDayPtMeterCombo >= 0.678 & BGTestAvgNumPtRep >= 0.369)
",9999999.000,9999999.000,0.000,1.000,0.000,0,0,0,3,3,0,0,3,0.0,0.0,0.0,0.0,0.0,1.0,1
"G[1,2](((bmi >= 24.596 & Pt_SHFlg <= 0.260) & TSH >= 0.028) -> LDL <= 0.506)
",9999999.000,9999999.000,0.000,1.000,0.000,0,0,2,1,1,2,2,1,0.0,0.0,1.0,0.0,0.0,1.0,1
"G[0,2]((BGTestAvgNumMeter >= 0.945 & diabDur <= 14.428) & Pt_FatherT1D >= 11.619)
",9999999.000,9999999.000,0.000,1.000,0.000,0,0,0,3,3,0,0,3,0.0,0.0,0.0,0.0,0.0,1.0,1
"G[2,2](GFR <= 0.000 -> BUN >= 0.745)
",0.000,0.000,0.000,1.000,0.000,0,0,3,0,0,3,3,0,0.0,0.0,1.0,0.0,0.0,1.0,1
"G[1,2]((Pt_SHFlg >= 0.090 & WeightKg >= 66.806) & TotChol <= 73.871)
",9999999.000,9999999.000,0.000,1.000,0.000,0,0,0,3,3,0,0,3,0.0,0.0,0.0,0.0,0.0,1.0,1
"G[1,2]((BldPrDia <= 75.947 -> UnitsInsBasalOrLongAct <= 5.237) -> age <= 22.285)
",9999999.000,9999999.000,0.000,1.000,0.000,0,0,3,0,0,3,3,0,0.0,0.0,1.0,0.0,0.0,1.0,1
"G[0,2](BldPrDia <= 76.981 | NumPumpBolusOrShortAct >= 0.649)
",9999999.000,9999999.000,0.000,1.000,0.000,0,0,2,1,1,2,2,1,0.0,0.0,1.0,0.0,0.0,1.0,1
"G[1,2](BGTestAvgNumPtRep <= 2.280 -> diabDur <= 15.748)
",9999999.000,9999999.000,0.000,1.000,0.000,0,0,2,1,1,2,2,1,0.0,0.0,1.0,0.0,0.0,1.0,1
"G[1,2](bmiPerc >= 0.833 & Triglyc >= 18.051)
",9999999.000,9999999.000,0.000,1.000,0.000,0,0,1,2,2,1,1,2,0.0,0.0,1.0,0.0,0.0,1.0,1
"G[0,2](bmi >= 22.126 -> UnitsInsBasalOrLongAct <= 25.786)
",9999999.000,9999999.000,0.000,1.000,0.000,0,0,2,1,1,2,2,1,0.0,0.0,1.0,0.0,0.0,1.0,1
"G[1,2](AlbCreatRat_mggNew <= 41.148 & diabDur >= 12.544)
",9999999.000,9999999.000,0.000,1.000,0.000,0,0,2,1,1,2,2,1,0.0,0.0,1.0,0.0,0.0,1.0,1
"G[1,2](((bmiZscore >= 0.312 -> TotalDailyInsPerKg >= 0.061) & WeightKg <= 0.700) | BUN <= 1.129)
",9999999.000,9999999.000,0.000,1.000,0.000,0,0,2,1,1,2,2,1,0.0,0.0,1.0,0.0,0.0,1.0,1
"G[1,2](((HbA1cImputeDtMnC <= 62.580 & TotChol >= 24.211) -> LDL >= 11.306) -> DirectLDL <= 102.696)
",9999999.000,9999999.000,0.000,1.000,0.000,0,0,3,0,0,3,3,0,0.0,0.0,1.0,0.0,0.0,1.0,1
"G[0,1]((HeightCm <= 168.014 -> TSH >= 1.114) & Pt_FatherT1D >= 1.269)
",9999999.000,9999999.000,0.000,1.000,0.000,0,0,0,3,3,0,0,3,0.0,0.0,0.0,0.0,0.0,1.0,1
"G[1,2](((BGTestAvgNumMeter >= 0.729 -> HeightCm >= 165.749) | Pt_InsGov <= 168.031) | GFR >= 166.136)
",9999999.000,9999999.000,0.000,1.000,0.000,0,0,3,0,0,3,3,0,0.0,0.0,1.0,0.0,0.0,1.0,1
"G[0,2](BldPrSys <= 114.965 -> BUN >= 1.445)
",9999999.000,9999999.000,0.000,1.000,0.000,0,0,1,2,2,1,1,2,0.0,0.0,1.0,0.0,0.0,1.0,1
"G[1,2]((BldPrDia >= 70.786 & Pt_SHFlg >= 0.090) & GFR <= 0.783)
",9999999.000,9999999.000,0.000,1.000,0.000,0,0,0,3,3,0,0,3,0.0,0.0,0.0,0.0,0.0,1.0,1
"G[1,1]((BldPrDia <= 74.404 | HbA1cImputeDtMnC <= 60.685) & Pt_SHFlg >= 34.840)
",-34.840,-34.840,0.000,1.000,0.000,0,0,0,3,3,0,0,3,0.0,0.0,0.0,0.0,0.0,1.0,1
"G[1,2](((AlbCreatRat_mggNew <= 40.700 -> BldPrDia >= 69.217) -> BGTestAvgNumMeter <= 78.772) | HDL <= 75.755)
",9999999.000,9999999.000,0.000,1.000,0.000,0,0,3,0,0,3,3,0,0.0,0.0,1.0,0.0,0.0,1.0,1
"G[1,2](BldPrDia >= 71.862 & Pt_SHFlg = 0.427)
",9999999.000,9999999.000,0.000,1.000,0.000,0,0,0,3,3,0,0,3,0.0,0.0,0.0,0.0,0.0,1.0,1
"G[1,2]((WeightKg >= 64.728 | bmi >= 23.190) -> UnitsInsBasalOrLongAct <= 10.553)
",9999999.000,9999999.000,0.000,1.000,0.000,0,0,3,0,0,3,3,0,0.0,0.0,1.0,0.0,0.0,1.0,1
"G[1,2](SMBGperDayPtMeterCombo >= 1.539 & BGTestAvgNumPtRep >= 0.214)
",9999999.000,9999999.000,0.000,1.000,0.000,0,0,0,3,3,0,0,3,0.0,0.0,0.0,0.0,0.0,1.0,1
"G[1,2](GFR <= 0.000 -> BUN >= 0.707)
",9999999.000,9999999.000,0.000,1.000,0.000,0,0,1,2,2,1,1,2,0.0,0.0,1.0,0.0,0.0,1.0,1
"G[0,1](SMBGperDayPtMeterCombo >= 0.663 & BGTestAvgNumPtRep >= 0.295)
",9999999.000,9999999.000,0.000,1.000,0.000,0,0,0,3,3,0,0,3,0.0,0.0,0.0,0.0,0.0,1.0,1
"G[1,2](GFR <= 0.000 -> BUN >= 0.647)
",9999999.000,9999999.000,0.000,1.000,0.000,0,0,1,2,2,1,1,2,0.0,0.0,1.0,0.0,0.0,1.0,1
"G[2,2](Pt_CGMUseNumDays <= 5.485 | UnitsInsBasalOrLongAct <= 21.336)
",21.336,21.336,0.000,1.000,0.000,0,0,3,0,0,3,3,0,0.0,0.0,1.0,0.0,0.0,1.0,1
"G[2,2]((diabDur >= 12.443 -> TotalDailyInsPerKg <= 0.986) -> DirectLDL <= 1.082)
",-1.082,-1.082,0.000,1.000,0.000,0,0,3,0,0,3,3,0,0.0,0.0,1.0,0.0,0.0,1.0,1
"G[0,2](((age <= 18.263 | BldPrSys <= 120.829) | BGTestAvgNumMeter >= 103.515) | TotalDailyInsPerKg >= 108.404)
",9999999.000,9999999.000,0.000,1.000,0.000,0,0,2,1,1,2,2,1,0.0,0.0,1.0,0.0,0.0,1.0,1
"G[2,2](bmi <= 25.193 & SMBGperDayPtMeterCombo >= 1.092)
",-1.092,-1.092,0.000,1.000,0.000,0,0,3,0,0,3,3,0,0.0,0.0,1.0,0.0,0.0,1.0,1
"G[0,2](bmiZscore <= 0.836 -> WeightKg >= 64.651)
",9999999.000,9999999.000,0.000,1.000,0.000,0,0,3,0,0,3,3,0,0.0,0.0,1.0,0.0,0.0,1.0,1
"G[1,2](((BGTestAvgNumPtRep <= 3.917 & BUN <= 7.401) | HeightCm >= 0.131) & Pt_InsGov >= 0.300)
",9999999.000,9999999.000,0.000,1.000,0.000,0,0,0,3,3,0,0,3,0.0,0.0,0.0,0.0,0.0,1.0,1
"G[0,2]((diabDur <= 15.031 -> TSH >= 1.250) & Pt_InsGov <= 3.988)
",9999999.000,9999999.000,0.000,1.000,0.000,0,0,0,3,3,0,0,3,0.0,0.0,0.0,0.0,0.0,1.0,1
"G[0,2](BldPrSys >= 102.995 -> NumPumpBolusOrShortAct >= 0.029)
",9999999.000,9999999.000,0.000,1.000,0.000,0,0,1,2,2,1,1,2,0.0,0.0,1.0,0.0,0.0,1.0,1
"G[0,0](((LDL >= 18.895 -> Pt_SHFlg <= 0.661) | Pt_A1cGoalLev <= 0.219) & Pt_A1cGoalLevelDsYr5 >= 0.146)
",-0.146,-0.146,0.000,1.000,0.000,0,0,0,3,3,0,0,3,0.0,0.0,0.0,0.0,0.0,1.0,1
"G[0,2](((BUN <= 8.040 & SMBGperDayPtMeterCombo >= 0.513) -> Pt_MotherT1D >= 0.351) -> BUN <= 3.816)
",9999999.000,9999999.000,0.000,1.000,0.000,0,0,2,1,1,2,2,1,0.0,0.0,1.0,0.0,0.0,1.0,1
"G[1,2]((TSH >= 0.058 & WeightKg >= 62.566) -> LDL <= 75.918)
",9999999.000,9999999.000,0.000,1.000,0.000,0,0,3,0,0,3,3,0,0.0,0.0,1.0,0.0,0.0,1.0,1
"G[0,1](BGTestAvgNumMeter >= 1.490 & HbA1c >= 8.817)
",9999999.000,9999999.000,0.000,1.000,0.000,0,0,0,3,3,0,0,3,0.0,0.0,0.0,0.0,0.0,1.0,1
"G[1,2](((TotalDailyInsPerKg <= 1.321 | WeightKg >= 60.318) & TotalDailyInsPerKg <= 72.068) & Pt_FatherT1D <= 75.899)
",9999999.000,9999999.000,0.000,1.000,0.000,0,0,3,0,0,3,3,0,0.0,0.0,1.0,0.0,0.0,1.0,1
"G[1,2](((HbA1c >= 9.123 | Triglyc <= 45.014) & diabDur >= 11.833) | Triglyc <= 72.871)
",9999999.000,9999999.000,0.000,1.000,0.000,0,0,3,0,0,3,3,0,0.0,0.0,1.0,0.0,0.0,1.0,1
"G[0,2](((BGTestAvgNumPtRep >= 1.014 & BldPrDia <= 75.575) -> Pt_SiblingT1D >= 68.652) -> GFR <= 75.434)
",9999999.000,9999999.000,0.000,1.000,0.000,0,0,3,0,0,3,3,0,0.0,0.0,1.0,0.0,0.0,1.0,1
"G[2,2]((bmiPerc <= 0.874 | HeightCm >= 166.919) | AlbCreatRat_mggNew <= 168.082)
",168.082,168.082,0.000,1.000,0.000,0,0,3,0,0,3,3,0,0.0,0.0,1.0,0.0,0.0,1.0,1
"G[0,2]((bmi >= 24.060 -> TotalDailyInsPerKg >= 0.266) | BldPrDia >= 0.501)
",9999999.000,9999999.000,0.000,1.000,0.000,0,0,3,0,0,3,3,0,0.0,0.0,1.0,0.0,0.0,1.0,1
"G[1,2]((Pt_CGMUseNumDays >= 1.081 | Triglyc >= 23.341) -> TotChol >= 28.909)
",9999999.000,9999999.000,0.000,1.000,0.000,0,0,3,0,0,3,3,0,0.0,0.0,1.0,0.0,0.0,1.0,1
"G[2,2](((BGTestAvgNumPtRep <= 3.950 & UnitsInsBasalOrLongAct >= 0.700) & Pt_InsGov <= 28.399) & NumPumpBolusOrShortAct >= 4.516)
",-4.516,-4.516,0.000,1.000,0.000,0,0,3,0,0,3,3,0,0.0,0.0,1.0,0.0,0.0,1.0,1
"G[0,1]((bmiPerc >= 0.812 | TSH <= 1.844) & Pt_A1cGoalLevelDsYr5 >= 0.560)
",9999999.000,9999999.000,0.000,1.000,0.000,0,0,0,3,3,0,0,3,0.0,0.0,0.0,0.0,0.0,1.0,1
"G[0,2](bmi >= 22.938 -> HDL >= 8.279)
",9999999.000,9999999.000,0.000,1.000,0.000,0,0,1,2,2,1,1,2,0.0,0.0,1.0,0.0,0.0,1.0,1
"G[0,2]((LDL >= 7.841 -> WeightKg >= 59.978) -> Pt_SHFlg >= 69.924)
",9999999.000,9999999.000,0.000,1.000,0.000,0,0,0,3,3,0,0,3,0.0,0.0,0.0,0.0,0.0,1.0,1
"G[0,2](SMBGperDayPtMeterCombo <= 2.370 & Triglyc >= 17.573)
",9999999.000,9999999.000,0.000,1.000,0.000,0,0,0,3,3,0,0,3,0.0,0.0,0.0,0.0,0.0,1.0,1
"G[2,2](HbA1cImputeDtMnC >= 32.139 | SMBGperDayPtMeterCombo <= 3.235)
",3.235,3.235,0.000,1.000,0.000,0,0,3,0,0,3,3,0,0.0,0.0,1.0,0.0,0.0,1.0,1
"G[0,2](((bmi <= 26.480 | LDL >= 17.089) & age <= 51.046) | Pt_InsGov >= 7.237)
",9999999.000,9999999.000,0.000,1.000,0.000,0,0,3,0,0,3,3,0,0.0,0.0,1.0,0.0,0.0,1.0,1
"G[1,2](SMBGperDayPtMeterCombo >= 1.129 | TSH >= 0.600)
",9999999.000,9999999.000,0.000,1.000,0.000,0,0,2,1,1,2,2,1,0.0,0.0,1.0,0.0,0.0,1.0,1
"G[1,2](HDL >= 15.291 & TotalDailyInsPerKg >= 0.147)
",9999999.000,9999999.000,0.000,1.000,0.000,0,0,0,3,3,0,0,3,0.0,0.0,0.0,0.0,0.0,1.0,1
"F[0,1](((UnitsInsBasalOrLongAct >= 2.011 | DirectLDL <= 0.000) | TotalDailyInsPerKg >= 0.000) | diabDur >= 0.000)
",-9999999.000,-9999999.000,0.000,0.000,1.000,0,0,0,3,3,0,0,3,0.0,0.0,0.0,0.0,0.0,1.0,-1
