Rule,Discrimination Score,Pos Robustness,Neg Robustness,Percent Class +,Percent Class -,TP,TN,FP,FN,Actual Yes,Actual No,Predicted Yes,Predicted No,TPR/Sens,TNR/Spec,FPR,Precision,Accuracy,MCR
"G[1,1]((AlbCreatRat_mggNew <= 69.930 & Pt_CGMUseNumDays <= 0.000) -> age >= 0.000)
",0.000,0.000,0.000,1.000,0.000,2,0,0,0,2,0,2,0,1.0,0.0,0.0,1.0,1.0,0.0
"G[1,1]((bmi <= 38.149 -> Pt_FatherT1D <= 0.000) -> Pt_A1cGoalLev >= 0.000)
",0.000,0.000,0.000,1.000,0.000,2,0,0,0,2,0,2,0,1.0,0.0,0.0,1.0,1.0,0.0
"G[0,0](AlbCreatRat_mggNew <= 86.654 -> Pt_FatherT1D <= 0.000)
",-146.308,-73.154,0.000,1.000,0.000,2,0,0,0,2,0,2,0,1.0,0.0,0.0,1.0,1.0,0.0
"G[1,1](((bmiZscore >= 1.036 | DirectLDL <= 0.000) | HeightCm <= 0.000) -> BGTestAvgNumPtRep >= 0.000)
",0.000,0.000,0.000,1.000,0.000,2,0,0,0,2,0,2,0,1.0,0.0,0.0,1.0,1.0,0.0
"G[0,0](Pt_ChildT1D >= 0.000 | LDL <= 98.395)
",192.212,97.886,0.000,1.000,0.000,2,0,0,0,2,0,2,0,1.0,0.0,0.0,1.0,1.0,0.0
"G[0,1](Pt_A1cGoalLevelDsYr5 >= 0.000 -> DirectLDL <= 0.000)
",9999999.000,9999999.000,0.000,1.000,0.000,2,0,0,0,2,0,2,0,1.0,0.0,0.0,1.0,1.0,0.0
"G[0,1](AutonomicNeuroCl >= 0.000 | DirectLDL <= 0.000)
",9999999.000,9999999.000,0.000,1.000,0.000,2,0,0,0,2,0,2,0,1.0,0.0,0.0,1.0,1.0,0.0
"G[0,1](((Triglyc >= 1.223 -> HbA1c <= 6.345) -> Pt_InsGov >= 2.850) -> Pt_MotherT1D <= 10.674)
",9999999.000,9999999.000,0.000,1.000,0.000,2,0,0,0,2,0,2,0,1.0,0.0,0.0,1.0,1.0,0.0
"G[1,1]((HDL <= 23.288 -> WeightKg <= 106.097) | Pt_SHFlg <= 105.126)
",105.126,105.126,0.000,1.000,0.000,2,0,0,0,2,0,2,0,1.0,0.0,0.0,1.0,1.0,0.0
"G[0,1](Triglyc <= 45.715 | AlbCreatRat_mggNew >= 34.392)
",9999999.000,9999999.000,0.000,1.000,0.000,2,0,0,0,2,0,2,0,1.0,0.0,0.0,1.0,1.0,0.0
"G[0,1](UnitsInsBasalOrLongAct >= 0.000 -> bmiPerc >= 0.000)
",9999999.000,9999999.000,0.000,1.000,0.000,2,0,0,0,2,0,2,0,1.0,0.0,0.0,1.0,1.0,0.0
"G[0,0](AutonomicNeuroCl <= 0.000 -> UnitsInsBasalOrLongAct <= 0.000)
",1.000,5.600,0.000,1.000,0.000,2,0,0,0,2,0,2,0,1.0,0.0,0.0,1.0,1.0,0.0
"G[0,1]((bmi <= 32.008 -> TotChol >= 0.000) -> diabDur >= 0.000)
",9999999.000,9999999.000,0.000,1.000,0.000,2,0,0,0,2,0,2,0,1.0,0.0,0.0,1.0,1.0,0.0
"G[0,0](((BldPrDia <= 78.273 | Pt_A1cGoalLev <= 5.442) & UnitsInsBasalOrLongAct >= 0.521) -> bmiZscore >= 1.434)
",1.434,1.434,0.000,1.000,0.000,2,0,0,0,2,0,2,0,1.0,0.0,0.0,1.0,1.0,0.0
"G[0,1](((TotChol >= 0.000 | TotChol >= 0.000) | bmiPerc >= 0.000) | age <= 0.000)
",9999999.000,9999999.000,0.000,1.000,0.000,2,0,0,0,2,0,2,0,1.0,0.0,0.0,1.0,1.0,0.0
"G[0,1](Pt_GrandparentT1D >= 0.000 -> diagAgeCombo >= 12.000)
",9999999.000,9999999.000,0.000,1.000,0.000,2,0,0,0,2,0,2,0,1.0,0.0,0.0,1.0,1.0,0.0
"G[0,0]((TotChol >= 0.000 & DirectLDL <= 0.000) & Pt_CGMUseNumDays <= 0.000)
",-3434.000,-3434.000,0.000,1.000,0.000,2,0,0,0,2,0,2,0,1.0,0.0,0.0,1.0,1.0,0.0
"G[0,0]((BldPrSys >= 116.773 & UnitsInsBasalOrLongAct <= 0.000) -> WeightKg >= 0.000)
",-1.667,-2.500,0.000,1.000,0.000,2,0,0,0,2,0,2,0,1.0,0.0,0.0,1.0,1.0,0.0
"G[0,1]((BGTestAvgNumPtRep <= 2.706 -> TotalDailyInsPerKg <= 0.609) | HbA1cImputeDtMnC >= 0.283)
",9999999.000,9999999.000,0.000,1.000,0.000,2,0,0,0,2,0,2,0,1.0,0.0,0.0,1.0,1.0,0.0
"G[0,1]((BldPrSys >= 100.678 | HeightCm >= 85.866) | TotChol <= 141.663)
",9999999.000,9999999.000,0.000,1.000,0.000,2,0,0,0,2,0,2,0,1.0,0.0,0.0,1.0,1.0,0.0
"G[0,0]((AlbCreatRat_mggNew >= 10.970 | Triglyc <= 30.005) & Pt_SHFlg <= 59.961)
",30.005,30.005,0.000,1.000,0.000,2,0,0,0,2,0,2,0,1.0,0.0,0.0,1.0,1.0,0.0
"G[1,1]((HeightCm <= 149.590 | NumPumpBolusOrShortAct <= 3.625) & BldPrDia >= 1.006)
",-1.006,-1.006,0.000,1.000,0.000,2,0,0,0,2,0,2,0,1.0,0.0,0.0,1.0,1.0,0.0
"G[0,0]((TSH <= 1.541 | WeightKg <= 105.918) | bmi >= 1.302)
",68.946,103.418,0.000,1.000,0.000,2,0,0,0,2,0,2,0,1.0,0.0,0.0,1.0,1.0,0.0
"G[1,1](((HbA1cImputeDtMnC >= 10.558 & NumPumpBolusOrShortAct <= 3.601) -> diabDur >= 1.085) & TotChol <= 2.786)
",1.085,1.085,0.000,1.000,0.000,2,0,0,0,2,0,2,0,1.0,0.0,0.0,1.0,1.0,0.0
"G[0,1]((bmiZscore >= 0.408 & SMBGperDayPtMeterCombo <= 2.289) | Pt_InsGov <= 3.492)
",9999999.000,9999999.000,0.000,1.000,0.000,2,0,0,0,2,0,2,0,1.0,0.0,0.0,1.0,1.0,0.0
"G[1,1](NumPumpBolusOrShortAct <= 4.798 -> HbA1c >= 1.525)
",-4.798,-4.798,0.000,1.000,0.000,2,0,0,0,2,0,2,0,1.0,0.0,0.0,1.0,1.0,0.0
"G[0,0](((HbA1c <= 6.975 & Pt_MotherT1D <= 0.000) & Pt_SHFlg <= 0.000) | AlbCreatRat_mggNew >= 0.000)
",27.000,13.500,0.000,1.000,0.000,2,0,0,0,2,0,2,0,1.0,0.0,0.0,1.0,1.0,0.0
"G[0,0]((Pt_GrandchildT1D >= 0.000 -> BGTestAvgNumMeter >= 0.000) & BGTestAvgNumPtRep >= 0.000)
",0.000,0.000,0.000,1.000,0.000,2,0,0,0,2,0,2,0,1.0,0.0,0.0,1.0,1.0,0.0
"G[0,1]((Pt_SHFlg >= 0.000 -> TotChol <= 0.000) -> BldPrDia >= 0.000)
",9999999.000,9999999.000,0.000,1.000,0.000,2,0,0,0,2,0,2,0,1.0,0.0,0.0,1.0,1.0,0.0
"G[1,1]((Pt_ChildT1D >= 0.000 -> BldPrSys >= 105.256) | WeightKg <= 128.043)
",128.043,128.043,0.000,1.000,0.000,2,0,0,0,2,0,2,0,1.0,0.0,0.0,1.0,1.0,0.0
"G[0,1]((Pt_SiblingT1D <= 0.813 | Pt_CGMUseNumDays <= 0.000) & diabDur >= 0.000)
",9999999.000,9999999.000,0.000,1.000,0.000,2,0,0,0,2,0,2,0,1.0,0.0,0.0,1.0,1.0,0.0
"G[0,1](bmi <= 29.389 | Pt_SHFlg >= 0.000)
",9999999.000,9999999.000,0.000,1.000,0.000,2,0,0,0,2,0,2,0,1.0,0.0,0.0,1.0,1.0,0.0
"G[0,1]((bmiPerc >= 0.000 | SMBGperDayPtMeterCombo <= 3.417) & Pt_SiblingT1D <= 3.894)
",9999999.000,9999999.000,0.000,1.000,0.000,2,0,0,0,2,0,2,0,1.0,0.0,0.0,1.0,1.0,0.0
"G[0,1](((BldPrSys <= 123.799 -> Pt_CGMUseNumDays <= 0.000) | Pt_SiblingT1D >= 0.000) | Pt_CGMUseNumDays <= 0.000)
",9999999.000,9999999.000,0.000,1.000,0.000,2,0,0,0,2,0,2,0,1.0,0.0,0.0,1.0,1.0,0.0
"G[0,1](bmiZscore >= 1.207 -> Pt_A1cGoalLevelDsYr5 >= 0.000)
",9999999.000,9999999.000,0.000,1.000,0.000,2,0,0,0,2,0,2,0,1.0,0.0,0.0,1.0,1.0,0.0
"G[0,1]((Pt_A1cGoalLevelDsYr5 <= 0.000 & HbA1cImputeDtMnC >= 0.779) -> TotChol <= 27.160)
",9999999.000,9999999.000,0.000,1.000,0.000,2,0,0,0,2,0,2,0,1.0,0.0,0.0,1.0,1.0,0.0
"G[0,1](((diabDur >= 9.178 -> BldPrDia <= 83.080) | Pt_CGMUseNumDays >= 72.610) | BUN <= 78.691)
",9999999.000,9999999.000,0.000,1.000,0.000,2,0,0,0,2,0,2,0,1.0,0.0,0.0,1.0,1.0,0.0
"G[1,1]((BUN <= 11.273 & bmiZscore >= 0.900) | DirectLDL <= 1.406)
",1.406,1.406,0.000,1.000,0.000,2,0,0,0,2,0,2,0,1.0,0.0,0.0,1.0,1.0,0.0
"G[0,0](((UnitsInsBasalOrLongAct <= 0.000 & Pt_SiblingT1D <= 0.750) -> Pt_GrandparentT1D >= 0.154) -> AlbCreatRat_mggNew <= 0.720)
",-0.154,-0.154,0.000,1.000,0.000,2,0,0,0,2,0,2,0,1.0,0.0,0.0,1.0,1.0,0.0
"G[1,1](((DirectLDL >= 0.000 & TotChol <= 0.000) | Pt_SHFlg >= 0.000) -> HbA1cImputeDtMnC >= 0.000)
",0.000,0.000,0.000,1.000,0.000,2,0,0,0,2,0,2,0,1.0,0.0,0.0,1.0,1.0,0.0
"G[1,1](((bmiPerc >= 0.000 | TotalDailyInsPerKg >= 0.058) & NumPumpBolusOrShortAct >= 0.454) -> diabDur <= 0.578)
",-0.578,-0.578,0.000,1.000,0.000,2,0,0,0,2,0,2,0,1.0,0.0,0.0,1.0,1.0,0.0
"G[1,1](Pt_InsGov <= 0.000 -> BGTestAvgNumPtRep <= 2.815)
",-2.815,-2.815,0.000,1.000,0.000,2,0,0,0,2,0,2,0,1.0,0.0,0.0,1.0,1.0,0.0
"G[0,0](Pt_GrandparentT1D <= 0.000 -> TotChol <= 0.000)
",0.000,0.000,0.000,1.000,0.000,2,0,0,0,2,0,2,0,1.0,0.0,0.0,1.0,1.0,0.0
"G[0,1](age <= 23.434 -> BUN >= 1.314)
",9999999.000,9999999.000,0.000,1.000,0.000,2,0,0,0,2,0,2,0,1.0,0.0,0.0,1.0,1.0,0.0
"G[1,1](((diabDur >= 9.096 | Pt_CGMUseNumDays <= 0.000) | UnitsInsBasalOrLongAct >= 0.000) -> BldPrSys >= 0.000)
",0.000,0.000,0.000,1.000,0.000,2,0,0,0,2,0,2,0,1.0,0.0,0.0,1.0,1.0,0.0
"G[0,1]((GFR >= 0.000 -> Pt_GrandparentT1D <= 0.000) & WeightKg >= 0.000)
",9999999.000,9999999.000,0.000,1.000,0.000,2,0,0,0,2,0,2,0,1.0,0.0,0.0,1.0,1.0,0.0
"G[1,1](((Pt_SiblingT1D <= 0.833 -> Pt_A1cGoalLev <= 3.042) -> Pt_InsGov >= 1.104) -> diabDur <= 5.978)
",-5.978,-5.978,0.000,1.000,0.000,2,0,0,0,2,0,2,0,1.0,0.0,0.0,1.0,1.0,0.0
"G[1,1](((bmi <= 40.188 | diabDur <= 10.108) & age <= 10.169) -> Pt_FatherT1D >= 8.325)
",-10.169,-10.169,0.000,1.000,0.000,2,0,0,0,2,0,2,0,1.0,0.0,0.0,1.0,1.0,0.0
"G[0,1](((HDL <= 32.458 | Pt_InsGov <= 0.000) & DirectLDL >= 0.000) | Pt_A1cGoalLev >= 0.000)
",9999999.000,9999999.000,0.000,1.000,0.000,2,0,0,0,2,0,2,0,1.0,0.0,0.0,1.0,1.0,0.0
"G[0,1]((bmi <= 30.570 -> Pt_SiblingT1D <= 0.890) & Pt_GrandparentT1D <= 0.778)
",9999999.000,9999999.000,0.000,1.000,0.000,2,0,0,0,2,0,2,0,1.0,0.0,0.0,1.0,1.0,0.0
"G[0,1](((bmiPerc >= 0.000 | BUN <= 11.160) & TSH <= 11.633) | Pt_GrandchildT1D <= 10.098)
",9999999.000,9999999.000,0.000,1.000,0.000,2,0,0,0,2,0,2,0,1.0,0.0,0.0,1.0,1.0,0.0
"G[0,0](GFR <= 0.000 -> BUN >= 3.625)
",-0.956,-41.234,0.000,1.000,0.000,2,0,0,0,2,0,2,0,1.0,0.0,0.0,1.0,1.0,0.0
"G[0,1]((bmiZscore <= 1.424 & BUN >= 8.771) -> Pt_A1cGoalLevelDsYr5 <= 9.714)
",9999999.000,9999999.000,0.000,1.000,0.000,2,0,0,0,2,0,2,0,1.0,0.0,0.0,1.0,1.0,0.0
"G[0,1]((WeightKg >= 36.384 | bmi >= 25.570) -> UnitsInsBasalOrLongAct <= 0.000)
",9999999.000,9999999.000,0.000,1.000,0.000,2,0,0,0,2,0,2,0,1.0,0.0,0.0,1.0,1.0,0.0
"G[0,0](BldPrDia < 80.267 -> Pt_SHFlg = 0.000)
",1.000,4.099,0.000,1.000,0.000,2,0,0,0,2,0,2,0,1.0,0.0,0.0,1.0,1.0,0.0
"G[0,0]((WeightKg >= 66.481 | bmi >= 13.035) -> UnitsInsBasalOrLongAct <= 0.000)
",25.069,12.535,0.000,1.000,0.000,2,0,0,0,2,0,2,0,1.0,0.0,0.0,1.0,1.0,0.0
"G[0,0](SMBGperDayPtMeterCombo >= 1.075 & BGTestAvgNumPtRep >= 1.939)
",-1.939,-1.939,0.000,1.000,0.000,2,0,0,0,2,0,2,0,1.0,0.0,0.0,1.0,1.0,0.0
"G[0,1](BldPrSys < 133.984 -> Pt_SHFlg = 0.000)
",9999999.000,9999999.000,0.000,1.000,0.000,2,0,0,0,2,0,2,0,1.0,0.0,0.0,1.0,1.0,0.0
"G[0,1]((WeightKg >= 28.330 | bmi >= 23.802) -> UnitsInsBasalOrLongAct <= 0.000)
",9999999.000,9999999.000,0.000,1.000,0.000,2,0,0,0,2,0,2,0,1.0,0.0,0.0,1.0,1.0,0.0
"G[0,0](GFR <= 0.000 -> BUN >= 0.458)
",-0.990,-43.542,0.000,1.000,0.000,2,0,0,0,2,0,2,0,1.0,0.0,0.0,1.0,1.0,0.0
"G[1,1](HbA1c < 9.698 -> Pt_SHFlg = 0.000)
",-9.698,-9.698,0.000,1.000,0.000,2,0,0,0,2,0,2,0,1.0,0.0,0.0,1.0,1.0,0.0
"G[1,1]((WeightKg >= 76.671 | bmi >= 23.679) -> UnitsInsBasalOrLongAct <= 0.000)
",0.000,0.000,0.000,1.000,0.000,2,0,0,0,2,0,2,0,1.0,0.0,0.0,1.0,1.0,0.0
"G[1,1]((BldPrDia <= 85.668 | TotalDailyInsPerKg <= 0.858) & AlbCreatRat_mggNew >= 0.056)
",-0.056,-0.056,0.000,1.000,0.000,2,0,0,0,2,0,2,0,1.0,0.0,0.0,1.0,1.0,0.0
"G[0,0](SMBGperDayPtMeterCombo >= 0.799 & BGTestAvgNumPtRep >= 1.657)
",-1.657,-1.657,0.000,1.000,0.000,2,0,0,0,2,0,2,0,1.0,0.0,0.0,1.0,1.0,0.0
"G[1,1](((Pt_MotherT1D >= 0.000 & UnitsInsBasalOrLongAct >= 0.000) -> bmiPerc >= 0.000) -> Pt_DKAFlg <= 0.000)
",0.000,0.000,0.000,1.000,0.000,1,0,0,1,2,0,1,1,0.5,0.0,0.0,1.0,0.5,0.5
"G[1,1]((bmi >= 4.395 | NumPumpBolusOrShortAct >= 0.553) & diabDur >= 0.532)
",-0.553,-0.553,0.000,1.000,0.000,1,0,0,1,2,0,1,1,0.5,0.0,0.0,1.0,0.5,0.5
"G[0,1](((BldPrSys <= 128.791 & GFR <= 0.000) -> Pt_CGMUseNumDays >= 0.000) & Triglyc <= 0.000)
",9999999.000,9999999.000,0.000,1.000,0.000,1,0,0,1,2,0,1,1,0.5,0.0,0.0,1.0,0.5,0.5
"G[1,1](((BGTestAvgNumPtRep <= 3.611 & HbA1c <= 6.124) | Pt_SHFlg <= 8.662) -> BUN >= 5.588)
",-8.662,-8.662,0.000,1.000,0.000,1,0,0,1,2,0,1,1,0.5,0.0,0.0,1.0,0.5,0.5
"G[0,1](((BGTestAvgNumPtRep >= 0.687 & AlbCreatRat_mggNew <= 87.287) & HbA1cImputeDtMnC <= 89.169) | BldPrSys <= 103.469)
",9999999.000,9999999.000,0.000,1.000,0.000,1,0,0,1,2,0,1,1,0.5,0.0,0.0,1.0,0.5,0.5
"G[1,1](GFR <= 0.000 -> BUN >= 7.473)
",0.000,0.000,0.000,1.000,0.000,1,0,0,1,2,0,1,1,0.5,0.0,0.0,1.0,0.5,0.5
"G[0,1](NumPumpBolusOrShortAct >= 0.804 | TotalDailyInsPerKg <= 0.528)
",9999999.000,9999999.000,0.000,1.000,0.000,1,0,0,1,2,0,1,1,0.5,0.0,0.0,1.0,0.5,0.5
"G[0,1]((bmiZscore <= 1.853 | Pt_ChildT1D >= 0.000) -> NumPumpBolusOrShortAct <= 0.000)
",9999999.000,9999999.000,0.000,1.000,0.000,1,0,0,1,2,0,1,1,0.5,0.0,0.0,1.0,0.5,0.5
"G[0,0]((diabDur >= 8.902 | bmiPerc <= 0.000) & AlbCreatRat_mggNew <= 0.000)
",-27.000,-13.500,0.000,1.000,0.000,1,0,0,1,2,0,1,1,0.5,0.0,0.0,1.0,0.5,0.5
"G[0,1]((Pt_SHFlg <= 0.000 & Pt_SiblingT1D >= 0.397) | TSH >= 0.213)
",9999999.000,9999999.000,0.000,1.000,0.000,1,0,0,1,2,0,1,1,0.5,0.0,0.0,1.0,0.5,0.5
"G[1,1](((bmi <= 40.041 & WeightKg >= 61.501) & diabDur <= 106.833) | BGTestAvgNumPtRep >= 33.061)
",-33.061,-33.061,0.000,1.000,0.000,1,0,0,1,2,0,1,1,0.5,0.0,0.0,1.0,0.5,0.5
"G[0,1](BldPrDia < 78.850 & Pt_SHFlg = 0.000)
",9999999.000,9999999.000,0.000,1.000,0.000,1,0,0,1,2,0,1,1,0.5,0.0,0.0,1.0,0.5,0.5
"G[0,1](DirectLDL >= 0.000 -> age >= 22.356)
",9999999.000,9999999.000,0.000,1.000,0.000,1,0,0,1,2,0,1,1,0.5,0.0,0.0,1.0,0.5,0.5
"G[0,1]((AutonomicNeuroCl >= 0.000 | TSH >= 0.245) -> WeightKg >= 0.109)
",9999999.000,9999999.000,0.000,1.000,0.000,1,0,0,1,2,0,1,1,0.5,0.0,0.0,1.0,0.5,0.5
"G[0,1](((diabDur >= 9.399 -> TotalDailyInsPerKg >= 0.468) & DirectLDL <= 0.913) & bmi >= 0.238)
",9999999.000,9999999.000,0.000,1.000,0.000,1,0,0,1,2,0,1,1,0.5,0.0,0.0,1.0,0.5,0.5
"G[0,1](TotalDailyInsPerKg <= 0.877 & Pt_SiblingT1D <= 0.527)
",9999999.000,9999999.000,0.000,1.000,0.000,1,0,0,1,2,0,1,1,0.5,0.0,0.0,1.0,0.5,0.5
"G[1,1](GFR <= 0.000 -> BUN >= 1.788)
",0.000,0.000,0.000,1.000,0.000,1,0,0,1,2,0,1,1,0.5,0.0,0.0,1.0,0.5,0.5
"G[1,1](SMBGperDayPtMeterCombo >= 0.033 & BGTestAvgNumPtRep >= 0.345)
",-0.345,-0.345,0.000,1.000,0.000,1,0,0,1,2,0,1,1,0.5,0.0,0.0,1.0,0.5,0.5
"G[0,1](WeightKg >= 61.090 -> NumPumpBolusOrShortAct <= 2.116)
",9999999.000,9999999.000,0.000,1.000,0.000,1,0,0,1,2,0,1,1,0.5,0.0,0.0,1.0,0.5,0.5
"G[0,1]((AlbCreatRat_mggNew <= 79.535 -> BldPrDia >= 73.338) -> diabDur >= 70.740)
",9999999.000,9999999.000,0.000,1.000,0.000,1,0,0,1,2,0,1,1,0.5,0.0,0.0,1.0,0.5,0.5
"G[0,1](bmiPerc >= 0.000 -> Pt_DKAFlg >= 0.105)
",9999999.000,9999999.000,0.000,1.000,0.000,1,0,0,1,2,0,1,1,0.5,0.0,0.0,1.0,0.5,0.5
"G[1,1](Pt_A1cGoalLev >= 0.998 & SMBGperDayPtMeterCombo <= 3.781)
",-0.998,-0.998,0.000,1.000,0.000,1,0,0,1,2,0,1,1,0.5,0.0,0.0,1.0,0.5,0.5
"G[0,1]((Pt_GrandchildT1D <= 0.000 -> BldPrSys >= 103.526) | Pt_GrandchildT1D >= 110.463)
",9999999.000,9999999.000,0.000,1.000,0.000,1,0,0,1,2,0,1,1,0.5,0.0,0.0,1.0,0.5,0.5
"G[0,0](BUN >= 8.259 -> LDL >= 20.802)
",-0.812,-35.741,0.000,1.000,0.000,1,0,0,1,2,0,1,1,0.5,0.0,0.0,1.0,0.5,0.5
"G[0,1](((age >= 22.393 -> TotalDailyInsPerKg >= 0.265) | BGTestAvgNumPtRep >= 0.043) -> TotalDailyInsPerKg >= 0.443)
",9999999.000,9999999.000,0.000,1.000,0.000,1,0,0,1,2,0,1,1,0.5,0.0,0.0,1.0,0.5,0.5
"G[0,0](((age <= 23.062 & bmiZscore >= 0.597) -> NumPumpBolusOrShortAct <= 1.267) -> NumPumpBolusOrShortAct >= 0.676)
",0.676,0.676,0.000,1.000,0.000,1,0,0,1,2,0,1,1,0.5,0.0,0.0,1.0,0.5,0.5
"G[1,1](TotalDailyInsPerKg >= 0.114 | Triglyc >= 17.726)
",-0.114,-0.114,0.000,1.000,0.000,1,0,0,1,2,0,1,1,0.5,0.0,0.0,1.0,0.5,0.5
"G[0,1]((bmiZscore <= 1.822 | LDL <= 80.460) & Pt_A1cGoalLev <= 91.498)
",9999999.000,9999999.000,0.000,1.000,0.000,1,0,0,1,2,0,1,1,0.5,0.0,0.0,1.0,0.5,0.5
"G[0,1](GFR <= 0.000 -> BUN >= 4.361)
",9999999.000,9999999.000,0.000,1.000,0.000,1,0,0,1,2,0,1,1,0.5,0.0,0.0,1.0,0.5,0.5
"G[0,1](AutonomicNeuroCl >= 0.000 & BldPrDia >= 76.171)
",9999999.000,9999999.000,0.000,1.000,0.000,1,0,0,1,2,0,1,1,0.5,0.0,0.0,1.0,0.5,0.5
"G[0,1](BldPrDia >= 76.960 -> HDL >= 1.876)
",9999999.000,9999999.000,0.000,1.000,0.000,1,0,0,1,2,0,1,1,0.5,0.0,0.0,1.0,0.5,0.5
"G[0,2](BUN >= 4.761 -> TotalDailyInsPerKg <= 0.966)
",9999999.000,9999999.000,0.000,1.000,0.000,0,0,1,1,1,1,1,1,0.0,0.0,1.0,0.0,0.0,1.0
"G[0,2](((HDL >= 9.024 | HDL <= 30.229) | GFR >= 10.813) -> Pt_FatherT1D >= 1.361)
",9999999.000,9999999.000,0.000,1.000,0.000,0,0,0,2,2,0,0,2,0.0,0.0,0.0,0.0,0.0,1.0
"G[0,1]((TotalDailyInsPerKg <= 0.541 | HeightCm <= 138.759) & HDL >= 39.540)
",9999999.000,9999999.000,0.000,1.000,0.000,0,0,0,2,2,0,0,2,0.0,0.0,0.0,0.0,0.0,1.0
"G[2,2](TotChol >= 0.000 & Pt_MotherT1D <= 0.000)
",0.000,0.000,0.000,1.000,0.000,0,0,2,0,0,2,2,0,0.0,0.0,1.0,0.0,0.0,1.0
"G[1,1](SMBGperDayPtMeterCombo >= 0.270 & BGTestAvgNumPtRep >= 1.950)
",-1.950,-1.950,0.000,1.000,0.000,0,0,0,2,2,0,0,2,0.0,0.0,0.0,0.0,0.0,1.0
"G[1,2]((GFR >= 0.000 & Triglyc >= 11.801) & TotalDailyInsPerKg >= 10.840)
",9999999.000,9999999.000,0.000,1.000,0.000,0,0,0,2,2,0,0,2,0.0,0.0,0.0,0.0,0.0,1.0
"G[2,2](Pt_SiblingT1D <= 0.531 | SMBGperDayPtMeterCombo <= 2.854)
",2.854,2.854,0.000,1.000,0.000,0,0,2,0,0,2,2,0,0.0,0.0,1.0,0.0,0.0,1.0
"G[1,2](HeightCm <= 130.797 & bmi <= 30.173)
",9999999.000,9999999.000,0.000,1.000,0.000,0,0,1,1,1,1,1,1,0.0,0.0,1.0,0.0,0.0,1.0
"G[0,2](GFR <= 0.000 -> BUN >= 8.995)
",9999999.000,9999999.000,0.000,1.000,0.000,0,0,1,1,1,1,1,1,0.0,0.0,1.0,0.0,0.0,1.0
"G[2,2](SMBGperDayPtMeterCombo >= 0.769 & BGTestAvgNumPtRep >= 0.928)
",-0.928,-0.928,0.000,1.000,0.000,0,0,2,0,0,2,2,0,0.0,0.0,1.0,0.0,0.0,1.0
"G[0,1](((BGTestAvgNumMeter >= 0.000 | Pt_DKAFlg >= 0.445) & HbA1cImputeDtMnC <= 0.584) & TotalDailyInsPerKg >= 0.169)
",9999999.000,9999999.000,0.000,1.000,0.000,0,0,0,2,2,0,0,2,0.0,0.0,0.0,0.0,0.0,1.0
"G[1,2]((Pt_FatherT1D >= 0.000 & HbA1cImputeDtMnC <= 28.355) -> diagAgeCombo >= 9.145)
",9999999.000,9999999.000,0.000,1.000,0.000,0,0,2,0,0,2,2,0,0.0,0.0,1.0,0.0,0.0,1.0
"G[1,2]((TotChol <= 0.000 & Pt_FatherT1D >= 0.000) -> diabDur >= 0.000)
",9999999.000,9999999.000,0.000,1.000,0.000,0,0,2,0,0,2,2,0,0.0,0.0,1.0,0.0,0.0,1.0
"G[0,2](((SMBGperDayPtMeterCombo <= 2.385 & Pt_InsGov >= 0.000) & GFR >= 0.000) -> Pt_GrandchildT1D <= 0.000)
",9999999.000,9999999.000,0.000,1.000,0.000,0,0,2,0,0,2,2,0,0.0,0.0,1.0,0.0,0.0,1.0
"G[1,2](((AlbCreatRat_mggNew <= 65.890 & LDL <= 120.403) -> TotChol <= 119.900) | Triglyc >= 47.847)
",9999999.000,9999999.000,0.000,1.000,0.000,0,0,2,0,0,2,2,0,0.0,0.0,1.0,0.0,0.0,1.0
"G[2,2]((SMBGperDayPtMeterCombo <= 2.819 -> bmi <= 40.411) & BUN <= 29.747)
",-40.411,-40.411,0.000,1.000,0.000,0,0,2,0,0,2,2,0,0.0,0.0,1.0,0.0,0.0,1.0
"G[0,2]((HbA1cImputeDtMnC >= 10.639 | LDL <= 72.693) -> diagAgeCombo >= 46.730)
",9999999.000,9999999.000,0.000,1.000,0.000,0,0,0,2,2,0,0,2,0.0,0.0,0.0,0.0,0.0,1.0
"G[0,2]((TotalDailyInsPerKg >= 0.311 | TotalDailyInsPerKg >= 0.190) -> GFR <= 0.793)
",9999999.000,9999999.000,0.000,1.000,0.000,0,0,2,0,0,2,2,0,0.0,0.0,1.0,0.0,0.0,1.0
"G[0,2]((SMBGperDayPtMeterCombo >= 0.117 | Pt_GrandparentT1D >= 0.000) & Pt_A1cGoalLev <= 0.000)
",9999999.000,9999999.000,0.000,1.000,0.000,0,0,1,1,1,1,1,1,0.0,0.0,1.0,0.0,0.0,1.0
"G[1,2]((BUN >= 7.143 & UnitsInsBasalOrLongAct <= 0.000) -> Pt_FatherT1D >= 0.000)
",9999999.000,9999999.000,0.000,1.000,0.000,0,0,2,0,0,2,2,0,0.0,0.0,1.0,0.0,0.0,1.0
"G[0,2]((BUN >= 2.378 -> AutonomicNeuroCl >= 0.000) & BGTestAvgNumMeter >= 0.000)
",9999999.000,9999999.000,0.000,1.000,0.000,0,0,2,0,0,2,2,0,0.0,0.0,1.0,0.0,0.0,1.0
"G[0,2]((Pt_A1cGoalLevelDsYr5 >= 0.000 & BUN >= 6.220) | BldPrSys >= 0.507)
",9999999.000,9999999.000,0.000,1.000,0.000,0,0,2,0,0,2,2,0,0.0,0.0,1.0,0.0,0.0,1.0
"G[1,2](((SMBGperDayPtMeterCombo >= 2.066 -> HbA1c >= 1.679) -> Pt_FatherT1D >= 5.570) & BldPrSys <= 8.901)
",9999999.000,9999999.000,0.000,1.000,0.000,0,0,0,2,2,0,0,2,0.0,0.0,0.0,0.0,0.0,1.0
"G[1,2](((HDL >= 5.419 | AutonomicNeuroCl >= 0.000) | Pt_FatherT1D <= 0.000) & TotChol >= 0.000)
",9999999.000,9999999.000,0.000,1.000,0.000,0,0,2,0,0,2,2,0,0.0,0.0,1.0,0.0,0.0,1.0
"G[2,2]((Pt_A1cGoalLev >= 1.159 & AutonomicNeuroCl <= 0.000) | Pt_A1cGoalLevelDsYr5 >= 0.000)
",0.000,0.000,0.000,1.000,0.000,0,0,2,0,0,2,2,0,0.0,0.0,1.0,0.0,0.0,1.0
"G[1,2]((WeightKg >= 40.506 | bmi >= 16.842) -> UnitsInsBasalOrLongAct <= 0.000)
",9999999.000,9999999.000,0.000,1.000,0.000,0,0,2,0,0,2,2,0,0.0,0.0,1.0,0.0,0.0,1.0
"G[2,2]((UnitsInsBasalOrLongAct <= 0.000 | Pt_InsGov <= 0.000) & BldPrSys >= 0.000)
",0.000,0.000,0.000,1.000,0.000,0,0,2,0,0,2,2,0,0.0,0.0,1.0,0.0,0.0,1.0
"G[0,2](GFR <= 0.000 -> BUN >= 6.983)
",9999999.000,9999999.000,0.000,1.000,0.000,0,0,1,1,1,1,1,1,0.0,0.0,1.0,0.0,0.0,1.0
"G[0,2](((WeightKg <= 109.447 | Pt_GrandchildT1D <= 0.000) -> age <= 0.000) | Pt_ChildT1D >= 0.000)
",9999999.000,9999999.000,0.000,1.000,0.000,0,0,2,0,0,2,2,0,0.0,0.0,1.0,0.0,0.0,1.0
"G[2,2]((BldPrSys >= 115.863 & Pt_InsGov >= 0.000) | DirectLDL <= 0.000)
",0.000,0.000,0.000,1.000,0.000,0,0,2,0,0,2,2,0,0.0,0.0,1.0,0.0,0.0,1.0
"G[0,2]((Pt_GrandchildT1D >= 0.000 -> bmiZscore >= 0.078) -> NumPumpBolusOrShortAct >= 1.210)
",9999999.000,9999999.000,0.000,1.000,0.000,0,0,0,2,2,0,0,2,0.0,0.0,0.0,0.0,0.0,1.0
"G[1,2]((WeightKg >= 65.099 | bmi >= 25.875) -> UnitsInsBasalOrLongAct <= 0.000)
",9999999.000,9999999.000,0.000,1.000,0.000,0,0,2,0,0,2,2,0,0.0,0.0,1.0,0.0,0.0,1.0
"G[1,2]((Pt_SHFlg >= 0.000 & NumPumpBolusOrShortAct <= 4.779) & diagAgeCombo <= 4.175)
",9999999.000,9999999.000,0.000,1.000,0.000,0,0,0,2,2,0,0,2,0.0,0.0,0.0,0.0,0.0,1.0
"G[0,2](((LDL >= 47.229 & BGTestAvgNumPtRep <= 3.534) -> LDL <= 2.437) & bmiPerc >= 0.004)
",9999999.000,9999999.000,0.000,1.000,0.000,0,0,0,2,2,0,0,2,0.0,0.0,0.0,0.0,0.0,1.0
"G[0,1](((DirectLDL <= 0.000 & BUN >= 6.230) -> HbA1cImputeDtMnC >= 3.929) & WeightKg <= 10.095)
",9999999.000,9999999.000,0.000,1.000,0.000,0,0,0,2,2,0,0,2,0.0,0.0,0.0,0.0,0.0,1.0
"G[1,2](((diabDur >= 8.467 -> Pt_SHFlg >= 0.000) & age >= 0.000) -> TotalDailyInsPerKg <= 0.000)
",9999999.000,9999999.000,0.000,1.000,0.000,0,0,1,1,1,1,1,1,0.0,0.0,1.0,0.0,0.0,1.0
"G[1,2](TotChol <= 0.000 -> HDL <= 44.098)
",9999999.000,9999999.000,0.000,1.000,0.000,0,0,1,1,1,1,1,1,0.0,0.0,1.0,0.0,0.0,1.0
"G[1,2](HbA1cImputeDtMnC <= 24.689 & age >= 21.223)
",9999999.000,9999999.000,0.000,1.000,0.000,0,0,1,1,1,1,1,1,0.0,0.0,1.0,0.0,0.0,1.0
"G[2,2](((diabDur >= 8.593 & AlbCreatRat_mggNew >= 7.275) & Pt_SiblingT1D <= 63.296) -> Pt_DKAFlg <= 66.013)
",-66.013,-66.013,0.000,1.000,0.000,0,0,2,0,0,2,2,0,0.0,0.0,1.0,0.0,0.0,1.0
"G[0,2]((WeightKg >= 3.292 | bmi >= 4.132) -> UnitsInsBasalOrLongAct <= 0.000)
",9999999.000,9999999.000,0.000,1.000,0.000,0,0,2,0,0,2,2,0,0.0,0.0,1.0,0.0,0.0,1.0
"G[1,2](LDL <= 98.337 | Pt_FatherT1D >= 0.000)
",9999999.000,9999999.000,0.000,1.000,0.000,0,0,2,0,0,2,2,0,0.0,0.0,1.0,0.0,0.0,1.0
"G[1,2]((WeightKg >= 77.767 | bmi >= 16.046) -> UnitsInsBasalOrLongAct <= 0.000)
",9999999.000,9999999.000,0.000,1.000,0.000,0,0,2,0,0,2,2,0,0.0,0.0,1.0,0.0,0.0,1.0
"G[0,2](AutonomicNeuroCl >= 0.000 & DirectLDL <= 0.000)
",9999999.000,9999999.000,0.000,1.000,0.000,0,0,2,0,0,2,2,0,0.0,0.0,1.0,0.0,0.0,1.0
"G[0,0](((BldPrSys >= 110.865 | BUN <= 11.323) | AlbCreatRat_mggNew <= 13.559) -> bmiPerc >= 5.136)
",-31.381,-34.694,0.000,1.000,0.000,0,0,0,2,2,0,0,2,0.0,0.0,0.0,0.0,0.0,1.0
"G[2,2](((Pt_A1cGoalLevelDsYr5 <= 0.000 & NumPumpBolusOrShortAct <= 3.439) & HDL <= 2.216) | bmi <= 2.635)
",2.635,2.635,0.000,1.000,0.000,0,0,2,0,0,2,2,0,0.0,0.0,1.0,0.0,0.0,1.0
"G[1,2](((Pt_SHFlg >= 0.000 -> Pt_GrandparentT1D <= 0.000) | Pt_A1cGoalLevelDsYr5 >= 0.000) & bmi >= 0.000)
",9999999.000,9999999.000,0.000,1.000,0.000,0,0,2,0,0,2,2,0,0.0,0.0,1.0,0.0,0.0,1.0
"G[1,2]((Pt_ChildT1D <= 0.000 -> Pt_ChildT1D >= 0.000) | Pt_SHFlg >= 0.000)
",9999999.000,9999999.000,0.000,1.000,0.000,0,0,2,0,0,2,2,0,0.0,0.0,1.0,0.0,0.0,1.0
"G[1,2](Pt_MotherT1D >= 0.000 | Pt_ChildT1D >= 0.000)
",9999999.000,9999999.000,0.000,1.000,0.000,0,0,2,0,0,2,2,0,0.0,0.0,1.0,0.0,0.0,1.0
"G[0,2]((BGTestAvgNumPtRep >= 2.121 | TSH >= 0.395) & diabDur <= 0.481)
",9999999.000,9999999.000,0.000,1.000,0.000,0,0,0,2,2,0,0,2,0.0,0.0,0.0,0.0,0.0,1.0
"G[0,2](SMBGperDayPtMeterCombo >= 0.117 & BGTestAvgNumPtRep >= 1.133)
",9999999.000,9999999.000,0.000,1.000,0.000,0,0,0,2,2,0,0,2,0.0,0.0,0.0,0.0,0.0,1.0
"G[0,2](((Pt_DKAFlg <= 0.983 -> age >= 21.440) | TSH <= 23.669) & diabDur <= 23.424)
",9999999.000,9999999.000,0.000,1.000,0.000,0,0,2,0,0,2,2,0,0.0,0.0,1.0,0.0,0.0,1.0
"G[0,2](((DirectLDL >= 0.000 | bmiZscore <= 1.710) -> TotChol <= 1.562) | Triglyc >= 0.255)
",9999999.000,9999999.000,0.000,1.000,0.000,0,0,2,0,0,2,2,0,0.0,0.0,1.0,0.0,0.0,1.0
"G[0,1](SMBGperDayPtMeterCombo >= 1.939 & BGTestAvgNumPtRep >= 1.806)
",9999999.000,9999999.000,0.000,1.000,0.000,0,0,0,2,2,0,0,2,0.0,0.0,0.0,0.0,0.0,1.0
"G[0,0]((WeightKg <= 108.563 -> AlbCreatRat_mggNew <= 84.353) & diagAgeCombo >= 24.124)
",-70.709,-106.063,0.000,1.000,0.000,0,0,0,2,2,0,0,2,0.0,0.0,0.0,0.0,0.0,1.0
"G[0,2]((Pt_CGMUseNumDays >= 0.000 & AlbCreatRat_mggNew <= 94.142) | HDL >= 15.717)
",9999999.000,9999999.000,0.000,1.000,0.000,0,0,1,1,1,1,1,1,0.0,0.0,1.0,0.0,0.0,1.0
"G[1,1](((BGTestAvgNumPtRep <= 2.565 | TSH >= 0.090) | DirectLDL <= 1.004) & bmiPerc >= 0.232)
",-0.232,-0.232,0.000,1.000,0.000,0,0,0,2,2,0,0,2,0.0,0.0,0.0,0.0,0.0,1.0
"G[1,2](GFR <= 0.000 -> BUN >= 6.348)
",9999999.000,9999999.000,0.000,1.000,0.000,0,0,1,1,1,1,1,1,0.0,0.0,1.0,0.0,0.0,1.0
"G[1,2]((DirectLDL >= 0.000 & BGTestAvgNumPtRep <= 3.685) -> HbA1c <= 2.348)
",9999999.000,9999999.000,0.000,1.000,0.000,0,0,0,2,2,0,0,2,0.0,0.0,0.0,0.0,0.0,1.0
"G[1,1](diagAgeCombo >= 12.000 & HbA1c <= 9.118)
",-12.000,-12.000,0.000,1.000,0.000,0,0,0,2,2,0,0,2,0.0,0.0,0.0,0.0,0.0,1.0
"G[0,2](GFR <= 0.000 -> BUN >= 1.089)
",9999999.000,9999999.000,0.000,1.000,0.000,0,0,1,1,1,1,1,1,0.0,0.0,1.0,0.0,0.0,1.0
"G[1,2](((diabDur >= 8.165 -> Triglyc >= 11.815) | Pt_ChildT1D >= 16.850) & Pt_GrandparentT1D <= 83.451)
",9999999.000,9999999.000,0.000,1.000,0.000,0,0,1,1,1,1,1,1,0.0,0.0,1.0,0.0,0.0,1.0
"G[0,1](Pt_FatherT1D <= 0.000 & Pt_A1cGoalLev >= 0.090)
",9999999.000,9999999.000,0.000,1.000,0.000,0,0,0,2,2,0,0,2,0.0,0.0,0.0,0.0,0.0,1.0
"G[0,2]((Pt_A1cGoalLevelDsYr5 >= 0.000 & UnitsInsBasalOrLongAct <= 0.000) | HDL <= 0.000)
",9999999.000,9999999.000,0.000,1.000,0.000,0,0,2,0,0,2,2,0,0.0,0.0,1.0,0.0,0.0,1.0
"G[0,1](SMBGperDayPtMeterCombo >= 1.831 & BGTestAvgNumPtRep >= 0.032)
",9999999.000,9999999.000,0.000,1.000,0.000,0,0,0,2,2,0,0,2,0.0,0.0,0.0,0.0,0.0,1.0
"G[0,2](TSH <= 1.473 & DirectLDL >= 0.000)
",9999999.000,9999999.000,0.000,1.000,0.000,0,0,1,1,1,1,1,1,0.0,0.0,1.0,0.0,0.0,1.0
"G[0,2]((WeightKg >= 65.654 | bmi >= 21.821) -> UnitsInsBasalOrLongAct <= 0.000)
",9999999.000,9999999.000,0.000,1.000,0.000,0,0,2,0,0,2,2,0,0.0,0.0,1.0,0.0,0.0,1.0
"G[0,1](SMBGperDayPtMeterCombo >= 0.136 & BGTestAvgNumPtRep >= 1.883)
",9999999.000,9999999.000,0.000,1.000,0.000,0,0,0,2,2,0,0,2,0.0,0.0,0.0,0.0,0.0,1.0
"G[1,2](((BldPrSys >= 110.196 | HbA1cImputeDtMnC >= 3.884) & TotChol >= 6.835) | UnitsInsBasalOrLongAct <= 35.034)
",9999999.000,9999999.000,0.000,1.000,0.000,0,0,2,0,0,2,2,0,0.0,0.0,1.0,0.0,0.0,1.0
"G[1,2]((WeightKg <= 90.412 & Pt_DKAFlg >= 0.318) | DirectLDL >= 0.397)
",9999999.000,9999999.000,0.000,1.000,0.000,0,0,0,2,2,0,0,2,0.0,0.0,0.0,0.0,0.0,1.0
"G[1,2](bmiZscore <= 1.499 | HbA1cImputeDtMnC >= 3.758)
",9999999.000,9999999.000,0.000,1.000,0.000,0,0,2,0,0,2,2,0,0.0,0.0,1.0,0.0,0.0,1.0
"G[1,2]((WeightKg >= 20.645 | bmi >= 21.907) -> UnitsInsBasalOrLongAct <= 0.000)
",9999999.000,9999999.000,0.000,1.000,0.000,0,0,2,0,0,2,2,0,0.0,0.0,1.0,0.0,0.0,1.0
"G[0,2](((bmiZscore >= 1.104 -> TSH <= 0.492) | BGTestAvgNumPtRep <= 1.585) -> SMBGperDayPtMeterCombo <= 1.463)
",9999999.000,9999999.000,0.000,1.000,0.000,0,0,1,1,1,1,1,1,0.0,0.0,1.0,0.0,0.0,1.0
"G[1,2](((bmiZscore <= 1.869 & HeightCm <= 143.203) | Triglyc >= 124.624) | Pt_A1cGoalLev <= 147.436)
",9999999.000,9999999.000,0.000,1.000,0.000,0,0,2,0,0,2,2,0,0.0,0.0,1.0,0.0,0.0,1.0
"G[1,2](age <= 23.106 -> HbA1c >= 2.130)
",9999999.000,9999999.000,0.000,1.000,0.000,0,0,2,0,0,2,2,0,0.0,0.0,1.0,0.0,0.0,1.0
"G[1,1](((HbA1cImputeDtMnC <= 27.245 & TSH <= 0.721) & diabDur <= 1.391) & UnitsInsBasalOrLongAct >= 0.252)
",-0.252,-0.252,0.000,1.000,0.000,0,0,0,2,2,0,0,2,0.0,0.0,0.0,0.0,0.0,1.0
"G[2,2]((BUN >= 4.131 | WeightKg >= 30.668) | GFR <= 97.586)
",97.586,97.586,0.000,1.000,0.000,0,0,2,0,0,2,2,0,0.0,0.0,1.0,0.0,0.0,1.0
"G[1,2](BUN <= 10.757 | TSH <= 0.741)
",9999999.000,9999999.000,0.000,1.000,0.000,0,0,2,0,0,2,2,0,0.0,0.0,1.0,0.0,0.0,1.0
"G[0,2](LDL <= 119.617 & Triglyc >= 16.442)
",9999999.000,9999999.000,0.000,1.000,0.000,0,0,0,2,2,0,0,2,0.0,0.0,0.0,0.0,0.0,1.0
"G[0,1](HDL >= 1.739 & LDL >= 51.843)
",9999999.000,9999999.000,0.000,1.000,0.000,0,0,0,2,2,0,0,2,0.0,0.0,0.0,0.0,0.0,1.0
"G[2,2]((bmi <= 34.275 & BUN >= 2.718) & DirectLDL >= 2.104)
",-2.718,-2.718,0.000,1.000,0.000,0,0,2,0,0,2,2,0,0.0,0.0,1.0,0.0,0.0,1.0
"G[1,1](((BUN >= 1.675 -> HbA1c <= 7.202) -> Pt_A1cGoalLev <= 10.063) & Pt_InsGov >= 2.137)
",-10.063,-10.063,0.000,1.000,0.000,0,0,0,2,2,0,0,2,0.0,0.0,0.0,0.0,0.0,1.0
"G[0,1](bmiZscore <= 1.524 & Pt_DKAFlg <= 0.756)
",9999999.000,9999999.000,0.000,1.000,0.000,0,0,0,2,2,0,0,2,0.0,0.0,0.0,0.0,0.0,1.0
"G[2,2](AlbCreatRat_mggNew >= 13.310 & BUN >= 7.760)
",-13.310,-13.310,0.000,1.000,0.000,0,0,2,0,0,2,2,0,0.0,0.0,1.0,0.0,0.0,1.0
"G[0,2](((HDL <= 50.209 -> WeightKg <= 93.274) & HbA1cImputeDtMnC >= 10.191) & GFR <= 107.611)
",9999999.000,9999999.000,0.000,1.000,0.000,0,0,0,2,2,0,0,2,0.0,0.0,0.0,0.0,0.0,1.0
"G[0,2]((HeightCm >= 77.075 & Pt_A1cGoalLev >= 1.090) -> DirectLDL >= 0.514)
",9999999.000,9999999.000,0.000,1.000,0.000,0,0,1,1,1,1,1,1,0.0,0.0,1.0,0.0,0.0,1.0
"G[0,2]((Pt_A1cGoalLev <= 5.625 & TSH <= 1.661) -> Pt_ChildT1D <= 1.472)
",9999999.000,9999999.000,0.000,1.000,0.000,0,0,2,0,0,2,2,0,0.0,0.0,1.0,0.0,0.0,1.0
"G[1,2](((bmi <= 33.674 & Pt_A1cGoalLev >= 0.408) -> HbA1cImputeDtMnC >= 1.610) -> TotalDailyInsPerKg <= 2.979)
",9999999.000,9999999.000,0.000,1.000,0.000,0,0,2,0,0,2,2,0,0.0,0.0,1.0,0.0,0.0,1.0
"G[0,2]((BldPrDia >= 77.355 | bmi >= 2.937) & NumPumpBolusOrShortAct >= 10.513)
",9999999.000,9999999.000,0.000,1.000,0.000,0,0,0,2,2,0,0,2,0.0,0.0,0.0,0.0,0.0,1.0
"G[0,1](BldPrSys <= 120.870 | WeightKg <= 91.923)
",9999999.000,9999999.000,0.000,1.000,0.000,0,0,0,2,2,0,0,2,0.0,0.0,0.0,0.0,0.0,1.0
"G[2,2](age <= 23.982 | TSH >= 0.303)
",23.982,23.982,0.000,1.000,0.000,0,0,2,0,0,2,2,0,0.0,0.0,1.0,0.0,0.0,1.0
"G[0,0](((BldPrDia >= 72.433 | HbA1cImputeDtMnC <= 14.556) | BUN <= 34.059) & Pt_GrandparentT1D >= 9.901)
",-9.901,-9.901,0.000,1.000,0.000,0,0,0,2,2,0,0,2,0.0,0.0,0.0,0.0,0.0,1.0
"G[1,2](BUN <= 12.153 | Triglyc <= 48.862)
",9999999.000,9999999.000,0.000,1.000,0.000,0,0,1,1,1,1,1,1,0.0,0.0,1.0,0.0,0.0,1.0
"G[2,2](((AlbCreatRat_mggNew <= 83.915 -> TSH >= 0.045) & DirectLDL <= 1.641) & GFR >= 0.474)
",-83.915,-83.915,0.000,1.000,0.000,0,0,2,0,0,2,2,0,0.0,0.0,1.0,0.0,0.0,1.0
"G[0,1]((BldPrDia <= 83.496 & bmiZscore >= 0.416) & HbA1cImputeDtMnC >= 0.893)
",9999999.000,9999999.000,0.000,1.000,0.000,0,0,0,2,2,0,0,2,0.0,0.0,0.0,0.0,0.0,1.0
"G[0,2](((bmiZscore >= 0.216 -> HbA1c <= 8.297) | NumPumpBolusOrShortAct >= 3.882) -> Pt_InsGov >= 3.047)
",9999999.000,9999999.000,0.000,1.000,0.000,0,0,0,2,2,0,0,2,0.0,0.0,0.0,0.0,0.0,1.0
"G[1,2](HbA1cImputeDtMnC <= 21.769 -> SMBGperDayPtMeterCombo <= 2.590)
",9999999.000,9999999.000,0.000,1.000,0.000,0,0,2,0,0,2,2,0,0.0,0.0,1.0,0.0,0.0,1.0
"G[0,2]((BldPrSys >= 118.016 | SMBGperDayPtMeterCombo >= 1.326) -> Pt_GrandchildT1D >= 0.342)
",9999999.000,9999999.000,0.000,1.000,0.000,0,0,0,2,2,0,0,2,0.0,0.0,0.0,0.0,0.0,1.0
"G[0,1](((age >= 21.910 & BldPrDia <= 84.836) & bmi >= 73.615) & bmiZscore <= 84.791)
",9999999.000,9999999.000,0.000,1.000,0.000,0,0,0,2,2,0,0,2,0.0,0.0,0.0,0.0,0.0,1.0
"G[0,2](((age <= 22.972 & HbA1cImputeDtMnC >= 0.413) & GFR <= 21.905) & HbA1c >= 2.159)
",9999999.000,9999999.000,0.000,1.000,0.000,0,0,0,2,2,0,0,2,0.0,0.0,0.0,0.0,0.0,1.0
"G[1,2]((LDL <= 96.993 | TSH <= 1.053) & AutonomicNeuroCl >= 0.142)
",9999999.000,9999999.000,0.000,1.000,0.000,0,0,0,2,2,0,0,2,0.0,0.0,0.0,0.0,0.0,1.0
"G[1,2](((BGTestAvgNumPtRep <= 3.554 & WeightKg >= 38.528) & AutonomicNeuroCl <= 93.847) -> diabDur >= 58.215)
",9999999.000,9999999.000,0.000,1.000,0.000,0,0,1,1,1,1,1,1,0.0,0.0,1.0,0.0,0.0,1.0
"G[2,2](((bmi >= 5.175 -> diabDur >= 8.224) | UnitsInsBasalOrLongAct <= 10.650) & LDL <= 9.965)
",9.965,9.965,0.000,1.000,0.000,0,0,2,0,0,2,2,0,0.0,0.0,1.0,0.0,0.0,1.0
"G[2,2](((age >= 21.611 & AlbCreatRat_mggNew <= 62.737) -> HeightCm >= 3.059) | Pt_ChildT1D >= 39.784)
",3.059,3.059,0.000,1.000,0.000,0,0,2,0,0,2,2,0,0.0,0.0,1.0,0.0,0.0,1.0
"G[0,1]((bmi >= 20.819 | LDL >= 44.643) -> AutonomicNeuroCl >= 7.444)
",9999999.000,9999999.000,0.000,1.000,0.000,0,0,0,2,2,0,0,2,0.0,0.0,0.0,0.0,0.0,1.0
"G[1,1](((BldPrDia >= 72.842 -> BldPrSys <= 134.498) | HDL <= 123.216) & Pt_MotherT1D >= 110.551)
",-110.551,-110.551,0.000,1.000,0.000,0,0,0,2,2,0,0,2,0.0,0.0,0.0,0.0,0.0,1.0
"G[2,2]((LDL <= 115.060 | WeightKg <= 97.057) -> bmiPerc >= 25.654)
",-115.060,-115.060,0.000,1.000,0.000,0,0,2,0,0,2,2,0,0.0,0.0,1.0,0.0,0.0,1.0
"G[0,2]((HDL <= 41.960 | TotalDailyInsPerKg <= 0.958) | bmiZscore <= 0.519)
",9999999.000,9999999.000,0.000,1.000,0.000,0,0,1,1,1,1,1,1,0.0,0.0,1.0,0.0,0.0,1.0
"G[2,2](bmi <= 30.065 & HbA1c <= 9.108)
",9.108,9.108,0.000,1.000,0.000,0,0,2,0,0,2,2,0,0.0,0.0,1.0,0.0,0.0,1.0
"G[0,0]((HbA1c <= 9.430 -> HeightCm >= 109.094) & BGTestAvgNumMeter >= 90.985)
",-90.985,-90.985,0.000,1.000,0.000,0,0,0,2,2,0,0,2,0.0,0.0,0.0,0.0,0.0,1.0
"G[2,2]((NumPumpBolusOrShortAct >= 1.183 | TotalDailyInsPerKg <= 0.508) & Pt_GrandparentT1D <= 1.005)
",0.508,0.508,0.000,1.000,0.000,0,0,2,0,0,2,2,0,0.0,0.0,1.0,0.0,0.0,1.0
"G[0,0](((age <= 22.568 & bmiZscore >= 0.421) & WeightKg <= 1.622) | Pt_MotherT1D >= 0.101)
",-0.101,-0.101,0.000,1.000,0.000,0,0,0,2,2,0,0,2,0.0,0.0,0.0,0.0,0.0,1.0
"G[2,2](age <= 23.736 -> BUN >= 7.966)
",-23.736,-23.736,0.000,1.000,0.000,0,0,2,0,0,2,2,0,0.0,0.0,1.0,0.0,0.0,1.0
"G[0,1]((LDL <= 119.163 & NumPumpBolusOrShortAct >= 0.940) & bmiPerc >= 0.850)
",9999999.000,9999999.000,0.000,1.000,0.000,0,0,0,2,2,0,0,2,0.0,0.0,0.0,0.0,0.0,1.0
"G[1,2]((NumPumpBolusOrShortAct >= 0.761 -> SMBGperDayPtMeterCombo <= 2.481) | WeightKg <= 3.747)
",9999999.000,9999999.000,0.000,1.000,0.000,0,0,2,0,0,2,2,0,0.0,0.0,1.0,0.0,0.0,1.0
"G[0,2](AlbCreatRat_mggNew >= 15.525 -> BldPrSys >= 116.880)
",9999999.000,9999999.000,0.000,1.000,0.000,0,0,0,2,2,0,0,2,0.0,0.0,0.0,0.0,0.0,1.0
"G[0,2](((Pt_SiblingT1D >= 0.372 & SMBGperDayPtMeterCombo >= 0.063) | Pt_FatherT1D >= 2.216) & WeightKg >= 0.454)
",9999999.000,9999999.000,0.000,1.000,0.000,0,0,1,1,1,1,1,1,0.0,0.0,1.0,0.0,0.0,1.0
"G[2,2](((Pt_DKAFlg <= 0.917 | GFR <= 0.000) & GFR >= 0.000) & Pt_A1cGoalLev <= 0.000)
",0.000,0.000,0.000,1.000,0.000,0,0,2,0,0,2,2,0,0.0,0.0,1.0,0.0,0.0,1.0
"G[1,2](TotChol < 0.000 & Pt_SHFlg = 0.000)
",9999999.000,9999999.000,0.000,1.000,0.000,0,0,0,2,2,0,0,2,0.0,0.0,0.0,0.0,0.0,1.0
"G[2,2]((HDL >= 3.029 & HeightCm >= 79.854) | DirectLDL <= 130.440)
",130.440,130.440,0.000,1.000,0.000,0,0,2,0,0,2,2,0,0.0,0.0,1.0,0.0,0.0,1.0
"G[0,2](UnitsInsBasalOrLongAct > 0.000 -> Pt_SHFlg = 0.000)
",9999999.000,9999999.000,0.000,1.000,0.000,0,0,2,0,0,2,2,0,0.0,0.0,1.0,0.0,0.0,1.0
"G[0,2](((Pt_GrandparentT1D <= 0.000 & DirectLDL >= 0.000) -> WeightKg <= 0.000) | DirectLDL <= 0.000)
",9999999.000,9999999.000,0.000,1.000,0.000,0,0,2,0,0,2,2,0,0.0,0.0,1.0,0.0,0.0,1.0
"G[1,2]((HeightCm <= 147.171 -> bmiPerc <= 0.000) | LDL <= 0.000)
",9999999.000,9999999.000,0.000,1.000,0.000,0,0,2,0,0,2,2,0,0.0,0.0,1.0,0.0,0.0,1.0
"G[1,2](((HbA1cImputeDtMnC >= 5.642 | Triglyc <= 87.326) | Pt_GrandchildT1D <= 30.437) & age <= 31.752)
",9999999.000,9999999.000,0.000,1.000,0.000,0,0,2,0,0,2,2,0,0.0,0.0,1.0,0.0,0.0,1.0
"G[0,2]((Pt_GrandparentT1D >= 0.000 -> Pt_FatherT1D <= 0.000) | BldPrSys >= 0.000)
",9999999.000,9999999.000,0.000,1.000,0.000,0,0,2,0,0,2,2,0,0.0,0.0,1.0,0.0,0.0,1.0
"G[1,2](SMBGperDayPtMeterCombo >= 1.806 & Pt_SHFlg = 0.000)
",9999999.000,9999999.000,0.000,1.000,0.000,0,0,0,2,2,0,0,2,0.0,0.0,0.0,0.0,0.0,1.0
"G[1,2]((Pt_FatherT1D <= 0.000 & BGTestAvgNumPtRep >= 1.830) | BGTestAvgNumPtRep <= 2.536)
",9999999.000,9999999.000,0.000,1.000,0.000,0,0,2,0,0,2,2,0,0.0,0.0,1.0,0.0,0.0,1.0
"G[1,2](HeightCm <= 153.060 | HbA1cImputeDtMnC <= 33.293)
",9999999.000,9999999.000,0.000,1.000,0.000,0,0,2,0,0,2,2,0,0.0,0.0,1.0,0.0,0.0,1.0
"G[0,2](AutonomicNeuroCl >= 0.000 | TotalDailyInsPerKg >= 0.414)
",9999999.000,9999999.000,0.000,1.000,0.000,0,0,2,0,0,2,2,0,0.0,0.0,1.0,0.0,0.0,1.0
"G[0,1](((Pt_GrandparentT1D <= 0.000 | Triglyc >= 2.470) -> Pt_A1cGoalLev <= 80.209) -> Pt_MotherT1D >= 1.243)
",9999999.000,9999999.000,0.000,1.000,0.000,0,0,0,2,2,0,0,2,0.0,0.0,0.0,0.0,0.0,1.0
"G[1,2](((Pt_ChildT1D >= 0.000 | BGTestAvgNumPtRep >= 1.022) & BGTestAvgNumMeter <= 3.578) & Pt_GrandparentT1D <= 3.673)
",9999999.000,9999999.000,0.000,1.000,0.000,0,0,2,0,0,2,2,0,0.0,0.0,1.0,0.0,0.0,1.0
"G[1,2](Pt_DKAFlg >= 0.402 & Pt_SHFlg = 0.000)
",9999999.000,9999999.000,0.000,1.000,0.000,0,0,1,1,1,1,1,1,0.0,0.0,1.0,0.0,0.0,1.0
"G[1,2](SMBGperDayPtMeterCombo > 1.647 & Pt_SHFlg = 0.000)
",9999999.000,9999999.000,0.000,1.000,0.000,0,0,0,2,2,0,0,2,0.0,0.0,0.0,0.0,0.0,1.0
"G[1,1](((Pt_ChildT1D >= 0.000 & diagAgeCombo <= 12.000) & Pt_A1cGoalLev >= 12.000) | Pt_InsGov >= 12.000)
",-12.000,-12.000,0.000,1.000,0.000,0,0,0,2,2,0,0,2,0.0,0.0,0.0,0.0,0.0,1.0
"G[0,2](bmiZscore >= 0.729 & Pt_SHFlg = 0.000)
",9999999.000,9999999.000,0.000,1.000,0.000,0,0,1,1,1,1,1,1,0.0,0.0,1.0,0.0,0.0,1.0
"G[2,2]((TotChol <= 0.000 & Pt_InsGov <= 0.000) -> Pt_CGMUseNumDays >= 0.000)
",0.000,0.000,0.000,1.000,0.000,0,0,2,0,0,2,2,0,0.0,0.0,1.0,0.0,0.0,1.0
"G[0,2](HDL >= 0.016 & UnitsInsBasalOrLongAct <= 0.000)
",9999999.000,9999999.000,0.000,1.000,0.000,0,0,0,2,2,0,0,2,0.0,0.0,0.0,0.0,0.0,1.0
"G[0,1](((HDL >= 10.459 | Pt_GrandchildT1D <= 0.000) & HbA1cImputeDtMnC <= 0.000) & HeightCm >= 0.000)
",9999999.000,9999999.000,0.000,1.000,0.000,0,0,0,2,2,0,0,2,0.0,0.0,0.0,0.0,0.0,1.0
"G[1,2]((LDL >= 43.200 | Pt_ChildT1D >= 0.000) & AlbCreatRat_mggNew <= 0.000)
",9999999.000,9999999.000,0.000,1.000,0.000,0,0,0,2,2,0,0,2,0.0,0.0,0.0,0.0,0.0,1.0
"G[2,2](BldPrSys > 114.920 & Pt_SHFlg = 0.000)
",-114.920,-114.920,0.000,1.000,0.000,0,0,2,0,0,2,2,0,0.0,0.0,1.0,0.0,0.0,1.0
"G[0,2](bmi <= 32.942 | bmiZscore >= 0.544)
",9999999.000,9999999.000,0.000,1.000,0.000,0,0,2,0,0,2,2,0,0.0,0.0,1.0,0.0,0.0,1.0
"G[0,2]((Pt_A1cGoalLevelDsYr5 >= 0.000 | WeightKg >= 3.911) -> bmi >= 80.108)
",9999999.000,9999999.000,0.000,1.000,0.000,0,0,0,2,2,0,0,2,0.0,0.0,0.0,0.0,0.0,1.0
"G[1,2](((HbA1c >= 3.278 | TotalDailyInsPerKg <= 0.734) -> BGTestAvgNumPtRep >= 0.312) -> Triglyc >= 0.415)
",9999999.000,9999999.000,0.000,1.000,0.000,0,0,2,0,0,2,2,0,0.0,0.0,1.0,0.0,0.0,1.0
"G[0,2](Pt_CGMUseNumDays >= 0.000 -> Pt_CGMUseNumDays >= 0.000)
",9999999.000,9999999.000,0.000,1.000,0.000,0,0,2,0,0,2,2,0,0.0,0.0,1.0,0.0,0.0,1.0
"G[0,2](BldPrSys >= 117.320 | bmi <= 40.346)
",9999999.000,9999999.000,0.000,1.000,0.000,0,0,2,0,0,2,2,0,0.0,0.0,1.0,0.0,0.0,1.0
"G[1,2](((bmiPerc <= 0.000 | TSH <= 1.104) & Pt_CGMUseNumDays <= 0.646) -> BldPrSys <= 1.272)
",9999999.000,9999999.000,0.000,1.000,0.000,0,0,0,2,2,0,0,2,0.0,0.0,0.0,0.0,0.0,1.0
"G[0,0](((Pt_GrandchildT1D >= 0.000 -> SMBGperDayPtMeterCombo <= 2.804) & AlbCreatRat_mggNew <= 2.305) | HeightCm <= 2.790)
",-22.391,-11.195,0.000,1.000,0.000,0,0,0,2,2,0,0,2,0.0,0.0,0.0,0.0,0.0,1.0
"G[1,2]((BUN >= 5.780 | BGTestAvgNumMeter >= 0.000) | WeightKg >= 0.000)
",9999999.000,9999999.000,0.000,1.000,0.000,0,0,2,0,0,2,2,0,0.0,0.0,1.0,0.0,0.0,1.0
"G[1,2]((TSH >= 0.405 -> Pt_MotherT1D >= 0.000) | Pt_A1cGoalLevelDsYr5 <= 0.000)
",9999999.000,9999999.000,0.000,1.000,0.000,0,0,2,0,0,2,2,0,0.0,0.0,1.0,0.0,0.0,1.0
"G[1,2](BGTestAvgNumPtRep >= 0.251 & BUN >= 8.668)
",9999999.000,9999999.000,0.000,1.000,0.000,0,0,1,1,1,1,1,1,0.0,0.0,1.0,0.0,0.0,1.0
"G[1,2](DirectLDL <= 0.000 | Pt_A1cGoalLevelDsYr5 >= 0.000)
",9999999.000,9999999.000,0.000,1.000,0.000,0,0,2,0,0,2,2,0,0.0,0.0,1.0,0.0,0.0,1.0
"G[0,0](((Pt_CGMUseNumDays >= 0.000 & Pt_A1cGoalLev >= 1.307) | WeightKg >= 0.817) & Pt_InsGov >= 0.935)
",-0.935,-0.935,0.000,1.000,0.000,0,0,0,2,2,0,0,2,0.0,0.0,0.0,0.0,0.0,1.0
"G[2,2](((diagAgeCombo <= 12.000 -> DirectLDL >= 0.000) & DirectLDL <= 0.000) | WeightKg >= 0.000)
",0.000,0.000,0.000,1.000,0.000,0,0,2,0,0,2,2,0,0.0,0.0,1.0,0.0,0.0,1.0
"G[1,2]((Pt_FatherT1D <= 0.000 | BldPrSys <= 123.649) -> BldPrDia >= 118.855)
",9999999.000,9999999.000,0.000,1.000,0.000,0,0,0,2,2,0,0,2,0.0,0.0,0.0,0.0,0.0,1.0
"G[0,2](((bmi >= 21.759 -> Pt_InsGov >= 0.000) -> HDL <= 0.000) | AlbCreatRat_mggNew >= 0.000)
",9999999.000,9999999.000,0.000,1.000,0.000,0,0,2,0,0,2,2,0,0.0,0.0,1.0,0.0,0.0,1.0
"G[0,2](((TotalDailyInsPerKg >= 0.396 | Triglyc <= 79.297) | HbA1cImputeDtMnC <= 85.881) & Pt_MotherT1D <= 64.744)
",9999999.000,9999999.000,0.000,1.000,0.000,0,0,2,0,0,2,2,0,0.0,0.0,1.0,0.0,0.0,1.0
"G[1,2](GFR <= 0.000 -> BUN >= 8.866)
",9999999.000,9999999.000,0.000,1.000,0.000,0,0,1,1,1,1,1,1,0.0,0.0,1.0,0.0,0.0,1.0
"G[1,2](((TSH <= 1.406 -> bmiZscore >= 1.204) & HeightCm <= 1.671) & age >= 1.059)
",9999999.000,9999999.000,0.000,1.000,0.000,0,0,0,2,2,0,0,2,0.0,0.0,0.0,0.0,0.0,1.0
"G[0,2](((Pt_GrandparentT1D <= 0.000 | Pt_DKAFlg <= 0.725) & NumPumpBolusOrShortAct <= 0.917) -> Pt_CGMUseNumDays >= 0.378)
",9999999.000,9999999.000,0.000,1.000,0.000,0,0,0,2,2,0,0,2,0.0,0.0,0.0,0.0,0.0,1.0
"G[0,1](HbA1cImputeDtMnC >= 9.373 & Pt_SHFlg = 0.000)
",9999999.000,9999999.000,0.000,1.000,0.000,0,0,0,2,2,0,0,2,0.0,0.0,0.0,0.0,0.0,1.0
"G[0,2]((LDL >= 12.420 & Pt_SHFlg <= 0.000) -> Pt_CGMUseNumDays <= 0.000)
",9999999.000,9999999.000,0.000,1.000,0.000,0,0,2,0,0,2,2,0,0.0,0.0,1.0,0.0,0.0,1.0
"G[0,2](SMBGperDayPtMeterCombo >= 1.241 & BGTestAvgNumPtRep >= 1.876)
",9999999.000,9999999.000,0.000,1.000,0.000,0,0,0,2,2,0,0,2,0.0,0.0,0.0,0.0,0.0,1.0
