Rule,Discrimination Score,Pos Robustness,Neg Robustness,Percent Class +,Percent Class -,TP,TN,FP,FN,Actual Yes,Actual No,Predicted Yes,Predicted No,TPR/Sens,TNR/Spec,FPR,Precision,Accuracy,MCR
"F[0,0](((WeightKg >= 57.410 | bmiPerc >= 0.175) & WeightKg <= 0.243) & Pt_ChildT1D <= 0.327)
",-0.875,-1.091,0.000,0.000,1.000,3,0,0,0,3,0,3,0,1.0,0,0,1.0,1.0,0.0
"F[0,1]((Pt_FatherT1D >= 0.000 -> BGTestAvgNumMeter <= 2.493) & Pt_DKAFlg >= 0.776)
",-9999999.000,-9999999.000,0.000,0.000,1.000,3,0,0,0,3,0,3,0,1.0,0,0,1.0,1.0,0.0
"F[1,1](((Pt_DKAFlg >= 0.046 & HDL <= 46.924) & DirectLDL >= 44.970) & HbA1c <= 53.094)
",-44.970,-44.970,0.000,0.000,1.000,3,0,0,0,3,0,3,0,1.0,0,0,1.0,1.0,0.0
"F[1,1](GFR < 0.000 & Pt_SHFlg = 0.000)
",0.000,0.000,0.000,0.000,1.000,3,0,0,0,3,0,3,0,1.0,0,0,1.0,1.0,0.0
"((bmiPerc >= 0.203) U[1,1] (UnitsInsBasalOrLongAct >= 8.847))
",-0.203,-0.203,0.000,0.000,1.000,3,0,0,0,3,0,3,0,1.0,0,0,1.0,1.0,0.0
"F[0,1](Pt_SiblingT1D > 0.000 & Pt_SHFlg = 0.000)
",-9999999.000,-9999999.000,0.000,0.000,1.000,3,0,0,0,3,0,3,0,1.0,0,0,1.0,1.0,0.0
"F[0,1]((bmiPerc <= 0.400 & TSH <= 1.485) & Pt_InsGov >= 0.723)
",-9999999.000,-9999999.000,0.000,0.000,1.000,3,0,0,0,3,0,3,0,1.0,0,0,1.0,1.0,0.0
"F[1,1]((BGTestAvgNumPtRep >= 0.293 -> Pt_DKAFlg >= 0.051) & Pt_CGMUseNumDays >= 0.091)
",-0.091,-0.091,0.000,0.000,1.000,3,0,0,0,3,0,3,0,1.0,0,0,1.0,1.0,0.0
"F[1,1]((SMBGperDayPtMeterCombo >= 0.444 | BGTestAvgNumPtRep >= 0.127) & TotChol <= 1.561)
",-0.127,-0.127,0.000,0.000,1.000,3,0,0,0,3,0,3,0,1.0,0,0,1.0,1.0,0.0
"F[1,1](((diabDur >= 8.974 & HbA1c <= 10.858) | AlbCreatRat_mggNew >= 10.154) -> Pt_ChildT1D >= 10.067)
",8.974,8.974,0.000,0.000,1.000,3,0,0,0,3,0,3,0,1.0,0,0,1.0,1.0,0.0
"F[1,1]((BUN >= 1.127 & BGTestAvgNumMeter <= 2.699) & Pt_SHFlg >= 1.495)
",-1.495,-1.495,0.000,0.000,1.000,3,0,0,0,3,0,3,0,1.0,0,0,1.0,1.0,0.0
"F[1,1]((DirectLDL >= 0.000 & Pt_InsGov <= 0.000) -> WeightKg <= 0.000)
",0.000,0.000,0.000,0.000,1.000,3,0,0,0,3,0,3,0,1.0,0,0,1.0,1.0,0.0
"F[1,1](((bmiZscore <= -0.542 | HeightCm >= 174.095) & UnitsInsBasalOrLongAct <= 174.555) & bmiPerc >= 172.300)
",-6062259049319029.000,-172.300,0.000,0.000,1.000,3,0,0,0,3,0,3,0,1.0,0,0,1.0,1.0,0.0
"F[0,1]((HbA1c <= 12.308 & WeightKg >= 58.212) & Pt_MotherT1D >= 56.562)
",-9999999.000,-9999999.000,0.000,0.000,1.000,3,0,0,0,3,0,3,0,1.0,0,0,1.0,1.0,0.0
"F[0,1](((BldPrSys <= 128.746 | HbA1c <= 12.406) & Pt_CGMUseNumDays <= 11.622) & LDL <= 12.003)
",-9999999.000,-9999999.000,0.000,0.000,1.000,3,0,0,0,3,0,3,0,1.0,0,0,1.0,1.0,0.0
"F[0,1](((DirectLDL <= 0.000 -> Pt_SiblingT1D >= 0.000) | BldPrSys <= 0.000) -> WeightKg <= 0.000)
",-9999999.000,-9999999.000,0.000,0.000,1.000,3,0,0,0,3,0,3,0,1.0,0,0,1.0,1.0,0.0
"F[0,1](((BldPrSys <= 134.704 & WeightKg >= 58.039) & BldPrSys <= 60.140) & LDL >= 58.335)
",-9999999.000,-9999999.000,0.000,0.000,1.000,3,0,0,0,3,0,3,0,1.0,0,0,1.0,1.0,0.0
"F[1,1](diabDur >= 8.980 -> TotalDailyInsPerKg >= 0.746)
",0.746,0.746,0.000,0.000,1.000,2,0,0,1,3,0,2,1,0.6666666666666666,0,0,1.0,0.6666666666666666,0.33333333333333337
"F[1,1]((BldPrDia >= 76.784 & TSH <= 1.940) | GFR >= 0.615)
",-0.615,-0.615,0.000,0.000,1.000,2,0,0,1,3,0,2,1,0.6666666666666666,0,0,1.0,0.6666666666666666,0.33333333333333337
"F[0,1]((BUN >= 0.331 & TotalDailyInsPerKg <= 0.815) | HbA1c <= 0.783)
",-9999999.000,-9999999.000,0.000,0.000,1.000,2,0,0,1,3,0,2,1,0.6666666666666666,0,0,1.0,0.6666666666666666,0.33333333333333337
"F[0,1]((LDL <= 68.647 & NumPumpBolusOrShortAct >= 0.096) & BldPrSys >= 1.052)
",-9999999.000,-9999999.000,0.000,0.000,1.000,2,0,0,1,3,0,2,1,0.6666666666666666,0,0,1.0,0.6666666666666666,0.33333333333333337
"((HbA1cImputeDtMnC >= 7.188) U[1,1] (TotalDailyInsPerKg >= 0.741))
",-0.741,-0.741,0.000,0.000,1.000,2,0,0,1,3,0,2,1,0.6666666666666666,0,0,1.0,0.6666666666666666,0.33333333333333337
"((Triglyc <= 78.819) U[1,1] (TotalDailyInsPerKg >= 0.754))
",78.819,78.819,0.000,0.000,1.000,2,0,0,1,3,0,2,1,0.6666666666666666,0,0,1.0,0.6666666666666666,0.33333333333333337
"F[0,0]((BGTestAvgNumPtRep >= 0.596 & HbA1cImputeDtMnC <= 36.901) | HbA1c >= 21.731)
",0.591,0.738,0.000,0.000,1.000,2,0,0,1,3,0,2,1,0.6666666666666666,0,0,1.0,0.6666666666666666,0.33333333333333337
"((Pt_GrandparentT1D >= 0.000) U[0,1] (HDL <= 45.773))
",-9999999.000,-9999999.000,0.000,0.000,1.000,2,0,0,1,3,0,2,1,0.6666666666666666,0,0,1.0,0.6666666666666666,0.33333333333333337
"((bmi >= 19.028) U[0,0] (diabDur >= 9.194))
",5.377,9.139,0.000,0.000,1.000,2,0,0,1,3,0,2,1,0.6666666666666666,0,0,1.0,0.6666666666666666,0.33333333333333337
"((TSH >= 0.292) U[0,1] (SMBGperDayPtMeterCombo >= 1.346))
",-9999999.000,-9999999.000,0.000,0.000,1.000,2,0,0,1,3,0,2,1,0.6666666666666666,0,0,1.0,0.6666666666666666,0.33333333333333337
"((BGTestAvgNumPtRep >= 0.514) U[1,2] (WeightKg >= 56.821))
",-9999999.000,-9999999.000,0.000,0.000,1.000,2,0,0,1,3,0,2,1,0.6666666666666666,0,0,1.0,0.6666666666666666,0.33333333333333337
"F[1,1](((HDL <= 49.747 & UnitsInsBasalOrLongAct >= 9.891) | bmiZscore >= 3.363) -> Pt_A1cGoalLev >= 13.529)
",7572284272265147.000,3.363,0.000,0.000,1.000,2,0,0,1,3,0,2,1,0.6666666666666666,0,0,1.0,0.6666666666666666,0.33333333333333337
"F[0,0](((Pt_DKAFlg >= 0.006 | Pt_DKAFlg <= 0.890) & Pt_A1cGoalLev <= 0.678) -> NumPumpBolusOrShortAct >= 0.118)
",0.118,0.118,0.000,0.000,1.000,2,0,0,1,3,0,2,1,0.6666666666666666,0,0,1.0,0.6666666666666666,0.33333333333333337
"((bmi >= 19.118) U[1,2] (Pt_SHFlg = 0.000))
",-9999999.000,-9999999.000,0.000,0.000,1.000,2,0,0,1,3,0,2,1,0.6666666666666666,0,0,1.0,0.6666666666666666,0.33333333333333337
"F[0,1](((BldPrDia <= 79.063 | Pt_DKAFlg <= 0.927) -> AlbCreatRat_mggNew >= 0.066) & NumPumpBolusOrShortAct >= 0.087)
",-9999999.000,-9999999.000,0.000,0.000,1.000,2,0,0,1,3,0,2,1,0.6666666666666666,0,0,1.0,0.6666666666666666,0.33333333333333337
"((BGTestAvgNumMeter >= 0.406) U[1,1] (BGTestAvgNumPtRep <= 2.404))
",2.404,2.404,0.000,0.000,1.000,2,0,0,1,3,0,2,1,0.6666666666666666,0,0,1.0,0.6666666666666666,0.33333333333333337
"((bmiZscore > -0.895) U[1,2] (Pt_SHFlg = 0.000))
",-9999999.000,-9999999.000,0.000,0.000,1.000,2,0,0,1,3,0,2,1,0.6666666666666666,0,0,1.0,0.6666666666666666,0.33333333333333337
"((HDL >= 43.641) U[0,0] (HeightCm >= 172.674))
",1.833,16.693,0.000,0.000,1.000,1,0,0,2,3,0,1,2,0.3333333333333333,0,0,1.0,0.3333333333333333,0.6666666666666667
"((BGTestAvgNumMeter <= 1.916) U[0,1] (BGTestAvgNumPtRep <= 1.848))
",-9999999.000,-9999999.000,0.000,0.000,1.000,1,0,0,2,3,0,1,2,0.3333333333333333,0,0,1.0,0.3333333333333333,0.6666666666666667
"F[0,0](((AlbCreatRat_mggNew >= 48.487 -> bmiZscore <= -0.672) -> bmiZscore >= -0.880) -> bmiPerc <= -0.674)
",8.781,1.106,0.000,0.000,1.000,1,0,0,2,3,0,1,2,0.3333333333333333,0,0,1.0,0.3333333333333333,0.6666666666666667
"F[1,1](((TSH >= 0.122 -> WeightKg <= 61.520) & Pt_DKAFlg <= 59.668) & Pt_A1cGoalLevelDsYr5 <= 61.127)
",-61.520,-61.520,0.000,0.000,1.000,1,0,0,2,3,0,1,2,0.3333333333333333,0,0,1.0,0.3333333333333333,0.6666666666666667
"((BGTestAvgNumMeter <= 2.126) U[1,2] (BldPrSys >= 120.756))
",-9999999.000,-9999999.000,0.000,0.000,1.000,1,0,0,2,3,0,1,2,0.3333333333333333,0,0,1.0,0.3333333333333333,0.6666666666666667
"((Pt_SiblingT1D >= 0.000) U[0,0] (TotalDailyInsPerKg <= 0.826))
",0.000,0.000,0.000,0.000,1.000,1,0,0,2,3,0,1,2,0.3333333333333333,0,0,1.0,0.3333333333333333,0.6666666666666667
"((Pt_InsGov <= 0.000) U[0,1] (TSH >= 0.341))
",-9999999.000,-9999999.000,0.000,0.000,1.000,1,0,0,2,3,0,1,2,0.3333333333333333,0,0,1.0,0.3333333333333333,0.6666666666666667
"F[1,1]((TotalDailyInsPerKg <= 0.772 -> age >= 16.972) | diagAgeCombo >= 16.657)
",-6957368917928725.000,-0.772,0.000,0.000,1.000,1,0,0,2,3,0,1,2,0.3333333333333333,0,0,1.0,0.3333333333333333,0.6666666666666667
"((BldPrSys >= 120.128) U[1,2] (HbA1c <= 12.266))
",-9999999.000,-9999999.000,0.000,0.000,1.000,1,0,0,2,3,0,1,2,0.3333333333333333,0,0,1.0,0.3333333333333333,0.6666666666666667
"((BldPrSys >= 118.699) U[1,2] (WeightKg >= 56.785))
",-9999999.000,-9999999.000,0.000,0.000,1.000,1,0,0,2,3,0,1,2,0.3333333333333333,0,0,1.0,0.3333333333333333,0.6666666666666667
"F[0,1](diabDur >= 7.918 -> WeightKg <= 60.123)
",-9999999.000,-9999999.000,0.000,0.000,1.000,1,0,0,2,3,0,1,2,0.3333333333333333,0,0,1.0,0.3333333333333333,0.6666666666666667
"F[0,1](((TotalDailyInsPerKg <= 0.827 | Triglyc <= 80.531) & BldPrDia >= 77.090) & Pt_InsGov <= 96.348)
",-9999999.000,-9999999.000,0.000,0.000,1.000,1,0,0,2,3,0,1,2,0.3333333333333333,0,0,1.0,0.3333333333333333,0.6666666666666667
"((BGTestAvgNumMeter >= 0.614) U[0,1] (BGTestAvgNumPtRep <= 1.857))
",-9999999.000,-9999999.000,0.000,0.000,1.000,1,0,0,2,3,0,1,2,0.3333333333333333,0,0,1.0,0.3333333333333333,0.6666666666666667
"F[0,1]((BldPrSys >= 125.623 & TotChol <= 121.683) -> BGTestAvgNumMeter >= 119.650)
",-9999999.000,-9999999.000,0.000,0.000,1.000,1,0,0,2,3,0,1,2,0.3333333333333333,0,0,1.0,0.3333333333333333,0.6666666666666667
"F[0,0](AlbCreatRat_mggNew >= 82.600 | LDL <= 64.105)
",2735.661,63.355,0.000,0.000,1.000,1,0,0,2,3,0,1,2,0.3333333333333333,0,0,1.0,0.3333333333333333,0.6666666666666667
"F[1,1](SMBGperDayPtMeterCombo <= 2.246 & TSH >= 0.809)
",-0.809,-0.809,0.000,0.000,1.000,1,0,0,2,3,0,1,2,0.3333333333333333,0,0,1.0,0.3333333333333333,0.6666666666666667
"((BldPrSys >= 127.238) U[1,2] (diabDur >= 7.593))
",-9999999.000,-9999999.000,0.000,0.000,1.000,1,0,0,2,3,0,1,2,0.3333333333333333,0,0,1.0,0.3333333333333333,0.6666666666666667
"((BldPrDia <= 81.061) U[1,2] (Pt_SHFlg = 0.000))
",-9999999.000,-9999999.000,0.000,0.000,1.000,1,0,0,2,3,0,1,2,0.3333333333333333,0,0,1.0,0.3333333333333333,0.6666666666666667
"((NumPumpBolusOrShortAct <= 2.365) U[1,1] (Pt_DKAFlg <= 0.949))
",2.365,2.365,0.000,0.000,1.000,1,0,0,2,3,0,1,2,0.3333333333333333,0,0,1.0,0.3333333333333333,0.6666666666666667
"F[1,1](HbA1c <= 11.018 & HbA1cImputeDtMnC <= 41.367)
",11.018,11.018,0.000,0.000,1.000,1,0,0,2,3,0,1,2,0.3333333333333333,0,0,1.0,0.3333333333333333,0.6666666666666667
"((BGTestAvgNumMeter >= 0.614) U[0,1] (BGTestAvgNumPtRep <= 1.649))
",-9999999.000,-9999999.000,0.000,0.000,1.000,1,0,0,2,3,0,1,2,0.3333333333333333,0,0,1.0,0.3333333333333333,0.6666666666666667
"((diabDur >= 7.089) U[0,0] (TotChol <= 121.824))
",9.986,77.491,0.000,0.000,1.000,1,0,0,2,3,0,1,2,0.3333333333333333,0,0,1.0,0.3333333333333333,0.6666666666666667
"((HeightCm >= 173.105) U[1,2] (LDL <= 68.097))
",-9999999.000,-9999999.000,0.000,0.000,1.000,1,0,0,2,3,0,1,2,0.3333333333333333,0,0,1.0,0.3333333333333333,0.6666666666666667
"((AlbCreatRat_mggNew <= 126.597) U[1,2] (TotChol <= 126.227))
",-9999999.000,-9999999.000,0.000,0.000,1.000,1,0,0,2,3,0,1,2,0.3333333333333333,0,0,1.0,0.3333333333333333,0.6666666666666667
"((SMBGperDayPtMeterCombo >= 0.223) U[1,2] (Pt_DKAFlg <= 0.623))
",-9999999.000,-9999999.000,0.000,0.000,1.000,1,0,0,2,3,0,1,2,0.3333333333333333,0,0,1.0,0.3333333333333333,0.6666666666666667
"((AlbCreatRat_mggNew <= 139.662) U[0,1] (bmi <= 19.696))
",-9999999.000,-9999999.000,0.000,0.000,1.000,1,0,0,2,3,0,1,2,0.3333333333333333,0,0,1.0,0.3333333333333333,0.6666666666666667
"((AlbCreatRat_mggNew >= 42.572) U[1,1] (Pt_SHFlg = 0.000))
",0.000,0.000,0.000,0.000,1.000,1,0,0,2,3,0,1,2,0.3333333333333333,0,0,1.0,0.3333333333333333,0.6666666666666667
"F[0,0](((bmi <= 19.762 | GFR >= 0.000) & BUN <= 0.000) & Pt_SiblingT1D >= 0.000)
",-2.656,-74.667,0.000,0.000,1.000,1,0,0,2,3,0,1,2,0.3333333333333333,0,0,1.0,0.3333333333333333,0.6666666666666667
"((BldPrSys <= 136.503) U[0,1] (HeightCm <= 174.705))
",-9999999.000,-9999999.000,0.000,0.000,1.000,1,0,0,2,3,0,1,2,0.3333333333333333,0,0,1.0,0.3333333333333333,0.6666666666666667
"F[0,0](Pt_InsGov >= 0.000 -> HeightCm >= 173.159)
",0.000,0.000,0.000,0.000,1.000,1,0,0,2,3,0,1,2,0.3333333333333333,0,0,1.0,0.3333333333333333,0.6666666666666667
"F[1,1](SMBGperDayPtMeterCombo <= 2.809 & Pt_SHFlg = 0.000)
",0.000,0.000,0.000,0.000,1.000,1,0,0,2,3,0,1,2,0.3333333333333333,0,0,1.0,0.3333333333333333,0.6666666666666667
"((TotalDailyInsPerKg < 0.798) U[1,2] (Pt_SHFlg = 0.000))
",-9999999.000,-9999999.000,0.000,0.000,1.000,1,0,0,2,3,0,1,2,0.3333333333333333,0,0,1.0,0.3333333333333333,0.6666666666666667
"((BGTestAvgNumMeter >= 0.023) U[1,2] (BGTestAvgNumPtRep <= 1.934))
",-9999999.000,-9999999.000,0.000,0.000,1.000,1,0,0,2,3,0,1,2,0.3333333333333333,0,0,1.0,0.3333333333333333,0.6666666666666667
"((Pt_A1cGoalLev >= 1.124) U[1,2] (Pt_DKAFlg >= 0.043))
",-9999999.000,-9999999.000,0.000,0.000,1.000,1,0,0,2,3,0,1,2,0.3333333333333333,0,0,1.0,0.3333333333333333,0.6666666666666667
"F[0,0](((BUN >= 0.471 & SMBGperDayPtMeterCombo <= 1.960) -> Pt_GrandparentT1D >= 0.883) -> BUN <= 2.290)
",-0.883,-0.883,0.000,0.000,1.000,1,0,0,2,3,0,1,2,0.3333333333333333,0,0,1.0,0.3333333333333333,0.6666666666666667
"((TSH <= 2.036) U[1,2] (BUN <= 4.401))
",-9999999.000,-9999999.000,0.000,0.000,1.000,1,0,0,2,3,0,1,2,0.3333333333333333,0,0,1.0,0.3333333333333333,0.6666666666666667
"F[0,1](BldPrDia >= 74.353 -> HbA1cImputeDtMnC <= 39.216)
",-9999999.000,-9999999.000,0.000,0.000,1.000,1,0,0,2,3,0,1,2,0.3333333333333333,0,0,1.0,0.3333333333333333,0.6666666666666667
"F[1,1]((bmiPerc <= 0.351 & NumPumpBolusOrShortAct <= 1.252) & TotChol >= 0.897)
",-0.897,-0.897,0.000,0.000,1.000,1,0,0,2,3,0,1,2,0.3333333333333333,0,0,1.0,0.3333333333333333,0.6666666666666667
"F[0,1](age <= 18.574 & BldPrDia <= 81.935)
",-9999999.000,-9999999.000,0.000,0.000,1.000,1,0,0,2,3,0,1,2,0.3333333333333333,0,0,1.0,0.3333333333333333,0.6666666666666667
"F[0,2](((LDL >= 57.688 -> Triglyc <= 102.188) & Pt_SHFlg >= 56.074) & BldPrSys <= 92.788)
",-9999999.000,-9999999.000,0.000,0.000,1.000,0,0,0,3,3,0,0,3,0.0,0,0,0.0,0.0,1.0
"F[2,2](((bmiZscore <= -0.599 -> Pt_DKAFlg >= 0.031) | TotalDailyInsPerKg <= 0.843) & TotChol >= 0.038)
",-0.038,-0.038,0.000,0.000,1.000,0,0,0,3,3,0,0,3,0.0,0,0,0.0,0.0,1.0
"F[1,2](((Pt_ChildT1D <= 0.000 -> BldPrDia <= 80.298) & TotChol >= 74.196) & Pt_A1cGoalLevelDsYr5 >= 74.497)
",-9999999.000,-9999999.000,0.000,0.000,1.000,0,0,0,3,3,0,0,3,0.0,0,0,0.0,0.0,1.0
"((Pt_ChildT1D <= 0.000) U[0,0] (TotalDailyInsPerKg >= 0.717))
",6.246,10.616,0.000,0.000,1.000,0,0,0,3,3,0,0,3,0.0,0,0,0.0,0.0,1.0
"F[2,2](((bmiZscore <= -0.756 | Pt_GrandchildT1D <= 0.000) | Pt_FatherT1D <= 0.000) | Pt_A1cGoalLevelDsYr5 <= 0.000)
",0.000,0.000,0.000,0.000,1.000,0,0,0,3,3,0,0,3,0.0,0,0,0.0,0.0,1.0
"F[1,2](((GFR <= 0.000 -> diagAgeCombo <= 7.000) | HbA1c <= 7.000) -> HeightCm <= 7.000)
",-9999999.000,-9999999.000,0.000,0.000,1.000,0,0,0,3,3,0,0,3,0.0,0,0,0.0,0.0,1.0
"((bmiZscore >= -1.152) U[0,1] (Pt_InsGov >= 0.000))
",-9999999.000,-9999999.000,0.000,0.000,1.000,0,0,0,3,3,0,0,3,0.0,0,0,0.0,0.0,1.0
"F[0,0]((BGTestAvgNumMeter >= 0.786 & HDL <= 52.847) | bmiZscore <= 50.651)
",400.337,50.425,0.000,0.000,1.000,0,0,0,3,3,0,0,3,0.0,0,0,0.0,0.0,1.0
"((HeightCm >= 173.568) U[0,1] (AutonomicNeuroCl >= 0.000))
",-9999999.000,-9999999.000,0.000,0.000,1.000,0,0,0,3,3,0,0,3,0.0,0,0,0.0,0.0,1.0
"F[0,1](((DirectLDL >= 0.000 -> Triglyc <= 96.516) -> TotalDailyInsPerKg <= 82.357) -> Pt_SHFlg <= 93.078)
",-9999999.000,-9999999.000,0.000,0.000,1.000,0,0,0,3,3,0,0,3,0.0,0,0,0.0,0.0,1.0
"F[1,2](((age >= 16.916 | UnitsInsBasalOrLongAct >= 11.697) | Pt_FatherT1D >= 3.588) | Pt_GrandparentT1D <= 22.038)
",-9999999.000,-9999999.000,0.000,0.000,1.000,0,0,0,3,3,0,0,3,0.0,0,0,0.0,0.0,1.0
"F[1,1]((age <= 18.750 -> HDL >= 41.037) | HeightCm <= 48.979)
",48.979,48.979,0.000,0.000,1.000,0,0,0,3,3,0,0,3,0.0,0,0,0.0,0.0,1.0
"F[1,1](((Pt_A1cGoalLev >= 0.336 & NumPumpBolusOrShortAct >= 0.005) & TSH >= 0.568) | Pt_A1cGoalLevelDsYr5 <= 2.606)
",2.606,2.606,0.000,0.000,1.000,0,0,0,3,3,0,0,3,0.0,0,0,0.0,0.0,1.0
"F[1,2](((LDL <= 71.711 | bmiZscore <= -0.727) & Pt_A1cGoalLevelDsYr5 <= -0.572) -> BldPrSys <= -0.532)
",-9999999.000,-9999999.000,0.000,0.000,1.000,0,0,0,3,3,0,0,3,0.0,0,0,0.0,0.0,1.0
"F[1,2](HDL >= 43.834 | HbA1c <= 11.055)
",-9999999.000,-9999999.000,0.000,0.000,1.000,0,0,0,3,3,0,0,3,0.0,0,0,0.0,0.0,1.0
"F[0,0](((GFR <= 0.000 & Pt_SHFlg <= 0.000) & TotalDailyInsPerKg >= 0.000) -> Pt_MotherT1D >= 0.000)
",0.000,0.000,0.000,0.000,1.000,0,0,0,3,3,0,0,3,0.0,0,0,0.0,0.0,1.0
"F[0,1]((diabDur >= 7.443 | Triglyc <= 87.909) & HbA1cImputeDtMnC <= 95.559)
",-9999999.000,-9999999.000,0.000,0.000,1.000,0,0,0,3,3,0,0,3,0.0,0,0,0.0,0.0,1.0
"((BldPrSys >= 125.026) U[2,2] (TSH <= 1.407))
",6334382570929365.000,1.407,0.000,0.000,1.000,0,0,0,3,3,0,0,3,0.0,0,0,0.0,0.0,1.0
"F[2,2](((WeightKg <= 59.954 | HeightCm >= 172.442) | Pt_InsGov >= 172.234) & GFR >= 174.302)
",-174.302,-174.302,0.000,0.000,1.000,0,0,0,3,3,0,0,3,0.0,0,0,0.0,0.0,1.0
"((Triglyc >= 48.872) U[0,2] (WeightKg <= 60.912))
",-9999999.000,-9999999.000,0.000,0.000,1.000,0,0,0,3,3,0,0,3,0.0,0,0,0.0,0.0,1.0
"F[0,0]((Pt_A1cGoalLev >= 1.153 -> Triglyc >= 53.852) | HeightCm >= 65.005)
",-13.037,-3.738,0.000,0.000,1.000,0,0,0,3,3,0,0,3,0.0,0,0,0.0,0.0,1.0
"F[0,2](AutonomicNeuroCl >= 0.000 -> AlbCreatRat_mggNew <= 132.389)
",-9999999.000,-9999999.000,0.000,0.000,1.000,0,0,0,3,3,0,0,3,0.0,0,0,0.0,0.0,1.0
"F[2,2]((BldPrDia >= 74.348 & BUN >= 0.542) -> BldPrSys <= 3.640)
",-3.640,-3.640,0.000,0.000,1.000,0,0,0,3,3,0,0,3,0.0,0,0,0.0,0.0,1.0
"F[1,2](((bmiPerc >= 0.185 | Triglyc <= 94.697) & LDL >= 42.400) & Pt_SiblingT1D >= 49.530)
",-9999999.000,-9999999.000,0.000,0.000,1.000,0,0,0,3,3,0,0,3,0.0,0,0,0.0,0.0,1.0
"F[1,2](Pt_A1cGoalLevelDsYr5 <= 0.000 -> WeightKg <= 60.317)
",-9999999.000,-9999999.000,0.000,0.000,1.000,0,0,0,3,3,0,0,3,0.0,0,0,0.0,0.0,1.0
"F[1,2](BGTestAvgNumPtRep >= 0.576 & bmi >= 18.962)
",-9999999.000,-9999999.000,0.000,0.000,1.000,0,0,0,3,3,0,0,3,0.0,0,0,0.0,0.0,1.0
"((BldPrDia >= 76.732) U[1,2] (WeightKg <= 61.002))
",-9999999.000,-9999999.000,0.000,0.000,1.000,0,0,0,3,3,0,0,3,0.0,0,0,0.0,0.0,1.0
"F[0,1](((Pt_A1cGoalLev >= 0.572 | TotChol >= 101.841) -> TotChol >= 104.755) | Pt_GrandparentT1D <= 127.447)
",-9999999.000,-9999999.000,0.000,0.000,1.000,0,0,0,3,3,0,0,3,0.0,0,0,0.0,0.0,1.0
"F[2,2]((HbA1cImputeDtMnC <= 40.011 & TotChol <= 120.690) -> NumPumpBolusOrShortAct >= 101.253)
",-40.011,-40.011,0.000,0.000,1.000,0,0,0,3,3,0,0,3,0.0,0,0,0.0,0.0,1.0
"F[1,2]((BldPrSys <= 135.181 | HbA1cImputeDtMnC >= 26.788) | HbA1c <= 45.423)
",-9999999.000,-9999999.000,0.000,0.000,1.000,0,0,0,3,3,0,0,3,0.0,0,0,0.0,0.0,1.0
"F[0,0]((diabDur <= 11.740 | TSH <= 1.344) -> Pt_MotherT1D <= 1.459)
",-1.459,-1.459,0.000,0.000,1.000,0,0,0,3,3,0,0,3,0.0,0,0,0.0,0.0,1.0
"F[0,0](((age <= 18.756 -> BldPrSys <= 135.993) & Pt_InsGov >= 123.373) | HDL <= 131.872)
",7.858,71.538,0.000,0.000,1.000,0,0,0,3,3,0,0,3,0.0,0,0,0.0,0.0,1.0
"F[2,2](((TotalDailyInsPerKg <= 0.801 | TotChol >= 107.783) -> UnitsInsBasalOrLongAct <= 134.651) -> GFR <= 129.722)
",-129.722,-129.722,0.000,0.000,1.000,0,0,0,3,3,0,0,3,0.0,0,0,0.0,0.0,1.0
"F[0,2](bmi <= 19.655 -> NumPumpBolusOrShortAct >= 0.821)
",-9999999.000,-9999999.000,0.000,0.000,1.000,0,0,0,3,3,0,0,3,0.0,0,0,0.0,0.0,1.0
"((BUN >= 0.081) U[0,0] (AutonomicNeuroCl <= 0.000))
",2.653,74.586,0.000,0.000,1.000,0,0,0,3,3,0,0,3,0.0,0,0,0.0,0.0,1.0
"F[0,1](LDL <= 63.720 -> TSH >= 0.513)
",-9999999.000,-9999999.000,0.000,0.000,1.000,0,0,0,3,3,0,0,3,0.0,0,0,0.0,0.0,1.0
"F[0,1](BGTestAvgNumPtRep >= 0.834 -> LDL >= 58.912)
",-9999999.000,-9999999.000,0.000,0.000,1.000,0,0,0,3,3,0,0,3,0.0,0,0,0.0,0.0,1.0
"((AlbCreatRat_mggNew <= 153.106) U[0,2] (Pt_FatherT1D <= 0.000))
",-9999999.000,-9999999.000,0.000,0.000,1.000,0,0,0,3,3,0,0,3,0.0,0,0,0.0,0.0,1.0
"F[0,1](((bmiZscore >= -0.960 -> Triglyc >= 38.387) | LDL <= 104.984) & HDL >= 42.503)
",-9999999.000,-9999999.000,0.000,0.000,1.000,0,0,0,3,3,0,0,3,0.0,0,0,0.0,0.0,1.0
"F[0,2](((BGTestAvgNumPtRep >= 0.841 | BldPrSys >= 117.933) -> BUN >= 127.412) -> bmiPerc >= 125.170)
",-9999999.000,-9999999.000,0.000,0.000,1.000,0,0,0,3,3,0,0,3,0.0,0,0,0.0,0.0,1.0
"F[0,1]((BUN <= 2.876 & Triglyc <= 81.390) -> Pt_DKAFlg >= 51.267)
",-9999999.000,-9999999.000,0.000,0.000,1.000,0,0,0,3,3,0,0,3,0.0,0,0,0.0,0.0,1.0
"F[0,2](((Pt_FatherT1D <= 0.000 | BGTestAvgNumMeter >= 0.067) | BGTestAvgNumPtRep >= 1.191) & Pt_GrandchildT1D >= 1.450)
",-9999999.000,-9999999.000,0.000,0.000,1.000,0,0,0,3,3,0,0,3,0.0,0,0,0.0,0.0,1.0
"((DirectLDL <= 0.000) U[1,2] (Triglyc <= 80.921))
",-9999999.000,-9999999.000,0.000,0.000,1.000,0,0,0,3,3,0,0,3,0.0,0,0,0.0,0.0,1.0
"F[1,2](BldPrDia >= 74.559 -> bmi >= 19.275)
",-9999999.000,-9999999.000,0.000,0.000,1.000,0,0,0,3,3,0,0,3,0.0,0,0,0.0,0.0,1.0
"F[0,2]((SMBGperDayPtMeterCombo >= 1.370 | age <= 18.139) & HDL <= 19.916)
",-9999999.000,-9999999.000,0.000,0.000,1.000,0,0,0,3,3,0,0,3,0.0,0,0,0.0,0.0,1.0
"((TotalDailyInsPerKg >= 0.731) U[0,2] (WeightKg >= 56.643))
",-9999999.000,-9999999.000,0.000,0.000,1.000,0,0,0,3,3,0,0,3,0.0,0,0,0.0,0.0,1.0
"F[0,0](((Triglyc <= 93.931 & bmi <= 19.962) & age <= 19.889) & WeightKg >= 18.851)
",-3.055,-30.329,0.000,0.000,1.000,0,0,0,3,3,0,0,3,0.0,0,0,0.0,0.0,1.0
"((TotChol <= 135.895) U[0,2] (TotChol >= 110.252))
",-9999999.000,-9999999.000,0.000,0.000,1.000,0,0,0,3,3,0,0,3,0.0,0,0,0.0,0.0,1.0
"F[1,1](((HeightCm <= 175.020 & diabDur >= 7.690) -> HeightCm >= 9.395) | HbA1cImputeDtMnC >= 7.985)
",7.690,7.690,0.000,0.000,1.000,0,0,0,3,3,0,0,3,0.0,0,0,0.0,0.0,1.0
"F[2,2]((Pt_DKAFlg >= 0.147 -> BGTestAvgNumPtRep >= 0.934) & AlbCreatRat_mggNew >= 0.335)
",-6026987806672827.000,-0.335,0.000,0.000,1.000,0,0,0,3,3,0,0,3,0.0,0,0,0.0,0.0,1.0
"F[1,2](BldPrDia >= 75.643 & TSH <= 1.896)
",-9999999.000,-9999999.000,0.000,0.000,1.000,0,0,0,3,3,0,0,3,0.0,0,0,0.0,0.0,1.0
"F[1,2](((Pt_SHFlg >= 0.000 & AutonomicNeuroCl <= 0.000) | BldPrSys <= 0.000) | BGTestAvgNumMeter >= 0.000)
",-9999999.000,-9999999.000,0.000,0.000,1.000,0,0,0,3,3,0,0,3,0.0,0,0,0.0,0.0,1.0
"((LDL <= 62.252) U[0,1] (HbA1c >= 9.454))
",-9999999.000,-9999999.000,0.000,0.000,1.000,0,0,0,3,3,0,0,3,0.0,0,0,0.0,0.0,1.0
"F[1,2]((Triglyc <= 96.958 -> Pt_ChildT1D >= 0.000) -> bmiZscore <= 0.000)
",-9999999.000,-9999999.000,0.000,0.000,1.000,0,0,0,3,3,0,0,3,0.0,0,0,0.0,0.0,1.0
"F[1,2]((HbA1c >= 9.817 -> BldPrDia <= 79.745) | diagAgeCombo >= 76.536)
",-9999999.000,-9999999.000,0.000,0.000,1.000,0,0,0,3,3,0,0,3,0.0,0,0,0.0,0.0,1.0
"F[0,2]((Triglyc <= 88.809 | HeightCm <= 174.802) -> bmi <= 174.647)
",-9999999.000,-9999999.000,0.000,0.000,1.000,0,0,0,3,3,0,0,3,0.0,0,0,0.0,0.0,1.0
"((AutonomicNeuroCl >= 0.000) U[1,2] (GFR <= 0.000))
",-9999999.000,-9999999.000,0.000,0.000,1.000,0,0,0,3,3,0,0,3,0.0,0,0,0.0,0.0,1.0
"((Pt_GrandchildT1D >= 0.000) U[0,2] (NumPumpBolusOrShortAct >= 0.592))
",-9999999.000,-9999999.000,0.000,0.000,1.000,0,0,0,3,3,0,0,3,0.0,0,0,0.0,0.0,1.0
"F[2,2](UnitsInsBasalOrLongAct <= 23.681 & UnitsInsBasalOrLongAct >= 15.106)
",-15.106,-15.106,0.000,0.000,1.000,0,0,0,3,3,0,0,3,0.0,0,0,0.0,0.0,1.0
"F[2,2](Pt_SiblingT1D <= 0.000 | WeightKg >= 57.550)
",0.000,0.000,0.000,0.000,1.000,0,0,0,3,3,0,0,3,0.0,0,0,0.0,0.0,1.0
"F[0,0]((diagAgeCombo >= 7.000 & Triglyc <= 90.093) | BGTestAvgNumPtRep <= 101.664)
",80.444,100.331,0.000,0.000,1.000,0,0,0,3,3,0,0,3,0.0,0,0,0.0,0.0,1.0
"F[1,2]((diabDur >= 7.733 -> diabDur >= 7.022) -> diagAgeCombo >= 7.299)
",-9999999.000,-9999999.000,0.000,0.000,1.000,0,0,0,3,3,0,0,3,0.0,0,0,0.0,0.0,1.0
"F[0,2]((bmi <= 19.729 & age <= 17.805) & HbA1cImputeDtMnC <= 17.963)
",-9999999.000,-9999999.000,0.000,0.000,1.000,0,0,0,3,3,0,0,3,0.0,0,0,0.0,0.0,1.0
"((Pt_SiblingT1D <= 0.000) U[0,2] (Pt_FatherT1D <= 0.000))
",-9999999.000,-9999999.000,0.000,0.000,1.000,0,0,0,3,3,0,0,3,0.0,0,0,0.0,0.0,1.0
"F[0,2](Pt_ChildT1D <= 0.000 & bmiPerc <= 0.287)
",-9999999.000,-9999999.000,0.000,0.000,1.000,0,0,0,3,3,0,0,3,0.0,0,0,0.0,0.0,1.0
"F[1,1]((Pt_SHFlg >= 0.000 & Pt_MotherT1D <= 0.000) | bmiPerc >= 0.000)
",0.000,0.000,0.000,0.000,1.000,0,0,0,3,3,0,0,3,0.0,0,0,0.0,0.0,1.0
"((Pt_GrandparentT1D >= 0.000) U[1,1] (Pt_InsGov <= 0.000))
",0.000,0.000,0.000,0.000,1.000,0,0,0,3,3,0,0,3,0.0,0,0,0.0,0.0,1.0
"F[2,2]((Pt_CGMUseNumDays >= 0.000 | WeightKg >= 58.261) -> TSH >= 57.439)
",0.000,0.000,0.000,0.000,1.000,0,0,0,3,3,0,0,3,0.0,0,0,0.0,0.0,1.0
"F[0,2]((TotChol <= 127.950 & Pt_CGMUseNumDays >= 0.000) -> Pt_MotherT1D >= 0.000)
",-9999999.000,-9999999.000,0.000,0.000,1.000,0,0,0,3,3,0,0,3,0.0,0,0,0.0,0.0,1.0
"F[0,2](((Pt_FatherT1D <= 0.000 & HbA1c <= 12.390) & Pt_SHFlg <= 11.051) | Triglyc >= 10.212)
",-9999999.000,-9999999.000,0.000,0.000,1.000,0,0,0,3,3,0,0,3,0.0,0,0,0.0,0.0,1.0
"F[1,2]((AutonomicNeuroCl <= 0.000 | Pt_A1cGoalLevelDsYr5 >= 0.000) | UnitsInsBasalOrLongAct >= 0.000)
",-9999999.000,-9999999.000,0.000,0.000,1.000,0,0,0,3,3,0,0,3,0.0,0,0,0.0,0.0,1.0
"((GFR <= 0.000) U[0,1] (HeightCm >= 172.348))
",-9999999.000,-9999999.000,0.000,0.000,1.000,0,0,0,3,3,0,0,3,0.0,0,0,0.0,0.0,1.0
"F[0,1](((TotChol <= 123.841 | Triglyc >= 41.689) & HDL >= 42.248) | TotalDailyInsPerKg <= 85.165)
",-9999999.000,-9999999.000,0.000,0.000,1.000,0,0,0,3,3,0,0,3,0.0,0,0,0.0,0.0,1.0
"F[1,2](((SMBGperDayPtMeterCombo >= 1.474 | bmi >= 18.869) -> SMBGperDayPtMeterCombo >= 19.292) -> Pt_A1cGoalLev <= 19.839)
",-9999999.000,-9999999.000,0.000,0.000,1.000,0,0,0,3,3,0,0,3,0.0,0,0,0.0,0.0,1.0
"F[0,2]((BUN <= 2.409 | Pt_SiblingT1D >= 0.000) | LDL <= 0.000)
",-9999999.000,-9999999.000,0.000,0.000,1.000,0,0,0,3,3,0,0,3,0.0,0,0,0.0,0.0,1.0
"F[0,2](((BUN <= 6.666 | Pt_InsGov <= 0.000) & bmi <= 0.000) | Triglyc <= 0.000)
",-9999999.000,-9999999.000,0.000,0.000,1.000,0,0,0,3,3,0,0,3,0.0,0,0,0.0,0.0,1.0
"F[0,2]((AlbCreatRat_mggNew >= 91.658 | Pt_SHFlg <= 0.000) & HDL >= 0.000)
",-9999999.000,-9999999.000,0.000,0.000,1.000,0,0,0,3,3,0,0,3,0.0,0,0,0.0,0.0,1.0
"((bmiZscore <= -0.410) U[0,2] (diabDur <= 11.150))
",-9999999.000,-9999999.000,0.000,0.000,1.000,0,0,0,3,3,0,0,3,0.0,0,0,0.0,0.0,1.0
"F[0,2]((TSH >= 0.892 & bmi <= 19.953) & Pt_CGMUseNumDays <= 19.623)
",-9999999.000,-9999999.000,0.000,0.000,1.000,0,0,0,3,3,0,0,3,0.0,0,0,0.0,0.0,1.0
"F[0,2](((BGTestAvgNumPtRep <= 1.308 -> Pt_A1cGoalLev <= 4.325) -> Pt_A1cGoalLev <= 6.756) | HDL <= 2.773)
",-9999999.000,-9999999.000,0.000,0.000,1.000,0,0,0,3,3,0,0,3,0.0,0,0,0.0,0.0,1.0
"((DirectLDL <= 0.000) U[2,2] (Pt_SHFlg >= 0.000))
",0.000,0.000,0.000,0.000,1.000,0,0,0,3,3,0,0,3,0.0,0,0,0.0,0.0,1.0
"F[1,2](bmi <= 19.720 | SMBGperDayPtMeterCombo <= 1.593)
",-9999999.000,-9999999.000,0.000,0.000,1.000,0,0,0,3,3,0,0,3,0.0,0,0,0.0,0.0,1.0
"F[0,1](((BldPrSys <= 134.961 | BldPrSys >= 123.318) -> SMBGperDayPtMeterCombo <= 129.236) | Pt_GrandparentT1D <= 135.180)
",-9999999.000,-9999999.000,0.000,0.000,1.000,0,0,0,3,3,0,0,3,0.0,0,0,0.0,0.0,1.0
"((UnitsInsBasalOrLongAct <= 19.560) U[0,0] (HDL <= 53.362))
",-0.156,-2.239,0.000,0.000,1.000,0,0,0,3,3,0,0,3,0.0,0,0,0.0,0.0,1.0
"F[0,2](NumPumpBolusOrShortAct >= 0.907 | UnitsInsBasalOrLongAct <= 17.570)
",-9999999.000,-9999999.000,0.000,0.000,1.000,0,0,0,3,3,0,0,3,0.0,0,0,0.0,0.0,1.0
"F[2,2](((TotChol <= 133.664 -> Pt_CGMUseNumDays >= 0.000) & Pt_CGMUseNumDays <= 0.000) & Pt_DKAFlg <= 0.000)
",-133.664,-133.664,0.000,0.000,1.000,0,0,0,3,3,0,0,3,0.0,0,0,0.0,0.0,1.0
"F[0,2]((Pt_FatherT1D >= 0.000 & AlbCreatRat_mggNew <= 131.265) & diagAgeCombo <= 162.378)
",-9999999.000,-9999999.000,0.000,0.000,1.000,0,0,0,3,3,0,0,3,0.0,0,0,0.0,0.0,1.0
"F[0,2](((SMBGperDayPtMeterCombo <= 1.737 -> TotalDailyInsPerKg >= 0.742) -> Pt_SiblingT1D <= 0.762) | UnitsInsBasalOrLongAct <= 0.778)
",-9999999.000,-9999999.000,0.000,0.000,1.000,0,0,0,3,3,0,0,3,0.0,0,0,0.0,0.0,1.0
"F[1,2](BGTestAvgNumMeter >= 0.774 | Pt_ChildT1D >= 0.000)
",-9999999.000,-9999999.000,0.000,0.000,1.000,0,0,0,3,3,0,0,3,0.0,0,0,0.0,0.0,1.0
"F[1,2](UnitsInsBasalOrLongAct >= 1.423 & HeightCm >= 174.216)
",-9999999.000,-9999999.000,0.000,0.000,1.000,0,0,0,3,3,0,0,3,0.0,0,0,0.0,0.0,1.0
"F[2,2](HDL <= 47.098 | Pt_MotherT1D <= 0.000)
",6628403570095029.000,47.098,0.000,0.000,1.000,0,0,0,3,3,0,0,3,0.0,0,0,0.0,0.0,1.0
"((BldPrDia >= 76.318) U[0,1] (BGTestAvgNumMeter >= 0.733))
",-9999999.000,-9999999.000,0.000,0.000,1.000,0,0,0,3,3,0,0,3,0.0,0,0,0.0,0.0,1.0
"F[1,2]((BUN <= 3.458 & age >= 16.902) -> UnitsInsBasalOrLongAct >= 17.419)
",-9999999.000,-9999999.000,0.000,0.000,1.000,0,0,0,3,3,0,0,3,0.0,0,0,0.0,0.0,1.0
"F[0,2]((AutonomicNeuroCl >= 0.000 | Pt_InsGov >= 0.000) | UnitsInsBasalOrLongAct <= 0.000)
",-9999999.000,-9999999.000,0.000,0.000,1.000,0,0,0,3,3,0,0,3,0.0,0,0,0.0,0.0,1.0
"F[1,2](((SMBGperDayPtMeterCombo <= 1.560 & Pt_FatherT1D >= 0.000) -> NumPumpBolusOrShortAct <= 0.000) -> Pt_InsGov >= 0.000)
",-9999999.000,-9999999.000,0.000,0.000,1.000,0,0,0,3,3,0,0,3,0.0,0,0,0.0,0.0,1.0
"F[0,2](BldPrDia <= 80.065 -> Pt_A1cGoalLevelDsYr5 >= 0.000)
",-9999999.000,-9999999.000,0.000,0.000,1.000,0,0,0,3,3,0,0,3,0.0,0,0,0.0,0.0,1.0
"F[0,2]((HeightCm >= 173.842 & Pt_DKAFlg >= 0.049) & bmiPerc >= 0.065)
",-9999999.000,-9999999.000,0.000,0.000,1.000,0,0,0,3,3,0,0,3,0.0,0,0,0.0,0.0,1.0
"F[0,2](TotChol <= 133.865 & Pt_DKAFlg >= 0.026)
",-9999999.000,-9999999.000,0.000,0.000,1.000,0,0,0,3,3,0,0,3,0.0,0,0,0.0,0.0,1.0
"F[1,2](BGTestAvgNumPtRep >= 0.806 -> Pt_MotherT1D >= 0.000)
",-9999999.000,-9999999.000,0.000,0.000,1.000,0,0,0,3,3,0,0,3,0.0,0,0,0.0,0.0,1.0
"F[0,0](age <= 18.754 | HbA1cImputeDtMnC <= 55.207)
",28.571,53.873,0.000,0.000,1.000,0,0,0,3,3,0,0,3,0.0,0,0,0.0,0.0,1.0
"F[1,2](Pt_GrandchildT1D >= 0.000 | Pt_ChildT1D >= 0.000)
",-9999999.000,-9999999.000,0.000,0.000,1.000,0,0,0,3,3,0,0,3,0.0,0,0,0.0,0.0,1.0
"F[1,2](Pt_FatherT1D >= 0.000 | HbA1cImputeDtMnC <= 37.679)
",-9999999.000,-9999999.000,0.000,0.000,1.000,0,0,0,3,3,0,0,3,0.0,0,0,0.0,0.0,1.0
"F[1,2]((Pt_SiblingT1D >= 0.000 & SMBGperDayPtMeterCombo <= 1.669) & LDL >= 0.988)
",-9999999.000,-9999999.000,0.000,0.000,1.000,0,0,0,3,3,0,0,3,0.0,0,0,0.0,0.0,1.0
"F[1,2](((bmi >= 19.323 | TSH >= 0.522) | Pt_CGMUseNumDays >= 0.076) | bmiZscore >= 0.501)
",-9999999.000,-9999999.000,0.000,0.000,1.000,0,0,0,3,3,0,0,3,0.0,0,0,0.0,0.0,1.0
"F[0,2](HbA1c >= 9.436 -> Pt_A1cGoalLevelDsYr5 = 0.000)
",-9999999.000,-9999999.000,0.000,0.000,1.000,0,0,0,3,3,0,0,3,0.0,0,0,0.0,0.0,1.0
"F[1,1](BUN <= 4.904 | Pt_DKAFlg >= 0.118)
",4.904,4.904,0.000,0.000,1.000,0,0,0,3,3,0,0,3,0.0,0,0,0.0,0.0,1.0
"F[0,1](((NumPumpBolusOrShortAct <= 2.617 & TSH >= 0.699) & Pt_A1cGoalLevelDsYr5 >= 0.368) | Pt_GrandchildT1D <= 1.493)
",-9999999.000,-9999999.000,0.000,0.000,1.000,0,0,0,3,3,0,0,3,0.0,0,0,0.0,0.0,1.0
"F[1,2](((BGTestAvgNumPtRep >= 0.447 & UnitsInsBasalOrLongAct >= 2.805) & bmiZscore <= 20.678) & SMBGperDayPtMeterCombo <= 20.478)
",-9999999.000,-9999999.000,0.000,0.000,1.000,0,0,0,3,3,0,0,3,0.0,0,0,0.0,0.0,1.0
"F[1,2](((AlbCreatRat_mggNew >= 84.798 | BGTestAvgNumPtRep <= 1.256) | bmiPerc >= 0.051) -> Pt_GrandchildT1D <= 1.713)
",-9999999.000,-9999999.000,0.000,0.000,1.000,0,0,0,3,3,0,0,3,0.0,0,0,0.0,0.0,1.0
"F[1,2](((BGTestAvgNumMeter <= 2.600 | NumPumpBolusOrShortAct <= 1.688) & Pt_GrandchildT1D <= 3.267) & Pt_GrandchildT1D >= 0.637)
",-9999999.000,-9999999.000,0.000,0.000,1.000,0,0,0,3,3,0,0,3,0.0,0,0,0.0,0.0,1.0
"F[0,2](((BGTestAvgNumPtRep <= 1.225 & TSH <= 2.048) -> Triglyc <= 1.852) & TSH >= 0.743)
",-9999999.000,-9999999.000,0.000,0.000,1.000,0,0,0,3,3,0,0,3,0.0,0,0,0.0,0.0,1.0
"F[2,2](((BGTestAvgNumMeter >= 0.981 -> bmiPerc >= 0.168) | Pt_SiblingT1D <= 0.379) -> BGTestAvgNumMeter <= 0.243)
",-0.379,-0.379,0.000,0.000,1.000,0,0,0,3,3,0,0,3,0.0,0,0,0.0,0.0,1.0
"F[1,1](bmi <= 19.756 | WeightKg >= 58.941)
",19.756,19.756,0.000,0.000,1.000,0,0,0,3,3,0,0,3,0.0,0,0,0.0,0.0,1.0
"F[0,2](((SMBGperDayPtMeterCombo <= 2.135 | UnitsInsBasalOrLongAct >= 7.645) & Pt_GrandchildT1D >= 9.606) & LDL >= 2.949)
",-9999999.000,-9999999.000,0.000,0.000,1.000,0,0,0,3,3,0,0,3,0.0,0,0,0.0,0.0,1.0
"F[0,1](bmiZscore <= -0.641 | HbA1cImputeDtMnC >= 1.943)
",-9999999.000,-9999999.000,0.000,0.000,1.000,0,0,0,3,3,0,0,3,0.0,0,0,0.0,0.0,1.0
"F[0,2]((TSH <= 2.084 -> UnitsInsBasalOrLongAct <= 25.815) & Pt_GrandchildT1D <= 18.078)
",-9999999.000,-9999999.000,0.000,0.000,1.000,0,0,0,3,3,0,0,3,0.0,0,0,0.0,0.0,1.0
"F[1,1](((bmiZscore >= -0.824 -> UnitsInsBasalOrLongAct <= 19.057) -> TotChol >= 2.716) & Pt_SiblingT1D <= 20.989)
",6114985715643243.000,2.716,0.000,0.000,1.000,0,0,0,3,3,0,0,3,0.0,0,0,0.0,0.0,1.0
"((AlbCreatRat_mggNew >= 74.350) U[0,2] (TSH <= 1.391))
",-9999999.000,-9999999.000,0.000,0.000,1.000,0,0,0,3,3,0,0,3,0.0,0,0,0.0,0.0,1.0
"((age <= 18.546) U[1,2] (diabDur <= 12.816))
",-9999999.000,-9999999.000,0.000,0.000,1.000,0,0,0,3,3,0,0,3,0.0,0,0,0.0,0.0,1.0
"F[1,1](((AlbCreatRat_mggNew >= 6.644 -> bmiPerc <= 0.346) | bmiPerc >= 0.203) & HeightCm >= 0.172)
",-0.203,-0.203,0.000,0.000,1.000,0,0,0,3,3,0,0,3,0.0,0,0,0.0,0.0,1.0
"F[2,2](((AlbCreatRat_mggNew <= 165.832 -> NumPumpBolusOrShortAct >= 0.027) | diabDur <= 3.993) & Pt_InsGov <= 2.336)
",2.336,2.336,0.000,0.000,1.000,0,0,0,3,3,0,0,3,0.0,0,0,0.0,0.0,1.0
"F[0,2]((BGTestAvgNumPtRep <= 2.030 | SMBGperDayPtMeterCombo <= 2.175) | HDL <= 2.455)
",-9999999.000,-9999999.000,0.000,0.000,1.000,0,0,0,3,3,0,0,3,0.0,0,0,0.0,0.0,1.0
"F[0,2]((BGTestAvgNumMeter >= 0.529 & bmiZscore <= -0.372) & HeightCm >= -0.826)
",-9999999.000,-9999999.000,0.000,0.000,1.000,0,0,0,3,3,0,0,3,0.0,0,0,0.0,0.0,1.0
"F[0,2](((BUN >= 0.663 & Pt_A1cGoalLev <= 7.648) | BGTestAvgNumMeter >= 0.181) & diabDur <= 1.393)
",-9999999.000,-9999999.000,0.000,0.000,1.000,0,0,0,3,3,0,0,3,0.0,0,0,0.0,0.0,1.0
"F[0,1]((HbA1cImputeDtMnC >= 8.522 | NumPumpBolusOrShortAct >= 1.051) & AutonomicNeuroCl <= 2.339)
",-9999999.000,-9999999.000,0.000,0.000,1.000,0,0,0,3,3,0,0,3,0.0,0,0,0.0,0.0,1.0
"F[0,2](HbA1cImputeDtMnC >= 18.071 -> WeightKg >= 58.905)
",-9999999.000,-9999999.000,0.000,0.000,1.000,0,0,0,3,3,0,0,3,0.0,0,0,0.0,0.0,1.0
"F[2,2]((diabDur >= 8.226 & SMBGperDayPtMeterCombo <= 2.042) -> Pt_GrandchildT1D >= 1.166)
",1.166,1.166,0.000,0.000,1.000,0,0,0,3,3,0,0,3,0.0,0,0,0.0,0.0,1.0
"((diabDur <= 11.664) U[1,2] (HeightCm <= 174.587))
",-9999999.000,-9999999.000,0.000,0.000,1.000,0,0,0,3,3,0,0,3,0.0,0,0,0.0,0.0,1.0
"F[0,2]((BldPrDia >= 77.227 | LDL >= 48.111) -> GFR <= 72.243)
",-9999999.000,-9999999.000,0.000,0.000,1.000,0,0,0,3,3,0,0,3,0.0,0,0,0.0,0.0,1.0
"F[0,2](NumPumpBolusOrShortAct >= 0.311 -> Pt_A1cGoalLev >= 1.199)
",-9999999.000,-9999999.000,0.000,0.000,1.000,0,0,0,3,3,0,0,3,0.0,0,0,0.0,0.0,1.0
"F[0,2]((bmiPerc <= 0.266 | diabDur >= 7.334) -> DirectLDL <= 12.126)
",-9999999.000,-9999999.000,0.000,0.000,1.000,0,0,0,3,3,0,0,3,0.0,0,0,0.0,0.0,1.0
"F[0,0]((BGTestAvgNumPtRep <= 2.192 -> Pt_A1cGoalLev <= 1.464) | SMBGperDayPtMeterCombo >= 0.015)
",36.100,77.985,0.000,0.000,1.000,0,0,0,3,3,0,0,3,0.0,0,0,0.0,0.0,1.0
"F[1,1](((BGTestAvgNumPtRep >= 0.316 | bmiPerc <= 0.330) & GFR <= 0.379) | BGTestAvgNumMeter >= 0.142)
",0.330,0.330,0.000,0.000,1.000,0,0,0,3,3,0,0,3,0.0,0,0,0.0,0.0,1.0
"F[2,2](BGTestAvgNumMeter >= 0.063 -> HDL <= 48.050)
",-6762427666142701.000,-48.050,0.000,0.000,1.000,0,0,0,3,3,0,0,3,0.0,0,0,0.0,0.0,1.0
"F[1,2](HbA1cImputeDtMnC >= 9.896 | SMBGperDayPtMeterCombo >= 1.134)
",-9999999.000,-9999999.000,0.000,0.000,1.000,0,0,0,3,3,0,0,3,0.0,0,0,0.0,0.0,1.0
"F[1,2](((HbA1cImputeDtMnC >= 23.538 & UnitsInsBasalOrLongAct >= 9.194) | BGTestAvgNumMeter <= 17.350) | BldPrDia <= 24.763)
",-9999999.000,-9999999.000,0.000,0.000,1.000,0,0,0,3,3,0,0,3,0.0,0,0,0.0,0.0,1.0
"F[2,2](HbA1c >= 10.221 & SMBGperDayPtMeterCombo >= 0.526)
",-10.221,-10.221,0.000,0.000,1.000,0,0,0,3,3,0,0,3,0.0,0,0,0.0,0.0,1.0
"F[1,2]((age >= 16.982 -> UnitsInsBasalOrLongAct >= 15.990) | AlbCreatRat_mggNew >= 0.195)
",-9999999.000,-9999999.000,0.000,0.000,1.000,0,0,0,3,3,0,0,3,0.0,0,0,0.0,0.0,1.0
"F[2,2](bmiZscore >= -1.194 -> TSH <= 1.765)
",-1.765,-1.765,0.000,0.000,1.000,0,0,0,3,3,0,0,3,0.0,0,0,0.0,0.0,1.0
"F[0,2](((bmiPerc >= 0.201 & bmiZscore >= -1.265) -> DirectLDL <= -0.502) | bmiZscore >= -0.900)
",-9999999.000,-9999999.000,0.000,0.000,1.000,0,0,0,3,3,0,0,3,0.0,0,0,0.0,0.0,1.0
"F[2,2](((AlbCreatRat_mggNew <= 141.012 -> UnitsInsBasalOrLongAct >= 15.117) -> BGTestAvgNumPtRep >= 1.365) & age >= 10.104)
",-10.104,-10.104,0.000,0.000,1.000,0,0,0,3,3,0,0,3,0.0,0,0,0.0,0.0,1.0
"((Pt_FatherT1D <= 0.000) U[0,2] (Pt_SHFlg = 0.000))
",-9999999.000,-9999999.000,0.000,0.000,1.000,0,0,0,3,3,0,0,3,0.0,0,0,0.0,0.0,1.0
"F[0,1](HbA1c >= 10.221 -> Pt_A1cGoalLevelDsYr5 = 0.000)
",-9999999.000,-9999999.000,0.000,0.000,1.000,0,0,0,3,3,0,0,3,0.0,0,0,0.0,0.0,1.0
"F[0,0](HbA1c >= 9.701 -> Pt_A1cGoalLevelDsYr5 = 0.000)
",0.707,2.567,0.000,0.000,1.000,0,0,0,3,3,0,0,3,0.0,0,0,0.0,0.0,1.0
"((BGTestAvgNumMeter >= 0.934) U[0,0] (BGTestAvgNumPtRep <= 2.167))
",1.344,16.100,0.000,0.000,1.000,0,0,0,3,3,0,0,3,0.0,0,0,0.0,0.0,1.0
"F[0,1](HbA1c >= 10.195 -> Pt_A1cGoalLevelDsYr5 = 0.000)
",-9999999.000,-9999999.000,0.000,0.000,1.000,0,0,0,3,3,0,0,3,0.0,0,0,0.0,0.0,1.0
"((BGTestAvgNumMeter >= 0.909) U[0,2] (BGTestAvgNumPtRep <= 1.797))
",-9999999.000,-9999999.000,0.000,0.000,1.000,0,0,0,3,3,0,0,3,0.0,0,0,0.0,0.0,1.0
"F[1,1](HbA1c >= 10.153 -> Pt_A1cGoalLevelDsYr5 = 0.000)
",0.000,0.000,0.000,0.000,1.000,0,0,0,3,3,0,0,3,0.0,0,0,0.0,0.0,1.0
"((BGTestAvgNumMeter >= 0.976) U[0,1] (BGTestAvgNumPtRep <= 2.863))
",-9999999.000,-9999999.000,0.000,0.000,1.000,0,0,0,3,3,0,0,3,0.0,0,0,0.0,0.0,1.0
"F[1,1](HbA1c >= 9.886 -> Pt_A1cGoalLevelDsYr5 = 0.000)
",0.000,0.000,0.000,0.000,1.000,0,0,0,3,3,0,0,3,0.0,0,0,0.0,0.0,1.0
"F[1,2](TotChol > 116.843 -> Pt_SHFlg = 0.000)
",-9999999.000,-9999999.000,0.000,0.000,1.000,0,0,0,3,3,0,0,3,0.0,0,0,0.0,0.0,1.0
"((BGTestAvgNumMeter >= 1.005) U[0,0] (BGTestAvgNumPtRep <= 2.268))
",1.352,16.086,0.000,0.000,1.000,0,0,0,3,3,0,0,3,0.0,0,0,0.0,0.0,1.0
"F[0,1](HbA1c >= 10.142 -> Pt_A1cGoalLevelDsYr5 = 0.000)
",-9999999.000,-9999999.000,0.000,0.000,1.000,0,0,0,3,3,0,0,3,0.0,0,0,0.0,0.0,1.0
"F[2,2](HbA1c >= 9.977 -> Pt_A1cGoalLevelDsYr5 = 0.000)
",0.000,0.000,0.000,0.000,1.000,0,0,0,3,3,0,0,3,0.0,0,0,0.0,0.0,1.0
"((BGTestAvgNumMeter >= 0.370) U[0,0] (BGTestAvgNumPtRep <= 2.848))
",1.401,16.703,0.000,0.000,1.000,0,0,0,3,3,0,0,3,0.0,0,0,0.0,0.0,1.0
"F[1,1](HbA1c >= 10.158 -> Pt_A1cGoalLevelDsYr5 = 0.000)
",0.000,0.000,0.000,0.000,1.000,0,0,0,3,3,0,0,3,0.0,0,0,0.0,0.0,1.0
"F[1,2](HbA1c >= 10.380 -> Pt_A1cGoalLevelDsYr5 = 0.000)
",-9999999.000,-9999999.000,0.000,0.000,1.000,0,0,0,3,3,0,0,3,0.0,0,0,0.0,0.0,1.0
"((TotChol > 101.572) U[2,2] (Pt_SHFlg = 0.000))
",0.000,0.000,0.000,0.000,1.000,0,0,0,3,3,0,0,3,0.0,0,0,0.0,0.0,1.0
"((TSH > 0.370) U[0,1] (Pt_SHFlg = 0.000))
",-9999999.000,-9999999.000,0.000,0.000,1.000,0,0,0,3,3,0,0,3,0.0,0,0,0.0,0.0,1.0
"((diagAgeCombo > 7.000) U[0,1] (Pt_SHFlg = 0.000))
",-9999999.000,-9999999.000,0.000,0.000,1.000,0,0,0,3,3,0,0,3,0.0,0,0,0.0,0.0,1.0
"F[1,2](Pt_InsGov > 0.000 -> Pt_SHFlg = 0.000)
",-9999999.000,-9999999.000,0.000,0.000,1.000,0,0,0,3,3,0,0,3,0.0,0,0,0.0,0.0,1.0
"((BGTestAvgNumMeter <= 2.176) U[0,2] (Pt_SHFlg = 0.000))
",-9999999.000,-9999999.000,0.000,0.000,1.000,0,0,0,3,3,0,0,3,0.0,0,0,0.0,0.0,1.0
"((Pt_GrandparentT1D >= 0.000) U[0,2] (Pt_SHFlg = 0.000))
",-9999999.000,-9999999.000,0.000,0.000,1.000,0,0,0,3,3,0,0,3,0.0,0,0,0.0,0.0,1.0
"((BldPrSys >= 121.384) U[0,1] (Pt_SHFlg = 0.000))
",-9999999.000,-9999999.000,0.000,0.000,1.000,0,0,0,3,3,0,0,3,0.0,0,0,0.0,0.0,1.0
"F[0,2](Pt_CGMUseNumDays >= 0.000 & Pt_SHFlg = 0.000)
",-9999999.000,-9999999.000,0.000,0.000,1.000,0,0,0,3,3,0,0,3,0.0,0,0,0.0,0.0,1.0
"F[2,2](diabDur < 11.906 -> Pt_SHFlg = 0.000)
",-6702565603608275.000,-11.906,0.000,0.000,1.000,0,0,0,3,3,0,0,3,0.0,0,0,0.0,0.0,1.0
"F[0,2](Pt_MotherT1D < 0.000 -> Pt_SHFlg = 0.000)
",-9999999.000,-9999999.000,0.000,0.000,1.000,0,0,0,3,3,0,0,3,0.0,0,0,0.0,0.0,1.0
"F[2,2](Triglyc > 71.548 & Pt_SHFlg = 0.000)
",-71.548,-71.548,0.000,0.000,1.000,0,0,0,3,3,0,0,3,0.0,0,0,0.0,0.0,1.0
"F[0,0](Pt_ChildT1D < 0.000 -> Pt_SHFlg = 0.000)
",0.000,0.000,0.000,0.000,1.000,0,0,0,3,3,0,0,3,0.0,0,0,0.0,0.0,1.0
"((Pt_MotherT1D > 0.000) U[0,1] (Pt_SHFlg = 0.000))
",-9999999.000,-9999999.000,0.000,0.000,1.000,0,0,0,3,3,0,0,3,0.0,0,0,0.0,0.0,1.0
"((LDL > 50.074) U[1,2] (Pt_SHFlg = 0.000))
",-9999999.000,-9999999.000,0.000,0.000,1.000,0,0,0,3,3,0,0,3,0.0,0,0,0.0,0.0,1.0
"((LDL <= 65.754) U[0,2] (Pt_SHFlg = 0.000))
",-9999999.000,-9999999.000,0.000,0.000,1.000,0,0,0,3,3,0,0,3,0.0,0,0,0.0,0.0,1.0
"((HDL >= 37.609) U[2,2] (Pt_SHFlg = 0.000))
",0.000,0.000,0.000,0.000,1.000,0,0,0,3,3,0,0,3,0.0,0,0,0.0,0.0,1.0
"F[1,2](Pt_FatherT1D >= 0.000 -> Pt_SHFlg = 0.000)
",-9999999.000,-9999999.000,0.000,0.000,1.000,0,0,0,3,3,0,0,3,0.0,0,0,0.0,0.0,1.0
"F[0,2](((BUN >= 0.883 -> WeightKg >= 59.503) | Pt_GrandparentT1D >= 56.662) & UnitsInsBasalOrLongAct <= 60.015)
",-9999999.000,-9999999.000,0.000,0.000,1.000,0,0,0,3,3,0,0,3,0.0,0,0,0.0,0.0,1.0
"((diabDur <= 11.845) U[0,1] (UnitsInsBasalOrLongAct <= 25.403))
",-9999999.000,-9999999.000,0.000,0.000,1.000,0,0,0,3,3,0,0,3,0.0,0,0,0.0,0.0,1.0
"F[0,1](((AlbCreatRat_mggNew >= 22.558 -> diabDur >= 9.670) & UnitsInsBasalOrLongAct >= 7.777) | diagAgeCombo <= 10.349)
",-9999999.000,-9999999.000,0.000,0.000,1.000,0,0,0,3,3,0,0,3,0.0,0,0,0.0,0.0,1.0
"F[0,1](((Pt_A1cGoalLev >= 0.735 | TotalDailyInsPerKg >= 0.738) | Pt_MotherT1D >= 0.710) & Pt_MotherT1D <= 0.762)
",-9999999.000,-9999999.000,0.000,0.000,1.000,0,0,0,3,3,0,0,3,0.0,0,0,0.0,0.0,1.0
"F[0,1](((BldPrSys >= 120.894 | Pt_A1cGoalLev >= 0.805) | Pt_GrandparentT1D <= 3.413) | Pt_SHFlg <= 1.714)
",-9999999.000,-9999999.000,0.000,0.000,1.000,0,0,0,3,3,0,0,3,0.0,0,0,0.0,0.0,1.0
"F[1,2]((TotalDailyInsPerKg >= 0.755 | TSH >= 0.900) -> Pt_GrandchildT1D <= 2.096)
",-9999999.000,-9999999.000,0.000,0.000,1.000,0,0,0,3,3,0,0,3,0.0,0,0,0.0,0.0,1.0
"F[1,2](SMBGperDayPtMeterCombo >= 0.921 & Triglyc >= 59.370)
",-9999999.000,-9999999.000,0.000,0.000,1.000,0,0,0,3,3,0,0,3,0.0,0,0,0.0,0.0,1.0
"F[0,2](((BldPrSys <= 135.569 -> bmiZscore >= -0.826) -> LDL <= -0.483) & Pt_GrandparentT1D <= -0.666)
",-9999999.000,-9999999.000,0.000,0.000,1.000,0,0,0,3,3,0,0,3,0.0,0,0,0.0,0.0,1.0
"F[1,1](((BldPrDia >= 75.755 | bmi >= 19.524) | AutonomicNeuroCl >= 19.194) | TSH <= 19.719)
",19.719,19.719,0.000,0.000,1.000,0,0,0,3,3,0,0,3,0.0,0,0,0.0,0.0,1.0
"F[1,1]((BldPrDia >= 75.507 -> UnitsInsBasalOrLongAct <= 17.729) -> BGTestAvgNumPtRep <= 24.167)
",-6802285964164717.000,-24.167,0.000,0.000,1.000,0,0,0,3,3,0,0,3,0.0,0,0,0.0,0.0,1.0
"F[0,2](((BldPrSys <= 132.295 | bmi <= 19.793) -> Pt_ChildT1D <= 19.872) | bmi >= 19.030)
",-9999999.000,-9999999.000,0.000,0.000,1.000,0,0,0,3,3,0,0,3,0.0,0,0,0.0,0.0,1.0
"F[0,1]((HbA1c <= 11.103 | LDL >= 49.840) | age >= 58.442)
",-9999999.000,-9999999.000,0.000,0.000,1.000,0,0,0,3,3,0,0,3,0.0,0,0,0.0,0.0,1.0
"F[0,2](bmi >= 19.502 -> Triglyc <= 78.685)
",-9999999.000,-9999999.000,0.000,0.000,1.000,0,0,0,3,3,0,0,3,0.0,0,0,0.0,0.0,1.0
"F[0,2](((AlbCreatRat_mggNew >= 9.052 & WeightKg >= 57.535) | AlbCreatRat_mggNew <= 61.070) & bmiZscore >= 56.904)
",-9999999.000,-9999999.000,0.000,0.000,1.000,0,0,0,3,3,0,0,3,0.0,0,0,0.0,0.0,1.0
"F[0,2](BGTestAvgNumPtRep >= 0.731 & TotalDailyInsPerKg <= 0.813)
",-9999999.000,-9999999.000,0.000,0.000,1.000,0,0,0,3,3,0,0,3,0.0,0,0,0.0,0.0,1.0
"((TotalDailyInsPerKg <= 0.828) U[2,2] (UnitsInsBasalOrLongAct >= 7.591))
",0.828,0.828,0.000,0.000,1.000,0,0,0,3,3,0,0,3,0.0,0,0,0.0,0.0,1.0
"((bmiZscore <= -0.718) U[2,2] (LDL <= 68.840))
",68.840,68.840,0.000,0.000,1.000,0,0,0,3,3,0,0,3,0.0,0,0,0.0,0.0,1.0
"F[0,2](BUN >= 0.731 | HbA1c >= 9.322)
",-9999999.000,-9999999.000,0.000,0.000,1.000,0,0,0,3,3,0,0,3,0.0,0,0,0.0,0.0,1.0
"F[2,2](((BldPrSys >= 121.071 & Pt_DKAFlg <= 0.849) & Pt_InsGov <= 0.789) & WeightKg >= 0.103)
",-121.071,-121.071,0.000,0.000,1.000,0,0,0,3,3,0,0,3,0.0,0,0,0.0,0.0,1.0
"F[1,2]((BldPrDia <= 79.199 & TotChol >= 107.131) & TotalDailyInsPerKg <= 128.293)
",-9999999.000,-9999999.000,0.000,0.000,1.000,0,0,0,3,3,0,0,3,0.0,0,0,0.0,0.0,1.0
"F[0,2](((BldPrSys <= 127.856 | HDL <= 53.406) -> Pt_MotherT1D >= 36.374) | GFR <= 51.585)
",-9999999.000,-9999999.000,0.000,0.000,1.000,0,0,0,3,3,0,0,3,0.0,0,0,0.0,0.0,1.0
"F[0,2](bmi <= 19.641 -> Pt_DKAFlg <= 0.763)
",-9999999.000,-9999999.000,0.000,0.000,1.000,0,0,0,3,3,0,0,3,0.0,0,0,0.0,0.0,1.0
"F[1,2](((Pt_A1cGoalLev <= 5.981 -> WeightKg >= 56.974) -> UnitsInsBasalOrLongAct >= 56.670) -> BGTestAvgNumMeter <= 60.763)
",-9999999.000,-9999999.000,0.000,0.000,1.000,0,0,0,3,3,0,0,3,0.0,0,0,0.0,0.0,1.0
"((BGTestAvgNumMeter >= 0.183) U[0,2] (BGTestAvgNumPtRep <= 2.972))
",-9999999.000,-9999999.000,0.000,0.000,1.000,0,0,0,3,3,0,0,3,0.0,0,0,0.0,0.0,1.0
"F[0,0]((BGTestAvgNumMeter >= 0.496 | TotalDailyInsPerKg <= 0.846) | Triglyc >= 0.737)
",7.352,118.596,0.000,0.000,1.000,0,0,0,3,3,0,0,3,0.0,0,0,0.0,0.0,1.0
"F[1,1](HeightCm <= 174.926 -> TotalDailyInsPerKg <= 0.836)
",-6154659194293003.000,-174.926,0.000,0.000,1.000,0,0,0,3,3,0,0,3,0.0,0,0,0.0,0.0,1.0
"F[1,2]((BUN <= 4.391 | TotChol <= 128.050) -> TotalDailyInsPerKg <= 131.253)
",-9999999.000,-9999999.000,0.000,0.000,1.000,0,0,0,3,3,0,0,3,0.0,0,0,0.0,0.0,1.0
"F[0,2]((HeightCm >= 173.662 -> Triglyc <= 99.854) & age <= 107.642)
",-9999999.000,-9999999.000,0.000,0.000,1.000,0,0,0,3,3,0,0,3,0.0,0,0,0.0,0.0,1.0
"F[0,1](BldPrSys >= 120.658 -> bmiPerc >= 0.193)
",-9999999.000,-9999999.000,0.000,0.000,1.000,0,0,0,3,3,0,0,3,0.0,0,0,0.0,0.0,1.0
"((bmi <= 19.804) U[0,2] (bmiZscore >= -0.903))
",-9999999.000,-9999999.000,0.000,0.000,1.000,0,0,0,3,3,0,0,3,0.0,0,0,0.0,0.0,1.0
"F[0,2](BGTestAvgNumMeter >= 0.710 & BldPrDia <= 80.717)
",-9999999.000,-9999999.000,0.000,0.000,1.000,0,0,0,3,3,0,0,3,0.0,0,0,0.0,0.0,1.0
"F[1,2](((BldPrDia <= 78.270 | diabDur <= 10.020) & Pt_SHFlg >= 9.690) -> Pt_A1cGoalLev <= 10.144)
",-9999999.000,-9999999.000,0.000,0.000,1.000,0,0,0,3,3,0,0,3,0.0,0,0,0.0,0.0,1.0
"F[0,0]((bmiPerc <= 0.271 -> LDL >= 52.493) & Pt_SHFlg <= 62.153)
",1.406,11.238,0.000,0.000,1.000,0,0,0,3,3,0,0,3,0.0,0,0,0.0,0.0,1.0
"F[1,1](((NumPumpBolusOrShortAct <= 3.853 & WeightKg >= 57.097) | Pt_A1cGoalLevelDsYr5 >= 57.041) -> Pt_DKAFlg <= 61.005)
",-8585620797316483.000,-61.005,0.000,0.000,1.000,0,0,0,3,3,0,0,3,0.0,0,0,0.0,0.0,1.0
"F[0,1](((diabDur <= 11.285 & Pt_A1cGoalLev >= 0.941) & Pt_MotherT1D <= 6.535) | LDL >= 0.188)
",-9999999.000,-9999999.000,0.000,0.000,1.000,0,0,0,3,3,0,0,3,0.0,0,0,0.0,0.0,1.0
"F[0,2]((HbA1cImputeDtMnC >= 8.365 | Pt_A1cGoalLev <= 3.792) -> HbA1c <= 1.914)
",-9999999.000,-9999999.000,0.000,0.000,1.000,0,0,0,3,3,0,0,3,0.0,0,0,0.0,0.0,1.0
"F[0,2]((LDL >= 56.923 -> Pt_DKAFlg >= 0.088) | GFR >= 0.121)
",-9999999.000,-9999999.000,0.000,0.000,1.000,0,0,0,3,3,0,0,3,0.0,0,0,0.0,0.0,1.0
"F[1,2]((age <= 19.782 | HeightCm <= 175.082) & bmiPerc >= 173.403)
",-9999999.000,-9999999.000,0.000,0.000,1.000,0,0,0,3,3,0,0,3,0.0,0,0,0.0,0.0,1.0
"F[1,2]((AlbCreatRat_mggNew >= 60.208 & HDL >= 36.557) | UnitsInsBasalOrLongAct <= 47.195)
",-9999999.000,-9999999.000,0.000,0.000,1.000,0,0,0,3,3,0,0,3,0.0,0,0,0.0,0.0,1.0
"F[0,1](((HDL <= 51.218 | TotChol >= 99.220) & UnitsInsBasalOrLongAct <= 128.203) | Pt_FatherT1D <= 129.242)
",-9999999.000,-9999999.000,0.000,0.000,1.000,0,0,0,3,3,0,0,3,0.0,0,0,0.0,0.0,1.0
"F[0,1](((HbA1c <= 11.600 & HeightCm >= 173.235) | DirectLDL >= 173.533) & TotalDailyInsPerKg <= 175.113)
",-9999999.000,-9999999.000,0.000,0.000,1.000,0,0,0,3,3,0,0,3,0.0,0,0,0.0,0.0,1.0
"F[0,1]((Pt_DKAFlg <= 0.169 | SMBGperDayPtMeterCombo <= 2.552) | HbA1cImputeDtMnC <= 2.183)
",-9999999.000,-9999999.000,0.000,0.000,1.000,0,0,0,3,3,0,0,3,0.0,0,0,0.0,0.0,1.0
"((BGTestAvgNumMeter <= 2.422) U[0,1] (BUN <= 6.318))
",-9999999.000,-9999999.000,0.000,0.000,1.000,0,0,0,3,3,0,0,3,0.0,0,0,0.0,0.0,1.0
"F[1,2](BGTestAvgNumMeter <= 2.074 | Pt_A1cGoalLev <= 5.476)
",-9999999.000,-9999999.000,0.000,0.000,1.000,0,0,0,3,3,0,0,3,0.0,0,0,0.0,0.0,1.0
"((age <= 19.441) U[0,2] (HDL <= 51.056))
",-9999999.000,-9999999.000,0.000,0.000,1.000,0,0,0,3,3,0,0,3,0.0,0,0,0.0,0.0,1.0
"F[0,0](HDL >= 43.876 -> Triglyc <= 81.677)
",-1.808,-16.457,0.000,0.000,1.000,0,0,0,3,3,0,0,3,0.0,0,0,0.0,0.0,1.0
"F[1,1]((LDL <= 64.356 & Pt_A1cGoalLev >= 0.313) | UnitsInsBasalOrLongAct >= 0.577)
",-0.313,-0.313,0.000,0.000,1.000,0,0,0,3,3,0,0,3,0.0,0,0,0.0,0.0,1.0
"F[1,2](((Pt_A1cGoalLev <= 3.283 | UnitsInsBasalOrLongAct <= 22.517) | TotChol <= 21.570) | Pt_SHFlg <= 22.151)
",-9999999.000,-9999999.000,0.000,0.000,1.000,0,0,0,3,3,0,0,3,0.0,0,0,0.0,0.0,1.0
"((HDL <= 52.014) U[2,2] (Pt_A1cGoalLev >= 0.707))
",52.014,52.014,0.000,0.000,1.000,0,0,0,3,3,0,0,3,0.0,0,0,0.0,0.0,1.0
"((BGTestAvgNumPtRep >= 0.715) U[0,2] (HDL <= 47.827))
",-9999999.000,-9999999.000,0.000,0.000,1.000,0,0,0,3,3,0,0,3,0.0,0,0,0.0,0.0,1.0
"F[2,2](BGTestAvgNumPtRep >= 0.818 | HbA1c <= 10.880)
",10.880,10.880,0.000,0.000,1.000,0,0,0,3,3,0,0,3,0.0,0,0,0.0,0.0,1.0
"F[0,1]((BldPrDia <= 81.521 -> BldPrSys >= 119.789) | DirectLDL <= 134.632)
",-9999999.000,-9999999.000,0.000,0.000,1.000,0,0,0,3,3,0,0,3,0.0,0,0,0.0,0.0,1.0
"F[0,1](((diabDur <= 12.146 & TSH <= 1.292) & GFR >= 0.382) -> AlbCreatRat_mggNew <= 1.813)
",-9999999.000,-9999999.000,0.000,0.000,1.000,0,0,0,3,3,0,0,3,0.0,0,0,0.0,0.0,1.0
"F[2,2](bmiPerc >= 0.170 | HeightCm <= 175.232)
",6165426264325259.000,175.232,0.000,0.000,1.000,0,0,0,3,3,0,0,3,0.0,0,0,0.0,0.0,1.0
"F[2,2]((HbA1c <= 11.856 | Triglyc >= 63.791) & BGTestAvgNumPtRep <= 106.217)
",11.856,11.856,0.000,0.000,1.000,0,0,0,3,3,0,0,3,0.0,0,0,0.0,0.0,1.0
"F[2,2](((AlbCreatRat_mggNew >= 99.503 & HeightCm <= 175.209) -> BldPrDia >= 174.443) & HbA1c <= 175.344)
",99.503,99.503,0.000,0.000,1.000,0,0,0,3,3,0,0,3,0.0,0,0,0.0,0.0,1.0
"F[1,1](BldPrSys >= 120.067 & TotalDailyInsPerKg <= 0.825)
",-120.067,-120.067,0.000,0.000,1.000,0,0,0,3,3,0,0,3,0.0,0,0,0.0,0.0,1.0
"((bmiZscore >= -1.103) U[2,2] (BUN <= 4.785))
",4.785,4.785,0.000,0.000,1.000,0,0,0,3,3,0,0,3,0.0,0,0,0.0,0.0,1.0
"F[2,2](BldPrDia >= 75.717 | HbA1c >= 10.551)
",-10.551,-10.551,0.000,0.000,1.000,0,0,0,3,3,0,0,3,0.0,0,0,0.0,0.0,1.0
"((bmi <= 19.677) U[0,2] (TotalDailyInsPerKg <= 0.794))
",-9999999.000,-9999999.000,0.000,0.000,1.000,0,0,0,3,3,0,0,3,0.0,0,0,0.0,0.0,1.0
"F[0,1]((LDL <= 61.018 & TotalDailyInsPerKg <= 0.799) -> BGTestAvgNumPtRep <= 0.803)
",-9999999.000,-9999999.000,0.000,0.000,1.000,0,0,0,3,3,0,0,3,0.0,0,0,0.0,0.0,1.0
"((HbA1c >= 9.988) U[0,1] (TotalDailyInsPerKg <= 0.777))
",-9999999.000,-9999999.000,0.000,0.000,1.000,0,0,0,3,3,0,0,3,0.0,0,0,0.0,0.0,1.0
"F[2,2]((BGTestAvgNumMeter >= 1.103 & TotChol <= 123.344) | BUN >= 114.903)
",-1.103,-1.103,0.000,0.000,1.000,0,0,0,3,3,0,0,3,0.0,0,0,0.0,0.0,1.0
"F[0,2](BGTestAvgNumPtRep <= 1.978 -> TotChol >= 111.370)
",-9999999.000,-9999999.000,0.000,0.000,1.000,0,0,0,3,3,0,0,3,0.0,0,0,0.0,0.0,1.0
"F[2,2]((bmiPerc <= 0.316 | TotalDailyInsPerKg >= 0.720) | Triglyc >= 0.740)
",0.316,0.316,0.000,0.000,1.000,0,0,0,3,3,0,0,3,0.0,0,0,0.0,0.0,1.0
"((BldPrSys >= 124.062) U[0,2] (Triglyc >= 74.395))
",-9999999.000,-9999999.000,0.000,0.000,1.000,0,0,0,3,3,0,0,3,0.0,0,0,0.0,0.0,1.0
"F[0,2](((SMBGperDayPtMeterCombo <= 2.299 & WeightKg >= 58.465) | HbA1c <= 60.386) -> HDL <= 60.254)
",-9999999.000,-9999999.000,0.000,0.000,1.000,0,0,0,3,3,0,0,3,0.0,0,0,0.0,0.0,1.0
"((HbA1c >= 10.437) U[2,2] (TotChol <= 134.241))
",134.241,134.241,0.000,0.000,1.000,0,0,0,3,3,0,0,3,0.0,0,0,0.0,0.0,1.0
"((age >= 16.422) U[0,2] (Pt_A1cGoalLev <= 3.412))
",-9999999.000,-9999999.000,0.000,0.000,1.000,0,0,0,3,3,0,0,3,0.0,0,0,0.0,0.0,1.0
"F[1,1]((NumPumpBolusOrShortAct >= 0.629 | TotalDailyInsPerKg <= 0.837) & BUN <= 0.782)
",0.782,0.782,0.000,0.000,1.000,0,0,0,3,3,0,0,3,0.0,0,0,0.0,0.0,1.0
"F[0,0](((WeightKg >= 57.155 & Pt_GrandparentT1D >= 0.000) | Pt_InsGov >= 0.000) | TSH >= 0.000)
",1.069,1.333,0.000,0.000,1.000,0,0,0,3,3,0,0,3,0.0,0,0,0.0,0.0,1.0
