Rule,Discrimination Score,Pos Robustness,Neg Robustness,Percent Class +,Percent Class -,TP,TN,FP,FN,Actual Yes,Actual No,Predicted Yes,Predicted No,TPR/Sens,TNR/Spec,FPR,Precision,Accuracy,MCR
"F[0,0]((diabDur <= 43.806 | HbA1cImputeDtMnC <= 35.942) & BldPrSys <= 55.619)
",62.809,29.609,0.000,0.000,1.000,4,0,0,0,4,0,4,0,1.0,0,0,1.0,1.1428571428571428,-0.1428571428571428
"F[0,0]((BldPrDia >= 66.707 -> GFR >= 19.708) & Pt_A1cGoalLev >= 8.158)
",-5.235,-49.293,0.000,0.000,1.000,4,0,0,0,4,0,4,0,1.0,0,0,1.0,1.1428571428571428,-0.1428571428571428
"((GFR >= 13.395) U[1,1] (Pt_CGMUseNumDays >= 3.232))
",-3.232,-3.232,0.000,0.000,1.000,3,0,0,1,4,0,3,1,0.75,0,0,1.0,0.8571428571428571,0.1428571428571429
"((AlbCreatRat_mggNew >= 11.523) U[1,2] (Pt_CGMUseNumDays <= 23.037))
",-9999999.000,-9999999.000,0.000,0.000,1.000,3,0,0,1,4,0,3,1,0.75,0,0,1.0,0.8571428571428571,0.1428571428571429
"F[0,1](bmi >= 2.644 & Pt_CGMUseNumDays >= 4.857)
",-9999999.000,-9999999.000,0.000,0.000,1.000,3,0,0,1,4,0,3,1,0.75,0,0,1.0,0.8571428571428571,0.1428571428571429
"F[0,1](Pt_DKAFlg > 0.000 & Pt_SHFlg = 0.000)
",-9999999.000,-9999999.000,0.000,0.000,1.000,3,0,0,1,4,0,3,1,0.75,0,0,1.0,0.8571428571428571,0.1428571428571429
"F[0,0](HbA1c <= 8.278 & LDL >= 36.532)
",-36.532,-36.532,0.000,0.000,1.000,3,0,0,1,4,0,3,1,0.75,0,0,1.0,0.8571428571428571,0.1428571428571429
"F[0,1]((HbA1cImputeDtMnC >= 2.559 | Triglyc >= 3.777) -> NumPumpBolusOrShortAct >= 23.962)
",-9999999.000,-9999999.000,0.000,0.000,1.000,3,0,0,1,4,0,3,1,0.75,0,0,1.0,0.8571428571428571,0.1428571428571429
"F[1,1](((AlbCreatRat_mggNew >= 10.715 | HeightCm >= 26.964) | HbA1c <= 121.356) -> TotChol >= 37.389)
",-121.356,-121.356,0.000,0.000,1.000,3,0,0,1,4,0,3,1,0.75,0,0,1.0,0.8571428571428571,0.1428571428571429
"F[0,1](((age <= 46.648 | AlbCreatRat_mggNew >= 9.991) & HbA1cImputeDtMnC >= 11.575) & HeightCm >= 12.104)
",-9999999.000,-9999999.000,0.000,0.000,1.000,3,0,0,1,4,0,3,1,0.75,0,0,1.0,0.8571428571428571,0.1428571428571429
"F[0,1](((BldPrSys <= 124.043 -> UnitsInsBasalOrLongAct <= 15.647) -> HeightCm >= 4.338) & TotChol >= 2.141)
",-9999999.000,-9999999.000,0.000,0.000,1.000,3,0,0,1,4,0,3,1,0.75,0,0,1.0,0.8571428571428571,0.1428571428571429
"((TotChol > 0.000) U[1,1] (Pt_SHFlg = 0.000))
",0.000,0.000,0.000,0.000,1.000,3,0,0,1,4,0,3,1,0.75,0,0,1.0,0.8571428571428571,0.1428571428571429
"F[0,0](((BGTestAvgNumMeter <= 7.357 -> UnitsInsBasalOrLongAct <= 15.528) | DirectLDL >= 2.034) -> WeightKg >= 5.338)
",-0.731,-53.865,0.000,0.000,1.000,3,0,0,1,4,0,3,1,0.75,0,0,1.0,0.8571428571428571,0.1428571428571429
"F[0,0](((HbA1cImputeDtMnC >= 23.120 | AutonomicNeuroCl <= 0.000) & BUN >= 0.000) & UnitsInsBasalOrLongAct <= 0.000)
",-2.277,-13.833,0.000,0.000,1.000,3,0,0,1,4,0,3,1,0.75,0,0,1.0,0.8571428571428571,0.1428571428571429
"F[1,1](((HDL >= 27.559 | TotalDailyInsPerKg <= 0.102) -> Pt_MotherT1D >= 0.035) & Pt_A1cGoalLev <= 0.233)
",-0.102,-0.102,0.000,0.000,1.000,3,0,0,1,4,0,3,1,0.75,0,0,1.0,0.8571428571428571,0.1428571428571429
"F[0,1](((BldPrDia >= 64.623 -> Pt_SiblingT1D <= 0.000) & BldPrDia <= 0.000) & BGTestAvgNumMeter <= 0.000)
",-9999999.000,-9999999.000,0.000,0.000,1.000,3,0,0,1,4,0,3,1,0.75,0,0,1.0,0.8571428571428571,0.1428571428571429
"F[0,1]((UnitsInsBasalOrLongAct <= 11.335 & AlbCreatRat_mggNew <= 17.187) & HbA1cImputeDtMnC >= 9.870)
",-9999999.000,-9999999.000,0.000,0.000,1.000,3,0,0,1,4,0,3,1,0.75,0,0,1.0,0.8571428571428571,0.1428571428571429
"F[1,1](((LDL >= 21.998 | NumPumpBolusOrShortAct >= 1.946) -> Pt_CGMUseNumDays <= 5.887) & age <= 5.182)
",-6628458811852291.000,-5.887,0.000,0.000,1.000,3,0,0,1,4,0,3,1,0.75,0,0,1.0,0.8571428571428571,0.1428571428571429
"F[0,0](((Pt_CGMUseNumDays <= 12.173 | TSH <= 0.957) -> TotChol >= 0.741) | DirectLDL >= 0.661)
",0.698,52.679,0.000,0.000,1.000,3,0,0,1,4,0,3,1,0.75,0,0,1.0,0.8571428571428571,0.1428571428571429
"F[1,1](BldPrDia <= 82.793 & DirectLDL >= 0.031)
",-0.031,-0.031,0.000,0.000,1.000,2,0,0,2,4,0,2,2,0.5,0,0,1.0,0.5714285714285714,0.4285714285714286
"F[0,1]((bmiPerc >= 0.000 & Pt_FatherT1D <= 0.000) -> BUN <= 0.000)
",-9999999.000,-9999999.000,0.000,0.000,1.000,2,0,0,2,4,0,2,2,0.5,0,0,1.0,0.5714285714285714,0.4285714285714286
"F[0,0]((Pt_CGMUseNumDays <= 16.986 -> AlbCreatRat_mggNew <= 20.684) -> Triglyc >= 6.660)
",13.770,6.335,0.000,0.000,1.000,2,0,0,2,4,0,2,2,0.5,0,0,1.0,0.5714285714285714,0.4285714285714286
"F[0,1](((diabDur >= 41.703 | BUN <= 16.997) | Pt_InsGov >= 5.152) -> BGTestAvgNumMeter >= 10.849)
",-9999999.000,-9999999.000,0.000,0.000,1.000,2,0,0,2,4,0,2,2,0.5,0,0,1.0,0.5714285714285714,0.4285714285714286
"F[0,1](((LDL <= 56.438 | SMBGperDayPtMeterCombo >= 0.643) -> BGTestAvgNumMeter >= 0.882) & BUN <= 5.335)
",-9999999.000,-9999999.000,0.000,0.000,1.000,2,0,0,2,4,0,2,2,0.5,0,0,1.0,0.5714285714285714,0.4285714285714286
"F[0,0](((Pt_GrandchildT1D >= 0.000 | Pt_SHFlg >= 0.000) & GFR <= 0.000) & LDL <= 0.000)
",0.000,0.000,0.000,0.000,1.000,2,0,0,2,4,0,2,2,0.5,0,0,1.0,0.5714285714285714,0.4285714285714286
"F[0,0]((BGTestAvgNumPtRep >= 1.991 & BldPrDia >= 64.354) | Pt_InsGov >= 66.526)
",0.329,0.676,0.000,0.000,1.000,2,0,0,2,4,0,2,2,0.5,0,0,1.0,0.5714285714285714,0.4285714285714286
"F[0,1](((GFR <= 67.852 & BldPrDia <= 73.963) | GFR <= 80.689) -> Pt_SiblingT1D >= 67.791)
",-9999999.000,-9999999.000,0.000,0.000,1.000,2,0,0,2,4,0,2,2,0.5,0,0,1.0,0.5714285714285714,0.4285714285714286
"((BGTestAvgNumPtRep >= 1.997) U[1,1] (Pt_SHFlg = 0.000))
",0.000,0.000,0.000,0.000,1.000,2,0,0,2,4,0,2,2,0.5,0,0,1.0,0.5714285714285714,0.4285714285714286
"F[0,1](((BldPrDia >= 67.823 & bmiZscore <= -0.055) | UnitsInsBasalOrLongAct <= -0.068) & SMBGperDayPtMeterCombo >= -0.261)
",-9999999.000,-9999999.000,0.000,0.000,1.000,2,0,0,2,4,0,2,2,0.5,0,0,1.0,0.5714285714285714,0.4285714285714286
"F[1,1](TotalDailyInsPerKg > 0.048 & Pt_SHFlg = 0.000)
",-0.048,-0.048,0.000,0.000,1.000,2,0,0,2,4,0,2,2,0.5,0,0,1.0,0.5714285714285714,0.4285714285714286
"F[0,0](((age <= 46.366 -> BGTestAvgNumMeter >= 1.860) | WeightKg <= 6.456) -> LDL <= 5.683)
",-16.288,-5.941,0.000,0.000,1.000,2,0,0,2,4,0,2,2,0.5,0,0,1.0,0.5714285714285714,0.4285714285714286
"F[0,1]((AlbCreatRat_mggNew <= 21.783 -> TSH >= 0.046) | Pt_ChildT1D >= 0.355)
",-9999999.000,-9999999.000,0.000,0.000,1.000,1,0,0,3,4,0,1,3,0.25,0,0,1.0,0.2857142857142857,0.7142857142857143
"((bmiZscore >= -0.275) U[1,1] (TotalDailyInsPerKg <= 0.229))
",0.275,0.275,0.000,0.000,1.000,1,0,0,3,4,0,1,3,0.25,0,0,1.0,0.2857142857142857,0.7142857142857143
"F[0,1]((Pt_CGMUseNumDays >= 1.278 | BGTestAvgNumPtRep >= 2.290) | Pt_CGMUseNumDays >= 2.298)
",-9999999.000,-9999999.000,0.000,0.000,1.000,1,0,0,3,4,0,1,3,0.25,0,0,1.0,0.2857142857142857,0.7142857142857143
"((Pt_ChildT1D >= 0.000) U[1,1] (WeightKg >= 17.476))
",0.000,0.000,0.000,0.000,1.000,1,0,0,3,4,0,1,3,0.25,0,0,1.0,0.2857142857142857,0.7142857142857143
"F[0,1]((BGTestAvgNumMeter <= 5.173 & bmiZscore <= -0.057) & AlbCreatRat_mggNew >= -0.161)
",-9999999.000,-9999999.000,0.000,0.000,1.000,1,0,0,3,4,0,1,3,0.25,0,0,1.0,0.2857142857142857,0.7142857142857143
"F[0,1](age >= 43.350 | UnitsInsBasalOrLongAct >= 0.916)
",-9999999.000,-9999999.000,0.000,0.000,1.000,1,0,0,3,4,0,1,3,0.25,0,0,1.0,0.2857142857142857,0.7142857142857143
"F[1,1]((HeightCm <= 54.897 -> WeightKg >= 10.513) | Pt_FatherT1D >= 0.996)
",-0.996,-0.996,0.000,0.000,1.000,1,0,0,3,4,0,1,3,0.25,0,0,1.0,0.2857142857142857,0.7142857142857143
"((HbA1cImputeDtMnC <= 26.786) U[1,1] (Pt_A1cGoalLev >= 0.000))
",26.786,26.786,0.000,0.000,1.000,1,0,0,3,4,0,1,3,0.25,0,0,1.0,0.2857142857142857,0.7142857142857143
"F[1,1]((HbA1cImputeDtMnC >= 3.582 -> HeightCm >= 27.540) | Pt_SiblingT1D >= 24.260)
",3.582,3.582,0.000,0.000,1.000,1,0,0,3,4,0,1,3,0.25,0,0,1.0,0.2857142857142857,0.7142857142857143
"F[0,1](((BldPrDia <= 78.461 | NumPumpBolusOrShortAct >= 2.403) & HbA1c >= 3.999) & Triglyc >= 1.654)
",-9999999.000,-9999999.000,0.000,0.000,1.000,1,0,0,3,4,0,1,3,0.25,0,0,1.0,0.2857142857142857,0.7142857142857143
"F[0,1](((bmi >= 3.203 | TSH >= 0.506) -> HDL <= 0.845) | bmi >= 0.178)
",-9999999.000,-9999999.000,0.000,0.000,1.000,1,0,0,3,4,0,1,3,0.25,0,0,1.0,0.2857142857142857,0.7142857142857143
"F[0,1]((HbA1cImputeDtMnC <= 41.699 | AlbCreatRat_mggNew >= 6.071) -> GFR >= 9.260)
",-9999999.000,-9999999.000,0.000,0.000,1.000,1,0,0,3,4,0,1,3,0.25,0,0,1.0,0.2857142857142857,0.7142857142857143
"((NumPumpBolusOrShortAct >= 2.479) U[0,0] (UnitsInsBasalOrLongAct >= 5.097))
",1.438,8.736,0.000,0.000,1.000,1,0,0,3,4,0,1,3,0.25,0,0,1.0,0.2857142857142857,0.7142857142857143
"F[0,0]((Pt_MotherT1D <= 0.000 & bmi <= 25.893) -> Pt_CGMUseNumDays <= 16.310)
",0.000,0.000,0.000,0.000,1.000,1,0,0,3,4,0,1,3,0.25,0,0,1.0,0.2857142857142857,0.7142857142857143
"F[0,1](age <= 45.331 & HbA1c >= 0.591)
",-9999999.000,-9999999.000,0.000,0.000,1.000,1,0,0,3,4,0,1,3,0.25,0,0,1.0,0.2857142857142857,0.7142857142857143
"((HDL > 12.300) U[1,2] (Pt_SHFlg = 0.000))
",-9999999.000,-9999999.000,0.000,0.000,1.000,1,0,0,3,4,0,1,3,0.25,0,0,1.0,0.2857142857142857,0.7142857142857143
"F[0,1]((BldPrSys <= 129.555 & SMBGperDayPtMeterCombo >= 1.260) -> HeightCm >= 3.945)
",-9999999.000,-9999999.000,0.000,0.000,1.000,1,0,0,3,4,0,1,3,0.25,0,0,1.0,0.2857142857142857,0.7142857142857143
"((BldPrSys >= 116.136) U[1,1] (BldPrDia <= 80.961))
",80.961,80.961,0.000,0.000,1.000,1,0,0,3,4,0,1,3,0.25,0,0,1.0,0.2857142857142857,0.7142857142857143
"((age <= 45.982) U[1,2] (bmi <= 13.876))
",-9999999.000,-9999999.000,0.000,0.000,1.000,1,0,0,3,4,0,1,3,0.25,0,0,1.0,0.2857142857142857,0.7142857142857143
"((GFR <= 22.822) U[1,2] (UnitsInsBasalOrLongAct <= 14.094))
",-9999999.000,-9999999.000,0.000,0.000,1.000,1,0,0,3,4,0,1,3,0.25,0,0,1.0,0.2857142857142857,0.7142857142857143
"F[1,1](TotalDailyInsPerKg <= 0.317 -> TSH <= 1.020)
",-1.020,-1.020,0.000,0.000,1.000,1,0,0,3,4,0,1,3,0.25,0,0,1.0,0.2857142857142857,0.7142857142857143
"F[1,2](BGTestAvgNumMeter >= 0.965 & bmi >= 7.014)
",-9999999.000,-9999999.000,0.000,0.000,1.000,0,0,0,4,4,0,0,4,0.0,0,0,0.0,0.0,1.0
"((Pt_A1cGoalLevelDsYr5 >= 0.000) U[0,0] (Pt_SiblingT1D <= 0.000))
",0.000,0.000,0.000,0.000,1.000,0,0,0,4,4,0,0,4,0.0,0,0,0.0,0.0,1.0
"F[0,1](Pt_GrandchildT1D >= 0.000 & AutonomicNeuroCl >= 0.000)
",-9999999.000,-9999999.000,0.000,0.000,1.000,0,0,0,4,4,0,0,4,0.0,0,0,0.0,0.0,1.0
"((Pt_SHFlg >= 0.000) U[0,2] (LDL <= 50.109))
",-9999999.000,-9999999.000,0.000,0.000,1.000,0,0,0,4,4,0,0,4,0.0,0,0,0.0,0.0,1.0
"F[0,2](SMBGperDayPtMeterCombo <= 7.901 -> WeightKg >= 16.592)
",-9999999.000,-9999999.000,0.000,0.000,1.000,0,0,0,4,4,0,0,4,0.0,0,0,0.0,0.0,1.0
"((bmi <= 7.665) U[2,2] (SMBGperDayPtMeterCombo <= 7.384))
",8630346989157517.000,7.665,0.000,0.000,1.000,0,0,0,4,4,0,0,4,0.0,0,0,0.0,0.0,1.0
"F[0,2](((AutonomicNeuroCl <= 0.000 | BGTestAvgNumPtRep <= 6.128) | TSH <= 7.968) -> Pt_SHFlg <= 5.722)
",-9999999.000,-9999999.000,0.000,0.000,1.000,0,0,0,4,4,0,0,4,0.0,0,0,0.0,0.0,1.0
"F[1,2](((HeightCm >= 39.730 | AlbCreatRat_mggNew >= 10.113) -> BGTestAvgNumMeter >= 6.944) -> diagAgeCombo >= 11.518)
",-9999999.000,-9999999.000,0.000,0.000,1.000,0,0,0,4,4,0,0,4,0.0,0,0,0.0,0.0,1.0
"F[0,2]((Pt_DKAFlg >= 0.000 & bmiZscore >= -0.138) | AlbCreatRat_mggNew <= -0.013)
",-9999999.000,-9999999.000,0.000,0.000,1.000,0,0,0,4,4,0,0,4,0.0,0,0,0.0,0.0,1.0
"F[2,2](SMBGperDayPtMeterCombo <= 6.813 | UnitsInsBasalOrLongAct >= 3.617)
",7670671968830285.000,6.813,0.000,0.000,1.000,0,0,0,4,4,0,0,4,0.0,0,0,0.0,0.0,1.0
"F[1,1]((age >= 42.800 & Triglyc >= 26.159) | AutonomicNeuroCl <= 52.235)
",52.235,52.235,0.000,0.000,1.000,0,0,0,4,4,0,0,4,0.0,0,0,0.0,0.0,1.0
"F[1,2](((SMBGperDayPtMeterCombo >= 4.681 & GFR <= 25.365) & bmi <= 72.370) & Pt_MotherT1D <= 67.063)
",-9999999.000,-9999999.000,0.000,0.000,1.000,0,0,0,4,4,0,0,4,0.0,0,0,0.0,0.0,1.0
"F[0,1](BldPrSys >= 110.840 -> AutonomicNeuroCl <= 0.000)
",-9999999.000,-9999999.000,0.000,0.000,1.000,0,0,0,4,4,0,0,4,0.0,0,0,0.0,0.0,1.0
"F[0,2](AlbCreatRat_mggNew <= 13.168 -> BGTestAvgNumPtRep >= 0.476)
",-9999999.000,-9999999.000,0.000,0.000,1.000,0,0,0,4,4,0,0,4,0.0,0,0,0.0,0.0,1.0
"F[1,2](((HbA1cImputeDtMnC >= 4.210 | HDL <= 113.632) | AlbCreatRat_mggNew <= 103.606) -> bmi <= 108.046)
",-9999999.000,-9999999.000,0.000,0.000,1.000,0,0,0,4,4,0,0,4,0.0,0,0,0.0,0.0,1.0
"F[1,2](((Pt_ChildT1D <= 0.000 -> DirectLDL <= 0.331) & Pt_CGMUseNumDays >= 0.031) & Pt_SHFlg <= 0.946)
",-9999999.000,-9999999.000,0.000,0.000,1.000,0,0,0,4,4,0,0,4,0.0,0,0,0.0,0.0,1.0
"F[0,2](((HDL <= 108.025 | TSH >= 0.660) | HbA1cImputeDtMnC >= 0.017) -> Pt_SiblingT1D >= 0.223)
",-9999999.000,-9999999.000,0.000,0.000,1.000,0,0,0,4,4,0,0,4,0.0,0,0,0.0,0.0,1.0
"F[0,1](WeightKg <= 46.397 -> AlbCreatRat_mggNew >= 8.375)
",-9999999.000,-9999999.000,0.000,0.000,1.000,0,0,0,4,4,0,0,4,0.0,0,0,0.0,0.0,1.0
"F[1,2](((DirectLDL <= 0.698 & NumPumpBolusOrShortAct >= 1.600) & HbA1cImputeDtMnC <= 6.559) -> LDL <= 6.199)
",-9999999.000,-9999999.000,0.000,0.000,1.000,0,0,0,4,4,0,0,4,0.0,0,0,0.0,0.0,1.0
"F[1,2]((AutonomicNeuroCl <= 0.000 -> BGTestAvgNumPtRep >= 1.315) -> GFR <= 5.038)
",-9999999.000,-9999999.000,0.000,0.000,1.000,0,0,0,4,4,0,0,4,0.0,0,0,0.0,0.0,1.0
"F[1,1]((BGTestAvgNumPtRep <= 7.456 & TSH >= 0.322) | Pt_A1cGoalLevelDsYr5 <= 0.849)
",0.849,0.849,0.000,0.000,1.000,0,0,0,4,4,0,0,4,0.0,0,0,0.0,0.0,1.0
"F[2,2](((DirectLDL >= 0.033 | TotalDailyInsPerKg >= 0.006) | Pt_InsGov >= 0.050) | HDL <= 0.376)
",0.376,0.376,0.000,0.000,1.000,0,0,0,4,4,0,0,4,0.0,0,0,0.0,0.0,1.0
"F[0,2](((BldPrSys >= 102.250 & BUN >= 8.326) -> Pt_GrandchildT1D <= 14.750) & HbA1cImputeDtMnC >= 11.170)
",-9999999.000,-9999999.000,0.000,0.000,1.000,0,0,0,4,4,0,0,4,0.0,0,0,0.0,0.0,1.0
"((GFR <= 72.559) U[0,1] (Pt_SHFlg >= 0.000))
",-9999999.000,-9999999.000,0.000,0.000,1.000,0,0,0,4,4,0,0,4,0.0,0,0,0.0,0.0,1.0
"F[2,2](((diabDur <= 44.004 -> HDL <= 113.852) | BldPrSys <= 128.532) & NumPumpBolusOrShortAct <= 105.748)
",105.748,105.748,0.000,0.000,1.000,0,0,0,4,4,0,0,4,0.0,0,0,0.0,0.0,1.0
"F[0,2](((diabDur >= 39.117 & TotalDailyInsPerKg >= 0.013) -> BUN <= 0.328) | bmiZscore >= 0.007)
",-9999999.000,-9999999.000,0.000,0.000,1.000,0,0,0,4,4,0,0,4,0.0,0,0,0.0,0.0,1.0
"((diagAgeCombo >= 3.000) U[0,1] (bmiZscore >= -0.246))
",-9999999.000,-9999999.000,0.000,0.000,1.000,0,0,0,4,4,0,0,4,0.0,0,0,0.0,0.0,1.0
"F[0,2]((Pt_CGMUseNumDays <= 9.019 | Pt_FatherT1D <= 0.000) -> Pt_InsGov >= 0.000)
",-9999999.000,-9999999.000,0.000,0.000,1.000,0,0,0,4,4,0,0,4,0.0,0,0,0.0,0.0,1.0
"F[0,0]((TotChol >= 0.000 | bmiZscore >= -0.268) | Pt_FatherT1D >= -0.293)
",1.310,83.431,0.000,0.000,1.000,0,0,0,4,4,0,0,4,0.0,0,0,0.0,0.0,1.0
"F[1,2](((Pt_CGMUseNumDays >= 4.002 | SMBGperDayPtMeterCombo >= 3.546) -> WeightKg <= 6.267) & BldPrDia >= 2.574)
",-9999999.000,-9999999.000,0.000,0.000,1.000,0,0,0,4,4,0,0,4,0.0,0,0,0.0,0.0,1.0
"((TotalDailyInsPerKg <= 0.203) U[2,2] (NumPumpBolusOrShortAct <= 6.937))
",6.937,6.937,0.000,0.000,1.000,0,0,0,4,4,0,0,4,0.0,0,0,0.0,0.0,1.0
"F[0,2](((diagAgeCombo >= 3.000 | Triglyc <= 49.370) -> BUN >= 13.598) -> TotalDailyInsPerKg <= 47.574)
",-9999999.000,-9999999.000,0.000,0.000,1.000,0,0,0,4,4,0,0,4,0.0,0,0,0.0,0.0,1.0
"F[1,2](BGTestAvgNumPtRep >= 2.144 | diabDur >= 39.706)
",-9999999.000,-9999999.000,0.000,0.000,1.000,0,0,0,4,4,0,0,4,0.0,0,0,0.0,0.0,1.0
"F[0,2]((Pt_GrandchildT1D >= 0.000 -> AlbCreatRat_mggNew >= 9.261) -> BldPrSys <= 21.324)
",-9999999.000,-9999999.000,0.000,0.000,1.000,0,0,0,4,4,0,0,4,0.0,0,0,0.0,0.0,1.0
"F[2,2]((BldPrDia >= 66.619 & BUN <= 13.934) | NumPumpBolusOrShortAct <= 14.406)
",14.406,14.406,0.000,0.000,1.000,0,0,0,4,4,0,0,4,0.0,0,0,0.0,0.0,1.0
"F[1,2]((SMBGperDayPtMeterCombo >= 3.911 | TSH <= 1.255) -> TSH <= 0.884)
",-9999999.000,-9999999.000,0.000,0.000,1.000,0,0,0,4,4,0,0,4,0.0,0,0,0.0,0.0,1.0
"F[1,2](AlbCreatRat_mggNew <= 15.454 -> HDL <= 151.641)
",-9999999.000,-9999999.000,0.000,0.000,1.000,0,0,0,4,4,0,0,4,0.0,0,0,0.0,0.0,1.0
"F[1,2](((BGTestAvgNumPtRep <= 6.971 & LDL >= 1.720) -> TotChol <= 51.136) -> diagAgeCombo <= 58.312)
",-9999999.000,-9999999.000,0.000,0.000,1.000,0,0,0,4,4,0,0,4,0.0,0,0,0.0,0.0,1.0
"F[1,2](((AlbCreatRat_mggNew >= 8.412 & BldPrSys >= 111.571) & bmiPerc >= 103.700) -> HbA1c <= 126.639)
",-9999999.000,-9999999.000,0.000,0.000,1.000,0,0,0,4,4,0,0,4,0.0,0,0,0.0,0.0,1.0
"F[0,1](HDL <= 138.827 & Pt_DKAFlg >= 0.000)
",-9999999.000,-9999999.000,0.000,0.000,1.000,0,0,0,4,4,0,0,4,0.0,0,0,0.0,0.0,1.0
"F[0,2]((HbA1c <= 8.060 | TSH >= 0.588) | diabDur <= 0.869)
",-9999999.000,-9999999.000,0.000,0.000,1.000,0,0,0,4,4,0,0,4,0.0,0,0,0.0,0.0,1.0
"F[0,2](((Pt_MotherT1D <= 0.000 -> WeightKg >= 8.372) -> Pt_A1cGoalLevelDsYr5 >= 17.479) & BldPrSys <= 53.938)
",-9999999.000,-9999999.000,0.000,0.000,1.000,0,0,0,4,4,0,0,4,0.0,0,0,0.0,0.0,1.0
"F[1,2](((GFR >= 8.523 & BldPrSys <= 133.328) & HbA1c <= 123.769) & Pt_InsGov >= 100.818)
",-9999999.000,-9999999.000,0.000,0.000,1.000,0,0,0,4,4,0,0,4,0.0,0,0,0.0,0.0,1.0
"F[1,1](Pt_SHFlg <= 0.000 | WeightKg >= 2.693)
",0.000,0.000,0.000,0.000,1.000,0,0,0,4,4,0,0,4,0.0,0,0,0.0,0.0,1.0
"((BGTestAvgNumMeter >= 0.674) U[1,2] (GFR <= 34.639))
",-9999999.000,-9999999.000,0.000,0.000,1.000,0,0,0,4,4,0,0,4,0.0,0,0,0.0,0.0,1.0
"F[0,1](((NumPumpBolusOrShortAct >= 2.537 -> SMBGperDayPtMeterCombo >= 0.016) & Pt_A1cGoalLev <= 4.933) | WeightKg >= 1.450)
",-9999999.000,-9999999.000,0.000,0.000,1.000,0,0,0,4,4,0,0,4,0.0,0,0,0.0,0.0,1.0
"F[0,2](((HbA1c <= 6.294 | NumPumpBolusOrShortAct <= 6.608) -> NumPumpBolusOrShortAct >= 1.840) | Pt_A1cGoalLevelDsYr5 <= 5.707)
",-9999999.000,-9999999.000,0.000,0.000,1.000,0,0,0,4,4,0,0,4,0.0,0,0,0.0,0.0,1.0
"F[0,0](HbA1c >= 5.789 -> Pt_A1cGoalLevelDsYr5 = 0.000)
",0.000,0.000,0.000,0.000,1.000,0,0,0,4,4,0,0,4,0.0,0,0,0.0,0.0,1.0
"F[0,1](((TSH >= 0.695 -> BGTestAvgNumPtRep >= 1.704) -> bmiZscore <= 3.275) | HeightCm >= 1.492)
",-9999999.000,-9999999.000,0.000,0.000,1.000,0,0,0,4,4,0,0,4,0.0,0,0,0.0,0.0,1.0
"F[1,2](Pt_SHFlg >= 0.000 -> Pt_SHFlg >= 0.000)
",-9999999.000,-9999999.000,0.000,0.000,1.000,0,0,0,4,4,0,0,4,0.0,0,0,0.0,0.0,1.0
"F[2,2](((DirectLDL <= 0.877 & Pt_FatherT1D >= 0.000) | GFR >= 0.000) | Pt_MotherT1D >= 0.000)
",0.000,0.000,0.000,0.000,1.000,0,0,0,4,4,0,0,4,0.0,0,0,0.0,0.0,1.0
"F[0,0]((BldPrSys <= 127.346 | BGTestAvgNumPtRep <= 7.226) -> bmiPerc <= 2.490)
",-8961193321241387.000,-127.346,0.000,0.000,1.000,0,0,0,4,4,0,0,4,0.0,0,0,0.0,0.0,1.0
"F[0,1]((Pt_ChildT1D >= 0.000 | TotalDailyInsPerKg <= 0.197) -> HbA1cImputeDtMnC >= 0.049)
",-9999999.000,-9999999.000,0.000,0.000,1.000,0,0,0,4,4,0,0,4,0.0,0,0,0.0,0.0,1.0
"F[1,2](WeightKg >= 14.371 & Pt_SHFlg >= 0.000)
",-9999999.000,-9999999.000,0.000,0.000,1.000,0,0,0,4,4,0,0,4,0.0,0,0,0.0,0.0,1.0
"F[1,2]((Pt_DKAFlg >= 0.000 & TotalDailyInsPerKg >= 0.018) & HDL <= 0.193)
",-9999999.000,-9999999.000,0.000,0.000,1.000,0,0,0,4,4,0,0,4,0.0,0,0,0.0,0.0,1.0
"F[0,1](TotalDailyInsPerKg >= 0.050 | Pt_SiblingT1D >= 0.000)
",-9999999.000,-9999999.000,0.000,0.000,1.000,0,0,0,4,4,0,0,4,0.0,0,0,0.0,0.0,1.0
"F[0,2]((HeightCm <= 72.793 | BGTestAvgNumMeter <= 7.061) -> Pt_A1cGoalLevelDsYr5 >= 0.154)
",-9999999.000,-9999999.000,0.000,0.000,1.000,0,0,0,4,4,0,0,4,0.0,0,0,0.0,0.0,1.0
"F[0,2](GFR >= 20.893 -> diabDur <= 44.163)
",-9999999.000,-9999999.000,0.000,0.000,1.000,0,0,0,4,4,0,0,4,0.0,0,0,0.0,0.0,1.0
"F[0,0](((UnitsInsBasalOrLongAct >= 2.408 & GFR <= 26.132) & Pt_CGMUseNumDays <= 55.899) -> NumPumpBolusOrShortAct <= 69.518)
",-69.518,-69.518,0.000,0.000,1.000,0,0,0,4,4,0,0,4,0.0,0,0,0.0,0.0,1.0
"((GFR >= 1.965) U[0,1] (HbA1cImputeDtMnC <= 45.058))
",-9999999.000,-9999999.000,0.000,0.000,1.000,0,0,0,4,4,0,0,4,0.0,0,0,0.0,0.0,1.0
"((Pt_SHFlg >= 0.000) U[1,2] (SMBGperDayPtMeterCombo >= 2.841))
",-9999999.000,-9999999.000,0.000,0.000,1.000,0,0,0,4,4,0,0,4,0.0,0,0,0.0,0.0,1.0
"F[0,2]((BldPrDia >= 72.906 -> HbA1cImputeDtMnC >= 22.158) & diabDur <= 52.810)
",-9999999.000,-9999999.000,0.000,0.000,1.000,0,0,0,4,4,0,0,4,0.0,0,0,0.0,0.0,1.0
"F[2,2]((diagAgeCombo <= 3.000 -> DirectLDL <= 0.917) | Pt_InsGov <= 0.906)
",0.906,0.906,0.000,0.000,1.000,0,0,0,4,4,0,0,4,0.0,0,0,0.0,0.0,1.0
"F[1,2]((BldPrSys >= 103.132 & Pt_FatherT1D <= 0.000) -> TSH <= 0.000)
",-9999999.000,-9999999.000,0.000,0.000,1.000,0,0,0,4,4,0,0,4,0.0,0,0,0.0,0.0,1.0
"((Pt_SiblingT1D <= 0.000) U[0,2] (HeightCm <= 158.244))
",-9999999.000,-9999999.000,0.000,0.000,1.000,0,0,0,4,4,0,0,4,0.0,0,0,0.0,0.0,1.0
"F[0,2](((Pt_FatherT1D <= 0.000 -> Pt_SiblingT1D <= 0.000) -> Pt_DKAFlg >= 0.000) -> BldPrSys >= 0.000)
",-9999999.000,-9999999.000,0.000,0.000,1.000,0,0,0,4,4,0,0,4,0.0,0,0,0.0,0.0,1.0
"F[1,2]((bmi <= 14.965 & bmiPerc >= 0.000) & Pt_GrandparentT1D >= 0.000)
",-9999999.000,-9999999.000,0.000,0.000,1.000,0,0,0,4,4,0,0,4,0.0,0,0,0.0,0.0,1.0
"((Pt_DKAFlg <= 0.000) U[0,2] (Pt_A1cGoalLevelDsYr5 <= 0.000))
",-9999999.000,-9999999.000,0.000,0.000,1.000,0,0,0,4,4,0,0,4,0.0,0,0,0.0,0.0,1.0
"F[0,2](AlbCreatRat_mggNew >= 6.124 | Pt_ChildT1D <= 0.000)
",-9999999.000,-9999999.000,0.000,0.000,1.000,0,0,0,4,4,0,0,4,0.0,0,0,0.0,0.0,1.0
"F[1,2](((SMBGperDayPtMeterCombo >= 4.748 -> Triglyc <= 50.649) -> SMBGperDayPtMeterCombo <= 46.677) -> bmiPerc >= 15.107)
",-9999999.000,-9999999.000,0.000,0.000,1.000,0,0,0,4,4,0,0,4,0.0,0,0,0.0,0.0,1.0
"F[0,2]((Pt_GrandparentT1D >= 0.000 -> Pt_A1cGoalLev >= 0.000) & TotalDailyInsPerKg >= 0.000)
",-9999999.000,-9999999.000,0.000,0.000,1.000,0,0,0,4,4,0,0,4,0.0,0,0,0.0,0.0,1.0
"F[0,1](((DirectLDL <= 0.266 & Pt_FatherT1D >= 0.000) | LDL <= 0.000) | age >= 0.000)
",-9999999.000,-9999999.000,0.000,0.000,1.000,0,0,0,4,4,0,0,4,0.0,0,0,0.0,0.0,1.0
"F[0,2](bmi >= 6.189 & Pt_MotherT1D >= 0.000)
",-9999999.000,-9999999.000,0.000,0.000,1.000,0,0,0,4,4,0,0,4,0.0,0,0,0.0,0.0,1.0
"F[1,2](Pt_SHFlg >= 0.000 | bmiPerc >= 0.000)
",-9999999.000,-9999999.000,0.000,0.000,1.000,0,0,0,4,4,0,0,4,0.0,0,0,0.0,0.0,1.0
"F[0,1]((Pt_CGMUseNumDays <= 18.043 & BUN >= 7.131) -> bmi <= 17.114)
",-9999999.000,-9999999.000,0.000,0.000,1.000,0,0,0,4,4,0,0,4,0.0,0,0,0.0,0.0,1.0
"F[0,0](bmiPerc <= 0.000 -> bmiPerc <= 0.000)
",0.707,8.267,0.000,0.000,1.000,0,0,0,4,4,0,0,4,0.0,0,0,0.0,0.0,1.0
"((GFR <= 65.102) U[0,1] (BldPrSys <= 127.355))
",-9999999.000,-9999999.000,0.000,0.000,1.000,0,0,0,4,4,0,0,4,0.0,0,0,0.0,0.0,1.0
"F[0,1](((Pt_DKAFlg >= 0.000 | Pt_SiblingT1D >= 0.000) -> Pt_CGMUseNumDays >= 0.000) & Pt_CGMUseNumDays >= 0.000)
",-9999999.000,-9999999.000,0.000,0.000,1.000,0,0,0,4,4,0,0,4,0.0,0,0,0.0,0.0,1.0
"F[1,2](((WeightKg <= 61.735 & Pt_SiblingT1D >= 0.000) & diabDur >= 0.000) & age <= 0.000)
",-9999999.000,-9999999.000,0.000,0.000,1.000,0,0,0,4,4,0,0,4,0.0,0,0,0.0,0.0,1.0
"((Pt_MotherT1D <= 0.000) U[2,2] (Pt_A1cGoalLev >= 0.000))
",0.000,0.000,0.000,0.000,1.000,0,0,0,4,4,0,0,4,0.0,0,0,0.0,0.0,1.0
"((bmiZscore <= -0.061) U[0,0] (diagAgeCombo <= 3.000))
",3.000,3.000,0.000,0.000,1.000,0,0,0,4,4,0,0,4,0.0,0,0,0.0,0.0,1.0
"F[1,2]((LDL >= 16.098 | bmiPerc <= 0.000) -> Pt_SiblingT1D >= 0.000)
",-9999999.000,-9999999.000,0.000,0.000,1.000,0,0,0,4,4,0,0,4,0.0,0,0,0.0,0.0,1.0
"F[2,2](((Pt_GrandparentT1D <= 0.000 -> Pt_A1cGoalLevelDsYr5 >= 0.000) | LDL >= 0.000) -> GFR <= 0.000)
",0.000,0.000,0.000,0.000,1.000,0,0,0,4,4,0,0,4,0.0,0,0,0.0,0.0,1.0
"((AlbCreatRat_mggNew <= 17.724) U[0,2] (diabDur >= 39.500))
",-9999999.000,-9999999.000,0.000,0.000,1.000,0,0,0,4,4,0,0,4,0.0,0,0,0.0,0.0,1.0
"F[0,0]((BldPrDia <= 82.162 | Pt_InsGov >= 0.000) | Pt_A1cGoalLev <= 0.000)
",0.000,0.000,0.000,0.000,1.000,0,0,0,4,4,0,0,4,0.0,0,0,0.0,0.0,1.0
"F[1,2](((Pt_FatherT1D >= 0.000 & diagAgeCombo >= 3.000) | diagAgeCombo >= 3.000) -> TotChol <= 3.000)
",-9999999.000,-9999999.000,0.000,0.000,1.000,0,0,0,4,4,0,0,4,0.0,0,0,0.0,0.0,1.0
"F[0,2](((diabDur <= 43.719 | bmiZscore <= -0.055) -> bmiZscore <= -0.028) -> Pt_SHFlg <= -0.010)
",-9999999.000,-9999999.000,0.000,0.000,1.000,0,0,0,4,4,0,0,4,0.0,0,0,0.0,0.0,1.0
"F[0,2]((Pt_GrandparentT1D <= 0.000 & WeightKg >= 12.648) | Triglyc >= 18.031)
",-9999999.000,-9999999.000,0.000,0.000,1.000,0,0,0,4,4,0,0,4,0.0,0,0,0.0,0.0,1.0
"F[0,1]((TotChol >= 0.000 -> TotChol >= 0.000) | LDL >= 0.000)
",-9999999.000,-9999999.000,0.000,0.000,1.000,0,0,0,4,4,0,0,4,0.0,0,0,0.0,0.0,1.0
"((Pt_SiblingT1D <= 0.000) U[2,2] (Pt_A1cGoalLev <= 0.000))
",0.000,0.000,0.000,0.000,1.000,0,0,0,4,4,0,0,4,0.0,0,0,0.0,0.0,1.0
"F[1,2](Pt_DKAFlg <= 0.000 -> BldPrSys <= 119.710)
",-9999999.000,-9999999.000,0.000,0.000,1.000,0,0,0,4,4,0,0,4,0.0,0,0,0.0,0.0,1.0
"F[0,2](((UnitsInsBasalOrLongAct <= 15.310 & BUN >= 5.163) & Pt_A1cGoalLev >= 2.321) & BGTestAvgNumPtRep <= 15.556)
",-9999999.000,-9999999.000,0.000,0.000,1.000,0,0,0,4,4,0,0,4,0.0,0,0,0.0,0.0,1.0
"F[0,1](NumPumpBolusOrShortAct >= 3.259 -> AlbCreatRat_mggNew <= 15.721)
",-9999999.000,-9999999.000,0.000,0.000,1.000,0,0,0,4,4,0,0,4,0.0,0,0,0.0,0.0,1.0
"F[1,2](((Pt_ChildT1D >= 0.000 -> Pt_GrandchildT1D <= 0.000) | BGTestAvgNumMeter >= 0.000) -> Pt_FatherT1D >= 0.000)
",-9999999.000,-9999999.000,0.000,0.000,1.000,0,0,0,4,4,0,0,4,0.0,0,0,0.0,0.0,1.0
"F[0,1](((AlbCreatRat_mggNew <= 12.843 & LDL >= 27.962) | GFR >= 26.647) -> TotChol <= 63.649)
",-9999999.000,-9999999.000,0.000,0.000,1.000,0,0,0,4,4,0,0,4,0.0,0,0,0.0,0.0,1.0
"F[0,0]((LDL <= 64.560 -> DirectLDL <= 0.917) -> Pt_DKAFlg <= 0.684)
",-6161929449754979.000,-0.684,0.000,0.000,1.000,0,0,0,4,4,0,0,4,0.0,0,0,0.0,0.0,1.0
"F[1,2](((HeightCm >= 31.338 | bmi <= 17.576) | BldPrSys >= 4.008) -> HeightCm <= 19.472)
",-9999999.000,-9999999.000,0.000,0.000,1.000,0,0,0,4,4,0,0,4,0.0,0,0,0.0,0.0,1.0
"((Pt_SiblingT1D >= 0.000) U[1,2] (HDL >= 62.245))
",-9999999.000,-9999999.000,0.000,0.000,1.000,0,0,0,4,4,0,0,4,0.0,0,0,0.0,0.0,1.0
"F[1,2](((BldPrDia >= 72.401 -> BldPrDia <= 75.134) | bmi <= 75.835) & BldPrSys >= 71.099)
",-9999999.000,-9999999.000,0.000,0.000,1.000,0,0,0,4,4,0,0,4,0.0,0,0,0.0,0.0,1.0
"F[2,2]((HbA1cImputeDtMnC <= 32.186 | BldPrSys >= 105.427) & Pt_MotherT1D >= 116.152)
",-116.152,-116.152,0.000,0.000,1.000,0,0,0,4,4,0,0,4,0.0,0,0,0.0,0.0,1.0
"F[1,2](((UnitsInsBasalOrLongAct >= 4.857 | Pt_DKAFlg >= 0.000) | Pt_CGMUseNumDays <= 0.000) | GFR <= 0.000)
",-9999999.000,-9999999.000,0.000,0.000,1.000,0,0,0,4,4,0,0,4,0.0,0,0,0.0,0.0,1.0
"((Pt_InsGov >= 0.000) U[0,0] (Pt_A1cGoalLev >= 0.000))
",3.000,3.000,0.000,0.000,1.000,0,0,0,4,4,0,0,4,0.0,0,0,0.0,0.0,1.0
"F[0,2]((AlbCreatRat_mggNew <= 14.334 | TotChol <= 0.000) -> HbA1cImputeDtMnC <= 0.000)
",-9999999.000,-9999999.000,0.000,0.000,1.000,0,0,0,4,4,0,0,4,0.0,0,0,0.0,0.0,1.0
"F[1,2](((TotalDailyInsPerKg <= 0.242 | Pt_ChildT1D <= 0.000) | Pt_InsGov <= 0.000) | WeightKg >= 0.000)
",-9999999.000,-9999999.000,0.000,0.000,1.000,0,0,0,4,4,0,0,4,0.0,0,0,0.0,0.0,1.0
"F[2,2]((Pt_MotherT1D >= 0.000 -> TSH <= 0.933) | Pt_A1cGoalLevelDsYr5 <= 1.072)
",1.072,1.072,0.000,0.000,1.000,0,0,0,4,4,0,0,4,0.0,0,0,0.0,0.0,1.0
"F[1,2](BGTestAvgNumMeter >= 1.872 | TSH <= 0.935)
",-9999999.000,-9999999.000,0.000,0.000,1.000,0,0,0,4,4,0,0,4,0.0,0,0,0.0,0.0,1.0
"F[0,2](((HeightCm >= 43.798 & bmiZscore <= -0.035) & BGTestAvgNumPtRep >= -0.281) | LDL <= -0.037)
",-9999999.000,-9999999.000,0.000,0.000,1.000,0,0,0,4,4,0,0,4,0.0,0,0,0.0,0.0,1.0
"F[2,2](((TSH >= 0.106 | NumPumpBolusOrShortAct >= 4.619) & diagAgeCombo <= 6.350) | BldPrSys <= 6.070)
",6834326611710491.000,6.070,0.000,0.000,1.000,0,0,0,4,4,0,0,4,0.0,0,0,0.0,0.0,1.0
"F[1,2](((UnitsInsBasalOrLongAct <= 9.317 -> SMBGperDayPtMeterCombo >= 3.963) & HbA1cImputeDtMnC >= 2.942) | HeightCm >= 3.978)
",-9999999.000,-9999999.000,0.000,0.000,1.000,0,0,0,4,4,0,0,4,0.0,0,0,0.0,0.0,1.0
"F[2,2]((BGTestAvgNumMeter >= 2.568 -> LDL >= 4.636) & LDL >= 16.158)
",-16.158,-16.158,0.000,0.000,1.000,0,0,0,4,4,0,0,4,0.0,0,0,0.0,0.0,1.0
"F[1,2](HbA1c <= 7.204 -> LDL >= 30.535)
",-9999999.000,-9999999.000,0.000,0.000,1.000,0,0,0,4,4,0,0,4,0.0,0,0,0.0,0.0,1.0
"((Pt_GrandchildT1D <= 0.000) U[2,2] (Pt_DKAFlg <= 0.000))
",0.000,0.000,0.000,0.000,1.000,0,0,0,4,4,0,0,4,0.0,0,0,0.0,0.0,1.0
"((Pt_ChildT1D >= 0.000) U[0,2] (Pt_SHFlg <= 0.000))
",-9999999.000,-9999999.000,0.000,0.000,1.000,0,0,0,4,4,0,0,4,0.0,0,0,0.0,0.0,1.0
"F[1,2](((TotChol >= 0.000 & SMBGperDayPtMeterCombo <= 6.299) | bmiPerc >= 1.208) & Pt_InsGov <= 6.948)
",-9999999.000,-9999999.000,0.000,0.000,1.000,0,0,0,4,4,0,0,4,0.0,0,0,0.0,0.0,1.0
"((Pt_A1cGoalLevelDsYr5 <= 0.000) U[0,1] (NumPumpBolusOrShortAct >= 4.721))
",-9999999.000,-9999999.000,0.000,0.000,1.000,0,0,0,4,4,0,0,4,0.0,0,0,0.0,0.0,1.0
"F[1,2](((AlbCreatRat_mggNew <= 16.183 -> TotChol >= 0.000) & Pt_GrandchildT1D >= 0.000) | Pt_A1cGoalLevelDsYr5 >= 0.000)
",-9999999.000,-9999999.000,0.000,0.000,1.000,0,0,0,4,4,0,0,4,0.0,0,0,0.0,0.0,1.0
"F[0,2]((Triglyc >= 10.732 & HDL >= 71.385) -> SMBGperDayPtMeterCombo <= 144.454)
",-9999999.000,-9999999.000,0.000,0.000,1.000,0,0,0,4,4,0,0,4,0.0,0,0,0.0,0.0,1.0
"((Pt_A1cGoalLev <= 0.000) U[0,2] (Pt_SHFlg <= 0.000))
",-9999999.000,-9999999.000,0.000,0.000,1.000,0,0,0,4,4,0,0,4,0.0,0,0,0.0,0.0,1.0
"((Pt_InsGov >= 0.000) U[0,2] (AlbCreatRat_mggNew <= 18.207))
",-9999999.000,-9999999.000,0.000,0.000,1.000,0,0,0,4,4,0,0,4,0.0,0,0,0.0,0.0,1.0
"((Pt_InsGov <= 0.000) U[0,1] (Pt_SHFlg <= 0.000))
",-9999999.000,-9999999.000,0.000,0.000,1.000,0,0,0,4,4,0,0,4,0.0,0,0,0.0,0.0,1.0
"F[0,0](((Pt_ChildT1D <= 0.000 -> Pt_GrandchildT1D >= 0.000) | Pt_InsGov >= 0.000) | bmiPerc <= 0.000)
",0.000,0.000,0.000,0.000,1.000,0,0,0,4,4,0,0,4,0.0,0,0,0.0,0.0,1.0
"F[0,2](((TotChol >= 0.000 | bmi >= 4.566) -> diabDur >= 4.719) -> WeightKg >= 2.276)
",-9999999.000,-9999999.000,0.000,0.000,1.000,0,0,0,4,4,0,0,4,0.0,0,0,0.0,0.0,1.0
"F[2,2](BGTestAvgNumMeter <= 4.201 & DirectLDL >= 0.058)
",-0.058,-0.058,0.000,0.000,1.000,0,0,0,4,4,0,0,4,0.0,0,0,0.0,0.0,1.0
"F[2,2]((GFR <= 35.527 | TSH >= 0.551) -> TotChol >= 0.697)
",-35.527,-35.527,0.000,0.000,1.000,0,0,0,4,4,0,0,4,0.0,0,0,0.0,0.0,1.0
"F[0,2](((BldPrDia <= 75.423 -> WeightKg <= 59.480) | GFR <= 27.365) & Pt_FatherT1D <= 26.277)
",-9999999.000,-9999999.000,0.000,0.000,1.000,0,0,0,4,4,0,0,4,0.0,0,0,0.0,0.0,1.0
"F[0,2](HbA1cImputeDtMnC <= 42.780 & TSH >= 0.319)
",-9999999.000,-9999999.000,0.000,0.000,1.000,0,0,0,4,4,0,0,4,0.0,0,0,0.0,0.0,1.0
"F[0,2]((LDL >= 24.872 & Triglyc <= 46.101) & SMBGperDayPtMeterCombo <= 41.855)
",-9999999.000,-9999999.000,0.000,0.000,1.000,0,0,0,4,4,0,0,4,0.0,0,0,0.0,0.0,1.0
"F[0,1](((BldPrDia >= 64.661 | BldPrSys >= 103.605) | Pt_SHFlg >= 102.896) & Pt_SiblingT1D <= 118.316)
",-9999999.000,-9999999.000,0.000,0.000,1.000,0,0,0,4,4,0,0,4,0.0,0,0,0.0,0.0,1.0
"F[1,2]((bmi <= 9.535 | HeightCm >= 24.193) & Pt_ChildT1D <= 82.445)
",-9999999.000,-9999999.000,0.000,0.000,1.000,0,0,0,4,4,0,0,4,0.0,0,0,0.0,0.0,1.0
"F[0,2](Pt_FatherT1D <= 0.000 & Pt_SHFlg = 0.000)
",-9999999.000,-9999999.000,0.000,0.000,1.000,0,0,0,4,4,0,0,4,0.0,0,0,0.0,0.0,1.0
"F[1,2](Pt_GrandchildT1D > 0.000 & Pt_SHFlg = 0.000)
",-9999999.000,-9999999.000,0.000,0.000,1.000,0,0,0,4,4,0,0,4,0.0,0,0,0.0,0.0,1.0
"F[0,1](bmiZscore >= -0.228 & Pt_SHFlg = 0.000)
",-9999999.000,-9999999.000,0.000,0.000,1.000,0,0,0,4,4,0,0,4,0.0,0,0,0.0,0.0,1.0
"F[1,1](bmi > 0.741 -> Pt_SHFlg = 0.000)
",0.000,0.000,0.000,0.000,1.000,0,0,0,4,4,0,0,4,0.0,0,0,0.0,0.0,1.0
"F[0,2](WeightKg <= 38.509 & Pt_SHFlg = 0.000)
",-9999999.000,-9999999.000,0.000,0.000,1.000,0,0,0,4,4,0,0,4,0.0,0,0,0.0,0.0,1.0
"((TotalDailyInsPerKg <= 0.257) U[1,2] (Pt_SHFlg = 0.000))
",-9999999.000,-9999999.000,0.000,0.000,1.000,0,0,0,4,4,0,0,4,0.0,0,0,0.0,0.0,1.0
"F[1,1](Pt_MotherT1D > 0.000 -> Pt_SHFlg = 0.000)
",0.000,0.000,0.000,0.000,1.000,0,0,0,4,4,0,0,4,0.0,0,0,0.0,0.0,1.0
"((AlbCreatRat_mggNew <= 22.247) U[0,1] (Pt_SHFlg = 0.000))
",-9999999.000,-9999999.000,0.000,0.000,1.000,0,0,0,4,4,0,0,4,0.0,0,0,0.0,0.0,1.0
"F[0,2](Pt_InsGov < 0.000 -> Pt_SHFlg = 0.000)
",-9999999.000,-9999999.000,0.000,0.000,1.000,0,0,0,4,4,0,0,4,0.0,0,0,0.0,0.0,1.0
"F[0,2](AutonomicNeuroCl > 0.000 -> Pt_SHFlg = 0.000)
",-9999999.000,-9999999.000,0.000,0.000,1.000,0,0,0,4,4,0,0,4,0.0,0,0,0.0,0.0,1.0
"((Pt_CGMUseNumDays <= 20.603) U[0,1] (Pt_SHFlg = 0.000))
",-9999999.000,-9999999.000,0.000,0.000,1.000,0,0,0,4,4,0,0,4,0.0,0,0,0.0,0.0,1.0
"F[0,2](((BGTestAvgNumPtRep <= 7.751 -> HbA1c <= 6.544) & SMBGperDayPtMeterCombo <= 6.335) & Pt_A1cGoalLevelDsYr5 <= 6.918)
",-9999999.000,-9999999.000,0.000,0.000,1.000,0,0,0,4,4,0,0,4,0.0,0,0,0.0,0.0,1.0
"F[1,1]((BldPrDia <= 76.781 | bmi <= 12.054) -> SMBGperDayPtMeterCombo <= 12.772)
",-76.781,-76.781,0.000,0.000,1.000,0,0,0,4,4,0,0,4,0.0,0,0,0.0,0.0,1.0
"F[0,0](((HbA1cImputeDtMnC <= 55.076 | LDL >= 35.688) -> bmi <= 63.126) & bmi <= 54.463)
",-63.126,-63.126,0.000,0.000,1.000,0,0,0,4,4,0,0,4,0.0,0,0,0.0,0.0,1.0
"F[1,2](BldPrDia <= 81.002 | HeightCm >= 17.398)
",-9999999.000,-9999999.000,0.000,0.000,1.000,0,0,0,4,4,0,0,4,0.0,0,0,0.0,0.0,1.0
"F[2,2]((BldPrDia <= 79.994 -> TotalDailyInsPerKg <= 0.213) & BGTestAvgNumPtRep <= 0.352)
",-79.994,-79.994,0.000,0.000,1.000,0,0,0,4,4,0,0,4,0.0,0,0,0.0,0.0,1.0
"F[1,2]((HbA1c >= 4.764 & HeightCm >= 14.570) & TotChol <= 77.342)
",-9999999.000,-9999999.000,0.000,0.000,1.000,0,0,0,4,4,0,0,4,0.0,0,0,0.0,0.0,1.0
"F[1,2](((BGTestAvgNumPtRep >= 1.544 -> SMBGperDayPtMeterCombo >= 1.509) | HeightCm >= 4.280) -> BGTestAvgNumMeter <= 5.289)
",-9999999.000,-9999999.000,0.000,0.000,1.000,0,0,0,4,4,0,0,4,0.0,0,0,0.0,0.0,1.0
"F[0,2](((bmi <= 21.312 -> TotalDailyInsPerKg <= 0.356) | Pt_SiblingT1D <= 0.334) -> HeightCm <= 0.412)
",-9999999.000,-9999999.000,0.000,0.000,1.000,0,0,0,4,4,0,0,4,0.0,0,0,0.0,0.0,1.0
"F[0,0](TotalDailyInsPerKg <= 0.136 | WeightKg >= 9.282)
",-3.219,-6.615,0.000,0.000,1.000,0,0,0,4,4,0,0,4,0.0,0,0,0.0,0.0,1.0
"F[0,2]((bmiZscore <= -0.040 | UnitsInsBasalOrLongAct <= 12.268) & Pt_ChildT1D >= 6.289)
",-9999999.000,-9999999.000,0.000,0.000,1.000,0,0,0,4,4,0,0,4,0.0,0,0,0.0,0.0,1.0
"F[1,1](((bmi >= 2.548 | HbA1c >= 6.069) | Pt_ChildT1D >= 0.896) | bmiZscore >= 2.938)
",-0.896,-0.896,0.000,0.000,1.000,0,0,0,4,4,0,0,4,0.0,0,0,0.0,0.0,1.0
"F[1,2](HbA1c <= 6.294 & WeightKg <= 24.463)
",-9999999.000,-9999999.000,0.000,0.000,1.000,0,0,0,4,4,0,0,4,0.0,0,0,0.0,0.0,1.0
"F[0,1](((BldPrDia <= 78.433 | bmiZscore >= -0.179) & BldPrSys >= -0.169) -> SMBGperDayPtMeterCombo >= -0.288)
",-9999999.000,-9999999.000,0.000,0.000,1.000,0,0,0,4,4,0,0,4,0.0,0,0,0.0,0.0,1.0
"((BldPrSys <= 126.330) U[0,2] (Pt_CGMUseNumDays >= 1.474))
",-9999999.000,-9999999.000,0.000,0.000,1.000,0,0,0,4,4,0,0,4,0.0,0,0,0.0,0.0,1.0
"F[0,2](bmi >= 4.218 | UnitsInsBasalOrLongAct >= 2.469)
",-9999999.000,-9999999.000,0.000,0.000,1.000,0,0,0,4,4,0,0,4,0.0,0,0,0.0,0.0,1.0
"F[0,1](((BGTestAvgNumPtRep >= 0.678 & TotalDailyInsPerKg >= 0.030) -> Pt_GrandparentT1D >= 0.027) | Pt_SiblingT1D <= 0.179)
",-9999999.000,-9999999.000,0.000,0.000,1.000,0,0,0,4,4,0,0,4,0.0,0,0,0.0,0.0,1.0
"F[0,1]((BldPrDia <= 81.617 & Pt_CGMUseNumDays <= 19.955) | diabDur >= 1.524)
",-9999999.000,-9999999.000,0.000,0.000,1.000,0,0,0,4,4,0,0,4,0.0,0,0,0.0,0.0,1.0
"F[1,1](((BldPrSys <= 119.881 -> bmi <= 9.751) | DirectLDL <= 10.791) | Triglyc >= 3.375)
",10.791,10.791,0.000,0.000,1.000,0,0,0,4,4,0,0,4,0.0,0,0,0.0,0.0,1.0
"F[0,2]((BldPrSys <= 130.438 & WeightKg >= 12.713) | Pt_SHFlg >= 14.074)
",-9999999.000,-9999999.000,0.000,0.000,1.000,0,0,0,4,4,0,0,4,0.0,0,0,0.0,0.0,1.0
"((Pt_FatherT1D >= 0.000) U[0,1] (Pt_SHFlg = 0.000))
",-9999999.000,-9999999.000,0.000,0.000,1.000,0,0,0,4,4,0,0,4,0.0,0,0,0.0,0.0,1.0
"F[1,2](Pt_A1cGoalLev <= 0.000 -> Pt_SHFlg = 0.000)
",-9999999.000,-9999999.000,0.000,0.000,1.000,0,0,0,4,4,0,0,4,0.0,0,0,0.0,0.0,1.0
"F[2,2](Triglyc <= 46.795 -> Pt_SHFlg = 0.000)
",-46.795,-46.795,0.000,0.000,1.000,0,0,0,4,4,0,0,4,0.0,0,0,0.0,0.0,1.0
"F[0,1](diagAgeCombo > 3.000 -> Pt_SHFlg = 0.000)
",-9999999.000,-9999999.000,0.000,0.000,1.000,0,0,0,4,4,0,0,4,0.0,0,0,0.0,0.0,1.0
"F[1,2](HbA1c >= 2.956 -> Pt_A1cGoalLevelDsYr5 = 0.000)
",-9999999.000,-9999999.000,0.000,0.000,1.000,0,0,0,4,4,0,0,4,0.0,0,0,0.0,0.0,1.0
"((BGTestAvgNumMeter >= 0.328) U[2,2] (BGTestAvgNumPtRep <= 6.995))
",7875246698220309.000,6.995,0.000,0.000,1.000,0,0,0,4,4,0,0,4,0.0,0,0,0.0,0.0,1.0
"F[1,2](HbA1c >= 6.232 -> Pt_A1cGoalLevelDsYr5 = 0.000)
",-9999999.000,-9999999.000,0.000,0.000,1.000,0,0,0,4,4,0,0,4,0.0,0,0,0.0,0.0,1.0
"((BGTestAvgNumMeter >= 2.176) U[1,2] (BGTestAvgNumPtRep <= 4.953))
",-9999999.000,-9999999.000,0.000,0.000,1.000,0,0,0,4,4,0,0,4,0.0,0,0,0.0,0.0,1.0
"F[1,2](HbA1c >= 5.226 -> Pt_A1cGoalLevelDsYr5 = 0.000)
",-9999999.000,-9999999.000,0.000,0.000,1.000,0,0,0,4,4,0,0,4,0.0,0,0,0.0,0.0,1.0
"((BGTestAvgNumMeter >= 1.377) U[1,2] (BGTestAvgNumPtRep <= 5.736))
",-9999999.000,-9999999.000,0.000,0.000,1.000,0,0,0,4,4,0,0,4,0.0,0,0,0.0,0.0,1.0
"F[2,2](HbA1c >= 4.764 -> Pt_A1cGoalLevelDsYr5 = 0.000)
",0.000,0.000,0.000,0.000,1.000,0,0,0,4,4,0,0,4,0.0,0,0,0.0,0.0,1.0
"((BGTestAvgNumMeter >= 3.132) U[0,0] (BGTestAvgNumPtRep <= 5.187))
",2.945,9.308,0.000,0.000,1.000,0,0,0,4,4,0,0,4,0.0,0,0,0.0,0.0,1.0
"F[2,2](HbA1c >= 1.929 -> Pt_A1cGoalLevelDsYr5 = 0.000)
",0.000,0.000,0.000,0.000,1.000,0,0,0,4,4,0,0,4,0.0,0,0,0.0,0.0,1.0
"((BGTestAvgNumMeter >= 2.688) U[1,2] (BGTestAvgNumPtRep <= 2.516))
",-9999999.000,-9999999.000,0.000,0.000,1.000,0,0,0,4,4,0,0,4,0.0,0,0,0.0,0.0,1.0
"F[0,1](HbA1c >= 2.157 -> Pt_A1cGoalLevelDsYr5 = 0.000)
",-9999999.000,-9999999.000,0.000,0.000,1.000,0,0,0,4,4,0,0,4,0.0,0,0,0.0,0.0,1.0
"((BGTestAvgNumMeter >= 1.057) U[2,2] (BGTestAvgNumPtRep <= 7.293))
",7.293,7.293,0.000,0.000,1.000,0,0,0,4,4,0,0,4,0.0,0,0,0.0,0.0,1.0
"F[1,2](HbA1c >= 4.317 -> Pt_A1cGoalLevelDsYr5 = 0.000)
",-9999999.000,-9999999.000,0.000,0.000,1.000,0,0,0,4,4,0,0,4,0.0,0,0,0.0,0.0,1.0
"((BGTestAvgNumMeter >= 2.755) U[1,2] (BGTestAvgNumPtRep <= 6.941))
",-9999999.000,-9999999.000,0.000,0.000,1.000,0,0,0,4,4,0,0,4,0.0,0,0,0.0,0.0,1.0
"F[0,2](HbA1c >= 0.208 -> Pt_A1cGoalLevelDsYr5 = 0.000)
",-9999999.000,-9999999.000,0.000,0.000,1.000,0,0,0,4,4,0,0,4,0.0,0,0,0.0,0.0,1.0
"((BGTestAvgNumMeter >= 1.087) U[0,1] (BGTestAvgNumPtRep <= 7.143))
",-9999999.000,-9999999.000,0.000,0.000,1.000,0,0,0,4,4,0,0,4,0.0,0,0,0.0,0.0,1.0
"F[1,2](HbA1c >= 0.898 -> Pt_A1cGoalLevelDsYr5 = 0.000)
",-9999999.000,-9999999.000,0.000,0.000,1.000,0,0,0,4,4,0,0,4,0.0,0,0,0.0,0.0,1.0
"((BGTestAvgNumMeter >= 0.934) U[0,2] (BGTestAvgNumPtRep <= 3.570))
",-9999999.000,-9999999.000,0.000,0.000,1.000,0,0,0,4,4,0,0,4,0.0,0,0,0.0,0.0,1.0
"F[0,2](WeightKg > 15.219 & Pt_SHFlg = 0.000)
",-9999999.000,-9999999.000,0.000,0.000,1.000,0,0,0,4,4,0,0,4,0.0,0,0,0.0,0.0,1.0
"((UnitsInsBasalOrLongAct < 14.429) U[0,1] (Pt_SHFlg = 0.000))
",-9999999.000,-9999999.000,0.000,0.000,1.000,0,0,0,4,4,0,0,4,0.0,0,0,0.0,0.0,1.0
"((BGTestAvgNumMeter <= 5.125) U[2,2] (Pt_SHFlg = 0.000))
",5.125,5.125,0.000,0.000,1.000,0,0,0,4,4,0,0,4,0.0,0,0,0.0,0.0,1.0
"((Pt_MotherT1D <= 0.000) U[0,0] (Pt_SHFlg = 0.000))
",0.000,0.000,0.000,0.000,1.000,0,0,0,4,4,0,0,4,0.0,0,0,0.0,0.0,1.0
"F[0,1](Pt_SiblingT1D < 0.000 -> Pt_SHFlg = 0.000)
",-9999999.000,-9999999.000,0.000,0.000,1.000,0,0,0,4,4,0,0,4,0.0,0,0,0.0,0.0,1.0
"F[1,2](HbA1c <= 7.200 -> Pt_SHFlg = 0.000)
",-9999999.000,-9999999.000,0.000,0.000,1.000,0,0,0,4,4,0,0,4,0.0,0,0,0.0,0.0,1.0
"F[2,2](LDL <= 45.538 -> Pt_SHFlg = 0.000)
",-45.538,-45.538,0.000,0.000,1.000,0,0,0,4,4,0,0,4,0.0,0,0,0.0,0.0,1.0
"F[0,1](Pt_SHFlg <= 0.000 & Pt_SHFlg = 0.000)
",-9999999.000,-9999999.000,0.000,0.000,1.000,0,0,0,4,4,0,0,4,0.0,0,0,0.0,0.0,1.0
"((DirectLDL >= 0.131) U[0,2] (Pt_SHFlg = 0.000))
",-9999999.000,-9999999.000,0.000,0.000,1.000,0,0,0,4,4,0,0,4,0.0,0,0,0.0,0.0,1.0
"F[0,0](bmi <= 22.456 -> Pt_SHFlg = 0.000)
",-22.456,-22.456,0.000,0.000,1.000,0,0,0,4,4,0,0,4,0.0,0,0,0.0,0.0,1.0
"F[0,2](TSH < 0.952 -> Pt_SHFlg = 0.000)
",-9999999.000,-9999999.000,0.000,0.000,1.000,0,0,0,4,4,0,0,4,0.0,0,0,0.0,0.0,1.0
"((UnitsInsBasalOrLongAct <= 14.736) U[0,2] (Pt_SHFlg = 0.000))
",-9999999.000,-9999999.000,0.000,0.000,1.000,0,0,0,4,4,0,0,4,0.0,0,0,0.0,0.0,1.0
"((Pt_MotherT1D <= 0.000) U[0,2] (Pt_SHFlg = 0.000))
",-9999999.000,-9999999.000,0.000,0.000,1.000,0,0,0,4,4,0,0,4,0.0,0,0,0.0,0.0,1.0
"((BldPrSys > 106.513) U[1,2] (Pt_SHFlg = 0.000))
",-9999999.000,-9999999.000,0.000,0.000,1.000,0,0,0,4,4,0,0,4,0.0,0,0,0.0,0.0,1.0
"F[0,2](TotChol >= 0.000 -> Pt_SHFlg = 0.000)
",-9999999.000,-9999999.000,0.000,0.000,1.000,0,0,0,4,4,0,0,4,0.0,0,0,0.0,0.0,1.0
"F[0,1](HeightCm <= 98.307 -> TotalDailyInsPerKg <= 0.373)
",-9999999.000,-9999999.000,0.000,0.000,1.000,0,0,0,4,4,0,0,4,0.0,0,0,0.0,0.0,1.0
"F[2,2](((BUN <= 16.093 -> HDL >= 54.428) | HbA1c >= 8.878) & GFR <= 101.519)
",-8.878,-8.878,0.000,0.000,1.000,0,0,0,4,4,0,0,4,0.0,0,0,0.0,0.0,1.0
"F[1,1](BldPrSys >= 115.842 -> GFR <= 41.025)
",-41.025,-41.025,0.000,0.000,1.000,0,0,0,4,4,0,0,4,0.0,0,0,0.0,0.0,1.0
"F[0,2]((HDL >= 65.247 & UnitsInsBasalOrLongAct >= 1.187) -> HeightCm >= 4.303)
",-9999999.000,-9999999.000,0.000,0.000,1.000,0,0,0,4,4,0,0,4,0.0,0,0,0.0,0.0,1.0
"F[1,2]((AlbCreatRat_mggNew <= 18.120 | WeightKg <= 59.327) & HbA1cImputeDtMnC >= 2.595)
",-9999999.000,-9999999.000,0.000,0.000,1.000,0,0,0,4,4,0,0,4,0.0,0,0,0.0,0.0,1.0
"F[0,2](BUN >= 7.316 -> WeightKg <= 36.117)
",-9999999.000,-9999999.000,0.000,0.000,1.000,0,0,0,4,4,0,0,4,0.0,0,0,0.0,0.0,1.0
"F[0,2](BGTestAvgNumMeter <= 6.073 -> Triglyc <= 34.302)
",-9999999.000,-9999999.000,0.000,0.000,1.000,0,0,0,4,4,0,0,4,0.0,0,0,0.0,0.0,1.0
"F[1,2]((BGTestAvgNumPtRep <= 4.436 | DirectLDL >= 0.038) -> diabDur <= 0.863)
",-9999999.000,-9999999.000,0.000,0.000,1.000,0,0,0,4,4,0,0,4,0.0,0,0,0.0,0.0,1.0
"F[1,2]((BGTestAvgNumPtRep >= 0.153 -> HeightCm <= 114.723) | TSH >= 21.280)
",-9999999.000,-9999999.000,0.000,0.000,1.000,0,0,0,4,4,0,0,4,0.0,0,0,0.0,0.0,1.0
"F[0,0](((GFR <= 33.592 -> HDL <= 131.688) | GFR <= 127.438) & HbA1cImputeDtMnC <= 130.196)
",262.752,123.863,0.000,0.000,1.000,0,0,0,4,4,0,0,4,0.0,0,0,0.0,0.0,1.0
"F[1,2](((BUN >= 10.865 & TotalDailyInsPerKg <= 0.201) -> HbA1cImputeDtMnC <= 0.355) | LDL >= 0.049)
",-9999999.000,-9999999.000,0.000,0.000,1.000,0,0,0,4,4,0,0,4,0.0,0,0,0.0,0.0,1.0
"F[0,1](((BGTestAvgNumMeter >= 0.126 -> BldPrSys >= 109.112) | Triglyc <= 131.015) | bmi >= 115.058)
",-9999999.000,-9999999.000,0.000,0.000,1.000,0,0,0,4,4,0,0,4,0.0,0,0,0.0,0.0,1.0
"F[2,2](BldPrSys >= 105.281 -> TSH <= 0.797)
",-0.797,-0.797,0.000,0.000,1.000,0,0,0,4,4,0,0,4,0.0,0,0,0.0,0.0,1.0
"F[0,1](AlbCreatRat_mggNew >= 6.104 | GFR <= 80.987)
",-9999999.000,-9999999.000,0.000,0.000,1.000,0,0,0,4,4,0,0,4,0.0,0,0,0.0,0.0,1.0
"F[0,0](((bmi >= 5.845 & Pt_CGMUseNumDays <= 12.547) | Triglyc <= 19.083) -> BGTestAvgNumPtRep <= 23.583)
",-11.270,-21.083,0.000,0.000,1.000,0,0,0,4,4,0,0,4,0.0,0,0,0.0,0.0,1.0
"F[1,2]((HeightCm >= 28.377 | Pt_CGMUseNumDays <= 8.313) | Pt_A1cGoalLevelDsYr5 <= 18.172)
",-9999999.000,-9999999.000,0.000,0.000,1.000,0,0,0,4,4,0,0,4,0.0,0,0,0.0,0.0,1.0
"F[0,2](((BldPrSys <= 119.771 | diabDur <= 43.803) & TSH >= 40.268) | BldPrSys >= 40.252)
",-9999999.000,-9999999.000,0.000,0.000,1.000,0,0,0,4,4,0,0,4,0.0,0,0,0.0,0.0,1.0
"((age <= 45.606) U[1,2] (Pt_CGMUseNumDays >= 1.033))
",-9999999.000,-9999999.000,0.000,0.000,1.000,0,0,0,4,4,0,0,4,0.0,0,0,0.0,0.0,1.0
"((bmi >= 0.080) U[2,2] (Triglyc >= 5.809))
",-0.080,-0.080,0.000,0.000,1.000,0,0,0,4,4,0,0,4,0.0,0,0,0.0,0.0,1.0
"F[0,0]((HeightCm >= 30.743 & NumPumpBolusOrShortAct <= 6.292) -> HbA1c >= 4.953)
",0.104,0.498,0.000,0.000,1.000,0,0,0,4,4,0,0,4,0.0,0,0,0.0,0.0,1.0
"F[0,2](((bmiZscore >= -0.301 -> Triglyc <= 38.048) & HDL >= 13.120) -> TotChol <= 49.376)
",-9999999.000,-9999999.000,0.000,0.000,1.000,0,0,0,4,4,0,0,4,0.0,0,0,0.0,0.0,1.0
"F[1,2]((bmi >= 0.033 & NumPumpBolusOrShortAct <= 6.409) -> Pt_SiblingT1D >= 4.702)
",-9999999.000,-9999999.000,0.000,0.000,1.000,0,0,0,4,4,0,0,4,0.0,0,0,0.0,0.0,1.0
"F[0,0]((bmiZscore <= -0.004 & DirectLDL <= 0.269) -> DirectLDL >= 0.035)
",-0.707,-53.326,0.000,0.000,1.000,0,0,0,4,4,0,0,4,0.0,0,0,0.0,0.0,1.0
"F[0,1](AlbCreatRat_mggNew <= 20.974 -> Triglyc >= 23.876)
",-9999999.000,-9999999.000,0.000,0.000,1.000,0,0,0,4,4,0,0,4,0.0,0,0,0.0,0.0,1.0
"F[1,2](Pt_CGMUseNumDays >= 4.015 & TotalDailyInsPerKg <= 0.254)
",-9999999.000,-9999999.000,0.000,0.000,1.000,0,0,0,4,4,0,0,4,0.0,0,0,0.0,0.0,1.0
"F[1,2](((DirectLDL >= 0.084 -> Pt_CGMUseNumDays <= 8.874) | BGTestAvgNumPtRep <= 9.976) | BldPrSys >= 0.055)
",-9999999.000,-9999999.000,0.000,0.000,1.000,0,0,0,4,4,0,0,4,0.0,0,0,0.0,0.0,1.0
"F[0,2]((HeightCm >= 4.702 | LDL <= 44.323) | BldPrSys >= 1.375)
",-9999999.000,-9999999.000,0.000,0.000,1.000,0,0,0,4,4,0,0,4,0.0,0,0,0.0,0.0,1.0
"((bmiZscore <= -0.025) U[0,1] (BUN <= 14.447))
",-9999999.000,-9999999.000,0.000,0.000,1.000,0,0,0,4,4,0,0,4,0.0,0,0,0.0,0.0,1.0
"F[1,1](((GFR <= 80.183 | HeightCm >= 23.611) -> BldPrSys >= 21.977) | BGTestAvgNumPtRep <= 101.988)
",101.988,101.988,0.000,0.000,1.000,0,0,0,4,4,0,0,4,0.0,0,0,0.0,0.0,1.0
"F[1,1]((diabDur <= 44.838 & LDL >= 6.911) | DirectLDL <= 61.410)
",61.410,61.410,0.000,0.000,1.000,0,0,0,4,4,0,0,4,0.0,0,0,0.0,0.0,1.0
"((NumPumpBolusOrShortAct >= 2.465) U[0,2] (WeightKg >= 11.826))
",-9999999.000,-9999999.000,0.000,0.000,1.000,0,0,0,4,4,0,0,4,0.0,0,0,0.0,0.0,1.0
"((BGTestAvgNumMeter >= 2.444) U[0,2] (BGTestAvgNumPtRep <= 5.162))
",-9999999.000,-9999999.000,0.000,0.000,1.000,0,0,0,4,4,0,0,4,0.0,0,0,0.0,0.0,1.0
"F[0,1](bmi <= 22.940 & DirectLDL <= 0.504)
",-9999999.000,-9999999.000,0.000,0.000,1.000,0,0,0,4,4,0,0,4,0.0,0,0,0.0,0.0,1.0
"F[0,2](AlbCreatRat_mggNew >= 6.315 -> BGTestAvgNumMeter >= 2.602)
",-9999999.000,-9999999.000,0.000,0.000,1.000,0,0,0,4,4,0,0,4,0.0,0,0,0.0,0.0,1.0
"F[0,1](bmi >= 3.403 | GFR >= 21.380)
",-9999999.000,-9999999.000,0.000,0.000,1.000,0,0,0,4,4,0,0,4,0.0,0,0,0.0,0.0,1.0
"F[0,1](((DirectLDL <= 0.314 -> HbA1c >= 3.839) & bmiPerc >= 0.188) | BUN >= 2.224)
",-9999999.000,-9999999.000,0.000,0.000,1.000,0,0,0,4,4,0,0,4,0.0,0,0,0.0,0.0,1.0
"((AlbCreatRat_mggNew <= 19.567) U[1,2] (bmiZscore >= -0.164))
",-9999999.000,-9999999.000,0.000,0.000,1.000,0,0,0,4,4,0,0,4,0.0,0,0,0.0,0.0,1.0
"F[0,2]((Triglyc <= 46.677 | WeightKg >= 11.633) | Pt_SiblingT1D >= 13.137)
",-9999999.000,-9999999.000,0.000,0.000,1.000,0,0,0,4,4,0,0,4,0.0,0,0,0.0,0.0,1.0
"F[1,2](TotalDailyInsPerKg <= 0.369 & Triglyc <= 34.607)
",-9999999.000,-9999999.000,0.000,0.000,1.000,0,0,0,4,4,0,0,4,0.0,0,0,0.0,0.0,1.0
"F[0,1](AlbCreatRat_mggNew <= 18.347 & BldPrDia <= 73.100)
",-9999999.000,-9999999.000,0.000,0.000,1.000,0,0,0,4,4,0,0,4,0.0,0,0,0.0,0.0,1.0
"F[1,2]((HbA1cImputeDtMnC <= 65.679 -> TotalDailyInsPerKg >= 0.057) | Pt_ChildT1D >= 0.052)
",-9999999.000,-9999999.000,0.000,0.000,1.000,0,0,0,4,4,0,0,4,0.0,0,0,0.0,0.0,1.0
"F[0,2](((AlbCreatRat_mggNew <= 20.499 & NumPumpBolusOrShortAct <= 5.488) | Pt_A1cGoalLev >= 0.716) & BldPrSys <= 6.657)
",-9999999.000,-9999999.000,0.000,0.000,1.000,0,0,0,4,4,0,0,4,0.0,0,0,0.0,0.0,1.0
"F[0,1](((Pt_CGMUseNumDays <= 18.979 & Triglyc <= 43.611) | Pt_A1cGoalLev >= 32.964) -> bmi >= 4.133)
",-9999999.000,-9999999.000,0.000,0.000,1.000,0,0,0,4,4,0,0,4,0.0,0,0,0.0,0.0,1.0
"F[0,1](HDL >= 7.990 -> NumPumpBolusOrShortAct >= 1.062)
",-9999999.000,-9999999.000,0.000,0.000,1.000,0,0,0,4,4,0,0,4,0.0,0,0,0.0,0.0,1.0
"F[0,2](((HbA1cImputeDtMnC <= 50.066 & NumPumpBolusOrShortAct <= 5.573) & HbA1cImputeDtMnC >= 2.474) & WeightKg <= 6.731)
",-9999999.000,-9999999.000,0.000,0.000,1.000,0,0,0,4,4,0,0,4,0.0,0,0,0.0,0.0,1.0
"F[0,0]((HbA1cImputeDtMnC >= 24.372 | WeightKg <= 33.065) | diagAgeCombo <= 60.444)
",8506785108197467.000,60.444,0.000,0.000,1.000,0,0,0,4,4,0,0,4,0.0,0,0,0.0,0.0,1.0
"F[0,2]((BGTestAvgNumPtRep <= 7.295 | UnitsInsBasalOrLongAct >= 1.499) -> TotChol >= 0.744)
",-9999999.000,-9999999.000,0.000,0.000,1.000,0,0,0,4,4,0,0,4,0.0,0,0,0.0,0.0,1.0
"F[2,2](GFR <= 63.263 | TotalDailyInsPerKg <= 0.122)
",8903534752225789.000,63.263,0.000,0.000,1.000,0,0,0,4,4,0,0,4,0.0,0,0,0.0,0.0,1.0
"F[1,2]((BldPrDia <= 81.780 | UnitsInsBasalOrLongAct >= 7.285) -> Pt_FatherT1D <= 11.816)
",-9999999.000,-9999999.000,0.000,0.000,1.000,0,0,0,4,4,0,0,4,0.0,0,0,0.0,0.0,1.0
"((BUN <= 17.990) U[1,2] (UnitsInsBasalOrLongAct >= 1.788))
",-9999999.000,-9999999.000,0.000,0.000,1.000,0,0,0,4,4,0,0,4,0.0,0,0,0.0,0.0,1.0
"F[2,2](((BldPrDia >= 70.585 & Triglyc <= 54.330) -> DirectLDL <= 41.291) & Pt_GrandchildT1D <= 44.811)
",-41.291,-41.291,0.000,0.000,1.000,0,0,0,4,4,0,0,4,0.0,0,0,0.0,0.0,1.0
"((bmiZscore >= -0.124) U[2,2] (TSH <= 1.113))
",1.113,1.113,0.000,0.000,1.000,0,0,0,4,4,0,0,4,0.0,0,0,0.0,0.0,1.0
"F[1,1]((BldPrSys <= 130.117 | TotalDailyInsPerKg <= 0.147) & Pt_InsGov <= 0.345)
",6210238814402251.000,0.345,0.000,0.000,1.000,0,0,0,4,4,0,0,4,0.0,0,0,0.0,0.0,1.0
"F[1,1](((BUN >= 7.076 -> LDL <= 67.097) -> Triglyc <= 51.471) -> Pt_A1cGoalLev <= 43.185)
",-6077683189690933.000,-43.185,0.000,0.000,1.000,0,0,0,4,4,0,0,4,0.0,0,0,0.0,0.0,1.0
"F[0,2](BldPrDia <= 79.977 | HbA1c <= 7.783)
",-9999999.000,-9999999.000,0.000,0.000,1.000,0,0,0,4,4,0,0,4,0.0,0,0,0.0,0.0,1.0
"F[0,1](BldPrSys >= 106.612 & NumPumpBolusOrShortAct >= 2.748)
",-9999999.000,-9999999.000,0.000,0.000,1.000,0,0,0,4,4,0,0,4,0.0,0,0,0.0,0.0,1.0
"F[2,2](BGTestAvgNumPtRep <= 5.313 | BUN >= 12.809)
",5.313,5.313,0.000,0.000,1.000,0,0,0,4,4,0,0,4,0.0,0,0,0.0,0.0,1.0
"F[1,2](bmiZscore <= -0.061 & HbA1cImputeDtMnC >= 13.876)
",-9999999.000,-9999999.000,0.000,0.000,1.000,0,0,0,4,4,0,0,4,0.0,0,0,0.0,0.0,1.0
"((Triglyc <= 53.797) U[2,2] (UnitsInsBasalOrLongAct >= 1.192))
",7571249613722051.000,53.797,0.000,0.000,1.000,0,0,0,4,4,0,0,4,0.0,0,0,0.0,0.0,1.0
"F[0,1]((BGTestAvgNumMeter <= 5.942 & LDL >= 20.054) -> bmiZscore <= 57.071)
",-9999999.000,-9999999.000,0.000,0.000,1.000,0,0,0,4,4,0,0,4,0.0,0,0,0.0,0.0,1.0
"F[1,1](BldPrDia <= 78.753 -> HDL >= 45.107)
",-78.753,-78.753,0.000,0.000,1.000,0,0,0,4,4,0,0,4,0.0,0,0,0.0,0.0,1.0
"F[0,2]((diabDur >= 39.281 & DirectLDL <= 0.817) & Pt_SiblingT1D <= 0.372)
",-9999999.000,-9999999.000,0.000,0.000,1.000,0,0,0,4,4,0,0,4,0.0,0,0,0.0,0.0,1.0
"F[2,2]((bmiZscore >= -0.335 -> HbA1c >= 0.864) -> UnitsInsBasalOrLongAct >= 3.730)
",0.335,0.335,0.000,0.000,1.000,0,0,0,4,4,0,0,4,0.0,0,0,0.0,0.0,1.0
"F[1,2](((BldPrSys <= 118.560 | Triglyc >= 10.104) -> HbA1cImputeDtMnC <= 40.820) | BGTestAvgNumMeter >= 9.333)
",-9999999.000,-9999999.000,0.000,0.000,1.000,0,0,0,4,4,0,0,4,0.0,0,0,0.0,0.0,1.0
"F[1,2](HbA1c <= 7.774 -> SMBGperDayPtMeterCombo >= 1.260)
",-9999999.000,-9999999.000,0.000,0.000,1.000,0,0,0,4,4,0,0,4,0.0,0,0,0.0,0.0,1.0
"F[1,2](LDL >= 10.966 | UnitsInsBasalOrLongAct >= 6.268)
",-9999999.000,-9999999.000,0.000,0.000,1.000,0,0,0,4,4,0,0,4,0.0,0,0,0.0,0.0,1.0
"F[0,0](DirectLDL >= 0.113 -> HbA1cImputeDtMnC <= 39.613)
",-1.272,-75.711,0.000,0.000,1.000,0,0,0,4,4,0,0,4,0.0,0,0,0.0,0.0,1.0
"F[0,1](((BGTestAvgNumMeter <= 3.664 & HbA1c >= 1.887) | Pt_CGMUseNumDays <= 7.187) & BldPrSys >= 0.731)
",-9999999.000,-9999999.000,0.000,0.000,1.000,0,0,0,4,4,0,0,4,0.0,0,0,0.0,0.0,1.0
"F[0,2](TotalDailyInsPerKg >= 0.020 -> UnitsInsBasalOrLongAct <= 12.931)
",-9999999.000,-9999999.000,0.000,0.000,1.000,0,0,0,4,4,0,0,4,0.0,0,0,0.0,0.0,1.0
"F[0,0](((BGTestAvgNumMeter >= 2.799 | SMBGperDayPtMeterCombo <= 7.203) & HDL >= 0.504) | Pt_MotherT1D <= 7.880)
",7.912,8.654,0.000,0.000,1.000,0,0,0,4,4,0,0,4,0.0,0,0,0.0,0.0,1.0
"F[0,2](((SMBGperDayPtMeterCombo <= 7.101 | TotalDailyInsPerKg <= 0.085) | TSH <= 0.153) | Pt_ChildT1D <= 0.286)
",-9999999.000,-9999999.000,0.000,0.000,1.000,0,0,0,4,4,0,0,4,0.0,0,0,0.0,0.0,1.0
"F[0,1](((BldPrDia >= 64.417 | diabDur >= 41.413) -> Pt_A1cGoalLevelDsYr5 <= 43.302) & bmi <= 43.254)
",-9999999.000,-9999999.000,0.000,0.000,1.000,0,0,0,4,4,0,0,4,0.0,0,0,0.0,0.0,1.0
"F[0,1](((HeightCm >= 41.535 & TSH >= 0.139) & BUN >= 0.070) | Pt_SiblingT1D <= 1.015)
",-9999999.000,-9999999.000,0.000,0.000,1.000,0,0,0,4,4,0,0,4,0.0,0,0,0.0,0.0,1.0
"F[0,2](((BGTestAvgNumMeter <= 4.957 & HDL >= 6.683) -> HbA1cImputeDtMnC <= 96.314) -> BGTestAvgNumPtRep <= 140.675)
",-9999999.000,-9999999.000,0.000,0.000,1.000,0,0,0,4,4,0,0,4,0.0,0,0,0.0,0.0,1.0
"F[1,2](((HbA1c <= 6.360 -> GFR <= 29.960) & Pt_MotherT1D <= 70.886) | Pt_A1cGoalLevelDsYr5 >= 15.146)
",-9999999.000,-9999999.000,0.000,0.000,1.000,0,0,0,4,4,0,0,4,0.0,0,0,0.0,0.0,1.0
