Rule,Discrimination Score,Pos Robustness,Neg Robustness,Percent Class +,Percent Class -,TP,TN,FP,FN,Actual Yes,Actual No,Predicted Yes,Predicted No,TPR/Sens,TNR/Spec,FPR,Precision,Accuracy,MCR
"F[0,0](O2Sat >= 25.606 & Platelets >= 1.645)
",-0.542,-3.055,0.000,0.000,1.000,17,0,0,0,17,0,17,0,1.0,0,0,1.0,1.0,0.0
"F[0,0]((Hct <= 23.939 -> Magnesium >= 0.055) & AST >= 0.053)
",-23.939,-23.939,0.000,0.000,1.000,17,0,0,0,17,0,17,0,1.0,0,0,1.0,1.0,0.0
"F[0,1](((AST <= 0.000 | Hct >= 0.600) -> Platelets <= 11.781) & TroponinI >= 2.799)
",-9999999.000,-9999999.000,0.000,0.000,1.000,17,0,0,0,17,0,17,0,1.0,0,0,1.0,1.0,0.0
"F[0,1]((Bilirubin_direct <= 0.000 | BaseExcess <= -0.045) & Alkalinephos <= -0.028)
",-9999999.000,-9999999.000,0.000,0.000,1.000,17,0,0,0,17,0,17,0,1.0,0,0,1.0,1.0,0.0
"F[0,0]((MAP <= 110.188 -> Platelets <= 42.008) -> AST >= 0.538)
",-0.227,-5.227,0.000,0.000,1.000,17,0,0,0,17,0,17,0,1.0,0,0,1.0,1.0,0.0
"F[0,0]((Calcium <= 6.016 & Potassium <= 1.163) & Magnesium >= 0.056)
",-0.056,-0.056,0.000,0.000,1.000,17,0,0,0,17,0,17,0,1.0,0,0,1.0,1.0,0.0
"F[1,1]((BaseExcess <= -0.027 -> MAP <= 100.693) -> pH >= 8.318)
",8.318,8.318,0.000,0.000,1.000,17,0,0,0,17,0,17,0,1.0,0,0,1.0,1.0,0.0
"F[0,0]((Calcium <= 3.980 & Potassium <= 0.517) & Magnesium >= 0.045)
",-0.045,-0.045,0.000,0.000,1.000,17,0,0,0,17,0,17,0,1.0,0,0,1.0,1.0,0.0
"F[1,1]((FiO2 >= 0.062 | MAP >= 56.363) & AST >= 79.930)
",-79.930,-79.930,0.000,0.000,1.000,17,0,0,0,17,0,17,0,1.0,0,0,1.0,1.0,0.0
"F[1,1](BaseExcess <= -0.045 & PaCO2 <= 13.136)
",-0.045,-0.045,0.000,0.000,1.000,17,0,0,0,17,0,17,0,1.0,0,0,1.0,1.0,0.0
"((SaO2 >= 2.625) U[1,2] (HR >= 55.647))
",-9999999.000,-9999999.000,0.000,0.000,1.000,17,0,0,0,17,0,17,0,1.0,0,0,1.0,1.0,0.0
"F[0,0]((Calcium <= 5.574 & Potassium <= 3.604) & Magnesium >= 0.026)
",-0.026,-0.026,0.000,0.000,1.000,17,0,0,0,17,0,17,0,1.0,0,0,1.0,1.0,0.0
"F[0,0](Calcium >= 0.094 | PTT >= 0.037)
",-0.037,-0.037,0.000,0.000,1.000,17,0,0,0,17,0,17,0,1.0,0,0,1.0,1.0,0.0
"F[0,1](((BUN <= 10.139 & HCO3 >= 0.097) -> Creatinine <= 20.224) & AST >= 0.553)
",-9999999.000,-9999999.000,0.000,0.000,1.000,17,0,0,0,17,0,17,0,1.0,0,0,1.0,1.0,0.0
"((Bilirubin_direct < 0.000) U[1,2] (SepsisLabel = 0.000))
",-9999999.000,-9999999.000,0.000,0.000,1.000,17,0,0,0,17,0,17,0,1.0,0,0,1.0,1.0,0.0
"((EtCO2 > 0.000) U[1,1] (SepsisLabel = 0.000))
",0.000,0.000,0.000,0.000,1.000,17,0,0,0,17,0,17,0,1.0,0,0,1.0,1.0,0.0
"((Chloride >= 0.812) U[1,1] (Platelets >= 4.335))
",-0.812,-0.812,0.000,0.000,1.000,17,0,0,0,17,0,17,0,1.0,0,0,1.0,1.0,0.0
"((Bilirubin_direct > 0.000) U[1,2] (SepsisLabel = 0.000))
",-9999999.000,-9999999.000,0.000,0.000,1.000,17,0,0,0,17,0,17,0,1.0,0,0,1.0,1.0,0.0
"F[0,1](((O2Sat <= 99.384 -> Glucose <= 73.205) | SBP <= 56.518) & BUN >= 1.353)
",-9999999.000,-9999999.000,0.000,0.000,1.000,17,0,0,0,17,0,17,0,1.0,0,0,1.0,1.0,0.0
"F[0,0](Fibrinogen < 0.000 & SepsisLabel = 0.000)
",0.000,0.000,0.000,0.000,1.000,17,0,0,0,17,0,17,0,1.0,0,0,1.0,1.0,0.0
"F[1,1](((Hct <= 14.999 | pH >= 0.765) -> HR >= 1.030) -> Bilirubin_total >= 0.172)
",0.172,0.172,0.000,0.000,1.000,17,0,0,0,17,0,17,0,1.0,0,0,1.0,1.0,0.0
"F[0,1]((WBC >= 0.143 & Temp <= 14.634) & Temp <= 31.376)
",-9999999.000,-9999999.000,0.000,0.000,1.000,17,0,0,0,17,0,17,0,1.0,0,0,1.0,1.0,0.0
"((Creatinine >= 0.014) U[1,1] (WBC >= 0.030))
",-0.014,-0.014,0.000,0.000,1.000,17,0,0,0,17,0,17,0,1.0,0,0,1.0,1.0,0.0
"F[0,0](((SaO2 <= 61.291 | Potassium <= 2.872) -> Lactate <= 2.192) -> EtCO2 >= 0.187)
",-2.290,-15.431,0.000,0.000,1.000,17,0,0,0,17,0,17,0,1.0,0,0,1.0,1.0,0.0
"F[0,1](((Creatinine <= 0.253 & MAP <= 105.779) & FiO2 >= 2.177) | FiO2 >= 63.311)
",-9999999.000,-9999999.000,0.000,0.000,1.000,17,0,0,0,17,0,17,0,1.0,0,0,1.0,1.0,0.0
"F[0,0](((Resp >= 3.453 -> WBC >= 0.267) & Fibrinogen >= 0.241) & BUN >= 0.178)
",-3.758,-71.912,0.000,0.000,1.000,17,0,0,0,17,0,17,0,1.0,0,0,1.0,1.0,0.0
"F[0,1]((EtCO2 >= 0.000 -> WBC <= 7.700) & EtCO2 >= 0.119)
",-9999999.000,-9999999.000,0.000,0.000,1.000,17,0,0,0,17,0,17,0,1.0,0,0,1.0,1.0,0.0
"F[0,0](((PaCO2 >= 2.346 | Calcium >= 0.159) | BaseExcess >= 0.021) & Hct >= 0.096)
",-0.096,-0.096,0.000,0.000,1.000,17,0,0,0,17,0,17,0,1.0,0,0,1.0,1.0,0.0
"F[1,1]((Calcium <= 7.408 & Potassium <= 3.542) & Magnesium >= 0.023)
",-0.023,-0.023,0.000,0.000,1.000,17,0,0,0,17,0,17,0,1.0,0,0,1.0,1.0,0.0
"F[0,1](Bilirubin_total <= 0.000 & HCO3 >= 0.519)
",-9999999.000,-9999999.000,0.000,0.000,1.000,16,0,0,1,17,0,16,1,0.9411764705882353,0,0,1.0,0.9411764705882353,0.05882352941176472
"((Chloride <= 6.281) U[1,1] (Potassium >= 0.227))
",6.281,6.281,0.000,0.000,1.000,16,0,0,1,17,0,16,1,0.9411764705882353,0,0,1.0,0.9411764705882353,0.05882352941176472
"((FiO2 >= 0.057) U[0,1] (Creatinine >= 0.026))
",-9999999.000,-9999999.000,0.000,0.000,1.000,16,0,0,1,17,0,16,1,0.9411764705882353,0,0,1.0,0.9411764705882353,0.05882352941176472
"F[0,1](Chloride >= 2.093 & Phosphate >= 0.023)
",-9999999.000,-9999999.000,0.000,0.000,1.000,16,0,0,1,17,0,16,1,0.9411764705882353,0,0,1.0,0.9411764705882353,0.05882352941176472
"F[0,0](((Potassium >= 0.184 | SBP >= 10.052) -> Resp >= 96.754) | Potassium >= 113.470)
",-0.823,-11.296,0.000,0.000,1.000,16,0,0,1,17,0,16,1,0.9411764705882353,0,0,1.0,0.9411764705882353,0.05882352941176472
"F[0,1]((Bilirubin_direct <= 0.000 | AST <= 0.000) -> MAP <= 0.000)
",-9999999.000,-9999999.000,0.000,0.000,1.000,16,0,0,1,17,0,16,1,0.9411764705882353,0,0,1.0,0.9411764705882353,0.05882352941176472
"F[0,1]((Temp >= 1.140 -> pH <= 6.997) & Magnesium >= 0.648)
",-9999999.000,-9999999.000,0.000,0.000,1.000,16,0,0,1,17,0,16,1,0.9411764705882353,0,0,1.0,0.9411764705882353,0.05882352941176472
"((Temp >= 6.202) U[1,2] (Magnesium <= 1.126))
",-9999999.000,-9999999.000,0.000,0.000,1.000,16,0,0,1,17,0,16,1,0.9411764705882353,0,0,1.0,0.9411764705882353,0.05882352941176472
"((SaO2 <= 45.042) U[0,1] (SaO2 >= 1.635))
",-9999999.000,-9999999.000,0.000,0.000,1.000,16,0,0,1,17,0,16,1,0.9411764705882353,0,0,1.0,0.9411764705882353,0.05882352941176472
"F[0,0](((Chloride >= 0.762 -> Phosphate <= 2.194) | Calcium >= 0.099) -> MAP <= 1.713)
",-0.017,-0.007,0.000,0.000,1.000,16,0,0,1,17,0,16,1,0.9411764705882353,0,0,1.0,0.9411764705882353,0.05882352941176472
"((Glucose >= 1.323) U[0,1] (Chloride >= 2.794))
",-9999999.000,-9999999.000,0.000,0.000,1.000,16,0,0,1,17,0,16,1,0.9411764705882353,0,0,1.0,0.9411764705882353,0.05882352941176472
"F[0,0](((Phosphate <= 0.703 & Chloride <= 57.915) | BaseExcess >= 2.196) -> Magnesium >= 0.712)
",-0.703,-0.703,0.000,0.000,1.000,16,0,0,1,17,0,16,1,0.9411764705882353,0,0,1.0,0.9411764705882353,0.05882352941176472
"F[0,1](((Bilirubin_total >= 0.000 & Magnesium >= 0.079) & AST <= 0.963) | PTT >= 0.029)
",-9999999.000,-9999999.000,0.000,0.000,1.000,15,0,0,2,17,0,15,2,0.8823529411764706,0,0,1.0,0.8823529411764706,0.11764705882352944
"F[0,1](((Fibrinogen >= 0.000 -> Phosphate <= 0.703) -> HR <= 1.290) | BUN >= 0.059)
",-9999999.000,-9999999.000,0.000,0.000,1.000,15,0,0,2,17,0,15,2,0.8823529411764706,0,0,1.0,0.8823529411764706,0.11764705882352944
"F[0,1](Potassium >= 0.082 | Potassium >= 0.203)
",-9999999.000,-9999999.000,0.000,0.000,1.000,15,0,0,2,17,0,15,2,0.8823529411764706,0,0,1.0,0.8823529411764706,0.11764705882352944
"F[0,1](EtCO2 >= 0.000 & Magnesium >= 0.076)
",-9999999.000,-9999999.000,0.000,0.000,1.000,15,0,0,2,17,0,15,2,0.8823529411764706,0,0,1.0,0.8823529411764706,0.11764705882352944
"((Creatinine >= 0.019) U[1,2] (PaCO2 <= 6.574))
",-9999999.000,-9999999.000,0.000,0.000,1.000,15,0,0,2,17,0,15,2,0.8823529411764706,0,0,1.0,0.8823529411764706,0.11764705882352944
"F[1,1](Chloride <= 50.515 -> pH >= 0.273)
",-50.515,-50.515,0.000,0.000,1.000,15,0,0,2,17,0,15,2,0.8823529411764706,0,0,1.0,0.8823529411764706,0.11764705882352944
"F[0,0](((Calcium <= 2.301 & PTT >= 0.491) | Hgb >= 0.347) | PaCO2 >= 0.955)
",0.206,0.448,0.000,0.000,1.000,15,0,0,2,17,0,15,2,0.8823529411764706,0,0,1.0,0.8823529411764706,0.11764705882352944
"((pH >= 0.731) U[1,1] (Resp <= 20.191))
",20.191,20.191,0.000,0.000,1.000,15,0,0,2,17,0,15,2,0.8823529411764706,0,0,1.0,0.8823529411764706,0.11764705882352944
"((MAP >= 32.169) U[0,1] (Potassium >= 0.221))
",-9999999.000,-9999999.000,0.000,0.000,1.000,15,0,0,2,17,0,15,2,0.8823529411764706,0,0,1.0,0.8823529411764706,0.11764705882352944
"F[0,1](Potassium > 0.063 & SepsisLabel = 0.000)
",-9999999.000,-9999999.000,0.000,0.000,1.000,15,0,0,2,17,0,15,2,0.8823529411764706,0,0,1.0,0.8823529411764706,0.11764705882352944
"F[0,0]((Hct <= 22.666 | pH >= 0.624) -> SBP <= 1.692)
",-22.666,-22.666,0.000,0.000,1.000,15,0,0,2,17,0,15,2,0.8823529411764706,0,0,1.0,0.8823529411764706,0.11764705882352944
"((Alkalinephos <= 0.000) U[0,1] (Hct >= 3.067))
",-9999999.000,-9999999.000,0.000,0.000,1.000,14,0,0,3,17,0,14,3,0.8235294117647058,0,0,1.0,0.8235294117647058,0.17647058823529416
"((DBP >= 73.831) U[0,1] (Hct >= 0.413))
",-9999999.000,-9999999.000,0.000,0.000,1.000,14,0,0,3,17,0,14,3,0.8235294117647058,0,0,1.0,0.8235294117647058,0.17647058823529416
"((pH >= 0.071) U[1,2] (SBP >= 89.080))
",-9999999.000,-9999999.000,0.000,0.000,1.000,14,0,0,3,17,0,14,3,0.8235294117647058,0,0,1.0,0.8235294117647058,0.17647058823529416
"F[0,1](((Chloride >= 1.102 & Creatinine <= 0.419) -> Alkalinephos >= 0.020) -> Hct >= 0.015)
",-9999999.000,-9999999.000,0.000,0.000,1.000,14,0,0,3,17,0,14,3,0.8235294117647058,0,0,1.0,0.8235294117647058,0.17647058823529416
"((PTT >= 0.219) U[1,2] (FiO2 <= 0.278))
",-9999999.000,-9999999.000,0.000,0.000,1.000,12,0,0,5,17,0,12,5,0.7058823529411765,0,0,1.0,0.7058823529411765,0.2941176470588235
"((Glucose >= 0.009) U[0,1] (O2Sat <= 96.936))
",-9999999.000,-9999999.000,0.000,0.000,1.000,11,0,0,6,17,0,11,6,0.6470588235294118,0,0,1.0,0.6470588235294118,0.3529411764705882
"F[1,1](((HR >= 18.922 | pH >= 0.804) | Bilirubin_total >= 0.995) -> Temp <= 6.246)
",-6.246,-6.246,0.000,0.000,1.000,10,0,0,7,17,0,10,7,0.5882352941176471,0,0,1.0,0.5882352941176471,0.4117647058823529
"F[0,0](((Fibrinogen <= 0.000 -> O2Sat <= 99.579) | Lactate >= 67.144) -> EtCO2 >= 28.304)
",0.803,5.478,0.000,0.000,1.000,10,0,0,7,17,0,10,7,0.5882352941176471,0,0,1.0,0.5882352941176471,0.4117647058823529
"F[0,0]((HR >= 47.346 -> Resp <= 17.444) & BUN <= 21.487)
",-10123.654,-10123.654,0.000,0.000,1.000,8,0,0,9,17,0,8,9,0.47058823529411764,0,0,1.0,0.47058823529411764,0.5294117647058824
"((Hct <= 13.594) U[0,1] (Temp >= 0.750))
",-9999999.000,-9999999.000,0.000,0.000,1.000,7,0,0,10,17,0,7,10,0.4117647058823529,0,0,1.0,0.4117647058823529,0.5882352941176471
"F[0,1]((SaO2 <= 22.164 -> Temp >= 7.144) & Magnesium <= 11.689)
",-9999999.000,-9999999.000,0.000,0.000,1.000,7,0,0,10,17,0,7,10,0.4117647058823529,0,0,1.0,0.4117647058823529,0.5882352941176471
"((Calcium >= 0.190) U[0,1] (DBP <= 77.121))
",-9999999.000,-9999999.000,0.000,0.000,1.000,7,0,0,10,17,0,7,10,0.4117647058823529,0,0,1.0,0.4117647058823529,0.5882352941176471
"F[0,1](Lactate >= 0.000 & MAP <= 101.479)
",-9999999.000,-9999999.000,0.000,0.000,1.000,5,0,0,12,17,0,5,12,0.29411764705882354,0,0,1.0,0.29411764705882354,0.7058823529411764
"F[0,1](DBP <= 83.313 & SepsisLabel = 0.000)
",-9999999.000,-9999999.000,0.000,0.000,1.000,4,0,0,13,17,0,4,13,0.23529411764705882,0,0,1.0,0.23529411764705882,0.7647058823529411
"F[0,1](DBP <= 82.958 & SBP <= 148.555)
",-9999999.000,-9999999.000,0.000,0.000,1.000,4,0,0,13,17,0,4,13,0.23529411764705882,0,0,1.0,0.23529411764705882,0.7647058823529411
"((MAP >= 64.140) U[0,0] (SBP <= 145.467))
",6.991,129.924,0.000,0.000,1.000,3,0,0,14,17,0,3,14,0.17647058823529413,0,0,1.0,0.17647058823529413,0.8235294117647058
"F[0,1](Potassium <= 2.385 & Resp <= 20.054)
",-9999999.000,-9999999.000,0.000,0.000,1.000,3,0,0,14,17,0,3,14,0.17647058823529413,0,0,1.0,0.17647058823529413,0.8235294117647058
"F[1,1]((Hct <= 16.574 | Potassium >= 0.125) -> pH <= 1.429)
",-16.574,-16.574,0.000,0.000,1.000,2,0,0,15,17,0,2,15,0.11764705882352941,0,0,1.0,0.11764705882352941,0.8823529411764706
"((Hct <= 23.467) U[1,2] (Resp >= 13.738))
",-9999999.000,-9999999.000,0.000,0.000,1.000,2,0,0,15,17,0,2,15,0.11764705882352941,0,0,1.0,0.11764705882352941,0.8823529411764706
"F[1,1](MAP >= 83.388 & MAP <= 104.120)
",-83.388,-83.388,0.000,0.000,1.000,2,0,0,15,17,0,2,15,0.11764705882352941,0,0,1.0,0.11764705882352941,0.8823529411764706
"F[0,0](Hct >= 3.053 -> WBC >= 0.198)
",0.198,0.198,0.000,0.000,1.000,2,0,0,15,17,0,2,15,0.11764705882352941,0,0,1.0,0.11764705882352941,0.8823529411764706
"F[0,0](((Calcium < 4.006 & Potassium < 0.721) & Magnesium < 1.326) & Phosphate < 2.380)
",0.721,0.721,0.000,0.000,1.000,1,0,0,16,17,0,1,16,0.058823529411764705,0,0,1.0,0.058823529411764705,0.9411764705882353
"F[1,1](DBP >= 43.029 -> SBP <= 148.031)
",-148.031,-148.031,0.000,0.000,1.000,1,0,0,16,17,0,1,16,0.058823529411764705,0,0,1.0,0.058823529411764705,0.9411764705882353
"F[1,1]((Phosphate >= 0.109 & Magnesium > 0.036) -> Calcium < 3.748)
",-3.748,-3.748,0.000,0.000,1.000,1,0,0,16,17,0,1,16,0.058823529411764705,0,0,1.0,0.058823529411764705,0.9411764705882353
"((PaCO2 >= 0.548) U[0,1] (pH <= 7.070))
",-9999999.000,-9999999.000,0.000,0.000,1.000,1,0,0,16,17,0,1,16,0.058823529411764705,0,0,1.0,0.058823529411764705,0.9411764705882353
"((Chloride >= 0.139) U[1,2] (Magnesium >= 0.042))
",-9999999.000,-9999999.000,0.000,0.000,1.000,1,0,0,16,17,0,1,16,0.058823529411764705,0,0,1.0,0.058823529411764705,0.9411764705882353
"((MAP >= 63.691) U[0,1] (SBP <= 144.156))
",-9999999.000,-9999999.000,0.000,0.000,1.000,1,0,0,16,17,0,1,16,0.058823529411764705,0,0,1.0,0.058823529411764705,0.9411764705882353
"F[1,1](FiO2 <= 0.158 -> Hgb <= 10.328)
",-10.328,-10.328,0.000,0.000,1.000,1,0,0,16,17,0,1,16,0.058823529411764705,0,0,1.0,0.058823529411764705,0.9411764705882353
"F[1,1](Hgb <= 2.950 & SepsisLabel = 0.000)
",0.000,0.000,0.000,0.000,1.000,1,0,0,16,17,0,1,16,0.058823529411764705,0,0,1.0,0.058823529411764705,0.9411764705882353
"F[1,1]((Hct >= 0.707 -> Hct <= 23.900) | Alkalinephos >= 1.087)
",-1.087,-1.087,0.000,0.000,1.000,1,0,0,16,17,0,1,16,0.058823529411764705,0,0,1.0,0.058823529411764705,0.9411764705882353
"F[1,1](Hgb <= 7.740 | Hct <= 18.920)
",18.920,18.920,0.000,0.000,1.000,1,0,0,16,17,0,1,16,0.058823529411764705,0,0,1.0,0.058823529411764705,0.9411764705882353
"F[1,1](BaseExcess >= -0.898 -> Hct <= 31.818)
",-31.818,-31.818,0.000,0.000,1.000,1,0,0,16,17,0,1,16,0.058823529411764705,0,0,1.0,0.058823529411764705,0.9411764705882353
"F[1,1]((Magnesium >= 0.086 -> SaO2 >= 1.485) & HCO3 <= 27.423)
",0.086,0.086,0.000,0.000,1.000,1,0,0,16,17,0,1,16,0.058823529411764705,0,0,1.0,0.058823529411764705,0.9411764705882353
"F[1,1](WBC <= 1.010 & EtCO2 <= 0.000)
",0.000,0.000,0.000,0.000,1.000,1,0,0,16,17,0,1,16,0.058823529411764705,0,0,1.0,0.058823529411764705,0.9411764705882353
"F[0,1](O2Sat <= 97.752 | pH <= 4.281)
",-9999999.000,-9999999.000,0.000,0.000,1.000,1,0,0,16,17,0,1,16,0.058823529411764705,0,0,1.0,0.058823529411764705,0.9411764705882353
"((Potassium <= 3.572) U[1,2] (SepsisLabel = 0.000))
",-9999999.000,-9999999.000,0.000,0.000,1.000,1,0,0,16,17,0,1,16,0.058823529411764705,0,0,1.0,0.058823529411764705,0.9411764705882353
"((MAP >= 20.117) U[1,2] (SBP <= 147.703))
",-9999999.000,-9999999.000,0.000,0.000,1.000,1,0,0,16,17,0,1,16,0.058823529411764705,0,0,1.0,0.058823529411764705,0.9411764705882353
"F[1,2]((Calcium <= 3.100 & Potassium <= 4.060) & Magnesium >= 0.071)
",-9999999.000,-9999999.000,0.000,0.000,1.000,0,0,0,17,17,0,0,17,0.0,0,0,0.0,0.0,1.0
"F[1,1]((Alkalinephos <= 0.000 -> Alkalinephos <= 0.000) & Hct >= 0.000)
",0.000,0.000,0.000,0.000,1.000,0,0,0,17,17,0,0,17,0.0,0,0,0.0,0.0,1.0
"((MAP <= 108.861) U[0,2] (PaCO2 <= 7.137))
",-9999999.000,-9999999.000,0.000,0.000,1.000,0,0,0,17,17,0,0,17,0.0,0,0,0.0,0.0,1.0
"F[0,2]((DBP >= 60.089 -> TroponinI <= 0.000) -> PaCO2 <= 0.000)
",-9999999.000,-9999999.000,0.000,0.000,1.000,0,0,0,17,17,0,0,17,0.0,0,0,0.0,0.0,1.0
"F[1,2]((WBC >= 0.151 -> Resp >= 11.925) -> AST >= 15.241)
",-9999999.000,-9999999.000,0.000,0.000,1.000,0,0,0,17,17,0,0,17,0.0,0,0,0.0,0.0,1.0
"F[0,2](((WBC >= 0.074 | AST >= 0.000) | BaseExcess <= 0.000) & O2Sat <= 0.000)
",-9999999.000,-9999999.000,0.000,0.000,1.000,0,0,0,17,17,0,0,17,0.0,0,0,0.0,0.0,1.0
"F[0,1](Magnesium <= 0.261 | BaseExcess <= -0.049)
",-9999999.000,-9999999.000,0.000,0.000,1.000,0,0,0,17,17,0,0,17,0.0,0,0,0.0,0.0,1.0
"F[2,2](Hgb <= 7.756 | Hct <= 5.837)
",7.756,7.756,0.000,0.000,1.000,0,0,0,17,17,0,0,17,0.0,0,0,0.0,0.0,1.0
"F[0,2](Bilirubin_total >= 0.000 & Hct <= 30.278)
",-9999999.000,-9999999.000,0.000,0.000,1.000,0,0,0,17,17,0,0,17,0.0,0,0,0.0,0.0,1.0
"F[0,1](FiO2 <= 0.153 & TroponinI >= 0.000)
",-9999999.000,-9999999.000,0.000,0.000,1.000,0,0,0,17,17,0,0,17,0.0,0,0,0.0,0.0,1.0
"F[2,2]((Calcium <= 8.353 -> HR >= 90.414) -> Temp >= 61.561)
",8.353,8.353,0.000,0.000,1.000,0,0,0,17,17,0,0,17,0.0,0,0,0.0,0.0,1.0
"F[0,2](((BUN <= 13.849 -> PaCO2 >= 1.687) & SaO2 <= 6.428) -> SepsisLabel >= 1.504)
",-9999999.000,-9999999.000,0.000,0.000,1.000,0,0,0,17,17,0,0,17,0.0,0,0,0.0,0.0,1.0
"F[1,2](WBC <= 7.666 | HCO3 <= 10.823)
",-9999999.000,-9999999.000,0.000,0.000,1.000,0,0,0,17,17,0,0,17,0.0,0,0,0.0,0.0,1.0
"F[0,1]((Hct <= 16.444 -> EtCO2 >= 0.000) & pH >= 0.000)
",-9999999.000,-9999999.000,0.000,0.000,1.000,0,0,0,17,17,0,0,17,0.0,0,0,0.0,0.0,1.0
"F[1,2]((Resp <= 22.120 | SBP <= 145.105) & MAP <= 128.978)
",-9999999.000,-9999999.000,0.000,0.000,1.000,0,0,0,17,17,0,0,17,0.0,0,0,0.0,0.0,1.0
"F[1,1]((O2Sat <= 99.037 & Alkalinephos <= 0.000) -> HCO3 >= 0.000)
",0.000,0.000,0.000,0.000,1.000,0,0,0,17,17,0,0,17,0.0,0,0,0.0,0.0,1.0
"F[2,2](Magnesium >= 0.036 | SepsisLabel >= 0.000)
",0.000,0.000,0.000,0.000,1.000,0,0,0,17,17,0,0,17,0.0,0,0,0.0,0.0,1.0
"((Alkalinephos <= 0.000) U[2,2] (HR >= 80.979))
",0.000,0.000,0.000,0.000,1.000,0,0,0,17,17,0,0,17,0.0,0,0,0.0,0.0,1.0
"F[1,2](MAP >= 18.467 & TroponinI >= 0.000)
",-9999999.000,-9999999.000,0.000,0.000,1.000,0,0,0,17,17,0,0,17,0.0,0,0,0.0,0.0,1.0
"F[1,2](Glucose <= 70.097 -> pH <= 1.640)
",-9999999.000,-9999999.000,0.000,0.000,1.000,0,0,0,17,17,0,0,17,0.0,0,0,0.0,0.0,1.0
"((BaseExcess <= -0.044) U[2,2] (TroponinI <= 0.000))
",0.000,0.000,0.000,0.000,1.000,0,0,0,17,17,0,0,17,0.0,0,0,0.0,0.0,1.0
"F[1,2]((Calcium <= 7.872 & Potassium <= 4.025) & Magnesium >= 0.018)
",-9999999.000,-9999999.000,0.000,0.000,1.000,0,0,0,17,17,0,0,17,0.0,0,0,0.0,0.0,1.0
"((AST >= 0.000) U[1,2] (Temp >= 7.654))
",-9999999.000,-9999999.000,0.000,0.000,1.000,0,0,0,17,17,0,0,17,0.0,0,0,0.0,0.0,1.0
"F[1,2]((Bilirubin_direct >= 0.000 & EtCO2 <= 0.000) -> FiO2 <= 0.000)
",-9999999.000,-9999999.000,0.000,0.000,1.000,0,0,0,17,17,0,0,17,0.0,0,0,0.0,0.0,1.0
"F[0,1](((TroponinI >= 0.000 & Lactate <= 0.000) & PTT <= 0.000) | MAP >= 0.000)
",-9999999.000,-9999999.000,0.000,0.000,1.000,0,0,0,17,17,0,0,17,0.0,0,0,0.0,0.0,1.0
"F[0,2](Creatinine >= 0.022 -> SBP <= 150.918)
",-9999999.000,-9999999.000,0.000,0.000,1.000,0,0,0,17,17,0,0,17,0.0,0,0,0.0,0.0,1.0
"F[1,2]((Potassium <= 0.455 -> Glucose <= 50.036) | PTT >= 1.980)
",-9999999.000,-9999999.000,0.000,0.000,1.000,0,0,0,17,17,0,0,17,0.0,0,0,0.0,0.0,1.0
"F[2,2]((WBC >= 0.264 -> O2Sat <= 97.811) -> PTT <= 96.307)
",-96.307,-96.307,0.000,0.000,1.000,0,0,0,17,17,0,0,17,0.0,0,0,0.0,0.0,1.0
"F[0,1](((Creatinine >= 0.000 & Magnesium <= 1.382) | Resp <= 0.350) -> Fibrinogen <= 0.703)
",-9999999.000,-9999999.000,0.000,0.000,1.000,0,0,0,17,17,0,0,17,0.0,0,0,0.0,0.0,1.0
"F[0,2](PaCO2 >= 3.311 | Bilirubin_total <= 0.000)
",-9999999.000,-9999999.000,0.000,0.000,1.000,0,0,0,17,17,0,0,17,0.0,0,0,0.0,0.0,1.0
"F[1,1]((WBC >= 0.057 & BUN >= 0.188) | Hct <= 10.305)
",10.305,10.305,0.000,0.000,1.000,0,0,0,17,17,0,0,17,0.0,0,0,0.0,0.0,1.0
"F[0,2]((SBP >= 112.521 | BaseExcess <= -0.022) | MAP >= -0.743)
",-9999999.000,-9999999.000,0.000,0.000,1.000,0,0,0,17,17,0,0,17,0.0,0,0,0.0,0.0,1.0
"((BaseExcess >= -0.916) U[0,2] (Hgb >= 0.089))
",-9999999.000,-9999999.000,0.000,0.000,1.000,0,0,0,17,17,0,0,17,0.0,0,0,0.0,0.0,1.0
"F[1,1](((Hgb >= 0.114 | Hct >= 2.266) -> Potassium >= 0.301) & Bilirubin_total <= 23.408)
",0.114,0.114,0.000,0.000,1.000,0,0,0,17,17,0,0,17,0.0,0,0,0.0,0.0,1.0
"F[2,2](((TroponinI <= 0.000 -> DBP >= 4.969) -> Potassium >= 33.875) -> Potassium <= 92.806)
",-92.806,-92.806,0.000,0.000,1.000,0,0,0,17,17,0,0,17,0.0,0,0,0.0,0.0,1.0
"F[2,2]((MAP >= 81.714 & Resp <= 22.353) -> MAP >= 16.105)
",16.105,16.105,0.000,0.000,1.000,0,0,0,17,17,0,0,17,0.0,0,0,0.0,0.0,1.0
"F[1,2](((PaCO2 <= 44.907 | PTT >= 0.272) -> SepsisLabel >= 0.118) -> Resp <= 4.959)
",-9999999.000,-9999999.000,0.000,0.000,1.000,0,0,0,17,17,0,0,17,0.0,0,0,0.0,0.0,1.0
"F[0,1](((Platelets >= 2.758 & EtCO2 <= 0.000) & PTT >= 0.000) | Platelets >= 0.000)
",-9999999.000,-9999999.000,0.000,0.000,1.000,0,0,0,17,17,0,0,17,0.0,0,0,0.0,0.0,1.0
"F[1,2]((AST <= 0.000 -> FiO2 <= 0.352) -> Alkalinephos >= 0.037)
",-9999999.000,-9999999.000,0.000,0.000,1.000,0,0,0,17,17,0,0,17,0.0,0,0,0.0,0.0,1.0
"((FiO2 <= 0.242) U[0,2] (SBP <= 128.990))
",-9999999.000,-9999999.000,0.000,0.000,1.000,0,0,0,17,17,0,0,17,0.0,0,0,0.0,0.0,1.0
"F[2,2](((Calcium < 7.377 & Potassium < 3.225) & Magnesium < 0.784) & Phosphate < 3.077)
",0.784,0.784,0.000,0.000,1.000,0,0,0,17,17,0,0,17,0.0,0,0,0.0,0.0,1.0
"F[0,1](((TroponinI <= 0.000 -> BUN <= 15.286) -> SBP <= 1.250) | Resp >= 0.394)
",-9999999.000,-9999999.000,0.000,0.000,1.000,0,0,0,17,17,0,0,17,0.0,0,0,0.0,0.0,1.0
"F[1,1]((Alkalinephos <= 0.000 -> BaseExcess >= -0.165) & HR >= -0.802)
",-0.165,-0.165,0.000,0.000,1.000,0,0,0,17,17,0,0,17,0.0,0,0,0.0,0.0,1.0
"F[0,1](((HR <= 102.987 & BaseExcess <= -0.015) & Lactate >= -0.194) -> SepsisLabel <= -0.008)
",-9999999.000,-9999999.000,0.000,0.000,1.000,0,0,0,17,17,0,0,17,0.0,0,0,0.0,0.0,1.0
"F[0,0]((Phosphate >= 0.030 & Magnesium > 0.091) -> Calcium < 7.963)
",-7.963,-7.963,0.000,0.000,1.000,0,0,0,17,17,0,0,17,0.0,0,0,0.0,0.0,1.0
"((DBP <= 85.132) U[0,2] (Lactate <= 0.000))
",-9999999.000,-9999999.000,0.000,0.000,1.000,0,0,0,17,17,0,0,17,0.0,0,0,0.0,0.0,1.0
"F[0,1](((Potassium >= 0.098 & Bilirubin_total <= 0.000) | DBP >= 0.000) & Alkalinephos <= 0.000)
",-9999999.000,-9999999.000,0.000,0.000,1.000,0,0,0,17,17,0,0,17,0.0,0,0,0.0,0.0,1.0
"F[0,1](((HR <= 107.164 & Bilirubin_total <= 0.000) | Bilirubin_total <= 0.000) | SBP >= 0.000)
",-9999999.000,-9999999.000,0.000,0.000,1.000,0,0,0,17,17,0,0,17,0.0,0,0,0.0,0.0,1.0
"F[1,2]((Creatinine <= 0.962 & AST >= 0.000) | SaO2 <= 0.000)
",-9999999.000,-9999999.000,0.000,0.000,1.000,0,0,0,17,17,0,0,17,0.0,0,0,0.0,0.0,1.0
"F[0,1]((Bilirubin_total <= 0.000 -> Temp >= 8.968) | pH <= 11.910)
",-9999999.000,-9999999.000,0.000,0.000,1.000,0,0,0,17,17,0,0,17,0.0,0,0,0.0,0.0,1.0
"F[0,2](((Creatinine <= 0.680 | Magnesium >= 0.030) -> PaCO2 <= 1.306) -> HCO3 <= 1.205)
",-9999999.000,-9999999.000,0.000,0.000,1.000,0,0,0,17,17,0,0,17,0.0,0,0,0.0,0.0,1.0
"F[0,1]((O2Sat <= 99.393 -> Calcium <= 4.963) | Calcium >= 0.162)
",-9999999.000,-9999999.000,0.000,0.000,1.000,0,0,0,17,17,0,0,17,0.0,0,0,0.0,0.0,1.0
"F[0,1](Hgb <= 8.144 | Hct <= 6.333)
",-9999999.000,-9999999.000,0.000,0.000,1.000,0,0,0,17,17,0,0,17,0.0,0,0,0.0,0.0,1.0
"((pH >= 0.887) U[0,0] (Hgb <= 3.513))
",3.513,3.513,0.000,0.000,1.000,0,0,0,17,17,0,0,17,0.0,0,0,0.0,0.0,1.0
"F[2,2](Potassium >= 0.178 & PTT >= 0.988)
",-8902843578930191.000,-0.988,0.000,0.000,1.000,0,0,0,17,17,0,0,17,0.0,0,0,0.0,0.0,1.0
"F[0,2](((Temp <= 38.077 & Temp >= 5.939) & Hct >= 3.492) & Fibrinogen <= 26.878)
",-9999999.000,-9999999.000,0.000,0.000,1.000,0,0,0,17,17,0,0,17,0.0,0,0,0.0,0.0,1.0
"F[1,2]((AST <= 0.000 -> BaseExcess <= -0.049) -> HCO3 <= -0.018)
",-9999999.000,-9999999.000,0.000,0.000,1.000,0,0,0,17,17,0,0,17,0.0,0,0,0.0,0.0,1.0
"((MAP <= 109.069) U[0,1] (EtCO2 >= 0.000))
",-9999999.000,-9999999.000,0.000,0.000,1.000,0,0,0,17,17,0,0,17,0.0,0,0,0.0,0.0,1.0
"F[0,2]((Calcium <= 7.145 & Potassium <= 2.226) & Magnesium >= 0.059)
",-9999999.000,-9999999.000,0.000,0.000,1.000,0,0,0,17,17,0,0,17,0.0,0,0,0.0,0.0,1.0
"F[0,2]((Bilirubin_direct <= 0.000 | BaseExcess <= -0.043) | BUN <= -0.012)
",-9999999.000,-9999999.000,0.000,0.000,1.000,0,0,0,17,17,0,0,17,0.0,0,0,0.0,0.0,1.0
"F[2,2]((SepsisLabel >= 0.000 | Creatinine >= 0.021) -> Chloride >= 0.016)
",0.000,0.000,0.000,0.000,1.000,0,0,0,17,17,0,0,17,0.0,0,0,0.0,0.0,1.0
"((HCO3 <= 4.179) U[1,2] (WBC <= 4.306))
",-9999999.000,-9999999.000,0.000,0.000,1.000,0,0,0,17,17,0,0,17,0.0,0,0,0.0,0.0,1.0
"((Bilirubin_direct <= 0.000) U[0,1] (Chloride <= 45.548))
",-9999999.000,-9999999.000,0.000,0.000,1.000,0,0,0,17,17,0,0,17,0.0,0,0,0.0,0.0,1.0
"F[0,2](Alkalinephos <= 0.000 -> FiO2 >= 0.035)
",-9999999.000,-9999999.000,0.000,0.000,1.000,0,0,0,17,17,0,0,17,0.0,0,0,0.0,0.0,1.0
"F[0,1]((Phosphate >= 0.064 & Magnesium > 0.039) -> Calcium < 2.985)
",-9999999.000,-9999999.000,0.000,0.000,1.000,0,0,0,17,17,0,0,17,0.0,0,0,0.0,0.0,1.0
"((MAP >= 46.680) U[0,2] (SBP <= 135.395))
",-9999999.000,-9999999.000,0.000,0.000,1.000,0,0,0,17,17,0,0,17,0.0,0,0,0.0,0.0,1.0
"F[1,1]((Hct <= 28.785 & TroponinI >= 0.000) | Bilirubin_direct <= 0.000)
",0.000,0.000,0.000,0.000,1.000,0,0,0,17,17,0,0,17,0.0,0,0,0.0,0.0,1.0
"F[0,2](HCO3 <= 4.416 -> FiO2 <= 0.195)
",-9999999.000,-9999999.000,0.000,0.000,1.000,0,0,0,17,17,0,0,17,0.0,0,0,0.0,0.0,1.0
"((Bilirubin_total <= 0.000) U[0,1] (Bilirubin_total <= 0.000))
",-9999999.000,-9999999.000,0.000,0.000,1.000,0,0,0,17,17,0,0,17,0.0,0,0,0.0,0.0,1.0
"F[1,1](Magnesium <= 1.101 | Fibrinogen <= 0.000)
",1.101,1.101,0.000,0.000,1.000,0,0,0,17,17,0,0,17,0.0,0,0,0.0,0.0,1.0
"F[2,2](((Platelets <= 104.991 | BUN >= 0.177) & BaseExcess >= 0.035) -> Potassium <= 5.096)
",-5.096,-5.096,0.000,0.000,1.000,0,0,0,17,17,0,0,17,0.0,0,0,0.0,0.0,1.0
"F[0,2](((Bilirubin_total <= 0.000 -> Resp <= 22.125) | Chloride <= 23.658) -> pH <= 24.621)
",-9999999.000,-9999999.000,0.000,0.000,1.000,0,0,0,17,17,0,0,17,0.0,0,0,0.0,0.0,1.0
"F[0,1]((EtCO2 >= 0.000 -> Magnesium <= 0.471) -> Alkalinephos <= 1.094)
",-9999999.000,-9999999.000,0.000,0.000,1.000,0,0,0,17,17,0,0,17,0.0,0,0,0.0,0.0,1.0
"F[0,2](((Resp <= 27.652 | Creatinine <= 0.536) & Hgb <= 0.516) | pH <= 0.094)
",-9999999.000,-9999999.000,0.000,0.000,1.000,0,0,0,17,17,0,0,17,0.0,0,0,0.0,0.0,1.0
"F[1,1](Magnesium <= 0.272 | Fibrinogen >= 0.000)
",0.272,0.272,0.000,0.000,1.000,0,0,0,17,17,0,0,17,0.0,0,0,0.0,0.0,1.0
"F[0,2](Temp <= 21.898 & Creatinine >= 0.015)
",-9999999.000,-9999999.000,0.000,0.000,1.000,0,0,0,17,17,0,0,17,0.0,0,0,0.0,0.0,1.0
"F[2,2]((Phosphate >= 0.061 & Magnesium > 0.067) -> Calcium < 3.267)
",-3.267,-3.267,0.000,0.000,1.000,0,0,0,17,17,0,0,17,0.0,0,0,0.0,0.0,1.0
"F[0,2](((Calcium < 1.026 & Potassium < 0.574) & Magnesium < 1.304) & Phosphate < 3.506)
",-9999999.000,-9999999.000,0.000,0.000,1.000,0,0,0,17,17,0,0,17,0.0,0,0,0.0,0.0,1.0
"F[0,2]((SBP <= 149.334 & Calcium <= 5.367) -> Lactate >= 0.046)
",-9999999.000,-9999999.000,0.000,0.000,1.000,0,0,0,17,17,0,0,17,0.0,0,0,0.0,0.0,1.0
"F[0,2]((AST >= 0.000 & DBP <= 88.892) & HR >= 60.063)
",-9999999.000,-9999999.000,0.000,0.000,1.000,0,0,0,17,17,0,0,17,0.0,0,0,0.0,0.0,1.0
"F[2,2](SBP <= 135.797 & DBP >= 74.125)
",-74.125,-74.125,0.000,0.000,1.000,0,0,0,17,17,0,0,17,0.0,0,0,0.0,0.0,1.0
"F[2,2](((BaseExcess >= -0.221 & MAP >= 49.672) | SepsisLabel <= 103.226) & Resp >= 42.972)
",-42.972,-42.972,0.000,0.000,1.000,0,0,0,17,17,0,0,17,0.0,0,0,0.0,0.0,1.0
"F[2,2](((DBP >= 14.530 | SepsisLabel >= 0.000) | BUN <= 0.000) -> BaseExcess >= 0.000)
",0.000,0.000,0.000,0.000,1.000,0,0,0,17,17,0,0,17,0.0,0,0,0.0,0.0,1.0
"((Bilirubin_direct <= 0.000) U[0,0] (HCO3 <= 6.117))
",26.248,6.176,0.000,0.000,1.000,0,0,0,17,17,0,0,17,0.0,0,0,0.0,0.0,1.0
"F[0,2]((Creatinine >= 0.025 & SepsisLabel <= 0.000) -> Glucose <= 0.000)
",-9999999.000,-9999999.000,0.000,0.000,1.000,0,0,0,17,17,0,0,17,0.0,0,0,0.0,0.0,1.0
"F[1,2](BaseExcess <= -0.016 | Hgb >= 0.138)
",-9999999.000,-9999999.000,0.000,0.000,1.000,0,0,0,17,17,0,0,17,0.0,0,0,0.0,0.0,1.0
"((MAP >= 69.624) U[0,2] (SBP <= 146.004))
",-9999999.000,-9999999.000,0.000,0.000,1.000,0,0,0,17,17,0,0,17,0.0,0,0,0.0,0.0,1.0
"F[0,2]((Chloride <= 53.806 & BaseExcess >= -0.148) | Chloride >= -0.629)
",-9999999.000,-9999999.000,0.000,0.000,1.000,0,0,0,17,17,0,0,17,0.0,0,0,0.0,0.0,1.0
"F[0,0](Hgb <= 9.032 | Hct <= 9.583)
",9.583,9.583,0.000,0.000,1.000,0,0,0,17,17,0,0,17,0.0,0,0,0.0,0.0,1.0
"F[1,2]((Hgb >= 0.034 & HCO3 <= 4.407) | PaCO2 <= 18.902)
",-9999999.000,-9999999.000,0.000,0.000,1.000,0,0,0,17,17,0,0,17,0.0,0,0,0.0,0.0,1.0
"F[1,1]((Resp >= 2.803 -> TroponinI <= 0.000) -> Glucose >= 0.000)
",0.000,0.000,0.000,0.000,1.000,0,0,0,17,17,0,0,17,0.0,0,0,0.0,0.0,1.0
"F[1,1]((Platelets >= 4.084 & PTT >= 0.344) -> Magnesium <= 29.494)
",-29.494,-29.494,0.000,0.000,1.000,0,0,0,17,17,0,0,17,0.0,0,0,0.0,0.0,1.0
"F[0,1]((Bilirubin_direct <= 0.000 & SBP <= 132.874) | Creatinine <= 151.536)
",-9999999.000,-9999999.000,0.000,0.000,1.000,0,0,0,17,17,0,0,17,0.0,0,0,0.0,0.0,1.0
"F[0,2]((Phosphate >= 0.089 & Magnesium > 0.071) -> Calcium < 0.433)
",-9999999.000,-9999999.000,0.000,0.000,1.000,0,0,0,17,17,0,0,17,0.0,0,0,0.0,0.0,1.0
"F[1,2](Hgb >= 0.211 -> Fibrinogen <= 0.000)
",-9999999.000,-9999999.000,0.000,0.000,1.000,0,0,0,17,17,0,0,17,0.0,0,0,0.0,0.0,1.0
"F[0,0](((SBP >= 45.106 | HCO3 >= 0.049) | Bilirubin_direct <= 11.513) -> Temp <= 8.763)
",-11.513,-11.513,0.000,0.000,1.000,0,0,0,17,17,0,0,17,0.0,0,0,0.0,0.0,1.0
"F[0,0]((Phosphate <= 2.500 & SBP <= 150.234) -> Hct <= 137.669)
",-137.669,-137.669,0.000,0.000,1.000,0,0,0,17,17,0,0,17,0.0,0,0,0.0,0.0,1.0
"F[0,2](((Glucose <= 33.168 & Phosphate >= 0.012) & Chloride <= 1.176) | Potassium >= 0.106)
",-9999999.000,-9999999.000,0.000,0.000,1.000,0,0,0,17,17,0,0,17,0.0,0,0,0.0,0.0,1.0
"F[1,2]((SaO2 >= 1.611 -> Phosphate >= 0.080) & PaCO2 >= 0.079)
",-9999999.000,-9999999.000,0.000,0.000,1.000,0,0,0,17,17,0,0,17,0.0,0,0,0.0,0.0,1.0
"F[1,2]((Calcium <= 4.673 & Potassium <= 2.326) & Magnesium >= 0.058)
",-9999999.000,-9999999.000,0.000,0.000,1.000,0,0,0,17,17,0,0,17,0.0,0,0,0.0,0.0,1.0
"F[1,2](((Creatinine <= 0.909 & Platelets >= 1.135) & HCO3 <= 157.149) -> BaseExcess >= 0.884)
",-9999999.000,-9999999.000,0.000,0.000,1.000,0,0,0,17,17,0,0,17,0.0,0,0,0.0,0.0,1.0
"((Potassium >= 0.135) U[0,2] (Potassium >= 0.035))
",-9999999.000,-9999999.000,0.000,0.000,1.000,0,0,0,17,17,0,0,17,0.0,0,0,0.0,0.0,1.0
"((Alkalinephos >= 0.000) U[1,2] (Bilirubin_total >= 0.000))
",-9999999.000,-9999999.000,0.000,0.000,1.000,0,0,0,17,17,0,0,17,0.0,0,0,0.0,0.0,1.0
"F[1,2](((Bilirubin_total <= 0.000 & Alkalinephos >= 0.000) -> Calcium <= 0.000) & BUN <= 0.000)
",-9999999.000,-9999999.000,0.000,0.000,1.000,0,0,0,17,17,0,0,17,0.0,0,0,0.0,0.0,1.0
"((PTT <= 4.960) U[1,2] (Creatinine >= 0.025))
",-9999999.000,-9999999.000,0.000,0.000,1.000,0,0,0,17,17,0,0,17,0.0,0,0,0.0,0.0,1.0
"F[0,2](((Potassium <= 4.038 | EtCO2 >= 0.000) & SepsisLabel >= 0.000) & PaCO2 <= 0.000)
",-9999999.000,-9999999.000,0.000,0.000,1.000,0,0,0,17,17,0,0,17,0.0,0,0,0.0,0.0,1.0
"F[0,2]((PTT >= 0.926 -> SBP >= 86.355) | SaO2 >= 27.947)
",-9999999.000,-9999999.000,0.000,0.000,1.000,0,0,0,17,17,0,0,17,0.0,0,0,0.0,0.0,1.0
"F[0,1](((Magnesium <= 1.311 & PaCO2 <= 21.395) -> Creatinine <= 37.295) | TroponinI <= 9.115)
",-9999999.000,-9999999.000,0.000,0.000,1.000,0,0,0,17,17,0,0,17,0.0,0,0,0.0,0.0,1.0
"F[0,2](((Calcium < 4.581 & Potassium < 3.680) & Magnesium < 0.493) & Phosphate < 1.270)
",-9999999.000,-9999999.000,0.000,0.000,1.000,0,0,0,17,17,0,0,17,0.0,0,0,0.0,0.0,1.0
"F[1,2](((Hgb <= 1.749 -> EtCO2 <= 0.000) | Bilirubin_direct <= 0.000) & Bilirubin_total <= 0.000)
",-9999999.000,-9999999.000,0.000,0.000,1.000,0,0,0,17,17,0,0,17,0.0,0,0,0.0,0.0,1.0
"F[1,2]((SBP <= 147.435 | DBP <= 91.822) | Lactate >= 47.265)
",-9999999.000,-9999999.000,0.000,0.000,1.000,0,0,0,17,17,0,0,17,0.0,0,0,0.0,0.0,1.0
"F[0,1](pH >= 0.060 -> PaCO2 >= 1.723)
",-9999999.000,-9999999.000,0.000,0.000,1.000,0,0,0,17,17,0,0,17,0.0,0,0,0.0,0.0,1.0
"F[0,2]((HR <= 100.820 -> Hgb >= 0.050) & Alkalinephos <= 3.904)
",-9999999.000,-9999999.000,0.000,0.000,1.000,0,0,0,17,17,0,0,17,0.0,0,0,0.0,0.0,1.0
"F[1,2]((Hct >= 0.622 & Bilirubin_total >= 0.000) & Hct <= 0.000)
",-9999999.000,-9999999.000,0.000,0.000,1.000,0,0,0,17,17,0,0,17,0.0,0,0,0.0,0.0,1.0
"F[1,1](((DBP >= 51.877 -> BaseExcess <= -0.030) -> TroponinI <= -0.047) | HR <= -0.011)
",-0.011,-0.011,0.000,0.000,1.000,0,0,0,17,17,0,0,17,0.0,0,0,0.0,0.0,1.0
"F[0,2](Hgb <= 1.079 | Hct <= 8.192)
",-9999999.000,-9999999.000,0.000,0.000,1.000,0,0,0,17,17,0,0,17,0.0,0,0,0.0,0.0,1.0
"F[0,1](((Calcium < 4.771 & Potassium < 0.731) & Magnesium < 0.318) & Phosphate < 0.267)
",-9999999.000,-9999999.000,0.000,0.000,1.000,0,0,0,17,17,0,0,17,0.0,0,0,0.0,0.0,1.0
"F[0,1](Glucose <= 18.120 | Hgb <= 3.804)
",-9999999.000,-9999999.000,0.000,0.000,1.000,0,0,0,17,17,0,0,17,0.0,0,0,0.0,0.0,1.0
"F[2,2](AST >= 0.000 | Resp <= 30.875)
",8690413293411874.000,30.875,0.000,0.000,1.000,0,0,0,17,17,0,0,17,0.0,0,0,0.0,0.0,1.0
"F[0,2]((Phosphate >= 0.065 & Magnesium > 0.072) -> Calcium < 2.142)
",-9999999.000,-9999999.000,0.000,0.000,1.000,0,0,0,17,17,0,0,17,0.0,0,0,0.0,0.0,1.0
"F[1,2]((FiO2 >= 0.036 -> FiO2 <= 0.183) -> Fibrinogen >= 0.051)
",-9999999.000,-9999999.000,0.000,0.000,1.000,0,0,0,17,17,0,0,17,0.0,0,0,0.0,0.0,1.0
"((Temp <= 31.134) U[1,2] (HCO3 <= 7.385))
",-9999999.000,-9999999.000,0.000,0.000,1.000,0,0,0,17,17,0,0,17,0.0,0,0,0.0,0.0,1.0
"((MAP >= 8.220) U[2,2] (SBP <= 132.210))
",132.210,132.210,0.000,0.000,1.000,0,0,0,17,17,0,0,17,0.0,0,0,0.0,0.0,1.0
"F[1,1]((Magnesium >= 0.083 -> Phosphate >= 0.094) & Magnesium <= 1.828)
",0.083,0.083,0.000,0.000,1.000,0,0,0,17,17,0,0,17,0.0,0,0,0.0,0.0,1.0
"F[0,1](SepsisLabel <= 0.000 & Hct <= 30.889)
",-9999999.000,-9999999.000,0.000,0.000,1.000,0,0,0,17,17,0,0,17,0.0,0,0,0.0,0.0,1.0
"F[0,2](((BaseExcess >= -0.378 | Magnesium >= 0.014) & Phosphate >= 0.065) -> Glucose <= 0.229)
",-9999999.000,-9999999.000,0.000,0.000,1.000,0,0,0,17,17,0,0,17,0.0,0,0,0.0,0.0,1.0
"F[0,1](Hgb <= 2.634 | Hct <= 31.493)
",-9999999.000,-9999999.000,0.000,0.000,1.000,0,0,0,17,17,0,0,17,0.0,0,0,0.0,0.0,1.0
"F[2,2](PTT >= 0.694 & DBP <= 91.589)
",-0.694,-0.694,0.000,0.000,1.000,0,0,0,17,17,0,0,17,0.0,0,0,0.0,0.0,1.0
"F[0,1](((PaCO2 >= 1.798 -> Fibrinogen >= 0.000) | Lactate >= 0.000) | AST <= 0.000)
",-9999999.000,-9999999.000,0.000,0.000,1.000,0,0,0,17,17,0,0,17,0.0,0,0,0.0,0.0,1.0
"F[1,2](EtCO2 <= 0.000 & HCO3 <= 23.862)
",-9999999.000,-9999999.000,0.000,0.000,1.000,0,0,0,17,17,0,0,17,0.0,0,0,0.0,0.0,1.0
"F[0,1](((Calcium < 6.085 & Potassium < 0.998) & Magnesium < 0.793) & Phosphate < 0.704)
",-9999999.000,-9999999.000,0.000,0.000,1.000,0,0,0,17,17,0,0,17,0.0,0,0,0.0,0.0,1.0
"F[1,2]((Glucose <= 44.055 & Potassium <= 2.692) -> HCO3 <= 2.068)
",-9999999.000,-9999999.000,0.000,0.000,1.000,0,0,0,17,17,0,0,17,0.0,0,0,0.0,0.0,1.0
"F[1,2](PaCO2 <= 33.286 -> Platelets >= 3.981)
",-9999999.000,-9999999.000,0.000,0.000,1.000,0,0,0,17,17,0,0,17,0.0,0,0,0.0,0.0,1.0
"F[0,1]((HCO3 <= 1.134 & PaCO2 <= 30.127) | Hgb <= 40.904)
",-9999999.000,-9999999.000,0.000,0.000,1.000,0,0,0,17,17,0,0,17,0.0,0,0,0.0,0.0,1.0
"F[0,0]((Phosphate >= 0.082 & Magnesium > 0.091) -> Calcium < 4.477)
",-4.477,-4.477,0.000,0.000,1.000,0,0,0,17,17,0,0,17,0.0,0,0,0.0,0.0,1.0
"F[0,2](Hct <= 23.216 | Phosphate <= 1.222)
",-9999999.000,-9999999.000,0.000,0.000,1.000,0,0,0,17,17,0,0,17,0.0,0,0,0.0,0.0,1.0
"F[1,2](HCO3 >= 0.513 -> Hct >= 0.426)
",-9999999.000,-9999999.000,0.000,0.000,1.000,0,0,0,17,17,0,0,17,0.0,0,0,0.0,0.0,1.0
"((Hct <= 28.517) U[1,2] (Platelets >= 1.645))
",-9999999.000,-9999999.000,0.000,0.000,1.000,0,0,0,17,17,0,0,17,0.0,0,0,0.0,0.0,1.0
"((MAP >= 59.215) U[0,1] (SBP <= 151.638))
",-9999999.000,-9999999.000,0.000,0.000,1.000,0,0,0,17,17,0,0,17,0.0,0,0,0.0,0.0,1.0
"F[0,2](((Calcium < 7.899 & Potassium < 1.490) & Magnesium < 1.470) & Phosphate < 1.388)
",-9999999.000,-9999999.000,0.000,0.000,1.000,0,0,0,17,17,0,0,17,0.0,0,0,0.0,0.0,1.0
"F[0,2]((HCO3 <= 22.228 & Potassium <= 1.368) & Fibrinogen >= 0.173)
",-9999999.000,-9999999.000,0.000,0.000,1.000,0,0,0,17,17,0,0,17,0.0,0,0,0.0,0.0,1.0
"F[1,2](((Magnesium <= 1.127 -> Phosphate >= 0.046) | Phosphate <= 1.504) -> HR <= 3.692)
",-9999999.000,-9999999.000,0.000,0.000,1.000,0,0,0,17,17,0,0,17,0.0,0,0,0.0,0.0,1.0
"F[1,2](Hgb <= 2.404 | Hct <= 21.760)
",-9999999.000,-9999999.000,0.000,0.000,1.000,0,0,0,17,17,0,0,17,0.0,0,0,0.0,0.0,1.0
"F[1,2](HR <= 102.957 & SBP >= 27.433)
",-9999999.000,-9999999.000,0.000,0.000,1.000,0,0,0,17,17,0,0,17,0.0,0,0,0.0,0.0,1.0
"F[0,0]((HR <= 107.076 | MAP >= 5.657) | BUN <= 107.681)
",11.259,124.823,0.000,0.000,1.000,0,0,0,17,17,0,0,17,0.0,0,0,0.0,0.0,1.0
"F[0,2](DBP >= 68.352 -> HR >= 90.023)
",-9999999.000,-9999999.000,0.000,0.000,1.000,0,0,0,17,17,0,0,17,0.0,0,0,0.0,0.0,1.0
"F[0,1]((PaCO2 >= 3.127 & SaO2 >= 1.113) -> FiO2 <= 12.932)
",-9999999.000,-9999999.000,0.000,0.000,1.000,0,0,0,17,17,0,0,17,0.0,0,0,0.0,0.0,1.0
"F[0,0](((HCO3 <= 19.659 | pH >= 0.364) -> Calcium <= 2.825) | TroponinI <= 6.894)
",6.894,6.894,0.000,0.000,1.000,0,0,0,17,17,0,0,17,0.0,0,0,0.0,0.0,1.0
"F[0,1]((BaseExcess <= -0.019 & FiO2 <= 0.155) -> Chloride >= 0.002)
",-9999999.000,-9999999.000,0.000,0.000,1.000,0,0,0,17,17,0,0,17,0.0,0,0,0.0,0.0,1.0
"F[0,1](((Hct <= 13.648 & PaCO2 >= 0.728) -> PaCO2 <= 36.422) & Potassium <= 32.955)
",-9999999.000,-9999999.000,0.000,0.000,1.000,0,0,0,17,17,0,0,17,0.0,0,0,0.0,0.0,1.0
"F[0,1](((BaseExcess <= -0.014 | HR <= 99.344) & Magnesium <= 94.227) | EtCO2 <= 107.306)
",-9999999.000,-9999999.000,0.000,0.000,1.000,0,0,0,17,17,0,0,17,0.0,0,0,0.0,0.0,1.0
"F[1,2]((HR >= 32.440 | PaCO2 >= 4.609) | Creatinine <= 18.188)
",-9999999.000,-9999999.000,0.000,0.000,1.000,0,0,0,17,17,0,0,17,0.0,0,0,0.0,0.0,1.0
"F[0,2](PaCO2 >= 4.950 -> Temp <= 24.002)
",-9999999.000,-9999999.000,0.000,0.000,1.000,0,0,0,17,17,0,0,17,0.0,0,0,0.0,0.0,1.0
"((BaseExcess <= -0.053) U[0,2] (Temp <= 38.744))
",-9999999.000,-9999999.000,0.000,0.000,1.000,0,0,0,17,17,0,0,17,0.0,0,0,0.0,0.0,1.0
"F[2,2](FiO2 <= 0.217 & HR >= 43.343)
",-43.343,-43.343,0.000,0.000,1.000,0,0,0,17,17,0,0,17,0.0,0,0,0.0,0.0,1.0
"F[0,1]((Hct <= 33.126 | SBP <= 149.389) | Bilirubin_direct <= 137.543)
",-9999999.000,-9999999.000,0.000,0.000,1.000,0,0,0,17,17,0,0,17,0.0,0,0,0.0,0.0,1.0
"F[1,2]((FiO2 <= 0.280 -> pH <= 1.492) & Creatinine >= 0.060)
",-9999999.000,-9999999.000,0.000,0.000,1.000,0,0,0,17,17,0,0,17,0.0,0,0,0.0,0.0,1.0
"F[0,2]((Hgb <= 3.428 | pH >= 0.760) | Potassium >= 0.359)
",-9999999.000,-9999999.000,0.000,0.000,1.000,0,0,0,17,17,0,0,17,0.0,0,0,0.0,0.0,1.0
"F[0,2](Resp <= 24.751 -> Temp >= 1.591)
",-9999999.000,-9999999.000,0.000,0.000,1.000,0,0,0,17,17,0,0,17,0.0,0,0,0.0,0.0,1.0
"F[1,2]((Resp >= 5.675 -> SBP <= 147.952) -> Resp <= 151.266)
",-9999999.000,-9999999.000,0.000,0.000,1.000,0,0,0,17,17,0,0,17,0.0,0,0,0.0,0.0,1.0
"F[0,1](PaCO2 >= 1.621 -> Potassium <= 0.458)
",-9999999.000,-9999999.000,0.000,0.000,1.000,0,0,0,17,17,0,0,17,0.0,0,0,0.0,0.0,1.0
"((MAP >= 11.216) U[0,1] (Resp <= 29.873))
",-9999999.000,-9999999.000,0.000,0.000,1.000,0,0,0,17,17,0,0,17,0.0,0,0,0.0,0.0,1.0
"F[1,2](Hgb <= 1.532 | Hct <= 12.392)
",-9999999.000,-9999999.000,0.000,0.000,1.000,0,0,0,17,17,0,0,17,0.0,0,0,0.0,0.0,1.0
"F[2,2]((Calcium <= 2.050 & Potassium <= 2.538) & Magnesium >= 0.049)
",-0.049,-0.049,0.000,0.000,1.000,0,0,0,17,17,0,0,17,0.0,0,0,0.0,0.0,1.0
"F[0,1]((MAP >= 34.985 -> O2Sat >= 69.305) | Potassium >= 20.645)
",-9999999.000,-9999999.000,0.000,0.000,1.000,0,0,0,17,17,0,0,17,0.0,0,0,0.0,0.0,1.0
"F[2,2](((MAP <= 97.880 -> SBP <= 138.054) | Bilirubin_direct <= 151.106) & SaO2 >= 58.310)
",-58.310,-58.310,0.000,0.000,1.000,0,0,0,17,17,0,0,17,0.0,0,0,0.0,0.0,1.0
"F[2,2](((Calcium < 3.625 & Potassium < 1.870) & Magnesium < 0.474) & Phosphate < 1.627)
",8530717845147797.000,0.474,0.000,0.000,1.000,0,0,0,17,17,0,0,17,0.0,0,0,0.0,0.0,1.0
"((WBC <= 7.819) U[0,1] (SepsisLabel = 0.000))
",-9999999.000,-9999999.000,0.000,0.000,1.000,0,0,0,17,17,0,0,17,0.0,0,0,0.0,0.0,1.0
"((EtCO2 < 0.000) U[0,2] (SepsisLabel = 0.000))
",-9999999.000,-9999999.000,0.000,0.000,1.000,0,0,0,17,17,0,0,17,0.0,0,0,0.0,0.0,1.0
"((SBP <= 131.281) U[0,2] (SepsisLabel = 0.000))
",-9999999.000,-9999999.000,0.000,0.000,1.000,0,0,0,17,17,0,0,17,0.0,0,0,0.0,0.0,1.0
"((Phosphate <= 0.135) U[2,2] (SepsisLabel = 0.000))
",0.135,0.135,0.000,0.000,1.000,0,0,0,17,17,0,0,17,0.0,0,0,0.0,0.0,1.0
"((Glucose <= 75.237) U[0,1] (SepsisLabel = 0.000))
",-9999999.000,-9999999.000,0.000,0.000,1.000,0,0,0,17,17,0,0,17,0.0,0,0,0.0,0.0,1.0
"((AST < 0.000) U[0,2] (SepsisLabel = 0.000))
",-9999999.000,-9999999.000,0.000,0.000,1.000,0,0,0,17,17,0,0,17,0.0,0,0,0.0,0.0,1.0
"((Bilirubin_total >= 0.000) U[2,2] (SepsisLabel = 0.000))
",0.000,0.000,0.000,0.000,1.000,0,0,0,17,17,0,0,17,0.0,0,0,0.0,0.0,1.0
"((Hct < 15.925) U[0,1] (SepsisLabel = 0.000))
",-9999999.000,-9999999.000,0.000,0.000,1.000,0,0,0,17,17,0,0,17,0.0,0,0,0.0,0.0,1.0
"F[0,2](((Glucose <= 55.929 & Hgb <= 8.811) & DBP <= 1.086) -> Fibrinogen >= 0.230)
",-9999999.000,-9999999.000,0.000,0.000,1.000,0,0,0,17,17,0,0,17,0.0,0,0,0.0,0.0,1.0
"F[1,2](TroponinI >= 0.000 -> SepsisLabel = 0.000)
",-9999999.000,-9999999.000,0.000,0.000,1.000,0,0,0,17,17,0,0,17,0.0,0,0,0.0,0.0,1.0
"F[0,2](Bilirubin_direct <= 0.000 & SepsisLabel = 0.000)
",-9999999.000,-9999999.000,0.000,0.000,1.000,0,0,0,17,17,0,0,17,0.0,0,0,0.0,0.0,1.0
"F[0,1](HCO3 <= 12.694 -> SepsisLabel = 0.000)
",-9999999.000,-9999999.000,0.000,0.000,1.000,0,0,0,17,17,0,0,17,0.0,0,0,0.0,0.0,1.0
"((SepsisLabel < 0.000) U[0,1] (SepsisLabel = 0.000))
",-9999999.000,-9999999.000,0.000,0.000,1.000,0,0,0,17,17,0,0,17,0.0,0,0,0.0,0.0,1.0
"((Resp < 28.975) U[0,2] (SepsisLabel = 0.000))
",-9999999.000,-9999999.000,0.000,0.000,1.000,0,0,0,17,17,0,0,17,0.0,0,0,0.0,0.0,1.0
"F[0,2](WBC < 9.264 & SepsisLabel = 0.000)
",-9999999.000,-9999999.000,0.000,0.000,1.000,0,0,0,17,17,0,0,17,0.0,0,0,0.0,0.0,1.0
"F[2,2](WBC > 0.095 -> SepsisLabel = 0.000)
",0.000,0.000,0.000,0.000,1.000,0,0,0,17,17,0,0,17,0.0,0,0,0.0,0.0,1.0
"F[0,2](Phosphate >= 0.037 -> SepsisLabel = 0.000)
",-9999999.000,-9999999.000,0.000,0.000,1.000,0,0,0,17,17,0,0,17,0.0,0,0,0.0,0.0,1.0
"F[1,1](HR > 66.475 -> SepsisLabel = 0.000)
",0.000,0.000,0.000,0.000,1.000,0,0,0,17,17,0,0,17,0.0,0,0,0.0,0.0,1.0
"((PTT <= 9.226) U[1,2] (SepsisLabel = 0.000))
",-9999999.000,-9999999.000,0.000,0.000,1.000,0,0,0,17,17,0,0,17,0.0,0,0,0.0,0.0,1.0
"((PaCO2 <= 35.064) U[0,2] (SepsisLabel = 0.000))
",-9999999.000,-9999999.000,0.000,0.000,1.000,0,0,0,17,17,0,0,17,0.0,0,0,0.0,0.0,1.0
"((PTT >= 0.538) U[0,0] (SepsisLabel = 0.000))
",0.000,0.000,0.000,0.000,1.000,0,0,0,17,17,0,0,17,0.0,0,0,0.0,0.0,1.0
"((HCO3 <= 0.853) U[2,2] (SepsisLabel = 0.000))
",0.853,0.853,0.000,0.000,1.000,0,0,0,17,17,0,0,17,0.0,0,0,0.0,0.0,1.0
"((FiO2 > 0.022) U[2,2] (SepsisLabel = 0.000))
",0.000,0.000,0.000,0.000,1.000,0,0,0,17,17,0,0,17,0.0,0,0,0.0,0.0,1.0
"((Lactate <= 0.000) U[0,2] (SepsisLabel = 0.000))
",-9999999.000,-9999999.000,0.000,0.000,1.000,0,0,0,17,17,0,0,17,0.0,0,0,0.0,0.0,1.0
"F[0,1](WBC >= 0.196 -> SepsisLabel = 0.000)
",-9999999.000,-9999999.000,0.000,0.000,1.000,0,0,0,17,17,0,0,17,0.0,0,0,0.0,0.0,1.0
"F[0,1](Chloride <= 66.604 & SepsisLabel = 0.000)
",-9999999.000,-9999999.000,0.000,0.000,1.000,0,0,0,17,17,0,0,17,0.0,0,0,0.0,0.0,1.0
"F[0,2](Calcium >= 0.174 & SepsisLabel = 0.000)
",-9999999.000,-9999999.000,0.000,0.000,1.000,0,0,0,17,17,0,0,17,0.0,0,0,0.0,0.0,1.0
"F[0,2]((Hct >= 0.290 -> Hct <= 30.065) & Glucose >= 1.938)
",-9999999.000,-9999999.000,0.000,0.000,1.000,0,0,0,17,17,0,0,17,0.0,0,0,0.0,0.0,1.0
"F[1,2](AST >= 0.000 & SepsisLabel = 0.000)
",-9999999.000,-9999999.000,0.000,0.000,1.000,0,0,0,17,17,0,0,17,0.0,0,0,0.0,0.0,1.0
"F[0,1]((Calcium <= 3.708 & Platelets <= 84.969) | Potassium <= 135.341)
",-9999999.000,-9999999.000,0.000,0.000,1.000,0,0,0,17,17,0,0,17,0.0,0,0,0.0,0.0,1.0
"((MAP >= 77.668) U[0,2] (SBP <= 143.985))
",-9999999.000,-9999999.000,0.000,0.000,1.000,0,0,0,17,17,0,0,17,0.0,0,0,0.0,0.0,1.0
"F[1,2]((Phosphate >= 0.029 & Magnesium > 0.000) -> Calcium < 4.045)
",-9999999.000,-9999999.000,0.000,0.000,1.000,0,0,0,17,17,0,0,17,0.0,0,0,0.0,0.0,1.0
"F[1,2]((DBP >= 50.297 | pH <= 2.688) | DBP <= 4.403)
",-9999999.000,-9999999.000,0.000,0.000,1.000,0,0,0,17,17,0,0,17,0.0,0,0,0.0,0.0,1.0
"F[0,1](((FiO2 >= 0.014 & Potassium <= 0.770) -> DBP <= 3.011) | Alkalinephos >= 0.152)
",-9999999.000,-9999999.000,0.000,0.000,1.000,0,0,0,17,17,0,0,17,0.0,0,0,0.0,0.0,1.0
"F[2,2](((Potassium >= 0.183 & Magnesium >= 0.016) -> pH <= 0.679) | WBC <= 1.299)
",1.299,1.299,0.000,0.000,1.000,0,0,0,17,17,0,0,17,0.0,0,0,0.0,0.0,1.0
"F[0,1](((Chloride <= 20.776 -> SBP <= 143.728) -> MAP >= 13.390) | SBP <= 142.166)
",-9999999.000,-9999999.000,0.000,0.000,1.000,0,0,0,17,17,0,0,17,0.0,0,0,0.0,0.0,1.0
"F[0,2]((Calcium >= 0.047 | DBP >= 56.843) -> PaCO2 <= 77.900)
",-9999999.000,-9999999.000,0.000,0.000,1.000,0,0,0,17,17,0,0,17,0.0,0,0,0.0,0.0,1.0
"((BUN <= 0.750) U[1,1] (DBP >= 22.307))
",0.750,0.750,0.000,0.000,1.000,0,0,0,17,17,0,0,17,0.0,0,0,0.0,0.0,1.0
"F[0,2](((Hgb <= 1.868 | SBP >= 31.267) -> SaO2 <= 130.596) & Alkalinephos <= 133.448)
",-9999999.000,-9999999.000,0.000,0.000,1.000,0,0,0,17,17,0,0,17,0.0,0,0,0.0,0.0,1.0
"F[0,1](((Platelets <= 141.371 | SBP >= 38.615) & SBP >= 68.911) -> O2Sat <= 136.925)
",-9999999.000,-9999999.000,0.000,0.000,1.000,0,0,0,17,17,0,0,17,0.0,0,0,0.0,0.0,1.0
"F[1,2](SBP <= 140.387 & WBC <= 0.387)
",-9999999.000,-9999999.000,0.000,0.000,1.000,0,0,0,17,17,0,0,17,0.0,0,0,0.0,0.0,1.0
"F[0,2](((PTT <= 30.727 & SBP >= 65.431) | SepsisLabel <= 139.460) -> Resp >= 44.359)
",-9999999.000,-9999999.000,0.000,0.000,1.000,0,0,0,17,17,0,0,17,0.0,0,0,0.0,0.0,1.0
"F[2,2](((Phosphate >= 0.024 | SBP >= 92.671) -> O2Sat >= 26.486) & Chloride <= 138.045)
",0.024,0.024,0.000,0.000,1.000,0,0,0,17,17,0,0,17,0.0,0,0,0.0,0.0,1.0
"F[2,2]((DBP >= 69.879 -> Glucose >= 2.475) | SBP >= 1.725)
",2.475,2.475,0.000,0.000,1.000,0,0,0,17,17,0,0,17,0.0,0,0,0.0,0.0,1.0
"F[0,1](((Calcium < 5.372 & Potassium < 1.688) & Magnesium < 0.996) & Phosphate < 1.117)
",-9999999.000,-9999999.000,0.000,0.000,1.000,0,0,0,17,17,0,0,17,0.0,0,0,0.0,0.0,1.0
"F[2,2](((PaCO2 >= 5.177 | SBP <= 142.654) & HR <= 136.319) -> Hgb <= 136.120)
",-136.319,-136.319,0.000,0.000,1.000,0,0,0,17,17,0,0,17,0.0,0,0,0.0,0.0,1.0
"F[0,2](((Magnesium <= 1.124 -> SBP >= 40.064) -> FiO2 <= 140.694) | Magnesium <= 138.603)
",-9999999.000,-9999999.000,0.000,0.000,1.000,0,0,0,17,17,0,0,17,0.0,0,0,0.0,0.0,1.0
"F[1,2](((Calcium >= 0.037 & O2Sat <= 97.618) & Calcium <= 99.186) | PTT <= 96.035)
",-9999999.000,-9999999.000,0.000,0.000,1.000,0,0,0,17,17,0,0,17,0.0,0,0,0.0,0.0,1.0
"F[1,2]((Calcium <= 6.809 & Potassium <= 3.875) & Magnesium >= 0.027)
",-9999999.000,-9999999.000,0.000,0.000,1.000,0,0,0,17,17,0,0,17,0.0,0,0,0.0,0.0,1.0
"F[0,2](O2Sat >= 89.048 & PTT <= 6.683)
",-9999999.000,-9999999.000,0.000,0.000,1.000,0,0,0,17,17,0,0,17,0.0,0,0,0.0,0.0,1.0
"F[1,2](DBP >= 68.736 -> Hgb >= 0.008)
",-9999999.000,-9999999.000,0.000,0.000,1.000,0,0,0,17,17,0,0,17,0.0,0,0,0.0,0.0,1.0
"F[0,1](Hgb <= 0.637 | Hct <= 3.636)
",-9999999.000,-9999999.000,0.000,0.000,1.000,0,0,0,17,17,0,0,17,0.0,0,0,0.0,0.0,1.0
"F[1,2](DBP >= 22.674 | SaO2 >= 2.516)
",-9999999.000,-9999999.000,0.000,0.000,1.000,0,0,0,17,17,0,0,17,0.0,0,0,0.0,0.0,1.0
"F[1,2](Alkalinephos <= 0.000 & SepsisLabel = 0.000)
",-9999999.000,-9999999.000,0.000,0.000,1.000,0,0,0,17,17,0,0,17,0.0,0,0,0.0,0.0,1.0
"F[0,1](((Temp >= 3.635 & Resp >= 4.652) -> SaO2 >= 5.898) | O2Sat >= 15.630)
",-9999999.000,-9999999.000,0.000,0.000,1.000,0,0,0,17,17,0,0,17,0.0,0,0,0.0,0.0,1.0
"((Temp <= 37.183) U[0,0] (EtCO2 <= 0.000))
",-0.974,-13.430,0.000,0.000,1.000,0,0,0,17,17,0,0,17,0.0,0,0,0.0,0.0,1.0
"F[1,2]((Phosphate >= 0.021 & Magnesium > 0.020) -> Calcium < 4.655)
",-9999999.000,-9999999.000,0.000,0.000,1.000,0,0,0,17,17,0,0,17,0.0,0,0,0.0,0.0,1.0
"F[0,2](((Creatinine >= 0.013 | Alkalinephos >= 0.000) & Magnesium <= 0.000) | PTT >= 0.000)
",-9999999.000,-9999999.000,0.000,0.000,1.000,0,0,0,17,17,0,0,17,0.0,0,0,0.0,0.0,1.0
"F[1,2]((Lactate >= 0.000 & DBP >= 64.917) | Lactate >= 13.402)
",-9999999.000,-9999999.000,0.000,0.000,1.000,0,0,0,17,17,0,0,17,0.0,0,0,0.0,0.0,1.0
"((MAP >= 53.228) U[0,2] (SaO2 >= 0.658))
",-9999999.000,-9999999.000,0.000,0.000,1.000,0,0,0,17,17,0,0,17,0.0,0,0,0.0,0.0,1.0
"F[0,2](((BaseExcess >= -0.905 & HR <= 102.259) | Temp >= 62.869) | Hgb <= 101.991)
",-9999999.000,-9999999.000,0.000,0.000,1.000,0,0,0,17,17,0,0,17,0.0,0,0,0.0,0.0,1.0
"F[1,2]((Calcium >= 0.209 & MAP <= 108.585) -> Hgb <= 111.168)
",-9999999.000,-9999999.000,0.000,0.000,1.000,0,0,0,17,17,0,0,17,0.0,0,0,0.0,0.0,1.0
"((MAP >= 13.398) U[1,2] (SBP <= 139.695))
",-9999999.000,-9999999.000,0.000,0.000,1.000,0,0,0,17,17,0,0,17,0.0,0,0,0.0,0.0,1.0
"F[0,2]((SepsisLabel >= 0.000 -> BaseExcess <= -0.030) -> Hgb >= -0.832)
",-9999999.000,-9999999.000,0.000,0.000,1.000,0,0,0,17,17,0,0,17,0.0,0,0,0.0,0.0,1.0
"F[0,2]((PTT <= 11.458 -> AST >= 0.000) | Phosphate >= 0.000)
",-9999999.000,-9999999.000,0.000,0.000,1.000,0,0,0,17,17,0,0,17,0.0,0,0,0.0,0.0,1.0
"F[0,2]((EtCO2 <= 0.000 | HR <= 98.888) & Lactate <= 104.915)
",-9999999.000,-9999999.000,0.000,0.000,1.000,0,0,0,17,17,0,0,17,0.0,0,0,0.0,0.0,1.0
"F[0,1]((MAP <= 109.559 & WBC >= 0.104) -> Temp >= 0.148)
",-9999999.000,-9999999.000,0.000,0.000,1.000,0,0,0,17,17,0,0,17,0.0,0,0,0.0,0.0,1.0
"F[0,0](Glucose >= 0.481 -> MAP <= 98.637)
",-0.229,-5.349,0.000,0.000,1.000,0,0,0,17,17,0,0,17,0.0,0,0,0.0,0.0,1.0
"F[1,2]((DBP >= 25.130 & Magnesium >= 0.016) | Magnesium >= 0.058)
",-9999999.000,-9999999.000,0.000,0.000,1.000,0,0,0,17,17,0,0,17,0.0,0,0,0.0,0.0,1.0
"F[0,1]((Calcium <= 3.849 | Resp <= 23.424) | DBP <= 23.900)
",-9999999.000,-9999999.000,0.000,0.000,1.000,0,0,0,17,17,0,0,17,0.0,0,0,0.0,0.0,1.0
"F[0,2](((Chloride <= 22.680 | Resp >= 6.365) & BaseExcess <= 29.350) -> BaseExcess <= 29.472)
",-9999999.000,-9999999.000,0.000,0.000,1.000,0,0,0,17,17,0,0,17,0.0,0,0,0.0,0.0,1.0
"F[0,1]((FiO2 >= 0.032 | Phosphate >= 0.059) -> EtCO2 <= 0.205)
",-9999999.000,-9999999.000,0.000,0.000,1.000,0,0,0,17,17,0,0,17,0.0,0,0,0.0,0.0,1.0
"((HCO3 <= 23.036) U[1,2] (HR <= 97.576))
",-9999999.000,-9999999.000,0.000,0.000,1.000,0,0,0,17,17,0,0,17,0.0,0,0,0.0,0.0,1.0
"F[2,2](((HR >= 19.547 & Magnesium <= 0.376) | Fibrinogen >= 0.004) & SaO2 >= 0.050)
",-0.050,-0.050,0.000,0.000,1.000,0,0,0,17,17,0,0,17,0.0,0,0,0.0,0.0,1.0
"F[1,2]((DBP <= 81.264 | PaCO2 >= 0.613) -> SepsisLabel >= 3.982)
",-9999999.000,-9999999.000,0.000,0.000,1.000,0,0,0,17,17,0,0,17,0.0,0,0,0.0,0.0,1.0
"F[1,2](((Calcium < 3.699 & Potassium < 1.027) & Magnesium < 0.198) & Phosphate < 1.379)
",-9999999.000,-9999999.000,0.000,0.000,1.000,0,0,0,17,17,0,0,17,0.0,0,0,0.0,0.0,1.0
"F[0,1]((Phosphate >= 0.041 & Magnesium > 0.019) -> Calcium < 6.483)
",-9999999.000,-9999999.000,0.000,0.000,1.000,0,0,0,17,17,0,0,17,0.0,0,0,0.0,0.0,1.0
"F[1,2](((Creatinine >= 0.017 -> FiO2 <= 0.148) -> DBP >= 0.023) & SepsisLabel >= 0.036)
",-9999999.000,-9999999.000,0.000,0.000,1.000,0,0,0,17,17,0,0,17,0.0,0,0,0.0,0.0,1.0
"F[1,2](FiO2 <= 0.076 & Hgb <= 9.928)
",-9999999.000,-9999999.000,0.000,0.000,1.000,0,0,0,17,17,0,0,17,0.0,0,0,0.0,0.0,1.0
"F[0,0](Resp <= 23.963 -> WBC <= 8.919)
",-2.770,-9.804,0.000,0.000,1.000,0,0,0,17,17,0,0,17,0.0,0,0,0.0,0.0,1.0
"F[0,2](((FiO2 >= 0.064 | Glucose <= 36.118) & Hct <= 71.692) -> HR <= 33.581)
",-9999999.000,-9999999.000,0.000,0.000,1.000,0,0,0,17,17,0,0,17,0.0,0,0,0.0,0.0,1.0
"F[1,2](FiO2 <= 0.088 | SaO2 <= 30.812)
",-9999999.000,-9999999.000,0.000,0.000,1.000,0,0,0,17,17,0,0,17,0.0,0,0,0.0,0.0,1.0
"F[0,2](((MAP <= 97.758 | SaO2 >= 2.045) | EtCO2 >= 1.626) | Hct >= 0.602)
",-9999999.000,-9999999.000,0.000,0.000,1.000,0,0,0,17,17,0,0,17,0.0,0,0,0.0,0.0,1.0
"F[1,2](((DBP >= 36.565 & FiO2 <= 0.340) -> EtCO2 >= 0.026) -> Fibrinogen <= 0.093)
",-9999999.000,-9999999.000,0.000,0.000,1.000,0,0,0,17,17,0,0,17,0.0,0,0,0.0,0.0,1.0
"F[1,2](((Potassium <= 3.822 & Temp <= 38.429) -> PaCO2 >= 3.586) -> Glucose <= 23.245)
",-9999999.000,-9999999.000,0.000,0.000,1.000,0,0,0,17,17,0,0,17,0.0,0,0,0.0,0.0,1.0
"((pH >= 1.057) U[0,1] (Temp <= 34.637))
",-9999999.000,-9999999.000,0.000,0.000,1.000,0,0,0,17,17,0,0,17,0.0,0,0,0.0,0.0,1.0
"F[2,2](BaseExcess >= -0.450 & Magnesium >= 0.091)
",-0.091,-0.091,0.000,0.000,1.000,0,0,0,17,17,0,0,17,0.0,0,0,0.0,0.0,1.0
"F[0,2](BaseExcess >= -0.803 & Glucose >= 1.526)
",-9999999.000,-9999999.000,0.000,0.000,1.000,0,0,0,17,17,0,0,17,0.0,0,0,0.0,0.0,1.0
"F[1,2](((BaseExcess >= -0.465 -> Chloride >= 2.820) | HR <= 73.894) -> EtCO2 <= 29.075)
",-9999999.000,-9999999.000,0.000,0.000,1.000,0,0,0,17,17,0,0,17,0.0,0,0,0.0,0.0,1.0
"F[1,2](((BaseExcess >= -0.760 -> HCO3 <= 7.878) | Bilirubin_total >= 0.342) & SBP <= 24.380)
",-9999999.000,-9999999.000,0.000,0.000,1.000,0,0,0,17,17,0,0,17,0.0,0,0,0.0,0.0,1.0
"F[2,2]((O2Sat <= 96.874 | Potassium <= 1.528) | Hgb <= 1.554)
",96.874,96.874,0.000,0.000,1.000,0,0,0,17,17,0,0,17,0.0,0,0,0.0,0.0,1.0
"F[0,1](((Magnesium >= 0.018 & O2Sat >= 91.658) | Potassium <= 99.966) & SaO2 <= 98.508)
",-9999999.000,-9999999.000,0.000,0.000,1.000,0,0,0,17,17,0,0,17,0.0,0,0,0.0,0.0,1.0
"F[0,2](((FiO2 >= 0.064 & SBP <= 142.504) & Fibrinogen >= 124.159) -> SaO2 <= 146.298)
",-9999999.000,-9999999.000,0.000,0.000,1.000,0,0,0,17,17,0,0,17,0.0,0,0,0.0,0.0,1.0
"F[1,2](MAP >= 88.145 | PaCO2 <= 9.494)
",-9999999.000,-9999999.000,0.000,0.000,1.000,0,0,0,17,17,0,0,17,0.0,0,0,0.0,0.0,1.0
"F[1,2]((Calcium <= 8.045 | SaO2 <= 11.758) | Magnesium <= 44.241)
",-9999999.000,-9999999.000,0.000,0.000,1.000,0,0,0,17,17,0,0,17,0.0,0,0,0.0,0.0,1.0
"F[2,2](((Phosphate <= 0.465 & SaO2 >= 1.238) -> Magnesium <= 73.689) -> Hct >= 0.514)
",0.514,0.514,0.000,0.000,1.000,0,0,0,17,17,0,0,17,0.0,0,0,0.0,0.0,1.0
"F[0,2]((HCO3 <= 1.734 | SaO2 >= 1.366) & WBC >= 2.053)
",-9999999.000,-9999999.000,0.000,0.000,1.000,0,0,0,17,17,0,0,17,0.0,0,0,0.0,0.0,1.0
"F[0,1](((Hgb >= 0.144 | SaO2 >= 2.645) -> Calcium <= 86.981) & O2Sat >= 1.258)
",-9999999.000,-9999999.000,0.000,0.000,1.000,0,0,0,17,17,0,0,17,0.0,0,0,0.0,0.0,1.0
"((MAP >= 60.483) U[1,2] (SBP <= 140.444))
",-9999999.000,-9999999.000,0.000,0.000,1.000,0,0,0,17,17,0,0,17,0.0,0,0,0.0,0.0,1.0
"F[2,2]((Magnesium >= 0.061 | MAP >= 27.680) -> AST <= 97.779)
",-97.779,-97.779,0.000,0.000,1.000,0,0,0,17,17,0,0,17,0.0,0,0,0.0,0.0,1.0
"F[0,2](((Creatinine >= 0.014 | Resp >= 6.614) & Bilirubin_total <= 24.396) | BUN <= 22.990)
",-9999999.000,-9999999.000,0.000,0.000,1.000,0,0,0,17,17,0,0,17,0.0,0,0,0.0,0.0,1.0
"F[1,2]((HCO3 <= 2.314 -> Resp <= 17.772) & Temp <= 23.000)
",-9999999.000,-9999999.000,0.000,0.000,1.000,0,0,0,17,17,0,0,17,0.0,0,0,0.0,0.0,1.0
"((Platelets <= 115.205) U[0,1] (Resp >= 5.682))
",-9999999.000,-9999999.000,0.000,0.000,1.000,0,0,0,17,17,0,0,17,0.0,0,0,0.0,0.0,1.0
"F[0,1](Hgb <= 7.307 | Hct <= 19.562)
",-9999999.000,-9999999.000,0.000,0.000,1.000,0,0,0,17,17,0,0,17,0.0,0,0,0.0,0.0,1.0
