Rule,Discrimination Score,Pos Robustness,Neg Robustness,Percent Class +,Percent Class -,TP,TN,FP,FN,Actual Yes,Actual No,Predicted Yes,Predicted No,TPR/Sens,TNR/Spec,FPR,Precision,Accuracy,MCR,Class
"G[0,0]((Glucose >= 2.296 | SBP <= 122.592) & PTT <= 106.093)
",18.367,104.380,0.000,1.000,0.000,13,0,0,0,13,0,13,0,1.0,0.0,0.0,1.0,1.04,-0.040000000000000036,1
"G[0,0](Lactate > 0.000 -> SepsisLabel = 0.000)
",-0.302,-10.667,0.000,1.000,0.000,13,0,0,0,13,0,13,0,1.0,0.0,0.0,1.0,1.04,-0.040000000000000036,1
"F[0,0]((Magnesium >= 0.163 & Lactate <= 0.000) & Temp <= 0.000)
",-3.105,-87.847,0.000,0.000,1.000,13,0,0,0,13,0,13,0,1.0,0.0,0.0,1.0,1.04,-0.040000000000000036,-1
"G[0,0](((SBP <= 129.375 & TroponinI >= 0.000) & MAP >= 0.000) | AST >= 0.000)
",0.000,0.000,0.000,1.000,0.000,13,0,0,0,13,0,13,0,1.0,0.0,0.0,1.0,1.04,-0.040000000000000036,1
"G[0,0](((Potassium <= 0.944 & BaseExcess >= 0.000) | WBC <= 0.000) | TroponinI <= 0.000)
",0.000,0.000,0.000,1.000,0.000,13,0,0,0,13,0,13,0,1.0,0.0,0.0,1.0,1.04,-0.040000000000000036,1
"G[0,0](HR <= 69.367 -> Resp <= 20.780)
",0.491,16.554,0.000,1.000,0.000,13,0,0,0,13,0,13,0,1.0,0.0,0.0,1.0,1.04,-0.040000000000000036,1
"G[0,0](Fibrinogen >= 0.000 | O2Sat <= 98.047)
",1.705,33.963,0.000,1.000,0.000,13,0,0,0,13,0,13,0,1.0,0.0,0.0,1.0,1.04,-0.040000000000000036,1
"G[0,0](((TroponinI >= 0.000 & Alkalinephos >= 0.000) -> Chloride >= 0.000) -> TroponinI >= 0.000)
",0.000,0.000,0.000,1.000,0.000,13,0,0,0,13,0,13,0,1.0,0.0,0.0,1.0,1.04,-0.040000000000000036,1
"G[0,0](((Bilirubin_direct >= 0.000 | FiO2 <= 0.000) & SBP <= 0.000) | SBP >= 0.000)
",0.302,3.088,0.000,1.000,0.000,13,0,0,0,13,0,13,0,1.0,0.0,0.0,1.0,1.04,-0.040000000000000036,1
"G[0,1]((pH >= 0.000 & HCO3 <= 7.120) | pH <= 18.803)
",9999999.000,9999999.000,0.000,1.000,0.000,12,0,1,0,12,1,13,0,1.0,0.0,1.0,0.9230769230769231,0.96,0.040000000000000036,1
"G[1,1](((BUN >= 0.150 -> SBP <= 88.209) | TroponinI >= 39.523) -> pH <= 81.245)
",-5717136019007262.000,-81.245,0.000,1.000,0.000,12,0,1,0,12,1,13,0,1.0,0.0,1.0,0.9230769230769231,0.96,0.040000000000000036,1
"G[0,1](((HCO3 <= 10.568 & HCO3 >= 0.097) -> WBC >= 1.278) | pH >= 0.682)
",9999999.000,9999999.000,0.000,1.000,0.000,12,0,1,0,12,1,13,0,1.0,0.0,1.0,0.9230769230769231,0.96,0.040000000000000036,1
"G[0,1](((Lactate >= 0.000 -> Alkalinephos <= 0.000) | HCO3 <= 0.000) -> MAP >= 0.000)
",9999999.000,9999999.000,0.000,1.000,0.000,12,0,1,0,12,1,13,0,1.0,0.0,1.0,0.9230769230769231,0.96,0.040000000000000036,1
"G[0,1](((Resp >= 0.456 | BaseExcess <= 0.000) & Calcium >= 0.000) -> Fibrinogen >= 0.000)
",9999999.000,9999999.000,0.000,1.000,0.000,12,0,1,0,12,1,13,0,1.0,0.0,1.0,0.9230769230769231,0.96,0.040000000000000036,1
"G[0,1]((HR <= 79.466 | Glucose <= 13.913) | TroponinI <= 88.996)
",9999999.000,9999999.000,0.000,1.000,0.000,12,0,1,0,12,1,13,0,1.0,0.0,1.0,0.9230769230769231,0.96,0.040000000000000036,1
"G[1,1](((Magnesium <= 1.501 | FiO2 <= 0.000) & FiO2 <= 0.000) -> EtCO2 <= 0.000)
",0.000,0.000,0.000,1.000,0.000,12,0,1,0,12,1,13,0,1.0,0.0,1.0,0.9230769230769231,0.96,0.040000000000000036,1
"G[1,1]((Resp <= 17.344 -> BaseExcess <= 0.000) & Temp >= 0.000)
",-17.344,-17.344,0.000,1.000,0.000,12,0,1,0,12,1,13,0,1.0,0.0,1.0,0.9230769230769231,0.96,0.040000000000000036,1
"G[0,1](Platelets <= 120.430 -> SepsisLabel >= 0.000)
",9999999.000,9999999.000,0.000,1.000,0.000,12,0,1,0,12,1,13,0,1.0,0.0,1.0,0.9230769230769231,0.96,0.040000000000000036,1
"G[0,0]((Calcium <= 4.988 | DBP <= 59.324) | EtCO2 >= 38.827)
",0.634,9.516,0.000,1.000,0.000,12,0,0,1,13,0,12,1,0.9230769230769231,0.0,0.0,1.0,0.96,0.040000000000000036,1
"G[1,1](((pH >= 0.000 -> Hct >= 1.191) -> AST <= 17.589) | HR >= 0.625)
",-5628317733278942.000,-0.625,0.000,1.000,0.000,12,0,1,0,12,1,13,0,1.0,0.0,1.0,0.9230769230769231,0.96,0.040000000000000036,1
"G[0,1](((MAP <= 97.342 -> MAP <= 98.456) | Phosphate >= 21.882) | HCO3 >= 50.822)
",9999999.000,9999999.000,0.000,1.000,0.000,12,0,1,0,12,1,13,0,1.0,0.0,1.0,0.9230769230769231,0.96,0.040000000000000036,1
"G[0,0]((O2Sat >= 48.559 & SepsisLabel >= 0.000) & PTT <= 0.000)
",-0.361,-4.847,0.000,1.000,0.000,12,0,0,1,13,0,12,1,0.9230769230769231,0.0,0.0,1.0,0.96,0.040000000000000036,1
"G[0,1](((O2Sat >= 79.545 | SBP >= 75.835) -> AST >= 29.357) -> Hct <= 129.187)
",9999999.000,9999999.000,0.000,1.000,0.000,12,0,1,0,12,1,13,0,1.0,0.0,1.0,0.9230769230769231,0.96,0.040000000000000036,1
"((AST <= 0.000) U[0,0] (BUN >= 0.719))
",0.000,0.000,0.000,0.000,1.000,12,0,0,1,13,0,12,1,0.9230769230769231,0.0,0.0,1.0,0.96,0.040000000000000036,-1
"F[0,1]((Calcium <= 8.369 & Potassium <= 2.628) & Magnesium >= 0.074)
",-9999999.000,-9999999.000,0.000,0.000,1.000,12,0,0,1,13,0,12,1,0.9230769230769231,0.0,0.0,1.0,0.96,0.040000000000000036,-1
"F[1,1]((O2Sat >= 56.901 & Resp >= 0.387) & Creatinine >= 2.970)
",-8008107624388124.000,-56.901,0.000,0.000,1.000,12,0,0,1,13,0,12,1,0.9230769230769231,0.0,0.0,1.0,0.96,0.040000000000000036,-1
"G[0,1](((DBP >= 25.531 & DBP >= 7.813) & Hct >= 3.049) -> Bilirubin_direct <= 81.644)
",9999999.000,9999999.000,0.000,1.000,0.000,12,0,1,0,12,1,13,0,1.0,0.0,1.0,0.9230769230769231,0.96,0.040000000000000036,1
"F[1,1]((O2Sat >= 21.950 | Hgb <= 5.560) & Bilirubin_total >= 0.730)
",-0.730,-0.730,0.000,0.000,1.000,12,0,0,1,13,0,12,1,0.9230769230769231,0.0,0.0,1.0,0.96,0.040000000000000036,-1
"F[0,1]((O2Sat <= 98.197 | O2Sat <= 91.441) & Magnesium >= 77.827)
",-9999999.000,-9999999.000,0.000,0.000,1.000,12,0,0,1,13,0,12,1,0.9230769230769231,0.0,0.0,1.0,0.96,0.040000000000000036,-1
"F[0,0](((BaseExcess <= 0.000 & Chloride <= 84.291) & SepsisLabel <= 81.243) -> EtCO2 >= 3.002)
",-2.694,-11.748,0.000,0.000,1.000,12,0,0,1,13,0,12,1,0.9230769230769231,0.0,0.0,1.0,0.96,0.040000000000000036,-1
"F[1,1]((Chloride >= 3.846 -> Calcium >= 0.269) & Temp >= 0.314)
",-5651119464597082.000,-0.314,0.000,0.000,1.000,12,0,0,1,13,0,12,1,0.9230769230769231,0.0,0.0,1.0,0.96,0.040000000000000036,-1
"F[0,0](Chloride > 6.614 & SepsisLabel = 0.000)
",-0.466,-18.730,0.000,0.000,1.000,12,0,0,1,13,0,12,1,0.9230769230769231,0.0,0.0,1.0,0.96,0.040000000000000036,-1
"((FiO2 >= 0.000) U[0,0] (Creatinine >= 0.007))
",0.302,8.583,0.000,0.000,1.000,12,0,0,1,13,0,12,1,0.9230769230769231,0.0,0.0,1.0,0.96,0.040000000000000036,-1
"((PTT <= 0.000) U[0,0] (WBC >= 0.340))
",-0.302,-0.028,0.000,0.000,1.000,12,0,0,1,13,0,12,1,0.9230769230769231,0.0,0.0,1.0,0.96,0.040000000000000036,-1
"F[0,1]((Calcium <= 7.935 & Potassium <= 3.213) & Magnesium >= 0.005)
",-9999999.000,-9999999.000,0.000,0.000,1.000,12,0,0,1,13,0,12,1,0.9230769230769231,0.0,0.0,1.0,0.96,0.040000000000000036,-1
"F[0,1]((Calcium <= 1.147 & Potassium <= 3.471) & Magnesium >= 0.107)
",-9999999.000,-9999999.000,0.000,0.000,1.000,12,0,0,1,13,0,12,1,0.9230769230769231,0.0,0.0,1.0,0.96,0.040000000000000036,-1
"F[0,1](((MAP >= 1.797 | Platelets <= 81.619) | MAP >= 1.341) -> Alkalinephos >= 0.575)
",-9999999.000,-9999999.000,0.000,0.000,1.000,12,0,0,1,13,0,12,1,0.9230769230769231,0.0,0.0,1.0,0.96,0.040000000000000036,-1
"((Potassium <= 0.925) U[0,0] (WBC >= 0.336))
",2.353,0.820,0.000,0.000,1.000,12,0,0,1,13,0,12,1,0.9230769230769231,0.0,0.0,1.0,0.96,0.040000000000000036,-1
"G[0,1]((Fibrinogen <= 0.000 | Phosphate <= 2.450) | Hct >= 0.064)
",9999999.000,9999999.000,0.000,1.000,0.000,12,0,1,0,12,1,13,0,1.0,0.0,1.0,0.9230769230769231,0.96,0.040000000000000036,1
"F[0,1](((Platelets <= 115.317 | O2Sat >= 32.224) -> Magnesium <= 91.309) & Lactate >= 59.636)
",-9999999.000,-9999999.000,0.000,0.000,1.000,12,0,0,1,13,0,12,1,0.9230769230769231,0.0,0.0,1.0,0.96,0.040000000000000036,-1
"G[1,1](TroponinI <= 0.000 & Alkalinephos <= 0.000)
",0.000,0.000,0.000,1.000,0.000,12,0,1,0,12,1,13,0,1.0,0.0,1.0,0.9230769230769231,0.96,0.040000000000000036,1
"G[0,1](((BaseExcess <= 0.000 -> PaCO2 >= 0.000) -> HCO3 >= 0.000) & SepsisLabel <= 0.000)
",9999999.000,9999999.000,0.000,1.000,0.000,12,0,1,0,12,1,13,0,1.0,0.0,1.0,0.9230769230769231,0.96,0.040000000000000036,1
"G[1,1]((PaCO2 <= 0.000 -> TroponinI <= 0.000) -> Hct >= 0.000)
",0.000,0.000,0.000,1.000,0.000,12,0,1,0,12,1,13,0,1.0,0.0,1.0,0.9230769230769231,0.96,0.040000000000000036,1
"G[0,0](((O2Sat >= 66.773 -> WBC >= 0.062) -> AST >= 0.627) | Glucose >= 0.064)
",1.139,0.364,0.000,1.000,0.000,12,0,0,1,13,0,12,1,0.9230769230769231,0.0,0.0,1.0,0.96,0.040000000000000036,1
"G[0,1](((Calcium <= 4.676 | Temp >= 2.453) | Creatinine >= 7.719) | BaseExcess <= 28.083)
",9999999.000,9999999.000,0.000,1.000,0.000,12,0,1,0,12,1,13,0,1.0,0.0,1.0,0.9230769230769231,0.96,0.040000000000000036,1
"G[0,1](BaseExcess >= 0.000 -> AST <= 0.000)
",9999999.000,9999999.000,0.000,1.000,0.000,12,0,1,0,12,1,13,0,1.0,0.0,1.0,0.9230769230769231,0.96,0.040000000000000036,1
"G[0,1](Phosphate >= 0.136 -> SBP >= 29.797)
",9999999.000,9999999.000,0.000,1.000,0.000,12,0,1,0,12,1,13,0,1.0,0.0,1.0,0.9230769230769231,0.96,0.040000000000000036,1
"G[0,1](((Glucose <= 91.914 | HR <= 77.474) & Temp <= 80.734) | TroponinI >= 53.987)
",9999999.000,9999999.000,0.000,1.000,0.000,12,0,1,0,12,1,13,0,1.0,0.0,1.0,0.9230769230769231,0.96,0.040000000000000036,1
"G[0,1](((MAP >= 67.683 -> SaO2 <= 0.000) | WBC >= 0.000) | Creatinine >= 0.000)
",9999999.000,9999999.000,0.000,1.000,0.000,12,0,1,0,12,1,13,0,1.0,0.0,1.0,0.9230769230769231,0.96,0.040000000000000036,1
"G[1,1](O2Sat > 30.375 -> SepsisLabel = 0.000)
",0.000,0.000,0.000,1.000,0.000,12,0,1,0,12,1,13,0,1.0,0.0,1.0,0.9230769230769231,0.96,0.040000000000000036,1
"G[0,1](Potassium > 0.114 -> SepsisLabel = 0.000)
",9999999.000,9999999.000,0.000,1.000,0.000,12,0,1,0,12,1,13,0,1.0,0.0,1.0,0.9230769230769231,0.96,0.040000000000000036,1
"G[0,1]((MAP <= 80.107 & Lactate >= 0.000) | Potassium >= 0.000)
",9999999.000,9999999.000,0.000,1.000,0.000,12,0,1,0,12,1,13,0,1.0,0.0,1.0,0.9230769230769231,0.96,0.040000000000000036,1
"G[1,1](((Platelets <= 83.501 & Hgb >= 0.439) | pH <= 1.395) | WBC >= 0.480)
",6280380886541741.000,1.395,0.000,1.000,0.000,12,0,1,0,12,1,13,0,1.0,0.0,1.0,0.9230769230769231,0.96,0.040000000000000036,1
"G[0,1](pH <= 0.000 & SepsisLabel = 0.000)
",9999999.000,9999999.000,0.000,1.000,0.000,12,0,1,0,12,1,13,0,1.0,0.0,1.0,0.9230769230769231,0.96,0.040000000000000036,1
"G[1,1](((PTT >= 0.000 & Phosphate <= 3.381) -> SaO2 <= 1.212) | AST <= 2.436)
",2.436,2.436,0.000,1.000,0.000,12,0,1,0,12,1,13,0,1.0,0.0,1.0,0.9230769230769231,0.96,0.040000000000000036,1
"G[0,0](Magnesium >= 0.145 -> HCO3 <= 11.777)
",-6629822795877549.000,-11.777,0.000,1.000,0.000,12,0,0,1,13,0,12,1,0.9230769230769231,0.0,0.0,1.0,0.96,0.040000000000000036,1
"G[1,1](MAP >= 18.715 -> O2Sat >= 52.334)
",18.715,18.715,0.000,1.000,0.000,12,0,1,0,12,1,13,0,1.0,0.0,1.0,0.9230769230769231,0.96,0.040000000000000036,1
"G[1,1](AST >= 0.000 | PTT >= 0.000)
",0.000,0.000,0.000,1.000,0.000,12,0,1,0,12,1,13,0,1.0,0.0,1.0,0.9230769230769231,0.96,0.040000000000000036,1
"G[0,1](Platelets >= 4.316 -> SepsisLabel >= 0.000)
",9999999.000,9999999.000,0.000,1.000,0.000,12,0,1,0,12,1,13,0,1.0,0.0,1.0,0.9230769230769231,0.96,0.040000000000000036,1
"G[0,1](((Temp >= 6.911 & TroponinI <= 0.000) -> Platelets >= 0.000) & TroponinI >= 0.000)
",9999999.000,9999999.000,0.000,1.000,0.000,12,0,1,0,12,1,13,0,1.0,0.0,1.0,0.9230769230769231,0.96,0.040000000000000036,1
"G[1,1](Creatinine >= 0.019 -> Fibrinogen >= 0.000)
",0.000,0.000,0.000,1.000,0.000,12,0,1,0,12,1,13,0,1.0,0.0,1.0,0.9230769230769231,0.96,0.040000000000000036,1
"G[0,0](Magnesium <= 1.192 & Potassium <= 1.910)
",0.782,0.860,0.000,1.000,0.000,12,0,0,1,13,0,12,1,0.9230769230769231,0.0,0.0,1.0,0.96,0.040000000000000036,1
"G[0,1](((Phosphate >= 0.117 & Platelets <= 31.272) | PaCO2 >= 3.585) -> Bilirubin_direct <= 19.869)
",9999999.000,9999999.000,0.000,1.000,0.000,12,0,1,0,12,1,13,0,1.0,0.0,1.0,0.9230769230769231,0.96,0.040000000000000036,1
"G[0,1](((PaCO2 >= 0.000 & Creatinine >= 0.026) -> Bilirubin_direct <= 0.066) | Chloride >= 0.007)
",9999999.000,9999999.000,0.000,1.000,0.000,12,0,1,0,12,1,13,0,1.0,0.0,1.0,0.9230769230769231,0.96,0.040000000000000036,1
"G[0,0](((Fibrinogen <= 0.000 | Platelets <= 58.870) | Temp <= 59.801) -> MAP >= 2.922)
",-3.755,-85.652,0.000,1.000,0.000,12,0,0,1,13,0,12,1,0.9230769230769231,0.0,0.0,1.0,0.96,0.040000000000000036,1
"G[0,1](((Phosphate <= 4.534 -> SaO2 >= 0.000) & MAP <= 0.000) -> BaseExcess >= 0.000)
",9999999.000,9999999.000,0.000,1.000,0.000,12,0,1,0,12,1,13,0,1.0,0.0,1.0,0.9230769230769231,0.96,0.040000000000000036,1
"G[0,1]((Fibrinogen <= 0.000 & PTT >= 0.000) | SepsisLabel >= 0.000)
",9999999.000,9999999.000,0.000,1.000,0.000,12,0,1,0,12,1,13,0,1.0,0.0,1.0,0.9230769230769231,0.96,0.040000000000000036,1
"G[1,1](Calcium <= 7.017 -> SepsisLabel = 0.000)
",-3950377796135274.500,-7.017,0.000,1.000,0.000,12,0,1,0,12,1,13,0,1.0,0.0,1.0,0.9230769230769231,0.96,0.040000000000000036,1
"G[0,1](((Alkalinephos >= 0.000 & BUN >= 0.352) -> Hgb <= 20.064) | PaCO2 <= 15.283)
",9999999.000,9999999.000,0.000,1.000,0.000,12,0,1,0,12,1,13,0,1.0,0.0,1.0,0.9230769230769231,0.96,0.040000000000000036,1
"G[1,1](((PTT <= 0.000 | FiO2 <= 0.000) -> Chloride >= 0.000) | BaseExcess >= 0.000)
",0.000,0.000,0.000,1.000,0.000,12,0,1,0,12,1,13,0,1.0,0.0,1.0,0.9230769230769231,0.96,0.040000000000000036,1
"G[1,1](((Resp >= 3.113 & Potassium <= 3.885) & MAP <= 1.197) | Glucose <= 3.928)
",3.928,3.928,0.000,1.000,0.000,12,0,1,0,12,1,13,0,1.0,0.0,1.0,0.9230769230769231,0.96,0.040000000000000036,1
"F[0,1](Hct >= 0.855 & Bilirubin_total >= 0.000)
",-9999999.000,-9999999.000,0.000,0.000,1.000,11,0,0,2,13,0,11,2,0.8461538461538461,0.0,0.0,1.0,0.88,0.12,-1
"F[0,1](((HR >= 17.842 -> Magnesium <= 1.363) -> Resp >= 0.050) & Phosphate >= 0.053)
",-9999999.000,-9999999.000,0.000,0.000,1.000,11,0,0,2,13,0,11,2,0.8461538461538461,0.0,0.0,1.0,0.88,0.12,-1
"F[0,1](((Glucose >= 2.168 -> Potassium >= 0.178) | BaseExcess >= 0.036) & MAP <= 2.737)
",-9999999.000,-9999999.000,0.000,0.000,1.000,11,0,0,2,13,0,11,2,0.8461538461538461,0.0,0.0,1.0,0.88,0.12,-1
"F[1,1](((Glucose <= 57.028 -> Hct <= 18.280) -> BUN >= 1.859) & Bilirubin_direct <= 25.117)
",1.859,1.859,0.000,0.000,1.000,11,0,0,2,13,0,11,2,0.8461538461538461,0.0,0.0,1.0,0.88,0.12,-1
"((HCO3 <= 15.731) U[0,1] (Phosphate >= 0.061))
",-9999999.000,-9999999.000,0.000,0.000,1.000,11,0,0,2,13,0,11,2,0.8461538461538461,0.0,0.0,1.0,0.88,0.12,-1
"F[0,1](((SBP <= 111.585 -> Magnesium >= 0.099) -> TroponinI <= 2.015) & Resp <= 2.011)
",-9999999.000,-9999999.000,0.000,0.000,1.000,11,0,0,2,13,0,11,2,0.8461538461538461,0.0,0.0,1.0,0.88,0.12,-1
"((BUN >= 1.892) U[0,1] (Chloride >= 6.619))
",-9999999.000,-9999999.000,0.000,0.000,1.000,11,0,0,2,13,0,11,2,0.8461538461538461,0.0,0.0,1.0,0.88,0.12,-1
"F[0,1]((Temp <= 34.400 | Lactate >= 0.000) -> O2Sat <= 0.000)
",-9999999.000,-9999999.000,0.000,0.000,1.000,11,0,0,2,13,0,11,2,0.8461538461538461,0.0,0.0,1.0,0.88,0.12,-1
"F[1,1](DBP >= 37.539 & HCO3 >= 0.863)
",-37.539,-37.539,0.000,0.000,1.000,11,0,0,2,13,0,11,2,0.8461538461538461,0.0,0.0,1.0,0.88,0.12,-1
"F[1,1](((Chloride >= 0.384 -> Platelets <= 139.237) | FiO2 <= 67.792) -> Chloride >= 4.912)
",-67.792,-67.792,0.000,0.000,1.000,11,0,0,2,13,0,11,2,0.8461538461538461,0.0,0.0,1.0,0.88,0.12,-1
"G[0,1]((O2Sat >= 16.365 & Temp >= 1.012) | Chloride <= 27.440)
",9999999.000,9999999.000,0.000,1.000,0.000,11,0,1,1,12,1,12,1,0.9166666666666666,0.0,1.0,0.9166666666666666,0.88,0.12,1
"G[0,1]((Platelets >= 4.466 -> Resp <= 16.507) & Glucose <= 18.090)
",9999999.000,9999999.000,0.000,1.000,0.000,11,0,1,1,12,1,12,1,0.9166666666666666,0.0,1.0,0.9166666666666666,0.88,0.12,1
"G[1,1]((Temp <= 33.936 & PaCO2 >= 0.000) -> Chloride <= 0.000)
",0.000,0.000,0.000,1.000,0.000,11,0,1,1,12,1,12,1,0.9166666666666666,0.0,1.0,0.9166666666666666,0.88,0.12,1
"G[1,1](((Alkalinephos <= 0.000 | Creatinine >= 0.033) | Chloride >= 0.002) & Hgb <= 0.466)
",0.000,0.000,0.000,1.000,0.000,11,0,1,1,12,1,12,1,0.9166666666666666,0.0,1.0,0.9166666666666666,0.88,0.12,1
"G[1,1](Creatinine >= 0.001 | WBC <= 7.924)
",7.924,7.924,0.000,1.000,0.000,11,0,1,1,12,1,12,1,0.9166666666666666,0.0,1.0,0.9166666666666666,0.88,0.12,1
"G[1,1]((Hct <= 16.842 & EtCO2 <= 0.000) & PTT <= 0.000)
",0.000,0.000,0.000,1.000,0.000,11,0,1,1,12,1,12,1,0.9166666666666666,0.0,1.0,0.9166666666666666,0.88,0.12,1
"G[1,1]((Hgb <= 6.380 | PaCO2 >= 0.000) -> Magnesium <= 0.000)
",-7183163689577975.000,-6.380,0.000,1.000,0.000,11,0,1,1,12,1,12,1,0.9166666666666666,0.0,1.0,0.9166666666666666,0.88,0.12,1
"G[1,1]((TroponinI >= 0.000 & Phosphate <= 1.406) -> Chloride <= 3.345)
",-3766613300902042.500,-3.345,0.000,1.000,0.000,11,0,1,1,12,1,12,1,0.9166666666666666,0.0,1.0,0.9166666666666666,0.88,0.12,1
"G[0,1](((Temp <= 35.383 | Alkalinephos >= 0.000) & BUN <= 0.000) & MAP >= 0.000)
",9999999.000,9999999.000,0.000,1.000,0.000,11,0,1,1,12,1,12,1,0.9166666666666666,0.0,1.0,0.9166666666666666,0.88,0.12,1
"G[1,1](((EtCO2 >= 0.000 | Alkalinephos >= 0.000) & BUN <= 0.000) | SBP <= 0.000)
",0.000,0.000,0.000,1.000,0.000,11,0,1,1,12,1,12,1,0.9166666666666666,0.0,1.0,0.9166666666666666,0.88,0.12,1
"G[1,1](WBC < 4.082 & SepsisLabel = 0.000)
",0.000,0.000,0.000,1.000,0.000,11,0,1,1,12,1,12,1,0.9166666666666666,0.0,1.0,0.9166666666666666,0.88,0.12,1
"G[0,0]((Resp <= 19.333 | Calcium >= 0.299) & HR >= 0.196)
",0.814,7.881,0.000,1.000,0.000,10,0,0,3,13,0,10,3,0.7692307692307693,0.0,0.0,1.0,0.8,0.19999999999999996,1
"G[1,1]((Chloride <= 51.802 -> WBC <= 6.537) & SBP >= 0.345)
",-51.802,-51.802,0.000,1.000,0.000,9,0,1,3,12,1,10,3,0.75,0.0,1.0,0.9,0.72,0.28,1
"G[0,1](((Bilirubin_total >= 0.000 -> Temp <= 18.387) -> Bilirubin_total >= 2.698) -> DBP <= 31.829)
",9999999.000,9999999.000,0.000,1.000,0.000,8,0,1,4,12,1,9,4,0.6666666666666666,0.0,1.0,0.8888888888888888,0.64,0.36,1
"G[0,0](Resp <= 17.057 & BaseExcess >= 0.000)
",-1.052,-27.383,0.000,1.000,0.000,8,0,0,5,13,0,8,5,0.6153846153846154,0.0,0.0,1.0,0.64,0.36,1
"F[0,1](((PaCO2 >= 0.000 -> WBC >= 0.436) & Resp <= 1.335) | SBP <= 9.040)
",-9999999.000,-9999999.000,0.000,0.000,1.000,8,0,0,5,13,0,8,5,0.6153846153846154,0.0,0.0,1.0,0.64,0.36,-1
"G[0,1](((Lactate >= 0.000 | Calcium >= 0.203) | Calcium <= 8.202) -> Temp <= 4.083)
",9999999.000,9999999.000,0.000,1.000,0.000,7,0,0,6,13,0,7,6,0.5384615384615384,0.0,0.0,1.0,0.56,0.43999999999999995,1
"F[0,1]((Platelets >= 0.353 | Temp >= 0.931) | BaseExcess >= 5.028)
",-9999999.000,-9999999.000,0.000,0.000,1.000,7,0,0,6,13,0,7,6,0.5384615384615384,0.0,0.0,1.0,0.56,0.43999999999999995,-1
"((MAP >= 65.009) U[0,0] (SBP <= 102.474))
",9.703,99.386,0.000,0.000,1.000,7,0,0,6,13,0,7,6,0.5384615384615384,0.0,0.0,1.0,0.56,0.43999999999999995,-1
"((Phosphate >= 0.065) U[0,0] (Temp >= 4.651))
",3.295,80.815,0.000,0.000,1.000,7,0,0,6,13,0,7,6,0.5384615384615384,0.0,0.0,1.0,0.56,0.43999999999999995,-1
"((Hgb >= 0.492) U[0,0] (SBP <= 110.279))
",10.465,107.191,0.000,0.000,1.000,6,0,0,7,13,0,6,7,0.46153846153846156,0.0,0.0,1.0,0.48,0.52,-1
"((MAP >= 59.698) U[0,1] (SBP <= 101.547))
",-9999999.000,-9999999.000,0.000,0.000,1.000,6,0,0,7,13,0,6,7,0.46153846153846156,0.0,0.0,1.0,0.48,0.52,-1
"((SBP <= 103.505) U[1,2] (Resp >= 11.775))
",-9999999.000,-9999999.000,0.000,0.000,1.000,6,0,0,7,13,0,6,7,0.46153846153846156,0.0,0.0,1.0,0.48,0.52,-1
"G[0,1](DBP >= 25.844 & O2Sat <= 98.237)
",9999999.000,9999999.000,0.000,1.000,0.000,6,0,0,7,13,0,6,7,0.46153846153846156,0.0,0.0,1.0,0.48,0.52,1
"((MAP >= 36.357) U[0,1] (SBP <= 103.448))
",-9999999.000,-9999999.000,0.000,0.000,1.000,5,0,0,8,13,0,5,8,0.38461538461538464,0.0,0.0,1.0,0.4,0.6,-1
"F[0,1](((Resp >= 1.634 & Platelets <= 140.373) | PaCO2 >= 5.793) & Resp <= 15.610)
",-9999999.000,-9999999.000,0.000,0.000,1.000,5,0,0,8,13,0,5,8,0.38461538461538464,0.0,0.0,1.0,0.4,0.6,-1
"F[0,0](((FiO2 >= 0.000 & Temp <= 14.047) & Calcium <= 13.165) | Hgb >= 0.608)
",0.226,1.651,0.000,0.000,1.000,5,0,0,8,13,0,5,8,0.38461538461538464,0.0,0.0,1.0,0.4,0.6,-1
"F[0,0](SBP >= 39.013 & SepsisLabel <= 0.000)
",-1.551,-48.429,0.000,0.000,1.000,4,0,0,9,13,0,4,9,0.3076923076923077,0.0,0.0,1.0,0.32,0.6799999999999999,-1
"G[0,0](Bilirubin_total >= 0.000 -> DBP <= 49.993)
",-0.331,-4.558,0.000,1.000,0.000,4,0,0,9,13,0,4,9,0.3076923076923077,0.0,0.0,1.0,0.32,0.6799999999999999,1
"((Resp >= 0.715) U[1,1] (O2Sat <= 95.045))
",6688187708630415.000,95.045,0.000,0.000,1.000,4,0,0,9,13,0,4,9,0.3076923076923077,0.0,0.0,1.0,0.32,0.6799999999999999,-1
"F[0,1](((Glucose <= 39.999 & MAP <= 75.828) & HCO3 <= 88.358) | AST >= 55.837)
",-9999999.000,-9999999.000,0.000,0.000,1.000,2,0,0,11,13,0,2,11,0.15384615384615385,0.0,0.0,1.0,0.16,0.84,-1
"F[0,1](HR >= 20.903 & SBP >= 12.077)
",-9999999.000,-9999999.000,0.000,0.000,1.000,2,0,0,11,13,0,2,11,0.15384615384615385,0.0,0.0,1.0,0.16,0.84,-1
"F[0,1](((SaO2 <= 0.000 & Hct >= 0.798) & BaseExcess >= 1.508) | SBP >= 1.867)
",-9999999.000,-9999999.000,0.000,0.000,1.000,2,0,0,11,13,0,2,11,0.15384615384615385,0.0,0.0,1.0,0.16,0.84,-1
"F[0,1]((O2Sat <= 98.003 & O2Sat <= 94.302) -> HCO3 >= 50.120)
",-9999999.000,-9999999.000,0.000,0.000,1.000,2,0,0,11,13,0,2,11,0.15384615384615385,0.0,0.0,1.0,0.16,0.84,-1
"G[0,1](((Glucose <= 88.632 -> AST <= 0.000) & Temp <= 0.000) -> SBP <= 0.000)
",9999999.000,9999999.000,0.000,1.000,0.000,2,0,1,10,12,1,3,10,0.16666666666666666,0.0,1.0,0.6666666666666666,0.16,0.84,1
"F[1,1]((SaO2 >= 0.000 | Phosphate >= 0.049) & HCO3 <= 1.718)
",0.000,0.000,0.000,0.000,1.000,1,0,0,12,13,0,1,12,0.07692307692307693,0.0,0.0,1.0,0.08,0.92,-1
"((Calcium <= 1.619) U[1,2] (Resp <= 18.427))
",-9999999.000,-9999999.000,0.000,0.000,1.000,1,0,0,12,13,0,1,12,0.07692307692307693,0.0,0.0,1.0,0.08,0.92,-1
"F[1,1](Hgb <= 1.037 | Hct <= 8.952)
",5039450500909629.000,8.952,0.000,0.000,1.000,1,0,0,12,13,0,1,12,0.07692307692307693,0.0,0.0,1.0,0.08,0.92,-1
"F[0,0](Alkalinephos <= 0.000 -> BUN <= 25.517)
",-7182404810869619.000,-25.517,0.000,0.000,1.000,1,0,0,12,13,0,1,12,0.07692307692307693,0.0,0.0,1.0,0.08,0.92,-1
"F[0,1](((Calcium < 6.991 & Potassium < 4.591) & Magnesium < 1.444) & Phosphate < 4.505)
",-9999999.000,-9999999.000,0.000,0.000,1.000,1,0,0,12,13,0,1,12,0.07692307692307693,0.0,0.0,1.0,0.08,0.92,-1
"F[0,1](Hgb <= 4.202 | Hct <= 23.054)
",-9999999.000,-9999999.000,0.000,0.000,1.000,1,0,0,12,13,0,1,12,0.07692307692307693,0.0,0.0,1.0,0.08,0.92,-1
"F[1,1](((Calcium < 0.757 & Potassium < 0.481) & Magnesium < 0.242) & Phosphate < 0.220)
",7941498291339861.000,0.220,0.000,0.000,1.000,1,0,0,12,13,0,1,12,0.07692307692307693,0.0,0.0,1.0,0.08,0.92,-1
"F[1,1]((Glucose <= 25.099 -> Hgb >= 0.017) -> HR <= 8.961)
",-8.961,-8.961,0.000,0.000,1.000,1,0,0,12,13,0,1,12,0.07692307692307693,0.0,0.0,1.0,0.08,0.92,-1
"F[0,1](((Calcium < 1.108 & Potassium < 1.726) & Magnesium < 1.636) & Phosphate < 2.823)
",-9999999.000,-9999999.000,0.000,0.000,1.000,1,0,0,12,13,0,1,12,0.07692307692307693,0.0,0.0,1.0,0.08,0.92,-1
"F[0,0](Platelets >= 3.668 | Resp >= 1.263)
",1.069,36.071,0.000,0.000,1.000,1,0,0,12,13,0,1,12,0.07692307692307693,0.0,0.0,1.0,0.08,0.92,-1
"F[0,0](((Calcium < 8.582 & Potassium < 3.992) & Magnesium < 1.526) & Phosphate < 0.587)
",0.711,0.412,0.000,0.000,1.000,1,0,0,12,13,0,1,12,0.07692307692307693,0.0,0.0,1.0,0.08,0.92,-1
"F[0,1](Hgb <= 3.213 | Hct <= 15.909)
",-9999999.000,-9999999.000,0.000,0.000,1.000,1,0,0,12,13,0,1,12,0.07692307692307693,0.0,0.0,1.0,0.08,0.92,-1
"F[0,0](Hgb <= 3.182 & MAP <= 81.478)
",-0.932,-13.962,0.000,0.000,1.000,1,0,0,12,13,0,1,12,0.07692307692307693,0.0,0.0,1.0,0.08,0.92,-1
"F[0,0](Hct <= 3.714 | MAP <= 89.191)
",0.933,39.329,0.000,0.000,1.000,1,0,0,12,13,0,1,12,0.07692307692307693,0.0,0.0,1.0,0.08,0.92,-1
"F[0,0](((Calcium < 2.828 & Potassium < 2.028) & Magnesium < 0.925) & Phosphate < 2.731)
",0.629,0.626,0.000,0.000,1.000,1,0,0,12,13,0,1,12,0.07692307692307693,0.0,0.0,1.0,0.08,0.92,-1
"F[0,0]((MAP >= 57.134 & Creatinine <= 0.432) | Platelets >= 0.010)
",0.957,0.211,0.000,0.000,1.000,1,0,0,12,13,0,1,12,0.07692307692307693,0.0,0.0,1.0,0.08,0.92,-1
"F[0,1](((Calcium < 4.417 & Potassium < 4.396) & Magnesium < 1.654) & Phosphate < 0.288)
",-9999999.000,-9999999.000,0.000,0.000,1.000,1,0,0,12,13,0,1,12,0.07692307692307693,0.0,0.0,1.0,0.08,0.92,-1
"F[0,1](MAP <= 79.873 & SBP <= 120.094)
",-9999999.000,-9999999.000,0.000,0.000,1.000,1,0,0,12,13,0,1,12,0.07692307692307693,0.0,0.0,1.0,0.08,0.92,-1
"F[0,1](((Platelets <= 113.428 & pH >= 0.000) & MAP <= 0.000) | BUN <= 0.000)
",-9999999.000,-9999999.000,0.000,0.000,1.000,1,0,0,12,13,0,1,12,0.07692307692307693,0.0,0.0,1.0,0.08,0.92,-1
"F[0,0]((DBP <= 45.162 | Hgb >= 0.673) -> BUN <= 8.904)
",-1.250,-13.335,0.000,0.000,1.000,1,0,0,12,13,0,1,12,0.07692307692307693,0.0,0.0,1.0,0.08,0.92,-1
"((SaO2 <= 0.000) U[0,0] (Phosphate <= 2.952))
",4.785,2.777,0.000,0.000,1.000,1,0,0,12,13,0,1,12,0.07692307692307693,0.0,0.0,1.0,0.08,0.92,-1
"((BUN < 15.473) U[1,1] (SepsisLabel = 0.000))
",4355267617581005.500,15.473,0.000,0.000,1.000,1,0,0,12,13,0,1,12,0.07692307692307693,0.0,0.0,1.0,0.08,0.92,-1
"F[1,1](Hgb <= 4.541 | Hct <= 9.777)
",5504059656985583.000,9.777,0.000,0.000,1.000,1,0,0,12,13,0,1,12,0.07692307692307693,0.0,0.0,1.0,0.08,0.92,-1
"F[0,0](Resp <= 20.390 & Alkalinephos >= 0.000)
",-1.035,-25.439,0.000,0.000,1.000,1,0,0,12,13,0,1,12,0.07692307692307693,0.0,0.0,1.0,0.08,0.92,-1
"((Calcium < 2.269) U[1,2] (SepsisLabel = 0.000))
",-9999999.000,-9999999.000,0.000,0.000,1.000,1,0,0,12,13,0,1,12,0.07692307692307693,0.0,0.0,1.0,0.08,0.92,-1
"F[1,1](Hgb <= 3.052 | Hct <= 13.219)
",13.219,13.219,0.000,0.000,1.000,1,0,0,12,13,0,1,12,0.07692307692307693,0.0,0.0,1.0,0.08,0.92,-1
"((Potassium <= 3.426) U[1,2] (SBP >= 10.687))
",-9999999.000,-9999999.000,0.000,0.000,1.000,1,0,0,12,13,0,1,12,0.07692307692307693,0.0,0.0,1.0,0.08,0.92,-1
"G[0,1]((MAP >= 51.605 -> BUN <= 9.275) -> Hgb >= 2.614)
",9999999.000,9999999.000,0.000,1.000,0.000,1,0,0,12,13,0,1,12,0.07692307692307693,0.0,0.0,1.0,0.08,0.92,1
"G[0,0](Chloride >= 5.677 & HCO3 >= 0.425)
",-3.610,-5.239,0.000,1.000,0.000,1,0,0,12,13,0,1,12,0.07692307692307693,0.0,0.0,1.0,0.08,0.92,1
"G[0,0](((Hgb <= 9.218 | Hct <= 7.780) -> WBC >= 0.866) & Platelets >= 2.400)
",-22.895,-9.098,0.000,1.000,0.000,1,0,0,12,13,0,1,12,0.07692307692307693,0.0,0.0,1.0,0.08,0.92,1
"G[0,1](Chloride >= 0.746 & HCO3 >= 1.450)
",9999999.000,9999999.000,0.000,1.000,0.000,1,0,0,12,13,0,1,12,0.07692307692307693,0.0,0.0,1.0,0.08,0.92,1
"G[0,1](Chloride >= 1.196 & HCO3 >= 1.006)
",9999999.000,9999999.000,0.000,1.000,0.000,1,0,0,12,13,0,1,12,0.07692307692307693,0.0,0.0,1.0,0.08,0.92,1
"G[0,1](Chloride >= 4.338 & HCO3 >= 0.204)
",9999999.000,9999999.000,0.000,1.000,0.000,1,0,0,12,13,0,1,12,0.07692307692307693,0.0,0.0,1.0,0.08,0.92,1
"G[1,1](Platelets <= 99.937 -> WBC >= 0.632)
",-7032464010279903.000,-99.937,0.000,1.000,0.000,1,0,1,11,12,1,2,11,0.08333333333333333,0.0,1.0,0.5,0.08,0.92,1
"G[1,1](Chloride >= 0.524 & HCO3 >= 1.395)
",-1.395,-1.395,0.000,1.000,0.000,1,0,1,11,12,1,2,11,0.08333333333333333,0.0,1.0,0.5,0.08,0.92,1
"G[1,1](Platelets <= 13.421 -> WBC >= 0.698)
",-3777690646847066.500,-13.421,0.000,1.000,0.000,1,0,1,11,12,1,2,11,0.08333333333333333,0.0,1.0,0.5,0.08,0.92,1
"G[1,1](Chloride >= 2.061 & HCO3 >= 1.070)
",-2.061,-2.061,0.000,1.000,0.000,1,0,1,11,12,1,2,11,0.08333333333333333,0.0,1.0,0.5,0.08,0.92,1
"G[0,0](Platelets <= 116.930 -> WBC >= 0.852)
",-116.930,-116.930,0.000,1.000,0.000,1,0,0,12,13,0,1,12,0.07692307692307693,0.0,0.0,1.0,0.08,0.92,1
"G[0,1](Platelets <= 146.398 -> WBC >= 0.144)
",9999999.000,9999999.000,0.000,1.000,0.000,1,0,0,12,13,0,1,12,0.07692307692307693,0.0,0.0,1.0,0.08,0.92,1
"G[0,0]((Platelets <= 142.697 | MAP <= 88.521) -> Lactate >= 8.443)
",-5020693443359295.000,-142.697,0.000,1.000,0.000,1,0,0,12,13,0,1,12,0.07692307692307693,0.0,0.0,1.0,0.08,0.92,1
"G[0,0](((WBC <= 1.468 & Phosphate <= 2.467) | Bilirubin_total <= 3.708) -> Potassium >= 0.036)
",-14.342,-3.788,0.000,1.000,0.000,1,0,0,12,13,0,1,12,0.07692307692307693,0.0,0.0,1.0,0.08,0.92,1
"G[0,1](Platelets <= 84.004 -> WBC >= 0.782)
",9999999.000,9999999.000,0.000,1.000,0.000,1,0,0,12,13,0,1,12,0.07692307692307693,0.0,0.0,1.0,0.08,0.92,1
"G[0,1](((HR >= 19.835 -> Magnesium >= 0.068) & EtCO2 <= 1.160) | MAP <= 1.669)
",9999999.000,9999999.000,0.000,1.000,0.000,1,0,0,12,13,0,1,12,0.07692307692307693,0.0,0.0,1.0,0.08,0.92,1
"G[0,0](Chloride >= 0.740 & HCO3 >= 1.217)
",-5479574850556342.000,-1.217,0.000,1.000,0.000,1,0,0,12,13,0,1,12,0.07692307692307693,0.0,0.0,1.0,0.08,0.92,1
"G[0,0](((PTT <= 0.000 & Potassium >= 0.125) | Calcium >= 0.370) | Potassium >= 0.162)
",0.205,0.264,0.000,1.000,0.000,1,0,0,12,13,0,1,12,0.07692307692307693,0.0,0.0,1.0,0.08,0.92,1
"G[1,1](((DBP >= 44.575 | Hct >= 0.535) | Fibrinogen <= 17.656) & WBC >= 0.311)
",-0.311,-0.311,0.000,1.000,0.000,1,0,1,11,12,1,2,11,0.08333333333333333,0.0,1.0,0.5,0.08,0.92,1
"G[0,1](Platelets <= 48.272 -> WBC >= 0.797)
",9999999.000,9999999.000,0.000,1.000,0.000,1,0,0,12,13,0,1,12,0.07692307692307693,0.0,0.0,1.0,0.08,0.92,1
"G[0,1](Creatinine >= 0.033 | Potassium >= 0.146)
",9999999.000,9999999.000,0.000,1.000,0.000,1,0,0,12,13,0,1,12,0.07692307692307693,0.0,0.0,1.0,0.08,0.92,1
"F[0,1](pH >= 0.000 & SepsisLabel = 0.000)
",-9999999.000,-9999999.000,0.000,0.000,1.000,0,0,0,13,13,0,0,13,0.0,0.0,0.0,0.0,0.0,1.0,-1
"((Alkalinephos < 0.000) U[0,2] (SepsisLabel = 0.000))
",-9999999.000,-9999999.000,0.000,0.000,1.000,0,0,0,13,13,0,0,13,0.0,0.0,0.0,0.0,0.0,1.0,-1
"F[2,2]((Temp >= 3.479 & PaCO2 <= 0.000) -> Bilirubin_total <= 0.000)
",0.000,0.000,0.000,0.000,1.000,0,0,0,13,13,0,0,13,0.0,0.0,0.0,0.0,0.0,1.0,-1
"F[0,2](((O2Sat <= 95.105 | SaO2 >= 0.000) | EtCO2 >= 0.000) & O2Sat >= 0.000)
",-9999999.000,-9999999.000,0.000,0.000,1.000,0,0,0,13,13,0,0,13,0.0,0.0,0.0,0.0,0.0,1.0,-1
"F[1,2](Bilirubin_total > 0.000 & SepsisLabel = 0.000)
",-9999999.000,-9999999.000,0.000,0.000,1.000,0,0,0,13,13,0,0,13,0.0,0.0,0.0,0.0,0.0,1.0,-1
"F[1,2](Hgb >= 0.262 -> SepsisLabel = 0.000)
",-9999999.000,-9999999.000,0.000,0.000,1.000,0,0,0,13,13,0,0,13,0.0,0.0,0.0,0.0,0.0,1.0,-1
"((Bilirubin_total >= 0.000) U[2,2] (SepsisLabel = 0.000))
",0.000,0.000,0.000,0.000,1.000,0,0,0,13,13,0,0,13,0.0,0.0,0.0,0.0,0.0,1.0,-1
"F[0,0](PaCO2 > 0.000 -> SepsisLabel = 0.000)
",0.000,0.000,0.000,0.000,1.000,0,0,0,13,13,0,0,13,0.0,0.0,0.0,0.0,0.0,1.0,-1
"((SaO2 < 0.000) U[0,1] (SepsisLabel = 0.000))
",-9999999.000,-9999999.000,0.000,0.000,1.000,0,0,0,13,13,0,0,13,0.0,0.0,0.0,0.0,0.0,1.0,-1
"F[1,1](MAP <= 99.186 -> SepsisLabel = 0.000)
",-99.186,-99.186,0.000,0.000,1.000,0,0,0,13,13,0,0,13,0.0,0.0,0.0,0.0,0.0,1.0,-1
"F[0,2](Calcium >= 0.298 & SepsisLabel = 0.000)
",-9999999.000,-9999999.000,0.000,0.000,1.000,0,0,0,13,13,0,0,13,0.0,0.0,0.0,0.0,0.0,1.0,-1
"F[1,1](pH < 0.000 -> SepsisLabel = 0.000)
",0.000,0.000,0.000,0.000,1.000,0,0,0,13,13,0,0,13,0.0,0.0,0.0,0.0,0.0,1.0,-1
"F[2,2]((Bilirubin_total <= 0.000 -> HCO3 >= 0.892) -> HCO3 <= 24.869)
",-24.869,-24.869,0.000,0.000,1.000,0,0,0,13,13,0,0,13,0.0,0.0,0.0,0.0,0.0,1.0,-1
"((HR >= 7.196) U[0,1] (SepsisLabel = 0.000))
",-9999999.000,-9999999.000,0.000,0.000,1.000,0,0,0,13,13,0,0,13,0.0,0.0,0.0,0.0,0.0,1.0,-1
"F[1,2](Hgb >= 0.750 & Phosphate <= 2.635)
",-9999999.000,-9999999.000,0.000,0.000,1.000,0,0,0,13,13,0,0,13,0.0,0.0,0.0,0.0,0.0,1.0,-1
"F[0,1](((MAP >= 17.188 | SBP >= 70.740) -> Bilirubin_total <= 87.313) -> Alkalinephos <= 118.928)
",-9999999.000,-9999999.000,0.000,0.000,1.000,0,0,0,13,13,0,0,13,0.0,0.0,0.0,0.0,0.0,1.0,-1
"F[0,2](((Glucose <= 45.957 | WBC <= 7.833) -> DBP >= 0.986) | TroponinI <= 12.279)
",-9999999.000,-9999999.000,0.000,0.000,1.000,0,0,0,13,13,0,0,13,0.0,0.0,0.0,0.0,0.0,1.0,-1
"F[0,2](Platelets >= 2.948 & WBC <= 5.212)
",-9999999.000,-9999999.000,0.000,0.000,1.000,0,0,0,13,13,0,0,13,0.0,0.0,0.0,0.0,0.0,1.0,-1
"F[0,2]((Chloride <= 58.524 -> Glucose >= 2.474) | HR <= 14.791)
",-9999999.000,-9999999.000,0.000,0.000,1.000,0,0,0,13,13,0,0,13,0.0,0.0,0.0,0.0,0.0,1.0,-1
"F[0,2]((Calcium >= 0.222 & Magnesium >= 0.165) -> HCO3 <= 0.881)
",-9999999.000,-9999999.000,0.000,0.000,1.000,0,0,0,13,13,0,0,13,0.0,0.0,0.0,0.0,0.0,1.0,-1
"F[1,2]((Chloride >= 1.559 & Creatinine >= 0.028) | Bilirubin_total >= 0.033)
",-9999999.000,-9999999.000,0.000,0.000,1.000,0,0,0,13,13,0,0,13,0.0,0.0,0.0,0.0,0.0,1.0,-1
"F[0,1](((Phosphate >= 0.141 | Potassium <= 0.971) | Temp <= 4.145) & Glucose <= 3.933)
",-9999999.000,-9999999.000,0.000,0.000,1.000,0,0,0,13,13,0,0,13,0.0,0.0,0.0,0.0,0.0,1.0,-1
"F[1,1]((Bilirubin_total >= 0.000 | WBC >= 0.568) | Hgb >= 0.434)
",0.000,0.000,0.000,0.000,1.000,0,0,0,13,13,0,0,13,0.0,0.0,0.0,0.0,0.0,1.0,-1
"((Bilirubin_total <= 0.000) U[0,0] (PaCO2 <= 0.000))
",0.000,0.000,0.000,0.000,1.000,0,0,0,13,13,0,0,13,0.0,0.0,0.0,0.0,0.0,1.0,-1
"((FiO2 > 0.000) U[0,1] (SepsisLabel = 0.000))
",-9999999.000,-9999999.000,0.000,0.000,1.000,0,0,0,13,13,0,0,13,0.0,0.0,0.0,0.0,0.0,1.0,-1
"F[1,1](((PTT <= 0.000 -> O2Sat <= 94.285) & Hct >= 67.346) | Temp <= 96.822)
",6813238279469357.000,96.822,0.000,0.000,1.000,0,0,0,13,13,0,0,13,0.0,0.0,0.0,0.0,0.0,1.0,-1
"((TroponinI > 0.000) U[0,0] (SepsisLabel = 0.000))
",0.000,0.000,0.000,0.000,1.000,0,0,0,13,13,0,0,13,0.0,0.0,0.0,0.0,0.0,1.0,-1
"F[1,1](AST <= 0.000 & SepsisLabel = 0.000)
",0.000,0.000,0.000,0.000,1.000,0,0,0,13,13,0,0,13,0.0,0.0,0.0,0.0,0.0,1.0,-1
"((SepsisLabel < 0.000) U[0,0] (SepsisLabel = 0.000))
",-0.302,-12.667,0.000,0.000,1.000,0,0,0,13,13,0,0,13,0.0,0.0,0.0,0.0,0.0,1.0,-1
"((BaseExcess < 0.000) U[0,1] (SepsisLabel = 0.000))
",-9999999.000,-9999999.000,0.000,0.000,1.000,0,0,0,13,13,0,0,13,0.0,0.0,0.0,0.0,0.0,1.0,-1
"F[1,2](DBP < 47.821 & SepsisLabel = 0.000)
",-9999999.000,-9999999.000,0.000,0.000,1.000,0,0,0,13,13,0,0,13,0.0,0.0,0.0,0.0,0.0,1.0,-1
"((Lactate <= 0.000) U[0,1] (SepsisLabel = 0.000))
",-9999999.000,-9999999.000,0.000,0.000,1.000,0,0,0,13,13,0,0,13,0.0,0.0,0.0,0.0,0.0,1.0,-1
"((WBC < 4.347) U[0,1] (SepsisLabel = 0.000))
",-9999999.000,-9999999.000,0.000,0.000,1.000,0,0,0,13,13,0,0,13,0.0,0.0,0.0,0.0,0.0,1.0,-1
"F[1,2](((Bilirubin_total <= 0.000 | TroponinI >= 0.000) | Phosphate <= 0.000) -> Potassium >= 0.000)
",-9999999.000,-9999999.000,0.000,0.000,1.000,0,0,0,13,13,0,0,13,0.0,0.0,0.0,0.0,0.0,1.0,-1
"F[2,2](((O2Sat >= 12.991 | Hct <= 13.605) & TroponinI >= 2.053) | PaCO2 <= 22.200)
",22.200,22.200,0.000,0.000,1.000,0,0,0,13,13,0,0,13,0.0,0.0,0.0,0.0,0.0,1.0,-1
"((FiO2 <= 0.000) U[0,2] (Phosphate >= 0.087))
",-9999999.000,-9999999.000,0.000,0.000,1.000,0,0,0,13,13,0,0,13,0.0,0.0,0.0,0.0,0.0,1.0,-1
"F[0,2](((FiO2 >= 0.000 -> Hct <= 3.343) & BaseExcess >= 2.017) | HR <= 15.643)
",-9999999.000,-9999999.000,0.000,0.000,1.000,0,0,0,13,13,0,0,13,0.0,0.0,0.0,0.0,0.0,1.0,-1
"F[0,0](Hgb < 6.701 -> SepsisLabel = 0.000)
",-0.613,-4.492,0.000,0.000,1.000,0,0,0,13,13,0,0,13,0.0,0.0,0.0,0.0,0.0,1.0,-1
"F[1,2](((TroponinI <= 0.000 -> Chloride <= 62.661) & pH >= 7.672) & Fibrinogen <= 91.489)
",-9999999.000,-9999999.000,0.000,0.000,1.000,0,0,0,13,13,0,0,13,0.0,0.0,0.0,0.0,0.0,1.0,-1
"F[0,0]((O2Sat <= 94.964 | Lactate <= 0.000) -> Bilirubin_total <= 0.000)
",-1.550,-30.881,0.000,0.000,1.000,0,0,0,13,13,0,0,13,0.0,0.0,0.0,0.0,0.0,1.0,-1
"F[1,2](EtCO2 <= 0.000 & DBP >= 14.574)
",-9999999.000,-9999999.000,0.000,0.000,1.000,0,0,0,13,13,0,0,13,0.0,0.0,0.0,0.0,0.0,1.0,-1
"F[0,1](Alkalinephos >= 0.000 -> TroponinI >= 0.000)
",-9999999.000,-9999999.000,0.000,0.000,1.000,0,0,0,13,13,0,0,13,0.0,0.0,0.0,0.0,0.0,1.0,-1
"F[1,2](SepsisLabel >= 0.000 | Phosphate <= 3.744)
",-9999999.000,-9999999.000,0.000,0.000,1.000,0,0,0,13,13,0,0,13,0.0,0.0,0.0,0.0,0.0,1.0,-1
"F[0,1](((Calcium >= 0.182 -> HR >= 47.835) -> Fibrinogen >= 54.286) -> pH >= 29.534)
",-9999999.000,-9999999.000,0.000,0.000,1.000,0,0,0,13,13,0,0,13,0.0,0.0,0.0,0.0,0.0,1.0,-1
"F[0,2]((O2Sat <= 91.172 | DBP <= 67.314) -> Resp <= 78.535)
",-9999999.000,-9999999.000,0.000,0.000,1.000,0,0,0,13,13,0,0,13,0.0,0.0,0.0,0.0,0.0,1.0,-1
"((AST <= 0.000) U[0,1] (Platelets <= 115.041))
",-9999999.000,-9999999.000,0.000,0.000,1.000,0,0,0,13,13,0,0,13,0.0,0.0,0.0,0.0,0.0,1.0,-1
"F[0,2](((Fibrinogen <= 0.000 | BaseExcess >= 0.000) | Potassium >= 0.000) -> Creatinine <= 0.000)
",-9999999.000,-9999999.000,0.000,0.000,1.000,0,0,0,13,13,0,0,13,0.0,0.0,0.0,0.0,0.0,1.0,-1
"G[1,2]((PaCO2 >= 0.000 | Platelets <= 115.357) | Potassium >= 1.037)
",9999999.000,9999999.000,0.000,1.000,0.000,0,0,13,0,0,13,13,0,0.0,0.0,1.0,0.0,0.0,1.0,1
"F[0,1]((BaseExcess <= 0.000 | Calcium <= 8.604) | Magnesium >= 0.011)
",-9999999.000,-9999999.000,0.000,0.000,1.000,0,0,0,13,13,0,0,13,0.0,0.0,0.0,0.0,0.0,1.0,-1
"F[0,2]((Bilirubin_direct >= 0.000 & Bilirubin_total >= 0.000) & Potassium <= 0.000)
",-9999999.000,-9999999.000,0.000,0.000,1.000,0,0,0,13,13,0,0,13,0.0,0.0,0.0,0.0,0.0,1.0,-1
"F[1,2](((Glucose <= 94.506 | Chloride >= 0.173) & pH >= 6.585) & SaO2 <= 87.911)
",-9999999.000,-9999999.000,0.000,0.000,1.000,0,0,0,13,13,0,0,13,0.0,0.0,0.0,0.0,0.0,1.0,-1
"F[1,2](((Platelets <= 109.781 & Lactate >= 0.000) -> HR <= 0.000) -> HR <= 0.000)
",-9999999.000,-9999999.000,0.000,0.000,1.000,0,0,0,13,13,0,0,13,0.0,0.0,0.0,0.0,0.0,1.0,-1
"F[0,0](SaO2 >= 0.000 & pH <= 0.000)
",0.000,0.000,0.000,0.000,1.000,0,0,0,13,13,0,0,13,0.0,0.0,0.0,0.0,0.0,1.0,-1
"F[0,2](Bilirubin_direct >= 0.000 -> Bilirubin_total >= 0.000)
",-9999999.000,-9999999.000,0.000,0.000,1.000,0,0,0,13,13,0,0,13,0.0,0.0,0.0,0.0,0.0,1.0,-1
"F[1,2]((DBP <= 51.925 -> EtCO2 >= 0.000) & Chloride >= 0.000)
",-9999999.000,-9999999.000,0.000,0.000,1.000,0,0,0,13,13,0,0,13,0.0,0.0,0.0,0.0,0.0,1.0,-1
"F[2,2](((Magnesium >= 0.129 | MAP >= 13.587) & Alkalinephos <= 84.906) | AST >= 68.982)
",-4639548732129135.000,-0.129,0.000,0.000,1.000,0,0,0,13,13,0,0,13,0.0,0.0,0.0,0.0,0.0,1.0,-1
"F[0,2](PTT <= 0.000 -> Hct <= 3.161)
",-9999999.000,-9999999.000,0.000,0.000,1.000,0,0,0,13,13,0,0,13,0.0,0.0,0.0,0.0,0.0,1.0,-1
"F[1,2](((Calcium <= 1.685 | Bilirubin_total >= 0.000) | SaO2 >= 0.000) & PTT <= 0.000)
",-9999999.000,-9999999.000,0.000,0.000,1.000,0,0,0,13,13,0,0,13,0.0,0.0,0.0,0.0,0.0,1.0,-1
"F[0,2](((FiO2 >= 0.000 & O2Sat <= 97.880) | Creatinine >= 66.713) & PaCO2 >= 22.726)
",-9999999.000,-9999999.000,0.000,0.000,1.000,0,0,0,13,13,0,0,13,0.0,0.0,0.0,0.0,0.0,1.0,-1
"((Creatinine <= 0.057) U[0,0] (TroponinI <= 0.000))
",3.317,0.053,0.000,0.000,1.000,0,0,0,13,13,0,0,13,0.0,0.0,0.0,0.0,0.0,1.0,-1
"F[1,2](((Hgb <= 0.970 & O2Sat <= 90.338) & O2Sat >= 0.996) -> Hgb <= 94.358)
",-9999999.000,-9999999.000,0.000,0.000,1.000,0,0,0,13,13,0,0,13,0.0,0.0,0.0,0.0,0.0,1.0,-1
"F[0,2](((DBP <= 91.360 & Creatinine >= 0.000) -> HCO3 >= 0.036) | SepsisLabel <= 0.646)
",-9999999.000,-9999999.000,0.000,0.000,1.000,0,0,0,13,13,0,0,13,0.0,0.0,0.0,0.0,0.0,1.0,-1
"F[0,0](((Resp >= 10.122 -> pH >= 0.000) & PTT <= 0.000) | Bilirubin_total >= 0.000)
",0.302,0.392,0.000,0.000,1.000,0,0,0,13,13,0,0,13,0.0,0.0,0.0,0.0,0.0,1.0,-1
"F[0,1]((Glucose >= 0.965 & Bilirubin_total <= 0.000) | Platelets >= 0.000)
",-9999999.000,-9999999.000,0.000,0.000,1.000,0,0,0,13,13,0,0,13,0.0,0.0,0.0,0.0,0.0,1.0,-1
"((BaseExcess >= 0.000) U[1,2] (TroponinI >= 0.000))
",-9999999.000,-9999999.000,0.000,0.000,1.000,0,0,0,13,13,0,0,13,0.0,0.0,0.0,0.0,0.0,1.0,-1
"F[2,2](((FiO2 >= 0.000 | Magnesium >= 0.034) -> HCO3 >= 0.104) | DBP >= 0.020)
",0.000,0.000,0.000,0.000,1.000,0,0,0,13,13,0,0,13,0.0,0.0,0.0,0.0,0.0,1.0,-1
"F[1,2](((Alkalinephos >= 0.000 & SBP <= 119.764) & DBP <= 98.141) & Hct <= 81.374)
",-9999999.000,-9999999.000,0.000,0.000,1.000,0,0,0,13,13,0,0,13,0.0,0.0,0.0,0.0,0.0,1.0,-1
"F[1,2](MAP >= 13.516 & pH >= 0.000)
",-9999999.000,-9999999.000,0.000,0.000,1.000,0,0,0,13,13,0,0,13,0.0,0.0,0.0,0.0,0.0,1.0,-1
"F[2,2](((Potassium <= 1.124 -> Chloride >= 4.234) | SaO2 <= 58.080) -> WBC <= 16.413)
",-58.080,-58.080,0.000,0.000,1.000,0,0,0,13,13,0,0,13,0.0,0.0,0.0,0.0,0.0,1.0,-1
"F[0,2]((WBC >= 0.663 | Alkalinephos >= 0.000) -> HCO3 <= 0.000)
",-9999999.000,-9999999.000,0.000,0.000,1.000,0,0,0,13,13,0,0,13,0.0,0.0,0.0,0.0,0.0,1.0,-1
"F[1,2](HCO3 >= 0.093 | Alkalinephos >= 0.000)
",-9999999.000,-9999999.000,0.000,0.000,1.000,0,0,0,13,13,0,0,13,0.0,0.0,0.0,0.0,0.0,1.0,-1
"F[1,2](((HCO3 <= 4.363 -> SepsisLabel >= 0.000) & O2Sat >= 0.000) | MAP >= 0.000)
",-9999999.000,-9999999.000,0.000,0.000,1.000,0,0,0,13,13,0,0,13,0.0,0.0,0.0,0.0,0.0,1.0,-1
"F[1,1](((Platelets >= 2.471 | MAP >= 35.913) -> Fibrinogen >= 25.435) -> Lactate <= 73.888)
",-5199392333379235.000,-73.888,0.000,0.000,1.000,0,0,0,13,13,0,0,13,0.0,0.0,0.0,0.0,0.0,1.0,-1
"((SBP <= 92.832) U[0,2] (O2Sat >= 21.180))
",-9999999.000,-9999999.000,0.000,0.000,1.000,0,0,0,13,13,0,0,13,0.0,0.0,0.0,0.0,0.0,1.0,-1
"F[0,2]((Chloride >= 4.571 & O2Sat >= 43.161) | SaO2 <= 91.240)
",-9999999.000,-9999999.000,0.000,0.000,1.000,0,0,0,13,13,0,0,13,0.0,0.0,0.0,0.0,0.0,1.0,-1
"F[0,1](((Phosphate <= 1.221 | Glucose <= 42.918) -> Magnesium <= 85.426) | MAP <= 59.418)
",-9999999.000,-9999999.000,0.000,0.000,1.000,0,0,0,13,13,0,0,13,0.0,0.0,0.0,0.0,0.0,1.0,-1
"((Magnesium >= 0.140) U[0,2] (PaCO2 <= 0.000))
",-9999999.000,-9999999.000,0.000,0.000,1.000,0,0,0,13,13,0,0,13,0.0,0.0,0.0,0.0,0.0,1.0,-1
"((DBP <= 51.243) U[0,1] (Resp <= 20.265))
",-9999999.000,-9999999.000,0.000,0.000,1.000,0,0,0,13,13,0,0,13,0.0,0.0,0.0,0.0,0.0,1.0,-1
"F[0,1](((Bilirubin_total <= 0.000 & O2Sat <= 98.194) -> TroponinI <= 95.618) -> BUN <= 93.758)
",-9999999.000,-9999999.000,0.000,0.000,1.000,0,0,0,13,13,0,0,13,0.0,0.0,0.0,0.0,0.0,1.0,-1
"F[0,2](((Resp <= 17.538 & PTT <= 0.000) | BUN <= 0.000) | DBP >= 0.000)
",-9999999.000,-9999999.000,0.000,0.000,1.000,0,0,0,13,13,0,0,13,0.0,0.0,0.0,0.0,0.0,1.0,-1
"F[1,2](((PaCO2 >= 0.000 -> HCO3 >= 1.134) -> TroponinI <= 23.345) & MAP <= 9.879)
",-9999999.000,-9999999.000,0.000,0.000,1.000,0,0,0,13,13,0,0,13,0.0,0.0,0.0,0.0,0.0,1.0,-1
"F[0,1](((pH >= 0.000 | SBP <= 124.187) | Temp >= 46.109) | Platelets <= 108.019)
",-9999999.000,-9999999.000,0.000,0.000,1.000,0,0,0,13,13,0,0,13,0.0,0.0,0.0,0.0,0.0,1.0,-1
"F[0,1](((Phosphate >= 0.138 & Temp <= 12.459) | Resp >= 0.689) & Resp <= 30.247)
",-9999999.000,-9999999.000,0.000,0.000,1.000,0,0,0,13,13,0,0,13,0.0,0.0,0.0,0.0,0.0,1.0,-1
"F[1,1](((Alkalinephos <= 0.000 | PaCO2 <= 0.000) & FiO2 <= 0.000) & Lactate <= 0.000)
",0.000,0.000,0.000,0.000,1.000,0,0,0,13,13,0,0,13,0.0,0.0,0.0,0.0,0.0,1.0,-1
"F[2,2]((WBC <= 5.944 | Platelets <= 107.913) -> BaseExcess <= 134.417)
",-4729362641004114.000,-134.417,0.000,0.000,1.000,0,0,0,13,13,0,0,13,0.0,0.0,0.0,0.0,0.0,1.0,-1
"F[1,2](((DBP >= 24.205 -> TroponinI <= 0.000) -> SaO2 <= 0.000) -> Lactate <= 0.000)
",-9999999.000,-9999999.000,0.000,0.000,1.000,0,0,0,13,13,0,0,13,0.0,0.0,0.0,0.0,0.0,1.0,-1
"F[0,2](((Resp >= 14.326 -> pH <= 0.000) | SepsisLabel <= 0.000) -> Hct >= 0.000)
",-9999999.000,-9999999.000,0.000,0.000,1.000,0,0,0,13,13,0,0,13,0.0,0.0,0.0,0.0,0.0,1.0,-1
"F[0,2]((Bilirubin_total <= 0.000 | WBC >= 0.603) | Phosphate >= 0.388)
",-9999999.000,-9999999.000,0.000,0.000,1.000,0,0,0,13,13,0,0,13,0.0,0.0,0.0,0.0,0.0,1.0,-1
"((pH >= 0.000) U[0,1] (pH <= 0.000))
",-9999999.000,-9999999.000,0.000,0.000,1.000,0,0,0,13,13,0,0,13,0.0,0.0,0.0,0.0,0.0,1.0,-1
"F[0,2](((PaCO2 >= 0.000 & AST <= 0.000) | Fibrinogen >= 0.000) -> EtCO2 <= 0.000)
",-9999999.000,-9999999.000,0.000,0.000,1.000,0,0,0,13,13,0,0,13,0.0,0.0,0.0,0.0,0.0,1.0,-1
"F[0,2](((Creatinine >= 0.024 -> FiO2 <= 0.000) | Creatinine >= 0.000) -> Platelets >= 0.000)
",-9999999.000,-9999999.000,0.000,0.000,1.000,0,0,0,13,13,0,0,13,0.0,0.0,0.0,0.0,0.0,1.0,-1
"F[0,1](Calcium <= 2.275 & Bilirubin_total <= 0.000)
",-9999999.000,-9999999.000,0.000,0.000,1.000,0,0,0,13,13,0,0,13,0.0,0.0,0.0,0.0,0.0,1.0,-1
"F[2,2](((HCO3 <= 5.130 & EtCO2 <= 0.000) | FiO2 >= 0.000) | Alkalinephos <= 0.000)
",0.000,0.000,0.000,0.000,1.000,0,0,0,13,13,0,0,13,0.0,0.0,0.0,0.0,0.0,1.0,-1
"F[1,2](((Alkalinephos <= 0.000 -> MAP >= 42.150) | Calcium <= 92.220) | Platelets <= 96.383)
",-9999999.000,-9999999.000,0.000,0.000,1.000,0,0,0,13,13,0,0,13,0.0,0.0,0.0,0.0,0.0,1.0,-1
"F[1,2](((Temp >= 6.116 -> O2Sat <= 94.288) | WBC <= 94.784) -> Glucose <= 98.782)
",-9999999.000,-9999999.000,0.000,0.000,1.000,0,0,0,13,13,0,0,13,0.0,0.0,0.0,0.0,0.0,1.0,-1
"F[2,2]((Creatinine >= 0.024 -> Resp <= 18.353) | BUN <= 17.087)
",4809436954584349.000,17.087,0.000,0.000,1.000,0,0,0,13,13,0,0,13,0.0,0.0,0.0,0.0,0.0,1.0,-1
"F[1,2]((Potassium >= 0.120 -> Calcium <= 0.486) -> Glucose <= 0.763)
",-9999999.000,-9999999.000,0.000,0.000,1.000,0,0,0,13,13,0,0,13,0.0,0.0,0.0,0.0,0.0,1.0,-1
"F[0,2](((Creatinine <= 0.077 | Bilirubin_direct >= 0.000) | SepsisLabel >= 0.000) | Alkalinephos <= 0.000)
",-9999999.000,-9999999.000,0.000,0.000,1.000,0,0,0,13,13,0,0,13,0.0,0.0,0.0,0.0,0.0,1.0,-1
"F[1,2]((HCO3 <= 15.317 -> pH >= 0.000) -> SepsisLabel >= 0.000)
",-9999999.000,-9999999.000,0.000,0.000,1.000,0,0,0,13,13,0,0,13,0.0,0.0,0.0,0.0,0.0,1.0,-1
"F[1,2](Temp >= 6.681 -> Magnesium <= 1.084)
",-9999999.000,-9999999.000,0.000,0.000,1.000,0,0,0,13,13,0,0,13,0.0,0.0,0.0,0.0,0.0,1.0,-1
"F[1,1](((HCO3 <= 16.807 -> Hct <= 3.747) | Hgb <= 17.250) | Hgb >= 0.478)
",4855303349522695.000,17.250,0.000,0.000,1.000,0,0,0,13,13,0,0,13,0.0,0.0,0.0,0.0,0.0,1.0,-1
"F[1,2]((SaO2 <= 0.000 -> PTT >= 0.000) -> BaseExcess >= 0.000)
",-9999999.000,-9999999.000,0.000,0.000,1.000,0,0,0,13,13,0,0,13,0.0,0.0,0.0,0.0,0.0,1.0,-1
"F[0,2](PaCO2 >= 0.000 -> Alkalinephos >= 0.000)
",-9999999.000,-9999999.000,0.000,0.000,1.000,0,0,0,13,13,0,0,13,0.0,0.0,0.0,0.0,0.0,1.0,-1
"F[0,0](((FiO2 <= 0.000 -> pH <= 0.000) | SBP >= 0.000) & BaseExcess >= 0.000)
",0.000,0.000,0.000,0.000,1.000,0,0,0,13,13,0,0,13,0.0,0.0,0.0,0.0,0.0,1.0,-1
"F[0,2]((Bilirubin_direct <= 0.000 & Phosphate <= 3.223) & Hgb <= 2.520)
",-9999999.000,-9999999.000,0.000,0.000,1.000,0,0,0,13,13,0,0,13,0.0,0.0,0.0,0.0,0.0,1.0,-1
"F[1,1]((WBC >= 0.216 -> Hct >= 1.338) | BUN <= 3.824)
",4305649825374586.500,3.824,0.000,0.000,1.000,0,0,0,13,13,0,0,13,0.0,0.0,0.0,0.0,0.0,1.0,-1
"F[0,1]((Bilirubin_direct >= 0.000 -> FiO2 <= 0.000) | DBP <= 0.000)
",-9999999.000,-9999999.000,0.000,0.000,1.000,0,0,0,13,13,0,0,13,0.0,0.0,0.0,0.0,0.0,1.0,-1
"F[0,2]((Calcium <= 1.991 & Hgb >= 0.201) & HCO3 <= 4.385)
",-9999999.000,-9999999.000,0.000,0.000,1.000,0,0,0,13,13,0,0,13,0.0,0.0,0.0,0.0,0.0,1.0,-1
"F[0,2](((Creatinine >= 0.016 | Platelets >= 0.065) | Alkalinephos <= 59.048) -> Chloride >= 3.418)
",-9999999.000,-9999999.000,0.000,0.000,1.000,0,0,0,13,13,0,0,13,0.0,0.0,0.0,0.0,0.0,1.0,-1
"F[0,1](((DBP <= 64.041 | SBP <= 123.187) | Temp >= 18.223) -> O2Sat <= 121.034)
",-9999999.000,-9999999.000,0.000,0.000,1.000,0,0,0,13,13,0,0,13,0.0,0.0,0.0,0.0,0.0,1.0,-1
"((BUN >= 2.086) U[1,2] (Magnesium >= 0.091))
",-9999999.000,-9999999.000,0.000,0.000,1.000,0,0,0,13,13,0,0,13,0.0,0.0,0.0,0.0,0.0,1.0,-1
"F[0,1](((DBP <= 97.718 -> HR <= 70.941) & DBP >= 50.614) | Alkalinephos <= 72.158)
",-9999999.000,-9999999.000,0.000,0.000,1.000,0,0,0,13,13,0,0,13,0.0,0.0,0.0,0.0,0.0,1.0,-1
"F[1,2]((MAP <= 82.506 | Temp <= 36.761) & Creatinine >= 3.336)
",-9999999.000,-9999999.000,0.000,0.000,1.000,0,0,0,13,13,0,0,13,0.0,0.0,0.0,0.0,0.0,1.0,-1
"F[0,2]((Calcium >= 0.207 -> SBP >= 0.705) | Hct >= 64.282)
",-9999999.000,-9999999.000,0.000,0.000,1.000,0,0,0,13,13,0,0,13,0.0,0.0,0.0,0.0,0.0,1.0,-1
"((Platelets >= 2.302) U[0,2] (SBP <= 85.412))
",-9999999.000,-9999999.000,0.000,0.000,1.000,0,0,0,13,13,0,0,13,0.0,0.0,0.0,0.0,0.0,1.0,-1
"F[1,2](((Chloride >= 2.708 -> SBP >= 47.564) | TroponinI <= 88.482) | AST <= 128.746)
",-9999999.000,-9999999.000,0.000,0.000,1.000,0,0,0,13,13,0,0,13,0.0,0.0,0.0,0.0,0.0,1.0,-1
"F[0,1](((Glucose >= 3.778 -> Temp >= 1.781) | Alkalinephos <= 15.765) & HR >= 4.985)
",-9999999.000,-9999999.000,0.000,0.000,1.000,0,0,0,13,13,0,0,13,0.0,0.0,0.0,0.0,0.0,1.0,-1
"F[1,2](((Resp >= 7.698 -> AST <= 0.000) | pH <= 0.000) & SepsisLabel >= 0.000)
",-9999999.000,-9999999.000,0.000,0.000,1.000,0,0,0,13,13,0,0,13,0.0,0.0,0.0,0.0,0.0,1.0,-1
"F[1,2](((Magnesium >= 0.033 | BUN <= 32.554) -> Chloride >= 0.864) | Hct <= 18.908)
",-9999999.000,-9999999.000,0.000,0.000,1.000,0,0,0,13,13,0,0,13,0.0,0.0,0.0,0.0,0.0,1.0,-1
"F[1,2](((Fibrinogen <= 0.000 & Hgb >= 0.306) -> Creatinine >= 0.045) | PTT >= 0.661)
",-9999999.000,-9999999.000,0.000,0.000,1.000,0,0,0,13,13,0,0,13,0.0,0.0,0.0,0.0,0.0,1.0,-1
"((Platelets >= 2.590) U[0,2] (WBC <= 7.154))
",-9999999.000,-9999999.000,0.000,0.000,1.000,0,0,0,13,13,0,0,13,0.0,0.0,0.0,0.0,0.0,1.0,-1
"F[0,0](EtCO2 <= 0.000 | SBP >= 42.614)
",-2.439,-13.713,0.000,0.000,1.000,0,0,0,13,13,0,0,13,0.0,0.0,0.0,0.0,0.0,1.0,-1
"F[1,1]((Hgb >= 0.470 & WBC <= 5.539) -> Fibrinogen <= 7.827)
",-8812635274821329.000,-7.827,0.000,0.000,1.000,0,0,0,13,13,0,0,13,0.0,0.0,0.0,0.0,0.0,1.0,-1
"F[0,1]((MAP <= 94.099 | DBP <= 89.556) -> pH <= 88.769)
",-9999999.000,-9999999.000,0.000,0.000,1.000,0,0,0,13,13,0,0,13,0.0,0.0,0.0,0.0,0.0,1.0,-1
"F[2,2](Chloride >= 0.776 | FiO2 <= 0.000)
",0.000,0.000,0.000,0.000,1.000,0,0,0,13,13,0,0,13,0.0,0.0,0.0,0.0,0.0,1.0,-1
"F[1,2]((Calcium <= 7.602 -> Creatinine <= 0.337) -> Fibrinogen >= 0.012)
",-9999999.000,-9999999.000,0.000,0.000,1.000,0,0,0,13,13,0,0,13,0.0,0.0,0.0,0.0,0.0,1.0,-1
"((Glucose <= 60.679) U[0,1] (PaCO2 <= 0.000))
",-9999999.000,-9999999.000,0.000,0.000,1.000,0,0,0,13,13,0,0,13,0.0,0.0,0.0,0.0,0.0,1.0,-1
"F[2,2](((Platelets <= 112.267 | SBP <= 102.601) -> PaCO2 >= 45.711) & AST <= 103.014)
",-7900058555923743.000,-112.267,0.000,0.000,1.000,0,0,0,13,13,0,0,13,0.0,0.0,0.0,0.0,0.0,1.0,-1
"F[0,1](Lactate >= 0.000 | Hct >= 1.743)
",-9999999.000,-9999999.000,0.000,0.000,1.000,0,0,0,13,13,0,0,13,0.0,0.0,0.0,0.0,0.0,1.0,-1
"F[0,2](Magnesium <= 0.437 & SBP >= 63.045)
",-9999999.000,-9999999.000,0.000,0.000,1.000,0,0,0,13,13,0,0,13,0.0,0.0,0.0,0.0,0.0,1.0,-1
"F[1,2](((Platelets >= 2.064 -> BUN >= 1.467) & SaO2 >= 2.131) -> Fibrinogen >= 1.074)
",-9999999.000,-9999999.000,0.000,0.000,1.000,0,0,0,13,13,0,0,13,0.0,0.0,0.0,0.0,0.0,1.0,-1
"F[1,2](Chloride <= 77.603 -> MAP >= 63.925)
",-9999999.000,-9999999.000,0.000,0.000,1.000,0,0,0,13,13,0,0,13,0.0,0.0,0.0,0.0,0.0,1.0,-1
"F[1,2](Hgb >= 0.237 -> Creatinine >= 0.018)
",-9999999.000,-9999999.000,0.000,0.000,1.000,0,0,0,13,13,0,0,13,0.0,0.0,0.0,0.0,0.0,1.0,-1
"F[1,2](((SBP <= 78.612 -> SepsisLabel <= 0.000) & FiO2 <= 0.000) -> AST <= 0.000)
",-9999999.000,-9999999.000,0.000,0.000,1.000,0,0,0,13,13,0,0,13,0.0,0.0,0.0,0.0,0.0,1.0,-1
"F[1,2]((Alkalinephos <= 0.000 | SaO2 >= 0.000) | O2Sat >= 0.000)
",-9999999.000,-9999999.000,0.000,0.000,1.000,0,0,0,13,13,0,0,13,0.0,0.0,0.0,0.0,0.0,1.0,-1
"F[1,1](((Calcium <= 8.822 | SaO2 >= 0.000) & Bilirubin_direct >= 0.000) -> PaCO2 <= 0.000)
",0.000,0.000,0.000,0.000,1.000,0,0,0,13,13,0,0,13,0.0,0.0,0.0,0.0,0.0,1.0,-1
"F[0,1](((O2Sat <= 95.951 | FiO2 <= 0.000) & BUN <= 0.000) -> SepsisLabel >= 0.000)
",-9999999.000,-9999999.000,0.000,0.000,1.000,0,0,0,13,13,0,0,13,0.0,0.0,0.0,0.0,0.0,1.0,-1
"F[1,2]((WBC <= 8.429 & Glucose >= 1.497) & Potassium >= 2.243)
",-9999999.000,-9999999.000,0.000,0.000,1.000,0,0,0,13,13,0,0,13,0.0,0.0,0.0,0.0,0.0,1.0,-1
"((BaseExcess >= 0.000) U[1,2] (Hct <= 14.864))
",-9999999.000,-9999999.000,0.000,0.000,1.000,0,0,0,13,13,0,0,13,0.0,0.0,0.0,0.0,0.0,1.0,-1
"F[1,1](((SepsisLabel <= 0.000 | FiO2 <= 0.000) & Hct >= 0.000) | Bilirubin_direct >= 0.000)
",0.000,0.000,0.000,0.000,1.000,0,0,0,13,13,0,0,13,0.0,0.0,0.0,0.0,0.0,1.0,-1
"F[0,2]((Resp <= 19.969 & WBC >= 0.915) & Bilirubin_total <= 11.983)
",-9999999.000,-9999999.000,0.000,0.000,1.000,0,0,0,13,13,0,0,13,0.0,0.0,0.0,0.0,0.0,1.0,-1
"F[1,2](Hgb <= 2.301 | Resp >= 15.009)
",-9999999.000,-9999999.000,0.000,0.000,1.000,0,0,0,13,13,0,0,13,0.0,0.0,0.0,0.0,0.0,1.0,-1
"F[0,0](((O2Sat <= 93.972 -> Temp <= 34.523) | SaO2 <= 17.361) | Glucose >= 5.438)
",17.361,17.361,0.000,0.000,1.000,0,0,0,13,13,0,0,13,0.0,0.0,0.0,0.0,0.0,1.0,-1
"F[0,2](((Fibrinogen >= 0.000 & WBC >= 0.300) -> Chloride <= 8.049) | Lactate <= 1.375)
",-9999999.000,-9999999.000,0.000,0.000,1.000,0,0,0,13,13,0,0,13,0.0,0.0,0.0,0.0,0.0,1.0,-1
"F[0,0]((SBP >= 9.801 | Temp <= 10.683) | Platelets <= 25.000)
",40.332,25.188,0.000,0.000,1.000,0,0,0,13,13,0,0,13,0.0,0.0,0.0,0.0,0.0,1.0,-1
"F[1,2]((Resp <= 19.698 & SBP >= 45.005) | PTT <= 113.259)
",-9999999.000,-9999999.000,0.000,0.000,1.000,0,0,0,13,13,0,0,13,0.0,0.0,0.0,0.0,0.0,1.0,-1
"F[1,2]((HCO3 >= 0.907 | O2Sat >= 30.511) & SaO2 <= 98.496)
",-9999999.000,-9999999.000,0.000,0.000,1.000,0,0,0,13,13,0,0,13,0.0,0.0,0.0,0.0,0.0,1.0,-1
"F[0,2](((BUN <= 6.806 -> O2Sat >= 49.252) | Lactate <= 95.592) -> EtCO2 >= 21.964)
",-9999999.000,-9999999.000,0.000,0.000,1.000,0,0,0,13,13,0,0,13,0.0,0.0,0.0,0.0,0.0,1.0,-1
"F[1,1](((HR >= 61.051 | Phosphate >= 0.172) & Creatinine <= 2.410) & Temp <= 2.756)
",-0.172,-0.172,0.000,0.000,1.000,0,0,0,13,13,0,0,13,0.0,0.0,0.0,0.0,0.0,1.0,-1
"F[1,2]((DBP <= 57.765 & Temp >= 2.665) | Calcium <= 27.708)
",-9999999.000,-9999999.000,0.000,0.000,1.000,0,0,0,13,13,0,0,13,0.0,0.0,0.0,0.0,0.0,1.0,-1
"F[0,2](((EtCO2 <= 0.000 & HR <= 70.371) & BaseExcess >= 18.000) & WBC <= 73.558)
",-9999999.000,-9999999.000,0.000,0.000,1.000,0,0,0,13,13,0,0,13,0.0,0.0,0.0,0.0,0.0,1.0,-1
"F[0,0]((Glucose >= 4.369 -> O2Sat <= 96.122) & Hct <= 94.587)
",-1.608,-32.039,0.000,0.000,1.000,0,0,0,13,13,0,0,13,0.0,0.0,0.0,0.0,0.0,1.0,-1
"((PTT <= 0.000) U[0,1] (BaseExcess <= 0.000))
",-9999999.000,-9999999.000,0.000,0.000,1.000,0,0,0,13,13,0,0,13,0.0,0.0,0.0,0.0,0.0,1.0,-1
"F[0,2]((WBC <= 9.504 & HCO3 >= 0.530) & Phosphate >= 1.501)
",-9999999.000,-9999999.000,0.000,0.000,1.000,0,0,0,13,13,0,0,13,0.0,0.0,0.0,0.0,0.0,1.0,-1
"F[0,1]((Bilirubin_direct >= 0.000 & Calcium <= 4.549) & FiO2 <= 6.130)
",-9999999.000,-9999999.000,0.000,0.000,1.000,0,0,0,13,13,0,0,13,0.0,0.0,0.0,0.0,0.0,1.0,-1
"F[0,1](Phosphate <= 0.548 -> Potassium <= 1.088)
",-9999999.000,-9999999.000,0.000,0.000,1.000,0,0,0,13,13,0,0,13,0.0,0.0,0.0,0.0,0.0,1.0,-1
"F[1,2](((HCO3 >= 1.927 & Alkalinephos >= 0.000) | EtCO2 >= 0.000) -> SaO2 >= 0.000)
",-9999999.000,-9999999.000,0.000,0.000,1.000,0,0,0,13,13,0,0,13,0.0,0.0,0.0,0.0,0.0,1.0,-1
"F[0,2]((Magnesium <= 0.786 | Calcium >= 0.168) -> Fibrinogen <= 8.317)
",-9999999.000,-9999999.000,0.000,0.000,1.000,0,0,0,13,13,0,0,13,0.0,0.0,0.0,0.0,0.0,1.0,-1
"F[0,2](((SBP >= 61.523 & WBC >= 0.482) | Phosphate <= 3.015) | SBP <= 9.092)
",-9999999.000,-9999999.000,0.000,0.000,1.000,0,0,0,13,13,0,0,13,0.0,0.0,0.0,0.0,0.0,1.0,-1
"F[2,2]((Alkalinephos >= 0.000 & SaO2 >= 0.000) & Temp <= 0.000)
",0.000,0.000,0.000,0.000,1.000,0,0,0,13,13,0,0,13,0.0,0.0,0.0,0.0,0.0,1.0,-1
"F[0,2]((Chloride <= 96.646 -> EtCO2 <= 0.000) -> Calcium <= 0.000)
",-9999999.000,-9999999.000,0.000,0.000,1.000,0,0,0,13,13,0,0,13,0.0,0.0,0.0,0.0,0.0,1.0,-1
"F[1,2]((Calcium <= 8.855 -> Phosphate <= 2.480) & SepsisLabel <= 2.882)
",-9999999.000,-9999999.000,0.000,0.000,1.000,0,0,0,13,13,0,0,13,0.0,0.0,0.0,0.0,0.0,1.0,-1
"F[0,1](Calcium >= 0.102 -> O2Sat <= 96.217)
",-9999999.000,-9999999.000,0.000,0.000,1.000,0,0,0,13,13,0,0,13,0.0,0.0,0.0,0.0,0.0,1.0,-1
"((DBP <= 50.930) U[0,1] (Resp <= 20.289))
",-9999999.000,-9999999.000,0.000,0.000,1.000,0,0,0,13,13,0,0,13,0.0,0.0,0.0,0.0,0.0,1.0,-1
"F[1,2]((Creatinine <= 0.624 & MAP >= 12.565) & Creatinine <= 99.835)
",-9999999.000,-9999999.000,0.000,0.000,1.000,0,0,0,13,13,0,0,13,0.0,0.0,0.0,0.0,0.0,1.0,-1
"F[1,1](((Calcium <= 0.910 | MAP <= 96.819) | Magnesium <= 80.582) & TroponinI <= 97.422)
",96.819,96.819,0.000,0.000,1.000,0,0,0,13,13,0,0,13,0.0,0.0,0.0,0.0,0.0,1.0,-1
"F[2,2](((Chloride <= 76.322 | DBP <= 88.835) -> MAP >= 35.577) | Alkalinephos <= 48.982)
",6893542613901587.000,48.982,0.000,0.000,1.000,0,0,0,13,13,0,0,13,0.0,0.0,0.0,0.0,0.0,1.0,-1
"F[0,2]((MAP >= 33.071 & WBC <= 1.503) & Alkalinephos >= 0.087)
",-9999999.000,-9999999.000,0.000,0.000,1.000,0,0,0,13,13,0,0,13,0.0,0.0,0.0,0.0,0.0,1.0,-1
"F[1,2](((Chloride >= 1.153 -> MAP >= 68.445) -> PaCO2 >= 10.768) -> Hct >= 28.705)
",-9999999.000,-9999999.000,0.000,0.000,1.000,0,0,0,13,13,0,0,13,0.0,0.0,0.0,0.0,0.0,1.0,-1
"F[2,2]((Magnesium <= 0.353 & Temp >= 3.521) & Hct <= 34.341)
",-3.521,-3.521,0.000,0.000,1.000,0,0,0,13,13,0,0,13,0.0,0.0,0.0,0.0,0.0,1.0,-1
"((BUN >= 1.239) U[2,2] (Temp >= 6.439))
",-1.239,-1.239,0.000,0.000,1.000,0,0,0,13,13,0,0,13,0.0,0.0,0.0,0.0,0.0,1.0,-1
"F[1,2](((HR <= 69.118 & Temp <= 18.435) | SaO2 <= 35.928) -> EtCO2 >= 1.402)
",-9999999.000,-9999999.000,0.000,0.000,1.000,0,0,0,13,13,0,0,13,0.0,0.0,0.0,0.0,0.0,1.0,-1
"F[0,2]((Chloride <= 24.790 -> EtCO2 >= 0.000) -> TroponinI >= 0.000)
",-9999999.000,-9999999.000,0.000,0.000,1.000,0,0,0,13,13,0,0,13,0.0,0.0,0.0,0.0,0.0,1.0,-1
"F[1,2]((Hgb >= 0.089 | PTT <= 0.000) | HCO3 <= 0.000)
",-9999999.000,-9999999.000,0.000,0.000,1.000,0,0,0,13,13,0,0,13,0.0,0.0,0.0,0.0,0.0,1.0,-1
"((DBP >= 9.829) U[0,1] (SaO2 <= 0.000))
",-9999999.000,-9999999.000,0.000,0.000,1.000,0,0,0,13,13,0,0,13,0.0,0.0,0.0,0.0,0.0,1.0,-1
"F[1,2](Hgb <= 9.346 | Hct <= 2.709)
",-9999999.000,-9999999.000,0.000,0.000,1.000,0,0,0,13,13,0,0,13,0.0,0.0,0.0,0.0,0.0,1.0,-1
"F[0,0](EtCO2 >= 0.000 -> SepsisLabel = 0.000)
",-2.867,-14.500,0.000,0.000,1.000,0,0,0,13,13,0,0,13,0.0,0.0,0.0,0.0,0.0,1.0,-1
"F[0,2](((Calcium < 8.189 & Potassium < 3.041) & Magnesium < 0.543) & Phosphate < 1.394)
",-9999999.000,-9999999.000,0.000,0.000,1.000,0,0,0,13,13,0,0,13,0.0,0.0,0.0,0.0,0.0,1.0,-1
"((MAP >= 51.618) U[0,1] (SBP <= 121.737))
",-9999999.000,-9999999.000,0.000,0.000,1.000,0,0,0,13,13,0,0,13,0.0,0.0,0.0,0.0,0.0,1.0,-1
"F[1,2](((Calcium < 8.627 & Potassium < 2.420) & Magnesium < 0.971) & Phosphate < 3.268)
",-9999999.000,-9999999.000,0.000,0.000,1.000,0,0,0,13,13,0,0,13,0.0,0.0,0.0,0.0,0.0,1.0,-1
"F[0,2]((Phosphate >= 0.103 & Magnesium > 0.079) -> Calcium < 4.795)
",-9999999.000,-9999999.000,0.000,0.000,1.000,0,0,0,13,13,0,0,13,0.0,0.0,0.0,0.0,0.0,1.0,-1
"((MAP >= 52.887) U[1,2] (SBP <= 102.205))
",-9999999.000,-9999999.000,0.000,0.000,1.000,0,0,0,13,13,0,0,13,0.0,0.0,0.0,0.0,0.0,1.0,-1
"F[0,2]((Calcium <= 4.107 & Potassium <= 1.538) & Magnesium >= 0.048)
",-9999999.000,-9999999.000,0.000,0.000,1.000,0,0,0,13,13,0,0,13,0.0,0.0,0.0,0.0,0.0,1.0,-1
"F[2,2](((Calcium < 0.824 & Potassium < 3.487) & Magnesium < 0.690) & Phosphate < 2.294)
",0.690,0.690,0.000,0.000,1.000,0,0,0,13,13,0,0,13,0.0,0.0,0.0,0.0,0.0,1.0,-1
"F[0,1]((Phosphate >= 0.146 & Magnesium > 0.035) -> Calcium < 5.611)
",-9999999.000,-9999999.000,0.000,0.000,1.000,0,0,0,13,13,0,0,13,0.0,0.0,0.0,0.0,0.0,1.0,-1
"((MAP >= 0.538) U[1,2] (SBP <= 114.606))
",-9999999.000,-9999999.000,0.000,0.000,1.000,0,0,0,13,13,0,0,13,0.0,0.0,0.0,0.0,0.0,1.0,-1
"F[2,2]((Calcium <= 4.647 & Potassium <= 2.056) & Magnesium >= 0.167)
",-0.167,-0.167,0.000,0.000,1.000,0,0,0,13,13,0,0,13,0.0,0.0,0.0,0.0,0.0,1.0,-1
"F[0,2]((Calcium <= 2.010 & Potassium <= 4.359) & Magnesium >= 0.123)
",-9999999.000,-9999999.000,0.000,0.000,1.000,0,0,0,13,13,0,0,13,0.0,0.0,0.0,0.0,0.0,1.0,-1
"((MAP >= 60.563) U[0,2] (SBP <= 85.661))
",-9999999.000,-9999999.000,0.000,0.000,1.000,0,0,0,13,13,0,0,13,0.0,0.0,0.0,0.0,0.0,1.0,-1
"F[2,2]((Calcium <= 1.616 & Potassium <= 1.273) & Magnesium >= 0.005)
",-0.005,-0.005,0.000,0.000,1.000,0,0,0,13,13,0,0,13,0.0,0.0,0.0,0.0,0.0,1.0,-1
"((AST >= 0.000) U[1,2] (SepsisLabel = 0.000))
",-9999999.000,-9999999.000,0.000,0.000,1.000,0,0,0,13,13,0,0,13,0.0,0.0,0.0,0.0,0.0,1.0,-1
"F[1,2]((Phosphate >= 0.001 & Magnesium > 0.141) -> Calcium < 6.372)
",-9999999.000,-9999999.000,0.000,0.000,1.000,0,0,0,13,13,0,0,13,0.0,0.0,0.0,0.0,0.0,1.0,-1
"F[1,2](Hgb <= 6.359 | Hct <= 8.716)
",-9999999.000,-9999999.000,0.000,0.000,1.000,0,0,0,13,13,0,0,13,0.0,0.0,0.0,0.0,0.0,1.0,-1
"F[0,2]((Calcium <= 4.367 & Potassium <= 3.902) & Magnesium >= 0.001)
",-9999999.000,-9999999.000,0.000,0.000,1.000,0,0,0,13,13,0,0,13,0.0,0.0,0.0,0.0,0.0,1.0,-1
"F[1,2]((Phosphate >= 0.167 & Magnesium > 0.144) -> Calcium < 4.444)
",-9999999.000,-9999999.000,0.000,0.000,1.000,0,0,0,13,13,0,0,13,0.0,0.0,0.0,0.0,0.0,1.0,-1
"F[0,2]((Phosphate >= 0.034 & Magnesium > 0.028) -> Calcium < 1.233)
",-9999999.000,-9999999.000,0.000,0.000,1.000,0,0,0,13,13,0,0,13,0.0,0.0,0.0,0.0,0.0,1.0,-1
"F[1,2](((DBP <= 85.572 & Platelets >= 4.518) | Hct >= 5.135) & Fibrinogen <= 60.994)
",-9999999.000,-9999999.000,0.000,0.000,1.000,0,0,0,13,13,0,0,13,0.0,0.0,0.0,0.0,0.0,1.0,-1
"F[1,2](WBC > 0.153 -> SepsisLabel = 0.000)
",-9999999.000,-9999999.000,0.000,0.000,1.000,0,0,0,13,13,0,0,13,0.0,0.0,0.0,0.0,0.0,1.0,-1
"F[0,2](FiO2 >= 0.000 & SepsisLabel = 0.000)
",-9999999.000,-9999999.000,0.000,0.000,1.000,0,0,0,13,13,0,0,13,0.0,0.0,0.0,0.0,0.0,1.0,-1
"F[0,0]((Chloride <= 44.648 -> Hgb <= 7.767) | Hct <= 1.134)
",5105496902246786.000,1.134,0.000,0.000,1.000,0,0,0,13,13,0,0,13,0.0,0.0,0.0,0.0,0.0,1.0,-1
"F[0,0]((Potassium >= 0.059 | WBC >= 0.499) | PaCO2 <= 1.290)
",1.694,1.569,0.000,0.000,1.000,0,0,0,13,13,0,0,13,0.0,0.0,0.0,0.0,0.0,1.0,-1
"((Glucose >= 4.946) U[0,2] (Glucose <= 116.478))
",-9999999.000,-9999999.000,0.000,0.000,1.000,0,0,0,13,13,0,0,13,0.0,0.0,0.0,0.0,0.0,1.0,-1
"F[0,2](BUN <= 17.723 | Hct >= 0.485)
",-9999999.000,-9999999.000,0.000,0.000,1.000,0,0,0,13,13,0,0,13,0.0,0.0,0.0,0.0,0.0,1.0,-1
"F[0,1](((BUN <= 26.548 | WBC <= 8.728) & HCO3 <= 5.195) | FiO2 <= 8.524)
",-9999999.000,-9999999.000,0.000,0.000,1.000,0,0,0,13,13,0,0,13,0.0,0.0,0.0,0.0,0.0,1.0,-1
"F[1,2](Hgb <= 8.833 | Hct <= 15.950)
",-9999999.000,-9999999.000,0.000,0.000,1.000,0,0,0,13,13,0,0,13,0.0,0.0,0.0,0.0,0.0,1.0,-1
"((Bilirubin_direct > 0.000) U[0,1] (SepsisLabel = 0.000))
",-9999999.000,-9999999.000,0.000,0.000,1.000,0,0,0,13,13,0,0,13,0.0,0.0,0.0,0.0,0.0,1.0,-1
"F[0,1]((Creatinine <= 0.552 & pH <= 0.000) & EtCO2 <= 0.000)
",-9999999.000,-9999999.000,0.000,0.000,1.000,0,0,0,13,13,0,0,13,0.0,0.0,0.0,0.0,0.0,1.0,-1
"F[0,2](DBP <= 73.839 | Glucose >= 3.384)
",-9999999.000,-9999999.000,0.000,0.000,1.000,0,0,0,13,13,0,0,13,0.0,0.0,0.0,0.0,0.0,1.0,-1
"F[1,2](((PaCO2 <= 0.000 -> Creatinine <= 0.499) & BaseExcess <= 0.802) -> Alkalinephos <= 0.768)
",-9999999.000,-9999999.000,0.000,0.000,1.000,0,0,0,13,13,0,0,13,0.0,0.0,0.0,0.0,0.0,1.0,-1
"F[0,2](((FiO2 >= 0.000 & Potassium <= 3.726) & Temp <= 1.642) -> WBC >= 0.334)
",-9999999.000,-9999999.000,0.000,0.000,1.000,0,0,0,13,13,0,0,13,0.0,0.0,0.0,0.0,0.0,1.0,-1
"F[0,2]((Calcium <= 2.528 & Potassium <= 2.477) & Magnesium >= 0.063)
",-9999999.000,-9999999.000,0.000,0.000,1.000,0,0,0,13,13,0,0,13,0.0,0.0,0.0,0.0,0.0,1.0,-1
"F[0,2]((EtCO2 >= 0.000 & Potassium <= 1.628) | SepsisLabel >= 0.101)
",-9999999.000,-9999999.000,0.000,0.000,1.000,0,0,0,13,13,0,0,13,0.0,0.0,0.0,0.0,0.0,1.0,-1
"F[0,0](((Magnesium <= 1.539 & Hgb <= 6.939) -> Glucose >= 0.762) | EtCO2 <= 2.159)
",-0.901,-1.039,0.000,0.000,1.000,0,0,0,13,13,0,0,13,0.0,0.0,0.0,0.0,0.0,1.0,-1
"F[1,2](Platelets >= 4.390 | MAP <= 93.828)
",-9999999.000,-9999999.000,0.000,0.000,1.000,0,0,0,13,13,0,0,13,0.0,0.0,0.0,0.0,0.0,1.0,-1
"F[1,1]((Phosphate <= 0.585 -> FiO2 >= 0.000) | pH <= 0.000)
",0.000,0.000,0.000,0.000,1.000,0,0,0,13,13,0,0,13,0.0,0.0,0.0,0.0,0.0,1.0,-1
"F[1,1](Temp <= 15.562 & Creatinine <= 0.051)
",7328163676148785.000,0.051,0.000,0.000,1.000,0,0,0,13,13,0,0,13,0.0,0.0,0.0,0.0,0.0,1.0,-1
"((MAP >= 5.224) U[0,2] (Platelets >= 5.290))
",-9999999.000,-9999999.000,0.000,0.000,1.000,0,0,0,13,13,0,0,13,0.0,0.0,0.0,0.0,0.0,1.0,-1
"F[0,2](((Bilirubin_direct >= 0.000 -> Lactate <= 0.000) -> FiO2 >= 0.000) & Hgb <= 0.000)
",-9999999.000,-9999999.000,0.000,0.000,1.000,0,0,0,13,13,0,0,13,0.0,0.0,0.0,0.0,0.0,1.0,-1
"F[1,2]((Alkalinephos <= 0.000 & SaO2 <= 0.000) -> BUN <= 0.000)
",-9999999.000,-9999999.000,0.000,0.000,1.000,0,0,0,13,13,0,0,13,0.0,0.0,0.0,0.0,0.0,1.0,-1
"F[2,2]((Alkalinephos >= 0.000 | EtCO2 >= 0.000) -> Magnesium <= 0.000)
",0.000,0.000,0.000,0.000,1.000,0,0,0,13,13,0,0,13,0.0,0.0,0.0,0.0,0.0,1.0,-1
"F[0,1](((Creatinine >= 0.028 -> Phosphate >= 0.109) | Hct <= 2.469) | PaCO2 <= 0.736)
",-9999999.000,-9999999.000,0.000,0.000,1.000,0,0,0,13,13,0,0,13,0.0,0.0,0.0,0.0,0.0,1.0,-1
"F[0,2]((DBP >= 14.951 & Phosphate >= 0.056) -> Potassium <= 3.996)
",-9999999.000,-9999999.000,0.000,0.000,1.000,0,0,0,13,13,0,0,13,0.0,0.0,0.0,0.0,0.0,1.0,-1
"((PTT > 0.000) U[0,1] (SepsisLabel = 0.000))
",-9999999.000,-9999999.000,0.000,0.000,1.000,0,0,0,13,13,0,0,13,0.0,0.0,0.0,0.0,0.0,1.0,-1
"((MAP >= 36.082) U[0,2] (SBP <= 86.527))
",-9999999.000,-9999999.000,0.000,0.000,1.000,0,0,0,13,13,0,0,13,0.0,0.0,0.0,0.0,0.0,1.0,-1
"F[0,2](Hgb <= 9.091 | Hct <= 5.785)
",-9999999.000,-9999999.000,0.000,0.000,1.000,0,0,0,13,13,0,0,13,0.0,0.0,0.0,0.0,0.0,1.0,-1
"F[2,2](((Calcium < 7.736 & Potassium < 3.559) & Magnesium < 1.256) & Phosphate < 0.820)
",7384892085777855.000,0.820,0.000,0.000,1.000,0,0,0,13,13,0,0,13,0.0,0.0,0.0,0.0,0.0,1.0,-1
"F[2,2]((Phosphate >= 0.094 & Magnesium > 0.066) -> Calcium < 1.117)
",-5030884967037075.000,-1.117,0.000,0.000,1.000,0,0,0,13,13,0,0,13,0.0,0.0,0.0,0.0,0.0,1.0,-1
"((MAP >= 22.942) U[1,2] (SBP <= 118.868))
",-9999999.000,-9999999.000,0.000,0.000,1.000,0,0,0,13,13,0,0,13,0.0,0.0,0.0,0.0,0.0,1.0,-1
"F[0,1]((Phosphate >= 0.169 & Magnesium > 0.085) -> Calcium < 1.507)
",-9999999.000,-9999999.000,0.000,0.000,1.000,0,0,0,13,13,0,0,13,0.0,0.0,0.0,0.0,0.0,1.0,-1
"F[1,2]((Calcium <= 4.939 & Potassium <= 4.126) & Magnesium >= 0.066)
",-9999999.000,-9999999.000,0.000,0.000,1.000,0,0,0,13,13,0,0,13,0.0,0.0,0.0,0.0,0.0,1.0,-1
"F[0,2]((Phosphate >= 0.137 & Magnesium > 0.167) -> Calcium < 7.856)
",-9999999.000,-9999999.000,0.000,0.000,1.000,0,0,0,13,13,0,0,13,0.0,0.0,0.0,0.0,0.0,1.0,-1
"F[0,1]((Phosphate >= 0.087 & Magnesium > 0.040) -> Calcium < 8.447)
",-9999999.000,-9999999.000,0.000,0.000,1.000,0,0,0,13,13,0,0,13,0.0,0.0,0.0,0.0,0.0,1.0,-1
"F[0,1]((Phosphate >= 0.149 & Magnesium > 0.065) -> Calcium < 3.816)
",-9999999.000,-9999999.000,0.000,0.000,1.000,0,0,0,13,13,0,0,13,0.0,0.0,0.0,0.0,0.0,1.0,-1
"((MAP >= 53.854) U[0,2] (SBP <= 128.869))
",-9999999.000,-9999999.000,0.000,0.000,1.000,0,0,0,13,13,0,0,13,0.0,0.0,0.0,0.0,0.0,1.0,-1
"F[1,1](SepsisLabel < 0.000 -> SepsisLabel = 0.000)
",0.000,0.000,0.000,0.000,1.000,0,0,0,13,13,0,0,13,0.0,0.0,0.0,0.0,0.0,1.0,-1
"((Bilirubin_total <= 0.000) U[0,0] (SepsisLabel = 0.000))
",-0.302,-0.392,0.000,0.000,1.000,0,0,0,13,13,0,0,13,0.0,0.0,0.0,0.0,0.0,1.0,-1
"F[0,2](((TroponinI >= 0.000 | Lactate <= 0.000) | BUN <= 0.000) | HCO3 >= 0.000)
",-9999999.000,-9999999.000,0.000,0.000,1.000,0,0,0,13,13,0,0,13,0.0,0.0,0.0,0.0,0.0,1.0,-1
"F[2,2]((Phosphate <= 1.321 | SaO2 >= 0.000) & BaseExcess >= 0.000)
",0.000,0.000,0.000,0.000,1.000,0,0,0,13,13,0,0,13,0.0,0.0,0.0,0.0,0.0,1.0,-1
"F[0,2](((PTT >= 0.000 & Hct <= 19.166) -> BaseExcess <= 3.033) & Platelets <= 4.351)
",-9999999.000,-9999999.000,0.000,0.000,1.000,0,0,0,13,13,0,0,13,0.0,0.0,0.0,0.0,0.0,1.0,-1
"G[2,2](((O2Sat <= 92.744 | Platelets <= 92.651) | PaCO2 <= 145.536) | Fibrinogen <= 120.426)
",5120598267685954.000,145.536,0.000,1.000,0.000,0,0,13,0,0,13,13,0,0.0,0.0,1.0,0.0,0.0,1.0,1
"G[0,2](((HR <= 79.906 & Resp >= 8.900) & HR >= 0.122) | BUN <= 17.898)
",9999999.000,9999999.000,0.000,1.000,0.000,0,0,13,0,0,13,13,0,0.0,0.0,1.0,0.0,0.0,1.0,1
"G[0,1](PTT < 0.000 & SepsisLabel = 0.000)
",9999999.000,9999999.000,0.000,1.000,0.000,0,0,0,13,13,0,0,13,0.0,0.0,0.0,0.0,0.0,1.0,1
"G[0,1]((HR <= 75.344 & MAP <= 94.331) & PTT >= 3.683)
",9999999.000,9999999.000,0.000,1.000,0.000,0,0,0,13,13,0,0,13,0.0,0.0,0.0,0.0,0.0,1.0,1
"G[2,2]((Glucose >= 1.709 & Hgb >= 0.709) -> BUN >= 0.142)
",5098308730999070.000,0.142,0.000,1.000,0.000,0,0,13,0,0,13,13,0,0.0,0.0,1.0,0.0,0.0,1.0,1
"G[1,2]((WBC >= 0.761 & WBC <= 12.480) & HR <= 9.263)
",9999999.000,9999999.000,0.000,1.000,0.000,0,0,1,12,12,1,1,12,0.0,0.0,1.0,0.0,0.0,1.0,1
"G[1,2](Hgb >= 0.286 & O2Sat <= 91.496)
",9999999.000,9999999.000,0.000,1.000,0.000,0,0,2,11,11,2,2,11,0.0,0.0,1.0,0.0,0.0,1.0,1
"G[0,2](((O2Sat <= 96.278 | Potassium <= 4.631) -> MAP <= 3.316) & Platelets >= 0.307)
",9999999.000,9999999.000,0.000,1.000,0.000,0,0,0,13,13,0,0,13,0.0,0.0,0.0,0.0,0.0,1.0,1
"G[1,2]((Hct >= 0.788 | O2Sat >= 11.956) | HCO3 >= 20.919)
",9999999.000,9999999.000,0.000,1.000,0.000,0,0,13,0,0,13,13,0,0.0,0.0,1.0,0.0,0.0,1.0,1
"G[1,2]((Magnesium <= 1.081 -> O2Sat <= 97.217) | BUN >= 6.439)
",9999999.000,9999999.000,0.000,1.000,0.000,0,0,12,1,1,12,12,1,0.0,0.0,1.0,0.0,0.0,1.0,1
"G[1,2](((O2Sat >= 53.532 & SBP >= 0.934) | SepsisLabel >= 2.742) | EtCO2 >= 15.626)
",9999999.000,9999999.000,0.000,1.000,0.000,0,0,10,3,3,10,10,3,0.0,0.0,1.0,0.0,0.0,1.0,1
"G[0,2](((Glucose <= 104.596 | Resp >= 0.892) | Temp >= 12.209) | Phosphate >= 12.000)
",9999999.000,9999999.000,0.000,1.000,0.000,0,0,13,0,0,13,13,0,0.0,0.0,1.0,0.0,0.0,1.0,1
"G[0,2]((Creatinine <= 0.728 -> Resp >= 4.046) | pH <= 20.230)
",9999999.000,9999999.000,0.000,1.000,0.000,0,0,13,0,0,13,13,0,0.0,0.0,1.0,0.0,0.0,1.0,1
"G[0,2]((Creatinine >= 0.032 & O2Sat <= 97.752) | WBC <= 97.811)
",9999999.000,9999999.000,0.000,1.000,0.000,0,0,13,0,0,13,13,0,0.0,0.0,1.0,0.0,0.0,1.0,1
"G[2,2](((Hgb <= 9.468 & O2Sat >= 19.331) | MAP >= 81.374) & Glucose <= 93.955)
",-5441233894117362.000,-19.331,0.000,1.000,0.000,0,0,13,0,0,13,13,0,0.0,0.0,1.0,0.0,0.0,1.0,1
"G[1,2]((Hgb >= 0.558 -> HR <= 74.001) | Lactate <= 79.304)
",9999999.000,9999999.000,0.000,1.000,0.000,0,0,13,0,0,13,13,0,0.0,0.0,1.0,0.0,0.0,1.0,1
"G[1,2](O2Sat >= 74.608 | Phosphate <= 3.782)
",9999999.000,9999999.000,0.000,1.000,0.000,0,0,13,0,0,13,13,0,0.0,0.0,1.0,0.0,0.0,1.0,1
"G[2,2]((Calcium <= 1.018 | DBP <= 85.095) -> Glucose >= 26.797)
",-5988060072502039.000,-85.095,0.000,1.000,0.000,0,0,13,0,0,13,13,0,0.0,0.0,1.0,0.0,0.0,1.0,1
"G[2,2](BUN >= 2.392 | Resp <= 19.932)
",5610467722939882.000,19.932,0.000,1.000,0.000,0,0,13,0,0,13,13,0,0.0,0.0,1.0,0.0,0.0,1.0,1
"G[0,1](((DBP <= 97.940 | Hgb <= 7.894) & Hgb >= 0.735) & BUN >= 0.521)
",9999999.000,9999999.000,0.000,1.000,0.000,0,0,0,13,13,0,0,13,0.0,0.0,0.0,0.0,0.0,1.0,1
"G[0,2]((Magnesium >= 0.130 & SBP >= 6.672) -> FiO2 <= 119.681)
",9999999.000,9999999.000,0.000,1.000,0.000,0,0,13,0,0,13,13,0,0.0,0.0,1.0,0.0,0.0,1.0,1
"G[2,2]((Chloride >= 2.022 & Temp >= 5.417) -> AST >= 2.185)
",4920948692666278.000,2.185,0.000,1.000,0.000,0,0,13,0,0,13,13,0,0.0,0.0,1.0,0.0,0.0,1.0,1
"G[1,1]((Temp >= 6.564 & WBC >= 0.785) & PaCO2 <= 3.918)
",-7389911335570881.000,-6.564,0.000,1.000,0.000,0,0,1,12,12,1,1,12,0.0,0.0,1.0,0.0,0.0,1.0,1
"G[0,2](((Potassium <= 3.752 | Temp >= 1.718) & Alkalinephos >= 8.418) | Magnesium >= 0.645)
",9999999.000,9999999.000,0.000,1.000,0.000,0,0,1,12,12,1,1,12,0.0,0.0,1.0,0.0,0.0,1.0,1
"G[0,1]((Resp <= 16.913 -> Temp >= 6.856) & Calcium >= 0.389)
",9999999.000,9999999.000,0.000,1.000,0.000,0,0,0,13,13,0,0,13,0.0,0.0,0.0,0.0,0.0,1.0,1
"G[1,2]((BUN <= 26.126 & MAP <= 99.137) | DBP >= 0.754)
",9999999.000,9999999.000,0.000,1.000,0.000,0,0,13,0,0,13,13,0,0.0,0.0,1.0,0.0,0.0,1.0,1
"G[1,1](((Glucose <= 106.703 -> SBP >= 13.618) -> pH <= 81.184) -> WBC >= 22.417)
",6309740823941677.000,22.417,0.000,1.000,0.000,0,0,1,12,12,1,1,12,0.0,0.0,1.0,0.0,0.0,1.0,1
"G[2,2](Bilirubin_direct >= 0.000 -> SBP >= 54.785)
",0.000,0.000,0.000,1.000,0.000,0,0,13,0,0,13,13,0,0.0,0.0,1.0,0.0,0.0,1.0,1
"G[1,2]((Temp >= 4.022 & O2Sat >= 73.567) | Hgb >= 67.013)
",9999999.000,9999999.000,0.000,1.000,0.000,0,0,1,12,12,1,1,12,0.0,0.0,1.0,0.0,0.0,1.0,1
"((Creatinine >= 0.026) U[0,1] (Platelets <= 60.858))
",-9999999.000,-9999999.000,0.000,0.000,1.000,0,0,0,13,13,0,0,13,0.0,0.0,0.0,0.0,0.0,1.0,-1
"G[0,2](((DBP >= 39.394 & SepsisLabel <= 0.000) -> Glucose >= 0.000) & Platelets >= 0.000)
",9999999.000,9999999.000,0.000,1.000,0.000,0,0,13,0,0,13,13,0,0.0,0.0,1.0,0.0,0.0,1.0,1
"G[2,2](((TroponinI >= 0.000 & Phosphate <= 1.490) & DBP >= 0.048) | FiO2 >= 0.056)
",-0.048,-0.048,0.000,1.000,0.000,0,0,13,0,0,13,13,0,0.0,0.0,1.0,0.0,0.0,1.0,1
"G[0,1](((Calcium >= 0.239 & Platelets >= 2.787) & HR >= 0.962) & Potassium <= 125.017)
",9999999.000,9999999.000,0.000,1.000,0.000,0,0,0,13,13,0,0,13,0.0,0.0,0.0,0.0,0.0,1.0,1
"G[1,2](((Creatinine <= 0.879 -> Hct <= 18.969) & Phosphate <= 13.922) -> WBC >= 1.537)
",9999999.000,9999999.000,0.000,1.000,0.000,0,0,2,11,11,2,2,11,0.0,0.0,1.0,0.0,0.0,1.0,1
"G[2,2]((BUN <= 14.759 & Potassium >= 0.196) | Alkalinephos >= 0.039)
",-5558574549277858.000,-0.039,0.000,1.000,0.000,0,0,13,0,0,13,13,0,0.0,0.0,1.0,0.0,0.0,1.0,1
"G[2,2]((Glucose >= 4.417 | Hgb >= 0.667) | HR >= 0.384)
",-6910450912070903.000,-0.384,0.000,1.000,0.000,0,0,13,0,0,13,13,0,0.0,0.0,1.0,0.0,0.0,1.0,1
"G[1,2]((HR >= 44.517 & O2Sat >= 52.302) -> TroponinI <= 94.338)
",9999999.000,9999999.000,0.000,1.000,0.000,0,0,13,0,0,13,13,0,0.0,0.0,1.0,0.0,0.0,1.0,1
"G[1,2]((HR >= 56.527 -> DBP <= 74.295) & PaCO2 >= 25.904)
",9999999.000,9999999.000,0.000,1.000,0.000,0,0,1,12,12,1,1,12,0.0,0.0,1.0,0.0,0.0,1.0,1
"G[1,2](HR >= 55.452 & SepsisLabel = 0.000)
",9999999.000,9999999.000,0.000,1.000,0.000,0,0,13,0,0,13,13,0,0.0,0.0,1.0,0.0,0.0,1.0,1
"G[2,2](Calcium <= 3.675 -> SepsisLabel = 0.000)
",-8275162911255247.000,-3.675,0.000,1.000,0.000,0,0,13,0,0,13,13,0,0.0,0.0,1.0,0.0,0.0,1.0,1
"G[1,2](WBC >= 0.494 & SepsisLabel = 0.000)
",9999999.000,9999999.000,0.000,1.000,0.000,0,0,2,11,11,2,2,11,0.0,0.0,1.0,0.0,0.0,1.0,1
"G[0,2](Bilirubin_direct <= 0.000 & MAP <= 95.794)
",9999999.000,9999999.000,0.000,1.000,0.000,0,0,12,1,1,12,12,1,0.0,0.0,1.0,0.0,0.0,1.0,1
"G[0,2]((Temp >= 7.436 | AST <= 0.000) -> Fibrinogen <= 0.000)
",9999999.000,9999999.000,0.000,1.000,0.000,0,0,13,0,0,13,13,0,0.0,0.0,1.0,0.0,0.0,1.0,1
"G[1,2]((Temp <= 23.666 -> Temp >= 0.369) | Phosphate >= 1.107)
",9999999.000,9999999.000,0.000,1.000,0.000,0,0,1,12,12,1,1,12,0.0,0.0,1.0,0.0,0.0,1.0,1
"G[1,2](((Potassium <= 4.100 -> DBP <= 66.316) & Potassium <= 96.082) & pH <= 83.242)
",9999999.000,9999999.000,0.000,1.000,0.000,0,0,10,3,3,10,10,3,0.0,0.0,1.0,0.0,0.0,1.0,1
"G[1,2](HCO3 >= 1.467 -> PaCO2 >= 0.000)
",9999999.000,9999999.000,0.000,1.000,0.000,0,0,13,0,0,13,13,0,0.0,0.0,1.0,0.0,0.0,1.0,1
"G[0,2]((AST <= 0.000 -> Temp >= 4.615) -> Platelets <= 18.984)
",9999999.000,9999999.000,0.000,1.000,0.000,0,0,12,1,1,12,12,1,0.0,0.0,1.0,0.0,0.0,1.0,1
"G[0,2](Bilirubin_total < 0.000 -> SepsisLabel = 0.000)
",9999999.000,9999999.000,0.000,1.000,0.000,0,0,13,0,0,13,13,0,0.0,0.0,1.0,0.0,0.0,1.0,1
"G[0,2]((PaCO2 >= 0.000 & Temp >= 6.876) & Glucose <= 30.577)
",9999999.000,9999999.000,0.000,1.000,0.000,0,0,1,12,12,1,1,12,0.0,0.0,1.0,0.0,0.0,1.0,1
"G[2,2](Alkalinephos < 0.000 -> SepsisLabel = 0.000)
",0.000,0.000,0.000,1.000,0.000,0,0,13,0,0,13,13,0,0.0,0.0,1.0,0.0,0.0,1.0,1
"G[1,2](Phosphate >= 0.063 & SepsisLabel = 0.000)
",9999999.000,9999999.000,0.000,1.000,0.000,0,0,1,12,12,1,1,12,0.0,0.0,1.0,0.0,0.0,1.0,1
"G[2,2]((HCO3 >= 1.839 & Hct <= 2.947) & TroponinI <= 19.660)
",-4141046171569994.500,-1.839,0.000,1.000,0.000,0,0,13,0,0,13,13,0,0.0,0.0,1.0,0.0,0.0,1.0,1
"G[0,2](Magnesium < 1.732 & SepsisLabel = 0.000)
",9999999.000,9999999.000,0.000,1.000,0.000,0,0,12,1,1,12,12,1,0.0,0.0,1.0,0.0,0.0,1.0,1
"G[1,2](pH > 0.000 & SepsisLabel = 0.000)
",9999999.000,9999999.000,0.000,1.000,0.000,0,0,1,12,12,1,1,12,0.0,0.0,1.0,0.0,0.0,1.0,1
"G[0,0]((Bilirubin_direct <= 0.000 | Platelets >= 5.915) -> Magnesium >= 3.228)
",0.302,0.075,0.000,1.000,0.000,0,0,0,13,13,0,0,13,0.0,0.0,0.0,0.0,0.0,1.0,1
"G[1,2]((DBP >= 24.436 -> Bilirubin_total >= 0.000) -> Chloride >= 0.000)
",9999999.000,9999999.000,0.000,1.000,0.000,0,0,13,0,0,13,13,0,0.0,0.0,1.0,0.0,0.0,1.0,1
"G[1,2](Alkalinephos < 0.000 & SepsisLabel = 0.000)
",9999999.000,9999999.000,0.000,1.000,0.000,0,0,1,12,12,1,1,12,0.0,0.0,1.0,0.0,0.0,1.0,1
"G[2,2]((Resp <= 18.216 -> O2Sat >= 27.473) -> BUN <= 94.899)
",-94.899,-94.899,0.000,1.000,0.000,0,0,13,0,0,13,13,0,0.0,0.0,1.0,0.0,0.0,1.0,1
"G[1,1](((HR >= 31.243 | WBC <= 4.718) & SepsisLabel <= 1.098) & Platelets >= 0.095)
",-0.095,-0.095,0.000,1.000,0.000,0,0,1,12,12,1,1,12,0.0,0.0,1.0,0.0,0.0,1.0,1
"G[2,2](Calcium <= 8.580 & HR >= 14.243)
",-4009153221243525.500,-14.243,0.000,1.000,0.000,0,0,13,0,0,13,13,0,0.0,0.0,1.0,0.0,0.0,1.0,1
"G[0,1](BUN <= 10.623 & Creatinine >= 0.007)
",9999999.000,9999999.000,0.000,1.000,0.000,0,0,0,13,13,0,0,13,0.0,0.0,0.0,0.0,0.0,1.0,1
"G[2,2](Platelets <= 78.678 -> WBC >= 0.788)
",-78.678,-78.678,0.000,1.000,0.000,0,0,13,0,0,13,13,0,0.0,0.0,1.0,0.0,0.0,1.0,1
"G[0,2](((FiO2 >= 0.000 -> Hgb <= 3.657) | SaO2 <= 8.510) -> Magnesium >= 0.502)
",9999999.000,9999999.000,0.000,1.000,0.000,0,0,1,12,12,1,1,12,0.0,0.0,1.0,0.0,0.0,1.0,1
"G[0,2](BUN <= 17.675 & Creatinine >= 0.017)
",9999999.000,9999999.000,0.000,1.000,0.000,0,0,0,13,13,0,0,13,0.0,0.0,0.0,0.0,0.0,1.0,1
"G[1,2](((Hgb <= 1.460 | Hct <= 22.393) -> WBC >= 0.184) & Platelets >= 3.831)
",9999999.000,9999999.000,0.000,1.000,0.000,0,0,1,12,12,1,1,12,0.0,0.0,1.0,0.0,0.0,1.0,1
"G[0,2]((O2Sat <= 96.464 | Resp >= 4.626) | Hgb <= 19.517)
",9999999.000,9999999.000,0.000,1.000,0.000,0,0,13,0,0,13,13,0,0.0,0.0,1.0,0.0,0.0,1.0,1
"G[2,2](((FiO2 >= 0.000 & DBP >= 26.221) & Lactate <= 72.044) -> Magnesium >= 18.002)
",5067250331246061.000,18.002,0.000,1.000,0.000,0,0,13,0,0,13,13,0,0.0,0.0,1.0,0.0,0.0,1.0,1
"G[0,1](((EtCO2 <= 0.000 -> O2Sat <= 91.050) & DBP <= 92.986) & PaCO2 >= 66.105)
",9999999.000,9999999.000,0.000,1.000,0.000,0,0,0,13,13,0,0,13,0.0,0.0,0.0,0.0,0.0,1.0,1
"G[1,2](HR <= 78.795 | Magnesium >= 0.004)
",9999999.000,9999999.000,0.000,1.000,0.000,0,0,12,1,1,12,12,1,0.0,0.0,1.0,0.0,0.0,1.0,1
"G[0,2]((Bilirubin_direct >= 0.000 | Potassium <= 2.052) -> BaseExcess <= 0.910)
",9999999.000,9999999.000,0.000,1.000,0.000,0,0,13,0,0,13,13,0,0.0,0.0,1.0,0.0,0.0,1.0,1
"G[0,1]((BUN >= 0.654 & DBP <= 55.840) & Resp >= 22.607)
",9999999.000,9999999.000,0.000,1.000,0.000,0,0,0,13,13,0,0,13,0.0,0.0,0.0,0.0,0.0,1.0,1
"G[0,2](((BaseExcess >= 0.000 & HR <= 70.659) & O2Sat <= 72.360) -> AST <= 78.698)
",9999999.000,9999999.000,0.000,1.000,0.000,0,0,13,0,0,13,13,0,0.0,0.0,1.0,0.0,0.0,1.0,1
"G[1,2](((Calcium <= 5.875 -> HCO3 >= 0.979) & Calcium >= 1.422) & EtCO2 <= 11.032)
",9999999.000,9999999.000,0.000,1.000,0.000,0,0,1,12,12,1,1,12,0.0,0.0,1.0,0.0,0.0,1.0,1
"G[2,2](((Potassium <= 3.030 | Platelets >= 5.254) & TroponinI <= 18.576) | Fibrinogen <= 150.218)
",150.218,150.218,0.000,1.000,0.000,0,0,13,0,0,13,13,0,0.0,0.0,1.0,0.0,0.0,1.0,1
"G[0,2]((Glucose <= 107.729 | O2Sat >= 85.047) -> BUN >= 74.080)
",9999999.000,9999999.000,0.000,1.000,0.000,0,0,0,13,13,0,0,13,0.0,0.0,0.0,0.0,0.0,1.0,1
"G[2,2](((Hgb <= 8.806 | Hct <= 20.207) -> WBC >= 0.824) & Platelets >= 2.882)
",-5687826408990877.000,-20.207,0.000,1.000,0.000,0,0,13,0,0,13,13,0,0.0,0.0,1.0,0.0,0.0,1.0,1
"G[1,2](((Hct <= 21.118 -> DBP >= 12.885) | EtCO2 >= 26.717) -> SaO2 <= 62.250)
",9999999.000,9999999.000,0.000,1.000,0.000,0,0,13,0,0,13,13,0,0.0,0.0,1.0,0.0,0.0,1.0,1
"G[1,2](((Hgb <= 8.360 | Hct <= 24.145) -> WBC >= 0.681) & Platelets >= 1.334)
",9999999.000,9999999.000,0.000,1.000,0.000,0,0,1,12,12,1,1,12,0.0,0.0,1.0,0.0,0.0,1.0,1
"G[1,2](HR <= 75.953 | SBP <= 83.763)
",9999999.000,9999999.000,0.000,1.000,0.000,0,0,13,0,0,13,13,0,0.0,0.0,1.0,0.0,0.0,1.0,1
"G[1,2](Lactate <= 0.000 -> HR <= 71.252)
",9999999.000,9999999.000,0.000,1.000,0.000,0,0,9,4,4,9,9,4,0.0,0.0,1.0,0.0,0.0,1.0,1
"G[0,1](BUN <= 20.631 & Creatinine >= 0.005)
",9999999.000,9999999.000,0.000,1.000,0.000,0,0,0,13,13,0,0,13,0.0,0.0,0.0,0.0,0.0,1.0,1
"G[0,2](Chloride >= 5.515 & HCO3 >= 1.894)
",9999999.000,9999999.000,0.000,1.000,0.000,0,0,1,12,12,1,1,12,0.0,0.0,1.0,0.0,0.0,1.0,1
"G[0,2](BUN <= 16.052 & Creatinine >= 0.019)
",9999999.000,9999999.000,0.000,1.000,0.000,0,0,0,13,13,0,0,13,0.0,0.0,0.0,0.0,0.0,1.0,1
"G[1,2](((PTT <= 0.000 | EtCO2 >= 0.000) | Potassium >= 0.000) -> DBP <= 0.000)
",9999999.000,9999999.000,0.000,1.000,0.000,0,0,4,9,9,4,4,9,0.0,0.0,1.0,0.0,0.0,1.0,1
"G[0,2]((BUN <= 15.265 & HR >= 31.936) -> FiO2 <= 75.418)
",9999999.000,9999999.000,0.000,1.000,0.000,0,0,13,0,0,13,13,0,0.0,0.0,1.0,0.0,0.0,1.0,1
"G[1,2]((SaO2 <= 0.000 -> SaO2 <= 0.000) | Creatinine <= 0.000)
",9999999.000,9999999.000,0.000,1.000,0.000,0,0,13,0,0,13,13,0,0.0,0.0,1.0,0.0,0.0,1.0,1
"G[1,2]((Bilirubin_direct >= 0.000 -> Glucose >= 4.155) & Hct <= 104.386)
",9999999.000,9999999.000,0.000,1.000,0.000,0,0,1,12,12,1,1,12,0.0,0.0,1.0,0.0,0.0,1.0,1
"G[0,2](((Glucose >= 4.882 & HCO3 >= 1.541) & TroponinI <= 17.867) -> FiO2 <= 19.817)
",9999999.000,9999999.000,0.000,1.000,0.000,0,0,13,0,0,13,13,0,0.0,0.0,1.0,0.0,0.0,1.0,1
"G[0,2](((BaseExcess <= 0.000 | Alkalinephos <= 0.000) & SaO2 >= 0.000) & MAP >= 0.000)
",9999999.000,9999999.000,0.000,1.000,0.000,0,0,13,0,0,13,13,0,0.0,0.0,1.0,0.0,0.0,1.0,1
"G[2,2](BUN >= 2.523 | Hct <= 6.065)
",6828519136002141.000,6.065,0.000,1.000,0.000,0,0,13,0,0,13,13,0,0.0,0.0,1.0,0.0,0.0,1.0,1
"G[1,2]((Glucose <= 8.664 -> TroponinI >= 0.000) -> pH <= 0.000)
",9999999.000,9999999.000,0.000,1.000,0.000,0,0,13,0,0,13,13,0,0.0,0.0,1.0,0.0,0.0,1.0,1
"G[1,2](((SepsisLabel >= 0.000 | Bilirubin_total >= 0.000) & Phosphate <= 0.000) & HR >= 0.000)
",9999999.000,9999999.000,0.000,1.000,0.000,0,0,13,0,0,13,13,0,0.0,0.0,1.0,0.0,0.0,1.0,1
"G[0,2](Phosphate <= 1.797 & Resp >= 4.806)
",9999999.000,9999999.000,0.000,1.000,0.000,0,0,11,2,2,11,11,2,0.0,0.0,1.0,0.0,0.0,1.0,1
"G[1,2](Fibrinogen <= 0.000 & DBP <= 98.084)
",9999999.000,9999999.000,0.000,1.000,0.000,0,0,13,0,0,13,13,0,0.0,0.0,1.0,0.0,0.0,1.0,1
"G[0,2](((HR <= 73.422 & HR <= 68.991) -> TroponinI <= 70.034) & Chloride >= 14.663)
",9999999.000,9999999.000,0.000,1.000,0.000,0,0,1,12,12,1,1,12,0.0,0.0,1.0,0.0,0.0,1.0,1
"G[0,2](Bilirubin_total <= 0.000 & FiO2 >= 0.000)
",9999999.000,9999999.000,0.000,1.000,0.000,0,0,13,0,0,13,13,0,0.0,0.0,1.0,0.0,0.0,1.0,1
"G[2,2](EtCO2 >= 0.000 & Potassium >= 0.153)
",-5517506269549951.000,-0.153,0.000,1.000,0.000,0,0,13,0,0,13,13,0,0.0,0.0,1.0,0.0,0.0,1.0,1
"G[2,2](((Creatinine >= 0.015 & Magnesium >= 0.126) -> HCO3 <= 0.687) | Temp <= 1.214)
",5468759117088081.000,1.214,0.000,1.000,0.000,0,0,13,0,0,13,13,0,0.0,0.0,1.0,0.0,0.0,1.0,1
"G[1,2](Calcium >= 0.072 & WBC >= 0.142)
",9999999.000,9999999.000,0.000,1.000,0.000,0,0,1,12,12,1,1,12,0.0,0.0,1.0,0.0,0.0,1.0,1
"G[2,2]((BUN <= 3.006 & HR >= 24.374) -> Chloride >= 7.292)
",4104812265545925.500,7.292,0.000,1.000,0.000,0,0,13,0,0,13,13,0,0.0,0.0,1.0,0.0,0.0,1.0,1
"G[1,2](((DBP <= 91.494 -> Glucose >= 4.140) & SepsisLabel >= 5.039) & Chloride <= 23.137)
",9999999.000,9999999.000,0.000,1.000,0.000,0,0,1,12,12,1,1,12,0.0,0.0,1.0,0.0,0.0,1.0,1
"G[1,2](Hgb <= 0.864 | Platelets <= 150.101)
",9999999.000,9999999.000,0.000,1.000,0.000,0,0,13,0,0,13,13,0,0.0,0.0,1.0,0.0,0.0,1.0,1
"G[0,2](((AST <= 0.000 -> SaO2 <= 0.000) -> MAP <= 0.000) & Hct >= 0.000)
",9999999.000,9999999.000,0.000,1.000,0.000,0,0,0,13,13,0,0,13,0.0,0.0,0.0,0.0,0.0,1.0,1
"G[2,2](Resp <= 17.774 -> Hgb >= 0.579)
",-5002861597152295.000,-17.774,0.000,1.000,0.000,0,0,13,0,0,13,13,0,0.0,0.0,1.0,0.0,0.0,1.0,1
"G[0,2]((MAP >= 14.524 | Resp >= 14.729) & DBP <= 19.656)
",9999999.000,9999999.000,0.000,1.000,0.000,0,0,3,10,10,3,3,10,0.0,0.0,1.0,0.0,0.0,1.0,1
"G[1,2](((Chloride <= 29.087 -> BUN >= 2.795) -> Chloride <= 30.262) -> Glucose <= 27.215)
",9999999.000,9999999.000,0.000,1.000,0.000,0,0,13,0,0,13,13,0,0.0,0.0,1.0,0.0,0.0,1.0,1
"G[0,2](((Resp >= 5.070 & Lactate <= 0.000) & Lactate <= 0.000) -> SaO2 >= 0.000)
",9999999.000,9999999.000,0.000,1.000,0.000,0,0,13,0,0,13,13,0,0.0,0.0,1.0,0.0,0.0,1.0,1
"G[0,2]((HR >= 57.878 -> Platelets >= 5.447) -> MAP >= 0.981)
",9999999.000,9999999.000,0.000,1.000,0.000,0,0,12,1,1,12,12,1,0.0,0.0,1.0,0.0,0.0,1.0,1
"G[1,1]((DBP <= 73.539 -> MAP >= 60.782) & Temp >= 37.262)
",-73.539,-73.539,0.000,1.000,0.000,0,0,1,12,12,1,1,12,0.0,0.0,1.0,0.0,0.0,1.0,1
"G[0,2](Creatinine <= 0.047 & HR <= 68.722)
",9999999.000,9999999.000,0.000,1.000,0.000,0,0,3,10,10,3,3,10,0.0,0.0,1.0,0.0,0.0,1.0,1
"G[0,2]((Lactate >= 0.000 -> Temp <= 14.925) -> Chloride >= 7.636)
",9999999.000,9999999.000,0.000,1.000,0.000,0,0,2,11,11,2,2,11,0.0,0.0,1.0,0.0,0.0,1.0,1
"G[0,2](SBP <= 81.620 | Lactate <= 0.000)
",9999999.000,9999999.000,0.000,1.000,0.000,0,0,13,0,0,13,13,0,0.0,0.0,1.0,0.0,0.0,1.0,1
"G[0,0](((TroponinI <= 0.000 | Glucose >= 0.856) & Bilirubin_total >= 3.591) & Temp <= 121.120)
",-3.317,-3.292,0.000,1.000,0.000,0,0,0,13,13,0,0,13,0.0,0.0,0.0,0.0,0.0,1.0,1
"G[0,2](BUN <= 35.063 & Creatinine >= 0.031)
",9999999.000,9999999.000,0.000,1.000,0.000,0,0,0,13,13,0,0,13,0.0,0.0,0.0,0.0,0.0,1.0,1
"G[1,2](EtCO2 <= 0.000 | Bilirubin_total >= 0.000)
",9999999.000,9999999.000,0.000,1.000,0.000,0,0,13,0,0,13,13,0,0.0,0.0,1.0,0.0,0.0,1.0,1
"G[1,2](((PTT >= 0.000 | Fibrinogen >= 0.000) -> Lactate >= 0.000) | Platelets <= 0.000)
",9999999.000,9999999.000,0.000,1.000,0.000,0,0,13,0,0,13,13,0,0.0,0.0,1.0,0.0,0.0,1.0,1
"G[1,2](Glucose >= 3.950 & Platelets <= 71.120)
",9999999.000,9999999.000,0.000,1.000,0.000,0,0,1,12,12,1,1,12,0.0,0.0,1.0,0.0,0.0,1.0,1
"G[1,2](((HR <= 74.742 -> Hgb >= 0.589) | Lactate <= 2.657) | Hgb <= 5.159)
",9999999.000,9999999.000,0.000,1.000,0.000,0,0,13,0,0,13,13,0,0.0,0.0,1.0,0.0,0.0,1.0,1
"G[0,2]((Hct >= 0.117 -> Hgb <= 8.627) -> MAP <= 2.246)
",9999999.000,9999999.000,0.000,1.000,0.000,0,0,1,12,12,1,1,12,0.0,0.0,1.0,0.0,0.0,1.0,1
"F[1,2](((Resp >= 5.187 | Resp <= 16.501) | BaseExcess >= 8.461) -> SepsisLabel <= 17.008)
",-9999999.000,-9999999.000,0.000,0.000,1.000,0,0,0,13,13,0,0,13,0.0,0.0,0.0,0.0,0.0,1.0,-1
"F[0,1]((Fibrinogen <= 0.000 -> Fibrinogen <= 0.000) & SaO2 >= 0.000)
",-9999999.000,-9999999.000,0.000,0.000,1.000,0,0,0,13,13,0,0,13,0.0,0.0,0.0,0.0,0.0,1.0,-1
"F[1,2](Hgb <= 4.384 -> HCO3 >= 1.787)
",-9999999.000,-9999999.000,0.000,0.000,1.000,0,0,0,13,13,0,0,13,0.0,0.0,0.0,0.0,0.0,1.0,-1
"F[0,2]((Glucose >= 3.719 & Lactate <= 0.000) | O2Sat <= 0.000)
",-9999999.000,-9999999.000,0.000,0.000,1.000,0,0,0,13,13,0,0,13,0.0,0.0,0.0,0.0,0.0,1.0,-1
"F[0,0](Hct <= 16.791 -> SepsisLabel <= 0.000)
",-4726372676384001.000,-16.791,0.000,0.000,1.000,0,0,0,13,13,0,0,13,0.0,0.0,0.0,0.0,0.0,1.0,-1
"F[0,2](((Calcium <= 5.740 | FiO2 >= 0.000) & Platelets <= 0.000) -> Magnesium <= 0.000)
",-9999999.000,-9999999.000,0.000,0.000,1.000,0,0,0,13,13,0,0,13,0.0,0.0,0.0,0.0,0.0,1.0,-1
"F[0,1](Creatinine <= 0.858 | FiO2 >= 0.000)
",-9999999.000,-9999999.000,0.000,0.000,1.000,0,0,0,13,13,0,0,13,0.0,0.0,0.0,0.0,0.0,1.0,-1
"((SaO2 >= 0.000) U[0,1] (SBP <= 118.735))
",-9999999.000,-9999999.000,0.000,0.000,1.000,0,0,0,13,13,0,0,13,0.0,0.0,0.0,0.0,0.0,1.0,-1
"F[1,2](Temp >= 0.752 | AST >= 0.000)
",-9999999.000,-9999999.000,0.000,0.000,1.000,0,0,0,13,13,0,0,13,0.0,0.0,0.0,0.0,0.0,1.0,-1
"F[2,2]((Potassium >= 0.316 -> Bilirubin_total <= 0.000) -> SepsisLabel >= 0.000)
",0.000,0.000,0.000,0.000,1.000,0,0,0,13,13,0,0,13,0.0,0.0,0.0,0.0,0.0,1.0,-1
"F[0,2](((MAP >= 7.975 | DBP <= 97.166) -> DBP <= 86.481) | Magnesium >= 20.115)
",-9999999.000,-9999999.000,0.000,0.000,1.000,0,0,0,13,13,0,0,13,0.0,0.0,0.0,0.0,0.0,1.0,-1
"F[2,2](Hgb <= 3.034 | Hct <= 13.395)
",7540974135951605.000,13.395,0.000,0.000,1.000,0,0,0,13,13,0,0,13,0.0,0.0,0.0,0.0,0.0,1.0,-1
"F[1,2](FiO2 <= 0.000 -> WBC >= 0.854)
",-9999999.000,-9999999.000,0.000,0.000,1.000,0,0,0,13,13,0,0,13,0.0,0.0,0.0,0.0,0.0,1.0,-1
"F[0,2](Resp <= 20.539 & Creatinine <= 0.775)
",-9999999.000,-9999999.000,0.000,0.000,1.000,0,0,0,13,13,0,0,13,0.0,0.0,0.0,0.0,0.0,1.0,-1
"F[1,2](((BUN <= 7.843 -> TroponinI <= 0.000) & Alkalinephos <= 0.000) -> PaCO2 >= 0.000)
",-9999999.000,-9999999.000,0.000,0.000,1.000,0,0,0,13,13,0,0,13,0.0,0.0,0.0,0.0,0.0,1.0,-1
"F[0,2]((BUN >= 2.869 & PTT >= 0.000) | Hct >= 0.000)
",-9999999.000,-9999999.000,0.000,0.000,1.000,0,0,0,13,13,0,0,13,0.0,0.0,0.0,0.0,0.0,1.0,-1
"F[1,2]((Lactate >= 0.000 | SepsisLabel >= 0.000) | Fibrinogen >= 0.000)
",-9999999.000,-9999999.000,0.000,0.000,1.000,0,0,0,13,13,0,0,13,0.0,0.0,0.0,0.0,0.0,1.0,-1
"F[0,2](((HR >= 65.755 | Creatinine <= 0.885) | Platelets >= 0.021) | Temp <= 0.052)
",-9999999.000,-9999999.000,0.000,0.000,1.000,0,0,0,13,13,0,0,13,0.0,0.0,0.0,0.0,0.0,1.0,-1
"((Magnesium <= 1.372) U[0,0] (SaO2 >= 0.000))
",1.372,1.372,0.000,0.000,1.000,0,0,0,13,13,0,0,13,0.0,0.0,0.0,0.0,0.0,1.0,-1
"F[0,2](((Chloride >= 2.394 -> Temp <= 17.433) -> Alkalinephos >= 8.162) | Alkalinephos >= 5.776)
",-9999999.000,-9999999.000,0.000,0.000,1.000,0,0,0,13,13,0,0,13,0.0,0.0,0.0,0.0,0.0,1.0,-1
"F[0,1]((O2Sat <= 96.397 & Lactate >= 0.000) | pH <= 0.000)
",-9999999.000,-9999999.000,0.000,0.000,1.000,0,0,0,13,13,0,0,13,0.0,0.0,0.0,0.0,0.0,1.0,-1
"F[1,1](((Phosphate >= 0.048 | EtCO2 <= 0.000) -> SepsisLabel >= 0.000) & PTT <= 0.000)
",0.000,0.000,0.000,0.000,1.000,0,0,0,13,13,0,0,13,0.0,0.0,0.0,0.0,0.0,1.0,-1
"((Resp <= 17.794) U[2,2] (Calcium >= 0.341))
",17.794,17.794,0.000,0.000,1.000,0,0,0,13,13,0,0,13,0.0,0.0,0.0,0.0,0.0,1.0,-1
"F[2,2](Fibrinogen <= 0.000 -> Temp >= 5.931)
",0.000,0.000,0.000,0.000,1.000,0,0,0,13,13,0,0,13,0.0,0.0,0.0,0.0,0.0,1.0,-1
"F[0,2](Calcium <= 1.740 & Fibrinogen >= 0.000)
",-9999999.000,-9999999.000,0.000,0.000,1.000,0,0,0,13,13,0,0,13,0.0,0.0,0.0,0.0,0.0,1.0,-1
"F[0,2]((Lactate <= 0.000 -> Magnesium >= 0.110) | TroponinI <= 0.956)
",-9999999.000,-9999999.000,0.000,0.000,1.000,0,0,0,13,13,0,0,13,0.0,0.0,0.0,0.0,0.0,1.0,-1
"F[0,1](Hgb <= 0.862 -> FiO2 <= 0.000)
",-9999999.000,-9999999.000,0.000,0.000,1.000,0,0,0,13,13,0,0,13,0.0,0.0,0.0,0.0,0.0,1.0,-1
"F[1,2]((MAP >= 58.862 & FiO2 <= 0.000) -> Temp >= 0.000)
",-9999999.000,-9999999.000,0.000,0.000,1.000,0,0,0,13,13,0,0,13,0.0,0.0,0.0,0.0,0.0,1.0,-1
"((TroponinI >= 0.000) U[0,1] (Alkalinephos >= 0.000))
",-9999999.000,-9999999.000,0.000,0.000,1.000,0,0,0,13,13,0,0,13,0.0,0.0,0.0,0.0,0.0,1.0,-1
"((Bilirubin_direct <= 0.000) U[1,1] (pH >= 0.000))
",0.000,0.000,0.000,0.000,1.000,0,0,0,13,13,0,0,13,0.0,0.0,0.0,0.0,0.0,1.0,-1
"((SepsisLabel <= 0.000) U[0,2] (Creatinine <= 0.131))
",-9999999.000,-9999999.000,0.000,0.000,1.000,0,0,0,13,13,0,0,13,0.0,0.0,0.0,0.0,0.0,1.0,-1
"F[2,2]((EtCO2 >= 0.000 -> FiO2 <= 0.000) -> Lactate >= 0.000)
",0.000,0.000,0.000,0.000,1.000,0,0,0,13,13,0,0,13,0.0,0.0,0.0,0.0,0.0,1.0,-1
"F[0,0]((Bilirubin_direct >= 0.000 | HR <= 73.997) & Temp <= 74.590)
",-2.945,-16.710,0.000,0.000,1.000,0,0,0,13,13,0,0,13,0.0,0.0,0.0,0.0,0.0,1.0,-1
"((AST >= 0.000) U[0,2] (BUN <= 33.076))
",-9999999.000,-9999999.000,0.000,0.000,1.000,0,0,0,13,13,0,0,13,0.0,0.0,0.0,0.0,0.0,1.0,-1
"F[0,1]((Hct >= 1.114 -> Calcium <= 0.830) & Calcium <= 1.284)
",-9999999.000,-9999999.000,0.000,0.000,1.000,0,0,0,13,13,0,0,13,0.0,0.0,0.0,0.0,0.0,1.0,-1
"F[1,2](((Creatinine <= 0.695 | Temp >= 5.513) | Hct <= 30.252) -> FiO2 <= 14.623)
",-9999999.000,-9999999.000,0.000,0.000,1.000,0,0,0,13,13,0,0,13,0.0,0.0,0.0,0.0,0.0,1.0,-1
"F[1,2](((SBP >= 10.844 & Bilirubin_direct <= 0.000) & AST >= 0.000) & WBC <= 0.000)
",-9999999.000,-9999999.000,0.000,0.000,1.000,0,0,0,13,13,0,0,13,0.0,0.0,0.0,0.0,0.0,1.0,-1
"F[0,2](((O2Sat <= 95.107 | Platelets >= 3.733) & Hct >= 4.117) & SBP >= 4.504)
",-9999999.000,-9999999.000,0.000,0.000,1.000,0,0,0,13,13,0,0,13,0.0,0.0,0.0,0.0,0.0,1.0,-1
"F[0,2](Phosphate <= 3.365 & Magnesium <= 1.768)
",-9999999.000,-9999999.000,0.000,0.000,1.000,0,0,0,13,13,0,0,13,0.0,0.0,0.0,0.0,0.0,1.0,-1
"G[1,2](Platelets <= 71.862 -> WBC >= 0.451)
",9999999.000,9999999.000,0.000,1.000,0.000,0,0,2,11,11,2,2,11,0.0,0.0,1.0,0.0,0.0,1.0,1
"F[2,2](EtCO2 <= 0.000 -> Alkalinephos <= 0.000)
",0.000,0.000,0.000,0.000,1.000,0,0,0,13,13,0,0,13,0.0,0.0,0.0,0.0,0.0,1.0,-1
"F[2,2](((DBP >= 30.273 & PaCO2 <= 0.000) & Resp >= 0.000) -> EtCO2 >= 0.000)
",0.000,0.000,0.000,0.000,1.000,0,0,0,13,13,0,0,13,0.0,0.0,0.0,0.0,0.0,1.0,-1
"F[0,1](((BaseExcess >= 0.000 | HR <= 70.060) & SepsisLabel <= 73.554) | PTT <= 72.720)
",-9999999.000,-9999999.000,0.000,0.000,1.000,0,0,0,13,13,0,0,13,0.0,0.0,0.0,0.0,0.0,1.0,-1
"F[1,2]((Hct <= 21.974 & BUN >= 0.777) | Hgb <= 17.217)
",-9999999.000,-9999999.000,0.000,0.000,1.000,0,0,0,13,13,0,0,13,0.0,0.0,0.0,0.0,0.0,1.0,-1
"F[0,1](((HCO3 <= 5.959 & EtCO2 <= 0.000) | AST >= 0.000) | Platelets >= 0.000)
",-9999999.000,-9999999.000,0.000,0.000,1.000,0,0,0,13,13,0,0,13,0.0,0.0,0.0,0.0,0.0,1.0,-1
"F[0,2]((DBP >= 15.404 -> BUN >= 1.629) & FiO2 >= 1.452)
",-9999999.000,-9999999.000,0.000,0.000,1.000,0,0,0,13,13,0,0,13,0.0,0.0,0.0,0.0,0.0,1.0,-1
"((Alkalinephos <= 0.000) U[2,2] (PaCO2 <= 0.000))
",0.000,0.000,0.000,0.000,1.000,0,0,0,13,13,0,0,13,0.0,0.0,0.0,0.0,0.0,1.0,-1
"F[1,2]((Creatinine >= 0.025 | Fibrinogen >= 0.000) -> Bilirubin_direct <= 0.000)
",-9999999.000,-9999999.000,0.000,0.000,1.000,0,0,0,13,13,0,0,13,0.0,0.0,0.0,0.0,0.0,1.0,-1
"F[1,2](((Hct <= 3.452 & PTT >= 0.000) -> SepsisLabel >= 0.000) -> HCO3 >= 0.000)
",-9999999.000,-9999999.000,0.000,0.000,1.000,0,0,0,13,13,0,0,13,0.0,0.0,0.0,0.0,0.0,1.0,-1
"((HCO3 >= 0.993) U[0,1] (FiO2 >= 0.000))
",-9999999.000,-9999999.000,0.000,0.000,1.000,0,0,0,13,13,0,0,13,0.0,0.0,0.0,0.0,0.0,1.0,-1
"F[0,2]((Temp >= 8.661 & FiO2 >= 0.000) -> pH <= 0.000)
",-9999999.000,-9999999.000,0.000,0.000,1.000,0,0,0,13,13,0,0,13,0.0,0.0,0.0,0.0,0.0,1.0,-1
"F[1,2](((Hct <= 23.015 -> Temp >= 1.187) | Chloride <= 16.924) | Phosphate <= 23.561)
",-9999999.000,-9999999.000,0.000,0.000,1.000,0,0,0,13,13,0,0,13,0.0,0.0,0.0,0.0,0.0,1.0,-1
"((BaseExcess <= 0.000) U[1,2] (PTT >= 0.000))
",-9999999.000,-9999999.000,0.000,0.000,1.000,0,0,0,13,13,0,0,13,0.0,0.0,0.0,0.0,0.0,1.0,-1
"F[1,1](DBP >= 23.808 -> Glucose <= 116.738)
",-116.738,-116.738,0.000,0.000,1.000,0,0,0,13,13,0,0,13,0.0,0.0,0.0,0.0,0.0,1.0,-1
"((Platelets >= 3.812) U[0,2] (O2Sat >= 12.835))
",-9999999.000,-9999999.000,0.000,0.000,1.000,0,0,0,13,13,0,0,13,0.0,0.0,0.0,0.0,0.0,1.0,-1
"F[0,2]((Glucose >= 1.352 -> Magnesium <= 2.010) -> BUN >= 0.022)
",-9999999.000,-9999999.000,0.000,0.000,1.000,0,0,0,13,13,0,0,13,0.0,0.0,0.0,0.0,0.0,1.0,-1
"((Chloride <= 61.726) U[0,1] (Fibrinogen >= 0.000))
",-9999999.000,-9999999.000,0.000,0.000,1.000,0,0,0,13,13,0,0,13,0.0,0.0,0.0,0.0,0.0,1.0,-1
"G[1,2](((Magnesium >= 0.031 | BUN <= 33.088) & EtCO2 >= 0.006) & pH >= 2.455)
",9999999.000,9999999.000,0.000,1.000,0.000,0,0,1,12,12,1,1,12,0.0,0.0,1.0,0.0,0.0,1.0,1
"G[1,2]((HR >= 9.714 | HCO3 <= 6.186) | PaCO2 >= 0.420)
",9999999.000,9999999.000,0.000,1.000,0.000,0,0,13,0,0,13,13,0,0.0,0.0,1.0,0.0,0.0,1.0,1
"G[0,2](((Platelets >= 2.569 & DBP <= 49.614) & MAP >= 34.549) -> Platelets <= 82.912)
",9999999.000,9999999.000,0.000,1.000,0.000,0,0,13,0,0,13,13,0,0.0,0.0,1.0,0.0,0.0,1.0,1
"G[1,2](BUN <= 27.543 & Chloride >= 5.172)
",9999999.000,9999999.000,0.000,1.000,0.000,0,0,1,12,12,1,1,12,0.0,0.0,1.0,0.0,0.0,1.0,1
"G[0,2](((Hgb <= 4.414 | Hct <= 15.171) -> WBC >= 0.118) & Platelets >= 2.168)
",9999999.000,9999999.000,0.000,1.000,0.000,0,0,0,13,13,0,0,13,0.0,0.0,0.0,0.0,0.0,1.0,1
"G[2,2](SBP >= 48.063 -> Resp >= 8.808)
",8.808,8.808,0.000,1.000,0.000,0,0,13,0,0,13,13,0,0.0,0.0,1.0,0.0,0.0,1.0,1
"G[1,2](Chloride >= 3.098 & HCO3 >= 0.858)
",9999999.000,9999999.000,0.000,1.000,0.000,0,0,2,11,11,2,2,11,0.0,0.0,1.0,0.0,0.0,1.0,1
"G[1,2]((pH >= 0.000 & Temp <= 36.299) & Phosphate <= 32.137)
",9999999.000,9999999.000,0.000,1.000,0.000,0,0,13,0,0,13,13,0,0.0,0.0,1.0,0.0,0.0,1.0,1
"G[1,2](((SBP <= 102.654 & DBP <= 57.865) | SaO2 >= 44.480) | Bilirubin_direct <= 94.729)
",9999999.000,9999999.000,0.000,1.000,0.000,0,0,13,0,0,13,13,0,0.0,0.0,1.0,0.0,0.0,1.0,1
"G[1,2](Platelets <= 135.157 | Resp <= 16.711)
",9999999.000,9999999.000,0.000,1.000,0.000,0,0,13,0,0,13,13,0,0.0,0.0,1.0,0.0,0.0,1.0,1
"G[1,2](((PTT >= 0.000 | DBP <= 97.835) & Temp <= 90.652) | Calcium >= 10.790)
",9999999.000,9999999.000,0.000,1.000,0.000,0,0,13,0,0,13,13,0,0.0,0.0,1.0,0.0,0.0,1.0,1
"G[0,2](((Hgb <= 4.995 | Hct <= 9.445) -> WBC >= 0.727) & Platelets >= 2.150)
",9999999.000,9999999.000,0.000,1.000,0.000,0,0,0,13,13,0,0,13,0.0,0.0,0.0,0.0,0.0,1.0,1
"G[2,2](((MAP >= 19.791 & SepsisLabel >= 0.000) | SBP >= 0.000) & Calcium >= 0.000)
",0.000,0.000,0.000,1.000,0.000,0,0,13,0,0,13,13,0,0.0,0.0,1.0,0.0,0.0,1.0,1
"G[0,2]((AST <= 0.000 -> SepsisLabel >= 0.000) & EtCO2 >= 0.000)
",9999999.000,9999999.000,0.000,1.000,0.000,0,0,13,0,0,13,13,0,0.0,0.0,1.0,0.0,0.0,1.0,1
"G[1,2]((Bilirubin_total >= 0.000 -> Glucose >= 2.811) | MAP >= 4.147)
",9999999.000,9999999.000,0.000,1.000,0.000,0,0,13,0,0,13,13,0,0.0,0.0,1.0,0.0,0.0,1.0,1
"G[0,1](BUN <= 33.343 & Creatinine >= 0.012)
",9999999.000,9999999.000,0.000,1.000,0.000,0,0,0,13,13,0,0,13,0.0,0.0,0.0,0.0,0.0,1.0,1
"G[1,2](((BaseExcess <= 0.000 -> Resp <= 19.756) & PTT <= 17.855) -> WBC <= 17.312)
",9999999.000,9999999.000,0.000,1.000,0.000,0,0,13,0,0,13,13,0,0.0,0.0,1.0,0.0,0.0,1.0,1
"G[1,2](((Hct >= 0.655 & DBP <= 89.564) | pH <= 63.386) -> Alkalinephos >= 10.927)
",9999999.000,9999999.000,0.000,1.000,0.000,0,0,1,12,12,1,1,12,0.0,0.0,1.0,0.0,0.0,1.0,1
"G[1,2](FiO2 <= 0.000 | SepsisLabel <= 0.000)
",9999999.000,9999999.000,0.000,1.000,0.000,0,0,13,0,0,13,13,0,0.0,0.0,1.0,0.0,0.0,1.0,1
"G[0,1](((Hgb <= 2.735 | Hct <= 11.385) -> WBC >= 0.576) & Platelets >= 1.935)
",9999999.000,9999999.000,0.000,1.000,0.000,0,0,0,13,13,0,0,13,0.0,0.0,0.0,0.0,0.0,1.0,1
"G[0,2]((Phosphate <= 1.141 | Calcium <= 4.927) | Bilirubin_total >= 0.004)
",9999999.000,9999999.000,0.000,1.000,0.000,0,0,12,1,1,12,12,1,0.0,0.0,1.0,0.0,0.0,1.0,1
"G[0,2]((Bilirubin_total <= 0.000 | Creatinine >= 0.005) & Fibrinogen >= 0.030)
",9999999.000,9999999.000,0.000,1.000,0.000,0,0,0,13,13,0,0,13,0.0,0.0,0.0,0.0,0.0,1.0,1
"G[1,2]((SBP <= 102.268 | Creatinine <= 0.263) | Potassium >= 0.005)
",9999999.000,9999999.000,0.000,1.000,0.000,0,0,13,0,0,13,13,0,0.0,0.0,1.0,0.0,0.0,1.0,1
"G[0,1](PaCO2 < 0.000 & SepsisLabel = 0.000)
",9999999.000,9999999.000,0.000,1.000,0.000,0,0,0,13,13,0,0,13,0.0,0.0,0.0,0.0,0.0,1.0,1
"G[0,2]((EtCO2 <= 0.000 & Magnesium >= 0.108) | FiO2 >= 0.114)
",9999999.000,9999999.000,0.000,1.000,0.000,0,0,1,12,12,1,1,12,0.0,0.0,1.0,0.0,0.0,1.0,1
"G[1,2](Fibrinogen > 0.000 -> SepsisLabel = 0.000)
",9999999.000,9999999.000,0.000,1.000,0.000,0,0,13,0,0,13,13,0,0.0,0.0,1.0,0.0,0.0,1.0,1
"G[0,2](Hct <= 15.382 & Potassium <= 0.680)
",9999999.000,9999999.000,0.000,1.000,0.000,0,0,12,1,1,12,12,1,0.0,0.0,1.0,0.0,0.0,1.0,1
"G[1,2](((O2Sat <= 93.887 & MAP <= 83.765) -> Bilirubin_direct >= 54.246) | Platelets <= 96.893)
",9999999.000,9999999.000,0.000,1.000,0.000,0,0,13,0,0,13,13,0,0.0,0.0,1.0,0.0,0.0,1.0,1
"G[2,2](((AST >= 0.000 | Potassium <= 1.239) | FiO2 <= 0.464) -> SBP >= 0.254)
",-5581564006416271.000,-1.239,0.000,1.000,0.000,0,0,13,0,0,13,13,0,0.0,0.0,1.0,0.0,0.0,1.0,1
"G[0,2](((Hct <= 11.478 & EtCO2 >= 0.000) -> Phosphate <= 0.000) & PaCO2 <= 0.000)
",9999999.000,9999999.000,0.000,1.000,0.000,0,0,13,0,0,13,13,0,0.0,0.0,1.0,0.0,0.0,1.0,1
"G[2,2](BUN <= 4.314 & Creatinine >= 0.006)
",-0.006,-0.006,0.000,1.000,0.000,0,0,13,0,0,13,13,0,0.0,0.0,1.0,0.0,0.0,1.0,1
"G[1,2](BUN <= 12.119 & Creatinine >= 0.034)
",9999999.000,9999999.000,0.000,1.000,0.000,0,0,1,12,12,1,1,12,0.0,0.0,1.0,0.0,0.0,1.0,1
"G[0,2](((pH >= 0.000 | Platelets <= 98.634) & WBC >= 0.175) & pH <= 99.552)
",9999999.000,9999999.000,0.000,1.000,0.000,0,0,1,12,12,1,1,12,0.0,0.0,1.0,0.0,0.0,1.0,1
"G[0,2](((Magnesium <= 1.097 -> O2Sat >= 60.594) | Bilirubin_direct <= 98.354) -> PTT >= 51.406)
",9999999.000,9999999.000,0.000,1.000,0.000,0,0,0,13,13,0,0,13,0.0,0.0,0.0,0.0,0.0,1.0,1
"G[0,0](BUN <= 27.744 & Creatinine >= 0.003)
",0.301,2.309,0.000,1.000,0.000,0,0,0,13,13,0,0,13,0.0,0.0,0.0,0.0,0.0,1.0,1
"G[0,2]((HCO3 >= 1.510 -> PaCO2 <= 0.000) & SBP <= 0.000)
",9999999.000,9999999.000,0.000,1.000,0.000,0,0,3,10,10,3,3,10,0.0,0.0,1.0,0.0,0.0,1.0,1
"G[1,2](BUN >= 1.391 -> EtCO2 >= 0.000)
",9999999.000,9999999.000,0.000,1.000,0.000,0,0,13,0,0,13,13,0,0.0,0.0,1.0,0.0,0.0,1.0,1
"G[0,2](((Chloride <= 30.675 & Chloride <= 51.690) & Lactate >= 4.124) | SBP <= 30.249)
",9999999.000,9999999.000,0.000,1.000,0.000,0,0,3,10,10,3,3,10,0.0,0.0,1.0,0.0,0.0,1.0,1
"G[0,0](BUN <= 21.535 & Creatinine >= 0.025)
",0.297,1.772,0.000,1.000,0.000,0,0,0,13,13,0,0,13,0.0,0.0,0.0,0.0,0.0,1.0,1
"G[1,2]((Resp >= 14.130 -> Hgb <= 6.459) & Calcium <= 3.413)
",9999999.000,9999999.000,0.000,1.000,0.000,0,0,13,0,0,13,13,0,0.0,0.0,1.0,0.0,0.0,1.0,1
"G[0,2](Chloride >= 4.109 & HCO3 >= 0.575)
",9999999.000,9999999.000,0.000,1.000,0.000,0,0,1,12,12,1,1,12,0.0,0.0,1.0,0.0,0.0,1.0,1
"G[2,2](SepsisLabel <= 0.000 -> Potassium <= 2.820)
",-2.820,-2.820,0.000,1.000,0.000,0,0,13,0,0,13,13,0,0.0,0.0,1.0,0.0,0.0,1.0,1
"G[1,2](((Hgb <= 1.870 | Hct <= 26.025) -> WBC >= 0.794) & Platelets >= 1.046)
",9999999.000,9999999.000,0.000,1.000,0.000,0,0,1,12,12,1,1,12,0.0,0.0,1.0,0.0,0.0,1.0,1
"G[0,2](Calcium >= 0.134 | PTT >= 0.000)
",9999999.000,9999999.000,0.000,1.000,0.000,0,0,13,0,0,13,13,0,0.0,0.0,1.0,0.0,0.0,1.0,1
"G[0,1](((Hgb <= 7.756 | Hct <= 8.666) -> WBC >= 0.222) & Platelets >= 4.313)
",9999999.000,9999999.000,0.000,1.000,0.000,0,0,0,13,13,0,0,13,0.0,0.0,0.0,0.0,0.0,1.0,1
"G[0,2](Platelets <= 136.373 -> WBC >= 0.240)
",9999999.000,9999999.000,0.000,1.000,0.000,0,0,1,12,12,1,1,12,0.0,0.0,1.0,0.0,0.0,1.0,1
"G[0,2](TroponinI <= 0.000 | AST <= 0.000)
",9999999.000,9999999.000,0.000,1.000,0.000,0,0,13,0,0,13,13,0,0.0,0.0,1.0,0.0,0.0,1.0,1
"G[0,1]((DBP <= 85.946 & Magnesium >= 0.121) & Lactate >= 0.089)
",9999999.000,9999999.000,0.000,1.000,0.000,0,0,0,13,13,0,0,13,0.0,0.0,0.0,0.0,0.0,1.0,1
"G[1,2]((Bilirubin_direct <= 0.000 & BaseExcess >= 0.000) & EtCO2 >= 0.000)
",9999999.000,9999999.000,0.000,1.000,0.000,0,0,13,0,0,13,13,0,0.0,0.0,1.0,0.0,0.0,1.0,1
"G[0,2](((Bilirubin_direct >= 0.000 -> WBC <= 12.297) -> AST >= 0.910) & O2Sat <= 11.709)
",9999999.000,9999999.000,0.000,1.000,0.000,0,0,0,13,13,0,0,13,0.0,0.0,0.0,0.0,0.0,1.0,1
"G[0,1](((DBP >= 21.321 -> WBC <= 8.961) -> Resp <= 4.855) & SepsisLabel >= 0.198)
",9999999.000,9999999.000,0.000,1.000,0.000,0,0,0,13,13,0,0,13,0.0,0.0,0.0,0.0,0.0,1.0,1
"G[0,1]((Platelets >= 2.005 & MAP <= 78.515) | Hct >= 65.856)
",9999999.000,9999999.000,0.000,1.000,0.000,0,0,0,13,13,0,0,13,0.0,0.0,0.0,0.0,0.0,1.0,1
"G[0,2](((MAP >= 45.043 -> BUN >= 2.466) | EtCO2 >= 1.193) | HR <= 28.749)
",9999999.000,9999999.000,0.000,1.000,0.000,0,0,1,12,12,1,1,12,0.0,0.0,1.0,0.0,0.0,1.0,1
"G[0,2](((Platelets <= 100.338 & EtCO2 <= 0.000) -> Glucose >= 0.000) & AST >= 0.000)
",9999999.000,9999999.000,0.000,1.000,0.000,0,0,13,0,0,13,13,0,0.0,0.0,1.0,0.0,0.0,1.0,1
"G[0,2](((AST <= 0.000 | pH <= 0.000) & PTT <= 0.000) & Fibrinogen >= 0.000)
",9999999.000,9999999.000,0.000,1.000,0.000,0,0,13,0,0,13,13,0,0.0,0.0,1.0,0.0,0.0,1.0,1
"G[0,2]((Hgb >= 0.334 & FiO2 >= 0.000) & Platelets >= 0.000)
",9999999.000,9999999.000,0.000,1.000,0.000,0,0,1,12,12,1,1,12,0.0,0.0,1.0,0.0,0.0,1.0,1
"G[2,2](((Hgb <= 3.315 | Hct <= 10.950) -> WBC >= 0.683) & Platelets >= 2.358)
",-10.950,-10.950,0.000,1.000,0.000,0,0,13,0,0,13,13,0,0.0,0.0,1.0,0.0,0.0,1.0,1
"G[1,2](Platelets <= 118.126 -> WBC >= 0.881)
",9999999.000,9999999.000,0.000,1.000,0.000,0,0,2,11,11,2,2,11,0.0,0.0,1.0,0.0,0.0,1.0,1
"F[0,2](((Lactate <= 0.000 | AST >= 0.000) & TroponinI <= 0.000) | Magnesium <= 0.000)
",-9999999.000,-9999999.000,0.000,0.000,1.000,0,0,0,13,13,0,0,13,0.0,0.0,0.0,0.0,0.0,1.0,-1
