Rule,Discrimination Score,Pos Robustness,Neg Robustness,Percent Class +,Percent Class -,TP,TN,FP,FN,Actual Yes,Actual No,Predicted Yes,Predicted No,TPR/Sens,TNR/Spec,FPR,Precision,Accuracy,MCR
"G[0,1](((O2Sat <= 74.788 -> TroponinI <= 0.000) -> DBP <= 0.000) -> BaseExcess >= 0.000)
",9999999.000,9999999.000,0.000,1.000,0.000,13,0,0,0,13,0,13,0,1.0,0.0,0.0,1.0,1.0,0.0
"G[0,0](((Resp <= 12.560 & Hct >= 0.511) | pH <= 26.799) | Calcium <= 27.962)
",7870512834522479.000,27.962,0.000,1.000,0.000,13,0,0,0,13,0,13,0,1.0,0.0,0.0,1.0,1.0,0.0
"G[1,1](((EtCO2 <= 0.000 | BaseExcess <= 0.000) | Bilirubin_total <= 0.000) | pH <= 0.000)
",0.000,0.000,0.000,1.000,0.000,13,0,0,0,13,0,13,0,1.0,0.0,0.0,1.0,1.0,0.0
"G[0,1](((Hgb <= 6.824 | Magnesium <= 0.740) | DBP >= 0.005) -> BUN <= 1.337)
",9999999.000,9999999.000,0.000,1.000,0.000,13,0,0,0,13,0,13,0,1.0,0.0,0.0,1.0,1.0,0.0
"G[1,1](((SepsisLabel <= 0.000 -> Alkalinephos >= 0.000) & SaO2 >= 0.000) & Creatinine >= 0.000)
",0.000,0.000,0.000,1.000,0.000,13,0,0,0,13,0,13,0,1.0,0.0,0.0,1.0,1.0,0.0
"G[1,1](((FiO2 <= 0.000 & WBC <= 6.281) | O2Sat >= 0.198) | FiO2 >= 0.128)
",0.000,0.000,0.000,1.000,0.000,13,0,0,0,13,0,13,0,1.0,0.0,0.0,1.0,1.0,0.0
"G[0,1]((Phosphate <= 0.526 & Temp <= 26.952) | FiO2 <= 18.647)
",9999999.000,9999999.000,0.000,1.000,0.000,13,0,0,0,13,0,13,0,1.0,0.0,0.0,1.0,1.0,0.0
"G[1,1]((Bilirubin_total >= 0.000 & BaseExcess >= 0.000) & Fibrinogen <= 0.000)
",0.000,0.000,0.000,1.000,0.000,13,0,0,0,13,0,13,0,1.0,0.0,0.0,1.0,1.0,0.0
"G[0,1](WBC <= 1.111 -> AST >= 0.000)
",9999999.000,9999999.000,0.000,1.000,0.000,13,0,0,0,13,0,13,0,1.0,0.0,0.0,1.0,1.0,0.0
"G[0,0](BUN < 8.080 -> SepsisLabel = 0.000)
",-4548684024715550.000,-8.080,0.000,1.000,0.000,13,0,0,0,13,0,13,0,1.0,0.0,0.0,1.0,1.0,0.0
"G[0,1](((FiO2 <= 0.000 & Temp <= 8.021) -> Bilirubin_direct <= 17.584) -> EtCO2 <= 30.933)
",9999999.000,9999999.000,0.000,1.000,0.000,13,0,0,0,13,0,13,0,1.0,0.0,0.0,1.0,1.0,0.0
"G[0,1](BUN < 2.711 -> SepsisLabel = 0.000)
",9999999.000,9999999.000,0.000,1.000,0.000,13,0,0,0,13,0,13,0,1.0,0.0,0.0,1.0,1.0,0.0
"G[0,1]((FiO2 >= 0.000 | HR <= 77.838) | pH >= 42.743)
",9999999.000,9999999.000,0.000,1.000,0.000,13,0,0,0,13,0,13,0,1.0,0.0,0.0,1.0,1.0,0.0
"G[0,1]((Creatinine >= 0.026 | DBP >= 0.000) & Bilirubin_total <= 0.000)
",9999999.000,9999999.000,0.000,1.000,0.000,13,0,0,0,13,0,13,0,1.0,0.0,0.0,1.0,1.0,0.0
"G[0,0]((Platelets <= 192.802 & SaO2 <= 0.000) & SaO2 <= 0.000)
",0.000,0.000,0.000,1.000,0.000,13,0,0,0,13,0,13,0,1.0,0.0,0.0,1.0,1.0,0.0
"G[0,0]((SBP >= 50.937 & PTT >= 0.000) | Magnesium >= 0.000)
",0.000,0.000,0.000,1.000,0.000,13,0,0,0,13,0,13,0,1.0,0.0,0.0,1.0,1.0,0.0
"G[0,1](Resp > 3.060 -> SepsisLabel = 0.000)
",9999999.000,9999999.000,0.000,1.000,0.000,13,0,0,0,13,0,13,0,1.0,0.0,0.0,1.0,1.0,0.0
"G[0,1]((Bilirubin_direct >= 0.000 & PaCO2 <= 0.000) & Platelets >= 0.000)
",9999999.000,9999999.000,0.000,1.000,0.000,13,0,0,0,13,0,13,0,1.0,0.0,0.0,1.0,1.0,0.0
"G[1,1](Potassium <= 3.074 -> AST <= 0.000)
",-6921591646219519.000,-3.074,0.000,1.000,0.000,13,0,0,0,13,0,13,0,1.0,0.0,0.0,1.0,1.0,0.0
"G[0,1](((FiO2 <= 0.000 -> PTT <= 0.000) -> Chloride >= 0.000) & TroponinI >= 0.000)
",9999999.000,9999999.000,0.000,1.000,0.000,13,0,0,0,13,0,13,0,1.0,0.0,0.0,1.0,1.0,0.0
"G[0,1](((BUN <= 6.612 | DBP >= 0.000) -> Resp <= 0.000) | Potassium >= 0.000)
",9999999.000,9999999.000,0.000,1.000,0.000,13,0,0,0,13,0,13,0,1.0,0.0,0.0,1.0,1.0,0.0
"G[1,1](((MAP <= 65.843 -> EtCO2 <= 0.000) | Resp >= 0.000) -> SepsisLabel >= 0.000)
",0.000,0.000,0.000,1.000,0.000,13,0,0,0,13,0,13,0,1.0,0.0,0.0,1.0,1.0,0.0
"G[0,1](((Temp >= 6.962 -> SepsisLabel <= 0.000) -> HCO3 <= 0.000) | PaCO2 <= 0.000)
",9999999.000,9999999.000,0.000,1.000,0.000,13,0,0,0,13,0,13,0,1.0,0.0,0.0,1.0,1.0,0.0
"G[0,0](((Bilirubin_total >= 0.000 -> HCO3 <= 4.453) -> Hgb <= 20.711) | Hgb <= 4.216)
",4.216,4.216,0.000,1.000,0.000,13,0,0,0,13,0,13,0,1.0,0.0,0.0,1.0,1.0,0.0
"G[0,1](((HCO3 >= 0.018 | SaO2 >= 0.000) & Bilirubin_direct >= 0.000) | Creatinine <= 0.000)
",9999999.000,9999999.000,0.000,1.000,0.000,13,0,0,0,13,0,13,0,1.0,0.0,0.0,1.0,1.0,0.0
"G[0,1](((SaO2 >= 0.000 -> BaseExcess <= 0.000) -> SaO2 <= 0.000) -> Potassium >= 0.000)
",9999999.000,9999999.000,0.000,1.000,0.000,13,0,0,0,13,0,13,0,1.0,0.0,0.0,1.0,1.0,0.0
"G[0,1](DBP >= 0.000 | SBP <= 83.132)
",9999999.000,9999999.000,0.000,1.000,0.000,13,0,0,0,13,0,13,0,1.0,0.0,0.0,1.0,1.0,0.0
"G[0,0](((HCO3 >= 0.255 -> Resp <= 14.968) & Creatinine <= 15.298) & PaCO2 <= 13.195)
",-4213015203770658.500,-14.968,0.000,1.000,0.000,13,0,0,0,13,0,13,0,1.0,0.0,0.0,1.0,1.0,0.0
"G[1,1](PaCO2 <= 0.000 -> TroponinI <= 0.000)
",0.000,0.000,0.000,1.000,0.000,13,0,0,0,13,0,13,0,1.0,0.0,0.0,1.0,1.0,0.0
"G[1,1](Chloride >= 0.233 | Bilirubin_total >= 0.000)
",0.000,0.000,0.000,1.000,0.000,13,0,0,0,13,0,13,0,1.0,0.0,0.0,1.0,1.0,0.0
"G[1,1]((PTT <= 0.000 -> Bilirubin_total <= 0.000) | Creatinine <= 0.000)
",0.000,0.000,0.000,1.000,0.000,13,0,0,0,13,0,13,0,1.0,0.0,0.0,1.0,1.0,0.0
"G[1,1]((Hct >= 0.539 -> Temp <= 31.909) | Temp <= 33.139)
",4663875778138898.000,33.139,0.000,1.000,0.000,13,0,0,0,13,0,13,0,1.0,0.0,0.0,1.0,1.0,0.0
"G[1,1]((Creatinine >= 0.001 | Temp <= 34.012) | FiO2 <= 10.915)
",2393373652562073.000,34.012,0.000,1.000,0.000,13,0,0,0,13,0,13,0,1.0,0.0,0.0,1.0,1.0,0.0
"G[1,1]((Hgb <= 7.006 | O2Sat <= 92.136) -> Phosphate <= 87.329)
",-3241739825560465.000,-92.136,0.000,1.000,0.000,13,0,0,0,13,0,13,0,1.0,0.0,0.0,1.0,1.0,0.0
"G[1,1](Alkalinephos <= 0.000 | EtCO2 <= 0.000)
",0.000,0.000,0.000,1.000,0.000,13,0,0,0,13,0,13,0,1.0,0.0,0.0,1.0,1.0,0.0
"G[0,1]((Phosphate >= 0.102 & SBP >= 34.125) -> WBC <= 84.081)
",9999999.000,9999999.000,0.000,1.000,0.000,13,0,0,0,13,0,13,0,1.0,0.0,0.0,1.0,1.0,0.0
"G[0,0](((Resp >= 6.051 -> Temp >= 4.985) | pH <= 14.311) & Lactate <= 16.694)
",2685405033191059.500,14.311,0.000,1.000,0.000,13,0,0,0,13,0,13,0,1.0,0.0,0.0,1.0,1.0,0.0
"G[0,1](SaO2 <= 0.000 -> SepsisLabel = 0.000)
",9999999.000,9999999.000,0.000,1.000,0.000,13,0,0,0,13,0,13,0,1.0,0.0,0.0,1.0,1.0,0.0
"G[0,0]((Magnesium <= 0.589 | SBP >= 46.164) | AST <= 90.579)
",6373921953926969.000,90.579,0.000,1.000,0.000,13,0,0,0,13,0,13,0,1.0,0.0,0.0,1.0,1.0,0.0
"G[0,1](Glucose <= 81.215 -> SaO2 <= 0.000)
",9999999.000,9999999.000,0.000,1.000,0.000,13,0,0,0,13,0,13,0,1.0,0.0,0.0,1.0,1.0,0.0
"G[0,0](((Hgb <= 7.955 -> FiO2 >= 0.000) -> Temp >= 0.000) & SaO2 >= 0.000)
",-1.825,-75.308,0.000,1.000,0.000,13,0,0,0,13,0,13,0,1.0,0.0,0.0,1.0,1.0,0.0
"G[0,1](DBP <= 0.000 | Creatinine <= 0.459)
",9999999.000,9999999.000,0.000,1.000,0.000,13,0,0,0,13,0,13,0,1.0,0.0,0.0,1.0,1.0,0.0
"G[0,0]((EtCO2 >= 0.000 -> DBP <= 0.000) & Lactate <= 0.000)
",-1.753,-11.077,0.000,1.000,0.000,13,0,0,0,13,0,13,0,1.0,0.0,0.0,1.0,1.0,0.0
"G[1,1](((Calcium <= 4.342 | TroponinI <= 0.000) -> Temp >= 0.000) | Alkalinephos >= 0.000)
",0.000,0.000,0.000,1.000,0.000,13,0,0,0,13,0,13,0,1.0,0.0,0.0,1.0,1.0,0.0
"G[0,1](((SBP >= 1.026 -> Fibrinogen >= 0.000) & Hgb <= 0.000) -> Magnesium >= 0.000)
",9999999.000,9999999.000,0.000,1.000,0.000,13,0,0,0,13,0,13,0,1.0,0.0,0.0,1.0,1.0,0.0
"G[0,1](((BUN <= 6.477 | PaCO2 <= 0.000) | PTT <= 0.000) -> PaCO2 >= 0.000)
",9999999.000,9999999.000,0.000,1.000,0.000,13,0,0,0,13,0,13,0,1.0,0.0,0.0,1.0,1.0,0.0
"G[1,1](((HR <= 82.546 & Bilirubin_total <= 0.000) -> Creatinine >= 0.000) | FiO2 <= 0.000)
",0.000,0.000,0.000,1.000,0.000,13,0,0,0,13,0,13,0,1.0,0.0,0.0,1.0,1.0,0.0
"G[0,0](((FiO2 <= 0.000 & Bilirubin_total >= 0.000) | BUN <= 0.000) & Platelets <= 0.000)
",0.000,0.000,0.000,1.000,0.000,13,0,0,0,13,0,13,0,1.0,0.0,0.0,1.0,1.0,0.0
"G[0,0](Platelets <= 135.341 | AST <= 0.000)
",4761903474194665.000,135.341,0.000,1.000,0.000,13,0,0,0,13,0,13,0,1.0,0.0,0.0,1.0,1.0,0.0
"G[0,0](((AST >= 0.000 | Lactate <= 0.000) | TroponinI >= 0.000) -> BUN <= 0.000)
",0.000,0.000,0.000,1.000,0.000,13,0,0,0,13,0,13,0,1.0,0.0,0.0,1.0,1.0,0.0
"G[0,0](((O2Sat <= 87.218 & SBP >= 45.106) | Bilirubin_direct <= 82.865) | Lactate >= 58.552)
",82.865,82.865,0.000,1.000,0.000,13,0,0,0,13,0,13,0,1.0,0.0,0.0,1.0,1.0,0.0
"G[1,1](Bilirubin_total >= 0.000 & TroponinI >= 0.000)
",0.000,0.000,0.000,1.000,0.000,13,0,0,0,13,0,13,0,1.0,0.0,0.0,1.0,1.0,0.0
"G[1,1]((EtCO2 <= 0.000 | pH <= 0.000) -> BUN >= 0.000)
",0.000,0.000,0.000,1.000,0.000,13,0,0,0,13,0,13,0,1.0,0.0,0.0,1.0,1.0,0.0
"G[0,1](Glucose <= 117.374 | SepsisLabel <= 0.000)
",9999999.000,9999999.000,0.000,1.000,0.000,13,0,0,0,13,0,13,0,1.0,0.0,0.0,1.0,1.0,0.0
"G[1,1](((Chloride >= 1.752 & HR <= 76.355) & BaseExcess <= 88.556) -> MAP >= 53.828)
",7891229548781941.000,1.752,0.000,1.000,0.000,13,0,0,0,13,0,13,0,1.0,0.0,0.0,1.0,1.0,0.0
"G[0,0]((BaseExcess >= 0.000 | PTT <= 0.000) & Bilirubin_direct >= 0.000)
",0.000,0.000,0.000,1.000,0.000,13,0,0,0,13,0,13,0,1.0,0.0,0.0,1.0,1.0,0.0
"G[0,0](SBP <= 95.237 | pH >= 0.000)
",5.616,86.775,0.000,1.000,0.000,13,0,0,0,13,0,13,0,1.0,0.0,0.0,1.0,1.0,0.0
"G[0,1](((Platelets <= 212.884 | EtCO2 >= 0.000) -> AST >= 0.000) -> Fibrinogen <= 0.000)
",9999999.000,9999999.000,0.000,1.000,0.000,13,0,0,0,13,0,13,0,1.0,0.0,0.0,1.0,1.0,0.0
"G[0,1](((Bilirubin_direct >= 0.000 -> PTT <= 0.000) -> Bilirubin_direct >= 0.000) | Hct <= 0.000)
",9999999.000,9999999.000,0.000,1.000,0.000,13,0,0,0,13,0,13,0,1.0,0.0,0.0,1.0,1.0,0.0
"G[1,1](((BUN >= 0.082 -> Resp >= 4.281) -> BUN <= 11.672) | PTT <= 10.811)
",10.811,10.811,0.000,1.000,0.000,13,0,0,0,13,0,13,0,1.0,0.0,0.0,1.0,1.0,0.0
"G[0,0](((Glucose >= 4.740 -> AST >= 0.000) -> Platelets >= 0.000) -> TroponinI <= 0.000)
",0.000,0.000,0.000,1.000,0.000,13,0,0,0,13,0,13,0,1.0,0.0,0.0,1.0,1.0,0.0
"G[0,1](((SaO2 <= 0.000 & SBP <= 79.738) & PaCO2 >= 17.477) | Bilirubin_direct <= 115.115)
",9999999.000,9999999.000,0.000,1.000,0.000,13,0,0,0,13,0,13,0,1.0,0.0,0.0,1.0,1.0,0.0
"G[0,0]((DBP <= 0.000 -> Glucose <= 97.650) -> Lactate <= 72.302)
",-72.302,-72.302,0.000,1.000,0.000,13,0,0,0,13,0,13,0,1.0,0.0,0.0,1.0,1.0,0.0
"G[0,1]((BUN >= 0.145 & Temp <= 28.924) | Phosphate <= 33.872)
",9999999.000,9999999.000,0.000,1.000,0.000,13,0,0,0,13,0,13,0,1.0,0.0,0.0,1.0,1.0,0.0
"G[0,0](((Lactate >= 0.000 -> PTT >= 0.000) & SepsisLabel <= 0.000) & PaCO2 <= 0.000)
",0.000,0.000,0.000,1.000,0.000,13,0,0,0,13,0,13,0,1.0,0.0,0.0,1.0,1.0,0.0
"G[0,1]((WBC >= 0.089 -> FiO2 <= 0.000) | Bilirubin_total >= 0.000)
",9999999.000,9999999.000,0.000,1.000,0.000,13,0,0,0,13,0,13,0,1.0,0.0,0.0,1.0,1.0,0.0
"G[0,1](((Chloride <= 46.166 | Fibrinogen <= 0.000) | BUN <= 0.000) -> Lactate >= 0.000)
",9999999.000,9999999.000,0.000,1.000,0.000,13,0,0,0,13,0,13,0,1.0,0.0,0.0,1.0,1.0,0.0
"G[0,1](SaO2 >= 0.000 | Lactate <= 0.000)
",9999999.000,9999999.000,0.000,1.000,0.000,13,0,0,0,13,0,13,0,1.0,0.0,0.0,1.0,1.0,0.0
"G[0,1](HCO3 <= 21.636 & SepsisLabel = 0.000)
",9999999.000,9999999.000,0.000,1.000,0.000,12,0,0,1,13,0,12,1,0.9230769230769231,0.0,0.0,1.0,0.9230769230769231,0.07692307692307687
"G[1,1](((pH >= 0.000 | pH <= 0.000) | Lactate <= 0.000) & WBC <= 0.000)
",0.000,0.000,0.000,1.000,0.000,12,0,0,1,13,0,12,1,0.9230769230769231,0.0,0.0,1.0,0.9230769230769231,0.07692307692307687
"G[0,1](Platelets < 56.944 & SepsisLabel = 0.000)
",9999999.000,9999999.000,0.000,1.000,0.000,12,0,0,1,13,0,12,1,0.9230769230769231,0.0,0.0,1.0,0.9230769230769231,0.07692307692307687
"G[0,1](((Creatinine >= 0.013 & Alkalinephos >= 0.000) -> TroponinI >= 0.000) -> WBC <= 0.000)
",9999999.000,9999999.000,0.000,1.000,0.000,12,0,0,1,13,0,12,1,0.9230769230769231,0.0,0.0,1.0,0.9230769230769231,0.07692307692307687
"G[0,1]((Hgb <= 6.023 & WBC <= 2.938) & Bilirubin_direct <= 5.931)
",9999999.000,9999999.000,0.000,1.000,0.000,12,0,0,1,13,0,12,1,0.9230769230769231,0.0,0.0,1.0,0.9230769230769231,0.07692307692307687
"G[0,0](MAP <= 73.094 | Temp >= 2.723)
",9.601,90.081,0.000,1.000,0.000,12,0,0,1,13,0,12,1,0.9230769230769231,0.0,0.0,1.0,0.9230769230769231,0.07692307692307687
"G[1,1]((MAP <= 76.223 & BUN >= 0.537) -> Chloride <= 5.611)
",-6317688763984545.000,-5.611,0.000,1.000,0.000,12,0,0,1,13,0,12,1,0.9230769230769231,0.0,0.0,1.0,0.9230769230769231,0.07692307692307687
"G[0,1]((BaseExcess >= 0.000 | Bilirubin_total >= 0.000) & Hgb <= 0.000)
",9999999.000,9999999.000,0.000,1.000,0.000,12,0,0,1,13,0,12,1,0.9230769230769231,0.0,0.0,1.0,0.9230769230769231,0.07692307692307687
"G[1,1](Creatinine <= 0.130 & DBP <= 0.000)
",0.000,0.000,0.000,1.000,0.000,12,0,0,1,13,0,12,1,0.9230769230769231,0.0,0.0,1.0,0.9230769230769231,0.07692307692307687
"G[1,1](((BUN <= 0.903 | SBP <= 106.073) | Fibrinogen >= 7.829) -> O2Sat >= 8.203)
",-106.073,-106.073,0.000,1.000,0.000,10,0,0,3,13,0,10,3,0.7692307692307693,0.0,0.0,1.0,0.7692307692307693,0.23076923076923073
"G[0,0]((Hgb <= 4.070 -> O2Sat >= 67.737) | Phosphate >= 66.074)
",-1.124,-9.206,0.000,1.000,0.000,9,0,0,4,13,0,9,4,0.6923076923076923,0.0,0.0,1.0,0.6923076923076923,0.3076923076923077
"G[0,1](Bilirubin_total <= 0.000 -> SBP >= 4.874)
",9999999.000,9999999.000,0.000,1.000,0.000,8,0,0,5,13,0,8,5,0.6153846153846154,0.0,0.0,1.0,0.6153846153846154,0.3846153846153846
"G[0,1](Calcium >= 0.087 | HR >= 28.530)
",9999999.000,9999999.000,0.000,1.000,0.000,8,0,0,5,13,0,8,5,0.6153846153846154,0.0,0.0,1.0,0.6153846153846154,0.3846153846153846
"G[0,1](Glucose >= 3.541 | Resp >= 7.436)
",9999999.000,9999999.000,0.000,1.000,0.000,8,0,0,5,13,0,8,5,0.6153846153846154,0.0,0.0,1.0,0.6153846153846154,0.3846153846153846
"G[0,1](((EtCO2 <= 0.000 & Fibrinogen >= 0.000) -> pH <= 0.000) -> Temp <= 0.000)
",9999999.000,9999999.000,0.000,1.000,0.000,8,0,0,5,13,0,8,5,0.6153846153846154,0.0,0.0,1.0,0.6153846153846154,0.3846153846153846
"G[0,1](((Calcium >= 0.097 -> Hgb >= 0.377) | Alkalinephos <= 6.666) -> HR >= 0.234)
",9999999.000,9999999.000,0.000,1.000,0.000,8,0,0,5,13,0,8,5,0.6153846153846154,0.0,0.0,1.0,0.6153846153846154,0.3846153846153846
"G[0,1](Bilirubin_total <= 0.000 -> MAP >= 23.497)
",9999999.000,9999999.000,0.000,1.000,0.000,8,0,0,5,13,0,8,5,0.6153846153846154,0.0,0.0,1.0,0.6153846153846154,0.3846153846153846
"G[0,1](((HCO3 <= 22.474 & O2Sat <= 90.647) | Hgb >= 3.989) -> Potassium >= 11.719)
",9999999.000,9999999.000,0.000,1.000,0.000,7,0,0,6,13,0,7,6,0.5384615384615384,0.0,0.0,1.0,0.5384615384615384,0.46153846153846156
"G[0,1](((Lactate >= 0.000 & MAP >= 31.027) | Resp >= 20.786) & Platelets <= 77.725)
",9999999.000,9999999.000,0.000,1.000,0.000,7,0,0,6,13,0,7,6,0.5384615384615384,0.0,0.0,1.0,0.5384615384615384,0.46153846153846156
"G[0,1]((pH >= 0.000 -> HR <= 85.311) & O2Sat >= 49.120)
",9999999.000,9999999.000,0.000,1.000,0.000,6,0,0,7,13,0,6,7,0.46153846153846156,0.0,0.0,1.0,0.46153846153846156,0.5384615384615384
"G[0,1](MAP >= 32.045 -> O2Sat <= 80.335)
",9999999.000,9999999.000,0.000,1.000,0.000,2,0,0,11,13,0,2,11,0.15384615384615385,0.0,0.0,1.0,0.15384615384615385,0.8461538461538461
"G[0,1](((MAP <= 64.294 | FiO2 >= 0.000) -> HR <= 0.000) & Magnesium >= 0.000)
",9999999.000,9999999.000,0.000,1.000,0.000,2,0,0,11,13,0,2,11,0.15384615384615385,0.0,0.0,1.0,0.15384615384615385,0.8461538461538461
"G[0,1]((EtCO2 >= 0.000 -> AST >= 0.000) -> MAP <= 0.000)
",9999999.000,9999999.000,0.000,1.000,0.000,2,0,0,11,13,0,2,11,0.15384615384615385,0.0,0.0,1.0,0.15384615384615385,0.8461538461538461
"G[0,1](SBP <= 98.610 & SepsisLabel = 0.000)
",9999999.000,9999999.000,0.000,1.000,0.000,2,0,0,11,13,0,2,11,0.15384615384615385,0.0,0.0,1.0,0.15384615384615385,0.8461538461538461
"G[1,1](((HCO3 <= 9.703 & Calcium <= 2.040) & Magnesium >= 0.231) | Hct >= 0.056)
",-0.056,-0.056,0.000,1.000,0.000,1,0,0,12,13,0,1,12,0.07692307692307693,0.0,0.0,1.0,0.07692307692307693,0.9230769230769231
"G[0,1](((Temp >= 0.884 | Potassium >= 0.031) & HR >= 0.035) | Magnesium >= 0.056)
",9999999.000,9999999.000,0.000,1.000,0.000,1,0,0,12,13,0,1,12,0.07692307692307693,0.0,0.0,1.0,0.07692307692307693,0.9230769230769231
"G[1,1]((Resp <= 14.264 & Creatinine >= 0.007) | Platelets >= 0.015)
",-8366205863510865.000,-0.007,0.000,1.000,0.000,1,0,0,12,13,0,1,12,0.07692307692307693,0.0,0.0,1.0,0.07692307692307693,0.9230769230769231
"G[1,1](((PaCO2 >= 0.000 -> HR <= 56.143) -> EtCO2 >= 53.638) & Chloride >= 25.523)
",-7184214508437446.000,-25.523,0.000,1.000,0.000,1,0,0,12,13,0,1,12,0.07692307692307693,0.0,0.0,1.0,0.07692307692307693,0.9230769230769231
"G[1,1]((HCO3 >= 0.858 & BUN >= 0.524) & SaO2 <= 9.512)
",-3863121423658997.500,-0.858,0.000,1.000,0.000,1,0,0,12,13,0,1,12,0.07692307692307693,0.0,0.0,1.0,0.07692307692307693,0.9230769230769231
"G[1,1](Chloride >= 0.350 & HCO3 >= 0.516)
",-4650517025985950.000,-0.516,0.000,1.000,0.000,1,0,0,12,13,0,1,12,0.07692307692307693,0.0,0.0,1.0,0.07692307692307693,0.9230769230769231
"G[1,1](((Hgb <= 3.832 | Hct <= 9.459) -> WBC >= 0.191) & Platelets >= 0.863)
",-9.459,-9.459,0.000,1.000,0.000,1,0,0,12,13,0,1,12,0.07692307692307693,0.0,0.0,1.0,0.07692307692307693,0.9230769230769231
"G[1,1]((Platelets >= 2.621 -> Temp <= 31.075) -> WBC >= 0.790)
",7119059472053537.000,0.790,0.000,1.000,0.000,1,0,0,12,13,0,1,12,0.07692307692307693,0.0,0.0,1.0,0.07692307692307693,0.9230769230769231
"G[1,1](Platelets <= 183.406 -> WBC >= 0.030)
",-183.406,-183.406,0.000,1.000,0.000,1,0,0,12,13,0,1,12,0.07692307692307693,0.0,0.0,1.0,0.07692307692307693,0.9230769230769231
"G[1,1](Platelets <= 197.231 -> WBC >= 0.077)
",-6939450912891238.000,-197.231,0.000,1.000,0.000,1,0,0,12,13,0,1,12,0.07692307692307693,0.0,0.0,1.0,0.07692307692307693,0.9230769230769231
"G[1,1](Creatinine >= 0.010 | Glucose >= 5.503)
",-6043883966586943.000,-0.010,0.000,1.000,0.000,1,0,0,12,13,0,1,12,0.07692307692307693,0.0,0.0,1.0,0.07692307692307693,0.9230769230769231
"G[0,2](HCO3 <= 2.463 & Fibrinogen <= 0.000)
",9999999.000,9999999.000,0.000,1.000,0.000,0,0,12,1,1,12,12,1,0.0,0.0,1.0,0.0,0.0,1.0
"G[0,2](BUN <= 4.931 & Creatinine >= 0.001)
",9999999.000,9999999.000,0.000,1.000,0.000,0,0,0,13,13,0,0,13,0.0,0.0,0.0,0.0,0.0,1.0
"G[1,2](((Temp >= 3.102 -> MAP <= 56.330) & Phosphate >= 5.660) | Resp <= 67.530)
",9999999.000,9999999.000,0.000,1.000,0.000,0,0,13,0,0,13,13,0,0.0,0.0,1.0,0.0,0.0,1.0
"G[0,1](Chloride >= 3.279 & HCO3 >= 0.782)
",9999999.000,9999999.000,0.000,1.000,0.000,0,0,0,13,13,0,0,13,0.0,0.0,0.0,0.0,0.0,1.0
"G[0,2]((AST <= 0.000 -> Creatinine >= 0.014) & Glucose <= 0.491)
",9999999.000,9999999.000,0.000,1.000,0.000,0,0,0,13,13,0,0,13,0.0,0.0,0.0,0.0,0.0,1.0
"G[2,2]((Chloride <= 63.636 & PaCO2 >= 0.000) -> PTT <= 0.000)
",0.000,0.000,0.000,1.000,0.000,0,0,13,0,0,13,13,0,0.0,0.0,1.0,0.0,0.0,1.0
"G[0,2]((Hgb >= 0.141 -> TroponinI <= 0.000) -> AST <= 0.000)
",9999999.000,9999999.000,0.000,1.000,0.000,0,0,13,0,0,13,13,0,0.0,0.0,1.0,0.0,0.0,1.0
"G[0,1]((Resp <= 16.404 & Magnesium >= 0.057) | TroponinI >= 0.012)
",9999999.000,9999999.000,0.000,1.000,0.000,0,0,0,13,13,0,0,13,0.0,0.0,0.0,0.0,0.0,1.0
"G[0,1](((Hgb <= 3.872 | Hct <= 23.148) -> WBC >= 0.037) & Platelets >= 0.991)
",9999999.000,9999999.000,0.000,1.000,0.000,0,0,0,13,13,0,0,13,0.0,0.0,0.0,0.0,0.0,1.0
"G[2,2]((Alkalinephos >= 0.000 | Alkalinephos <= 0.000) & Hgb <= 0.000)
",0.000,0.000,0.000,1.000,0.000,0,0,13,0,0,13,13,0,0.0,0.0,1.0,0.0,0.0,1.0
"G[0,2](((BUN <= 3.288 | BaseExcess <= 0.000) & Platelets <= 0.000) & MAP <= 0.000)
",9999999.000,9999999.000,0.000,1.000,0.000,0,0,2,11,11,2,2,11,0.0,0.0,1.0,0.0,0.0,1.0
"G[0,2](((MAP >= 33.055 | HCO3 >= 0.643) | Creatinine <= 15.037) -> BUN >= 0.626)
",9999999.000,9999999.000,0.000,1.000,0.000,0,0,0,13,13,0,0,13,0.0,0.0,0.0,0.0,0.0,1.0
"G[0,2](Platelets <= 54.702 -> WBC >= 0.180)
",9999999.000,9999999.000,0.000,1.000,0.000,0,0,0,13,13,0,0,13,0.0,0.0,0.0,0.0,0.0,1.0
"G[0,0](Chloride >= 2.934 & HCO3 >= 0.492)
",-2.934,-2.934,0.000,1.000,0.000,0,0,0,13,13,0,0,13,0.0,0.0,0.0,0.0,0.0,1.0
"G[2,2](((EtCO2 <= 0.000 | FiO2 <= 0.000) -> MAP <= 0.000) | BaseExcess <= 0.000)
",0.000,0.000,0.000,1.000,0.000,0,0,13,0,0,13,13,0,0.0,0.0,1.0,0.0,0.0,1.0
"G[1,2](BUN <= 7.618 & Creatinine >= 0.023)
",9999999.000,9999999.000,0.000,1.000,0.000,0,0,0,13,13,0,0,13,0.0,0.0,0.0,0.0,0.0,1.0
"G[0,2](O2Sat <= 98.020 -> SepsisLabel >= 0.000)
",9999999.000,9999999.000,0.000,1.000,0.000,0,0,13,0,0,13,13,0,0.0,0.0,1.0,0.0,0.0,1.0
"G[0,1](Chloride >= 1.664 | Calcium >= 0.138)
",9999999.000,9999999.000,0.000,1.000,0.000,0,0,0,13,13,0,0,13,0.0,0.0,0.0,0.0,0.0,1.0
"G[0,1](((Hgb <= 7.610 | Hct <= 18.978) -> WBC >= 0.042) & Platelets >= 2.610)
",9999999.000,9999999.000,0.000,1.000,0.000,0,0,0,13,13,0,0,13,0.0,0.0,0.0,0.0,0.0,1.0
"G[1,2](Platelets <= 42.508 -> WBC >= 0.253)
",9999999.000,9999999.000,0.000,1.000,0.000,0,0,1,12,12,1,1,12,0.0,0.0,1.0,0.0,0.0,1.0
"G[1,2](((Hgb <= 7.894 | Hct <= 7.157) -> WBC >= 0.020) & Platelets >= 5.035)
",9999999.000,9999999.000,0.000,1.000,0.000,0,0,1,12,12,1,1,12,0.0,0.0,1.0,0.0,0.0,1.0
"G[0,1](((Lactate <= 0.000 & Calcium <= 0.451) & SBP <= 0.377) & Bilirubin_total >= 0.276)
",9999999.000,9999999.000,0.000,1.000,0.000,0,0,0,13,13,0,0,13,0.0,0.0,0.0,0.0,0.0,1.0
"G[2,2](Platelets <= 11.877 -> WBC >= 0.149)
",-11.877,-11.877,0.000,1.000,0.000,0,0,13,0,0,13,13,0,0.0,0.0,1.0,0.0,0.0,1.0
"G[1,2]((SaO2 >= 0.000 | Lactate >= 0.000) -> Resp >= 0.000)
",9999999.000,9999999.000,0.000,1.000,0.000,0,0,13,0,0,13,13,0,0.0,0.0,1.0,0.0,0.0,1.0
"G[1,1](AST < 0.000 & SepsisLabel = 0.000)
",0.000,0.000,0.000,1.000,0.000,0,0,0,13,13,0,0,13,0.0,0.0,0.0,0.0,0.0,1.0
"G[2,2](BUN <= 11.376 & Creatinine >= 0.021)
",-0.021,-0.021,0.000,1.000,0.000,0,0,13,0,0,13,13,0,0.0,0.0,1.0,0.0,0.0,1.0
"G[2,2]((AST >= 0.000 & Magnesium >= 0.038) -> BUN >= 0.002)
",0.002,0.002,0.000,1.000,0.000,0,0,13,0,0,13,13,0,0.0,0.0,1.0,0.0,0.0,1.0
"G[1,2](((Hgb <= 2.803 | Hct <= 10.701) -> WBC >= 0.149) & Platelets >= 4.069)
",9999999.000,9999999.000,0.000,1.000,0.000,0,0,1,12,12,1,1,12,0.0,0.0,1.0,0.0,0.0,1.0
"G[0,2]((BaseExcess <= 0.000 & Phosphate >= 0.010) | Resp <= 0.827)
",9999999.000,9999999.000,0.000,1.000,0.000,0,0,2,11,11,2,2,11,0.0,0.0,1.0,0.0,0.0,1.0
"G[0,1](Chloride >= 1.018 & HCO3 >= 0.099)
",9999999.000,9999999.000,0.000,1.000,0.000,0,0,0,13,13,0,0,13,0.0,0.0,0.0,0.0,0.0,1.0
"G[1,2](BaseExcess >= 0.000 & Alkalinephos <= 0.000)
",9999999.000,9999999.000,0.000,1.000,0.000,0,0,13,0,0,13,13,0,0.0,0.0,1.0,0.0,0.0,1.0
"G[0,2](BUN <= 11.458 & Creatinine >= 0.014)
",9999999.000,9999999.000,0.000,1.000,0.000,0,0,0,13,13,0,0,13,0.0,0.0,0.0,0.0,0.0,1.0
"G[0,2](((Platelets >= 3.438 & BUN <= 3.349) -> Bilirubin_direct >= 0.168) | Fibrinogen >= 0.142)
",9999999.000,9999999.000,0.000,1.000,0.000,0,0,13,0,0,13,13,0,0.0,0.0,1.0,0.0,0.0,1.0
"G[2,2](((Hgb <= 9.466 | Hct <= 12.105) -> WBC >= 0.130) & Platelets >= 6.268)
",-6814582835874929.000,-12.105,0.000,1.000,0.000,0,0,13,0,0,13,13,0,0.0,0.0,1.0,0.0,0.0,1.0
"G[0,2]((Resp <= 16.790 -> Resp >= 8.747) | Fibrinogen <= 10.731)
",9999999.000,9999999.000,0.000,1.000,0.000,0,0,13,0,0,13,13,0,0.0,0.0,1.0,0.0,0.0,1.0
"G[0,1](PaCO2 <= 0.000 -> Potassium >= 0.083)
",9999999.000,9999999.000,0.000,1.000,0.000,0,0,0,13,13,0,0,13,0.0,0.0,0.0,0.0,0.0,1.0
"G[1,2](Platelets <= 141.829 -> WBC >= 0.223)
",9999999.000,9999999.000,0.000,1.000,0.000,0,0,1,12,12,1,1,12,0.0,0.0,1.0,0.0,0.0,1.0
"G[0,2](Chloride >= 0.439 & HCO3 >= 0.945)
",9999999.000,9999999.000,0.000,1.000,0.000,0,0,0,13,13,0,0,13,0.0,0.0,0.0,0.0,0.0,1.0
"G[1,2](BUN <= 11.184 & Creatinine >= 0.008)
",9999999.000,9999999.000,0.000,1.000,0.000,0,0,0,13,13,0,0,13,0.0,0.0,0.0,0.0,0.0,1.0
"G[1,2](((WBC <= 0.990 | AST >= 0.000) & PTT >= 0.000) | Platelets <= 0.000)
",9999999.000,9999999.000,0.000,1.000,0.000,0,0,13,0,0,13,13,0,0.0,0.0,1.0,0.0,0.0,1.0
"G[1,2]((TroponinI <= 0.000 & Hgb <= 5.945) -> Bilirubin_direct <= 9.574)
",9999999.000,9999999.000,0.000,1.000,0.000,0,0,13,0,0,13,13,0,0.0,0.0,1.0,0.0,0.0,1.0
"G[1,2]((EtCO2 >= 0.000 -> SBP >= 44.400) & AST <= 117.668)
",9999999.000,9999999.000,0.000,1.000,0.000,0,0,10,3,3,10,10,3,0.0,0.0,1.0,0.0,0.0,1.0
"G[1,2]((PTT <= 0.000 -> Phosphate >= 0.083) | Bilirubin_total <= 1.476)
",9999999.000,9999999.000,0.000,1.000,0.000,0,0,13,0,0,13,13,0,0.0,0.0,1.0,0.0,0.0,1.0
"G[1,2]((Magnesium >= 0.038 -> Fibrinogen <= 0.000) | Calcium <= 0.000)
",9999999.000,9999999.000,0.000,1.000,0.000,0,0,13,0,0,13,13,0,0.0,0.0,1.0,0.0,0.0,1.0
"G[1,2](Creatinine >= 0.009 -> Alkalinephos >= 0.000)
",9999999.000,9999999.000,0.000,1.000,0.000,0,0,13,0,0,13,13,0,0.0,0.0,1.0,0.0,0.0,1.0
"G[1,2](Alkalinephos < 0.000 -> SepsisLabel = 0.000)
",9999999.000,9999999.000,0.000,1.000,0.000,0,0,13,0,0,13,13,0,0.0,0.0,1.0,0.0,0.0,1.0
"G[2,2](Platelets >= 4.889 | Lactate >= 0.000)
",0.000,0.000,0.000,1.000,0.000,0,0,13,0,0,13,13,0,0.0,0.0,1.0,0.0,0.0,1.0
"G[0,2](Chloride >= 3.131 & HCO3 >= 0.727)
",9999999.000,9999999.000,0.000,1.000,0.000,0,0,0,13,13,0,0,13,0.0,0.0,0.0,0.0,0.0,1.0
"G[2,2]((Resp <= 11.649 | Magnesium >= 0.045) | BaseExcess <= 1.610)
",11.649,11.649,0.000,1.000,0.000,0,0,13,0,0,13,13,0,0.0,0.0,1.0,0.0,0.0,1.0
"G[1,2](BUN <= 12.035 & Creatinine >= 0.003)
",9999999.000,9999999.000,0.000,1.000,0.000,0,0,0,13,13,0,0,13,0.0,0.0,0.0,0.0,0.0,1.0
"G[1,2](SaO2 >= 0.000 & HCO3 >= 0.057)
",9999999.000,9999999.000,0.000,1.000,0.000,0,0,1,12,12,1,1,12,0.0,0.0,1.0,0.0,0.0,1.0
"G[2,2]((Bilirubin_direct <= 0.000 | DBP <= 0.000) & Fibrinogen <= 0.000)
",0.000,0.000,0.000,1.000,0.000,0,0,13,0,0,13,13,0,0.0,0.0,1.0,0.0,0.0,1.0
"G[0,2](Temp >= 5.495 & EtCO2 <= 0.000)
",9999999.000,9999999.000,0.000,1.000,0.000,0,0,0,13,13,0,0,13,0.0,0.0,0.0,0.0,0.0,1.0
"G[2,2](((Platelets <= 58.666 -> Hgb >= 0.022) & PaCO2 >= 0.004) -> EtCO2 >= 0.391)
",7036765429474457.000,0.391,0.000,1.000,0.000,0,0,13,0,0,13,13,0,0.0,0.0,1.0,0.0,0.0,1.0
"G[2,2](((Hgb <= 2.734 | Hct <= 16.169) -> WBC >= 0.244) & Platelets >= 2.557)
",-16.169,-16.169,0.000,1.000,0.000,0,0,13,0,0,13,13,0,0.0,0.0,1.0,0.0,0.0,1.0
"G[0,0](Platelets <= 97.429 -> WBC >= 0.233)
",-3427987062783249.000,-97.429,0.000,1.000,0.000,0,0,0,13,13,0,0,13,0.0,0.0,0.0,0.0,0.0,1.0
"G[0,2](((O2Sat <= 95.512 | BaseExcess >= 0.000) | EtCO2 <= 0.000) & Phosphate >= 0.000)
",9999999.000,9999999.000,0.000,1.000,0.000,0,0,13,0,0,13,13,0,0.0,0.0,1.0,0.0,0.0,1.0
"G[0,2](((HCO3 >= 0.425 -> Magnesium >= 0.061) & Temp <= 0.887) & MAP >= 0.016)
",9999999.000,9999999.000,0.000,1.000,0.000,0,0,4,9,9,4,4,9,0.0,0.0,1.0,0.0,0.0,1.0
"G[0,2](Chloride >= 0.853 & HCO3 >= 0.392)
",9999999.000,9999999.000,0.000,1.000,0.000,0,0,0,13,13,0,0,13,0.0,0.0,0.0,0.0,0.0,1.0
"G[2,2]((Fibrinogen >= 0.000 | Calcium <= 3.247) -> Magnesium >= 0.220)
",-3655289565312447.500,-3.247,0.000,1.000,0.000,0,0,13,0,0,13,13,0,0.0,0.0,1.0,0.0,0.0,1.0
"G[2,2]((Temp >= 1.460 | O2Sat <= 72.821) | Creatinine <= 87.027)
",87.027,87.027,0.000,1.000,0.000,0,0,13,0,0,13,13,0,0.0,0.0,1.0,0.0,0.0,1.0
"G[0,2](BUN <= 7.589 & Creatinine >= 0.004)
",9999999.000,9999999.000,0.000,1.000,0.000,0,0,0,13,13,0,0,13,0.0,0.0,0.0,0.0,0.0,1.0
"G[1,2](((Hgb <= 7.252 | Hct <= 25.965) -> WBC >= 0.034) & Platelets >= 7.649)
",9999999.000,9999999.000,0.000,1.000,0.000,0,0,1,12,12,1,1,12,0.0,0.0,1.0,0.0,0.0,1.0
"G[2,2](BUN <= 8.095 & Hgb >= 0.401)
",-7226480765228623.000,-0.401,0.000,1.000,0.000,0,0,13,0,0,13,13,0,0.0,0.0,1.0,0.0,0.0,1.0
"G[1,2]((HCO3 >= 0.775 -> BUN <= 5.558) & WBC >= 0.503)
",9999999.000,9999999.000,0.000,1.000,0.000,0,0,0,13,13,0,0,13,0.0,0.0,0.0,0.0,0.0,1.0
"G[2,2](Platelets <= 123.119 -> WBC >= 0.247)
",-4331857262757264.500,-123.119,0.000,1.000,0.000,0,0,13,0,0,13,13,0,0.0,0.0,1.0,0.0,0.0,1.0
"G[0,2](((Resp <= 16.725 -> Resp >= 1.816) | Potassium <= 14.199) -> pH <= 11.755)
",9999999.000,9999999.000,0.000,1.000,0.000,0,0,13,0,0,13,13,0,0.0,0.0,1.0,0.0,0.0,1.0
"G[1,2]((PTT <= 0.000 & WBC >= 0.013) & WBC >= 0.095)
",9999999.000,9999999.000,0.000,1.000,0.000,0,0,1,12,12,1,1,12,0.0,0.0,1.0,0.0,0.0,1.0
"G[1,2](BUN <= 14.871 & Creatinine >= 0.016)
",9999999.000,9999999.000,0.000,1.000,0.000,0,0,0,13,13,0,0,13,0.0,0.0,0.0,0.0,0.0,1.0
"G[1,2](Fibrinogen >= 0.000 -> HR >= 54.759)
",9999999.000,9999999.000,0.000,1.000,0.000,0,0,10,3,3,10,10,3,0.0,0.0,1.0,0.0,0.0,1.0
"G[0,0](Chloride >= 3.747 & HCO3 >= 0.242)
",-8438139268146785.000,-3.747,0.000,1.000,0.000,0,0,0,13,13,0,0,13,0.0,0.0,0.0,0.0,0.0,1.0
"G[0,0]((SBP <= 117.192 | SBP >= 69.286) -> Magnesium >= 74.572)
",-7.037,-108.730,0.000,1.000,0.000,0,0,0,13,13,0,0,13,0.0,0.0,0.0,0.0,0.0,1.0
"G[0,2]((Fibrinogen >= 0.000 | Resp >= 0.292) -> Potassium <= 13.746)
",9999999.000,9999999.000,0.000,1.000,0.000,0,0,13,0,0,13,13,0,0.0,0.0,1.0,0.0,0.0,1.0
"G[2,2](BUN <= 4.849 & Creatinine >= 0.005)
",-5783454894973198.000,-0.005,0.000,1.000,0.000,0,0,13,0,0,13,13,0,0.0,0.0,1.0,0.0,0.0,1.0
"G[0,1](((Hgb <= 1.807 | Hct <= 25.322) -> WBC >= 0.200) & Platelets >= 1.739)
",9999999.000,9999999.000,0.000,1.000,0.000,0,0,0,13,13,0,0,13,0.0,0.0,0.0,0.0,0.0,1.0
"G[2,2](Hct <= 3.054 -> DBP >= 0.000)
",-6877574184443231.000,-3.054,0.000,1.000,0.000,0,0,13,0,0,13,13,0,0.0,0.0,1.0,0.0,0.0,1.0
"G[1,2](Chloride >= 2.429 & HCO3 >= 0.207)
",9999999.000,9999999.000,0.000,1.000,0.000,0,0,1,12,12,1,1,12,0.0,0.0,1.0,0.0,0.0,1.0
"G[0,2](((Hgb <= 1.248 | Hct <= 26.337) -> WBC >= 0.112) & Platelets >= 1.088)
",9999999.000,9999999.000,0.000,1.000,0.000,0,0,0,13,13,0,0,13,0.0,0.0,0.0,0.0,0.0,1.0
"G[0,1](BUN <= 0.877 & Creatinine >= 0.014)
",9999999.000,9999999.000,0.000,1.000,0.000,0,0,0,13,13,0,0,13,0.0,0.0,0.0,0.0,0.0,1.0
"G[0,0](Platelets <= 138.753 -> WBC >= 0.204)
",-138.753,-138.753,0.000,1.000,0.000,0,0,0,13,13,0,0,13,0.0,0.0,0.0,0.0,0.0,1.0
"G[0,2](Chloride >= 3.554 & HCO3 >= 0.096)
",9999999.000,9999999.000,0.000,1.000,0.000,0,0,0,13,13,0,0,13,0.0,0.0,0.0,0.0,0.0,1.0
"G[0,2]((Bilirubin_direct <= 0.000 & Creatinine >= 0.023) | MAP >= 0.009)
",9999999.000,9999999.000,0.000,1.000,0.000,0,0,8,5,5,8,8,5,0.0,0.0,1.0,0.0,0.0,1.0
"G[0,2](((pH <= 0.000 | Bilirubin_direct >= 0.000) -> AST <= 0.000) -> BaseExcess >= 0.000)
",9999999.000,9999999.000,0.000,1.000,0.000,0,0,13,0,0,13,13,0,0.0,0.0,1.0,0.0,0.0,1.0
"G[1,2]((BUN >= 0.308 | SaO2 <= 0.000) & Phosphate >= 0.000)
",9999999.000,9999999.000,0.000,1.000,0.000,0,0,13,0,0,13,13,0,0.0,0.0,1.0,0.0,0.0,1.0
"G[0,2]((Hgb >= 0.149 -> Bilirubin_direct >= 0.000) -> pH >= 0.000)
",9999999.000,9999999.000,0.000,1.000,0.000,0,0,13,0,0,13,13,0,0.0,0.0,1.0,0.0,0.0,1.0
"G[1,2]((WBC <= 1.041 -> Potassium >= 0.002) | Chloride <= 0.981)
",9999999.000,9999999.000,0.000,1.000,0.000,0,0,13,0,0,13,13,0,0.0,0.0,1.0,0.0,0.0,1.0
"G[2,2]((Resp <= 16.966 & MAP <= 57.545) -> AST <= 66.239)
",-66.239,-66.239,0.000,1.000,0.000,0,0,13,0,0,13,13,0,0.0,0.0,1.0,0.0,0.0,1.0
"G[0,2]((Magnesium <= 0.770 & Platelets <= 78.024) -> DBP <= 159.254)
",9999999.000,9999999.000,0.000,1.000,0.000,0,0,13,0,0,13,13,0,0.0,0.0,1.0,0.0,0.0,1.0
"G[1,2](((EtCO2 >= 0.000 & AST >= 0.000) -> Phosphate >= 0.000) | Hgb <= 0.000)
",9999999.000,9999999.000,0.000,1.000,0.000,0,0,13,0,0,13,13,0,0.0,0.0,1.0,0.0,0.0,1.0
"G[0,2](((SepsisLabel <= 0.000 | Phosphate <= 3.085) | SepsisLabel >= 0.117) & EtCO2 <= 0.839)
",9999999.000,9999999.000,0.000,1.000,0.000,0,0,13,0,0,13,13,0,0.0,0.0,1.0,0.0,0.0,1.0
"G[1,2](((HR >= 40.059 & Hct >= 0.422) -> FiO2 >= 0.612) -> Resp >= 0.221)
",9999999.000,9999999.000,0.000,1.000,0.000,0,0,10,3,3,10,10,3,0.0,0.0,1.0,0.0,0.0,1.0
"G[1,2](Calcium <= 4.442 | Temp >= 0.260)
",9999999.000,9999999.000,0.000,1.000,0.000,0,0,12,1,1,12,12,1,0.0,0.0,1.0,0.0,0.0,1.0
"G[1,2](((Phosphate >= 0.060 -> Temp >= 1.908) -> PTT <= 8.144) -> Temp <= 29.148)
",9999999.000,9999999.000,0.000,1.000,0.000,0,0,11,2,2,11,11,2,0.0,0.0,1.0,0.0,0.0,1.0
"G[0,2](SaO2 >= 0.000 -> Platelets >= 1.104)
",9999999.000,9999999.000,0.000,1.000,0.000,0,0,0,13,13,0,0,13,0.0,0.0,0.0,0.0,0.0,1.0
"G[0,1](Fibrinogen >= 0.000 & BUN >= 0.276)
",9999999.000,9999999.000,0.000,1.000,0.000,0,0,0,13,13,0,0,13,0.0,0.0,0.0,0.0,0.0,1.0
"G[2,2]((Chloride >= 3.267 & WBC <= 5.943) -> Alkalinephos >= 0.108)
",7779982221580587.000,0.108,0.000,1.000,0.000,0,0,13,0,0,13,13,0,0.0,0.0,1.0,0.0,0.0,1.0
"G[1,2]((Platelets >= 3.352 & PTT >= 0.000) -> Alkalinephos <= 0.000)
",9999999.000,9999999.000,0.000,1.000,0.000,0,0,13,0,0,13,13,0,0.0,0.0,1.0,0.0,0.0,1.0
"G[1,2]((Glucose >= 0.599 & O2Sat >= 58.842) & Creatinine <= 75.003)
",9999999.000,9999999.000,0.000,1.000,0.000,0,0,1,12,12,1,1,12,0.0,0.0,1.0,0.0,0.0,1.0
"G[0,2](((Magnesium <= 1.456 -> SBP <= 103.852) | FiO2 >= 3.852) | HCO3 >= 43.026)
",9999999.000,9999999.000,0.000,1.000,0.000,0,0,7,6,6,7,7,6,0.0,0.0,1.0,0.0,0.0,1.0
"G[1,2]((Alkalinephos <= 0.000 | Calcium >= 0.272) & Bilirubin_total <= 4.390)
",9999999.000,9999999.000,0.000,1.000,0.000,0,0,13,0,0,13,13,0,0.0,0.0,1.0,0.0,0.0,1.0
"G[1,2](((MAP <= 70.245 & TroponinI >= 0.000) -> Calcium >= 0.000) & Temp <= 0.000)
",9999999.000,9999999.000,0.000,1.000,0.000,0,0,11,2,2,11,11,2,0.0,0.0,1.0,0.0,0.0,1.0
"G[0,2](((HR <= 57.249 | SaO2 <= 0.000) | Platelets >= 0.000) -> Hgb <= 0.000)
",9999999.000,9999999.000,0.000,1.000,0.000,0,0,12,1,1,12,12,1,0.0,0.0,1.0,0.0,0.0,1.0
"G[2,2](((SepsisLabel >= 0.000 & DBP <= 0.000) | Potassium <= 0.000) & Hgb <= 0.000)
",0.000,0.000,0.000,1.000,0.000,0,0,13,0,0,13,13,0,0.0,0.0,1.0,0.0,0.0,1.0
"G[0,0]((HR <= 60.726 & Temp >= 5.479) & Glucose >= 0.973)
",-5978195289979826.000,-10874.274,0.000,1.000,0.000,0,0,0,13,13,0,0,13,0.0,0.0,0.0,0.0,0.0,1.0
"G[0,2](((DBP >= 0.000 & TroponinI <= 0.000) -> Magnesium >= 0.000) | PTT >= 0.000)
",9999999.000,9999999.000,0.000,1.000,0.000,0,0,13,0,0,13,13,0,0.0,0.0,1.0,0.0,0.0,1.0
"G[1,2](((Platelets >= 2.901 | Bilirubin_total >= 0.000) | HR <= 0.000) | HCO3 >= 0.000)
",9999999.000,9999999.000,0.000,1.000,0.000,0,0,13,0,0,13,13,0,0.0,0.0,1.0,0.0,0.0,1.0
"G[2,2]((SBP <= 92.119 -> Temp <= 25.887) & Temp >= 4.334)
",-3241150660888745.000,-92.119,0.000,1.000,0.000,0,0,13,0,0,13,13,0,0.0,0.0,1.0,0.0,0.0,1.0
"G[2,2]((O2Sat <= 81.805 & Temp >= 0.593) -> Hgb >= 6.245)
",0.593,0.593,0.000,1.000,0.000,0,0,13,0,0,13,13,0,0.0,0.0,1.0,0.0,0.0,1.0
"G[0,2](Platelets <= 100.352 -> WBC >= 0.091)
",9999999.000,9999999.000,0.000,1.000,0.000,0,0,0,13,13,0,0,13,0.0,0.0,0.0,0.0,0.0,1.0
"G[1,2]((Bilirubin_total <= 0.000 -> TroponinI >= 0.000) -> SaO2 >= 0.000)
",9999999.000,9999999.000,0.000,1.000,0.000,0,0,13,0,0,13,13,0,0.0,0.0,1.0,0.0,0.0,1.0
"G[2,2](Alkalinephos >= 0.000 -> Resp >= 4.398)
",0.000,0.000,0.000,1.000,0.000,0,0,13,0,0,13,13,0,0.0,0.0,1.0,0.0,0.0,1.0
"G[1,2](((Creatinine <= 0.269 -> PTT >= 0.000) -> Phosphate <= 0.000) -> Temp <= 0.000)
",9999999.000,9999999.000,0.000,1.000,0.000,0,0,11,2,2,11,11,2,0.0,0.0,1.0,0.0,0.0,1.0
"G[0,2]((Glucose >= 1.216 | Creatinine <= 0.096) -> PaCO2 >= 0.003)
",9999999.000,9999999.000,0.000,1.000,0.000,0,0,0,13,13,0,0,13,0.0,0.0,0.0,0.0,0.0,1.0
"G[2,2](((Bilirubin_direct <= 0.000 & Bilirubin_direct <= 0.000) & Alkalinephos <= 0.000) & FiO2 <= 0.000)
",0.000,0.000,0.000,1.000,0.000,0,0,13,0,0,13,13,0,0.0,0.0,1.0,0.0,0.0,1.0
"G[0,2](O2Sat <= 76.252 & Hct <= 9.202)
",9999999.000,9999999.000,0.000,1.000,0.000,0,0,2,11,11,2,2,11,0.0,0.0,1.0,0.0,0.0,1.0
"G[0,1](Hgb >= 0.350 & Hgb <= 0.766)
",9999999.000,9999999.000,0.000,1.000,0.000,0,0,0,13,13,0,0,13,0.0,0.0,0.0,0.0,0.0,1.0
"G[0,2]((Hct <= 29.316 & Platelets <= 248.442) -> O2Sat >= 9.542)
",9999999.000,9999999.000,0.000,1.000,0.000,0,0,8,5,5,8,8,5,0.0,0.0,1.0,0.0,0.0,1.0
"G[0,2]((Alkalinephos <= 0.000 | pH <= 0.000) & Potassium >= 0.000)
",9999999.000,9999999.000,0.000,1.000,0.000,0,0,13,0,0,13,13,0,0.0,0.0,1.0,0.0,0.0,1.0
"G[0,2]((Platelets >= 0.334 & Alkalinephos <= 0.000) & SaO2 >= 0.000)
",9999999.000,9999999.000,0.000,1.000,0.000,0,0,0,13,13,0,0,13,0.0,0.0,0.0,0.0,0.0,1.0
"G[0,2]((Temp <= 26.974 | Temp >= 5.189) & HR <= 27.928)
",9999999.000,9999999.000,0.000,1.000,0.000,0,0,2,11,11,2,2,11,0.0,0.0,1.0,0.0,0.0,1.0
"G[0,2](((HCO3 <= 17.139 -> WBC >= 0.082) & PTT >= 0.166) -> Magnesium <= 5.957)
",9999999.000,9999999.000,0.000,1.000,0.000,0,0,13,0,0,13,13,0,0.0,0.0,1.0,0.0,0.0,1.0
"G[1,2]((Alkalinephos <= 0.000 -> SBP >= 67.644) | Potassium >= 11.396)
",9999999.000,9999999.000,0.000,1.000,0.000,0,0,10,3,3,10,10,3,0.0,0.0,1.0,0.0,0.0,1.0
"G[0,1](((EtCO2 >= 0.000 | WBC <= 4.329) -> Alkalinephos >= 0.097) & Phosphate >= 0.005)
",9999999.000,9999999.000,0.000,1.000,0.000,0,0,0,13,13,0,0,13,0.0,0.0,0.0,0.0,0.0,1.0
"G[2,2]((SaO2 >= 0.000 | Potassium <= 3.234) -> Hgb >= 0.109)
",-3641495107545922.500,-3.234,0.000,1.000,0.000,0,0,13,0,0,13,13,0,0.0,0.0,1.0,0.0,0.0,1.0
"G[1,2]((Lactate >= 0.000 -> AST >= 0.000) -> Bilirubin_direct >= 0.000)
",9999999.000,9999999.000,0.000,1.000,0.000,0,0,13,0,0,13,13,0,0.0,0.0,1.0,0.0,0.0,1.0
"G[2,2]((MAP >= 9.905 & AST <= 0.000) | EtCO2 <= 0.000)
",0.000,0.000,0.000,1.000,0.000,0,0,13,0,0,13,13,0,0.0,0.0,1.0,0.0,0.0,1.0
"G[0,0](((DBP <= 0.000 & HR >= 13.574) & Calcium >= 41.667) & EtCO2 >= 14.397)
",-4.823,-65.000,0.000,1.000,0.000,0,0,0,13,13,0,0,13,0.0,0.0,0.0,0.0,0.0,1.0
"G[0,2](((Platelets >= 1.307 -> Resp >= 3.644) | DBP >= 4.985) -> MAP >= 5.122)
",9999999.000,9999999.000,0.000,1.000,0.000,0,0,8,5,5,8,8,5,0.0,0.0,1.0,0.0,0.0,1.0
"G[1,2]((BaseExcess <= 0.000 -> SepsisLabel >= 0.000) -> DBP <= 0.000)
",9999999.000,9999999.000,0.000,1.000,0.000,0,0,13,0,0,13,13,0,0.0,0.0,1.0,0.0,0.0,1.0
"G[0,2]((Hgb >= 0.416 | HR <= 77.584) -> HCO3 <= 83.329)
",9999999.000,9999999.000,0.000,1.000,0.000,0,0,13,0,0,13,13,0,0.0,0.0,1.0,0.0,0.0,1.0
"G[0,0]((Creatinine >= 0.025 & HR <= 84.592) | SepsisLabel >= 12.875)
",-7247898758917227.000,-12.875,0.000,1.000,0.000,0,0,0,13,13,0,0,13,0.0,0.0,0.0,0.0,0.0,1.0
"G[1,2](((Resp >= 1.928 -> PTT >= 0.000) -> TroponinI <= 0.000) | TroponinI >= 0.000)
",9999999.000,9999999.000,0.000,1.000,0.000,0,0,13,0,0,13,13,0,0.0,0.0,1.0,0.0,0.0,1.0
"G[1,2]((Temp <= 8.736 & O2Sat <= 72.701) -> Alkalinephos <= 88.194)
",9999999.000,9999999.000,0.000,1.000,0.000,0,0,13,0,0,13,13,0,0.0,0.0,1.0,0.0,0.0,1.0
"G[1,2](((Hgb <= 4.453 & Platelets >= 3.313) & SaO2 <= 240.154) & Temp <= 26.977)
",9999999.000,9999999.000,0.000,1.000,0.000,0,0,0,13,13,0,0,13,0.0,0.0,0.0,0.0,0.0,1.0
"G[1,2]((Resp >= 3.418 | SBP >= 64.287) | Alkalinephos <= 115.124)
",9999999.000,9999999.000,0.000,1.000,0.000,0,0,13,0,0,13,13,0,0.0,0.0,1.0,0.0,0.0,1.0
"G[1,2]((TroponinI <= 0.000 -> Hgb <= 5.121) | SepsisLabel >= 0.237)
",9999999.000,9999999.000,0.000,1.000,0.000,0,0,12,1,1,12,12,1,0.0,0.0,1.0,0.0,0.0,1.0
"G[2,2](MAP <= 55.050 & SepsisLabel = 0.000)
",0.000,0.000,0.000,1.000,0.000,0,0,13,0,0,13,13,0,0.0,0.0,1.0,0.0,0.0,1.0
"G[0,2](((TroponinI >= 0.000 -> HR >= 52.708) & Platelets <= 90.665) & Platelets >= 48.978)
",9999999.000,9999999.000,0.000,1.000,0.000,0,0,0,13,13,0,0,13,0.0,0.0,0.0,0.0,0.0,1.0
"G[1,2](Resp <= 15.842 & SepsisLabel = 0.000)
",9999999.000,9999999.000,0.000,1.000,0.000,0,0,10,3,3,10,10,3,0.0,0.0,1.0,0.0,0.0,1.0
"G[2,2](HR <= 79.857 -> SBP <= 102.506)
",-3606610365422783.500,-102.506,0.000,1.000,0.000,0,0,13,0,0,13,13,0,0.0,0.0,1.0,0.0,0.0,1.0
"G[1,2](Temp <= 22.398 -> SepsisLabel = 0.000)
",9999999.000,9999999.000,0.000,1.000,0.000,0,0,13,0,0,13,13,0,0.0,0.0,1.0,0.0,0.0,1.0
"G[1,2]((Calcium <= 2.731 -> Hgb <= 7.440) -> PaCO2 >= 0.415)
",9999999.000,9999999.000,0.000,1.000,0.000,0,0,0,13,13,0,0,13,0.0,0.0,0.0,0.0,0.0,1.0
"G[2,2](TroponinI >= 0.000 -> Creatinine >= 0.001)
",0.000,0.000,0.000,1.000,0.000,0,0,13,0,0,13,13,0,0.0,0.0,1.0,0.0,0.0,1.0
"G[0,2]((pH >= 0.000 -> O2Sat <= 80.200) & O2Sat <= 77.411)
",9999999.000,9999999.000,0.000,1.000,0.000,0,0,2,11,11,2,2,11,0.0,0.0,1.0,0.0,0.0,1.0
"G[2,2](Chloride >= 3.197 & DBP >= 0.000)
",-3.197,-3.197,0.000,1.000,0.000,0,0,13,0,0,13,13,0,0.0,0.0,1.0,0.0,0.0,1.0
"G[0,2](Creatinine >= 0.023 -> DBP >= 0.000)
",9999999.000,9999999.000,0.000,1.000,0.000,0,0,13,0,0,13,13,0,0.0,0.0,1.0,0.0,0.0,1.0
"G[0,2](Platelets <= 32.295 -> SepsisLabel = 0.000)
",9999999.000,9999999.000,0.000,1.000,0.000,0,0,13,0,0,13,13,0,0.0,0.0,1.0,0.0,0.0,1.0
"G[1,2](((Alkalinephos >= 0.000 & Bilirubin_total <= 0.000) & Resp >= 0.000) | SBP <= 0.000)
",9999999.000,9999999.000,0.000,1.000,0.000,0,0,13,0,0,13,13,0,0.0,0.0,1.0,0.0,0.0,1.0
"G[0,2](((Bilirubin_total <= 0.000 | EtCO2 <= 0.000) & Lactate >= 0.000) & BUN >= 0.000)
",9999999.000,9999999.000,0.000,1.000,0.000,0,0,13,0,0,13,13,0,0.0,0.0,1.0,0.0,0.0,1.0
"G[2,2](HCO3 >= 0.771 & SBP <= 88.519)
",-6945840492497889.000,-0.771,0.000,1.000,0.000,0,0,13,0,0,13,13,0,0.0,0.0,1.0,0.0,0.0,1.0
"G[0,2](Bilirubin_total <= 0.000 & SepsisLabel = 0.000)
",9999999.000,9999999.000,0.000,1.000,0.000,0,0,13,0,0,13,13,0,0.0,0.0,1.0,0.0,0.0,1.0
"G[1,2](AST > 0.000 -> SepsisLabel = 0.000)
",9999999.000,9999999.000,0.000,1.000,0.000,0,0,13,0,0,13,13,0,0.0,0.0,1.0,0.0,0.0,1.0
"G[0,2]((PaCO2 <= 0.000 -> Fibrinogen >= 0.000) | PaCO2 <= 0.000)
",9999999.000,9999999.000,0.000,1.000,0.000,0,0,13,0,0,13,13,0,0.0,0.0,1.0,0.0,0.0,1.0
"G[2,2]((PaCO2 >= 0.000 -> BaseExcess >= 0.000) & AST <= 0.000)
",0.000,0.000,0.000,1.000,0.000,0,0,13,0,0,13,13,0,0.0,0.0,1.0,0.0,0.0,1.0
"G[1,1]((SBP >= 16.110 | Calcium <= 3.756) & Fibrinogen >= 0.251)
",-0.251,-0.251,0.000,1.000,0.000,0,0,0,13,13,0,0,13,0.0,0.0,0.0,0.0,0.0,1.0
"G[0,2]((Glucose <= 111.645 | WBC >= 0.211) & EtCO2 >= 0.177)
",9999999.000,9999999.000,0.000,1.000,0.000,0,0,0,13,13,0,0,13,0.0,0.0,0.0,0.0,0.0,1.0
"G[2,2](Magnesium < 1.145 & SepsisLabel = 0.000)
",0.000,0.000,0.000,1.000,0.000,0,0,13,0,0,13,13,0,0.0,0.0,1.0,0.0,0.0,1.0
"G[1,2](((AST <= 0.000 -> WBC <= 1.943) & SepsisLabel <= 3.565) | Hgb >= 0.202)
",9999999.000,9999999.000,0.000,1.000,0.000,0,0,13,0,0,13,13,0,0.0,0.0,1.0,0.0,0.0,1.0
"G[1,2](((Bilirubin_total >= 0.000 & Fibrinogen <= 0.000) -> Fibrinogen <= 0.000) | Fibrinogen <= 0.000)
",9999999.000,9999999.000,0.000,1.000,0.000,0,0,13,0,0,13,13,0,0.0,0.0,1.0,0.0,0.0,1.0
"G[1,2](Magnesium > 0.059 -> SepsisLabel = 0.000)
",9999999.000,9999999.000,0.000,1.000,0.000,0,0,13,0,0,13,13,0,0.0,0.0,1.0,0.0,0.0,1.0
"G[0,2]((TroponinI >= 0.000 & DBP >= 0.000) & pH <= 0.000)
",9999999.000,9999999.000,0.000,1.000,0.000,0,0,13,0,0,13,13,0,0.0,0.0,1.0,0.0,0.0,1.0
"G[0,2](((HR >= 39.012 -> SBP >= 36.090) -> SBP >= 17.444) -> SaO2 >= 52.708)
",9999999.000,9999999.000,0.000,1.000,0.000,0,0,2,11,11,2,2,11,0.0,0.0,1.0,0.0,0.0,1.0
"G[1,2](HR >= 26.902 & MAP <= 63.209)
",9999999.000,9999999.000,0.000,1.000,0.000,0,0,0,13,13,0,0,13,0.0,0.0,0.0,0.0,0.0,1.0
"G[0,2]((MAP >= 41.301 & SBP <= 83.386) | Alkalinephos <= 96.899)
",9999999.000,9999999.000,0.000,1.000,0.000,0,0,13,0,0,13,13,0,0.0,0.0,1.0,0.0,0.0,1.0
"G[0,2]((Lactate <= 0.000 | BaseExcess >= 0.000) & Hct >= 0.000)
",9999999.000,9999999.000,0.000,1.000,0.000,0,0,13,0,0,13,13,0,0.0,0.0,1.0,0.0,0.0,1.0
"G[1,2]((PaCO2 <= 0.000 -> Hct >= 0.444) | AST >= 0.650)
",9999999.000,9999999.000,0.000,1.000,0.000,0,0,1,12,12,1,1,12,0.0,0.0,1.0,0.0,0.0,1.0
"G[1,2](((PaCO2 <= 0.000 -> Fibrinogen >= 0.000) -> Creatinine <= 0.000) | PTT <= 0.000)
",9999999.000,9999999.000,0.000,1.000,0.000,0,0,13,0,0,13,13,0,0.0,0.0,1.0,0.0,0.0,1.0
"G[2,2](((PaCO2 <= 0.000 & Potassium <= 1.838) -> Fibrinogen >= 0.006) -> SepsisLabel <= 0.507)
",-4568159640045911.000,-0.507,0.000,1.000,0.000,0,0,13,0,0,13,13,0,0.0,0.0,1.0,0.0,0.0,1.0
"G[1,2](O2Sat >= 43.478 -> SBP >= 28.588)
",9999999.000,9999999.000,0.000,1.000,0.000,0,0,13,0,0,13,13,0,0.0,0.0,1.0,0.0,0.0,1.0
"G[0,2](FiO2 >= 0.000 & pH <= 0.000)
",9999999.000,9999999.000,0.000,1.000,0.000,0,0,13,0,0,13,13,0,0.0,0.0,1.0,0.0,0.0,1.0
"G[0,2]((Temp >= 3.933 | FiO2 <= 0.000) | PTT <= 0.000)
",9999999.000,9999999.000,0.000,1.000,0.000,0,0,13,0,0,13,13,0,0.0,0.0,1.0,0.0,0.0,1.0
"G[0,1](Hct >= 0.472 & Platelets <= 137.091)
",9999999.000,9999999.000,0.000,1.000,0.000,0,0,0,13,13,0,0,13,0.0,0.0,0.0,0.0,0.0,1.0
"G[0,2](Creatinine <= 0.166 | Platelets <= 46.485)
",9999999.000,9999999.000,0.000,1.000,0.000,0,0,12,1,1,12,12,1,0.0,0.0,1.0,0.0,0.0,1.0
"G[1,2](((Magnesium >= 0.030 -> WBC <= 2.833) | Calcium >= 0.092) | FiO2 <= 2.638)
",9999999.000,9999999.000,0.000,1.000,0.000,0,0,13,0,0,13,13,0,0.0,0.0,1.0,0.0,0.0,1.0
"G[1,2]((Bilirubin_total >= 0.000 & AST <= 0.000) -> WBC >= 0.000)
",9999999.000,9999999.000,0.000,1.000,0.000,0,0,13,0,0,13,13,0,0.0,0.0,1.0,0.0,0.0,1.0
"G[2,2](FiO2 <= 0.000 -> SaO2 <= 0.000)
",0.000,0.000,0.000,1.000,0.000,0,0,13,0,0,13,13,0,0.0,0.0,1.0,0.0,0.0,1.0
"G[0,2](((pH >= 0.000 & TroponinI <= 0.000) | Hgb >= 0.000) & Phosphate >= 0.000)
",9999999.000,9999999.000,0.000,1.000,0.000,0,0,13,0,0,13,13,0,0.0,0.0,1.0,0.0,0.0,1.0
"G[2,2]((HCO3 <= 18.466 -> Potassium <= 2.581) & EtCO2 <= 2.688)
",-18.466,-18.466,0.000,1.000,0.000,0,0,13,0,0,13,13,0,0.0,0.0,1.0,0.0,0.0,1.0
"G[2,2](AST < 0.000 -> SepsisLabel = 0.000)
",0.000,0.000,0.000,1.000,0.000,0,0,13,0,0,13,13,0,0.0,0.0,1.0,0.0,0.0,1.0
"G[1,2]((Calcium >= 0.273 | FiO2 <= 0.000) | pH >= 0.000)
",9999999.000,9999999.000,0.000,1.000,0.000,0,0,13,0,0,13,13,0,0.0,0.0,1.0,0.0,0.0,1.0
