Rule,Discrimination Score,Pos Robustness,Neg Robustness,Percent Class +,Percent Class -,TP,TN,FP,FN,Actual Yes,Actual No,Predicted Yes,Predicted No,TPR/Sens,TNR/Spec,FPR,Precision,Accuracy,MCR,Class
"G[0,0]((BUN <= 21.393 & PaCO2 >= 4.506) -> pH >= 2.026)
",0.492,0.974,0.000,1.000,0.000,29,0,0,0,29,0,29,0,1.0,0.0,0.0,1.0,1.0175438596491229,-0.01754385964912286,1
"G[0,0]((Lactate >= 0.011 -> Resp >= 6.236) | WBC <= 26.494)
",3.762,25.205,0.000,1.000,0.000,29,0,0,0,29,0,29,0,1.0,0.0,0.0,1.0,1.0175438596491229,-0.01754385964912286,1
"F[0,0](((DBP <= 52.461 | HCO3 >= 1.112) | Creatinine <= 2.311) & BaseExcess >= 1.202)
",-1.850,-1.342,0.000,0.000,1.000,29,0,0,0,29,0,29,0,1.0,0.0,0.0,1.0,1.0175438596491229,-0.01754385964912286,-1
"F[0,0](((Hgb <= 5.988 & PTT >= 0.286) & MAP <= 24.721) & HR >= 0.909)
",-6.724,-81.904,0.000,0.000,1.000,29,0,0,0,29,0,29,0,1.0,0.0,0.0,1.0,1.0175438596491229,-0.01754385964912286,-1
"F[0,0]((FiO2 <= 0.296 -> Hgb >= 0.997) & TroponinI >= 0.948)
",-0.550,-5.979,0.000,0.000,1.000,29,0,0,0,29,0,29,0,1.0,0.0,0.0,1.0,1.0175438596491229,-0.01754385964912286,-1
"G[0,0](((Calcium >= 0.428 | Platelets >= 1.372) -> EtCO2 <= 26.834) -> PaCO2 <= 53.682)
",-17.342,-52.113,0.000,1.000,0.000,29,0,0,0,29,0,29,0,1.0,0.0,0.0,1.0,1.0175438596491229,-0.01754385964912286,1
"F[0,0]((Hct <= 20.385 & Temp >= 16.809) & Calcium >= 5.077)
",-1.596,-7.172,0.000,0.000,1.000,29,0,0,0,29,0,29,0,1.0,0.0,0.0,1.0,1.0175438596491229,-0.01754385964912286,-1
"G[0,0]((FiO2 <= 0.370 & EtCO2 >= 0.000) -> Magnesium >= 0.000)
",-1.918,-0.394,0.000,1.000,0.000,29,0,0,0,29,0,29,0,1.0,0.0,0.0,1.0,1.0175438596491229,-0.01754385964912286,1
"F[0,0]((Calcium <= 5.447 & Potassium <= 4.048) & Magnesium >= 0.002)
",0.112,0.003,0.000,0.000,1.000,29,0,0,0,29,0,29,0,1.0,0.0,0.0,1.0,1.0175438596491229,-0.01754385964912286,-1
"G[0,0]((Chloride >= 5.699 & Hgb <= 5.827) -> Temp >= 0.541)
",-2.127,-80.227,0.000,1.000,0.000,29,0,0,0,29,0,29,0,1.0,0.0,0.0,1.0,1.0175438596491229,-0.01754385964912286,1
"G[0,0]((Hct >= 0.782 | EtCO2 <= 0.000) -> SaO2 >= 0.000)
",-0.514,-9.179,0.000,1.000,0.000,29,0,0,0,29,0,29,0,1.0,0.0,0.0,1.0,1.0175438596491229,-0.01754385964912286,1
"G[0,0](((Lactate <= 0.509 -> Platelets <= 130.131) | WBC >= 4.505) | Alkalinephos >= 3.196)
",-0.035,-0.493,0.000,1.000,0.000,29,0,0,0,29,0,29,0,1.0,0.0,0.0,1.0,1.0175438596491229,-0.01754385964912286,1
"G[0,0]((BaseExcess >= -5.611 | Fibrinogen >= 8.445) | SepsisLabel <= 24.308)
",6.813,23.640,0.000,1.000,0.000,29,0,0,0,29,0,29,0,1.0,0.0,0.0,1.0,1.0175438596491229,-0.01754385964912286,1
"G[0,0](((TroponinI <= 0.000 & AST <= 0.000) & Hgb <= 0.000) -> Fibrinogen <= 0.000)
",0.192,0.325,0.000,1.000,0.000,29,0,0,0,29,0,29,0,1.0,0.0,0.0,1.0,1.0175438596491229,-0.01754385964912286,1
"G[0,0]((Calcium >= 0.267 -> HR >= 26.677) & Bilirubin_total <= 85.098)
",-11935.323,-11935.323,0.000,1.000,0.000,29,0,0,0,29,0,29,0,1.0,0.0,0.0,1.0,1.0175438596491229,-0.01754385964912286,1
"F[0,1](Creatinine >= 0.177 & Platelets <= 90.572)
",-9999999.000,-9999999.000,0.000,0.000,1.000,28,0,0,1,29,0,28,1,0.9655172413793104,0.0,0.0,1.0,0.9824561403508771,0.01754385964912286,-1
"G[0,1]((Resp <= 19.438 -> TroponinI >= 0.000) -> Potassium >= 0.000)
",9999999.000,9999999.000,0.000,1.000,0.000,28,0,1,0,28,1,29,0,1.0,0.0,1.0,0.9655172413793104,0.9824561403508771,0.01754385964912286,1
"G[1,1]((Bilirubin_total >= 0.000 & Bilirubin_total >= 0.000) | Temp >= 0.000)
",0.000,0.000,0.000,1.000,0.000,28,0,1,0,28,1,29,0,1.0,0.0,1.0,0.9655172413793104,0.9824561403508771,0.01754385964912286,1
"G[1,1]((PaCO2 <= 41.294 | SaO2 <= 82.386) | FiO2 <= 39.202)
",5797380857554751.000,82.386,0.000,1.000,0.000,28,0,1,0,28,1,29,0,1.0,0.0,1.0,0.9655172413793104,0.9824561403508771,0.01754385964912286,1
"F[0,1]((Calcium <= 7.368 & Potassium <= 1.129) & Magnesium >= 0.095)
",-9999999.000,-9999999.000,0.000,0.000,1.000,28,0,0,1,29,0,28,1,0.9655172413793104,0.0,0.0,1.0,0.9824561403508771,0.01754385964912286,-1
"F[1,1]((Calcium <= 5.527 & Potassium <= 2.859) & Magnesium >= 0.103)
",-7413739785333470.000,-0.103,0.000,0.000,1.000,28,0,0,1,29,0,28,1,0.9655172413793104,0.0,0.0,1.0,0.9824561403508771,0.01754385964912286,-1
"F[0,1](((AST >= 0.000 & SBP >= 74.805) & BUN >= 71.174) & FiO2 >= 78.425)
",-9999999.000,-9999999.000,0.000,0.000,1.000,28,0,0,1,29,0,28,1,0.9655172413793104,0.0,0.0,1.0,0.9824561403508771,0.01754385964912286,-1
"G[1,1](Lactate <= 0.157 | MAP >= 2.699)
",5655998578640509.000,0.157,0.000,1.000,0.000,28,0,1,0,28,1,29,0,1.0,0.0,1.0,0.9655172413793104,0.9824561403508771,0.01754385964912286,1
"F[1,1](((Lactate >= 0.006 & SBP >= 41.265) & BaseExcess >= 41.304) & Hct <= 125.512)
",-5813084223004662.000,-41.304,0.000,0.000,1.000,28,0,0,1,29,0,28,1,0.9655172413793104,0.0,0.0,1.0,0.9824561403508771,0.01754385964912286,-1
"F[0,1]((Calcium <= 3.006 & Potassium <= 3.697) & Magnesium >= 0.070)
",-9999999.000,-9999999.000,0.000,0.000,1.000,28,0,0,1,29,0,28,1,0.9655172413793104,0.0,0.0,1.0,0.9824561403508771,0.01754385964912286,-1
"G[0,1](((HR <= 88.332 -> SaO2 <= 77.025) -> WBC <= 10.088) | Calcium <= 29.303)
",9999999.000,9999999.000,0.000,1.000,0.000,28,0,1,0,28,1,29,0,1.0,0.0,1.0,0.9655172413793104,0.9824561403508771,0.01754385964912286,1
"((Chloride >= 7.071) U[1,1] (PTT >= 1.561))
",-1.561,-1.561,0.000,0.000,1.000,28,0,0,1,29,0,28,1,0.9655172413793104,0.0,0.0,1.0,0.9824561403508771,0.01754385964912286,-1
"((Temp >= 9.373) U[1,1] (WBC >= 0.595))
",-5360373865548577.000,-0.595,0.000,0.000,1.000,28,0,0,1,29,0,28,1,0.9655172413793104,0.0,0.0,1.0,0.9824561403508771,0.01754385964912286,-1
"F[0,1](((HR >= 43.411 | WBC <= 4.053) -> Platelets <= 3.072) & Bilirubin_direct >= 0.479)
",-9999999.000,-9999999.000,0.000,0.000,1.000,28,0,0,1,29,0,28,1,0.9655172413793104,0.0,0.0,1.0,0.9824561403508771,0.01754385964912286,-1
"F[1,1](((MAP >= 14.119 | SBP <= 102.597) | Potassium >= 56.678) -> Lactate >= 43.591)
",-3609801913956485.000,-102.597,0.000,0.000,1.000,28,0,0,1,29,0,28,1,0.9655172413793104,0.0,0.0,1.0,0.9824561403508771,0.01754385964912286,-1
"F[0,1]((HR >= 65.696 -> Platelets >= 8.647) & TroponinI >= 8.545)
",-9999999.000,-9999999.000,0.000,0.000,1.000,28,0,0,1,29,0,28,1,0.9655172413793104,0.0,0.0,1.0,0.9824561403508771,0.01754385964912286,-1
"F[1,1]((Platelets >= 2.032 -> PTT <= 30.838) -> Phosphate >= 0.656)
",2955935869011926.500,0.656,0.000,0.000,1.000,28,0,0,1,29,0,28,1,0.9655172413793104,0.0,0.0,1.0,0.9824561403508771,0.01754385964912286,-1
"F[1,1]((PTT <= 6.253 -> PTT <= 29.829) & Platelets >= 1.428)
",-29.829,-29.829,0.000,0.000,1.000,28,0,0,1,29,0,28,1,0.9655172413793104,0.0,0.0,1.0,0.9824561403508771,0.01754385964912286,-1
"F[0,1]((Calcium <= 0.786 & Potassium <= 1.515) & Magnesium >= 0.035)
",-9999999.000,-9999999.000,0.000,0.000,1.000,28,0,0,1,29,0,28,1,0.9655172413793104,0.0,0.0,1.0,0.9824561403508771,0.01754385964912286,-1
"F[0,1](Platelets >= 5.911 & Potassium <= 3.239)
",-9999999.000,-9999999.000,0.000,0.000,1.000,28,0,0,1,29,0,28,1,0.9655172413793104,0.0,0.0,1.0,0.9824561403508771,0.01754385964912286,-1
"F[0,1]((Magnesium >= 0.008 & Temp >= 11.717) & Bilirubin_total >= 5.477)
",-9999999.000,-9999999.000,0.000,0.000,1.000,28,0,0,1,29,0,28,1,0.9655172413793104,0.0,0.0,1.0,0.9824561403508771,0.01754385964912286,-1
"F[0,1](((BaseExcess >= -3.234 | Chloride >= 4.517) | Potassium <= 101.771) & AST >= 5.483)
",-9999999.000,-9999999.000,0.000,0.000,1.000,28,0,0,1,29,0,28,1,0.9655172413793104,0.0,0.0,1.0,0.9824561403508771,0.01754385964912286,-1
"G[0,1]((BUN >= 1.484 | Hct >= 2.994) -> EtCO2 <= 22.171)
",9999999.000,9999999.000,0.000,1.000,0.000,28,0,1,0,28,1,29,0,1.0,0.0,1.0,0.9655172413793104,0.9824561403508771,0.01754385964912286,1
"G[0,1](((SBP >= 90.522 & SaO2 >= 3.405) -> Bilirubin_total <= 46.192) & WBC <= 62.663)
",9999999.000,9999999.000,0.000,1.000,0.000,28,0,1,0,28,1,29,0,1.0,0.0,1.0,0.9655172413793104,0.9824561403508771,0.01754385964912286,1
"G[1,1](((Chloride >= 1.192 | Temp >= 18.344) | Chloride >= 10.791) -> Chloride <= 33.460)
",-4709060089392348.000,-33.460,0.000,1.000,0.000,28,0,1,0,28,1,29,0,1.0,0.0,1.0,0.9655172413793104,0.9824561403508771,0.01754385964912286,1
"G[1,1](PTT >= 0.551 -> SepsisLabel = 0.000)
",0.000,0.000,0.000,1.000,0.000,28,0,1,0,28,1,29,0,1.0,0.0,1.0,0.9655172413793104,0.9824561403508771,0.01754385964912286,1
"G[0,1](Chloride >= 5.184 | HCO3 <= 11.051)
",9999999.000,9999999.000,0.000,1.000,0.000,28,0,1,0,28,1,29,0,1.0,0.0,1.0,0.9655172413793104,0.9824561403508771,0.01754385964912286,1
"G[1,1]((Creatinine <= 2.171 | HR >= 74.558) | TroponinI <= 83.634)
",83.634,83.634,0.000,1.000,0.000,28,0,1,0,28,1,29,0,1.0,0.0,1.0,0.9655172413793104,0.9824561403508771,0.01754385964912286,1
"G[1,1]((HR >= 53.199 | MAP <= 66.920) -> Magnesium <= 79.779)
",-5613920836085919.000,-79.779,0.000,1.000,0.000,28,0,1,0,28,1,29,0,1.0,0.0,1.0,0.9655172413793104,0.9824561403508771,0.01754385964912286,1
"G[1,1](((Potassium <= 3.246 | MAP <= 70.087) & Bilirubin_total <= 70.227) | Glucose <= 78.918)
",5553330414372107.000,78.918,0.000,1.000,0.000,28,0,1,0,28,1,29,0,1.0,0.0,1.0,0.9655172413793104,0.9824561403508771,0.01754385964912286,1
"G[1,1](Creatinine >= 0.037 -> Lactate >= 0.006)
",0.006,0.006,0.000,1.000,0.000,28,0,1,0,28,1,29,0,1.0,0.0,1.0,0.9655172413793104,0.9824561403508771,0.01754385964912286,1
"G[1,1](Hct >= 1.794 -> SepsisLabel = 0.000)
",0.000,0.000,0.000,1.000,0.000,28,0,1,0,28,1,29,0,1.0,0.0,1.0,0.9655172413793104,0.9824561403508771,0.01754385964912286,1
"G[1,1](PTT < 34.896 & SepsisLabel = 0.000)
",0.000,0.000,0.000,1.000,0.000,28,0,1,0,28,1,29,0,1.0,0.0,1.0,0.9655172413793104,0.9824561403508771,0.01754385964912286,1
"G[0,1](((PTT <= 9.504 | Resp <= 23.026) | Alkalinephos <= 20.702) | SBP >= 1.683)
",9999999.000,9999999.000,0.000,1.000,0.000,28,0,1,0,28,1,29,0,1.0,0.0,1.0,0.9655172413793104,0.9824561403508771,0.01754385964912286,1
"G[0,1](((BaseExcess >= -5.940 | Hgb <= 3.537) | Resp >= 0.149) & FiO2 <= 4.971)
",9999999.000,9999999.000,0.000,1.000,0.000,28,0,1,0,28,1,29,0,1.0,0.0,1.0,0.9655172413793104,0.9824561403508771,0.01754385964912286,1
"G[0,1](((PaCO2 <= 52.289 | Temp <= 23.533) & SepsisLabel >= 2.290) -> SepsisLabel <= 32.348)
",9999999.000,9999999.000,0.000,1.000,0.000,28,0,1,0,28,1,29,0,1.0,0.0,1.0,0.9655172413793104,0.9824561403508771,0.01754385964912286,1
"G[1,1](((Hgb >= 0.551 -> O2Sat <= 87.194) -> Creatinine >= 75.154) | Bilirubin_direct <= 80.974)
",80.974,80.974,0.000,1.000,0.000,28,0,1,0,28,1,29,0,1.0,0.0,1.0,0.9655172413793104,0.9824561403508771,0.01754385964912286,1
"G[0,1]((BUN <= 16.214 -> Temp >= 19.555) | Phosphate <= 30.796)
",9999999.000,9999999.000,0.000,1.000,0.000,28,0,1,0,28,1,29,0,1.0,0.0,1.0,0.9655172413793104,0.9824561403508771,0.01754385964912286,1
"G[1,1](((BUN >= 0.889 -> O2Sat >= 47.424) | Creatinine <= 92.991) | Creatinine <= 95.524)
",3360947079004858.500,95.524,0.000,1.000,0.000,28,0,1,0,28,1,29,0,1.0,0.0,1.0,0.9655172413793104,0.9824561403508771,0.01754385964912286,1
"G[0,1](((Phosphate <= 0.710 -> Resp <= 19.690) -> BaseExcess <= 19.125) | O2Sat <= 25.949)
",9999999.000,9999999.000,0.000,1.000,0.000,28,0,1,0,28,1,29,0,1.0,0.0,1.0,0.9655172413793104,0.9824561403508771,0.01754385964912286,1
"G[0,1](Creatinine >= 0.218 -> O2Sat >= 47.159)
",9999999.000,9999999.000,0.000,1.000,0.000,28,0,1,0,28,1,29,0,1.0,0.0,1.0,0.9655172413793104,0.9824561403508771,0.01754385964912286,1
"G[1,1]((Platelets >= 7.955 & Temp >= 19.740) | BaseExcess <= 24.263)
",6829439444463831.000,24.263,0.000,1.000,0.000,28,0,1,0,28,1,29,0,1.0,0.0,1.0,0.9655172413793104,0.9824561403508771,0.01754385964912286,1
"G[0,0](((FiO2 <= 0.525 -> Magnesium <= 2.126) -> DBP <= 2.293) -> MAP >= 0.020)
",-8.752,-106.605,0.000,1.000,0.000,28,0,0,1,29,0,28,1,0.9655172413793104,0.0,0.0,1.0,0.9824561403508771,0.01754385964912286,1
"G[1,1]((Hgb >= 0.516 -> PaCO2 <= 24.472) | Bilirubin_direct <= 9.492)
",5343714222742382.000,9.492,0.000,1.000,0.000,28,0,1,0,28,1,29,0,1.0,0.0,1.0,0.9655172413793104,0.9824561403508771,0.01754385964912286,1
"G[1,1](((Fibrinogen >= 13.061 | O2Sat <= 93.493) -> Alkalinephos >= 31.055) -> SepsisLabel <= 89.895)
",-6325810097314493.000,-89.895,0.000,1.000,0.000,28,0,1,0,28,1,29,0,1.0,0.0,1.0,0.9655172413793104,0.9824561403508771,0.01754385964912286,1
"G[1,1]((Calcium >= 0.217 -> SBP <= 123.641) -> Magnesium <= 132.026)
",-4645253780363020.000,-132.026,0.000,1.000,0.000,28,0,1,0,28,1,29,0,1.0,0.0,1.0,0.9655172413793104,0.9824561403508771,0.01754385964912286,1
"G[1,1](((Potassium >= 0.178 & SaO2 <= 94.347) & EtCO2 >= 2.661) -> Lactate >= 9.039)
",5992083471739457.000,2.661,0.000,1.000,0.000,28,0,1,0,28,1,29,0,1.0,0.0,1.0,0.9655172413793104,0.9824561403508771,0.01754385964912286,1
"G[0,1](((HR <= 81.282 -> PaCO2 >= 5.758) | Hct >= 1.244) -> Magnesium <= 54.231)
",9999999.000,9999999.000,0.000,1.000,0.000,28,0,1,0,28,1,29,0,1.0,0.0,1.0,0.9655172413793104,0.9824561403508771,0.01754385964912286,1
"G[0,1](((HR <= 81.228 -> O2Sat <= 95.905) | Calcium <= 87.942) | BUN <= 95.794)
",9999999.000,9999999.000,0.000,1.000,0.000,28,0,1,0,28,1,29,0,1.0,0.0,1.0,0.9655172413793104,0.9824561403508771,0.01754385964912286,1
"G[0,0](((Fibrinogen >= 0.175 -> FiO2 >= 0.001) & Phosphate <= 0.605) -> HR >= 0.015)
",-11961.985,-11961.985,0.000,1.000,0.000,28,0,0,1,29,0,28,1,0.9655172413793104,0.0,0.0,1.0,0.9824561403508771,0.01754385964912286,1
"G[0,1]((PaCO2 <= 20.433 | Potassium >= 0.203) | Temp >= 0.101)
",9999999.000,9999999.000,0.000,1.000,0.000,28,0,1,0,28,1,29,0,1.0,0.0,1.0,0.9655172413793104,0.9824561403508771,0.01754385964912286,1
"((Temp >= 13.707) U[0,0] (Fibrinogen >= 1.687))
",2.090,69.207,0.000,0.000,1.000,27,0,0,2,29,0,27,2,0.9310344827586207,0.0,0.0,1.0,0.9473684210526315,0.052631578947368474,-1
"F[1,1]((WBC >= 0.626 | Potassium <= 1.542) -> Platelets >= 0.095)
",-1.542,-1.542,0.000,0.000,1.000,27,0,0,2,29,0,27,2,0.9310344827586207,0.0,0.0,1.0,0.9473684210526315,0.052631578947368474,-1
"F[1,1](((Phosphate >= 0.162 | Potassium <= 1.482) & MAP <= 2.780) & BaseExcess <= 1.826)
",1.482,1.482,0.000,0.000,1.000,27,0,0,2,29,0,27,2,0.9310344827586207,0.0,0.0,1.0,0.9473684210526315,0.052631578947368474,-1
"G[0,1]((Chloride <= 26.792 -> Potassium <= 3.009) | Hgb <= 1.933)
",9999999.000,9999999.000,0.000,1.000,0.000,27,0,1,1,28,1,28,1,0.9642857142857143,0.0,1.0,0.9642857142857143,0.9473684210526315,0.052631578947368474,1
"F[0,0](Calcium >= 0.309 & Fibrinogen >= 1.308)
",-6.866,-1.273,0.000,0.000,1.000,27,0,0,2,29,0,27,2,0.9310344827586207,0.0,0.0,1.0,0.9473684210526315,0.052631578947368474,-1
"((PaCO2 >= 4.368) U[1,1] (Hgb >= 0.881))
",-3966826220203540.000,-0.881,0.000,0.000,1.000,27,0,0,2,29,0,27,2,0.9310344827586207,0.0,0.0,1.0,0.9473684210526315,0.052631578947368474,-1
"F[0,0](((Glucose >= 18.509 -> Hgb <= 7.809) -> FiO2 >= 0.694) & pH <= 1.141)
",-0.373,-2.766,0.000,0.000,1.000,27,0,0,2,29,0,27,2,0.9310344827586207,0.0,0.0,1.0,0.9473684210526315,0.052631578947368474,-1
"G[0,1](((BUN <= 29.982 -> Fibrinogen >= 1.419) -> pH >= 6.773) | Phosphate >= 9.569)
",9999999.000,9999999.000,0.000,1.000,0.000,27,0,1,1,28,1,28,1,0.9642857142857143,0.0,1.0,0.9642857142857143,0.9473684210526315,0.052631578947368474,1
"G[0,1](((BaseExcess >= -4.925 | PTT <= 33.270) -> DBP <= 5.638) -> HCO3 <= 16.646)
",9999999.000,9999999.000,0.000,1.000,0.000,27,0,1,1,28,1,28,1,0.9642857142857143,0.0,1.0,0.9642857142857143,0.9473684210526315,0.052631578947368474,1
"G[1,1]((SBP <= 127.375 | Platelets >= 6.826) & HR >= 8.318)
",-8.318,-8.318,0.000,1.000,0.000,27,0,1,1,28,1,28,1,0.9642857142857143,0.0,1.0,0.9642857142857143,0.9473684210526315,0.052631578947368474,1
"G[1,1]((Calcium >= 0.414 | Hgb <= 7.908) & Hgb <= 2.295)
",5166803114609221.000,2.295,0.000,1.000,0.000,26,0,1,2,28,1,27,2,0.9285714285714286,0.0,1.0,0.9629629629629629,0.9122807017543859,0.08771929824561409,1
"G[0,0](((Hgb >= 1.042 & SaO2 <= 74.569) & PTT <= 54.489) -> TroponinI >= 6.074)
",-0.373,-4.336,0.000,1.000,0.000,26,0,0,3,29,0,26,3,0.896551724137931,0.0,0.0,1.0,0.9122807017543859,0.08771929824561409,1
"G[0,0](HCO3 <= 13.920 | SaO2 >= 5.548)
",1.876,18.926,0.000,1.000,0.000,26,0,0,3,29,0,26,3,0.896551724137931,0.0,0.0,1.0,0.9122807017543859,0.08771929824561409,1
"G[0,1]((EtCO2 >= 0.000 -> HR <= 87.518) & Lactate <= 80.773)
",9999999.000,9999999.000,0.000,1.000,0.000,26,0,1,2,28,1,27,2,0.9285714285714286,0.0,1.0,0.9629629629629629,0.9122807017543859,0.08771929824561409,1
"G[0,0]((Magnesium >= 0.074 & Resp <= 26.538) -> HR <= 26.738)
",1.202,15.328,0.000,1.000,0.000,26,0,0,3,29,0,26,3,0.896551724137931,0.0,0.0,1.0,0.9122807017543859,0.08771929824561409,1
"G[1,1]((Chloride <= 85.715 -> SaO2 <= 68.897) & HR >= 7.435)
",-6031638522563037.000,-85.715,0.000,1.000,0.000,26,0,1,2,28,1,27,2,0.9285714285714286,0.0,1.0,0.9629629629629629,0.9122807017543859,0.08771929824561409,1
"F[0,1](Chloride >= 3.150 & Fibrinogen >= 4.494)
",-9999999.000,-9999999.000,0.000,0.000,1.000,26,0,0,3,29,0,26,3,0.896551724137931,0.0,0.0,1.0,0.9122807017543859,0.08771929824561409,-1
"F[0,0](Calcium >= 0.214 & O2Sat >= 58.026)
",-7701382232304097.000,-0.214,0.000,0.000,1.000,26,0,0,3,29,0,26,3,0.896551724137931,0.0,0.0,1.0,0.9122807017543859,0.08771929824561409,-1
"F[0,1](((Chloride <= 82.641 -> Lactate <= 0.253) -> pH >= 0.001) & PTT >= 0.013)
",-9999999.000,-9999999.000,0.000,0.000,1.000,26,0,0,3,29,0,26,3,0.896551724137931,0.0,0.0,1.0,0.9122807017543859,0.08771929824561409,-1
"F[0,0](Hgb >= 0.307 & Temp >= 9.454)
",0.268,3.438,0.000,0.000,1.000,26,0,0,3,29,0,26,3,0.896551724137931,0.0,0.0,1.0,0.9122807017543859,0.08771929824561409,-1
"F[0,0]((DBP >= 15.853 -> Hgb <= 7.473) & Potassium >= 0.340)
",-7.609,-51.742,0.000,0.000,1.000,26,0,0,3,29,0,26,3,0.896551724137931,0.0,0.0,1.0,0.9122807017543859,0.08771929824561409,-1
"((Magnesium >= 0.015) U[1,1] (Magnesium <= 2.291))
",2.291,2.291,0.000,0.000,1.000,25,0,0,4,29,0,25,4,0.8620689655172413,0.0,0.0,1.0,0.8771929824561403,0.1228070175438597,-1
"((Calcium <= 6.232) U[0,1] (Magnesium >= 0.010))
",-9999999.000,-9999999.000,0.000,0.000,1.000,25,0,0,4,29,0,25,4,0.8620689655172413,0.0,0.0,1.0,0.8771929824561403,0.1228070175438597,-1
"((HCO3 <= 26.116) U[0,0] (WBC >= 0.508))
",11.927,27.044,0.000,0.000,1.000,25,0,0,4,29,0,25,4,0.8620689655172413,0.0,0.0,1.0,0.8771929824561403,0.1228070175438597,-1
"((BUN >= 1.370) U[0,0] (Hgb >= 0.579))
",0.413,4.800,0.000,0.000,1.000,25,0,0,4,29,0,25,4,0.8620689655172413,0.0,0.0,1.0,0.8771929824561403,0.1228070175438597,-1
"F[1,1](Hct >= 0.619 & SepsisLabel = 0.000)
",-5572204151780865.000,-0.619,0.000,0.000,1.000,25,0,0,4,29,0,25,4,0.8620689655172413,0.0,0.0,1.0,0.8771929824561403,0.1228070175438597,-1
"((SBP >= 36.571) U[0,1] (Magnesium >= 0.021))
",-9999999.000,-9999999.000,0.000,0.000,1.000,25,0,0,4,29,0,25,4,0.8620689655172413,0.0,0.0,1.0,0.8771929824561403,0.1228070175438597,-1
"((BUN >= 0.511) U[0,0] (Chloride >= 2.808))
",-0.317,-0.318,0.000,0.000,1.000,25,0,0,4,29,0,25,4,0.8620689655172413,0.0,0.0,1.0,0.8771929824561403,0.1228070175438597,-1
"G[1,1](BaseExcess <= -0.161 -> Potassium >= 0.114)
",0.114,0.114,0.000,1.000,0.000,25,0,1,3,28,1,26,3,0.8928571428571429,0.0,1.0,0.9615384615384616,0.8771929824561403,0.1228070175438597,1
"G[0,1]((pH <= 6.515 & SaO2 <= 69.736) | Hct <= 21.709)
",9999999.000,9999999.000,0.000,1.000,0.000,25,0,1,3,28,1,26,3,0.8928571428571429,0.0,1.0,0.9615384615384616,0.8771929824561403,0.1228070175438597,1
"G[0,0](HCO3 <= 25.586 & Magnesium <= 0.244)
",0.747,0.194,0.000,1.000,0.000,25,0,0,4,29,0,25,4,0.8620689655172413,0.0,0.0,1.0,0.8771929824561403,0.1228070175438597,1
"G[0,1](((Calcium >= 0.061 | Glucose <= 105.141) & Bilirubin_direct >= 37.221) | Platelets <= 94.021)
",9999999.000,9999999.000,0.000,1.000,0.000,24,0,1,4,28,1,25,4,0.8571428571428571,0.0,1.0,0.96,0.8421052631578947,0.1578947368421053,1
"((Platelets >= 1.927) U[1,2] (SepsisLabel >= 0.000))
",-9999999.000,-9999999.000,0.000,0.000,1.000,24,0,0,5,29,0,24,5,0.8275862068965517,0.0,0.0,1.0,0.8421052631578947,0.1578947368421053,-1
"((WBC >= 0.433) U[1,2] (SepsisLabel = 0.000))
",-9999999.000,-9999999.000,0.000,0.000,1.000,24,0,0,5,29,0,24,5,0.8275862068965517,0.0,0.0,1.0,0.8421052631578947,0.1578947368421053,-1
"((BaseExcess <= 0.791) U[0,1] (BUN >= 0.353))
",-9999999.000,-9999999.000,0.000,0.000,1.000,24,0,0,5,29,0,24,5,0.8275862068965517,0.0,0.0,1.0,0.8421052631578947,0.1578947368421053,-1
"((HCO3 >= 1.508) U[1,2] (HR >= 2.637))
",-9999999.000,-9999999.000,0.000,0.000,1.000,24,0,0,5,29,0,24,5,0.8275862068965517,0.0,0.0,1.0,0.8421052631578947,0.1578947368421053,-1
"F[0,1](((Glucose >= 28.912 & Hct <= 13.745) & WBC >= 0.681) | WBC >= 1.046)
",-9999999.000,-9999999.000,0.000,0.000,1.000,24,0,0,5,29,0,24,5,0.8275862068965517,0.0,0.0,1.0,0.8421052631578947,0.1578947368421053,-1
"G[1,1]((MAP <= 70.878 & pH <= 2.587) | Glucose <= 4.318)
",4.318,4.318,0.000,1.000,0.000,24,0,1,4,28,1,25,4,0.8571428571428571,0.0,1.0,0.96,0.8421052631578947,0.1578947368421053,1
"G[0,1]((Potassium <= 1.978 & WBC <= 10.454) | Magnesium >= 0.354)
",9999999.000,9999999.000,0.000,1.000,0.000,24,0,1,4,28,1,25,4,0.8571428571428571,0.0,1.0,0.96,0.8421052631578947,0.1578947368421053,1
"F[0,1]((FiO2 <= 0.312 -> Platelets <= 15.379) -> Chloride >= 3.094)
",-9999999.000,-9999999.000,0.000,0.000,1.000,24,0,0,5,29,0,24,5,0.8275862068965517,0.0,0.0,1.0,0.8421052631578947,0.1578947368421053,-1
"G[0,1]((Creatinine <= 1.890 -> Hgb <= 2.598) -> Platelets <= 2.186)
",9999999.000,9999999.000,0.000,1.000,0.000,24,0,1,4,28,1,25,4,0.8571428571428571,0.0,1.0,0.96,0.8421052631578947,0.1578947368421053,1
"G[0,1]((Lactate <= 1.320 | PaCO2 <= 19.009) & Chloride <= 28.462)
",9999999.000,9999999.000,0.000,1.000,0.000,24,0,1,4,28,1,25,4,0.8571428571428571,0.0,1.0,0.96,0.8421052631578947,0.1578947368421053,1
"G[1,1](BaseExcess >= -2.368 & Alkalinephos <= 0.000)
",0.000,0.000,0.000,1.000,0.000,24,0,1,4,28,1,25,4,0.8571428571428571,0.0,1.0,0.96,0.8421052631578947,0.1578947368421053,1
"G[1,1]((BaseExcess <= -0.301 -> pH <= 5.242) | Bilirubin_direct >= 0.339)
",-3054575459687030.500,-0.339,0.000,1.000,0.000,24,0,1,4,28,1,25,4,0.8571428571428571,0.0,1.0,0.96,0.8421052631578947,0.1578947368421053,1
"((PaCO2 <= 48.140) U[0,0] (Hct >= 2.317))
",15.498,46.571,0.000,0.000,1.000,24,0,0,5,29,0,24,5,0.8275862068965517,0.0,0.0,1.0,0.8421052631578947,0.1578947368421053,-1
"((BUN <= 13.741) U[1,1] (FiO2 >= 0.046))
",7735540698159832.000,13.741,0.000,0.000,1.000,24,0,0,5,29,0,24,5,0.8275862068965517,0.0,0.0,1.0,0.8421052631578947,0.1578947368421053,-1
"((Chloride <= 30.636) U[0,0] (Hct >= 3.694))
",21.247,30.361,0.000,0.000,1.000,24,0,0,5,29,0,24,5,0.8275862068965517,0.0,0.0,1.0,0.8421052631578947,0.1578947368421053,-1
"F[0,1](Creatinine >= 0.057 | Phosphate >= 0.145)
",-9999999.000,-9999999.000,0.000,0.000,1.000,24,0,0,5,29,0,24,5,0.8275862068965517,0.0,0.0,1.0,0.8421052631578947,0.1578947368421053,-1
"F[0,0](((Magnesium <= 0.849 | SaO2 >= 7.766) -> SaO2 >= 1.016) | SepsisLabel >= 2.955)
",0.143,3.628,0.000,0.000,1.000,24,0,0,5,29,0,24,5,0.8275862068965517,0.0,0.0,1.0,0.8421052631578947,0.1578947368421053,-1
"((Lactate <= 0.104) U[1,1] (O2Sat <= 87.215))
",87.215,87.215,0.000,0.000,1.000,23,0,0,6,29,0,23,6,0.7931034482758621,0.0,0.0,1.0,0.8070175438596491,0.19298245614035092,-1
"G[0,1]((Hgb <= 4.016 & Lactate <= 0.185) & TroponinI <= 0.356)
",9999999.000,9999999.000,0.000,1.000,0.000,23,0,1,5,28,1,24,5,0.8214285714285714,0.0,1.0,0.9583333333333334,0.8070175438596491,0.19298245614035092,1
"G[0,0]((HR >= 2.945 | pH >= 1.009) & Hct <= 2.059)
",2.059,2.059,0.000,1.000,0.000,23,0,0,6,29,0,23,6,0.7931034482758621,0.0,0.0,1.0,0.8070175438596491,0.19298245614035092,1
"G[0,0](Fibrinogen <= 130.127 & MAP <= 73.278)
",-2.738,-33.347,0.000,1.000,0.000,23,0,0,6,29,0,23,6,0.7931034482758621,0.0,0.0,1.0,0.8070175438596491,0.19298245614035092,1
"G[0,1](Glucose <= 116.874 | Magnesium >= 0.075)
",9999999.000,9999999.000,0.000,1.000,0.000,23,0,1,5,28,1,24,5,0.8214285714285714,0.0,1.0,0.9583333333333334,0.8070175438596491,0.19298245614035092,1
"G[0,1](Hct >= 1.886 | pH <= 6.252)
",9999999.000,9999999.000,0.000,1.000,0.000,22,0,1,6,28,1,23,6,0.7857142857142857,0.0,1.0,0.9565217391304348,0.7719298245614035,0.22807017543859653,1
"F[0,1]((BUN <= 17.747 -> Lactate <= 0.535) & SaO2 >= 0.004)
",-9999999.000,-9999999.000,0.000,0.000,1.000,22,0,0,7,29,0,22,7,0.7586206896551724,0.0,0.0,1.0,0.7719298245614035,0.22807017543859653,-1
"F[1,1]((Hct <= 12.732 & Potassium <= 3.539) -> pH >= 0.321)
",-7970236390974936.000,-3.539,0.000,0.000,1.000,22,0,0,7,29,0,22,7,0.7586206896551724,0.0,0.0,1.0,0.7719298245614035,0.22807017543859653,-1
"G[0,0](Glucose >= 35.231 -> WBC >= 0.558)
",-0.109,-0.731,0.000,1.000,0.000,22,0,0,7,29,0,22,7,0.7586206896551724,0.0,0.0,1.0,0.7719298245614035,0.22807017543859653,1
"G[0,1](Creatinine >= 0.276 | pH <= 5.861)
",9999999.000,9999999.000,0.000,1.000,0.000,21,0,1,7,28,1,22,7,0.75,0.0,1.0,0.9545454545454546,0.7368421052631579,0.26315789473684215,1
"F[0,0](((Creatinine >= 0.287 -> Magnesium >= 0.021) & Magnesium >= 0.010) | O2Sat <= 0.654)
",-0.193,-2.844,0.000,0.000,1.000,21,0,0,8,29,0,21,8,0.7241379310344828,0.0,0.0,1.0,0.7368421052631579,0.26315789473684215,-1
"((SepsisLabel >= 0.000) U[0,1] (O2Sat <= 92.459))
",-9999999.000,-9999999.000,0.000,0.000,1.000,21,0,0,8,29,0,21,8,0.7241379310344828,0.0,0.0,1.0,0.7368421052631579,0.26315789473684215,-1
"G[0,1](HCO3 >= 0.484 | SBP >= 95.163)
",9999999.000,9999999.000,0.000,1.000,0.000,19,0,0,10,29,0,19,10,0.6551724137931034,0.0,0.0,1.0,0.6666666666666666,0.33333333333333337,1
"G[0,1]((Resp <= 18.375 | O2Sat <= 97.120) | BUN >= 64.499)
",9999999.000,9999999.000,0.000,1.000,0.000,19,0,1,9,28,1,20,9,0.6785714285714286,0.0,1.0,0.95,0.6666666666666666,0.33333333333333337,1
"F[0,1](Resp <= 24.229 -> SaO2 >= 2.633)
",-9999999.000,-9999999.000,0.000,0.000,1.000,19,0,0,10,29,0,19,10,0.6551724137931034,0.0,0.0,1.0,0.6666666666666666,0.33333333333333337,-1
"F[1,1](((Creatinine <= 2.809 & PTT >= 1.709) & Calcium <= 15.211) | DBP <= 16.743)
",4712692065815996.000,16.743,0.000,0.000,1.000,17,0,0,12,29,0,17,12,0.5862068965517241,0.0,0.0,1.0,0.5964912280701754,0.4035087719298246,-1
"G[0,1](((Chloride >= 3.141 | Phosphate >= 0.133) -> BaseExcess <= 0.613) -> DBP >= 0.154)
",9999999.000,9999999.000,0.000,1.000,0.000,17,0,0,12,29,0,17,12,0.5862068965517241,0.0,0.0,1.0,0.5964912280701754,0.4035087719298246,1
"G[1,1](Lactate >= 0.017 | Temp >= 18.566)
",-0.017,-0.017,0.000,1.000,0.000,17,0,1,11,28,1,18,11,0.6071428571428571,0.0,1.0,0.9444444444444444,0.5964912280701754,0.4035087719298246,1
"F[0,0](((Creatinine >= 0.091 | Temp <= 24.698) -> WBC >= 4.304) -> FiO2 >= 3.084)
",-0.036,-0.125,0.000,0.000,1.000,15,0,0,14,29,0,15,14,0.5172413793103449,0.0,0.0,1.0,0.5263157894736842,0.4736842105263158,-1
"((Chloride <= 59.440) U[0,0] (O2Sat <= 97.115))
",41.405,59.165,0.000,0.000,1.000,15,0,0,14,29,0,15,14,0.5172413793103449,0.0,0.0,1.0,0.5263157894736842,0.4736842105263158,-1
"F[0,1](((BaseExcess <= 0.931 & Glucose >= 25.649) -> BUN >= 26.692) -> FiO2 >= 9.754)
",-9999999.000,-9999999.000,0.000,0.000,1.000,14,0,0,15,29,0,14,15,0.4827586206896552,0.0,0.0,1.0,0.49122807017543857,0.5087719298245614,-1
"F[1,1]((DBP >= 27.709 | WBC >= 0.086) -> Hct >= 0.294)
",3105247778288329.500,0.086,0.000,0.000,1.000,14,0,0,15,29,0,14,15,0.4827586206896552,0.0,0.0,1.0,0.49122807017543857,0.5087719298245614,-1
"G[0,1](((Glucose <= 58.783 & Temp <= 32.976) | Temp <= 25.662) | DBP <= 28.104)
",9999999.000,9999999.000,0.000,1.000,0.000,14,0,1,14,28,1,15,14,0.5,0.0,1.0,0.9333333333333333,0.49122807017543857,0.5087719298245614,1
"G[0,0]((Creatinine <= 4.034 | Platelets >= 4.012) -> Temp >= 4.637)
",-1.528,-85.630,0.000,1.000,0.000,14,0,0,15,29,0,14,15,0.4827586206896552,0.0,0.0,1.0,0.49122807017543857,0.5087719298245614,1
"G[0,0](((HCO3 <= 9.064 | Lactate <= 0.964) | BUN <= 0.789) -> Temp >= 0.004)
",-2.406,-82.383,0.000,1.000,0.000,14,0,0,15,29,0,14,15,0.4827586206896552,0.0,0.0,1.0,0.49122807017543857,0.5087719298245614,1
"((SaO2 <= 58.039) U[0,0] (Temp <= 23.863))
",2.737,48.861,0.000,0.000,1.000,14,0,0,15,29,0,14,15,0.4827586206896552,0.0,0.0,1.0,0.49122807017543857,0.5087719298245614,-1
"F[1,1](DBP >= 16.021 & Hct <= 27.042)
",-4509627520502735.000,-16.021,0.000,0.000,1.000,14,0,0,15,29,0,14,15,0.4827586206896552,0.0,0.0,1.0,0.49122807017543857,0.5087719298245614,-1
"F[0,1]((pH <= 6.928 & Temp <= 23.573) | WBC >= 16.278)
",-9999999.000,-9999999.000,0.000,0.000,1.000,13,0,0,16,29,0,13,16,0.4482758620689655,0.0,0.0,1.0,0.45614035087719296,0.543859649122807,-1
"((MAP >= 39.853) U[0,0] (SBP <= 102.734))
",5.007,81.177,0.000,0.000,1.000,13,0,0,16,29,0,13,16,0.4482758620689655,0.0,0.0,1.0,0.45614035087719296,0.543859649122807,-1
"((Calcium <= 3.662) U[0,1] (Temp <= 28.964))
",-9999999.000,-9999999.000,0.000,0.000,1.000,13,0,0,16,29,0,13,16,0.4482758620689655,0.0,0.0,1.0,0.45614035087719296,0.543859649122807,-1
"G[0,0]((PTT <= 9.102 & Temp >= 18.924) & Bilirubin_direct <= 32.330)
",0.279,2.983,0.000,1.000,0.000,12,0,0,17,29,0,12,17,0.41379310344827586,0.0,0.0,1.0,0.42105263157894735,0.5789473684210527,1
"((Hct >= 3.916) U[0,1] (Glucose >= 15.784))
",-9999999.000,-9999999.000,0.000,0.000,1.000,12,0,0,17,29,0,12,17,0.41379310344827586,0.0,0.0,1.0,0.42105263157894735,0.5789473684210527,-1
"F[1,1](FiO2 >= 0.037 | Temp >= 1.768)
",-0.037,-0.037,0.000,0.000,1.000,11,0,0,18,29,0,11,18,0.3793103448275862,0.0,0.0,1.0,0.38596491228070173,0.6140350877192983,-1
"G[1,1]((BUN >= 0.158 -> Potassium >= 0.331) & DBP <= 2.970)
",5694289749002990.000,0.158,0.000,1.000,0.000,11,0,1,17,28,1,12,17,0.39285714285714285,0.0,1.0,0.9166666666666666,0.38596491228070173,0.6140350877192983,1
"G[0,1](((Lactate <= 0.601 & Potassium <= 1.480) & DBP <= 1.030) & TroponinI <= 4.351)
",9999999.000,9999999.000,0.000,1.000,0.000,10,0,1,18,28,1,11,18,0.35714285714285715,0.0,1.0,0.9090909090909091,0.3508771929824561,0.6491228070175439,1
"F[1,1]((Fibrinogen <= 358.585 | Temp <= 29.161) -> Glucose <= 32.586)
",-6308299897252477.000,-358.585,0.000,0.000,1.000,10,0,0,19,29,0,10,19,0.3448275862068966,0.0,0.0,1.0,0.3508771929824561,0.6491228070175439,-1
"F[0,1](((DBP <= 39.047 & FiO2 <= 0.419) & Glucose <= 0.737) -> FiO2 >= 0.056)
",-9999999.000,-9999999.000,0.000,0.000,1.000,10,0,0,19,29,0,10,19,0.3448275862068966,0.0,0.0,1.0,0.3508771929824561,0.6491228070175439,-1
"F[0,0](((Platelets >= 7.284 -> Resp <= 19.274) -> Bilirubin_total >= 11.209) | Glucose <= 24.039)
",6766429391495101.000,24.039,0.000,0.000,1.000,9,0,0,20,29,0,9,20,0.3103448275862069,0.0,0.0,1.0,0.3157894736842105,0.6842105263157895,-1
"G[1,1](((SBP <= 111.556 -> WBC >= 0.029) -> FiO2 >= 0.308) & Temp <= 7.038)
",0.308,0.308,0.000,1.000,0.000,8,0,1,20,28,1,9,20,0.2857142857142857,0.0,1.0,0.8888888888888888,0.2807017543859649,0.7192982456140351,1
"G[1,1](O2Sat >= 15.808 -> SaO2 >= 5.647)
",6358505558770851.000,5.647,0.000,1.000,0.000,8,0,1,20,28,1,9,20,0.2857142857142857,0.0,1.0,0.8888888888888888,0.2807017543859649,0.7192982456140351,1
"F[0,0](((Calcium < 7.755 & Potassium < 1.508) & Magnesium < 0.339) & Phosphate < 1.618)
",0.476,0.241,0.000,0.000,1.000,6,0,0,23,29,0,6,23,0.20689655172413793,0.0,0.0,1.0,0.21052631578947367,0.7894736842105263,-1
"((Creatinine <= 4.463) U[1,1] (Resp <= 23.621))
",6648784585708553.000,23.621,0.000,0.000,1.000,5,0,0,24,29,0,5,24,0.1724137931034483,0.0,0.0,1.0,0.17543859649122806,0.8245614035087719,-1
"F[1,1](BaseExcess <= -0.342 | O2Sat >= 17.736)
",-6155131513507903.000,-0.342,0.000,0.000,1.000,5,0,0,24,29,0,5,24,0.1724137931034483,0.0,0.0,1.0,0.17543859649122806,0.8245614035087719,-1
"G[0,0]((BaseExcess <= 0.391 & FiO2 <= 0.240) & O2Sat <= 0.739)
",-38.748,-79.833,0.000,1.000,0.000,5,0,0,24,29,0,5,24,0.1724137931034483,0.0,0.0,1.0,0.17543859649122806,0.8245614035087719,1
"G[0,1]((O2Sat <= 97.981 -> pH <= 6.987) & Glucose >= 0.297)
",9999999.000,9999999.000,0.000,1.000,0.000,5,0,0,24,29,0,5,24,0.1724137931034483,0.0,0.0,1.0,0.17543859649122806,0.8245614035087719,1
"F[0,0](((Hct >= 3.325 -> Hgb >= 0.672) & Hgb <= 8.476) | O2Sat <= 1.984)
",-0.405,-4.707,0.000,0.000,1.000,5,0,0,24,29,0,5,24,0.1724137931034483,0.0,0.0,1.0,0.17543859649122806,0.8245614035087719,-1
"F[1,1](O2Sat <= 82.231 -> Hct >= 3.049)
",-5786516405267030.000,-82.231,0.000,0.000,1.000,5,0,0,24,29,0,5,24,0.1724137931034483,0.0,0.0,1.0,0.17543859649122806,0.8245614035087719,-1
"((Glucose <= 112.038) U[1,1] (Potassium <= 2.673))
",112.038,112.038,0.000,0.000,1.000,5,0,0,24,29,0,5,24,0.1724137931034483,0.0,0.0,1.0,0.17543859649122806,0.8245614035087719,-1
"F[0,0]((O2Sat <= 93.288 & Resp <= 26.401) -> Temp >= 14.269)
",-2.627,-71.419,0.000,0.000,1.000,5,0,0,24,29,0,5,24,0.1724137931034483,0.0,0.0,1.0,0.17543859649122806,0.8245614035087719,-1
"G[0,0](((DBP <= 55.434 & O2Sat >= 18.923) | Hct <= 85.441) & Chloride >= 18.638)
",-12.851,-18.363,0.000,1.000,0.000,4,0,0,25,29,0,4,25,0.13793103448275862,0.0,0.0,1.0,0.14035087719298245,0.8596491228070176,1
"G[0,0](Chloride >= 3.777 & HCO3 >= 0.531)
",-6.283,-3.974,0.000,1.000,0.000,4,0,0,25,29,0,4,25,0.13793103448275862,0.0,0.0,1.0,0.14035087719298245,0.8596491228070176,1
"G[0,0](Platelets <= 140.145 -> WBC >= 0.168)
",-7.054,-136.423,0.000,1.000,0.000,4,0,0,25,29,0,4,25,0.13793103448275862,0.0,0.0,1.0,0.14035087719298245,0.8596491228070176,1
"G[0,0](Platelets <= 37.656 -> WBC >= 0.489)
",-99.069,-37.583,0.000,1.000,0.000,4,0,0,25,29,0,4,25,0.13793103448275862,0.0,0.0,1.0,0.14035087719298245,0.8596491228070176,1
"G[0,0]((BaseExcess <= 0.272 -> Platelets >= 1.214) & O2Sat >= 3.426)
",-0.197,-11.648,0.000,1.000,0.000,4,0,0,25,29,0,4,25,0.13793103448275862,0.0,0.0,1.0,0.14035087719298245,0.8596491228070176,1
"G[0,0](((Hgb <= 12.017 | Hct <= 15.004) -> WBC >= 0.509) & Platelets >= 4.105)
",-4.120,-15.740,0.000,1.000,0.000,4,0,0,25,29,0,4,25,0.13793103448275862,0.0,0.0,1.0,0.14035087719298245,0.8596491228070176,1
"G[0,0](((Hgb <= 6.852 | Hct <= 22.997) -> WBC >= 0.638) & Platelets >= 1.984)
",-10.134,-23.442,0.000,1.000,0.000,4,0,0,25,29,0,4,25,0.13793103448275862,0.0,0.0,1.0,0.14035087719298245,0.8596491228070176,1
"F[1,1](FiO2 <= 0.140 & Phosphate <= 0.912)
",5052097854052772.000,0.140,0.000,0.000,1.000,4,0,0,25,29,0,4,25,0.13793103448275862,0.0,0.0,1.0,0.14035087719298245,0.8596491228070176,-1
"G[1,1](((Hgb <= 2.055 & Platelets >= 4.198) & WBC <= 51.644) | PaCO2 >= 5.140)
",-4.198,-4.198,0.000,1.000,0.000,4,0,1,24,28,1,5,24,0.14285714285714285,0.0,1.0,0.8,0.14035087719298245,0.8596491228070176,1
"((MAP >= 59.941) U[1,2] (SBP <= 117.391))
",-9999999.000,-9999999.000,0.000,0.000,1.000,4,0,0,25,29,0,4,25,0.13793103448275862,0.0,0.0,1.0,0.14035087719298245,0.8596491228070176,-1
"F[0,0](((Magnesium <= 1.541 | Potassium >= 0.189) -> BUN >= 0.477) -> WBC <= 4.458)
",-2.748,-4.166,0.000,0.000,1.000,4,0,0,25,29,0,4,25,0.13793103448275862,0.0,0.0,1.0,0.14035087719298245,0.8596491228070176,-1
"F[0,0]((MAP >= 35.749 -> Platelets <= 68.150) | Chloride <= 98.434)
",68.694,98.159,0.000,0.000,1.000,4,0,0,25,29,0,4,25,0.13793103448275862,0.0,0.0,1.0,0.14035087719298245,0.8596491228070176,-1
"((WBC >= 0.097) U[1,2] (pH >= 0.841))
",-9999999.000,-9999999.000,0.000,0.000,1.000,4,0,0,25,29,0,4,25,0.13793103448275862,0.0,0.0,1.0,0.14035087719298245,0.8596491228070176,-1
"F[1,1](Fibrinogen <= 250.444 & pH <= 3.096)
",3.096,3.096,0.000,0.000,1.000,4,0,0,25,29,0,4,25,0.13793103448275862,0.0,0.0,1.0,0.14035087719298245,0.8596491228070176,-1
"G[0,0](((Hgb <= 3.132 | Hct <= 10.418) -> WBC >= 0.225) & Platelets >= 1.659)
",-2.398,-11.327,0.000,1.000,0.000,4,0,0,25,29,0,4,25,0.13793103448275862,0.0,0.0,1.0,0.14035087719298245,0.8596491228070176,1
"F[1,1](FiO2 <= 0.156 | Glucose <= 63.983)
",9004783358813945.000,63.983,0.000,0.000,1.000,4,0,0,25,29,0,4,25,0.13793103448275862,0.0,0.0,1.0,0.14035087719298245,0.8596491228070176,-1
"((Creatinine < 2.465) U[1,2] (SepsisLabel = 0.000))
",-9999999.000,-9999999.000,0.000,0.000,1.000,4,0,0,25,29,0,4,25,0.13793103448275862,0.0,0.0,1.0,0.14035087719298245,0.8596491228070176,-1
"((Hct <= 11.234) U[1,2] (SaO2 <= 78.898))
",-9999999.000,-9999999.000,0.000,0.000,1.000,4,0,0,25,29,0,4,25,0.13793103448275862,0.0,0.0,1.0,0.14035087719298245,0.8596491228070176,-1
"G[0,1](O2Sat >= 8.018 -> PTT >= 1.664)
",9999999.000,9999999.000,0.000,1.000,0.000,3,0,1,25,28,1,4,25,0.10714285714285714,0.0,1.0,0.75,0.10526315789473684,0.8947368421052632,1
"((Hct >= 0.738) U[0,1] (O2Sat >= 68.590))
",-9999999.000,-9999999.000,0.000,0.000,1.000,3,0,0,26,29,0,3,26,0.10344827586206896,0.0,0.0,1.0,0.10526315789473684,0.8947368421052632,-1
"((Fibrinogen <= 235.885) U[1,1] (Hgb <= 10.889))
",235.885,235.885,0.000,0.000,1.000,3,0,0,26,29,0,3,26,0.10344827586206896,0.0,0.0,1.0,0.10526315789473684,0.8947368421052632,-1
"F[0,0]((Phosphate >= 0.021 & Magnesium > 0.004) -> Calcium < 4.497)
",-4.497,-4.497,0.000,0.000,1.000,3,0,0,26,29,0,3,26,0.10344827586206896,0.0,0.0,1.0,0.10526315789473684,0.8947368421052632,-1
"F[0,1](O2Sat >= 32.859 | PaCO2 >= 5.215)
",-9999999.000,-9999999.000,0.000,0.000,1.000,3,0,0,26,29,0,3,26,0.10344827586206896,0.0,0.0,1.0,0.10526315789473684,0.8947368421052632,-1
"F[0,0]((HCO3 >= 0.858 | FiO2 >= 0.032) -> PaCO2 >= 0.047)
",-0.447,-1.987,0.000,0.000,1.000,3,0,0,26,29,0,3,26,0.10344827586206896,0.0,0.0,1.0,0.10526315789473684,0.8947368421052632,-1
"((Calcium <= 4.833) U[1,2] (WBC <= 13.076))
",-9999999.000,-9999999.000,0.000,0.000,1.000,3,0,0,26,29,0,3,26,0.10344827586206896,0.0,0.0,1.0,0.10526315789473684,0.8947368421052632,-1
"F[0,0](((Calcium < 6.266 & Potassium < 4.269) & Magnesium < 1.706) & Phosphate < 3.494)
",6.374,1.656,0.000,0.000,1.000,3,0,0,26,29,0,3,26,0.10344827586206896,0.0,0.0,1.0,0.10526315789473684,0.8947368421052632,-1
"F[0,0]((Phosphate >= 0.156 & Magnesium > 0.080) -> Calcium < 0.594)
",-4.595,-0.619,0.000,0.000,1.000,3,0,0,26,29,0,3,26,0.10344827586206896,0.0,0.0,1.0,0.10526315789473684,0.8947368421052632,-1
"F[0,1](MAP >= 60.373 & PTT <= 23.556)
",-9999999.000,-9999999.000,0.000,0.000,1.000,3,0,0,26,29,0,3,26,0.10344827586206896,0.0,0.0,1.0,0.10526315789473684,0.8947368421052632,-1
"F[0,1](O2Sat > 58.922 & SepsisLabel = 0.000)
",-9999999.000,-9999999.000,0.000,0.000,1.000,3,0,0,26,29,0,3,26,0.10344827586206896,0.0,0.0,1.0,0.10526315789473684,0.8947368421052632,-1
"F[0,1](Creatinine <= 2.978 & MAP <= 72.299)
",-9999999.000,-9999999.000,0.000,0.000,1.000,3,0,0,26,29,0,3,26,0.10344827586206896,0.0,0.0,1.0,0.10526315789473684,0.8947368421052632,-1
"((MAP <= 76.812) U[1,1] (Phosphate <= 0.276))
",5405151806967443.000,76.812,0.000,0.000,1.000,3,0,0,26,29,0,3,26,0.10344827586206896,0.0,0.0,1.0,0.10526315789473684,0.8947368421052632,-1
"G[0,1](((HR <= 85.798 | Phosphate <= 3.434) & O2Sat <= 1.912) & pH <= 1.565)
",9999999.000,9999999.000,0.000,1.000,0.000,3,0,1,25,28,1,4,25,0.10714285714285714,0.0,1.0,0.75,0.10526315789473684,0.8947368421052632,1
"G[1,1](Hct <= 14.210 -> Platelets >= 4.444)
",-14.210,-14.210,0.000,1.000,0.000,3,0,1,25,28,1,4,25,0.10714285714285714,0.0,1.0,0.75,0.10526315789473684,0.8947368421052632,1
"G[0,1]((SaO2 >= 8.567 | O2Sat <= 93.338) & Magnesium <= 82.716)
",9999999.000,9999999.000,0.000,1.000,0.000,3,0,1,25,28,1,4,25,0.10714285714285714,0.0,1.0,0.75,0.10526315789473684,0.8947368421052632,1
"F[0,0](FiO2 >= 0.015 -> Hct >= 2.525)
",-0.188,-0.700,0.000,0.000,1.000,2,0,0,27,29,0,2,27,0.06896551724137931,0.0,0.0,1.0,0.07017543859649122,0.9298245614035088,-1
"F[0,0](Calcium <= 3.572 -> SaO2 <= 72.820)
",-3.565,-63.642,0.000,0.000,1.000,2,0,0,27,29,0,2,27,0.06896551724137931,0.0,0.0,1.0,0.07017543859649122,0.9298245614035088,-1
"G[0,0](BUN <= 27.402 & Creatinine >= 0.299)
",0.134,0.690,0.000,1.000,0.000,2,0,0,27,29,0,2,27,0.06896551724137931,0.0,0.0,1.0,0.07017543859649122,0.9298245614035088,1
"G[0,0]((Chloride <= 27.871 | pH <= 4.361) -> AST >= 0.108)
",-1.554,-41.554,0.000,1.000,0.000,2,0,0,27,29,0,2,27,0.06896551724137931,0.0,0.0,1.0,0.07017543859649122,0.9298245614035088,1
"F[1,1]((Calcium >= 0.258 -> Bilirubin_direct <= 0.000) & Hgb <= 0.000)
",0.000,0.000,0.000,0.000,1.000,2,0,0,27,29,0,2,27,0.06896551724137931,0.0,0.0,1.0,0.07017543859649122,0.9298245614035088,-1
"F[0,0]((Bilirubin_total >= 0.000 & SepsisLabel <= 0.000) & Fibrinogen <= 0.000)
",-0.192,-4.929,0.000,0.000,1.000,2,0,0,27,29,0,2,27,0.06896551724137931,0.0,0.0,1.0,0.07017543859649122,0.9298245614035088,-1
"F[0,0]((BaseExcess <= 0.142 -> Lactate >= 0.006) -> Platelets <= 0.703)
",0.141,1.929,0.000,0.000,1.000,2,0,0,27,29,0,2,27,0.06896551724137931,0.0,0.0,1.0,0.07017543859649122,0.9298245614035088,-1
"F[0,0]((Glucose <= 75.889 -> Resp <= 24.096) & SepsisLabel <= 18.710)
",-9.615,-77.439,0.000,0.000,1.000,2,0,0,27,29,0,2,27,0.06896551724137931,0.0,0.0,1.0,0.07017543859649122,0.9298245614035088,-1
"F[0,0]((pH <= 1.736 | WBC <= 6.817) -> BUN <= 6.356)
",-79.497,-6.801,0.000,0.000,1.000,2,0,0,27,29,0,2,27,0.06896551724137931,0.0,0.0,1.0,0.07017543859649122,0.9298245614035088,-1
"F[0,1](((FiO2 <= 0.160 | pH >= 0.167) -> SaO2 >= 0.660) -> AST >= 1.061)
",-9999999.000,-9999999.000,0.000,0.000,1.000,1,0,0,28,29,0,1,28,0.034482758620689655,0.0,0.0,1.0,0.03508771929824561,0.9649122807017544,-1
"G[1,1](Potassium > 0.429 & SepsisLabel = 0.000)
",-3859891091636891.000,-0.429,0.000,1.000,0.000,1,0,1,27,28,1,2,27,0.03571428571428571,0.0,1.0,0.5,0.03508771929824561,0.9649122807017544,1
"((BaseExcess <= 0.966) U[0,1] (Hct <= 27.643))
",-9999999.000,-9999999.000,0.000,0.000,1.000,1,0,0,28,29,0,1,28,0.034482758620689655,0.0,0.0,1.0,0.03508771929824561,0.9649122807017544,-1
"((Creatinine >= 0.146) U[0,1] (Glucose <= 118.697))
",-9999999.000,-9999999.000,0.000,0.000,1.000,1,0,0,28,29,0,1,28,0.034482758620689655,0.0,0.0,1.0,0.03508771929824561,0.9649122807017544,-1
"F[1,1](((Calcium < 6.880 & Potassium < 1.209) & Magnesium < 1.683) & Phosphate < 1.432)
",5442662627526513.000,1.209,0.000,0.000,1.000,1,0,0,28,29,0,1,28,0.034482758620689655,0.0,0.0,1.0,0.03508771929824561,0.9649122807017544,-1
"G[1,1](((BUN >= 1.584 -> Phosphate <= 2.603) & Bilirubin_direct >= 0.102) | Potassium >= 0.061)
",-8736353360109625.000,-0.061,0.000,1.000,0.000,1,0,1,27,28,1,2,27,0.03571428571428571,0.0,1.0,0.5,0.03508771929824561,0.9649122807017544,1
"F[0,0]((Calcium >= 0.220 | FiO2 >= 0.003) -> Glucose >= 0.030)
",-0.192,-0.711,0.000,0.000,1.000,1,0,0,28,29,0,1,28,0.034482758620689655,0.0,0.0,1.0,0.03508771929824561,0.9649122807017544,-1
"F[1,1](((Calcium < 0.736 & Potassium < 2.950) & Magnesium < 1.049) & Phosphate < 3.837)
",0.736,0.736,0.000,0.000,1.000,1,0,0,28,29,0,1,28,0.034482758620689655,0.0,0.0,1.0,0.03508771929824561,0.9649122807017544,-1
"F[1,1](((FiO2 <= 0.267 | Bilirubin_total <= 0.000) & Glucose <= 0.000) | Fibrinogen <= 0.000)
",0.000,0.000,0.000,0.000,1.000,0,0,0,29,29,0,0,29,0.0,0.0,0.0,0.0,0.0,1.0,-1
"F[0,2](((Calcium <= 0.703 & DBP <= 48.164) -> SaO2 >= 21.288) | Potassium >= 10.169)
",-9999999.000,-9999999.000,0.000,0.000,1.000,0,0,0,29,29,0,0,29,0.0,0.0,0.0,0.0,0.0,1.0,-1
"F[0,1](BaseExcess >= -0.995 | HCO3 <= 7.042)
",-9999999.000,-9999999.000,0.000,0.000,1.000,0,0,0,29,29,0,0,29,0.0,0.0,0.0,0.0,0.0,1.0,-1
"F[0,2]((SepsisLabel >= 0.000 | Alkalinephos >= 0.000) | Magnesium <= 0.000)
",-9999999.000,-9999999.000,0.000,0.000,1.000,0,0,0,29,29,0,0,29,0.0,0.0,0.0,0.0,0.0,1.0,-1
"F[0,0](((pH <= 3.889 -> O2Sat >= 24.070) -> AST >= 31.528) -> TroponinI <= 92.803)
",-92.803,-92.803,0.000,0.000,1.000,0,0,0,29,29,0,0,29,0.0,0.0,0.0,0.0,0.0,1.0,-1
"((MAP >= 27.427) U[0,2] (WBC >= 0.714))
",-9999999.000,-9999999.000,0.000,0.000,1.000,0,0,0,29,29,0,0,29,0.0,0.0,0.0,0.0,0.0,1.0,-1
"F[0,1]((BUN >= 1.526 -> Temp <= 31.880) -> Bilirubin_direct <= 37.007)
",-9999999.000,-9999999.000,0.000,0.000,1.000,0,0,0,29,29,0,0,29,0.0,0.0,0.0,0.0,0.0,1.0,-1
"F[1,2]((DBP <= 40.840 -> Platelets <= 100.663) & FiO2 >= 8.764)
",-9999999.000,-9999999.000,0.000,0.000,1.000,0,0,0,29,29,0,0,29,0.0,0.0,0.0,0.0,0.0,1.0,-1
"F[0,2]((BaseExcess <= 0.482 & SBP >= 21.947) -> AST <= 124.724)
",-9999999.000,-9999999.000,0.000,0.000,1.000,0,0,0,29,29,0,0,29,0.0,0.0,0.0,0.0,0.0,1.0,-1
"((Bilirubin_direct >= 0.000) U[1,2] (Creatinine <= 1.627))
",-9999999.000,-9999999.000,0.000,0.000,1.000,0,0,0,29,29,0,0,29,0.0,0.0,0.0,0.0,0.0,1.0,-1
"F[1,2](((Lactate >= 0.011 -> Chloride <= 44.767) | PaCO2 >= 5.894) & SaO2 <= 48.963)
",-9999999.000,-9999999.000,0.000,0.000,1.000,0,0,0,29,29,0,0,29,0.0,0.0,0.0,0.0,0.0,1.0,-1
"F[1,2]((Fibrinogen <= 64.324 | HR <= 86.941) & Bilirubin_total >= 34.361)
",-9999999.000,-9999999.000,0.000,0.000,1.000,0,0,0,29,29,0,0,29,0.0,0.0,0.0,0.0,0.0,1.0,-1
"F[1,2]((Resp >= 15.641 -> Hgb >= 0.724) & EtCO2 <= 7.515)
",-9999999.000,-9999999.000,0.000,0.000,1.000,0,0,0,29,29,0,0,29,0.0,0.0,0.0,0.0,0.0,1.0,-1
"F[2,2](Resp >= 0.828 -> Platelets >= 7.933)
",0.828,0.828,0.000,0.000,1.000,0,0,0,29,29,0,0,29,0.0,0.0,0.0,0.0,0.0,1.0,-1
"F[0,2](((Hct <= 9.207 & SepsisLabel <= 0.000) -> HR >= 0.000) | HCO3 <= 0.000)
",-9999999.000,-9999999.000,0.000,0.000,1.000,0,0,0,29,29,0,0,29,0.0,0.0,0.0,0.0,0.0,1.0,-1
"F[1,2](((Hgb <= 6.834 & Resp <= 26.597) | pH <= 23.696) & Glucose >= 11.582)
",-9999999.000,-9999999.000,0.000,0.000,1.000,0,0,0,29,29,0,0,29,0.0,0.0,0.0,0.0,0.0,1.0,-1
"G[2,2](((BUN >= 0.627 & Platelets >= 6.474) | Temp <= 17.343) -> SBP >= 1.425)
",-4881659825443375.000,-17.343,0.000,1.000,0.000,0,0,29,0,0,29,29,0,0.0,0.0,1.0,0.0,0.0,1.0,1
"F[1,2]((Phosphate >= 0.078 & Temp <= 29.337) -> SepsisLabel >= 18.732)
",-9999999.000,-9999999.000,0.000,0.000,1.000,0,0,0,29,29,0,0,29,0.0,0.0,0.0,0.0,0.0,1.0,-1
"((FiO2 > 0.013) U[0,1] (SepsisLabel = 0.000))
",-9999999.000,-9999999.000,0.000,0.000,1.000,0,0,0,29,29,0,0,29,0.0,0.0,0.0,0.0,0.0,1.0,-1
"((Lactate <= 0.818) U[0,2] (SepsisLabel = 0.000))
",-9999999.000,-9999999.000,0.000,0.000,1.000,0,0,0,29,29,0,0,29,0.0,0.0,0.0,0.0,0.0,1.0,-1
"((Bilirubin_total >= 0.000) U[1,1] (SepsisLabel = 0.000))
",0.000,0.000,0.000,0.000,1.000,0,0,0,29,29,0,0,29,0.0,0.0,0.0,0.0,0.0,1.0,-1
"((BaseExcess > -2.978) U[0,2] (SepsisLabel = 0.000))
",-9999999.000,-9999999.000,0.000,0.000,1.000,0,0,0,29,29,0,0,29,0.0,0.0,0.0,0.0,0.0,1.0,-1
"F[0,2]((BUN <= 10.215 & Creatinine <= 4.885) & TroponinI <= 0.361)
",-9999999.000,-9999999.000,0.000,0.000,1.000,0,0,0,29,29,0,0,29,0.0,0.0,0.0,0.0,0.0,1.0,-1
"F[0,2](Chloride <= 105.612 | Platelets <= 88.757)
",-9999999.000,-9999999.000,0.000,0.000,1.000,0,0,0,29,29,0,0,29,0.0,0.0,0.0,0.0,0.0,1.0,-1
"F[0,2](((HCO3 >= 1.132 | Platelets <= 56.100) | Alkalinephos <= 81.080) | TroponinI >= 8.734)
",-9999999.000,-9999999.000,0.000,0.000,1.000,0,0,0,29,29,0,0,29,0.0,0.0,0.0,0.0,0.0,1.0,-1
"F[0,1](Magnesium < 2.216 & SepsisLabel = 0.000)
",-9999999.000,-9999999.000,0.000,0.000,1.000,0,0,0,29,29,0,0,29,0.0,0.0,0.0,0.0,0.0,1.0,-1
"((MAP >= 42.162) U[1,2] (SBP <= 121.944))
",-9999999.000,-9999999.000,0.000,0.000,1.000,0,0,0,29,29,0,0,29,0.0,0.0,0.0,0.0,0.0,1.0,-1
"((Potassium < 2.809) U[0,1] (SepsisLabel = 0.000))
",-9999999.000,-9999999.000,0.000,0.000,1.000,0,0,0,29,29,0,0,29,0.0,0.0,0.0,0.0,0.0,1.0,-1
"F[1,2](BUN > 0.915 & SepsisLabel = 0.000)
",-9999999.000,-9999999.000,0.000,0.000,1.000,0,0,0,29,29,0,0,29,0.0,0.0,0.0,0.0,0.0,1.0,-1
"((BUN > 0.904) U[0,0] (SepsisLabel = 0.000))
",-0.192,-0.032,0.000,0.000,1.000,0,0,0,29,29,0,0,29,0.0,0.0,0.0,0.0,0.0,1.0,-1
"((AST >= 0.000) U[0,1] (SepsisLabel = 0.000))
",-9999999.000,-9999999.000,0.000,0.000,1.000,0,0,0,29,29,0,0,29,0.0,0.0,0.0,0.0,0.0,1.0,-1
"((Potassium <= 1.622) U[0,1] (SepsisLabel = 0.000))
",-9999999.000,-9999999.000,0.000,0.000,1.000,0,0,0,29,29,0,0,29,0.0,0.0,0.0,0.0,0.0,1.0,-1
"((Alkalinephos >= 0.000) U[2,2] (SepsisLabel = 0.000))
",0.000,0.000,0.000,0.000,1.000,0,0,0,29,29,0,0,29,0.0,0.0,0.0,0.0,0.0,1.0,-1
"F[2,2](HR <= 86.051 -> Lactate >= 0.018)
",-86.051,-86.051,0.000,0.000,1.000,0,0,0,29,29,0,0,29,0.0,0.0,0.0,0.0,0.0,1.0,-1
"F[1,2](PTT <= 10.278 & SepsisLabel = 0.000)
",-9999999.000,-9999999.000,0.000,0.000,1.000,0,0,0,29,29,0,0,29,0.0,0.0,0.0,0.0,0.0,1.0,-1
"((Platelets < 61.310) U[0,2] (SepsisLabel = 0.000))
",-9999999.000,-9999999.000,0.000,0.000,1.000,0,0,0,29,29,0,0,29,0.0,0.0,0.0,0.0,0.0,1.0,-1
"F[0,2](Platelets > 4.195 -> SepsisLabel = 0.000)
",-9999999.000,-9999999.000,0.000,0.000,1.000,0,0,0,29,29,0,0,29,0.0,0.0,0.0,0.0,0.0,1.0,-1
"F[2,2](PaCO2 >= 5.651 -> SepsisLabel = 0.000)
",0.000,0.000,0.000,0.000,1.000,0,0,0,29,29,0,0,29,0.0,0.0,0.0,0.0,0.0,1.0,-1
"F[2,2](Potassium > 0.380 -> SepsisLabel = 0.000)
",0.000,0.000,0.000,0.000,1.000,0,0,0,29,29,0,0,29,0.0,0.0,0.0,0.0,0.0,1.0,-1
"((Calcium < 7.334) U[0,1] (SepsisLabel = 0.000))
",-9999999.000,-9999999.000,0.000,0.000,1.000,0,0,0,29,29,0,0,29,0.0,0.0,0.0,0.0,0.0,1.0,-1
"((Resp >= 12.066) U[2,2] (SepsisLabel = 0.000))
",0.000,0.000,0.000,0.000,1.000,0,0,0,29,29,0,0,29,0.0,0.0,0.0,0.0,0.0,1.0,-1
"F[0,2](TroponinI <= 0.000 -> SepsisLabel = 0.000)
",-9999999.000,-9999999.000,0.000,0.000,1.000,0,0,0,29,29,0,0,29,0.0,0.0,0.0,0.0,0.0,1.0,-1
"F[0,2](HCO3 >= 0.259 & SepsisLabel = 0.000)
",-9999999.000,-9999999.000,0.000,0.000,1.000,0,0,0,29,29,0,0,29,0.0,0.0,0.0,0.0,0.0,1.0,-1
"F[1,2](EtCO2 > 0.000 -> SepsisLabel = 0.000)
",-9999999.000,-9999999.000,0.000,0.000,1.000,0,0,0,29,29,0,0,29,0.0,0.0,0.0,0.0,0.0,1.0,-1
"((Platelets >= 3.040) U[2,2] (SaO2 <= 85.267))
",3000077412210230.500,85.267,0.000,0.000,1.000,0,0,0,29,29,0,0,29,0.0,0.0,0.0,0.0,0.0,1.0,-1
"((Glucose <= 148.072) U[0,1] (SaO2 <= 36.040))
",-9999999.000,-9999999.000,0.000,0.000,1.000,0,0,0,29,29,0,0,29,0.0,0.0,0.0,0.0,0.0,1.0,-1
"F[0,0](((SaO2 <= 15.506 & SBP >= 11.423) -> Fibrinogen <= 109.782) | Hgb <= 115.489)
",9.482,110.111,0.000,0.000,1.000,0,0,0,29,29,0,0,29,0.0,0.0,0.0,0.0,0.0,1.0,-1
"F[1,2]((HR <= 85.214 & Magnesium >= 0.035) -> Lactate <= 1.250)
",-9999999.000,-9999999.000,0.000,0.000,1.000,0,0,0,29,29,0,0,29,0.0,0.0,0.0,0.0,0.0,1.0,-1
"F[1,2](((pH <= 6.356 | SBP >= 5.029) & Hgb >= 44.024) -> Alkalinephos <= 107.742)
",-9999999.000,-9999999.000,0.000,0.000,1.000,0,0,0,29,29,0,0,29,0.0,0.0,0.0,0.0,0.0,1.0,-1
"F[2,2](((DBP >= 27.401 -> PTT <= 15.492) & Chloride >= 1.560) | Alkalinephos <= 31.440)
",31.440,31.440,0.000,0.000,1.000,0,0,0,29,29,0,0,29,0.0,0.0,0.0,0.0,0.0,1.0,-1
"((Magnesium <= 2.374) U[1,2] (Glucose >= 23.600))
",-9999999.000,-9999999.000,0.000,0.000,1.000,0,0,0,29,29,0,0,29,0.0,0.0,0.0,0.0,0.0,1.0,-1
"((AST <= 0.000) U[1,2] (Fibrinogen <= 395.157))
",-9999999.000,-9999999.000,0.000,0.000,1.000,0,0,0,29,29,0,0,29,0.0,0.0,0.0,0.0,0.0,1.0,-1
"F[1,2](((Calcium <= 6.008 & WBC >= 0.330) | Hct >= 0.656) -> Chloride >= 0.156)
",-9999999.000,-9999999.000,0.000,0.000,1.000,0,0,0,29,29,0,0,29,0.0,0.0,0.0,0.0,0.0,1.0,-1
"F[0,1]((Lactate <= 1.091 -> Calcium <= 3.175) | AST >= 0.007)
",-9999999.000,-9999999.000,0.000,0.000,1.000,0,0,0,29,29,0,0,29,0.0,0.0,0.0,0.0,0.0,1.0,-1
"F[2,2](((Chloride <= 76.060 & PTT >= 0.161) & Hgb <= 26.789) -> TroponinI <= 33.684)
",-4740574609325713.000,-33.684,0.000,0.000,1.000,0,0,0,29,29,0,0,29,0.0,0.0,0.0,0.0,0.0,1.0,-1
"F[1,2](WBC <= 7.801 | Hgb <= 9.580)
",-9999999.000,-9999999.000,0.000,0.000,1.000,0,0,0,29,29,0,0,29,0.0,0.0,0.0,0.0,0.0,1.0,-1
"F[2,2]((Creatinine <= 1.317 & BUN <= 12.583) -> FiO2 <= 13.251)
",-7459588507987945.000,-13.251,0.000,0.000,1.000,0,0,0,29,29,0,0,29,0.0,0.0,0.0,0.0,0.0,1.0,-1
"F[0,2](Hct >= 0.292 | AST >= 0.000)
",-9999999.000,-9999999.000,0.000,0.000,1.000,0,0,0,29,29,0,0,29,0.0,0.0,0.0,0.0,0.0,1.0,-1
"F[2,2]((SBP >= 101.371 -> HR <= 88.467) & Temp >= 40.335)
",-3112662229989078.500,-88.467,0.000,0.000,1.000,0,0,0,29,29,0,0,29,0.0,0.0,0.0,0.0,0.0,1.0,-1
"F[0,2]((SepsisLabel <= 0.000 | Platelets <= 137.583) & Chloride <= 63.606)
",-9999999.000,-9999999.000,0.000,0.000,1.000,0,0,0,29,29,0,0,29,0.0,0.0,0.0,0.0,0.0,1.0,-1
"((Fibrinogen >= 1.477) U[0,2] (MAP <= 78.492))
",-9999999.000,-9999999.000,0.000,0.000,1.000,0,0,0,29,29,0,0,29,0.0,0.0,0.0,0.0,0.0,1.0,-1
"F[0,2]((HCO3 <= 4.581 -> Resp >= 1.576) & Magnesium >= 0.960)
",-9999999.000,-9999999.000,0.000,0.000,1.000,0,0,0,29,29,0,0,29,0.0,0.0,0.0,0.0,0.0,1.0,-1
"F[1,1]((FiO2 <= 0.512 -> SBP >= 63.545) | MAP >= 68.795)
",-4607630153374241.000,-0.512,0.000,0.000,1.000,0,0,0,29,29,0,0,29,0.0,0.0,0.0,0.0,0.0,1.0,-1
"F[0,1]((Phosphate <= 3.778 | Temp >= 9.440) & SepsisLabel <= 34.238)
",-9999999.000,-9999999.000,0.000,0.000,1.000,0,0,0,29,29,0,0,29,0.0,0.0,0.0,0.0,0.0,1.0,-1
"F[1,2](Creatinine <= 1.695 & HCO3 <= 15.619)
",-9999999.000,-9999999.000,0.000,0.000,1.000,0,0,0,29,29,0,0,29,0.0,0.0,0.0,0.0,0.0,1.0,-1
"F[1,1]((Bilirubin_direct >= 0.000 & TroponinI <= 0.000) -> BaseExcess <= 0.000)
",0.000,0.000,0.000,0.000,1.000,0,0,0,29,29,0,0,29,0.0,0.0,0.0,0.0,0.0,1.0,-1
"F[1,2]((WBC >= 0.538 | Bilirubin_direct >= 0.000) | Bilirubin_direct >= 0.000)
",-9999999.000,-9999999.000,0.000,0.000,1.000,0,0,0,29,29,0,0,29,0.0,0.0,0.0,0.0,0.0,1.0,-1
"F[1,2](((Bilirubin_direct <= 0.000 -> Platelets >= 0.194) -> Calcium >= 2.941) -> Glucose >= 2.419)
",-9999999.000,-9999999.000,0.000,0.000,1.000,0,0,0,29,29,0,0,29,0.0,0.0,0.0,0.0,0.0,1.0,-1
"F[1,2](Fibrinogen <= 287.599 & WBC <= 8.198)
",-9999999.000,-9999999.000,0.000,0.000,1.000,0,0,0,29,29,0,0,29,0.0,0.0,0.0,0.0,0.0,1.0,-1
"((WBC <= 11.927) U[1,2] (DBP <= 54.423))
",-9999999.000,-9999999.000,0.000,0.000,1.000,0,0,0,29,29,0,0,29,0.0,0.0,0.0,0.0,0.0,1.0,-1
"F[0,2](((Bilirubin_direct <= 0.000 -> SepsisLabel >= 0.000) | FiO2 >= 0.000) & Lactate <= 0.000)
",-9999999.000,-9999999.000,0.000,0.000,1.000,0,0,0,29,29,0,0,29,0.0,0.0,0.0,0.0,0.0,1.0,-1
"F[2,2]((PTT >= 1.296 & Bilirubin_direct <= 0.000) | SepsisLabel >= 0.000)
",0.000,0.000,0.000,0.000,1.000,0,0,0,29,29,0,0,29,0.0,0.0,0.0,0.0,0.0,1.0,-1
"F[0,0](((Fibrinogen >= 12.254 -> Hgb >= 0.537) & SaO2 <= 11.964) | Phosphate <= 11.230)
",25.022,11.145,0.000,0.000,1.000,0,0,0,29,29,0,0,29,0.0,0.0,0.0,0.0,0.0,1.0,-1
"F[2,2]((Chloride >= 4.242 -> Resp <= 19.654) | AST <= 19.748)
",5558511895912555.000,19.748,0.000,0.000,1.000,0,0,0,29,29,0,0,29,0.0,0.0,0.0,0.0,0.0,1.0,-1
"F[0,2](((Potassium <= 2.144 -> SBP >= 5.168) -> Lactate <= 129.777) -> Bilirubin_direct >= 22.936)
",-9999999.000,-9999999.000,0.000,0.000,1.000,0,0,0,29,29,0,0,29,0.0,0.0,0.0,0.0,0.0,1.0,-1
"F[1,2](((Chloride >= 7.353 | SBP >= 75.675) -> Lactate <= 129.458) & Bilirubin_total >= 10.843)
",-9999999.000,-9999999.000,0.000,0.000,1.000,0,0,0,29,29,0,0,29,0.0,0.0,0.0,0.0,0.0,1.0,-1
"F[0,2](((pH <= 6.424 | Resp <= 19.762) & Bilirubin_total >= 6.982) -> Potassium <= 19.291)
",-9999999.000,-9999999.000,0.000,0.000,1.000,0,0,0,29,29,0,0,29,0.0,0.0,0.0,0.0,0.0,1.0,-1
"F[0,1](Calcium <= 5.926 -> MAP >= 18.871)
",-9999999.000,-9999999.000,0.000,0.000,1.000,0,0,0,29,29,0,0,29,0.0,0.0,0.0,0.0,0.0,1.0,-1
"F[1,2](((MAP <= 71.568 & O2Sat <= 88.073) | Creatinine <= 92.242) -> MAP >= 44.214)
",-9999999.000,-9999999.000,0.000,0.000,1.000,0,0,0,29,29,0,0,29,0.0,0.0,0.0,0.0,0.0,1.0,-1
"F[0,2](((BaseExcess >= -2.050 & MAP >= 23.466) & Resp <= 68.975) & Resp <= 79.213)
",-9999999.000,-9999999.000,0.000,0.000,1.000,0,0,0,29,29,0,0,29,0.0,0.0,0.0,0.0,0.0,1.0,-1
"F[0,2]((Magnesium <= 1.004 & MAP <= 73.674) | FiO2 >= 16.016)
",-9999999.000,-9999999.000,0.000,0.000,1.000,0,0,0,29,29,0,0,29,0.0,0.0,0.0,0.0,0.0,1.0,-1
"F[1,2](((HCO3 >= 0.412 -> Resp >= 11.256) | MAP <= 25.953) -> Chloride <= 25.745)
",-9999999.000,-9999999.000,0.000,0.000,1.000,0,0,0,29,29,0,0,29,0.0,0.0,0.0,0.0,0.0,1.0,-1
"F[1,2](SBP >= 88.585 | Hgb <= 10.308)
",-9999999.000,-9999999.000,0.000,0.000,1.000,0,0,0,29,29,0,0,29,0.0,0.0,0.0,0.0,0.0,1.0,-1
"F[0,2](((Platelets >= 0.252 | SBP >= 39.597) | EtCO2 <= 117.127) & SepsisLabel >= 89.117)
",-9999999.000,-9999999.000,0.000,0.000,1.000,0,0,0,29,29,0,0,29,0.0,0.0,0.0,0.0,0.0,1.0,-1
"F[0,2](((DBP >= 4.910 & Magnesium <= 1.232) -> PTT >= 0.024) -> Hgb >= 0.042)
",-9999999.000,-9999999.000,0.000,0.000,1.000,0,0,0,29,29,0,0,29,0.0,0.0,0.0,0.0,0.0,1.0,-1
"F[0,2](Creatinine >= 0.282 | Platelets <= 134.648)
",-9999999.000,-9999999.000,0.000,0.000,1.000,0,0,0,29,29,0,0,29,0.0,0.0,0.0,0.0,0.0,1.0,-1
"((Calcium <= 6.720) U[0,2] (Resp >= 9.478))
",-9999999.000,-9999999.000,0.000,0.000,1.000,0,0,0,29,29,0,0,29,0.0,0.0,0.0,0.0,0.0,1.0,-1
"F[1,2](SepsisLabel <= 0.000 -> BaseExcess <= 0.636)
",-9999999.000,-9999999.000,0.000,0.000,1.000,0,0,0,29,29,0,0,29,0.0,0.0,0.0,0.0,0.0,1.0,-1
"F[0,0]((MAP >= 13.216 -> Temp <= 21.035) | Lactate <= 26.763)
",-0.292,-13.956,0.000,0.000,1.000,0,0,0,29,29,0,0,29,0.0,0.0,0.0,0.0,0.0,1.0,-1
"F[1,2]((SBP >= 92.619 -> Fibrinogen >= 2.589) -> PTT >= 1.705)
",-9999999.000,-9999999.000,0.000,0.000,1.000,0,0,0,29,29,0,0,29,0.0,0.0,0.0,0.0,0.0,1.0,-1
"F[1,2](((HCO3 <= 18.231 & Platelets >= 1.081) | SepsisLabel >= 7.514) | MAP >= 8.879)
",-9999999.000,-9999999.000,0.000,0.000,1.000,0,0,0,29,29,0,0,29,0.0,0.0,0.0,0.0,0.0,1.0,-1
"F[0,2](MAP >= 30.221 & Bilirubin_direct >= 0.000)
",-9999999.000,-9999999.000,0.000,0.000,1.000,0,0,0,29,29,0,0,29,0.0,0.0,0.0,0.0,0.0,1.0,-1
"F[0,1](((SaO2 <= 31.345 | HR >= 49.475) & HCO3 >= 8.853) | BUN <= 86.146)
",-9999999.000,-9999999.000,0.000,0.000,1.000,0,0,0,29,29,0,0,29,0.0,0.0,0.0,0.0,0.0,1.0,-1
"F[0,1](((HCO3 >= 0.840 & WBC <= 15.056) | MAP >= 0.506) | PaCO2 <= 11.374)
",-9999999.000,-9999999.000,0.000,0.000,1.000,0,0,0,29,29,0,0,29,0.0,0.0,0.0,0.0,0.0,1.0,-1
"((AST >= 0.000) U[0,2] (Lactate <= 0.551))
",-9999999.000,-9999999.000,0.000,0.000,1.000,0,0,0,29,29,0,0,29,0.0,0.0,0.0,0.0,0.0,1.0,-1
"((HR <= 87.138) U[0,2] (SepsisLabel = 0.000))
",-9999999.000,-9999999.000,0.000,0.000,1.000,0,0,0,29,29,0,0,29,0.0,0.0,0.0,0.0,0.0,1.0,-1
"((EtCO2 >= 0.000) U[1,2] (SepsisLabel = 0.000))
",-9999999.000,-9999999.000,0.000,0.000,1.000,0,0,0,29,29,0,0,29,0.0,0.0,0.0,0.0,0.0,1.0,-1
"F[0,2](pH < 5.406 -> SepsisLabel = 0.000)
",-9999999.000,-9999999.000,0.000,0.000,1.000,0,0,0,29,29,0,0,29,0.0,0.0,0.0,0.0,0.0,1.0,-1
"F[0,1](((Hgb <= 7.371 | Potassium >= 0.346) -> AST >= 0.060) -> Glucose <= 1.071)
",-9999999.000,-9999999.000,0.000,0.000,1.000,0,0,0,29,29,0,0,29,0.0,0.0,0.0,0.0,0.0,1.0,-1
"F[0,1](Lactate <= 0.721 -> Phosphate <= 2.956)
",-9999999.000,-9999999.000,0.000,0.000,1.000,0,0,0,29,29,0,0,29,0.0,0.0,0.0,0.0,0.0,1.0,-1
"F[0,2](((Lactate >= 0.017 | Magnesium >= 0.011) & Hgb >= 0.018) | Glucose <= 2.251)
",-9999999.000,-9999999.000,0.000,0.000,1.000,0,0,0,29,29,0,0,29,0.0,0.0,0.0,0.0,0.0,1.0,-1
"((PaCO2 >= 5.266) U[0,2] (SaO2 <= 70.319))
",-9999999.000,-9999999.000,0.000,0.000,1.000,0,0,0,29,29,0,0,29,0.0,0.0,0.0,0.0,0.0,1.0,-1
"F[0,2](((Lactate >= 0.014 | WBC >= 0.060) -> Chloride >= 0.524) | PTT >= 0.701)
",-9999999.000,-9999999.000,0.000,0.000,1.000,0,0,0,29,29,0,0,29,0.0,0.0,0.0,0.0,0.0,1.0,-1
"F[1,2]((PaCO2 <= 33.383 | PTT <= 10.578) | Resp <= 21.590)
",-9999999.000,-9999999.000,0.000,0.000,1.000,0,0,0,29,29,0,0,29,0.0,0.0,0.0,0.0,0.0,1.0,-1
"((FiO2 <= 0.094) U[2,2] (WBC >= 0.548))
",6768696538321313.000,0.094,0.000,0.000,1.000,0,0,0,29,29,0,0,29,0.0,0.0,0.0,0.0,0.0,1.0,-1
"F[0,2](DBP >= 13.394 | Resp >= 1.236)
",-9999999.000,-9999999.000,0.000,0.000,1.000,0,0,0,29,29,0,0,29,0.0,0.0,0.0,0.0,0.0,1.0,-1
"F[1,2]((FiO2 >= 0.056 & Resp <= 18.729) -> Calcium >= 12.500)
",-9999999.000,-9999999.000,0.000,0.000,1.000,0,0,0,29,29,0,0,29,0.0,0.0,0.0,0.0,0.0,1.0,-1
"F[2,2](HCO3 <= 7.311 -> pH >= 0.497)
",-8231651484893183.000,-7.311,0.000,0.000,1.000,0,0,0,29,29,0,0,29,0.0,0.0,0.0,0.0,0.0,1.0,-1
"F[0,2](((Potassium >= 0.295 & Temp <= 20.802) -> Hgb <= 25.256) | Bilirubin_direct <= 25.644)
",-9999999.000,-9999999.000,0.000,0.000,1.000,0,0,0,29,29,0,0,29,0.0,0.0,0.0,0.0,0.0,1.0,-1
"F[0,2]((BaseExcess <= 0.852 | Phosphate <= 3.219) -> SBP >= 0.136)
",-9999999.000,-9999999.000,0.000,0.000,1.000,0,0,0,29,29,0,0,29,0.0,0.0,0.0,0.0,0.0,1.0,-1
"F[0,2](((BUN <= 2.132 -> SaO2 >= 2.038) -> DBP <= 53.449) | pH <= 36.493)
",-9999999.000,-9999999.000,0.000,0.000,1.000,0,0,0,29,29,0,0,29,0.0,0.0,0.0,0.0,0.0,1.0,-1
"F[1,2](BaseExcess <= 0.501 & DBP <= 37.416)
",-9999999.000,-9999999.000,0.000,0.000,1.000,0,0,0,29,29,0,0,29,0.0,0.0,0.0,0.0,0.0,1.0,-1
"F[1,2](((Glucose >= 13.983 & PTT <= 10.218) & Bilirubin_direct >= 1.009) -> Alkalinephos <= 3.871)
",-9999999.000,-9999999.000,0.000,0.000,1.000,0,0,0,29,29,0,0,29,0.0,0.0,0.0,0.0,0.0,1.0,-1
"F[1,2](((FiO2 >= 0.013 | O2Sat <= 97.344) | Alkalinephos <= 85.939) | PTT <= 93.420)
",-9999999.000,-9999999.000,0.000,0.000,1.000,0,0,0,29,29,0,0,29,0.0,0.0,0.0,0.0,0.0,1.0,-1
"F[1,2](HR <= 84.840 -> Temp >= 9.104)
",-9999999.000,-9999999.000,0.000,0.000,1.000,0,0,0,29,29,0,0,29,0.0,0.0,0.0,0.0,0.0,1.0,-1
"F[1,2]((O2Sat >= 8.965 | Potassium >= 0.318) & O2Sat >= 0.298)
",-9999999.000,-9999999.000,0.000,0.000,1.000,0,0,0,29,29,0,0,29,0.0,0.0,0.0,0.0,0.0,1.0,-1
"F[0,1](((Creatinine >= 0.050 | SaO2 >= 4.433) & Bilirubin_direct <= 75.659) | Creatinine <= 94.863)
",-9999999.000,-9999999.000,0.000,0.000,1.000,0,0,0,29,29,0,0,29,0.0,0.0,0.0,0.0,0.0,1.0,-1
"F[1,2](SBP >= 92.752 -> Temp <= 34.121)
",-9999999.000,-9999999.000,0.000,0.000,1.000,0,0,0,29,29,0,0,29,0.0,0.0,0.0,0.0,0.0,1.0,-1
"F[0,2](PaCO2 >= 3.704 | Phosphate <= 3.796)
",-9999999.000,-9999999.000,0.000,0.000,1.000,0,0,0,29,29,0,0,29,0.0,0.0,0.0,0.0,0.0,1.0,-1
"F[0,2]((BaseExcess >= -0.889 -> Magnesium <= 0.290) -> Bilirubin_total >= 0.059)
",-9999999.000,-9999999.000,0.000,0.000,1.000,0,0,0,29,29,0,0,29,0.0,0.0,0.0,0.0,0.0,1.0,-1
"F[1,2](Chloride <= 64.371 & Magnesium >= 0.029)
",-9999999.000,-9999999.000,0.000,0.000,1.000,0,0,0,29,29,0,0,29,0.0,0.0,0.0,0.0,0.0,1.0,-1
"F[1,2](BUN >= 1.359 & Glucose <= 131.799)
",-9999999.000,-9999999.000,0.000,0.000,1.000,0,0,0,29,29,0,0,29,0.0,0.0,0.0,0.0,0.0,1.0,-1
"F[1,2](((Hct >= 1.107 | PaCO2 <= 33.272) -> Magnesium >= 1.056) & HR <= 42.605)
",-9999999.000,-9999999.000,0.000,0.000,1.000,0,0,0,29,29,0,0,29,0.0,0.0,0.0,0.0,0.0,1.0,-1
"F[1,1]((Fibrinogen >= 5.146 | Hct >= 2.914) -> EtCO2 <= 34.746)
",-34.746,-34.746,0.000,0.000,1.000,0,0,0,29,29,0,0,29,0.0,0.0,0.0,0.0,0.0,1.0,-1
"F[0,2]((Magnesium <= 0.955 | WBC >= 0.233) | Alkalinephos >= 0.380)
",-9999999.000,-9999999.000,0.000,0.000,1.000,0,0,0,29,29,0,0,29,0.0,0.0,0.0,0.0,0.0,1.0,-1
"F[2,2](BaseExcess <= 0.051 | PaCO2 <= 19.737)
",5555375826472459.000,19.737,0.000,0.000,1.000,0,0,0,29,29,0,0,29,0.0,0.0,0.0,0.0,0.0,1.0,-1
"((Platelets <= 31.364) U[2,2] (SepsisLabel = 0.000))
",8828099172663879.000,31.364,0.000,0.000,1.000,0,0,0,29,29,0,0,29,0.0,0.0,0.0,0.0,0.0,1.0,-1
"F[0,0](((HCO3 <= 13.796 -> Potassium >= 0.450) & SaO2 <= 1.744) | EtCO2 <= 2.387)
",-3.466,-12.967,0.000,0.000,1.000,0,0,0,29,29,0,0,29,0.0,0.0,0.0,0.0,0.0,1.0,-1
"((pH <= 4.904) U[1,2] (Potassium >= 0.466))
",-9999999.000,-9999999.000,0.000,0.000,1.000,0,0,0,29,29,0,0,29,0.0,0.0,0.0,0.0,0.0,1.0,-1
"F[1,2](Resp <= 18.447 -> SBP >= 45.709)
",-9999999.000,-9999999.000,0.000,0.000,1.000,0,0,0,29,29,0,0,29,0.0,0.0,0.0,0.0,0.0,1.0,-1
"F[0,1]((Hct >= 2.647 | Magnesium <= 1.175) | Temp <= 0.283)
",-9999999.000,-9999999.000,0.000,0.000,1.000,0,0,0,29,29,0,0,29,0.0,0.0,0.0,0.0,0.0,1.0,-1
"F[1,2]((Fibrinogen >= 9.365 & Potassium >= 0.487) -> Magnesium <= 1.894)
",-9999999.000,-9999999.000,0.000,0.000,1.000,0,0,0,29,29,0,0,29,0.0,0.0,0.0,0.0,0.0,1.0,-1
"F[2,2]((Glucose <= 135.420 & PaCO2 <= 52.752) | Hct <= 48.200)
",7424177646824931.000,52.752,0.000,0.000,1.000,0,0,0,29,29,0,0,29,0.0,0.0,0.0,0.0,0.0,1.0,-1
"((O2Sat >= 68.309) U[1,2] (Temp >= 6.886))
",-9999999.000,-9999999.000,0.000,0.000,1.000,0,0,0,29,29,0,0,29,0.0,0.0,0.0,0.0,0.0,1.0,-1
"((Glucose <= 112.273) U[1,2] (pH >= 0.735))
",-9999999.000,-9999999.000,0.000,0.000,1.000,0,0,0,29,29,0,0,29,0.0,0.0,0.0,0.0,0.0,1.0,-1
"F[1,1]((Calcium <= 6.073 -> Lactate >= 0.022) -> Fibrinogen <= 1.383)
",-6226372979308342.000,-1.383,0.000,0.000,1.000,0,0,0,29,29,0,0,29,0.0,0.0,0.0,0.0,0.0,1.0,-1
"F[2,2](DBP >= 12.238 & Glucose <= 60.252)
",-6889566834779487.000,-12.238,0.000,0.000,1.000,0,0,0,29,29,0,0,29,0.0,0.0,0.0,0.0,0.0,1.0,-1
"F[0,1]((Fibrinogen <= 425.517 | Lactate <= 0.913) | Glucose >= 0.003)
",-9999999.000,-9999999.000,0.000,0.000,1.000,0,0,0,29,29,0,0,29,0.0,0.0,0.0,0.0,0.0,1.0,-1
"F[0,2](((Hgb <= 3.099 -> Magnesium >= 0.086) | PaCO2 >= 0.095) | Lactate <= 0.170)
",-9999999.000,-9999999.000,0.000,0.000,1.000,0,0,0,29,29,0,0,29,0.0,0.0,0.0,0.0,0.0,1.0,-1
"F[0,1](((BUN >= 1.626 & Hct >= 1.759) -> Fibrinogen >= 2.665) | PaCO2 >= 2.472)
",-9999999.000,-9999999.000,0.000,0.000,1.000,0,0,0,29,29,0,0,29,0.0,0.0,0.0,0.0,0.0,1.0,-1
"F[2,2]((Creatinine <= 0.602 | Hct <= 12.929) -> PaCO2 <= 23.307)
",-6560373400672041.000,-23.307,0.000,0.000,1.000,0,0,0,29,29,0,0,29,0.0,0.0,0.0,0.0,0.0,1.0,-1
"F[0,2](((Calcium <= 7.921 -> PTT <= 26.417) | AST >= 0.598) | Temp >= 1.046)
",-9999999.000,-9999999.000,0.000,0.000,1.000,0,0,0,29,29,0,0,29,0.0,0.0,0.0,0.0,0.0,1.0,-1
"((HCO3 >= 0.961) U[2,2] (Hct >= 1.132))
",-8651774054742242.000,-0.961,0.000,0.000,1.000,0,0,0,29,29,0,0,29,0.0,0.0,0.0,0.0,0.0,1.0,-1
"F[0,0](((DBP <= 54.056 | Temp <= 27.960) -> Phosphate <= 24.678) -> WBC <= 35.180)
",-5.059,-33.891,0.000,0.000,1.000,0,0,0,29,29,0,0,29,0.0,0.0,0.0,0.0,0.0,1.0,-1
"F[0,0](Potassium >= 0.179 | PTT <= 22.836)
",6.691,21.721,0.000,0.000,1.000,0,0,0,29,29,0,0,29,0.0,0.0,0.0,0.0,0.0,1.0,-1
"F[0,2](Fibrinogen <= 282.412 -> Phosphate >= 0.078)
",-9999999.000,-9999999.000,0.000,0.000,1.000,0,0,0,29,29,0,0,29,0.0,0.0,0.0,0.0,0.0,1.0,-1
"F[2,2](((HCO3 >= 1.413 & PTT >= 0.061) -> HCO3 <= 25.367) & Platelets >= 0.850)
",-25.367,-25.367,0.000,0.000,1.000,0,0,0,29,29,0,0,29,0.0,0.0,0.0,0.0,0.0,1.0,-1
"F[0,2](((Fibrinogen <= 117.228 | Magnesium >= 0.089) | Glucose <= 1.907) & O2Sat <= 1.824)
",-9999999.000,-9999999.000,0.000,0.000,1.000,0,0,0,29,29,0,0,29,0.0,0.0,0.0,0.0,0.0,1.0,-1
"F[0,2](((Calcium >= 0.413 -> HCO3 >= 0.059) -> Phosphate >= 1.004) | SaO2 <= 24.498)
",-9999999.000,-9999999.000,0.000,0.000,1.000,0,0,0,29,29,0,0,29,0.0,0.0,0.0,0.0,0.0,1.0,-1
"F[0,2](((HCO3 <= 27.030 | Phosphate >= 0.160) & Platelets >= 0.158) & DBP <= 1.377)
",-9999999.000,-9999999.000,0.000,0.000,1.000,0,0,0,29,29,0,0,29,0.0,0.0,0.0,0.0,0.0,1.0,-1
"F[2,2](((Calcium >= 0.118 & Creatinine <= 1.257) | Bilirubin_total >= 0.271) & Platelets <= 5.428)
",-4239139668526628.500,-0.118,0.000,0.000,1.000,0,0,0,29,29,0,0,29,0.0,0.0,0.0,0.0,0.0,1.0,-1
"F[2,2]((FiO2 <= 0.671 | Potassium >= 0.302) | pH >= 0.199)
",6039623137187197.000,0.671,0.000,0.000,1.000,0,0,0,29,29,0,0,29,0.0,0.0,0.0,0.0,0.0,1.0,-1
"F[0,2](HR <= 83.482 -> SBP <= 112.514)
",-9999999.000,-9999999.000,0.000,0.000,1.000,0,0,0,29,29,0,0,29,0.0,0.0,0.0,0.0,0.0,1.0,-1
"F[0,2]((PaCO2 <= 10.242 & Platelets <= 115.424) | PTT <= 78.607)
",-9999999.000,-9999999.000,0.000,0.000,1.000,0,0,0,29,29,0,0,29,0.0,0.0,0.0,0.0,0.0,1.0,-1
"F[0,0](((FiO2 <= 0.067 | SaO2 >= 7.573) & Potassium >= 7.344) -> Potassium <= 38.881)
",-53.529,-38.741,0.000,0.000,1.000,0,0,0,29,29,0,0,29,0.0,0.0,0.0,0.0,0.0,1.0,-1
"F[0,0](((Glucose >= 34.110 & O2Sat <= 86.469) & BaseExcess <= 89.125) -> pH <= 88.481)
",-546.584,-88.406,0.000,0.000,1.000,0,0,0,29,29,0,0,29,0.0,0.0,0.0,0.0,0.0,1.0,-1
"F[2,2]((pH >= 0.340 | PTT <= 32.543) -> Temp >= 1.120)
",-4579988993555324.000,-32.543,0.000,0.000,1.000,0,0,0,29,29,0,0,29,0.0,0.0,0.0,0.0,0.0,1.0,-1
"F[1,2]((Calcium <= 3.382 & Potassium <= 4.333) & Magnesium >= 0.057)
",-9999999.000,-9999999.000,0.000,0.000,1.000,0,0,0,29,29,0,0,29,0.0,0.0,0.0,0.0,0.0,1.0,-1
"F[0,2]((Phosphate >= 0.118 & Magnesium > 0.059) -> Calcium < 5.030)
",-9999999.000,-9999999.000,0.000,0.000,1.000,0,0,0,29,29,0,0,29,0.0,0.0,0.0,0.0,0.0,1.0,-1
"F[1,2]((Calcium <= 5.488 & Potassium <= 1.263) & Magnesium >= 0.008)
",-9999999.000,-9999999.000,0.000,0.000,1.000,0,0,0,29,29,0,0,29,0.0,0.0,0.0,0.0,0.0,1.0,-1
"F[0,2](((Calcium < 5.017 & Potassium < 3.602) & Magnesium < 1.039) & Phosphate < 0.953)
",-9999999.000,-9999999.000,0.000,0.000,1.000,0,0,0,29,29,0,0,29,0.0,0.0,0.0,0.0,0.0,1.0,-1
"F[0,2](Hgb <= 2.479 | Hct <= 31.749)
",-9999999.000,-9999999.000,0.000,0.000,1.000,0,0,0,29,29,0,0,29,0.0,0.0,0.0,0.0,0.0,1.0,-1
"F[0,2]((Phosphate >= 0.082 & Magnesium > 0.062) -> Calcium < 4.227)
",-9999999.000,-9999999.000,0.000,0.000,1.000,0,0,0,29,29,0,0,29,0.0,0.0,0.0,0.0,0.0,1.0,-1
"((MAP >= 17.133) U[0,2] (SBP <= 130.161))
",-9999999.000,-9999999.000,0.000,0.000,1.000,0,0,0,29,29,0,0,29,0.0,0.0,0.0,0.0,0.0,1.0,-1
"F[0,2](Hgb <= 3.078 | Hct <= 21.989)
",-9999999.000,-9999999.000,0.000,0.000,1.000,0,0,0,29,29,0,0,29,0.0,0.0,0.0,0.0,0.0,1.0,-1
"F[0,2]((Calcium <= 8.302 & Potassium <= 0.805) & Magnesium >= 0.016)
",-9999999.000,-9999999.000,0.000,0.000,1.000,0,0,0,29,29,0,0,29,0.0,0.0,0.0,0.0,0.0,1.0,-1
"F[2,2](((Calcium < 5.742 & Potassium < 1.142) & Magnesium < 0.787) & Phosphate < 0.570)
",5137671303967172.000,0.570,0.000,0.000,1.000,0,0,0,29,29,0,0,29,0.0,0.0,0.0,0.0,0.0,1.0,-1
"F[1,2](((Calcium < 1.649 & Potassium < 4.530) & Magnesium < 0.770) & Phosphate < 1.085)
",-9999999.000,-9999999.000,0.000,0.000,1.000,0,0,0,29,29,0,0,29,0.0,0.0,0.0,0.0,0.0,1.0,-1
"((MAP >= 57.721) U[0,2] (SBP <= 125.336))
",-9999999.000,-9999999.000,0.000,0.000,1.000,0,0,0,29,29,0,0,29,0.0,0.0,0.0,0.0,0.0,1.0,-1
"F[0,2](Hgb <= 1.124 | Hct <= 22.038)
",-9999999.000,-9999999.000,0.000,0.000,1.000,0,0,0,29,29,0,0,29,0.0,0.0,0.0,0.0,0.0,1.0,-1
"F[1,2](((Calcium < 3.088 & Potassium < 1.879) & Magnesium < 1.143) & Phosphate < 0.679)
",-9999999.000,-9999999.000,0.000,0.000,1.000,0,0,0,29,29,0,0,29,0.0,0.0,0.0,0.0,0.0,1.0,-1
"F[1,2]((Phosphate >= 0.068 & Magnesium > 0.044) -> Calcium < 2.445)
",-9999999.000,-9999999.000,0.000,0.000,1.000,0,0,0,29,29,0,0,29,0.0,0.0,0.0,0.0,0.0,1.0,-1
"((MAP >= 22.978) U[1,2] (SBP <= 106.246))
",-9999999.000,-9999999.000,0.000,0.000,1.000,0,0,0,29,29,0,0,29,0.0,0.0,0.0,0.0,0.0,1.0,-1
"F[1,2](Hgb <= 3.039 | Hct <= 18.987)
",-9999999.000,-9999999.000,0.000,0.000,1.000,0,0,0,29,29,0,0,29,0.0,0.0,0.0,0.0,0.0,1.0,-1
"F[0,1]((Phosphate >= 0.002 & Magnesium > 0.108) -> Calcium < 5.594)
",-9999999.000,-9999999.000,0.000,0.000,1.000,0,0,0,29,29,0,0,29,0.0,0.0,0.0,0.0,0.0,1.0,-1
"((Magnesium >= 0.065) U[0,2] (PaCO2 <= 13.894))
",-9999999.000,-9999999.000,0.000,0.000,1.000,0,0,0,29,29,0,0,29,0.0,0.0,0.0,0.0,0.0,1.0,-1
"F[1,2](((Calcium < 0.925 & Potassium < 3.673) & Magnesium < 1.623) & Phosphate < 3.612)
",-9999999.000,-9999999.000,0.000,0.000,1.000,0,0,0,29,29,0,0,29,0.0,0.0,0.0,0.0,0.0,1.0,-1
"F[0,2](HCO3 > 0.626 -> SepsisLabel = 0.000)
",-9999999.000,-9999999.000,0.000,0.000,1.000,0,0,0,29,29,0,0,29,0.0,0.0,0.0,0.0,0.0,1.0,-1
"((DBP > 10.906) U[0,1] (SepsisLabel = 0.000))
",-9999999.000,-9999999.000,0.000,0.000,1.000,0,0,0,29,29,0,0,29,0.0,0.0,0.0,0.0,0.0,1.0,-1
"((SepsisLabel <= 0.000) U[0,1] (SepsisLabel = 0.000))
",-9999999.000,-9999999.000,0.000,0.000,1.000,0,0,0,29,29,0,0,29,0.0,0.0,0.0,0.0,0.0,1.0,-1
"((pH >= 0.323) U[0,2] (SepsisLabel = 0.000))
",-9999999.000,-9999999.000,0.000,0.000,1.000,0,0,0,29,29,0,0,29,0.0,0.0,0.0,0.0,0.0,1.0,-1
"F[1,1](Calcium > 0.390 -> SepsisLabel = 0.000)
",0.000,0.000,0.000,0.000,1.000,0,0,0,29,29,0,0,29,0.0,0.0,0.0,0.0,0.0,1.0,-1
"F[1,2]((Phosphate >= 0.150 & Magnesium > 0.036) -> Calcium < 6.368)
",-9999999.000,-9999999.000,0.000,0.000,1.000,0,0,0,29,29,0,0,29,0.0,0.0,0.0,0.0,0.0,1.0,-1
"F[0,2](Hgb <= 5.947 | Hct <= 14.167)
",-9999999.000,-9999999.000,0.000,0.000,1.000,0,0,0,29,29,0,0,29,0.0,0.0,0.0,0.0,0.0,1.0,-1
"((MAP >= 42.245) U[0,2] (SBP <= 115.334))
",-9999999.000,-9999999.000,0.000,0.000,1.000,0,0,0,29,29,0,0,29,0.0,0.0,0.0,0.0,0.0,1.0,-1
"F[0,2]((Creatinine <= 3.629 & WBC >= 0.611) -> TroponinI <= 4.903)
",-9999999.000,-9999999.000,0.000,0.000,1.000,0,0,0,29,29,0,0,29,0.0,0.0,0.0,0.0,0.0,1.0,-1
"F[1,2]((BUN <= 12.967 | pH <= 3.367) | Glucose <= 5.311)
",-9999999.000,-9999999.000,0.000,0.000,1.000,0,0,0,29,29,0,0,29,0.0,0.0,0.0,0.0,0.0,1.0,-1
"F[0,1]((FiO2 <= 0.302 & HCO3 >= 0.426) -> WBC >= 0.850)
",-9999999.000,-9999999.000,0.000,0.000,1.000,0,0,0,29,29,0,0,29,0.0,0.0,0.0,0.0,0.0,1.0,-1
"F[1,2](((DBP <= 33.976 | SaO2 >= 1.888) | Hgb <= 13.800) & PTT <= 59.985)
",-9999999.000,-9999999.000,0.000,0.000,1.000,0,0,0,29,29,0,0,29,0.0,0.0,0.0,0.0,0.0,1.0,-1
"F[2,2](Chloride <= 48.069 | Glucose <= 76.389)
",76.389,76.389,0.000,0.000,1.000,0,0,0,29,29,0,0,29,0.0,0.0,0.0,0.0,0.0,1.0,-1
"F[0,2](((Lactate >= 0.001 -> pH >= 0.638) -> WBC >= 1.007) -> Alkalinephos >= 0.689)
",-9999999.000,-9999999.000,0.000,0.000,1.000,0,0,0,29,29,0,0,29,0.0,0.0,0.0,0.0,0.0,1.0,-1
"F[0,1]((Chloride <= 97.138 -> PaCO2 <= 31.058) & Calcium <= 34.496)
",-9999999.000,-9999999.000,0.000,0.000,1.000,0,0,0,29,29,0,0,29,0.0,0.0,0.0,0.0,0.0,1.0,-1
"((FiO2 >= 0.048) U[0,2] (PTT >= 0.593))
",-9999999.000,-9999999.000,0.000,0.000,1.000,0,0,0,29,29,0,0,29,0.0,0.0,0.0,0.0,0.0,1.0,-1
"F[1,2]((Calcium <= 2.989 & Potassium <= 0.724) & Magnesium >= 0.082)
",-9999999.000,-9999999.000,0.000,0.000,1.000,0,0,0,29,29,0,0,29,0.0,0.0,0.0,0.0,0.0,1.0,-1
"F[2,2]((BaseExcess >= -3.368 -> Temp >= 8.031) -> Fibrinogen <= 33.846)
",-4763385955016412.000,-33.846,0.000,0.000,1.000,0,0,0,29,29,0,0,29,0.0,0.0,0.0,0.0,0.0,1.0,-1
"((Glucose >= 17.121) U[0,1] (Platelets <= 91.198))
",-9999999.000,-9999999.000,0.000,0.000,1.000,0,0,0,29,29,0,0,29,0.0,0.0,0.0,0.0,0.0,1.0,-1
"F[0,2](BUN >= 0.753 & HCO3 <= 17.258)
",-9999999.000,-9999999.000,0.000,0.000,1.000,0,0,0,29,29,0,0,29,0.0,0.0,0.0,0.0,0.0,1.0,-1
"F[2,2](((Chloride >= 1.640 -> Creatinine <= 5.428) | HR >= 0.258) & SepsisLabel <= 3.088)
",-4644611149248628.000,-0.258,0.000,0.000,1.000,0,0,0,29,29,0,0,29,0.0,0.0,0.0,0.0,0.0,1.0,-1
"F[0,2]((Phosphate >= 0.027 & Magnesium > 0.057) -> Calcium < 0.447)
",-9999999.000,-9999999.000,0.000,0.000,1.000,0,0,0,29,29,0,0,29,0.0,0.0,0.0,0.0,0.0,1.0,-1
"F[1,2](Hgb <= 4.573 | Hct <= 15.924)
",-9999999.000,-9999999.000,0.000,0.000,1.000,0,0,0,29,29,0,0,29,0.0,0.0,0.0,0.0,0.0,1.0,-1
"F[0,2]((Phosphate >= 7.56564292528128e-05 & Magnesium > 0.065) -> Calcium < 8.238)
",-9999999.000,-9999999.000,0.000,0.000,1.000,0,0,0,29,29,0,0,29,0.0,0.0,0.0,0.0,0.0,1.0,-1
"F[1,2](Hgb <= 10.249 | Hct <= 35.088)
",-9999999.000,-9999999.000,0.000,0.000,1.000,0,0,0,29,29,0,0,29,0.0,0.0,0.0,0.0,0.0,1.0,-1
"F[0,2]((Calcium <= 7.400 & Potassium <= 3.580) & Magnesium >= 0.024)
",-9999999.000,-9999999.000,0.000,0.000,1.000,0,0,0,29,29,0,0,29,0.0,0.0,0.0,0.0,0.0,1.0,-1
"F[1,2]((Phosphate >= 0.034 & Magnesium > 0.035) -> Calcium < 5.869)
",-9999999.000,-9999999.000,0.000,0.000,1.000,0,0,0,29,29,0,0,29,0.0,0.0,0.0,0.0,0.0,1.0,-1
"((MAP >= 26.492) U[0,1] (SBP <= 126.205))
",-9999999.000,-9999999.000,0.000,0.000,1.000,0,0,0,29,29,0,0,29,0.0,0.0,0.0,0.0,0.0,1.0,-1
"((MAP >= 9.877) U[2,2] (SBP <= 110.537))
",7778316478475970.000,110.537,0.000,0.000,1.000,0,0,0,29,29,0,0,29,0.0,0.0,0.0,0.0,0.0,1.0,-1
"F[1,2](Hgb <= 4.622 | Hct <= 10.757)
",-9999999.000,-9999999.000,0.000,0.000,1.000,0,0,0,29,29,0,0,29,0.0,0.0,0.0,0.0,0.0,1.0,-1
"((MAP >= 4.516) U[1,2] (SBP <= 123.106))
",-9999999.000,-9999999.000,0.000,0.000,1.000,0,0,0,29,29,0,0,29,0.0,0.0,0.0,0.0,0.0,1.0,-1
"F[1,2](Hgb <= 7.702 | Hct <= 26.310)
",-9999999.000,-9999999.000,0.000,0.000,1.000,0,0,0,29,29,0,0,29,0.0,0.0,0.0,0.0,0.0,1.0,-1
"F[1,2](((Calcium < 3.333 & Potassium < 1.587) & Magnesium < 2.105) & Phosphate < 3.320)
",-9999999.000,-9999999.000,0.000,0.000,1.000,0,0,0,29,29,0,0,29,0.0,0.0,0.0,0.0,0.0,1.0,-1
"F[1,1]((pH >= 1.025 -> DBP >= 8.927) & Creatinine <= 41.189)
",4615803059930383.000,1.025,0.000,0.000,1.000,0,0,0,29,29,0,0,29,0.0,0.0,0.0,0.0,0.0,1.0,-1
"F[0,0](Glucose >= 32.148 | HR <= 82.284)
",-4524433805496244.000,-32.148,0.000,0.000,1.000,0,0,0,29,29,0,0,29,0.0,0.0,0.0,0.0,0.0,1.0,-1
"((TroponinI >= 0.000) U[1,2] (PTT <= 17.362))
",-9999999.000,-9999999.000,0.000,0.000,1.000,0,0,0,29,29,0,0,29,0.0,0.0,0.0,0.0,0.0,1.0,-1
"G[1,2]((Glucose <= 139.561 | Phosphate <= 3.636) -> Magnesium >= 0.059)
",9999999.000,9999999.000,0.000,1.000,0.000,0,0,1,28,28,1,1,28,0.0,0.0,1.0,0.0,0.0,1.0,1
"G[0,2](Fibrinogen <= 192.715 -> HCO3 <= 22.690)
",9999999.000,9999999.000,0.000,1.000,0.000,0,0,27,2,2,27,27,2,0.0,0.0,1.0,0.0,0.0,1.0,1
"G[0,2](((Hct >= 0.679 & WBC >= 0.058) -> Magnesium <= 11.161) -> Hgb >= 0.301)
",9999999.000,9999999.000,0.000,1.000,0.000,0,0,1,28,28,1,1,28,0.0,0.0,1.0,0.0,0.0,1.0,1
"G[2,2](((FiO2 <= 0.515 -> PaCO2 >= 4.786) | pH >= 4.589) | Potassium >= 5.143)
",-4639196804595484.000,-0.515,0.000,1.000,0.000,0,0,29,0,0,29,29,0,0.0,0.0,1.0,0.0,0.0,1.0,1
"G[2,2]((Magnesium <= 0.244 | PTT <= 4.348) -> Chloride >= 0.973)
",-4.348,-4.348,0.000,1.000,0.000,0,0,29,0,0,29,29,0,0.0,0.0,1.0,0.0,0.0,1.0,1
"G[0,2](((Phosphate <= 0.706 | WBC >= 0.055) & Lactate >= 0.214) -> SBP <= 4.038)
",9999999.000,9999999.000,0.000,1.000,0.000,0,0,28,1,1,28,28,1,0.0,0.0,1.0,0.0,0.0,1.0,1
"G[0,1]((Creatinine >= 0.143 & Fibrinogen >= 3.787) & Magnesium >= 2.883)
",9999999.000,9999999.000,0.000,1.000,0.000,0,0,0,29,29,0,0,29,0.0,0.0,0.0,0.0,0.0,1.0,1
"G[0,1](Phosphate >= 0.127 & PTT <= 5.858)
",9999999.000,9999999.000,0.000,1.000,0.000,0,0,0,29,29,0,0,29,0.0,0.0,0.0,0.0,0.0,1.0,1
"G[0,1]((Creatinine >= 0.043 & Potassium <= 2.155) & Alkalinephos <= 0.892)
",9999999.000,9999999.000,0.000,1.000,0.000,0,0,0,29,29,0,0,29,0.0,0.0,0.0,0.0,0.0,1.0,1
"G[0,2](BUN >= 0.971 & Calcium >= 0.164)
",9999999.000,9999999.000,0.000,1.000,0.000,0,0,0,29,29,0,0,29,0.0,0.0,0.0,0.0,0.0,1.0,1
"G[1,2](HCO3 >= 0.326 | Hgb >= 0.874)
",9999999.000,9999999.000,0.000,1.000,0.000,0,0,3,26,26,3,3,26,0.0,0.0,1.0,0.0,0.0,1.0,1
"G[1,2](((Hgb >= 0.832 | WBC >= 0.111) | SBP >= 0.711) | Chloride <= 9.795)
",9999999.000,9999999.000,0.000,1.000,0.000,0,0,29,0,0,29,29,0,0.0,0.0,1.0,0.0,0.0,1.0,1
"G[1,2](((BUN >= 1.148 & Magnesium <= 1.661) | Alkalinephos <= 2.248) & Platelets <= 1.378)
",9999999.000,9999999.000,0.000,1.000,0.000,0,0,29,0,0,29,29,0,0.0,0.0,1.0,0.0,0.0,1.0,1
"G[1,2]((Phosphate <= 1.572 & Platelets >= 4.607) | SaO2 <= 15.125)
",9999999.000,9999999.000,0.000,1.000,0.000,0,0,26,3,3,26,26,3,0.0,0.0,1.0,0.0,0.0,1.0,1
"G[0,2]((Magnesium >= 0.022 | Platelets <= 113.819) & HR <= 87.028)
",9999999.000,9999999.000,0.000,1.000,0.000,0,0,27,2,2,27,27,2,0.0,0.0,1.0,0.0,0.0,1.0,1
"G[0,2](Fibrinogen <= 440.361 | PTT <= 25.819)
",9999999.000,9999999.000,0.000,1.000,0.000,0,0,28,1,1,28,28,1,0.0,0.0,1.0,0.0,0.0,1.0,1
"G[0,2](((Hct <= 24.709 | Phosphate >= 0.172) -> Hct <= 2.877) | SepsisLabel >= 0.161)
",9999999.000,9999999.000,0.000,1.000,0.000,0,0,26,3,3,26,26,3,0.0,0.0,1.0,0.0,0.0,1.0,1
"G[1,2]((Calcium >= 0.402 & Fibrinogen <= 301.669) | BUN <= 195.395)
",9999999.000,9999999.000,0.000,1.000,0.000,0,0,29,0,0,29,29,0,0.0,0.0,1.0,0.0,0.0,1.0,1
"G[1,2](((HR >= 49.520 & Resp >= 11.158) -> Bilirubin_direct >= 11.174) -> Temp >= 14.003)
",9999999.000,9999999.000,0.000,1.000,0.000,0,0,29,0,0,29,29,0,0.0,0.0,1.0,0.0,0.0,1.0,1
"G[0,2](((DBP >= 0.878 | PaCO2 <= 54.091) -> SepsisLabel <= 43.531) | Bilirubin_total >= 5.656)
",9999999.000,9999999.000,0.000,1.000,0.000,0,0,29,0,0,29,29,0,0.0,0.0,1.0,0.0,0.0,1.0,1
"G[1,2]((O2Sat <= 92.248 | Platelets >= 4.866) | Alkalinephos <= 10.550)
",9999999.000,9999999.000,0.000,1.000,0.000,0,0,29,0,0,29,29,0,0.0,0.0,1.0,0.0,0.0,1.0,1
"G[1,2](BaseExcess >= -1.747 -> Calcium <= 5.355)
",9999999.000,9999999.000,0.000,1.000,0.000,0,0,29,0,0,29,29,0,0.0,0.0,1.0,0.0,0.0,1.0,1
"G[1,2](((pH >= 0.292 & Phosphate <= 0.670) | Temp >= 0.036) & Resp >= 0.128)
",9999999.000,9999999.000,0.000,1.000,0.000,0,0,18,11,11,18,18,11,0.0,0.0,1.0,0.0,0.0,1.0,1
"G[1,1]((MAP <= 64.475 | PaCO2 <= 6.590) & SepsisLabel >= 2.067)
",-2.067,-2.067,0.000,1.000,0.000,0,0,1,28,28,1,1,28,0.0,0.0,1.0,0.0,0.0,1.0,1
"G[1,2]((Fibrinogen <= 77.357 -> Platelets <= 74.497) | AST <= 102.944)
",9999999.000,9999999.000,0.000,1.000,0.000,0,0,29,0,0,29,29,0,0.0,0.0,1.0,0.0,0.0,1.0,1
"G[1,2](Calcium <= 4.195 & Potassium >= 0.146)
",9999999.000,9999999.000,0.000,1.000,0.000,0,0,2,27,27,2,2,27,0.0,0.0,1.0,0.0,0.0,1.0,1
"G[0,2](Lactate <= 0.873 -> PTT <= 14.158)
",9999999.000,9999999.000,0.000,1.000,0.000,0,0,27,2,2,27,27,2,0.0,0.0,1.0,0.0,0.0,1.0,1
"G[0,2](Potassium < 3.017 & SepsisLabel = 0.000)
",9999999.000,9999999.000,0.000,1.000,0.000,0,0,22,7,7,22,22,7,0.0,0.0,1.0,0.0,0.0,1.0,1
"G[1,2](Platelets <= 108.775 -> WBC >= 0.496)
",9999999.000,9999999.000,0.000,1.000,0.000,0,0,1,28,28,1,1,28,0.0,0.0,1.0,0.0,0.0,1.0,1
"G[1,2](((Hgb <= 8.362 | Hct <= 15.218) -> WBC >= 0.623) & Platelets >= 5.256)
",9999999.000,9999999.000,0.000,1.000,0.000,0,0,1,28,28,1,1,28,0.0,0.0,1.0,0.0,0.0,1.0,1
"G[0,1](BUN <= 30.307 & Creatinine >= 0.017)
",9999999.000,9999999.000,0.000,1.000,0.000,0,0,0,29,29,0,0,29,0.0,0.0,0.0,0.0,0.0,1.0,1
"G[2,2](BUN >= 0.419 & SepsisLabel = 0.000)
",-7550278778726238.000,-0.419,0.000,1.000,0.000,0,0,29,0,0,29,29,0,0.0,0.0,1.0,0.0,0.0,1.0,1
"G[1,2](Platelets < 66.104 -> SepsisLabel = 0.000)
",9999999.000,9999999.000,0.000,1.000,0.000,0,0,29,0,0,29,29,0,0.0,0.0,1.0,0.0,0.0,1.0,1
"G[0,2](pH <= 3.604 & SepsisLabel = 0.000)
",9999999.000,9999999.000,0.000,1.000,0.000,0,0,20,9,9,20,20,9,0.0,0.0,1.0,0.0,0.0,1.0,1
"G[2,2](TroponinI > 0.000 & SepsisLabel = 0.000)
",0.000,0.000,0.000,1.000,0.000,0,0,29,0,0,29,29,0,0.0,0.0,1.0,0.0,0.0,1.0,1
"G[0,2](Alkalinephos <= 0.000 & SepsisLabel = 0.000)
",9999999.000,9999999.000,0.000,1.000,0.000,0,0,29,0,0,29,29,0,0.0,0.0,1.0,0.0,0.0,1.0,1
"G[2,2](HR < 82.787 & SepsisLabel = 0.000)
",0.000,0.000,0.000,1.000,0.000,0,0,29,0,0,29,29,0,0.0,0.0,1.0,0.0,0.0,1.0,1
"G[2,2](Alkalinephos < 0.000 -> SepsisLabel = 0.000)
",0.000,0.000,0.000,1.000,0.000,0,0,29,0,0,29,29,0,0.0,0.0,1.0,0.0,0.0,1.0,1
"G[1,2](HR <= 87.066 & SepsisLabel = 0.000)
",9999999.000,9999999.000,0.000,1.000,0.000,0,0,27,2,2,27,27,2,0.0,0.0,1.0,0.0,0.0,1.0,1
"G[1,1](((Hgb >= 1.041 | Phosphate >= 0.065) -> Lactate <= 2.049) -> Calcium >= 0.146)
",5263855112837665.000,0.146,0.000,1.000,0.000,0,0,1,28,28,1,1,28,0.0,0.0,1.0,0.0,0.0,1.0,1
"G[0,1](Bilirubin_direct < 0.000 & SepsisLabel = 0.000)
",9999999.000,9999999.000,0.000,1.000,0.000,0,0,0,29,29,0,0,29,0.0,0.0,0.0,0.0,0.0,1.0,1
"G[0,1](EtCO2 > 0.000 & SepsisLabel = 0.000)
",9999999.000,9999999.000,0.000,1.000,0.000,0,0,0,29,29,0,0,29,0.0,0.0,0.0,0.0,0.0,1.0,1
"G[2,2]((Magnesium <= 1.547 -> Phosphate >= 0.112) | DBP >= 0.092)
",-3306251593391333.000,-0.092,0.000,1.000,0.000,0,0,29,0,0,29,29,0,0.0,0.0,1.0,0.0,0.0,1.0,1
"G[0,2]((Platelets >= 7.072 -> WBC >= 0.131) & SBP <= 5.367)
",9999999.000,9999999.000,0.000,1.000,0.000,0,0,1,28,28,1,1,28,0.0,0.0,1.0,0.0,0.0,1.0,1
"G[0,1](Calcium >= 0.065 & Phosphate <= 3.042)
",9999999.000,9999999.000,0.000,1.000,0.000,0,0,0,29,29,0,0,29,0.0,0.0,0.0,0.0,0.0,1.0,1
"G[0,1](((pH <= 3.253 | Resp >= 14.106) & PaCO2 >= 13.375) & BaseExcess >= 12.927)
",9999999.000,9999999.000,0.000,1.000,0.000,0,0,0,29,29,0,0,29,0.0,0.0,0.0,0.0,0.0,1.0,1
"G[1,2](Calcium >= 0.108 & Hct <= 31.098)
",9999999.000,9999999.000,0.000,1.000,0.000,0,0,1,28,28,1,1,28,0.0,0.0,1.0,0.0,0.0,1.0,1
"G[0,1](((BaseExcess >= -0.580 -> SaO2 >= 9.103) & Potassium <= 15.470) | Alkalinephos >= 9.015)
",9999999.000,9999999.000,0.000,1.000,0.000,0,0,0,29,29,0,0,29,0.0,0.0,0.0,0.0,0.0,1.0,1
"G[0,2]((Hct <= 22.313 & PTT <= 9.956) & Potassium <= 12.824)
",9999999.000,9999999.000,0.000,1.000,0.000,0,0,22,7,7,22,22,7,0.0,0.0,1.0,0.0,0.0,1.0,1
"G[0,2](Fibrinogen <= 281.013 -> WBC <= 8.047)
",9999999.000,9999999.000,0.000,1.000,0.000,0,0,27,2,2,27,27,2,0.0,0.0,1.0,0.0,0.0,1.0,1
"G[0,2](MAP <= 66.893 & SaO2 <= 56.240)
",9999999.000,9999999.000,0.000,1.000,0.000,0,0,11,18,18,11,11,18,0.0,0.0,1.0,0.0,0.0,1.0,1
"G[0,2](((DBP >= 6.946 & HR >= 54.577) | Hgb <= 86.752) & Chloride <= 83.083)
",9999999.000,9999999.000,0.000,1.000,0.000,0,0,25,4,4,25,25,4,0.0,0.0,1.0,0.0,0.0,1.0,1
"G[0,2](((Hgb <= 10.139 | Hct <= 12.499) -> WBC >= 0.708) & Platelets >= 2.559)
",9999999.000,9999999.000,0.000,1.000,0.000,0,0,0,29,29,0,0,29,0.0,0.0,0.0,0.0,0.0,1.0,1
"G[2,2](((Fibrinogen >= 12.083 -> SaO2 >= 1.931) -> Lactate <= 81.288) & Calcium >= 8.676)
",-81.288,-81.288,0.000,1.000,0.000,0,0,29,0,0,29,29,0,0.0,0.0,1.0,0.0,0.0,1.0,1
"G[0,2](Chloride >= 3.000 & HCO3 >= 1.267)
",9999999.000,9999999.000,0.000,1.000,0.000,0,0,0,29,29,0,0,29,0.0,0.0,0.0,0.0,0.0,1.0,1
"G[0,2](((Hgb <= 4.855 | Hct <= 24.461) -> WBC >= 0.249) & Platelets >= 8.903)
",9999999.000,9999999.000,0.000,1.000,0.000,0,0,0,29,29,0,0,29,0.0,0.0,0.0,0.0,0.0,1.0,1
"G[0,1](Platelets <= 134.080 -> WBC >= 0.171)
",9999999.000,9999999.000,0.000,1.000,0.000,0,0,0,29,29,0,0,29,0.0,0.0,0.0,0.0,0.0,1.0,1
"G[1,2](Chloride >= 0.373 & HCO3 >= 0.222)
",9999999.000,9999999.000,0.000,1.000,0.000,0,0,1,28,28,1,1,28,0.0,0.0,1.0,0.0,0.0,1.0,1
"G[0,0](BUN <= 9.568 & Creatinine >= 0.257)
",0.051,0.094,0.000,1.000,0.000,0,0,0,29,29,0,0,29,0.0,0.0,0.0,0.0,0.0,1.0,1
"G[1,2](((Hgb <= 10.821 | Hct <= 27.107) -> WBC >= 0.154) & Platelets >= 1.204)
",9999999.000,9999999.000,0.000,1.000,0.000,0,0,1,28,28,1,1,28,0.0,0.0,1.0,0.0,0.0,1.0,1
"G[2,2](Platelets <= 109.580 -> WBC >= 0.621)
",-7711023095711234.000,-109.580,0.000,1.000,0.000,0,0,29,0,0,29,29,0,0.0,0.0,1.0,0.0,0.0,1.0,1
"G[0,2](Chloride >= 2.029 & HCO3 >= 0.237)
",9999999.000,9999999.000,0.000,1.000,0.000,0,0,0,29,29,0,0,29,0.0,0.0,0.0,0.0,0.0,1.0,1
"G[0,1](BUN <= 23.781 & Creatinine >= 0.205)
",9999999.000,9999999.000,0.000,1.000,0.000,0,0,0,29,29,0,0,29,0.0,0.0,0.0,0.0,0.0,1.0,1
"G[2,2](Chloride >= 5.378 & HCO3 >= 0.152)
",-6054546937088511.000,-5.378,0.000,1.000,0.000,0,0,29,0,0,29,29,0,0.0,0.0,1.0,0.0,0.0,1.0,1
"G[0,1](BUN <= 30.998 & Creatinine >= 0.279)
",9999999.000,9999999.000,0.000,1.000,0.000,0,0,0,29,29,0,0,29,0.0,0.0,0.0,0.0,0.0,1.0,1
"G[1,1](Platelets <= 155.947 -> WBC >= 0.139)
",-155.947,-155.947,0.000,1.000,0.000,0,0,1,28,28,1,1,28,0.0,0.0,1.0,0.0,0.0,1.0,1
"G[0,2](BUN <= 7.304 & Creatinine >= 0.036)
",9999999.000,9999999.000,0.000,1.000,0.000,0,0,0,29,29,0,0,29,0.0,0.0,0.0,0.0,0.0,1.0,1
"G[2,2](Chloride >= 1.482 & HCO3 >= 1.346)
",-6673092459503519.000,-1.482,0.000,1.000,0.000,0,0,29,0,0,29,29,0,0.0,0.0,1.0,0.0,0.0,1.0,1
"G[0,1](BUN <= 14.872 & Creatinine >= 0.240)
",9999999.000,9999999.000,0.000,1.000,0.000,0,0,0,29,29,0,0,29,0.0,0.0,0.0,0.0,0.0,1.0,1
"G[0,1](((Hgb <= 8.792 | Hct <= 28.275) -> WBC >= 0.696) & Platelets >= 6.601)
",9999999.000,9999999.000,0.000,1.000,0.000,0,0,0,29,29,0,0,29,0.0,0.0,0.0,0.0,0.0,1.0,1
"G[0,1](Chloride >= 6.418 & HCO3 >= 1.656)
",9999999.000,9999999.000,0.000,1.000,0.000,0,0,0,29,29,0,0,29,0.0,0.0,0.0,0.0,0.0,1.0,1
"G[0,1](((PTT >= 0.836 | WBC >= 0.173) -> Hct >= 0.728) -> Platelets >= 0.092)
",9999999.000,9999999.000,0.000,1.000,0.000,0,0,0,29,29,0,0,29,0.0,0.0,0.0,0.0,0.0,1.0,1
"G[1,2](Platelets <= 62.174 -> WBC >= 0.416)
",9999999.000,9999999.000,0.000,1.000,0.000,0,0,1,28,28,1,1,28,0.0,0.0,1.0,0.0,0.0,1.0,1
"G[0,1](BUN <= 23.073 & Creatinine >= 0.093)
",9999999.000,9999999.000,0.000,1.000,0.000,0,0,0,29,29,0,0,29,0.0,0.0,0.0,0.0,0.0,1.0,1
"G[2,2](((BUN <= 30.397 | PTT >= 0.642) | Calcium >= 0.002) & Phosphate <= 33.865)
",30.397,30.397,0.000,1.000,0.000,0,0,29,0,0,29,29,0,0.0,0.0,1.0,0.0,0.0,1.0,1
"G[0,1](Chloride <= 61.333 -> WBC >= 0.072)
",9999999.000,9999999.000,0.000,1.000,0.000,0,0,0,29,29,0,0,29,0.0,0.0,0.0,0.0,0.0,1.0,1
"G[0,2](((Creatinine <= 5.256 | HCO3 <= 22.497) -> Creatinine >= 0.555) | EtCO2 <= 26.000)
",9999999.000,9999999.000,0.000,1.000,0.000,0,0,29,0,0,29,29,0,0.0,0.0,1.0,0.0,0.0,1.0,1
"G[0,2](Platelets <= 17.573 -> WBC >= 0.164)
",9999999.000,9999999.000,0.000,1.000,0.000,0,0,0,29,29,0,0,29,0.0,0.0,0.0,0.0,0.0,1.0,1
"G[1,2](((Hgb <= 6.773 | Hct <= 21.319) -> WBC >= 0.608) & Platelets >= 6.495)
",9999999.000,9999999.000,0.000,1.000,0.000,0,0,1,28,28,1,1,28,0.0,0.0,1.0,0.0,0.0,1.0,1
"G[0,0](BUN <= 2.003 & Creatinine >= 0.070)
",0.011,0.004,0.000,1.000,0.000,0,0,0,29,29,0,0,29,0.0,0.0,0.0,0.0,0.0,1.0,1
"G[2,2](((Hgb <= 9.393 -> pH <= 2.522) & PaCO2 >= 0.223) & Phosphate >= 0.450)
",-9.393,-9.393,0.000,1.000,0.000,0,0,29,0,0,29,29,0,0.0,0.0,1.0,0.0,0.0,1.0,1
"G[0,1]((PTT >= 1.534 & SaO2 >= 5.463) & Temp <= 77.193)
",9999999.000,9999999.000,0.000,1.000,0.000,0,0,0,29,29,0,0,29,0.0,0.0,0.0,0.0,0.0,1.0,1
"G[0,2](Chloride >= 2.322 | FiO2 <= 0.545)
",9999999.000,9999999.000,0.000,1.000,0.000,0,0,29,0,0,29,29,0,0.0,0.0,1.0,0.0,0.0,1.0,1
"G[1,2]((DBP >= 7.972 -> Potassium >= 0.339) -> BaseExcess <= 2.214)
",9999999.000,9999999.000,0.000,1.000,0.000,0,0,29,0,0,29,29,0,0.0,0.0,1.0,0.0,0.0,1.0,1
"G[0,2](((Phosphate >= 0.155 -> SaO2 <= 83.238) & O2Sat <= 53.124) -> Magnesium <= 95.079)
",9999999.000,9999999.000,0.000,1.000,0.000,0,0,29,0,0,29,29,0,0.0,0.0,1.0,0.0,0.0,1.0,1
"G[0,2](Platelets <= 16.446 -> WBC >= 0.124)
",9999999.000,9999999.000,0.000,1.000,0.000,0,0,0,29,29,0,0,29,0.0,0.0,0.0,0.0,0.0,1.0,1
"G[2,2](Hct <= 4.442 -> Lactate <= 0.404)
",-4.442,-4.442,0.000,1.000,0.000,0,0,29,0,0,29,29,0,0.0,0.0,1.0,0.0,0.0,1.0,1
"G[1,2](((Creatinine >= 0.285 | FiO2 <= 0.174) | DBP <= 0.097) & EtCO2 >= 0.030)
",9999999.000,9999999.000,0.000,1.000,0.000,0,0,1,28,28,1,1,28,0.0,0.0,1.0,0.0,0.0,1.0,1
"G[1,1]((HCO3 >= 1.536 -> PaCO2 <= 29.426) -> HR <= 55.096)
",-2584668018969223.500,-55.096,0.000,1.000,0.000,0,0,1,28,28,1,1,28,0.0,0.0,1.0,0.0,0.0,1.0,1
"G[0,2](((DBP >= 15.790 | pH <= 1.546) | Hct >= 0.941) & BUN <= 5.921)
",9999999.000,9999999.000,0.000,1.000,0.000,0,0,24,5,5,24,24,5,0.0,0.0,1.0,0.0,0.0,1.0,1
"G[1,2](((pH <= 4.488 | Platelets <= 131.519) | Lactate <= 88.153) & Phosphate >= 5.006)
",9999999.000,9999999.000,0.000,1.000,0.000,0,0,1,28,28,1,1,28,0.0,0.0,1.0,0.0,0.0,1.0,1
"G[2,2](Glucose <= 82.005 | HCO3 <= 26.478)
",82.005,82.005,0.000,1.000,0.000,0,0,29,0,0,29,29,0,0.0,0.0,1.0,0.0,0.0,1.0,1
"G[0,1](Chloride >= 0.712 & HCO3 >= 1.210)
",9999999.000,9999999.000,0.000,1.000,0.000,0,0,0,29,29,0,0,29,0.0,0.0,0.0,0.0,0.0,1.0,1
"G[1,2](MAP >= 17.258 | Resp <= 24.119)
",9999999.000,9999999.000,0.000,1.000,0.000,0,0,29,0,0,29,29,0,0.0,0.0,1.0,0.0,0.0,1.0,1
"G[0,1](PaCO2 <= 48.475 -> WBC >= 0.257)
",9999999.000,9999999.000,0.000,1.000,0.000,0,0,0,29,29,0,0,29,0.0,0.0,0.0,0.0,0.0,1.0,1
"G[2,2]((Creatinine >= 0.239 & PaCO2 >= 2.469) & WBC >= 2.082)
",-5560560425968373.000,-2.469,0.000,1.000,0.000,0,0,29,0,0,29,29,0,0.0,0.0,1.0,0.0,0.0,1.0,1
"G[2,2](((Lactate <= 1.112 -> SaO2 <= 54.133) -> Bilirubin_direct <= 69.114) & Chloride <= 15.347)
",-4863474640039105.000,-69.114,0.000,1.000,0.000,0,0,29,0,0,29,29,0,0.0,0.0,1.0,0.0,0.0,1.0,1
"G[1,1]((DBP <= 39.543 & Platelets >= 0.422) & Bilirubin_direct <= 61.055)
",-7610688020596354.000,-0.422,0.000,1.000,0.000,0,0,1,28,28,1,1,28,0.0,0.0,1.0,0.0,0.0,1.0,1
"G[2,2]((Calcium >= 0.104 -> Chloride >= 1.729) | FiO2 <= 58.152)
",58.152,58.152,0.000,1.000,0.000,0,0,29,0,0,29,29,0,0.0,0.0,1.0,0.0,0.0,1.0,1
"G[0,2](((PaCO2 <= 46.327 | pH <= 2.019) & Temp <= 4.425) & HR <= 5.042)
",9999999.000,9999999.000,0.000,1.000,0.000,0,0,1,28,28,1,1,28,0.0,0.0,1.0,0.0,0.0,1.0,1
"G[0,1](BUN <= 18.489 & Creatinine >= 0.084)
",9999999.000,9999999.000,0.000,1.000,0.000,0,0,0,29,29,0,0,29,0.0,0.0,0.0,0.0,0.0,1.0,1
"G[0,2](((Hgb <= 3.740 | Hct <= 16.721) -> WBC >= 0.360) & Platelets >= 0.154)
",9999999.000,9999999.000,0.000,1.000,0.000,0,0,0,29,29,0,0,29,0.0,0.0,0.0,0.0,0.0,1.0,1
"G[0,2](Platelets <= 73.513 -> WBC >= 0.722)
",9999999.000,9999999.000,0.000,1.000,0.000,0,0,0,29,29,0,0,29,0.0,0.0,0.0,0.0,0.0,1.0,1
"G[0,1](Chloride >= 2.537 & HCO3 >= 0.172)
",9999999.000,9999999.000,0.000,1.000,0.000,0,0,0,29,29,0,0,29,0.0,0.0,0.0,0.0,0.0,1.0,1
"G[1,2]((O2Sat >= 42.228 | SBP <= 116.852) | HR <= 110.937)
",9999999.000,9999999.000,0.000,1.000,0.000,0,0,29,0,0,29,29,0,0.0,0.0,1.0,0.0,0.0,1.0,1
"F[1,2](SepsisLabel <= 0.000 & Chloride >= 4.279)
",-9999999.000,-9999999.000,0.000,0.000,1.000,0,0,0,29,29,0,0,29,0.0,0.0,0.0,0.0,0.0,1.0,-1
"G[0,2]((TroponinI >= 0.000 -> EtCO2 <= 0.000) | AST >= 0.000)
",9999999.000,9999999.000,0.000,1.000,0.000,0,0,29,0,0,29,29,0,0.0,0.0,1.0,0.0,0.0,1.0,1
"F[1,2](((Hct <= 16.029 | MAP >= 27.460) | Calcium >= 43.092) & SaO2 >= 53.631)
",-9999999.000,-9999999.000,0.000,0.000,1.000,0,0,0,29,29,0,0,29,0.0,0.0,0.0,0.0,0.0,1.0,-1
"F[1,2]((Hgb >= 0.944 & MAP <= 75.452) & Potassium >= 56.463)
",-9999999.000,-9999999.000,0.000,0.000,1.000,0,0,0,29,29,0,0,29,0.0,0.0,0.0,0.0,0.0,1.0,-1
"F[1,2]((BUN <= 8.840 -> MAP >= 22.959) & EtCO2 <= 78.685)
",-9999999.000,-9999999.000,0.000,0.000,1.000,0,0,0,29,29,0,0,29,0.0,0.0,0.0,0.0,0.0,1.0,-1
"G[0,2](((DBP <= 31.723 -> MAP <= 78.050) -> Platelets <= 74.421) & O2Sat <= 79.946)
",9999999.000,9999999.000,0.000,1.000,0.000,0,0,4,25,25,4,4,25,0.0,0.0,1.0,0.0,0.0,1.0,1
"G[1,2](FiO2 <= 0.256 | O2Sat >= 44.167)
",9999999.000,9999999.000,0.000,1.000,0.000,0,0,29,0,0,29,29,0,0.0,0.0,1.0,0.0,0.0,1.0,1
"G[1,2](((BaseExcess <= -0.332 & Creatinine >= 0.031) | BUN >= 0.047) -> SBP >= 0.334)
",9999999.000,9999999.000,0.000,1.000,0.000,0,0,29,0,0,29,29,0,0.0,0.0,1.0,0.0,0.0,1.0,1
"G[0,2](((Bilirubin_total <= 0.000 -> O2Sat <= 99.171) -> Platelets <= 98.762) | HR >= 79.128)
",9999999.000,9999999.000,0.000,1.000,0.000,0,0,29,0,0,29,29,0,0.0,0.0,1.0,0.0,0.0,1.0,1
"G[1,2](((PaCO2 <= 28.580 -> SBP <= 104.234) -> Alkalinephos >= 97.375) -> SBP <= 112.947)
",9999999.000,9999999.000,0.000,1.000,0.000,0,0,22,7,7,22,22,7,0.0,0.0,1.0,0.0,0.0,1.0,1
"G[0,2]((Calcium <= 6.503 & AST >= 0.000) | SaO2 <= 0.000)
",9999999.000,9999999.000,0.000,1.000,0.000,0,0,28,1,1,28,28,1,0.0,0.0,1.0,0.0,0.0,1.0,1
"G[1,2]((Bilirubin_total >= 0.000 & SepsisLabel <= 0.000) -> EtCO2 >= 0.000)
",9999999.000,9999999.000,0.000,1.000,0.000,0,0,29,0,0,29,29,0,0.0,0.0,1.0,0.0,0.0,1.0,1
"G[1,2](((DBP >= 22.298 | Hgb >= 0.903) & MAP <= 2.748) & BaseExcess <= 9.013)
",9999999.000,9999999.000,0.000,1.000,0.000,0,0,2,27,27,2,2,27,0.0,0.0,1.0,0.0,0.0,1.0,1
"G[1,2]((SepsisLabel <= 0.000 -> BUN >= 1.415) -> Calcium <= 24.817)
",9999999.000,9999999.000,0.000,1.000,0.000,0,0,29,0,0,29,29,0,0.0,0.0,1.0,0.0,0.0,1.0,1
"G[2,2](EtCO2 >= 0.000 | TroponinI <= 0.000)
",0.000,0.000,0.000,1.000,0.000,0,0,29,0,0,29,29,0,0.0,0.0,1.0,0.0,0.0,1.0,1
"G[1,2](((DBP >= 16.827 | SBP <= 135.005) -> SepsisLabel <= 106.455) -> PaCO2 <= 101.913)
",9999999.000,9999999.000,0.000,1.000,0.000,0,0,29,0,0,29,29,0,0.0,0.0,1.0,0.0,0.0,1.0,1
"G[1,2](((HCO3 <= 26.524 -> Potassium >= 0.119) | PaCO2 >= 0.066) & Temp >= 0.459)
",9999999.000,9999999.000,0.000,1.000,0.000,0,0,5,24,24,5,5,24,0.0,0.0,1.0,0.0,0.0,1.0,1
"G[2,2](((HCO3 <= 14.863 -> MAP <= 65.910) & PTT <= 69.432) -> Creatinine >= 3.375)
",3800132557901115.000,3.375,0.000,1.000,0.000,0,0,29,0,0,29,29,0,0.0,0.0,1.0,0.0,0.0,1.0,1
"G[2,2]((MAP <= 79.990 | WBC >= 0.416) & SaO2 >= 0.395)
",-7116512919238761.000,-0.395,0.000,1.000,0.000,0,0,29,0,0,29,29,0,0.0,0.0,1.0,0.0,0.0,1.0,1
"G[0,2]((DBP <= 34.581 | Fibrinogen <= 154.202) | Alkalinephos <= 396.014)
",9999999.000,9999999.000,0.000,1.000,0.000,0,0,29,0,0,29,29,0,0.0,0.0,1.0,0.0,0.0,1.0,1
"G[0,2]((AST >= 0.000 & Lactate <= 0.266) -> MAP >= 0.007)
",9999999.000,9999999.000,0.000,1.000,0.000,0,0,27,2,2,27,27,2,0.0,0.0,1.0,0.0,0.0,1.0,1
"G[1,2](((DBP <= 57.926 | Chloride <= 86.235) -> Lactate <= 76.991) & Glucose <= 98.687)
",9999999.000,9999999.000,0.000,1.000,0.000,0,0,22,7,7,22,22,7,0.0,0.0,1.0,0.0,0.0,1.0,1
"G[0,2]((TroponinI <= 0.000 | Bilirubin_direct <= 0.000) & O2Sat <= 0.000)
",9999999.000,9999999.000,0.000,1.000,0.000,0,0,4,25,25,4,4,25,0.0,0.0,1.0,0.0,0.0,1.0,1
"G[0,2](((TroponinI >= 0.000 | pH <= 1.862) & BaseExcess <= 2.842) | Platelets >= 0.214)
",9999999.000,9999999.000,0.000,1.000,0.000,0,0,29,0,0,29,29,0,0.0,0.0,1.0,0.0,0.0,1.0,1
"G[0,1](((BUN >= 1.348 -> MAP <= 65.591) | BUN >= 29.273) & TroponinI >= 35.743)
",9999999.000,9999999.000,0.000,1.000,0.000,0,0,0,29,29,0,0,29,0.0,0.0,0.0,0.0,0.0,1.0,1
"F[1,1](Fibrinogen >= 13.099 -> PaCO2 >= 2.052)
",4619980041911969.000,2.052,0.000,0.000,1.000,0,0,0,29,29,0,0,29,0.0,0.0,0.0,0.0,0.0,1.0,-1
"F[0,2]((SaO2 <= 71.409 -> WBC >= 0.441) -> SepsisLabel >= 0.679)
",-9999999.000,-9999999.000,0.000,0.000,1.000,0,0,0,29,29,0,0,29,0.0,0.0,0.0,0.0,0.0,1.0,-1
"F[1,2](((Magnesium <= 1.277 | SBP <= 111.866) & FiO2 >= 19.658) | FiO2 <= 112.036)
",-9999999.000,-9999999.000,0.000,0.000,1.000,0,0,0,29,29,0,0,29,0.0,0.0,0.0,0.0,0.0,1.0,-1
"F[0,1]((Hct <= 20.686 | HR <= 86.968) | WBC <= 84.326)
",-9999999.000,-9999999.000,0.000,0.000,1.000,0,0,0,29,29,0,0,29,0.0,0.0,0.0,0.0,0.0,1.0,-1
"F[0,2](((DBP <= 36.668 -> AST <= 0.000) -> HR <= 0.000) & Glucose <= 0.000)
",-9999999.000,-9999999.000,0.000,0.000,1.000,0,0,0,29,29,0,0,29,0.0,0.0,0.0,0.0,0.0,1.0,-1
"F[1,2](((Potassium >= 0.441 -> Glucose >= 18.484) & Bilirubin_direct <= 77.255) | Resp >= 26.515)
",-9999999.000,-9999999.000,0.000,0.000,1.000,0,0,0,29,29,0,0,29,0.0,0.0,0.0,0.0,0.0,1.0,-1
"F[1,1]((Fibrinogen >= 6.010 | SBP >= 32.368) & Phosphate <= 108.444)
",-6766128546837597.000,-6.010,0.000,0.000,1.000,0,0,0,29,29,0,0,29,0.0,0.0,0.0,0.0,0.0,1.0,-1
"F[1,2](Hgb <= 4.374 | Hct <= 13.895)
",-9999999.000,-9999999.000,0.000,0.000,1.000,0,0,0,29,29,0,0,29,0.0,0.0,0.0,0.0,0.0,1.0,-1
"F[2,2](((O2Sat <= 89.723 -> WBC <= 11.605) -> Resp <= 4.635) | SBP <= 11.395)
",6414757431035958.000,11.395,0.000,0.000,1.000,0,0,0,29,29,0,0,29,0.0,0.0,0.0,0.0,0.0,1.0,-1
"F[1,2](((Glucose <= 144.757 | MAP >= 15.099) & HCO3 >= 16.676) | Phosphate >= 50.230)
",-9999999.000,-9999999.000,0.000,0.000,1.000,0,0,0,29,29,0,0,29,0.0,0.0,0.0,0.0,0.0,1.0,-1
"F[1,2]((Fibrinogen <= 158.527 | Resp <= 24.015) | Calcium <= 21.627)
",-9999999.000,-9999999.000,0.000,0.000,1.000,0,0,0,29,29,0,0,29,0.0,0.0,0.0,0.0,0.0,1.0,-1
"G[1,2]((BUN <= 5.470 & WBC <= 6.524) -> Potassium <= 2.998)
",9999999.000,9999999.000,0.000,1.000,0.000,0,0,28,1,1,28,28,1,0.0,0.0,1.0,0.0,0.0,1.0,1
"F[1,2](((PaCO2 <= 17.778 -> Resp <= 25.525) & Temp >= 6.392) -> Bilirubin_direct >= 6.933)
",-9999999.000,-9999999.000,0.000,0.000,1.000,0,0,0,29,29,0,0,29,0.0,0.0,0.0,0.0,0.0,1.0,-1
"F[0,1]((Hgb >= 0.151 & HR <= 82.089) | PTT <= 88.662)
",-9999999.000,-9999999.000,0.000,0.000,1.000,0,0,0,29,29,0,0,29,0.0,0.0,0.0,0.0,0.0,1.0,-1
"F[0,2](HCO3 <= 24.998 & O2Sat >= 52.601)
",-9999999.000,-9999999.000,0.000,0.000,1.000,0,0,0,29,29,0,0,29,0.0,0.0,0.0,0.0,0.0,1.0,-1
"((Magnesium >= 0.015) U[0,2] (pH <= 4.857))
",-9999999.000,-9999999.000,0.000,0.000,1.000,0,0,0,29,29,0,0,29,0.0,0.0,0.0,0.0,0.0,1.0,-1
"((Glucose >= 9.386) U[2,2] (Lactate <= 1.002))
",1.002,1.002,0.000,0.000,1.000,0,0,0,29,29,0,0,29,0.0,0.0,0.0,0.0,0.0,1.0,-1
"F[0,2](((Glucose >= 33.649 & SBP >= 21.030) -> BaseExcess >= 4.979) | BaseExcess <= 125.889)
",-9999999.000,-9999999.000,0.000,0.000,1.000,0,0,0,29,29,0,0,29,0.0,0.0,0.0,0.0,0.0,1.0,-1
"F[1,2](Calcium <= 6.057 | PaCO2 >= 5.036)
",-9999999.000,-9999999.000,0.000,0.000,1.000,0,0,0,29,29,0,0,29,0.0,0.0,0.0,0.0,0.0,1.0,-1
"F[1,2](FiO2 >= 0.039 -> HR <= 83.536)
",-9999999.000,-9999999.000,0.000,0.000,1.000,0,0,0,29,29,0,0,29,0.0,0.0,0.0,0.0,0.0,1.0,-1
"F[1,2](Fibrinogen <= 307.916 | MAP <= 68.255)
",-9999999.000,-9999999.000,0.000,0.000,1.000,0,0,0,29,29,0,0,29,0.0,0.0,0.0,0.0,0.0,1.0,-1
"F[0,1]((Creatinine <= 3.129 | DBP >= 23.643) & BUN <= 41.926)
",-9999999.000,-9999999.000,0.000,0.000,1.000,0,0,0,29,29,0,0,29,0.0,0.0,0.0,0.0,0.0,1.0,-1
"F[0,2]((Calcium >= 0.159 -> pH >= 0.211) | Hct <= 7.031)
",-9999999.000,-9999999.000,0.000,0.000,1.000,0,0,0,29,29,0,0,29,0.0,0.0,0.0,0.0,0.0,1.0,-1
"F[0,2]((Resp <= 20.300 & Temp >= 4.262) & Chloride >= 15.605)
",-9999999.000,-9999999.000,0.000,0.000,1.000,0,0,0,29,29,0,0,29,0.0,0.0,0.0,0.0,0.0,1.0,-1
"F[1,2]((Magnesium >= 0.110 | O2Sat <= 89.463) & Alkalinephos <= 94.040)
",-9999999.000,-9999999.000,0.000,0.000,1.000,0,0,0,29,29,0,0,29,0.0,0.0,0.0,0.0,0.0,1.0,-1
"F[0,1](((BUN <= 7.897 & DBP <= 45.086) -> PaCO2 <= 53.737) & AST <= 57.152)
",-9999999.000,-9999999.000,0.000,0.000,1.000,0,0,0,29,29,0,0,29,0.0,0.0,0.0,0.0,0.0,1.0,-1
"G[0,2](MAP >= 27.170 -> EtCO2 >= 0.000)
",9999999.000,9999999.000,0.000,1.000,0.000,0,0,29,0,0,29,29,0,0.0,0.0,1.0,0.0,0.0,1.0,1
"G[2,2](((AST <= 0.000 -> BaseExcess >= -3.798) & Phosphate >= -4.591) & PaCO2 <= 0.108)
",-3.798,-3.798,0.000,1.000,0.000,0,0,29,0,0,29,29,0,0.0,0.0,1.0,0.0,0.0,1.0,1
"G[2,2](Chloride >= 5.242 & HCO3 >= 1.350)
",-2951198892840233.500,-5.242,0.000,1.000,0.000,0,0,29,0,0,29,29,0,0.0,0.0,1.0,0.0,0.0,1.0,1
"G[0,2]((O2Sat >= 76.566 & Phosphate <= 3.841) -> Temp >= 0.107)
",9999999.000,9999999.000,0.000,1.000,0.000,0,0,17,12,12,17,17,12,0.0,0.0,1.0,0.0,0.0,1.0,1
"G[1,2](Creatinine <= 1.231 & SBP <= 107.939)
",9999999.000,9999999.000,0.000,1.000,0.000,0,0,18,11,11,18,18,11,0.0,0.0,1.0,0.0,0.0,1.0,1
"G[1,2](((FiO2 <= 0.798 | SBP <= 122.863) -> Resp >= 100.082) | Platelets >= 6.555)
",9999999.000,9999999.000,0.000,1.000,0.000,0,0,1,28,28,1,1,28,0.0,0.0,1.0,0.0,0.0,1.0,1
"G[1,2](Calcium <= 1.489 | BaseExcess >= -5.000)
",9999999.000,9999999.000,0.000,1.000,0.000,0,0,29,0,0,29,29,0,0.0,0.0,1.0,0.0,0.0,1.0,1
"G[1,2](((BaseExcess >= -5.981 & HR <= 86.785) | SaO2 <= 87.174) & Resp <= 80.188)
",9999999.000,9999999.000,0.000,1.000,0.000,0,0,29,0,0,29,29,0,0.0,0.0,1.0,0.0,0.0,1.0,1
"G[1,2](((HR <= 81.812 & PTT >= 1.529) | O2Sat <= 12.475) -> FiO2 <= 22.153)
",9999999.000,9999999.000,0.000,1.000,0.000,0,0,29,0,0,29,29,0,0.0,0.0,1.0,0.0,0.0,1.0,1
"G[0,2]((FiO2 >= 0.040 | Lactate >= 0.013) | SepsisLabel <= 0.495)
",9999999.000,9999999.000,0.000,1.000,0.000,0,0,29,0,0,29,29,0,0.0,0.0,1.0,0.0,0.0,1.0,1
"G[0,2](((HCO3 >= 0.708 & Temp <= 32.772) | EtCO2 <= 21.727) | Magnesium >= 14.384)
",9999999.000,9999999.000,0.000,1.000,0.000,0,0,29,0,0,29,29,0,0.0,0.0,1.0,0.0,0.0,1.0,1
"G[2,2]((Hct >= 3.305 | Resp >= 1.165) | Alkalinephos <= 20.702)
",2913521136181766.500,20.702,0.000,1.000,0.000,0,0,29,0,0,29,29,0,0.0,0.0,1.0,0.0,0.0,1.0,1
"G[2,2]((BUN <= 8.899 & Resp <= 19.409) -> SaO2 <= 24.025)
",-3381174051862234.500,-24.025,0.000,1.000,0.000,0,0,29,0,0,29,29,0,0.0,0.0,1.0,0.0,0.0,1.0,1
"G[2,2]((Chloride >= 4.863 & MAP >= 45.196) | Bilirubin_total <= 64.001)
",4503678657089444.000,64.001,0.000,1.000,0.000,0,0,29,0,0,29,29,0,0.0,0.0,1.0,0.0,0.0,1.0,1
"G[0,2](((HR >= 68.087 & Potassium >= 0.411) -> Bilirubin_direct >= 0.046) & Potassium <= 0.995)
",9999999.000,9999999.000,0.000,1.000,0.000,0,0,22,7,7,22,22,7,0.0,0.0,1.0,0.0,0.0,1.0,1
"G[0,1](((Creatinine <= 3.997 & SaO2 >= 5.682) | Platelets >= 8.437) & O2Sat <= 51.348)
",9999999.000,9999999.000,0.000,1.000,0.000,0,0,0,29,29,0,0,29,0.0,0.0,0.0,0.0,0.0,1.0,1
"G[2,2]((Phosphate <= 3.081 -> SBP <= 125.029) | Calcium <= 122.839)
",122.839,122.839,0.000,1.000,0.000,0,0,29,0,0,29,29,0,0.0,0.0,1.0,0.0,0.0,1.0,1
"G[1,2]((BaseExcess <= 0.533 & Resp <= 23.475) -> Fibrinogen >= 2.311)
",9999999.000,9999999.000,0.000,1.000,0.000,0,0,3,26,26,3,3,26,0.0,0.0,1.0,0.0,0.0,1.0,1
"G[1,2]((MAP >= 44.245 | Potassium >= 0.415) | Glucose >= 0.490)
",9999999.000,9999999.000,0.000,1.000,0.000,0,0,28,1,1,28,28,1,0.0,0.0,1.0,0.0,0.0,1.0,1
"G[0,2](((DBP >= 23.936 & Phosphate <= 1.808) & Resp <= 1.327) -> BUN <= 3.698)
",9999999.000,9999999.000,0.000,1.000,0.000,0,0,29,0,0,29,29,0,0.0,0.0,1.0,0.0,0.0,1.0,1
"G[0,2](((O2Sat <= 94.942 | O2Sat >= 71.281) & EtCO2 <= 96.072) | Lactate <= 91.339)
",9999999.000,9999999.000,0.000,1.000,0.000,0,0,29,0,0,29,29,0,0.0,0.0,1.0,0.0,0.0,1.0,1
"G[0,1](((Resp >= 14.068 | FiO2 >= 0.049) | O2Sat <= 0.475) & PaCO2 >= 0.017)
",9999999.000,9999999.000,0.000,1.000,0.000,0,0,0,29,29,0,0,29,0.0,0.0,0.0,0.0,0.0,1.0,1
"G[0,2](BaseExcess <= 0.247 | WBC <= 11.023)
",9999999.000,9999999.000,0.000,1.000,0.000,0,0,28,1,1,28,28,1,0.0,0.0,1.0,0.0,0.0,1.0,1
"G[0,2]((PTT >= 0.824 & SBP >= 80.191) -> BaseExcess <= 135.214)
",9999999.000,9999999.000,0.000,1.000,0.000,0,0,29,0,0,29,29,0,0.0,0.0,1.0,0.0,0.0,1.0,1
"G[0,2](((MAP >= 44.914 & Hct <= 28.130) | Potassium <= 7.452) -> Glucose <= 28.259)
",9999999.000,9999999.000,0.000,1.000,0.000,0,0,13,16,16,13,13,16,0.0,0.0,1.0,0.0,0.0,1.0,1
"G[0,2](((PaCO2 <= 37.288 -> Temp >= 1.944) & Creatinine <= 33.306) | Resp <= 31.342)
",9999999.000,9999999.000,0.000,1.000,0.000,0,0,29,0,0,29,29,0,0.0,0.0,1.0,0.0,0.0,1.0,1
"G[0,1](((Glucose <= 101.589 | Lactate <= 0.139) & HCO3 >= 0.014) | TroponinI >= 0.017)
",9999999.000,9999999.000,0.000,1.000,0.000,0,0,0,29,29,0,0,29,0.0,0.0,0.0,0.0,0.0,1.0,1
"G[2,2]((Chloride >= 7.118 -> HR <= 88.469) | SaO2 <= 79.389)
",79.389,79.389,0.000,1.000,0.000,0,0,29,0,0,29,29,0,0.0,0.0,1.0,0.0,0.0,1.0,1
"G[0,2](DBP <= 43.480 -> BUN >= 0.218)
",9999999.000,9999999.000,0.000,1.000,0.000,0,0,14,15,15,14,14,15,0.0,0.0,1.0,0.0,0.0,1.0,1
"G[0,2](((Hgb >= 0.598 -> SBP <= 114.507) & HCO3 >= 38.514) & Alkalinephos <= 114.737)
",9999999.000,9999999.000,0.000,1.000,0.000,0,0,0,29,29,0,0,29,0.0,0.0,0.0,0.0,0.0,1.0,1
"G[0,2](Chloride >= 0.837 & DBP <= 46.914)
",9999999.000,9999999.000,0.000,1.000,0.000,0,0,0,29,29,0,0,29,0.0,0.0,0.0,0.0,0.0,1.0,1
"G[0,2](((Bilirubin_direct <= 0.000 | Temp <= 24.022) & Fibrinogen >= 19.887) | EtCO2 >= 15.220)
",9999999.000,9999999.000,0.000,1.000,0.000,0,0,0,29,29,0,0,29,0.0,0.0,0.0,0.0,0.0,1.0,1
"G[0,2](((DBP <= 36.705 -> Lactate <= 0.844) | SBP <= 0.608) | MAP <= 0.316)
",9999999.000,9999999.000,0.000,1.000,0.000,0,0,29,0,0,29,29,0,0.0,0.0,1.0,0.0,0.0,1.0,1
"G[1,2](BaseExcess >= -2.652 & HCO3 <= 12.401)
",9999999.000,9999999.000,0.000,1.000,0.000,0,0,25,4,4,25,25,4,0.0,0.0,1.0,0.0,0.0,1.0,1
"G[2,2](((MAP <= 73.714 | pH <= 3.013) | FiO2 <= 2.280) | AST <= 4.732)
",5187159985083137.000,73.714,0.000,1.000,0.000,0,0,29,0,0,29,29,0,0.0,0.0,1.0,0.0,0.0,1.0,1
"G[1,2]((Temp >= 8.309 -> O2Sat >= 53.073) | PTT >= 72.766)
",9999999.000,9999999.000,0.000,1.000,0.000,0,0,29,0,0,29,29,0,0.0,0.0,1.0,0.0,0.0,1.0,1
"G[0,2](EtCO2 <= 0.000 -> Potassium >= 0.158)
",9999999.000,9999999.000,0.000,1.000,0.000,0,0,0,29,29,0,0,29,0.0,0.0,0.0,0.0,0.0,1.0,1
"G[1,2](FiO2 <= 0.598 & MAP >= 3.042)
",9999999.000,9999999.000,0.000,1.000,0.000,0,0,28,1,1,28,28,1,0.0,0.0,1.0,0.0,0.0,1.0,1
"G[0,2]((PaCO2 >= 2.664 | TroponinI >= 0.000) -> AST >= 0.000)
",9999999.000,9999999.000,0.000,1.000,0.000,0,0,29,0,0,29,29,0,0.0,0.0,1.0,0.0,0.0,1.0,1
"G[1,1](((AST <= 0.000 | HR <= 80.700) & Hct >= 77.511) & Hgb >= 14.319)
",-5454343841987199.000,-77.511,0.000,1.000,0.000,0,0,1,28,28,1,1,28,0.0,0.0,1.0,0.0,0.0,1.0,1
"G[1,2](((Magnesium >= 0.055 -> Fibrinogen >= 9.471) & HR >= 6.339) | Potassium <= 234.849)
",9999999.000,9999999.000,0.000,1.000,0.000,0,0,29,0,0,29,29,0,0.0,0.0,1.0,0.0,0.0,1.0,1
"G[0,2](DBP <= 46.202 | AST >= 0.000)
",9999999.000,9999999.000,0.000,1.000,0.000,0,0,29,0,0,29,29,0,0.0,0.0,1.0,0.0,0.0,1.0,1
"G[0,2](((SepsisLabel >= 0.000 & Potassium <= 2.617) & Calcium <= 2.567) -> SaO2 <= 1.895)
",9999999.000,9999999.000,0.000,1.000,0.000,0,0,25,4,4,25,25,4,0.0,0.0,1.0,0.0,0.0,1.0,1
"G[1,2]((Resp >= 13.013 | WBC >= 0.723) -> FiO2 <= 1.715)
",9999999.000,9999999.000,0.000,1.000,0.000,0,0,29,0,0,29,29,0,0.0,0.0,1.0,0.0,0.0,1.0,1
"G[1,2](((BUN <= 9.207 | SBP >= 36.093) & EtCO2 <= 121.146) -> Lactate <= 117.491)
",9999999.000,9999999.000,0.000,1.000,0.000,0,0,29,0,0,29,29,0,0.0,0.0,1.0,0.0,0.0,1.0,1
"G[0,1]((Creatinine <= 5.450 | FiO2 <= 0.503) & SaO2 >= 0.037)
",9999999.000,9999999.000,0.000,1.000,0.000,0,0,0,29,29,0,0,29,0.0,0.0,0.0,0.0,0.0,1.0,1
"G[2,2](((Phosphate >= 0.047 -> Glucose >= 6.805) | pH <= 152.659) & Fibrinogen <= 130.347)
",130.347,130.347,0.000,1.000,0.000,0,0,29,0,0,29,29,0,0.0,0.0,1.0,0.0,0.0,1.0,1
"G[1,2]((Hct <= 15.901 & SBP >= 50.951) | MAP >= 42.694)
",9999999.000,9999999.000,0.000,1.000,0.000,0,0,29,0,0,29,29,0,0.0,0.0,1.0,0.0,0.0,1.0,1
"G[0,2]((Potassium <= 3.626 & Resp >= 17.412) -> Chloride >= 17.263)
",9999999.000,9999999.000,0.000,1.000,0.000,0,0,9,20,20,9,9,20,0.0,0.0,1.0,0.0,0.0,1.0,1
"G[2,2]((Platelets <= 67.341 | Bilirubin_total >= 0.000) & BaseExcess <= 0.000)
",0.000,0.000,0.000,1.000,0.000,0,0,29,0,0,29,29,0,0.0,0.0,1.0,0.0,0.0,1.0,1
"G[0,1]((Fibrinogen >= 1.562 -> Glucose >= 1.261) -> Calcium >= 15.030)
",9999999.000,9999999.000,0.000,1.000,0.000,0,0,0,29,29,0,0,29,0.0,0.0,0.0,0.0,0.0,1.0,1
"G[0,2](BUN <= 27.931 & HR <= 83.512)
",9999999.000,9999999.000,0.000,1.000,0.000,0,0,26,3,3,26,26,3,0.0,0.0,1.0,0.0,0.0,1.0,1
"G[0,1](((Bilirubin_direct <= 0.000 | Creatinine <= 1.252) -> Resp <= 4.881) | SBP <= 3.825)
",9999999.000,9999999.000,0.000,1.000,0.000,0,0,1,28,28,1,1,28,0.0,0.0,1.0,0.0,0.0,1.0,1
"F[0,2](Glucose <= 153.202 -> Creatinine >= 0.058)
",-9999999.000,-9999999.000,0.000,0.000,1.000,0,0,0,29,29,0,0,29,0.0,0.0,0.0,0.0,0.0,1.0,-1
