Rule,Discrimination Score,Pos Robustness,Neg Robustness,Percent Class +,Percent Class -,TP,TN,FP,FN,Actual Yes,Actual No,Predicted Yes,Predicted No,TPR/Sens,TNR/Spec,FPR,Precision,Accuracy,MCR,Class
"G[0,0](HCO3 <= 28.233 & SepsisLabel = 0.000)
",-0.243,-10.167,0.000,1.000,0.000,19,0,0,0,19,0,19,0,1.0,0.0,0.0,1.0,1.027027027027027,-0.027027027027026973,1
"G[0,0](Glucose >= 111.295 -> PTT <= 9.741)
",-4.142,-9.202,0.000,1.000,0.000,19,0,0,0,19,0,19,0,1.0,0.0,0.0,1.0,1.027027027027027,-0.027027027027026973,1
"F[0,0](Calcium < 0.000 & SepsisLabel = 0.000)
",-0.243,-10.167,0.000,0.000,1.000,19,0,0,0,19,0,19,0,1.0,0.0,0.0,1.0,1.027027027027027,-0.027027027027026973,-1
"G[0,0]((Potassium >= 0.695 & PTT >= 0.042) -> Platelets <= 8.448)
",-8.448,-8.448,0.000,1.000,0.000,19,0,0,0,19,0,19,0,1.0,0.0,0.0,1.0,1.027027027027027,-0.027027027027026973,1
"F[0,0]((Platelets >= 4.066 -> SaO2 <= 54.339) -> Alkalinephos >= 6.062)
",0.976,4.451,0.000,0.000,1.000,19,0,0,0,19,0,19,0,1.0,0.0,0.0,1.0,1.027027027027027,-0.027027027027026973,-1
"G[0,0]((Chloride >= 1.271 -> HCO3 >= 1.002) | Phosphate >= 0.542)
",1.416,0.826,0.000,1.000,0.000,19,0,0,0,19,0,19,0,1.0,0.0,0.0,1.0,1.027027027027027,-0.027027027027026973,1
"G[0,0](Hgb <= 5.991 | Resp >= 15.518)
",5.784,41.287,0.000,1.000,0.000,19,0,0,0,19,0,19,0,1.0,0.0,0.0,1.0,1.027027027027027,-0.027027027027026973,1
"G[0,0]((Hct <= 5.773 | Platelets >= 5.541) -> O2Sat >= 4.577)
",-9.247,-85.728,0.000,1.000,0.000,19,0,0,0,19,0,19,0,1.0,0.0,0.0,1.0,1.027027027027027,-0.027027027027026973,1
"G[0,0](((Bilirubin_direct >= 0.000 -> TroponinI <= 0.000) -> MAP <= 0.000) -> DBP >= 0.000)
",-7.149,-76.722,0.000,1.000,0.000,19,0,0,0,19,0,19,0,1.0,0.0,0.0,1.0,1.027027027027027,-0.027027027027026973,1
"F[0,0](((WBC >= 0.062 | Platelets <= 20.093) -> FiO2 <= 25.342) -> PTT >= 0.779)
",0.108,0.240,0.000,0.000,1.000,19,0,0,0,19,0,19,0,1.0,0.0,0.0,1.0,1.027027027027027,-0.027027027027026973,-1
"G[0,0](((Creatinine <= 0.275 -> TroponinI <= 0.000) & Platelets >= 0.000) | DBP <= 0.000)
",-2.828,-0.244,0.000,1.000,0.000,19,0,0,0,19,0,19,0,1.0,0.0,0.0,1.0,1.027027027027027,-0.027027027027026973,1
"G[0,0](((Chloride >= 0.954 -> Bilirubin_total <= 0.000) -> Hgb >= 0.000) -> MAP >= 0.000)
",-6.846,-116.389,0.000,1.000,0.000,19,0,0,0,19,0,19,0,1.0,0.0,0.0,1.0,1.027027027027027,-0.027027027027026973,1
"G[0,0](((BaseExcess <= 0.416 -> pH <= 5.628) -> PTT <= 5.015) | EtCO2 >= 1.777)
",4.452,18.334,0.000,1.000,0.000,19,0,0,0,19,0,19,0,1.0,0.0,0.0,1.0,1.027027027027027,-0.027027027027026973,1
"G[0,0](((HCO3 <= 30.847 | HCO3 >= 0.493) | Chloride >= 1.219) | HR >= 0.385)
",7743648996853692.000,14085.615,0.000,1.000,0.000,19,0,0,0,19,0,19,0,1.0,0.0,0.0,1.0,1.027027027027027,-0.027027027027026973,1
"G[0,0](WBC >= 0.283 -> FiO2 <= 0.222)
",-0.279,-1.466,0.000,1.000,0.000,19,0,0,0,19,0,19,0,1.0,0.0,0.0,1.0,1.027027027027027,-0.027027027027026973,1
"G[0,0]((PTT >= 0.297 -> Resp <= 23.416) | HCO3 <= 26.987)
",27.653,26.431,0.000,1.000,0.000,19,0,0,0,19,0,19,0,1.0,0.0,0.0,1.0,1.027027027027027,-0.027027027027026973,1
"G[0,0]((BaseExcess >= 0.173 -> Hct <= 17.466) -> Potassium <= 22.132)
",-6229465141612748.000,-22.132,0.000,1.000,0.000,19,0,0,0,19,0,19,0,1.0,0.0,0.0,1.0,1.027027027027027,-0.027027027027026973,1
"G[0,0](((HR <= 98.274 & SBP <= 139.394) | SepsisLabel <= 155.979) | Phosphate >= 86.561)
",3.478,145.812,0.000,1.000,0.000,19,0,0,0,19,0,19,0,1.0,0.0,0.0,1.0,1.027027027027027,-0.027027027027026973,1
"F[0,1]((Chloride >= 5.204 & Resp <= 25.608) & HR <= 23.666)
",-9999999.000,-9999999.000,0.000,0.000,1.000,18,0,0,1,19,0,18,1,0.9473684210526315,0.0,0.0,1.0,0.972972972972973,0.027027027027026973,-1
"F[1,1](((Calcium < 0.000 & Potassium < 2.835) & Magnesium < 0.313) & Phosphate < 0.000)
",0.000,0.000,0.000,0.000,1.000,18,0,0,1,19,0,18,1,0.9473684210526315,0.0,0.0,1.0,0.972972972972973,0.027027027027026973,-1
"((EtCO2 < 0.000) U[1,2] (SepsisLabel = 0.000))
",-9999999.000,-9999999.000,0.000,0.000,1.000,18,0,0,1,19,0,18,1,0.9473684210526315,0.0,0.0,1.0,0.972972972972973,0.027027027027026973,-1
"F[1,1]((Chloride >= 3.624 | Bilirubin_total >= 0.000) -> MAP <= 0.000)
",0.000,0.000,0.000,0.000,1.000,18,0,0,1,19,0,18,1,0.9473684210526315,0.0,0.0,1.0,0.972972972972973,0.027027027027026973,-1
"F[1,1]((Calcium <= 0.000 & Potassium <= 3.520) & Magnesium >= 0.013)
",-0.013,-0.013,0.000,0.000,1.000,18,0,0,1,19,0,18,1,0.9473684210526315,0.0,0.0,1.0,0.972972972972973,0.027027027027026973,-1
"F[0,1](((Calcium < 0.000 & Potassium < 2.583) & Magnesium < 0.823) & Phosphate < 0.000)
",-9999999.000,-9999999.000,0.000,0.000,1.000,18,0,0,1,19,0,18,1,0.9473684210526315,0.0,0.0,1.0,0.972972972972973,0.027027027027026973,-1
"G[0,1](((O2Sat >= 97.522 -> Creatinine >= 0.037) -> Potassium <= 0.604) | Phosphate <= 0.243)
",9999999.000,9999999.000,0.000,1.000,0.000,18,0,1,0,18,1,19,0,1.0,0.0,1.0,0.9473684210526315,0.972972972972973,0.027027027027026973,1
"F[0,1](((Alkalinephos >= 0.000 & Lactate <= 0.000) & Resp >= 0.000) -> O2Sat <= 0.000)
",-9999999.000,-9999999.000,0.000,0.000,1.000,18,0,0,1,19,0,18,1,0.9473684210526315,0.0,0.0,1.0,0.972972972972973,0.027027027027026973,-1
"F[0,1](((Chloride >= 5.247 | pH <= 3.155) -> Calcium >= 0.655) & HR <= 5.693)
",-9999999.000,-9999999.000,0.000,0.000,1.000,18,0,0,1,19,0,18,1,0.9473684210526315,0.0,0.0,1.0,0.972972972972973,0.027027027027026973,-1
"G[1,1]((Bilirubin_total <= 0.000 -> Calcium >= 0.000) | WBC <= 0.000)
",0.000,0.000,0.000,1.000,0.000,18,0,1,0,18,1,19,0,1.0,0.0,1.0,0.9473684210526315,0.972972972972973,0.027027027027026973,1
"G[0,1](Chloride >= 1.847 -> SepsisLabel = 0.000)
",9999999.000,9999999.000,0.000,1.000,0.000,18,0,1,0,18,1,19,0,1.0,0.0,1.0,0.9473684210526315,0.972972972972973,0.027027027027026973,1
"G[1,1](FiO2 >= 0.014 -> Hgb <= 8.320)
",-8.320,-8.320,0.000,1.000,0.000,18,0,1,0,18,1,19,0,1.0,0.0,1.0,0.9473684210526315,0.972972972972973,0.027027027027026973,1
"F[1,1](((WBC <= 10.048 | BUN <= 4.446) & O2Sat <= 7.432) & BaseExcess >= 0.099)
",-0.099,-0.099,0.000,0.000,1.000,18,0,0,1,19,0,18,1,0.9473684210526315,0.0,0.0,1.0,0.972972972972973,0.027027027027026973,-1
"F[0,1](((Phosphate >= 0.000 | Calcium <= 0.000) & SBP <= 0.000) & TroponinI <= 0.000)
",-9999999.000,-9999999.000,0.000,0.000,1.000,18,0,0,1,19,0,18,1,0.9473684210526315,0.0,0.0,1.0,0.972972972972973,0.027027027027026973,-1
"F[0,1](((Magnesium <= 1.886 & O2Sat >= 97.754) | Hgb >= 95.881) & PaCO2 >= 96.034)
",-9999999.000,-9999999.000,0.000,0.000,1.000,18,0,0,1,19,0,18,1,0.9473684210526315,0.0,0.0,1.0,0.972972972972973,0.027027027027026973,-1
"G[0,1](((Resp <= 26.015 | Temp <= 35.273) -> pH >= 18.099) | Potassium <= 30.357)
",9999999.000,9999999.000,0.000,1.000,0.000,18,0,1,0,18,1,19,0,1.0,0.0,1.0,0.9473684210526315,0.972972972972973,0.027027027027026973,1
"F[0,1](((Calcium < 0.000 & Potassium < 4.407) & Magnesium < 0.252) & Phosphate < 0.000)
",-9999999.000,-9999999.000,0.000,0.000,1.000,18,0,0,1,19,0,18,1,0.9473684210526315,0.0,0.0,1.0,0.972972972972973,0.027027027027026973,-1
"F[0,0](((Creatinine <= 0.519 & SaO2 >= 4.903) -> Phosphate >= 10.045) & WBC >= 9.616)
",-2.069,-8.607,0.000,0.000,1.000,18,0,0,1,19,0,18,1,0.9473684210526315,0.0,0.0,1.0,0.972972972972973,0.027027027027026973,-1
"F[1,1](((BUN <= 1.156 & Glucose >= 60.743) -> SBP >= 63.109) -> Lactate >= 106.577)
",-8548853476918050.000,-60.743,0.000,0.000,1.000,18,0,0,1,19,0,18,1,0.9473684210526315,0.0,0.0,1.0,0.972972972972973,0.027027027027026973,-1
"F[1,1](((Calcium < 0.000 & Potassium < 4.405) & Magnesium < 1.057) & Phosphate < 0.000)
",0.000,0.000,0.000,0.000,1.000,18,0,0,1,19,0,18,1,0.9473684210526315,0.0,0.0,1.0,0.972972972972973,0.027027027027026973,-1
"((FiO2 >= 0.067) U[1,1] (BUN >= 0.471))
",-4809746402095193.000,-0.067,0.000,0.000,1.000,18,0,0,1,19,0,18,1,0.9473684210526315,0.0,0.0,1.0,0.972972972972973,0.027027027027026973,-1
"((PTT > 0.472) U[1,2] (SepsisLabel = 0.000))
",-9999999.000,-9999999.000,0.000,0.000,1.000,18,0,0,1,19,0,18,1,0.9473684210526315,0.0,0.0,1.0,0.972972972972973,0.027027027027026973,-1
"F[1,1]((Calcium <= 0.000 & Potassium <= 3.918) & Magnesium >= 0.058)
",-0.058,-0.058,0.000,0.000,1.000,18,0,0,1,19,0,18,1,0.9473684210526315,0.0,0.0,1.0,0.972972972972973,0.027027027027026973,-1
"F[0,0](((HR <= 103.332 | BaseExcess <= 1.668) -> SBP <= 2.184) & SaO2 >= 0.359)
",-7.431,-1.869,0.000,0.000,1.000,18,0,0,1,19,0,18,1,0.9473684210526315,0.0,0.0,1.0,0.972972972972973,0.027027027027026973,-1
"F[0,1](((Calcium < 0.000 & Potassium < 1.675) & Magnesium < 0.383) & Phosphate < 0.000)
",-9999999.000,-9999999.000,0.000,0.000,1.000,18,0,0,1,19,0,18,1,0.9473684210526315,0.0,0.0,1.0,0.972972972972973,0.027027027027026973,-1
"F[0,1]((Chloride >= 1.100 & PTT <= 21.015) & Temp <= 20.811)
",-9999999.000,-9999999.000,0.000,0.000,1.000,18,0,0,1,19,0,18,1,0.9473684210526315,0.0,0.0,1.0,0.972972972972973,0.027027027027026973,-1
"F[0,1](((Calcium < 0.000 & Potassium < 4.970) & Magnesium < 1.432) & Phosphate < 0.000)
",-9999999.000,-9999999.000,0.000,0.000,1.000,18,0,0,1,19,0,18,1,0.9473684210526315,0.0,0.0,1.0,0.972972972972973,0.027027027027026973,-1
"F[1,1](((BUN >= 0.034 & Hct >= 2.799) | WBC <= 24.806) & Phosphate >= 1.503)
",-6769197854614044.000,-1.503,0.000,0.000,1.000,18,0,0,1,19,0,18,1,0.9473684210526315,0.0,0.0,1.0,0.972972972972973,0.027027027027026973,-1
"F[0,1](((HR >= 76.139 | PaCO2 <= 36.521) -> Phosphate <= 30.947) -> Alkalinephos >= 9.050)
",-9999999.000,-9999999.000,0.000,0.000,1.000,18,0,0,1,19,0,18,1,0.9473684210526315,0.0,0.0,1.0,0.972972972972973,0.027027027027026973,-1
"G[0,1](((Glucose >= 50.939 | MAP >= 60.843) | Creatinine <= 92.756) | Alkalinephos <= 99.067)
",9999999.000,9999999.000,0.000,1.000,0.000,18,0,1,0,18,1,19,0,1.0,0.0,1.0,0.9473684210526315,0.972972972972973,0.027027027027026973,1
"G[1,1](((Calcium >= 0.000 -> Calcium <= 0.000) & PaCO2 <= 0.000) | DBP >= 0.000)
",0.000,0.000,0.000,1.000,0.000,18,0,1,0,18,1,19,0,1.0,0.0,1.0,0.9473684210526315,0.972972972972973,0.027027027027026973,1
"G[0,1](((Hct <= 24.905 & Resp <= 26.804) -> WBC >= 17.178) -> TroponinI <= 26.260)
",9999999.000,9999999.000,0.000,1.000,0.000,18,0,1,0,18,1,19,0,1.0,0.0,1.0,0.9473684210526315,0.972972972972973,0.027027027027026973,1
"G[0,1](((Creatinine >= 0.013 -> Resp <= 20.918) & SepsisLabel <= 27.879) | Bilirubin_total >= 12.594)
",9999999.000,9999999.000,0.000,1.000,0.000,18,0,1,0,18,1,19,0,1.0,0.0,1.0,0.9473684210526315,0.972972972972973,0.027027027027026973,1
"G[0,0](((Hct <= 13.062 & Potassium >= 0.759) & FiO2 <= 4.358) | Platelets <= 2.416)
",2.416,2.416,0.000,1.000,0.000,18,0,0,1,19,0,18,1,0.9473684210526315,0.0,0.0,1.0,0.972972972972973,0.027027027027026973,1
"G[0,0](((DBP >= 51.410 -> O2Sat <= 98.159) & MAP >= 97.885) -> PTT >= 97.006)
",2.643,26.213,0.000,1.000,0.000,18,0,0,1,19,0,18,1,0.9473684210526315,0.0,0.0,1.0,0.972972972972973,0.027027027027026973,1
"G[0,0]((Glucose >= 100.986 & Temp <= 24.660) -> PTT >= 10.300)
",4.393,9.761,0.000,1.000,0.000,18,0,0,1,19,0,18,1,0.9473684210526315,0.0,0.0,1.0,0.972972972972973,0.027027027027026973,1
"G[1,1](AST >= 0.000 & SepsisLabel = 0.000)
",0.000,0.000,0.000,1.000,0.000,18,0,1,0,18,1,19,0,1.0,0.0,1.0,0.9473684210526315,0.972972972972973,0.027027027027026973,1
"G[1,1]((HR <= 90.569 & Resp <= 25.391) -> HR >= 14.760)
",-25.391,-25.391,0.000,1.000,0.000,18,0,1,0,18,1,19,0,1.0,0.0,1.0,0.9473684210526315,0.972972972972973,0.027027027027026973,1
"G[1,1]((MAP <= 96.039 & pH <= 5.420) | HR >= 1.457)
",5.420,5.420,0.000,1.000,0.000,18,0,1,0,18,1,19,0,1.0,0.0,1.0,0.9473684210526315,0.972972972972973,0.027027027027026973,1
"G[0,1]((PTT <= 0.684 | HR >= 77.602) | MAP <= 96.872)
",9999999.000,9999999.000,0.000,1.000,0.000,18,0,1,0,18,1,19,0,1.0,0.0,1.0,0.9473684210526315,0.972972972972973,0.027027027027026973,1
"G[0,1](SepsisLabel <= 0.000 & Lactate >= 0.000)
",9999999.000,9999999.000,0.000,1.000,0.000,18,0,1,0,18,1,19,0,1.0,0.0,1.0,0.9473684210526315,0.972972972972973,0.027027027027026973,1
"G[0,1]((PTT <= 8.326 -> Bilirubin_total <= 0.000) & Alkalinephos <= 0.000)
",9999999.000,9999999.000,0.000,1.000,0.000,18,0,1,0,18,1,19,0,1.0,0.0,1.0,0.9473684210526315,0.972972972972973,0.027027027027026973,1
"G[0,1](((Hgb <= 6.494 & PaCO2 >= 1.366) -> WBC >= 8.635) | Creatinine <= 39.538)
",9999999.000,9999999.000,0.000,1.000,0.000,18,0,1,0,18,1,19,0,1.0,0.0,1.0,0.9473684210526315,0.972972972972973,0.027027027027026973,1
"G[0,1](((Fibrinogen <= 0.000 | BaseExcess <= 1.895) -> DBP >= 0.236) | Platelets <= 0.838)
",9999999.000,9999999.000,0.000,1.000,0.000,18,0,1,0,18,1,19,0,1.0,0.0,1.0,0.9473684210526315,0.972972972972973,0.027027027027026973,1
"G[0,1](SepsisLabel <= 0.000 | Bilirubin_direct >= 0.000)
",9999999.000,9999999.000,0.000,1.000,0.000,18,0,1,0,18,1,19,0,1.0,0.0,1.0,0.9473684210526315,0.972972972972973,0.027027027027026973,1
"G[0,1](Creatinine >= 0.005 | SepsisLabel >= 0.000)
",9999999.000,9999999.000,0.000,1.000,0.000,18,0,1,0,18,1,19,0,1.0,0.0,1.0,0.9473684210526315,0.972972972972973,0.027027027027026973,1
"G[0,1](((BaseExcess >= 0.394 | Platelets <= 86.523) & Phosphate >= 4.703) -> PaCO2 <= 168.281)
",9999999.000,9999999.000,0.000,1.000,0.000,18,0,1,0,18,1,19,0,1.0,0.0,1.0,0.9473684210526315,0.972972972972973,0.027027027027026973,1
"G[0,1]((SBP <= 117.537 & AST <= 0.000) | O2Sat >= 0.000)
",9999999.000,9999999.000,0.000,1.000,0.000,18,0,1,0,18,1,19,0,1.0,0.0,1.0,0.9473684210526315,0.972972972972973,0.027027027027026973,1
"G[1,1]((MAP >= 63.494 -> PTT <= 6.484) -> Hgb <= 4.422)
",-4.422,-4.422,0.000,1.000,0.000,18,0,1,0,18,1,19,0,1.0,0.0,1.0,0.9473684210526315,0.972972972972973,0.027027027027026973,1
"G[1,1](PTT <= 8.349 -> SepsisLabel = 0.000)
",-4700222035331685.000,-8.349,0.000,1.000,0.000,18,0,1,0,18,1,19,0,1.0,0.0,1.0,0.9473684210526315,0.972972972972973,0.027027027027026973,1
"G[0,1]((Calcium >= 0.000 | SaO2 >= 7.041) -> Phosphate <= 73.001)
",9999999.000,9999999.000,0.000,1.000,0.000,18,0,1,0,18,1,19,0,1.0,0.0,1.0,0.9473684210526315,0.972972972972973,0.027027027027026973,1
"G[0,1](EtCO2 <= 0.000 | Resp >= 20.050)
",9999999.000,9999999.000,0.000,1.000,0.000,18,0,1,0,18,1,19,0,1.0,0.0,1.0,0.9473684210526315,0.972972972972973,0.027027027027026973,1
"G[0,1](((Temp <= 25.041 -> HCO3 >= 0.767) & MAP <= 4.349) -> SepsisLabel <= 4.736)
",9999999.000,9999999.000,0.000,1.000,0.000,18,0,1,0,18,1,19,0,1.0,0.0,1.0,0.9473684210526315,0.972972972972973,0.027027027027026973,1
"G[0,1](Platelets <= 54.039 -> SepsisLabel = 0.000)
",9999999.000,9999999.000,0.000,1.000,0.000,18,0,1,0,18,1,19,0,1.0,0.0,1.0,0.9473684210526315,0.972972972972973,0.027027027027026973,1
"G[1,1](Platelets <= 48.726 | Glucose <= 209.591)
",209.591,209.591,0.000,1.000,0.000,18,0,1,0,18,1,19,0,1.0,0.0,1.0,0.9473684210526315,0.972972972972973,0.027027027027026973,1
"G[0,1](((PTT >= 0.377 & Platelets <= 126.088) | Resp <= 49.061) & Potassium <= 16.805)
",9999999.000,9999999.000,0.000,1.000,0.000,18,0,1,0,18,1,19,0,1.0,0.0,1.0,0.9473684210526315,0.972972972972973,0.027027027027026973,1
"G[0,1](Bilirubin_total <= 0.000 -> Calcium >= 0.000)
",9999999.000,9999999.000,0.000,1.000,0.000,18,0,1,0,18,1,19,0,1.0,0.0,1.0,0.9473684210526315,0.972972972972973,0.027027027027026973,1
"G[0,0]((Hct >= 2.720 -> Hgb >= 0.468) | Platelets >= 0.224)
",1.368,0.353,0.000,1.000,0.000,18,0,0,1,19,0,18,1,0.9473684210526315,0.0,0.0,1.0,0.972972972972973,0.027027027027026973,1
"G[1,1](((Platelets <= 17.307 -> Temp <= 26.248) | AST <= 35.188) | SBP >= 5.864)
",4952269641541034.000,35.188,0.000,1.000,0.000,18,0,1,0,18,1,19,0,1.0,0.0,1.0,0.9473684210526315,0.972972972972973,0.027027027027026973,1
"G[0,1](((FiO2 >= 0.042 | EtCO2 <= 0.000) -> MAP >= 0.000) -> Lactate <= 0.000)
",9999999.000,9999999.000,0.000,1.000,0.000,18,0,1,0,18,1,19,0,1.0,0.0,1.0,0.9473684210526315,0.972972972972973,0.027027027027026973,1
"G[1,1](BaseExcess >= 0.389 | Creatinine <= 0.249)
",8962764645550098.000,0.249,0.000,1.000,0.000,18,0,1,0,18,1,19,0,1.0,0.0,1.0,0.9473684210526315,0.972972972972973,0.027027027027026973,1
"G[0,1](Lactate >= 0.000 | Phosphate >= 0.000)
",9999999.000,9999999.000,0.000,1.000,0.000,18,0,1,0,18,1,19,0,1.0,0.0,1.0,0.9473684210526315,0.972972972972973,0.027027027027026973,1
"G[1,1](Bilirubin_direct >= 0.000 | PTT >= 0.032)
",0.000,0.000,0.000,1.000,0.000,18,0,1,0,18,1,19,0,1.0,0.0,1.0,0.9473684210526315,0.972972972972973,0.027027027027026973,1
"G[0,1]((Hct >= 1.729 & pH >= 1.907) | Hgb <= 4.850)
",9999999.000,9999999.000,0.000,1.000,0.000,18,0,1,0,18,1,19,0,1.0,0.0,1.0,0.9473684210526315,0.972972972972973,0.027027027027026973,1
"G[1,1](((Chloride >= 0.275 & Hct <= 6.641) & Resp >= 2.445) | EtCO2 <= 6.422)
",7230862495254932.000,6.422,0.000,1.000,0.000,18,0,1,0,18,1,19,0,1.0,0.0,1.0,0.9473684210526315,0.972972972972973,0.027027027027026973,1
"F[0,1](PTT > 0.396 & SepsisLabel = 0.000)
",-9999999.000,-9999999.000,0.000,0.000,1.000,17,0,0,2,19,0,17,2,0.8947368421052632,0.0,0.0,1.0,0.918918918918919,0.08108108108108103,-1
"F[0,1]((Creatinine <= 0.285 & Hgb >= 0.360) | HR <= 3.936)
",-9999999.000,-9999999.000,0.000,0.000,1.000,17,0,0,2,19,0,17,2,0.8947368421052632,0.0,0.0,1.0,0.918918918918919,0.08108108108108103,-1
"F[1,1](Chloride <= 12.305 -> Magnesium >= 0.037)
",-6926893494992517.000,-12.305,0.000,0.000,1.000,17,0,0,2,19,0,17,2,0.8947368421052632,0.0,0.0,1.0,0.918918918918919,0.08108108108108103,-1
"G[0,1]((Creatinine <= 0.183 -> Platelets <= 74.949) | BaseExcess >= 1.667)
",9999999.000,9999999.000,0.000,1.000,0.000,17,0,1,1,18,1,18,1,0.9444444444444444,0.0,1.0,0.9444444444444444,0.918918918918919,0.08108108108108103,1
"G[0,1](((PTT <= 18.875 -> Bilirubin_total <= 0.000) & Hct <= 0.000) | HCO3 <= 0.000)
",9999999.000,9999999.000,0.000,1.000,0.000,17,0,1,1,18,1,18,1,0.9444444444444444,0.0,1.0,0.9444444444444444,0.918918918918919,0.08108108108108103,1
"G[0,0](Chloride >= 1.288 | MAP <= 88.514)
",-5799920330288741.000,-1.288,0.000,1.000,0.000,17,0,0,2,19,0,17,2,0.8947368421052632,0.0,0.0,1.0,0.918918918918919,0.08108108108108103,1
"G[1,1](Fibrinogen >= 0.000 -> Creatinine <= 0.046)
",-0.046,-0.046,0.000,1.000,0.000,17,0,1,1,18,1,18,1,0.9444444444444444,0.0,1.0,0.9444444444444444,0.918918918918919,0.08108108108108103,1
"G[0,1](SaO2 <= 95.213 & SepsisLabel = 0.000)
",9999999.000,9999999.000,0.000,1.000,0.000,17,0,1,1,18,1,18,1,0.9444444444444444,0.0,1.0,0.9444444444444444,0.918918918918919,0.08108108108108103,1
"((HCO3 >= 0.061) U[1,1] (AST >= 0.000))
",0.000,0.000,0.000,0.000,1.000,17,0,0,2,19,0,17,2,0.8947368421052632,0.0,0.0,1.0,0.918918918918919,0.08108108108108103,-1
"F[1,1](((Glucose <= 219.110 -> Platelets >= 7.679) & BaseExcess >= 0.775) & BUN >= 2.267)
",-219.110,-219.110,0.000,0.000,1.000,17,0,0,2,19,0,17,2,0.8947368421052632,0.0,0.0,1.0,0.918918918918919,0.08108108108108103,-1
"F[1,1](((Fibrinogen >= 0.000 | BUN >= 0.509) -> Creatinine >= 0.210) | Lactate >= 0.360)
",0.000,0.000,0.000,0.000,1.000,17,0,0,2,19,0,17,2,0.8947368421052632,0.0,0.0,1.0,0.918918918918919,0.08108108108108103,-1
"F[0,0](WBC >= 0.149 | BUN >= 0.201)
",0.215,1.151,0.000,0.000,1.000,17,0,0,2,19,0,17,2,0.8947368421052632,0.0,0.0,1.0,0.918918918918919,0.08108108108108103,-1
"((SaO2 >= 6.931) U[1,2] (SepsisLabel = 0.000))
",-9999999.000,-9999999.000,0.000,0.000,1.000,16,0,0,3,19,0,16,3,0.8421052631578947,0.0,0.0,1.0,0.8648648648648649,0.1351351351351351,-1
"F[0,1](((Temp >= 19.472 -> WBC <= 3.887) | TroponinI >= 0.103) -> PTT >= 0.234)
",-9999999.000,-9999999.000,0.000,0.000,1.000,16,0,0,3,19,0,16,3,0.8421052631578947,0.0,0.0,1.0,0.8648648648648649,0.1351351351351351,-1
"F[1,1](PTT <= 3.298 -> SaO2 >= 1.304)
",-3.298,-3.298,0.000,0.000,1.000,16,0,0,3,19,0,16,3,0.8421052631578947,0.0,0.0,1.0,0.8648648648648649,0.1351351351351351,-1
"F[0,1](Magnesium >= 0.009 & BaseExcess >= 0.157)
",-9999999.000,-9999999.000,0.000,0.000,1.000,16,0,0,3,19,0,16,3,0.8421052631578947,0.0,0.0,1.0,0.8648648648648649,0.1351351351351351,-1
"F[0,0](FiO2 >= 0.035 & Glucose <= 158.740)
",0.349,3.188,0.000,0.000,1.000,16,0,0,3,19,0,16,3,0.8421052631578947,0.0,0.0,1.0,0.8648648648648649,0.1351351351351351,-1
"F[0,1]((Hgb <= 9.644 | SBP >= 109.358) -> Hct >= 91.031)
",-9999999.000,-9999999.000,0.000,0.000,1.000,16,0,0,3,19,0,16,3,0.8421052631578947,0.0,0.0,1.0,0.8648648648648649,0.1351351351351351,-1
"((BaseExcess >= 0.193) U[0,1] (Magnesium >= 0.053))
",-9999999.000,-9999999.000,0.000,0.000,1.000,16,0,0,3,19,0,16,3,0.8421052631578947,0.0,0.0,1.0,0.8648648648648649,0.1351351351351351,-1
"F[0,1]((O2Sat >= 94.638 -> Potassium >= 0.255) & Hgb >= 0.254)
",-9999999.000,-9999999.000,0.000,0.000,1.000,16,0,0,3,19,0,16,3,0.8421052631578947,0.0,0.0,1.0,0.8648648648648649,0.1351351351351351,-1
"G[1,1](((PaCO2 >= 12.628 -> AST <= 0.000) & HCO3 >= 0.000) -> Hct <= 0.000)
",0.000,0.000,0.000,1.000,0.000,16,0,1,2,18,1,17,2,0.8888888888888888,0.0,1.0,0.9411764705882353,0.8648648648648649,0.1351351351351351,1
"G[0,1](((Glucose <= 120.320 & SaO2 <= 90.527) | Hgb >= 3.003) -> Platelets <= 64.664)
",9999999.000,9999999.000,0.000,1.000,0.000,16,0,1,2,18,1,17,2,0.8888888888888888,0.0,1.0,0.9411764705882353,0.8648648648648649,0.1351351351351351,1
"F[0,0](((PaCO2 >= 12.931 & Platelets <= 109.192) & BUN <= 135.202) & FiO2 <= 138.069)
",-2.625,-9.645,0.000,0.000,1.000,15,0,0,4,19,0,15,4,0.7894736842105263,0.0,0.0,1.0,0.8108108108108109,0.18918918918918914,-1
"G[0,0](BaseExcess <= 2.359 -> HR >= 82.467)
",-14003.533,-14003.533,0.000,1.000,0.000,15,0,0,4,19,0,15,4,0.7894736842105263,0.0,0.0,1.0,0.8108108108108109,0.18918918918918914,1
"G[0,1](FiO2 >= 0.033 | MAP <= 92.668)
",9999999.000,9999999.000,0.000,1.000,0.000,15,0,1,3,18,1,16,3,0.8333333333333334,0.0,1.0,0.9375,0.8108108108108109,0.18918918918918914,1
"F[0,0](((SaO2 <= 91.636 -> Magnesium <= 1.442) | Glucose >= 0.017) & FiO2 >= 0.038)
",-5.502,-0.036,0.000,0.000,1.000,15,0,0,4,19,0,15,4,0.7894736842105263,0.0,0.0,1.0,0.8108108108108109,0.18918918918918914,-1
"((HCO3 >= 1.031) U[1,2] (SaO2 <= 38.324))
",-9999999.000,-9999999.000,0.000,0.000,1.000,15,0,0,4,19,0,15,4,0.7894736842105263,0.0,0.0,1.0,0.8108108108108109,0.18918918918918914,-1
"G[0,0](((DBP <= 63.564 & SBP >= 92.204) -> Temp >= 87.195) -> Phosphate >= 91.575)
",5.273,10.472,0.000,1.000,0.000,14,0,0,5,19,0,14,5,0.7368421052631579,0.0,0.0,1.0,0.7567567567567568,0.2432432432432432,1
"G[0,1](BaseExcess >= 0.363 | Glucose <= 209.251)
",9999999.000,9999999.000,0.000,1.000,0.000,14,0,1,4,18,1,15,4,0.7777777777777778,0.0,1.0,0.9333333333333333,0.7567567567567568,0.2432432432432432,1
"G[0,1]((Lactate <= 0.000 & Calcium <= 0.000) -> SaO2 <= 0.000)
",9999999.000,9999999.000,0.000,1.000,0.000,14,0,1,4,18,1,15,4,0.7777777777777778,0.0,1.0,0.9333333333333333,0.7567567567567568,0.2432432432432432,1
"((BUN <= 2.452) U[1,1] (PaCO2 >= 1.853))
",5520861928948476.000,2.452,0.000,0.000,1.000,13,0,0,6,19,0,13,6,0.6842105263157895,0.0,0.0,1.0,0.7027027027027027,0.29729729729729726,-1
"G[0,1](Glucose >= 7.008 & Bilirubin_direct <= 0.000)
",9999999.000,9999999.000,0.000,1.000,0.000,13,0,0,6,19,0,13,6,0.6842105263157895,0.0,0.0,1.0,0.7027027027027027,0.29729729729729726,1
"F[0,0]((O2Sat <= 99.222 & SBP >= 85.622) -> EtCO2 >= 97.934)
",4.292,59.608,0.000,0.000,1.000,12,0,0,7,19,0,12,7,0.631578947368421,0.0,0.0,1.0,0.6486486486486487,0.3513513513513513,-1
"F[0,1](BaseExcess <= 1.571 & Temp <= 28.885)
",-9999999.000,-9999999.000,0.000,0.000,1.000,11,0,0,8,19,0,11,8,0.5789473684210527,0.0,0.0,1.0,0.5945945945945946,0.4054054054054054,-1
"((Hct >= 0.985) U[0,0] (HR >= 88.985))
",13997.015,13997.015,0.000,0.000,1.000,10,0,0,9,19,0,10,9,0.5263157894736842,0.0,0.0,1.0,0.5405405405405406,0.45945945945945943,-1
"((BaseExcess >= 0.003) U[1,2] (O2Sat >= 97.658))
",-9999999.000,-9999999.000,0.000,0.000,1.000,10,0,0,9,19,0,10,9,0.5263157894736842,0.0,0.0,1.0,0.5405405405405406,0.45945945945945943,-1
"F[0,1]((Creatinine <= 0.183 -> Glucose <= 128.758) -> Hct >= 56.707)
",-9999999.000,-9999999.000,0.000,0.000,1.000,10,0,0,9,19,0,10,9,0.5263157894736842,0.0,0.0,1.0,0.5405405405405406,0.45945945945945943,-1
"G[0,1](Hct <= 17.741 & Glucose <= 165.425)
",9999999.000,9999999.000,0.000,1.000,0.000,10,0,1,8,18,1,11,8,0.5555555555555556,0.0,1.0,0.9090909090909091,0.5405405405405406,0.45945945945945943,1
"G[0,1](((Magnesium >= 0.061 & pH >= 2.175) -> Lactate >= 0.568) & Temp >= 2.562)
",9999999.000,9999999.000,0.000,1.000,0.000,9,0,0,10,19,0,9,10,0.47368421052631576,0.0,0.0,1.0,0.4864864864864865,0.5135135135135135,1
"((BUN >= 0.183) U[1,2] (SBP >= 111.196))
",-9999999.000,-9999999.000,0.000,0.000,1.000,9,0,0,10,19,0,9,10,0.47368421052631576,0.0,0.0,1.0,0.4864864864864865,0.5135135135135135,-1
"F[0,1](((Chloride <= 42.495 -> HR <= 92.112) | Platelets >= 88.265) -> Hgb >= 78.495)
",-9999999.000,-9999999.000,0.000,0.000,1.000,9,0,0,10,19,0,9,10,0.47368421052631576,0.0,0.0,1.0,0.4864864864864865,0.5135135135135135,-1
"F[0,1](MAP >= 66.766 -> WBC >= 0.343)
",-9999999.000,-9999999.000,0.000,0.000,1.000,9,0,0,10,19,0,9,10,0.47368421052631576,0.0,0.0,1.0,0.4864864864864865,0.5135135135135135,-1
"((O2Sat <= 98.963) U[1,2] (SepsisLabel = 0.000))
",-9999999.000,-9999999.000,0.000,0.000,1.000,9,0,0,10,19,0,9,10,0.47368421052631576,0.0,0.0,1.0,0.4864864864864865,0.5135135135135135,-1
"((PaCO2 >= 11.832) U[1,2] (SBP >= 105.285))
",-9999999.000,-9999999.000,0.000,0.000,1.000,8,0,0,11,19,0,8,11,0.42105263157894735,0.0,0.0,1.0,0.43243243243243246,0.5675675675675675,-1
"F[0,1]((Potassium >= 0.962 & Phosphate <= 0.000) & Lactate <= 0.000)
",-9999999.000,-9999999.000,0.000,0.000,1.000,7,0,0,12,19,0,7,12,0.3684210526315789,0.0,0.0,1.0,0.3783783783783784,0.6216216216216216,-1
"((MAP >= 68.500) U[1,1] (SBP <= 152.063))
",5350234080689845.000,152.063,0.000,0.000,1.000,7,0,0,12,19,0,7,12,0.3684210526315789,0.0,0.0,1.0,0.3783783783783784,0.6216216216216216,-1
"F[1,1](Glucose <= 122.204 & SepsisLabel = 0.000)
",0.000,0.000,0.000,0.000,1.000,7,0,0,12,19,0,7,12,0.3684210526315789,0.0,0.0,1.0,0.3783783783783784,0.6216216216216216,-1
"F[1,1](((HCO3 <= 29.008 -> O2Sat <= 98.647) | MAP >= 96.161) | Chloride >= 95.775)
",-95.775,-95.775,0.000,0.000,1.000,7,0,0,12,19,0,7,12,0.3684210526315789,0.0,0.0,1.0,0.3783783783783784,0.6216216216216216,-1
"G[0,1](Potassium <= 2.587 & Potassium <= 4.339)
",9999999.000,9999999.000,0.000,1.000,0.000,7,0,1,11,18,1,8,11,0.3888888888888889,0.0,1.0,0.875,0.3783783783783784,0.6216216216216216,1
"G[0,1](MAP <= 80.032 & SaO2 <= 75.211)
",9999999.000,9999999.000,0.000,1.000,0.000,7,0,1,11,18,1,8,11,0.3888888888888889,0.0,1.0,0.875,0.3783783783783784,0.6216216216216216,1
"G[0,1](MAP >= 55.128 -> Potassium <= 1.607)
",9999999.000,9999999.000,0.000,1.000,0.000,7,0,1,11,18,1,8,11,0.3888888888888889,0.0,1.0,0.875,0.3783783783783784,0.6216216216216216,1
"F[1,1](MAP >= 62.347 -> Resp >= 19.241)
",19.241,19.241,0.000,0.000,1.000,6,0,0,13,19,0,6,13,0.3157894736842105,0.0,0.0,1.0,0.32432432432432434,0.6756756756756757,-1
"((pH <= 6.834) U[1,2] (Creatinine <= 0.771))
",-9999999.000,-9999999.000,0.000,0.000,1.000,6,0,0,13,19,0,6,13,0.3157894736842105,0.0,0.0,1.0,0.32432432432432434,0.6756756756756757,-1
"F[0,1](((BUN <= 10.222 -> SaO2 >= 8.557) & BUN <= 14.287) | Glucose <= 90.470)
",-9999999.000,-9999999.000,0.000,0.000,1.000,6,0,0,13,19,0,6,13,0.3157894736842105,0.0,0.0,1.0,0.32432432432432434,0.6756756756756757,-1
"F[0,1]((O2Sat <= 98.591 | Temp <= 36.254) & PaCO2 <= 31.875)
",-9999999.000,-9999999.000,0.000,0.000,1.000,6,0,0,13,19,0,6,13,0.3157894736842105,0.0,0.0,1.0,0.32432432432432434,0.6756756756756757,-1
"((MAP >= 63.880) U[1,1] (SBP <= 123.133))
",123.133,123.133,0.000,0.000,1.000,6,0,0,13,19,0,6,13,0.3157894736842105,0.0,0.0,1.0,0.32432432432432434,0.6756756756756757,-1
"G[0,1](((SaO2 <= 52.486 & Glucose <= 143.788) -> Potassium >= 86.689) & SepsisLabel <= 188.475)
",9999999.000,9999999.000,0.000,1.000,0.000,6,0,0,13,19,0,6,13,0.3157894736842105,0.0,0.0,1.0,0.32432432432432434,0.6756756756756757,1
"((MAP >= 64.340) U[0,0] (SBP <= 115.603))
",5.161,93.023,0.000,0.000,1.000,5,0,0,14,19,0,5,14,0.2631578947368421,0.0,0.0,1.0,0.2702702702702703,0.7297297297297297,-1
"F[0,0]((O2Sat <= 98.476 -> Bilirubin_direct <= 0.000) -> PaCO2 <= 0.000)
",0.611,1.755,0.000,0.000,1.000,5,0,0,14,19,0,5,14,0.2631578947368421,0.0,0.0,1.0,0.2702702702702703,0.7297297297297297,-1
"((Chloride >= 3.342) U[0,1] (Glucose <= 152.179))
",-9999999.000,-9999999.000,0.000,0.000,1.000,5,0,0,14,19,0,5,14,0.2631578947368421,0.0,0.0,1.0,0.2702702702702703,0.7297297297297297,-1
"F[1,1](((Platelets >= 8.144 -> FiO2 <= 0.651) | Hgb <= 0.304) -> Temp >= 0.019)
",-5483968166896345.000,-0.304,0.000,0.000,1.000,4,0,0,15,19,0,4,15,0.21052631578947367,0.0,0.0,1.0,0.21621621621621623,0.7837837837837838,-1
"G[1,1]((SBP <= 155.059 & Creatinine >= 0.026) | BaseExcess >= 0.037)
",-7562282272819483.000,-0.026,0.000,1.000,0.000,4,0,1,14,18,1,5,14,0.2222222222222222,0.0,1.0,0.8,0.21621621621621623,0.7837837837837838,1
"G[0,0](((Fibrinogen <= 0.000 -> FiO2 >= 0.051) & Bilirubin_direct <= 0.531) | Bilirubin_direct >= 0.012)
",0.349,0.076,0.000,1.000,0.000,4,0,0,15,19,0,4,15,0.21052631578947367,0.0,0.0,1.0,0.21621621621621623,0.7837837837837838,1
"F[0,1](SBP >= 105.214 & SepsisLabel = 0.000)
",-9999999.000,-9999999.000,0.000,0.000,1.000,4,0,0,15,19,0,4,15,0.21052631578947367,0.0,0.0,1.0,0.21621621621621623,0.7837837837837838,-1
"((SBP >= 95.096) U[1,2] (SepsisLabel = 0.000))
",-9999999.000,-9999999.000,0.000,0.000,1.000,4,0,0,15,19,0,4,15,0.21052631578947367,0.0,0.0,1.0,0.21621621621621623,0.7837837837837838,-1
"F[0,0]((Fibrinogen <= 0.000 & HR >= 82.213) & Bilirubin_direct <= 100.285)
",-0.243,-0.528,0.000,0.000,1.000,4,0,0,15,19,0,4,15,0.21052631578947367,0.0,0.0,1.0,0.21621621621621623,0.7837837837837838,-1
"F[0,0]((Bilirubin_direct <= 0.000 -> Chloride >= 3.233) | PaCO2 <= 34.652)
",8.537,31.366,0.000,0.000,1.000,4,0,0,15,19,0,4,15,0.21052631578947367,0.0,0.0,1.0,0.21621621621621623,0.7837837837837838,-1
"((O2Sat >= 97.029) U[1,2] (Resp <= 22.033))
",-9999999.000,-9999999.000,0.000,0.000,1.000,4,0,0,15,19,0,4,15,0.21052631578947367,0.0,0.0,1.0,0.21621621621621623,0.7837837837837838,-1
"F[0,0]((Creatinine >= 0.009 | PaCO2 <= 14.046) & Phosphate <= 39.639)
",1.540,14.343,0.000,0.000,1.000,4,0,0,15,19,0,4,15,0.21052631578947367,0.0,0.0,1.0,0.21621621621621623,0.7837837837837838,-1
"((PTT >= 0.098) U[0,0] (Resp <= 23.281))
",0.198,0.440,0.000,0.000,1.000,3,0,0,16,19,0,3,16,0.15789473684210525,0.0,0.0,1.0,0.16216216216216217,0.8378378378378378,-1
"((MAP >= 73.378) U[0,1] (SBP <= 120.517))
",-9999999.000,-9999999.000,0.000,0.000,1.000,2,0,0,17,19,0,2,17,0.10526315789473684,0.0,0.0,1.0,0.10810810810810811,0.8918918918918919,-1
"F[0,1](((O2Sat >= 97.764 & Lactate >= 0.000) & Potassium <= 0.000) -> Glucose <= 0.000)
",-9999999.000,-9999999.000,0.000,0.000,1.000,2,0,0,17,19,0,2,17,0.10526315789473684,0.0,0.0,1.0,0.10810810810810811,0.8918918918918919,-1
"G[0,1](((Bilirubin_direct <= 0.000 -> Hct <= 22.430) -> Alkalinephos <= 18.025) & PaCO2 >= 0.767)
",9999999.000,9999999.000,0.000,1.000,0.000,2,0,0,17,19,0,2,17,0.10526315789473684,0.0,0.0,1.0,0.10810810810810811,0.8918918918918919,1
"F[0,0](HR >= 83.767 | Resp >= 19.650)
",7697808761353892.000,14002.233,0.000,0.000,1.000,2,0,0,17,19,0,2,17,0.10526315789473684,0.0,0.0,1.0,0.10810810810810811,0.8918918918918919,-1
"G[0,1](Potassium >= 0.866 | FiO2 >= 0.002)
",9999999.000,9999999.000,0.000,1.000,0.000,2,0,0,17,19,0,2,17,0.10526315789473684,0.0,0.0,1.0,0.10810810810810811,0.8918918918918919,1
"F[0,1](((MAP <= 90.719 | PaCO2 <= 48.412) & PTT <= 33.877) -> PaCO2 <= 39.156)
",-9999999.000,-9999999.000,0.000,0.000,1.000,2,0,0,17,19,0,2,17,0.10526315789473684,0.0,0.0,1.0,0.10810810810810811,0.8918918918918919,-1
"((MAP >= 61.531) U[1,1] (SBP <= 132.583))
",4664864448569002.000,132.583,0.000,0.000,1.000,2,0,0,17,19,0,2,17,0.10526315789473684,0.0,0.0,1.0,0.10810810810810811,0.8918918918918919,-1
"((Glucose <= 185.298) U[1,2] (Potassium <= 2.958))
",-9999999.000,-9999999.000,0.000,0.000,1.000,2,0,0,17,19,0,2,17,0.10526315789473684,0.0,0.0,1.0,0.10810810810810811,0.8918918918918919,-1
"G[1,1]((Hct >= 2.060 -> WBC <= 5.630) -> FiO2 >= 0.268)
",0.268,0.268,0.000,1.000,0.000,2,0,1,16,18,1,3,16,0.1111111111111111,0.0,1.0,0.6666666666666666,0.10810810810810811,0.8918918918918919,1
"((Hct <= 21.168) U[1,2] (BaseExcess <= 2.347))
",-9999999.000,-9999999.000,0.000,0.000,1.000,2,0,0,17,19,0,2,17,0.10526315789473684,0.0,0.0,1.0,0.10810810810810811,0.8918918918918919,-1
"G[0,1](Creatinine <= 0.158 -> Potassium >= 1.168)
",9999999.000,9999999.000,0.000,1.000,0.000,1,0,0,18,19,0,1,18,0.05263157894736842,0.0,0.0,1.0,0.05405405405405406,0.9459459459459459,1
"G[1,1](Platelets <= 60.309 -> WBC >= 0.151)
",-8487716132012526.000,-60.309,0.000,1.000,0.000,1,0,1,17,18,1,2,17,0.05555555555555555,0.0,1.0,0.5,0.05405405405405406,0.9459459459459459,1
"G[0,0](Platelets <= 129.223 -> WBC >= 0.227)
",-4546637852399705.000,-129.223,0.000,1.000,0.000,1,0,0,18,19,0,1,18,0.05263157894736842,0.0,0.0,1.0,0.05405405405405406,0.9459459459459459,1
"G[1,1](pH >= 2.144 & Temp <= 28.422)
",-4828418080238650.000,-2.144,0.000,1.000,0.000,1,0,1,17,18,1,2,17,0.05555555555555555,0.0,1.0,0.5,0.05405405405405406,0.9459459459459459,1
"G[0,1](HCO3 <= 7.015 & Potassium >= 0.996)
",9999999.000,9999999.000,0.000,1.000,0.000,1,0,0,18,19,0,1,18,0.05263157894736842,0.0,0.0,1.0,0.05405405405405406,0.9459459459459459,1
"G[1,1](((Hgb <= 1.987 | Hct <= 7.231) -> WBC >= 0.292) & Platelets >= 8.352)
",-4701664616603787.000,-8.352,0.000,1.000,0.000,1,0,1,17,18,1,2,17,0.05555555555555555,0.0,1.0,0.5,0.05405405405405406,0.9459459459459459,1
"G[0,0](BUN >= 0.548 & EtCO2 <= 0.000)
",-4.883,-20.111,0.000,1.000,0.000,1,0,0,18,19,0,1,18,0.05263157894736842,0.0,0.0,1.0,0.05405405405405406,0.9459459459459459,1
"G[0,0](Chloride >= 3.169 & HCO3 >= 1.460)
",-7136336238346844.000,-3.169,0.000,1.000,0.000,1,0,0,18,19,0,1,18,0.05263157894736842,0.0,0.0,1.0,0.05405405405405406,0.9459459459459459,1
"G[0,0](Chloride >= 5.365 & HCO3 >= 0.333)
",-5.365,-5.365,0.000,1.000,0.000,1,0,0,18,19,0,1,18,0.05263157894736842,0.0,0.0,1.0,0.05405405405405406,0.9459459459459459,1
"G[0,0](((Hgb <= 8.597 | Hct <= 8.097) -> WBC >= 0.355) & Platelets >= 2.197)
",-2.809,-9.344,0.000,1.000,0.000,1,0,0,18,19,0,1,18,0.05263157894736842,0.0,0.0,1.0,0.05405405405405406,0.9459459459459459,1
"G[0,0](Chloride >= 4.607 & HCO3 >= 1.082)
",-4.607,-4.607,0.000,1.000,0.000,1,0,0,18,19,0,1,18,0.05263157894736842,0.0,0.0,1.0,0.05405405405405406,0.9459459459459459,1
"G[1,1](Platelets <= 130.613 -> WBC >= 0.523)
",-130.613,-130.613,0.000,1.000,0.000,1,0,1,17,18,1,2,17,0.05555555555555555,0.0,1.0,0.5,0.05405405405405406,0.9459459459459459,1
"G[1,1](((Hgb <= 7.145 | Hct <= 10.331) -> WBC >= 0.405) & Platelets >= 3.335)
",-5815914758931995.000,-10.331,0.000,1.000,0.000,1,0,1,17,18,1,2,17,0.05555555555555555,0.0,1.0,0.5,0.05405405405405406,0.9459459459459459,1
"G[0,0](Chloride >= 0.428 & HCO3 >= 0.699)
",-5.138,-0.624,0.000,1.000,0.000,1,0,0,18,19,0,1,18,0.05263157894736842,0.0,0.0,1.0,0.05405405405405406,0.9459459459459459,1
"G[0,0]((SBP <= 113.204 | Creatinine >= 0.020) & BUN >= 0.033)
",-4795231262115957.000,-0.033,0.000,1.000,0.000,1,0,0,18,19,0,1,18,0.05263157894736842,0.0,0.0,1.0,0.05405405405405406,0.9459459459459459,1
"G[0,0](Platelets <= 160.424 -> WBC >= 0.033)
",-160.424,-160.424,0.000,1.000,0.000,1,0,0,18,19,0,1,18,0.05263157894736842,0.0,0.0,1.0,0.05405405405405406,0.9459459459459459,1
"G[0,0](Glucose <= 219.611 & BUN >= 0.642)
",-5780422144051579.000,-0.642,0.000,1.000,0.000,1,0,0,18,19,0,1,18,0.05263157894736842,0.0,0.0,1.0,0.05405405405405406,0.9459459459459459,1
"F[1,1](Hgb <= 4.942 | Hct <= 4.197)
",4.942,4.942,0.000,0.000,1.000,1,0,0,18,19,0,1,18,0.05263157894736842,0.0,0.0,1.0,0.05405405405405406,0.9459459459459459,-1
"F[1,1](Hgb <= 0.823 | Hct <= 7.234)
",8145281503543268.000,7.234,0.000,0.000,1.000,1,0,0,18,19,0,1,18,0.05263157894736842,0.0,0.0,1.0,0.05405405405405406,0.9459459459459459,-1
"F[0,0](Platelets <= 42.295 | HCO3 >= 0.656)
",42.295,42.295,0.000,0.000,1.000,1,0,0,18,19,0,1,18,0.05263157894736842,0.0,0.0,1.0,0.05405405405405406,0.9459459459459459,-1
"((SaO2 >= 1.344) U[1,2] (WBC >= 0.092))
",-9999999.000,-9999999.000,0.000,0.000,1.000,1,0,0,18,19,0,1,18,0.05263157894736842,0.0,0.0,1.0,0.05405405405405406,0.9459459459459459,-1
"((HCO3 >= 0.531) U[0,0] (Hgb <= 4.034))
",2.252,3.384,0.000,0.000,1.000,1,0,0,18,19,0,1,18,0.05263157894736842,0.0,0.0,1.0,0.05405405405405406,0.9459459459459459,-1
"((MAP >= 61.405) U[0,0] (SBP <= 154.728))
",7.332,132.148,0.000,0.000,1.000,1,0,0,18,19,0,1,18,0.05263157894736842,0.0,0.0,1.0,0.05405405405405406,0.9459459459459459,-1
"F[1,1]((Resp >= 16.824 -> Glucose <= 232.221) & PTT <= 200.470)
",-232.221,-232.221,0.000,0.000,1.000,1,0,0,18,19,0,1,18,0.05263157894736842,0.0,0.0,1.0,0.05405405405405406,0.9459459459459459,-1
"F[1,1](Hct <= 23.376 | PaCO2 <= 34.040)
",4790742565778375.000,34.040,0.000,0.000,1.000,1,0,0,18,19,0,1,18,0.05263157894736842,0.0,0.0,1.0,0.05405405405405406,0.9459459459459459,-1
"F[1,1](PaCO2 >= 10.497 | Glucose >= 70.068)
",-5909452734886331.000,-10.497,0.000,0.000,1.000,1,0,0,18,19,0,1,18,0.05263157894736842,0.0,0.0,1.0,0.05405405405405406,0.9459459459459459,-1
"F[0,0]((FiO2 >= 0.013 | MAP <= 80.403) & BUN <= 82.188)
",0.351,3.209,0.000,0.000,1.000,1,0,0,18,19,0,1,18,0.05263157894736842,0.0,0.0,1.0,0.05405405405405406,0.9459459459459459,-1
"((MAP >= 53.573) U[0,0] (SBP <= 143.208))
",6.693,120.628,0.000,0.000,1.000,1,0,0,18,19,0,1,18,0.05263157894736842,0.0,0.0,1.0,0.05405405405405406,0.9459459459459459,-1
"F[1,1](Platelets < 93.281 & SepsisLabel = 0.000)
",0.000,0.000,0.000,0.000,1.000,1,0,0,18,19,0,1,18,0.05263157894736842,0.0,0.0,1.0,0.05405405405405406,0.9459459459459459,-1
"((MAP >= 56.769) U[0,0] (SBP <= 140.076))
",6.519,117.496,0.000,0.000,1.000,1,0,0,18,19,0,1,18,0.05263157894736842,0.0,0.0,1.0,0.05405405405405406,0.9459459459459459,-1
"F[0,1]((HCO3 <= 15.133 & DBP <= 66.194) | PaCO2 <= 63.812)
",-9999999.000,-9999999.000,0.000,0.000,1.000,0,0,0,19,19,0,0,19,0.0,0.0,0.0,0.0,0.0,1.0,-1
"F[1,2]((Bilirubin_total <= 0.000 & FiO2 >= 0.024) & Potassium >= 0.039)
",-9999999.000,-9999999.000,0.000,0.000,1.000,0,0,0,19,19,0,0,19,0.0,0.0,0.0,0.0,0.0,1.0,-1
"F[1,1]((TroponinI >= 0.000 -> SaO2 <= 25.806) | Lactate <= 11.025)
",11.025,11.025,0.000,0.000,1.000,0,0,0,19,19,0,0,19,0.0,0.0,0.0,0.0,0.0,1.0,-1
"F[0,2](Hgb <= 3.886 | Hct <= 25.654)
",-9999999.000,-9999999.000,0.000,0.000,1.000,0,0,0,19,19,0,0,19,0.0,0.0,0.0,0.0,0.0,1.0,-1
"F[0,2](PTT >= 0.579 -> SepsisLabel <= 0.000)
",-9999999.000,-9999999.000,0.000,0.000,1.000,0,0,0,19,19,0,0,19,0.0,0.0,0.0,0.0,0.0,1.0,-1
"((Bilirubin_total <= 0.000) U[2,2] (HCO3 >= 0.388))
",0.000,0.000,0.000,0.000,1.000,0,0,0,19,19,0,0,19,0.0,0.0,0.0,0.0,0.0,1.0,-1
"F[2,2]((Chloride <= 6.853 & MAP >= 60.498) -> Alkalinephos <= 93.795)
",-6600217392335900.000,-93.795,0.000,0.000,1.000,0,0,0,19,19,0,0,19,0.0,0.0,0.0,0.0,0.0,1.0,-1
"F[0,2]((Resp >= 13.719 & EtCO2 >= 0.000) | SBP >= 0.000)
",-9999999.000,-9999999.000,0.000,0.000,1.000,0,0,0,19,19,0,0,19,0.0,0.0,0.0,0.0,0.0,1.0,-1
"((Platelets >= 0.934) U[0,1] (BUN <= 8.694))
",-9999999.000,-9999999.000,0.000,0.000,1.000,0,0,0,19,19,0,0,19,0.0,0.0,0.0,0.0,0.0,1.0,-1
"F[1,2](Hct >= 2.846 -> Bilirubin_total <= 0.000)
",-9999999.000,-9999999.000,0.000,0.000,1.000,0,0,0,19,19,0,0,19,0.0,0.0,0.0,0.0,0.0,1.0,-1
"F[1,2]((SaO2 <= 68.903 -> Temp <= 29.633) -> TroponinI >= 13.976)
",-9999999.000,-9999999.000,0.000,0.000,1.000,0,0,0,19,19,0,0,19,0.0,0.0,0.0,0.0,0.0,1.0,-1
"F[0,2](AST >= 0.000 & SaO2 <= 77.524)
",-9999999.000,-9999999.000,0.000,0.000,1.000,0,0,0,19,19,0,0,19,0.0,0.0,0.0,0.0,0.0,1.0,-1
"F[0,0](HR <= 101.279 | Lactate >= 0.000)
",1.815,118.444,0.000,0.000,1.000,0,0,0,19,19,0,0,19,0.0,0.0,0.0,0.0,0.0,1.0,-1
"((DBP <= 58.173) U[0,2] (Magnesium <= 1.207))
",-9999999.000,-9999999.000,0.000,0.000,1.000,0,0,0,19,19,0,0,19,0.0,0.0,0.0,0.0,0.0,1.0,-1
"F[0,1](((MAP >= 65.937 -> Hct >= 2.855) & AST >= 0.812) -> HCO3 <= 11.028)
",-9999999.000,-9999999.000,0.000,0.000,1.000,0,0,0,19,19,0,0,19,0.0,0.0,0.0,0.0,0.0,1.0,-1
"F[1,2](((Temp >= 23.798 & Glucose <= 122.108) -> DBP <= 142.343) -> TroponinI <= 192.855)
",-9999999.000,-9999999.000,0.000,0.000,1.000,0,0,0,19,19,0,0,19,0.0,0.0,0.0,0.0,0.0,1.0,-1
"F[2,2](SaO2 >= 8.001 | SepsisLabel <= 0.000)
",0.000,0.000,0.000,0.000,1.000,0,0,0,19,19,0,0,19,0.0,0.0,0.0,0.0,0.0,1.0,-1
"F[0,2](((WBC >= 0.523 & pH <= 4.641) -> Fibrinogen <= 4.810) -> Chloride <= 6.493)
",-9999999.000,-9999999.000,0.000,0.000,1.000,0,0,0,19,19,0,0,19,0.0,0.0,0.0,0.0,0.0,1.0,-1
"F[1,1](((HCO3 >= 0.918 & Phosphate >= 0.000) & Calcium <= 0.000) | HCO3 <= 0.000)
",0.000,0.000,0.000,0.000,1.000,0,0,0,19,19,0,0,19,0.0,0.0,0.0,0.0,0.0,1.0,-1
"F[1,2]((SBP >= 106.325 -> Calcium >= 0.000) & BaseExcess >= 0.000)
",-9999999.000,-9999999.000,0.000,0.000,1.000,0,0,0,19,19,0,0,19,0.0,0.0,0.0,0.0,0.0,1.0,-1
"F[0,2]((HR >= 80.969 | SaO2 >= 8.649) | PaCO2 <= 11.253)
",-9999999.000,-9999999.000,0.000,0.000,1.000,0,0,0,19,19,0,0,19,0.0,0.0,0.0,0.0,0.0,1.0,-1
"F[0,2]((Phosphate >= 0.000 | Potassium <= 3.584) & Alkalinephos <= 3.296)
",-9999999.000,-9999999.000,0.000,0.000,1.000,0,0,0,19,19,0,0,19,0.0,0.0,0.0,0.0,0.0,1.0,-1
"F[0,1](((Bilirubin_direct <= 0.000 | TroponinI >= 0.000) | BUN <= 0.000) & Lactate >= 0.000)
",-9999999.000,-9999999.000,0.000,0.000,1.000,0,0,0,19,19,0,0,19,0.0,0.0,0.0,0.0,0.0,1.0,-1
"F[0,1](SaO2 >= 1.716 -> Temp <= 25.374)
",-9999999.000,-9999999.000,0.000,0.000,1.000,0,0,0,19,19,0,0,19,0.0,0.0,0.0,0.0,0.0,1.0,-1
"((DBP >= 54.719) U[0,2] (Phosphate >= 0.000))
",-9999999.000,-9999999.000,0.000,0.000,1.000,0,0,0,19,19,0,0,19,0.0,0.0,0.0,0.0,0.0,1.0,-1
"F[1,1](((BaseExcess >= 0.363 | Bilirubin_direct <= 0.000) & Chloride >= 0.000) -> Hct >= 0.000)
",0.000,0.000,0.000,0.000,1.000,0,0,0,19,19,0,0,19,0.0,0.0,0.0,0.0,0.0,1.0,-1
"((SBP >= 107.136) U[0,2] (BUN <= 5.411))
",-9999999.000,-9999999.000,0.000,0.000,1.000,0,0,0,19,19,0,0,19,0.0,0.0,0.0,0.0,0.0,1.0,-1
"F[0,1](((PTT >= 0.142 | AST <= 0.000) & SepsisLabel >= 0.000) -> Creatinine <= 0.000)
",-9999999.000,-9999999.000,0.000,0.000,1.000,0,0,0,19,19,0,0,19,0.0,0.0,0.0,0.0,0.0,1.0,-1
"F[0,1](BUN >= 0.146 -> HR >= 88.312)
",-9999999.000,-9999999.000,0.000,0.000,1.000,0,0,0,19,19,0,0,19,0.0,0.0,0.0,0.0,0.0,1.0,-1
"F[0,2](O2Sat <= 98.056 & BUN <= 9.269)
",-9999999.000,-9999999.000,0.000,0.000,1.000,0,0,0,19,19,0,0,19,0.0,0.0,0.0,0.0,0.0,1.0,-1
"F[0,1](Alkalinephos >= 0.000 & TroponinI <= 0.000)
",-9999999.000,-9999999.000,0.000,0.000,1.000,0,0,0,19,19,0,0,19,0.0,0.0,0.0,0.0,0.0,1.0,-1
"F[1,2](Creatinine <= 0.465 | PaCO2 >= 7.162)
",-9999999.000,-9999999.000,0.000,0.000,1.000,0,0,0,19,19,0,0,19,0.0,0.0,0.0,0.0,0.0,1.0,-1
"F[1,2](((Calcium >= 0.000 & Platelets <= 132.539) | PTT >= 6.220) | Bilirubin_direct <= 158.603)
",-9999999.000,-9999999.000,0.000,0.000,1.000,0,0,0,19,19,0,0,19,0.0,0.0,0.0,0.0,0.0,1.0,-1
"((FiO2 <= 0.309) U[0,1] (Lactate >= 0.000))
",-9999999.000,-9999999.000,0.000,0.000,1.000,0,0,0,19,19,0,0,19,0.0,0.0,0.0,0.0,0.0,1.0,-1
"F[0,2](((Phosphate >= 0.000 | Magnesium <= 1.265) & EtCO2 <= 1.251) & Glucose >= 0.010)
",-9999999.000,-9999999.000,0.000,0.000,1.000,0,0,0,19,19,0,0,19,0.0,0.0,0.0,0.0,0.0,1.0,-1
"F[0,1](DBP >= 44.810 | SepsisLabel >= 0.000)
",-9999999.000,-9999999.000,0.000,0.000,1.000,0,0,0,19,19,0,0,19,0.0,0.0,0.0,0.0,0.0,1.0,-1
"((Platelets <= 33.129) U[0,1] (SepsisLabel >= 0.000))
",-9999999.000,-9999999.000,0.000,0.000,1.000,0,0,0,19,19,0,0,19,0.0,0.0,0.0,0.0,0.0,1.0,-1
"F[1,2](((Platelets >= 2.094 & O2Sat >= 97.106) & Lactate >= 96.194) -> BUN <= 99.127)
",-9999999.000,-9999999.000,0.000,0.000,1.000,0,0,0,19,19,0,0,19,0.0,0.0,0.0,0.0,0.0,1.0,-1
"F[0,2](HR >= 87.939 & Creatinine <= 0.568)
",-9999999.000,-9999999.000,0.000,0.000,1.000,0,0,0,19,19,0,0,19,0.0,0.0,0.0,0.0,0.0,1.0,-1
"F[2,2](((Hct >= 0.443 -> TroponinI >= 0.000) -> Resp <= 0.000) & BaseExcess >= 0.000)
",0.000,0.000,0.000,0.000,1.000,0,0,0,19,19,0,0,19,0.0,0.0,0.0,0.0,0.0,1.0,-1
"F[0,2]((Alkalinephos >= 0.000 -> Hct <= 13.645) -> Fibrinogen <= 7.820)
",-9999999.000,-9999999.000,0.000,0.000,1.000,0,0,0,19,19,0,0,19,0.0,0.0,0.0,0.0,0.0,1.0,-1
"F[0,2](((Resp <= 25.104 | BUN <= 8.424) | Fibrinogen >= 0.247) | Magnesium <= 12.681)
",-9999999.000,-9999999.000,0.000,0.000,1.000,0,0,0,19,19,0,0,19,0.0,0.0,0.0,0.0,0.0,1.0,-1
"F[2,2](((Bilirubin_direct >= 0.000 -> Alkalinephos >= 0.000) -> SBP >= 0.000) & BaseExcess >= 0.000)
",0.000,0.000,0.000,0.000,1.000,0,0,0,19,19,0,0,19,0.0,0.0,0.0,0.0,0.0,1.0,-1
"F[0,0](HR >= 83.348 | DBP <= 71.734)
",7698039173902660.000,14002.652,0.000,0.000,1.000,0,0,0,19,19,0,0,19,0.0,0.0,0.0,0.0,0.0,1.0,-1
"F[0,1](Magnesium >= 0.019 -> TroponinI >= 0.000)
",-9999999.000,-9999999.000,0.000,0.000,1.000,0,0,0,19,19,0,0,19,0.0,0.0,0.0,0.0,0.0,1.0,-1
"F[0,1]((PTT <= 2.272 | FiO2 >= 0.061) | O2Sat <= 0.113)
",-9999999.000,-9999999.000,0.000,0.000,1.000,0,0,0,19,19,0,0,19,0.0,0.0,0.0,0.0,0.0,1.0,-1
"F[0,2]((Temp <= 24.852 | EtCO2 >= 0.000) | Bilirubin_total <= 0.000)
",-9999999.000,-9999999.000,0.000,0.000,1.000,0,0,0,19,19,0,0,19,0.0,0.0,0.0,0.0,0.0,1.0,-1
"((TroponinI >= 0.000) U[1,2] (Potassium >= 0.135))
",-9999999.000,-9999999.000,0.000,0.000,1.000,0,0,0,19,19,0,0,19,0.0,0.0,0.0,0.0,0.0,1.0,-1
"F[2,2](((Platelets >= 3.290 & DBP >= 54.921) -> Lactate >= 51.698) & DBP <= 64.231)
",51.698,51.698,0.000,0.000,1.000,0,0,0,19,19,0,0,19,0.0,0.0,0.0,0.0,0.0,1.0,-1
"F[0,0]((Alkalinephos >= 0.000 | EtCO2 >= 0.000) | Magnesium >= 0.000)
",5.284,20.278,0.000,0.000,1.000,0,0,0,19,19,0,0,19,0.0,0.0,0.0,0.0,0.0,1.0,-1
"((Calcium <= 0.000) U[0,2] (PTT <= 15.578))
",-9999999.000,-9999999.000,0.000,0.000,1.000,0,0,0,19,19,0,0,19,0.0,0.0,0.0,0.0,0.0,1.0,-1
"F[0,2]((Magnesium >= 0.028 -> Resp >= 12.839) | Hgb >= 16.461)
",-9999999.000,-9999999.000,0.000,0.000,1.000,0,0,0,19,19,0,0,19,0.0,0.0,0.0,0.0,0.0,1.0,-1
"F[1,2](PaCO2 >= 4.879 -> Phosphate >= 0.000)
",-9999999.000,-9999999.000,0.000,0.000,1.000,0,0,0,19,19,0,0,19,0.0,0.0,0.0,0.0,0.0,1.0,-1
"F[0,2]((EtCO2 <= 0.000 -> DBP <= 66.340) | pH <= 59.897)
",-9999999.000,-9999999.000,0.000,0.000,1.000,0,0,0,19,19,0,0,19,0.0,0.0,0.0,0.0,0.0,1.0,-1
"F[0,2](((O2Sat <= 99.849 | Magnesium >= 0.056) & pH <= 0.175) -> Platelets >= 0.017)
",-9999999.000,-9999999.000,0.000,0.000,1.000,0,0,0,19,19,0,0,19,0.0,0.0,0.0,0.0,0.0,1.0,-1
"F[0,1](HCO3 >= 0.452 | SBP <= 153.482)
",-9999999.000,-9999999.000,0.000,0.000,1.000,0,0,0,19,19,0,0,19,0.0,0.0,0.0,0.0,0.0,1.0,-1
"F[0,2](PTT >= 0.348 & Potassium >= 1.079)
",-9999999.000,-9999999.000,0.000,0.000,1.000,0,0,0,19,19,0,0,19,0.0,0.0,0.0,0.0,0.0,1.0,-1
"F[0,1](((Resp >= 18.516 | Fibrinogen >= 0.000) | SaO2 <= 0.000) | Bilirubin_direct <= 0.000)
",-9999999.000,-9999999.000,0.000,0.000,1.000,0,0,0,19,19,0,0,19,0.0,0.0,0.0,0.0,0.0,1.0,-1
"F[0,2]((Resp <= 23.987 & Potassium <= 2.514) | Platelets >= 0.149)
",-9999999.000,-9999999.000,0.000,0.000,1.000,0,0,0,19,19,0,0,19,0.0,0.0,0.0,0.0,0.0,1.0,-1
"F[1,2](((HR <= 95.939 & TroponinI >= 0.000) | HR <= 0.000) -> SBP >= 0.000)
",-9999999.000,-9999999.000,0.000,0.000,1.000,0,0,0,19,19,0,0,19,0.0,0.0,0.0,0.0,0.0,1.0,-1
"F[0,2]((HCO3 >= 0.518 -> SaO2 >= 2.692) -> Creatinine >= 3.359)
",-9999999.000,-9999999.000,0.000,0.000,1.000,0,0,0,19,19,0,0,19,0.0,0.0,0.0,0.0,0.0,1.0,-1
"F[1,2](((Magnesium >= 0.016 -> SaO2 <= 94.722) | Phosphate >= 7.781) | Hct <= 27.301)
",-9999999.000,-9999999.000,0.000,0.000,1.000,0,0,0,19,19,0,0,19,0.0,0.0,0.0,0.0,0.0,1.0,-1
"F[0,2](((Magnesium <= 1.677 & Glucose >= 7.373) | DBP >= 83.358) | HCO3 >= 101.975)
",-9999999.000,-9999999.000,0.000,0.000,1.000,0,0,0,19,19,0,0,19,0.0,0.0,0.0,0.0,0.0,1.0,-1
"F[0,2](((BUN >= 0.680 | Hgb <= 3.773) -> FiO2 <= 2.111) | SBP <= 9.749)
",-9999999.000,-9999999.000,0.000,0.000,1.000,0,0,0,19,19,0,0,19,0.0,0.0,0.0,0.0,0.0,1.0,-1
"F[1,2]((TroponinI >= 0.000 | O2Sat >= 95.072) | Glucose <= 99.788)
",-9999999.000,-9999999.000,0.000,0.000,1.000,0,0,0,19,19,0,0,19,0.0,0.0,0.0,0.0,0.0,1.0,-1
"((Hct <= 22.071) U[2,2] (DBP <= 65.611))
",4616935612188341.000,65.611,0.000,0.000,1.000,0,0,0,19,19,0,0,19,0.0,0.0,0.0,0.0,0.0,1.0,-1
"((Chloride <= 99.702) U[0,1] (AST <= 0.000))
",-9999999.000,-9999999.000,0.000,0.000,1.000,0,0,0,19,19,0,0,19,0.0,0.0,0.0,0.0,0.0,1.0,-1
"F[0,0](FiO2 <= 0.771 | HCO3 >= 0.163)
",1.831,1.067,0.000,0.000,1.000,0,0,0,19,19,0,0,19,0.0,0.0,0.0,0.0,0.0,1.0,-1
"F[1,2](((O2Sat <= 99.723 -> pH >= 0.617) & BUN >= 1.519) -> Resp >= 0.535)
",-9999999.000,-9999999.000,0.000,0.000,1.000,0,0,0,19,19,0,0,19,0.0,0.0,0.0,0.0,0.0,1.0,-1
"F[0,2]((BUN <= 13.515 -> O2Sat >= 96.802) | MAP >= 97.302)
",-9999999.000,-9999999.000,0.000,0.000,1.000,0,0,0,19,19,0,0,19,0.0,0.0,0.0,0.0,0.0,1.0,-1
"F[0,2](HCO3 >= 0.823 -> WBC <= 0.571)
",-9999999.000,-9999999.000,0.000,0.000,1.000,0,0,0,19,19,0,0,19,0.0,0.0,0.0,0.0,0.0,1.0,-1
"F[0,2](((Potassium <= 3.016 | Temp >= 10.537) -> DBP <= 27.197) & HR <= 25.826)
",-9999999.000,-9999999.000,0.000,0.000,1.000,0,0,0,19,19,0,0,19,0.0,0.0,0.0,0.0,0.0,1.0,-1
"F[2,2](((Hgb <= 0.881 -> MAP <= 90.937) | DBP <= 98.534) & HCO3 <= 88.932)
",88.932,88.932,0.000,0.000,1.000,0,0,0,19,19,0,0,19,0.0,0.0,0.0,0.0,0.0,1.0,-1
"((FiO2 >= 0.034) U[2,2] (pH >= 2.012))
",-4940187976058918.000,-0.034,0.000,0.000,1.000,0,0,0,19,19,0,0,19,0.0,0.0,0.0,0.0,0.0,1.0,-1
"((DBP <= 71.817) U[1,2] (Hct >= 0.751))
",-9999999.000,-9999999.000,0.000,0.000,1.000,0,0,0,19,19,0,0,19,0.0,0.0,0.0,0.0,0.0,1.0,-1
"F[0,2](HCO3 >= 0.705 | MAP <= 92.605)
",-9999999.000,-9999999.000,0.000,0.000,1.000,0,0,0,19,19,0,0,19,0.0,0.0,0.0,0.0,0.0,1.0,-1
"F[0,1](Potassium <= 1.817 -> SBP <= 148.934)
",-9999999.000,-9999999.000,0.000,0.000,1.000,0,0,0,19,19,0,0,19,0.0,0.0,0.0,0.0,0.0,1.0,-1
"F[1,2]((SBP <= 151.860 | WBC <= 9.850) -> Chloride <= 8.665)
",-9999999.000,-9999999.000,0.000,0.000,1.000,0,0,0,19,19,0,0,19,0.0,0.0,0.0,0.0,0.0,1.0,-1
"F[2,2]((Resp >= 17.103 | SaO2 <= 91.874) -> BUN <= 77.945)
",-6465039820303845.000,-91.874,0.000,0.000,1.000,0,0,0,19,19,0,0,19,0.0,0.0,0.0,0.0,0.0,1.0,-1
"F[0,2](DBP <= 69.226 & WBC <= 0.926)
",-9999999.000,-9999999.000,0.000,0.000,1.000,0,0,0,19,19,0,0,19,0.0,0.0,0.0,0.0,0.0,1.0,-1
"F[0,2]((MAP >= 56.938 & Platelets >= 7.663) & Resp >= 7.899)
",-9999999.000,-9999999.000,0.000,0.000,1.000,0,0,0,19,19,0,0,19,0.0,0.0,0.0,0.0,0.0,1.0,-1
"((BaseExcess >= 0.273) U[0,2] (O2Sat >= 95.015))
",-9999999.000,-9999999.000,0.000,0.000,1.000,0,0,0,19,19,0,0,19,0.0,0.0,0.0,0.0,0.0,1.0,-1
"F[1,2](((MAP <= 83.063 | Temp >= 1.506) -> SepsisLabel >= 5.301) -> Potassium >= 8.691)
",-9999999.000,-9999999.000,0.000,0.000,1.000,0,0,0,19,19,0,0,19,0.0,0.0,0.0,0.0,0.0,1.0,-1
"F[0,2]((Glucose >= 102.086 & SBP >= 86.704) | Temp >= 99.140)
",-9999999.000,-9999999.000,0.000,0.000,1.000,0,0,0,19,19,0,0,19,0.0,0.0,0.0,0.0,0.0,1.0,-1
"F[0,2](((DBP <= 69.284 -> PTT <= 14.851) | Calcium >= 0.391) -> BaseExcess <= 13.509)
",-9999999.000,-9999999.000,0.000,0.000,1.000,0,0,0,19,19,0,0,19,0.0,0.0,0.0,0.0,0.0,1.0,-1
"F[0,0](Platelets <= 91.215 | SBP <= 148.423)
",6.982,125.843,0.000,0.000,1.000,0,0,0,19,19,0,0,19,0.0,0.0,0.0,0.0,0.0,1.0,-1
"F[2,2](((pH >= 2.022 -> SBP >= 92.145) & Glucose <= 124.676) | Creatinine >= 92.313)
",2.022,2.022,0.000,0.000,1.000,0,0,0,19,19,0,0,19,0.0,0.0,0.0,0.0,0.0,1.0,-1
"F[1,2](((O2Sat <= 98.204 | SaO2 <= 54.752) -> HR <= 96.730) & Bilirubin_total >= 6.673)
",-9999999.000,-9999999.000,0.000,0.000,1.000,0,0,0,19,19,0,0,19,0.0,0.0,0.0,0.0,0.0,1.0,-1
"F[1,2](Hgb <= 5.806 -> Temp <= 33.203)
",-9999999.000,-9999999.000,0.000,0.000,1.000,0,0,0,19,19,0,0,19,0.0,0.0,0.0,0.0,0.0,1.0,-1
"F[1,2](((Creatinine >= 0.033 | WBC <= 10.712) -> SBP >= 0.341) | SaO2 <= 4.623)
",-9999999.000,-9999999.000,0.000,0.000,1.000,0,0,0,19,19,0,0,19,0.0,0.0,0.0,0.0,0.0,1.0,-1
"F[0,0](Hct >= 0.504 -> MAP <= 82.274)
",0.504,0.504,0.000,0.000,1.000,0,0,0,19,19,0,0,19,0.0,0.0,0.0,0.0,0.0,1.0,-1
"F[1,1](((Magnesium <= 0.192 | Temp >= 22.088) | PTT <= 32.016) -> pH <= 30.658)
",-32.016,-32.016,0.000,0.000,1.000,0,0,0,19,19,0,0,19,0.0,0.0,0.0,0.0,0.0,1.0,-1
"F[0,2]((FiO2 <= 0.135 -> Hct >= 1.076) | Temp >= 1.682)
",-9999999.000,-9999999.000,0.000,0.000,1.000,0,0,0,19,19,0,0,19,0.0,0.0,0.0,0.0,0.0,1.0,-1
"((pH <= 5.110) U[0,2] (Resp <= 25.868))
",-9999999.000,-9999999.000,0.000,0.000,1.000,0,0,0,19,19,0,0,19,0.0,0.0,0.0,0.0,0.0,1.0,-1
"((Chloride >= 0.057) U[2,2] (O2Sat >= 94.698))
",-0.057,-0.057,0.000,0.000,1.000,0,0,0,19,19,0,0,19,0.0,0.0,0.0,0.0,0.0,1.0,-1
"F[0,2]((Calcium <= 0.000 & Potassium <= 2.259) & Magnesium >= 0.094)
",-9999999.000,-9999999.000,0.000,0.000,1.000,0,0,0,19,19,0,0,19,0.0,0.0,0.0,0.0,0.0,1.0,-1
"F[0,1](((Magnesium >= 0.063 & SBP <= 143.005) & HCO3 >= 111.452) -> Bilirubin_direct <= 129.446)
",-9999999.000,-9999999.000,0.000,0.000,1.000,0,0,0,19,19,0,0,19,0.0,0.0,0.0,0.0,0.0,1.0,-1
"F[0,0]((Glucose <= 129.579 & MAP >= 72.902) | DBP <= 85.587)
",2.578,43.570,0.000,0.000,1.000,0,0,0,19,19,0,0,19,0.0,0.0,0.0,0.0,0.0,1.0,-1
"F[0,2]((BUN <= 5.405 | Temp >= 8.323) -> TroponinI <= 33.808)
",-9999999.000,-9999999.000,0.000,0.000,1.000,0,0,0,19,19,0,0,19,0.0,0.0,0.0,0.0,0.0,1.0,-1
"F[0,2]((Chloride <= 32.186 | Temp >= 0.250) -> Phosphate <= 37.076)
",-9999999.000,-9999999.000,0.000,0.000,1.000,0,0,0,19,19,0,0,19,0.0,0.0,0.0,0.0,0.0,1.0,-1
"F[2,2](((Creatinine >= 0.024 & Temp >= 10.439) -> Fibrinogen >= 22.001) | Temp <= 29.744)
",29.744,29.744,0.000,0.000,1.000,0,0,0,19,19,0,0,19,0.0,0.0,0.0,0.0,0.0,1.0,-1
"F[1,2](((Magnesium <= 1.479 | MAP <= 84.213) -> Bilirubin_total <= 80.066) & WBC >= 58.939)
",-9999999.000,-9999999.000,0.000,0.000,1.000,0,0,0,19,19,0,0,19,0.0,0.0,0.0,0.0,0.0,1.0,-1
"F[1,2](Hct <= 10.836 | SaO2 <= 68.590)
",-9999999.000,-9999999.000,0.000,0.000,1.000,0,0,0,19,19,0,0,19,0.0,0.0,0.0,0.0,0.0,1.0,-1
"F[0,2](((DBP >= 52.410 & PaCO2 <= 16.948) & Fibrinogen <= 46.631) -> EtCO2 <= 37.048)
",-9999999.000,-9999999.000,0.000,0.000,1.000,0,0,0,19,19,0,0,19,0.0,0.0,0.0,0.0,0.0,1.0,-1
"F[1,2](((HR >= 79.094 | SaO2 <= 79.004) | Potassium >= 2.950) -> Bilirubin_direct <= 70.431)
",-9999999.000,-9999999.000,0.000,0.000,1.000,0,0,0,19,19,0,0,19,0.0,0.0,0.0,0.0,0.0,1.0,-1
"F[0,2]((Glucose >= 88.020 | O2Sat >= 96.955) & SepsisLabel <= 98.511)
",-9999999.000,-9999999.000,0.000,0.000,1.000,0,0,0,19,19,0,0,19,0.0,0.0,0.0,0.0,0.0,1.0,-1
"F[0,1]((Phosphate >= 0.000 & Magnesium > 0.084) -> Calcium < 0.000)
",-9999999.000,-9999999.000,0.000,0.000,1.000,0,0,0,19,19,0,0,19,0.0,0.0,0.0,0.0,0.0,1.0,-1
"F[0,2]((PaCO2 >= 11.466 -> PTT <= 19.580) -> EtCO2 <= 11.278)
",-9999999.000,-9999999.000,0.000,0.000,1.000,0,0,0,19,19,0,0,19,0.0,0.0,0.0,0.0,0.0,1.0,-1
"F[1,2]((HCO3 <= 2.624 & pH >= 1.559) | TroponinI <= 3.394)
",-9999999.000,-9999999.000,0.000,0.000,1.000,0,0,0,19,19,0,0,19,0.0,0.0,0.0,0.0,0.0,1.0,-1
"((MAP >= 53.322) U[0,1] (Resp <= 26.085))
",-9999999.000,-9999999.000,0.000,0.000,1.000,0,0,0,19,19,0,0,19,0.0,0.0,0.0,0.0,0.0,1.0,-1
"F[0,1](FiO2 >= 0.004 | SBP <= 140.463)
",-9999999.000,-9999999.000,0.000,0.000,1.000,0,0,0,19,19,0,0,19,0.0,0.0,0.0,0.0,0.0,1.0,-1
"F[0,1](((O2Sat <= 98.670 | WBC <= 3.557) -> HR >= 0.120) & FiO2 <= 4.947)
",-9999999.000,-9999999.000,0.000,0.000,1.000,0,0,0,19,19,0,0,19,0.0,0.0,0.0,0.0,0.0,1.0,-1
"F[2,2](PaCO2 <= 43.347 | Resp <= 23.274)
",6100554685662468.000,43.347,0.000,0.000,1.000,0,0,0,19,19,0,0,19,0.0,0.0,0.0,0.0,0.0,1.0,-1
"F[1,2](((Hgb >= 0.312 | O2Sat <= 99.806) -> Potassium >= 94.281) & HR <= 99.486)
",-9999999.000,-9999999.000,0.000,0.000,1.000,0,0,0,19,19,0,0,19,0.0,0.0,0.0,0.0,0.0,1.0,-1
"F[0,0]((Hct >= 2.876 -> Temp >= 20.317) | HR <= 27.110)
",-38.946,-77.349,0.000,0.000,1.000,0,0,0,19,19,0,0,19,0.0,0.0,0.0,0.0,0.0,1.0,-1
"((BaseExcess <= 2.913) U[2,2] (Resp >= 17.934))
",6559713521680996.000,2.913,0.000,0.000,1.000,0,0,0,19,19,0,0,19,0.0,0.0,0.0,0.0,0.0,1.0,-1
"((O2Sat >= 95.963) U[2,2] (PaCO2 >= 10.729))
",-10.729,-10.729,0.000,0.000,1.000,0,0,0,19,19,0,0,19,0.0,0.0,0.0,0.0,0.0,1.0,-1
"((Hgb >= 0.477) U[0,2] (Magnesium <= 1.907))
",-9999999.000,-9999999.000,0.000,0.000,1.000,0,0,0,19,19,0,0,19,0.0,0.0,0.0,0.0,0.0,1.0,-1
"F[2,2]((DBP >= 52.713 -> Glucose <= 155.426) -> Bilirubin_total <= 232.856)
",-8192891198415844.000,-232.856,0.000,0.000,1.000,0,0,0,19,19,0,0,19,0.0,0.0,0.0,0.0,0.0,1.0,-1
"F[1,2]((Magnesium <= 1.545 -> WBC >= 0.521) & Potassium <= 6.915)
",-9999999.000,-9999999.000,0.000,0.000,1.000,0,0,0,19,19,0,0,19,0.0,0.0,0.0,0.0,0.0,1.0,-1
"F[0,2]((BaseExcess >= 0.007 | WBC <= 8.129) | PTT >= 0.087)
",-9999999.000,-9999999.000,0.000,0.000,1.000,0,0,0,19,19,0,0,19,0.0,0.0,0.0,0.0,0.0,1.0,-1
"F[0,2](BaseExcess <= 2.079 -> PTT >= 0.414)
",-9999999.000,-9999999.000,0.000,0.000,1.000,0,0,0,19,19,0,0,19,0.0,0.0,0.0,0.0,0.0,1.0,-1
"((Potassium <= 3.829) U[0,1] (WBC <= 6.452))
",-9999999.000,-9999999.000,0.000,0.000,1.000,0,0,0,19,19,0,0,19,0.0,0.0,0.0,0.0,0.0,1.0,-1
"F[0,1](BUN <= 14.834 | Magnesium <= 0.556)
",-9999999.000,-9999999.000,0.000,0.000,1.000,0,0,0,19,19,0,0,19,0.0,0.0,0.0,0.0,0.0,1.0,-1
"F[1,2]((BUN >= 0.552 & pH <= 3.974) -> BaseExcess <= 4.297)
",-9999999.000,-9999999.000,0.000,0.000,1.000,0,0,0,19,19,0,0,19,0.0,0.0,0.0,0.0,0.0,1.0,-1
"F[0,2](Platelets >= 7.548 -> Potassium <= 1.954)
",-9999999.000,-9999999.000,0.000,0.000,1.000,0,0,0,19,19,0,0,19,0.0,0.0,0.0,0.0,0.0,1.0,-1
"F[0,1](((BaseExcess <= 1.197 | BUN <= 14.013) | Bilirubin_direct <= 5.502) | Potassium >= 0.441)
",-9999999.000,-9999999.000,0.000,0.000,1.000,0,0,0,19,19,0,0,19,0.0,0.0,0.0,0.0,0.0,1.0,-1
"F[1,2](BUN >= 0.368 & Hgb >= 0.206)
",-9999999.000,-9999999.000,0.000,0.000,1.000,0,0,0,19,19,0,0,19,0.0,0.0,0.0,0.0,0.0,1.0,-1
"F[1,2]((Creatinine <= 0.402 & O2Sat <= 99.014) & Hgb >= 97.733)
",-9999999.000,-9999999.000,0.000,0.000,1.000,0,0,0,19,19,0,0,19,0.0,0.0,0.0,0.0,0.0,1.0,-1
"F[1,2](((BaseExcess >= 0.330 | SBP <= 140.453) -> EtCO2 <= 144.407) -> BUN <= 141.966)
",-9999999.000,-9999999.000,0.000,0.000,1.000,0,0,0,19,19,0,0,19,0.0,0.0,0.0,0.0,0.0,1.0,-1
"F[0,2]((Creatinine >= 0.026 & FiO2 >= 0.070) -> Potassium >= 0.052)
",-9999999.000,-9999999.000,0.000,0.000,1.000,0,0,0,19,19,0,0,19,0.0,0.0,0.0,0.0,0.0,1.0,-1
"F[1,2]((BUN >= 0.366 & Resp <= 27.528) | Potassium >= 14.625)
",-9999999.000,-9999999.000,0.000,0.000,1.000,0,0,0,19,19,0,0,19,0.0,0.0,0.0,0.0,0.0,1.0,-1
"F[2,2](((Chloride >= 4.502 | Potassium >= 0.322) -> Bilirubin_direct >= 0.820) & Platelets >= 0.263)
",-4730232558714778.000,-0.263,0.000,0.000,1.000,0,0,0,19,19,0,0,19,0.0,0.0,0.0,0.0,0.0,1.0,-1
"F[0,1]((DBP >= 47.507 -> Resp >= 20.496) -> Magnesium <= 21.750)
",-9999999.000,-9999999.000,0.000,0.000,1.000,0,0,0,19,19,0,0,19,0.0,0.0,0.0,0.0,0.0,1.0,-1
"((HCO3 <= 25.322) U[0,2] (Hct >= 0.135))
",-9999999.000,-9999999.000,0.000,0.000,1.000,0,0,0,19,19,0,0,19,0.0,0.0,0.0,0.0,0.0,1.0,-1
"F[0,2](PaCO2 >= 9.680 | WBC >= 0.143)
",-9999999.000,-9999999.000,0.000,0.000,1.000,0,0,0,19,19,0,0,19,0.0,0.0,0.0,0.0,0.0,1.0,-1
"F[2,2]((HR <= 91.362 & O2Sat <= 99.216) | PTT >= 94.188)
",91.362,91.362,0.000,0.000,1.000,0,0,0,19,19,0,0,19,0.0,0.0,0.0,0.0,0.0,1.0,-1
"F[0,2]((HCO3 >= 0.280 -> PaCO2 >= 6.754) | HR <= 44.111)
",-9999999.000,-9999999.000,0.000,0.000,1.000,0,0,0,19,19,0,0,19,0.0,0.0,0.0,0.0,0.0,1.0,-1
"F[0,2](FiO2 <= 0.467 -> HCO3 >= 1.198)
",-9999999.000,-9999999.000,0.000,0.000,1.000,0,0,0,19,19,0,0,19,0.0,0.0,0.0,0.0,0.0,1.0,-1
"F[0,1](((Creatinine >= 0.026 | Magnesium <= 1.365) & HR >= 0.023) -> Lactate <= 0.279)
",-9999999.000,-9999999.000,0.000,0.000,1.000,0,0,0,19,19,0,0,19,0.0,0.0,0.0,0.0,0.0,1.0,-1
"F[0,2](O2Sat >= 97.545 | PTT <= 16.485)
",-9999999.000,-9999999.000,0.000,0.000,1.000,0,0,0,19,19,0,0,19,0.0,0.0,0.0,0.0,0.0,1.0,-1
"F[0,2](((BUN >= 0.063 & WBC <= 6.736) & Magnesium >= 0.103) & PTT >= 0.509)
",-9999999.000,-9999999.000,0.000,0.000,1.000,0,0,0,19,19,0,0,19,0.0,0.0,0.0,0.0,0.0,1.0,-1
"F[2,2](((BUN <= 12.999 | FiO2 <= 0.418) -> Calcium <= 0.507) -> Fibrinogen >= 0.039)
",5658487329258587.000,0.039,0.000,0.000,1.000,0,0,0,19,19,0,0,19,0.0,0.0,0.0,0.0,0.0,1.0,-1
"F[0,0](Hct >= 0.033 -> PTT <= 17.925)
",-7.825,-17.386,0.000,0.000,1.000,0,0,0,19,19,0,0,19,0.0,0.0,0.0,0.0,0.0,1.0,-1
"((MAP >= 70.343) U[0,2] (SBP <= 149.036))
",-9999999.000,-9999999.000,0.000,0.000,1.000,0,0,0,19,19,0,0,19,0.0,0.0,0.0,0.0,0.0,1.0,-1
"F[1,2](((Bilirubin_total <= 0.000 -> Hgb >= 0.146) -> Chloride <= 9.173) & Bilirubin_total <= 4.856)
",-9999999.000,-9999999.000,0.000,0.000,1.000,0,0,0,19,19,0,0,19,0.0,0.0,0.0,0.0,0.0,1.0,-1
"((PaCO2 >= 11.706) U[2,2] (Potassium <= 3.119))
",7023931656862971.000,3.119,0.000,0.000,1.000,0,0,0,19,19,0,0,19,0.0,0.0,0.0,0.0,0.0,1.0,-1
"((HR > 86.668) U[2,2] (SepsisLabel = 0.000))
",0.000,0.000,0.000,0.000,1.000,0,0,0,19,19,0,0,19,0.0,0.0,0.0,0.0,0.0,1.0,-1
"F[1,2](BaseExcess >= 0.126 & SepsisLabel = 0.000)
",-9999999.000,-9999999.000,0.000,0.000,1.000,0,0,0,19,19,0,0,19,0.0,0.0,0.0,0.0,0.0,1.0,-1
"F[2,2](Magnesium >= 0.069 & SepsisLabel = 0.000)
",-0.069,-0.069,0.000,0.000,1.000,0,0,0,19,19,0,0,19,0.0,0.0,0.0,0.0,0.0,1.0,-1
"((Hgb >= 0.233) U[2,2] (Platelets >= 1.785))
",-0.233,-0.233,0.000,0.000,1.000,0,0,0,19,19,0,0,19,0.0,0.0,0.0,0.0,0.0,1.0,-1
"F[1,2](((Magnesium >= 0.014 & PTT <= 20.461) & pH <= 6.136) -> DBP >= 0.108)
",-9999999.000,-9999999.000,0.000,0.000,1.000,0,0,0,19,19,0,0,19,0.0,0.0,0.0,0.0,0.0,1.0,-1
"F[0,2](((Chloride >= 1.996 -> Creatinine >= 0.009) | DBP <= 0.485) | HCO3 >= 0.031)
",-9999999.000,-9999999.000,0.000,0.000,1.000,0,0,0,19,19,0,0,19,0.0,0.0,0.0,0.0,0.0,1.0,-1
"F[0,2]((Chloride <= 49.699 | Platelets <= 179.608) & Magnesium >= 5.028)
",-9999999.000,-9999999.000,0.000,0.000,1.000,0,0,0,19,19,0,0,19,0.0,0.0,0.0,0.0,0.0,1.0,-1
"F[0,2](((BaseExcess <= 1.557 -> SaO2 <= 87.771) | PTT >= 8.983) & EtCO2 <= 34.498)
",-9999999.000,-9999999.000,0.000,0.000,1.000,0,0,0,19,19,0,0,19,0.0,0.0,0.0,0.0,0.0,1.0,-1
"F[1,2](((MAP <= 84.514 & SBP <= 140.830) | Platelets >= 93.086) & MAP <= 145.234)
",-9999999.000,-9999999.000,0.000,0.000,1.000,0,0,0,19,19,0,0,19,0.0,0.0,0.0,0.0,0.0,1.0,-1
"F[0,2](((DBP <= 67.667 & HR <= 90.351) | SBP >= 87.888) -> SepsisLabel <= 94.222)
",-9999999.000,-9999999.000,0.000,0.000,1.000,0,0,0,19,19,0,0,19,0.0,0.0,0.0,0.0,0.0,1.0,-1
"F[2,2]((PTT >= 0.143 | WBC >= 0.023) | TroponinI >= 0.009)
",-5402012534271163.000,-0.009,0.000,0.000,1.000,0,0,0,19,19,0,0,19,0.0,0.0,0.0,0.0,0.0,1.0,-1
"F[0,0]((Magnesium >= 0.082 | SaO2 >= 7.646) -> TroponinI <= 80.022)
",-80.022,-80.022,0.000,0.000,1.000,0,0,0,19,19,0,0,19,0.0,0.0,0.0,0.0,0.0,1.0,-1
"F[1,2](((Chloride <= 45.043 -> PTT <= 7.170) | FiO2 <= 8.773) & SBP >= 0.557)
",-9999999.000,-9999999.000,0.000,0.000,1.000,0,0,0,19,19,0,0,19,0.0,0.0,0.0,0.0,0.0,1.0,-1
"F[2,2](((BaseExcess >= 0.236 & PaCO2 <= 34.368) | SaO2 <= 46.175) -> Magnesium >= 4.093)
",-46.175,-46.175,0.000,0.000,1.000,0,0,0,19,19,0,0,19,0.0,0.0,0.0,0.0,0.0,1.0,-1
"F[0,2](((Hct >= 2.489 -> Platelets <= 99.698) & HCO3 <= 79.992) -> AST >= 3.491)
",-9999999.000,-9999999.000,0.000,0.000,1.000,0,0,0,19,19,0,0,19,0.0,0.0,0.0,0.0,0.0,1.0,-1
"F[0,2](Platelets >= 1.590 | PTT <= 11.066)
",-9999999.000,-9999999.000,0.000,0.000,1.000,0,0,0,19,19,0,0,19,0.0,0.0,0.0,0.0,0.0,1.0,-1
"F[0,1](Glucose <= 126.247 -> SepsisLabel = 0.000)
",-9999999.000,-9999999.000,0.000,0.000,1.000,0,0,0,19,19,0,0,19,0.0,0.0,0.0,0.0,0.0,1.0,-1
"((Hct > 1.606) U[0,0] (SepsisLabel = 0.000))
",-0.243,-0.089,0.000,0.000,1.000,0,0,0,19,19,0,0,19,0.0,0.0,0.0,0.0,0.0,1.0,-1
"F[1,2](Fibrinogen <= 0.000 -> SepsisLabel = 0.000)
",-9999999.000,-9999999.000,0.000,0.000,1.000,0,0,0,19,19,0,0,19,0.0,0.0,0.0,0.0,0.0,1.0,-1
"F[0,1](WBC >= 0.260 -> SepsisLabel = 0.000)
",-9999999.000,-9999999.000,0.000,0.000,1.000,0,0,0,19,19,0,0,19,0.0,0.0,0.0,0.0,0.0,1.0,-1
"F[0,2](((Creatinine >= 0.029 | Phosphate <= 0.000) | MAP <= 0.000) & SepsisLabel <= 0.000)
",-9999999.000,-9999999.000,0.000,0.000,1.000,0,0,0,19,19,0,0,19,0.0,0.0,0.0,0.0,0.0,1.0,-1
"((BUN >= 0.584) U[0,2] (BaseExcess <= 2.538))
",-9999999.000,-9999999.000,0.000,0.000,1.000,0,0,0,19,19,0,0,19,0.0,0.0,0.0,0.0,0.0,1.0,-1
"F[2,2]((Creatinine >= 0.001 & DBP >= 43.265) -> Temp <= 58.171)
",-58.171,-58.171,0.000,0.000,1.000,0,0,0,19,19,0,0,19,0.0,0.0,0.0,0.0,0.0,1.0,-1
"F[2,2](((HR <= 99.349 -> pH >= 0.837) & Creatinine >= 2.393) & Fibrinogen <= 6.437)
",-99.349,-99.349,0.000,0.000,1.000,0,0,0,19,19,0,0,19,0.0,0.0,0.0,0.0,0.0,1.0,-1
"F[1,2]((FiO2 >= 0.012 & PTT >= 0.398) | AST >= 0.311)
",-9999999.000,-9999999.000,0.000,0.000,1.000,0,0,0,19,19,0,0,19,0.0,0.0,0.0,0.0,0.0,1.0,-1
"F[2,2](Creatinine >= 0.020 & HCO3 >= 0.765)
",-0.765,-0.765,0.000,0.000,1.000,0,0,0,19,19,0,0,19,0.0,0.0,0.0,0.0,0.0,1.0,-1
"((Bilirubin_total > 0.000) U[0,1] (SepsisLabel = 0.000))
",-9999999.000,-9999999.000,0.000,0.000,1.000,0,0,0,19,19,0,0,19,0.0,0.0,0.0,0.0,0.0,1.0,-1
"((Creatinine < 0.774) U[0,0] (SepsisLabel = 0.000))
",-0.212,-5.103,0.000,0.000,1.000,0,0,0,19,19,0,0,19,0.0,0.0,0.0,0.0,0.0,1.0,-1
"((BaseExcess <= 0.461) U[0,1] (SepsisLabel = 0.000))
",-9999999.000,-9999999.000,0.000,0.000,1.000,0,0,0,19,19,0,0,19,0.0,0.0,0.0,0.0,0.0,1.0,-1
"((Bilirubin_total < 0.000) U[0,0] (SepsisLabel = 0.000))
",-0.243,-0.250,0.000,0.000,1.000,0,0,0,19,19,0,0,19,0.0,0.0,0.0,0.0,0.0,1.0,-1
"((TroponinI > 0.000) U[2,2] (SepsisLabel = 0.000))
",0.000,0.000,0.000,0.000,1.000,0,0,0,19,19,0,0,19,0.0,0.0,0.0,0.0,0.0,1.0,-1
"F[1,2](Fibrinogen > 0.000 & SepsisLabel = 0.000)
",-9999999.000,-9999999.000,0.000,0.000,1.000,0,0,0,19,19,0,0,19,0.0,0.0,0.0,0.0,0.0,1.0,-1
"((PTT < 20.039) U[0,1] (SepsisLabel = 0.000))
",-9999999.000,-9999999.000,0.000,0.000,1.000,0,0,0,19,19,0,0,19,0.0,0.0,0.0,0.0,0.0,1.0,-1
"F[1,2](Bilirubin_direct > 0.000 -> SepsisLabel = 0.000)
",-9999999.000,-9999999.000,0.000,0.000,1.000,0,0,0,19,19,0,0,19,0.0,0.0,0.0,0.0,0.0,1.0,-1
"F[0,1](DBP > 45.741 -> SepsisLabel = 0.000)
",-9999999.000,-9999999.000,0.000,0.000,1.000,0,0,0,19,19,0,0,19,0.0,0.0,0.0,0.0,0.0,1.0,-1
"F[1,2](((PaCO2 <= 28.461 -> pH >= 1.943) | Bilirubin_direct >= 1.243) | SaO2 <= 5.826)
",-9999999.000,-9999999.000,0.000,0.000,1.000,0,0,0,19,19,0,0,19,0.0,0.0,0.0,0.0,0.0,1.0,-1
"F[0,2]((DBP >= 53.594 -> MAP >= 72.748) -> Platelets <= 78.958)
",-9999999.000,-9999999.000,0.000,0.000,1.000,0,0,0,19,19,0,0,19,0.0,0.0,0.0,0.0,0.0,1.0,-1
"F[1,2]((Calcium <= 0.000 & Potassium <= 2.601) & Magnesium >= 0.101)
",-9999999.000,-9999999.000,0.000,0.000,1.000,0,0,0,19,19,0,0,19,0.0,0.0,0.0,0.0,0.0,1.0,-1
"F[0,1](Magnesium < 0.464 & SepsisLabel = 0.000)
",-9999999.000,-9999999.000,0.000,0.000,1.000,0,0,0,19,19,0,0,19,0.0,0.0,0.0,0.0,0.0,1.0,-1
"F[1,2](((Calcium < 0.000 & Potassium < 3.875) & Magnesium < 1.464) & Phosphate < 0.000)
",-9999999.000,-9999999.000,0.000,0.000,1.000,0,0,0,19,19,0,0,19,0.0,0.0,0.0,0.0,0.0,1.0,-1
"F[1,2](((Calcium < 0.000 & Potassium < 1.646) & Magnesium < 0.844) & Phosphate < 0.000)
",-9999999.000,-9999999.000,0.000,0.000,1.000,0,0,0,19,19,0,0,19,0.0,0.0,0.0,0.0,0.0,1.0,-1
"F[0,2]((Phosphate >= 0.000 & Magnesium > 0.040) -> Calcium < 0.000)
",-9999999.000,-9999999.000,0.000,0.000,1.000,0,0,0,19,19,0,0,19,0.0,0.0,0.0,0.0,0.0,1.0,-1
"F[0,2](Hgb <= 1.223 | Hct <= 19.090)
",-9999999.000,-9999999.000,0.000,0.000,1.000,0,0,0,19,19,0,0,19,0.0,0.0,0.0,0.0,0.0,1.0,-1
"F[0,1]((Phosphate >= 0.000 & Magnesium > 0.041) -> Calcium < 0.000)
",-9999999.000,-9999999.000,0.000,0.000,1.000,0,0,0,19,19,0,0,19,0.0,0.0,0.0,0.0,0.0,1.0,-1
"((O2Sat > 94.270) U[2,2] (SepsisLabel = 0.000))
",0.000,0.000,0.000,0.000,1.000,0,0,0,19,19,0,0,19,0.0,0.0,0.0,0.0,0.0,1.0,-1
"F[0,0](Phosphate >= 0.000 -> SepsisLabel = 0.000)
",-0.342,-0.222,0.000,0.000,1.000,0,0,0,19,19,0,0,19,0.0,0.0,0.0,0.0,0.0,1.0,-1
"F[0,1]((Phosphate >= 0.000 & Magnesium > 0.072) -> Calcium < 0.000)
",-9999999.000,-9999999.000,0.000,0.000,1.000,0,0,0,19,19,0,0,19,0.0,0.0,0.0,0.0,0.0,1.0,-1
"F[0,2](((Platelets >= 1.275 | WBC <= 10.983) -> Calcium >= 0.410) & Bilirubin_total >= 0.180)
",-9999999.000,-9999999.000,0.000,0.000,1.000,0,0,0,19,19,0,0,19,0.0,0.0,0.0,0.0,0.0,1.0,-1
"F[2,2]((Calcium <= 0.000 & Potassium <= 1.951) & Magnesium >= 0.034)
",-0.034,-0.034,0.000,0.000,1.000,0,0,0,19,19,0,0,19,0.0,0.0,0.0,0.0,0.0,1.0,-1
"F[0,2](Hgb <= 5.491 | Hct <= 11.962)
",-9999999.000,-9999999.000,0.000,0.000,1.000,0,0,0,19,19,0,0,19,0.0,0.0,0.0,0.0,0.0,1.0,-1
"F[1,2]((Calcium <= 0.000 & Potassium <= 2.313) & Magnesium >= 0.065)
",-9999999.000,-9999999.000,0.000,0.000,1.000,0,0,0,19,19,0,0,19,0.0,0.0,0.0,0.0,0.0,1.0,-1
"F[0,2](((Calcium < 0.000 & Potassium < 1.702) & Magnesium < 0.334) & Phosphate < 0.000)
",-9999999.000,-9999999.000,0.000,0.000,1.000,0,0,0,19,19,0,0,19,0.0,0.0,0.0,0.0,0.0,1.0,-1
"F[2,2](Hgb <= 2.310 | Hct <= 4.026)
",4532488542026154.000,4.026,0.000,0.000,1.000,0,0,0,19,19,0,0,19,0.0,0.0,0.0,0.0,0.0,1.0,-1
"F[0,1]((Phosphate >= 0.000 & Magnesium > 0.102) -> Calcium < 0.000)
",-9999999.000,-9999999.000,0.000,0.000,1.000,0,0,0,19,19,0,0,19,0.0,0.0,0.0,0.0,0.0,1.0,-1
"F[0,2](((Calcium < 0.000 & Potassium < 3.790) & Magnesium < 2.068) & Phosphate < 0.000)
",-9999999.000,-9999999.000,0.000,0.000,1.000,0,0,0,19,19,0,0,19,0.0,0.0,0.0,0.0,0.0,1.0,-1
"F[1,2]((Phosphate >= 0.000 & Magnesium > 0.040) -> Calcium < 0.000)
",-9999999.000,-9999999.000,0.000,0.000,1.000,0,0,0,19,19,0,0,19,0.0,0.0,0.0,0.0,0.0,1.0,-1
"F[0,2](Hgb <= 7.275 | Hct <= 18.222)
",-9999999.000,-9999999.000,0.000,0.000,1.000,0,0,0,19,19,0,0,19,0.0,0.0,0.0,0.0,0.0,1.0,-1
"F[0,2]((Calcium <= 0.000 & Potassium <= 2.881) & Magnesium >= 0.010)
",-9999999.000,-9999999.000,0.000,0.000,1.000,0,0,0,19,19,0,0,19,0.0,0.0,0.0,0.0,0.0,1.0,-1
"F[0,1]((Phosphate >= 0.000 & Magnesium > 0.034) -> Calcium < 0.000)
",-9999999.000,-9999999.000,0.000,0.000,1.000,0,0,0,19,19,0,0,19,0.0,0.0,0.0,0.0,0.0,1.0,-1
"((BUN <= 2.760) U[1,2] (Creatinine >= 0.011))
",-9999999.000,-9999999.000,0.000,0.000,1.000,0,0,0,19,19,0,0,19,0.0,0.0,0.0,0.0,0.0,1.0,-1
"((SBP >= 112.094) U[2,2] (SepsisLabel = 0.000))
",0.000,0.000,0.000,0.000,1.000,0,0,0,19,19,0,0,19,0.0,0.0,0.0,0.0,0.0,1.0,-1
"F[1,2](SepsisLabel < 0.000 & SepsisLabel = 0.000)
",-9999999.000,-9999999.000,0.000,0.000,1.000,0,0,0,19,19,0,0,19,0.0,0.0,0.0,0.0,0.0,1.0,-1
"F[1,2](Alkalinephos >= 0.000 -> SepsisLabel = 0.000)
",-9999999.000,-9999999.000,0.000,0.000,1.000,0,0,0,19,19,0,0,19,0.0,0.0,0.0,0.0,0.0,1.0,-1
"F[0,2](Lactate >= 0.000 -> SepsisLabel = 0.000)
",-9999999.000,-9999999.000,0.000,0.000,1.000,0,0,0,19,19,0,0,19,0.0,0.0,0.0,0.0,0.0,1.0,-1
"F[1,2]((Calcium <= 0.000 & Potassium <= 3.703) & Magnesium >= 0.085)
",-9999999.000,-9999999.000,0.000,0.000,1.000,0,0,0,19,19,0,0,19,0.0,0.0,0.0,0.0,0.0,1.0,-1
"F[1,2](Hgb <= 2.518 | Hct <= 7.685)
",-9999999.000,-9999999.000,0.000,0.000,1.000,0,0,0,19,19,0,0,19,0.0,0.0,0.0,0.0,0.0,1.0,-1
"F[1,2]((Phosphate >= 0.000 & Magnesium > 0.079) -> Calcium < 0.000)
",-9999999.000,-9999999.000,0.000,0.000,1.000,0,0,0,19,19,0,0,19,0.0,0.0,0.0,0.0,0.0,1.0,-1
"F[0,2]((Calcium <= 0.000 & Potassium <= 4.317) & Magnesium >= 0.086)
",-9999999.000,-9999999.000,0.000,0.000,1.000,0,0,0,19,19,0,0,19,0.0,0.0,0.0,0.0,0.0,1.0,-1
"F[2,2](Hgb <= 3.349 | Hct <= 7.363)
",7.363,7.363,0.000,0.000,1.000,0,0,0,19,19,0,0,19,0.0,0.0,0.0,0.0,0.0,1.0,-1
"F[0,2]((Phosphate >= 0.000 & Magnesium > 0.055) -> Calcium < 0.000)
",-9999999.000,-9999999.000,0.000,0.000,1.000,0,0,0,19,19,0,0,19,0.0,0.0,0.0,0.0,0.0,1.0,-1
"F[0,2]((Calcium <= 0.000 & Potassium <= 3.799) & Magnesium >= 0.055)
",-9999999.000,-9999999.000,0.000,0.000,1.000,0,0,0,19,19,0,0,19,0.0,0.0,0.0,0.0,0.0,1.0,-1
"F[2,2](Hgb <= 1.718 | Hct <= 17.610)
",17.610,17.610,0.000,0.000,1.000,0,0,0,19,19,0,0,19,0.0,0.0,0.0,0.0,0.0,1.0,-1
"F[1,2]((Phosphate >= 0.000 & Magnesium > 0.085) -> Calcium < 0.000)
",-9999999.000,-9999999.000,0.000,0.000,1.000,0,0,0,19,19,0,0,19,0.0,0.0,0.0,0.0,0.0,1.0,-1
"((MAP >= 61.988) U[0,2] (SBP <= 134.333))
",-9999999.000,-9999999.000,0.000,0.000,1.000,0,0,0,19,19,0,0,19,0.0,0.0,0.0,0.0,0.0,1.0,-1
"F[1,2]((Potassium <= 1.387 | Phosphate <= 0.000) & Chloride <= 0.000)
",-9999999.000,-9999999.000,0.000,0.000,1.000,0,0,0,19,19,0,0,19,0.0,0.0,0.0,0.0,0.0,1.0,-1
"G[1,2](HR >= 88.012 -> Potassium <= 3.935)
",9999999.000,9999999.000,0.000,1.000,0.000,0,0,18,1,1,18,18,1,0.0,0.0,1.0,0.0,0.0,1.0,1
"((EtCO2 <= 0.000) U[0,2] (HR <= 89.214))
",-9999999.000,-9999999.000,0.000,0.000,1.000,0,0,0,19,19,0,0,19,0.0,0.0,0.0,0.0,0.0,1.0,-1
"G[0,2](HCO3 > 0.216 -> SepsisLabel = 0.000)
",9999999.000,9999999.000,0.000,1.000,0.000,0,0,19,0,0,19,19,0,0.0,0.0,1.0,0.0,0.0,1.0,1
"G[0,2](((HCO3 >= 0.527 -> Platelets >= 8.664) & PaCO2 <= 19.454) & EtCO2 >= 3.060)
",9999999.000,9999999.000,0.000,1.000,0.000,0,0,0,19,19,0,0,19,0.0,0.0,0.0,0.0,0.0,1.0,1
"G[2,2](HR <= 99.972 -> MAP >= 60.031)
",-7034936514296988.000,-99.972,0.000,1.000,0.000,0,0,19,0,0,19,19,0,0.0,0.0,1.0,0.0,0.0,1.0,1
"G[1,2](BUN <= 12.510 | PTT <= 22.329)
",9999999.000,9999999.000,0.000,1.000,0.000,0,0,18,1,1,18,18,1,0.0,0.0,1.0,0.0,0.0,1.0,1
"G[0,2](((Hgb >= 0.265 & PTT <= 10.150) | TroponinI <= 16.239) | BaseExcess >= 0.111)
",9999999.000,9999999.000,0.000,1.000,0.000,0,0,19,0,0,19,19,0,0.0,0.0,1.0,0.0,0.0,1.0,1
"G[1,2](pH <= 6.542 | Potassium <= 3.901)
",9999999.000,9999999.000,0.000,1.000,0.000,0,0,16,3,3,16,16,3,0.0,0.0,1.0,0.0,0.0,1.0,1
"G[2,2](HCO3 >= 1.280 | PTT <= 17.249)
",4855141710450939.000,17.249,0.000,1.000,0.000,0,0,19,0,0,19,19,0,0.0,0.0,1.0,0.0,0.0,1.0,1
"G[0,2]((Creatinine >= 0.019 -> PTT >= 0.126) & SBP >= 0.039)
",9999999.000,9999999.000,0.000,1.000,0.000,0,0,18,1,1,18,18,1,0.0,0.0,1.0,0.0,0.0,1.0,1
"G[1,2]((BUN >= 0.652 -> HCO3 <= 28.346) -> MAP <= 7.864)
",9999999.000,9999999.000,0.000,1.000,0.000,0,0,2,17,17,2,2,17,0.0,0.0,1.0,0.0,0.0,1.0,1
"G[0,2]((Hgb >= 0.146 & WBC >= 0.071) -> BaseExcess >= 0.125)
",9999999.000,9999999.000,0.000,1.000,0.000,0,0,19,0,0,19,19,0,0.0,0.0,1.0,0.0,0.0,1.0,1
"G[2,2]((BUN >= 0.394 & Chloride <= 47.958) -> AST >= 0.277)
",4998469095961478.000,0.277,0.000,1.000,0.000,0,0,19,0,0,19,19,0,0.0,0.0,1.0,0.0,0.0,1.0,1
"G[0,2](SaO2 < 50.501 & SepsisLabel = 0.000)
",9999999.000,9999999.000,0.000,1.000,0.000,0,0,15,4,4,15,15,4,0.0,0.0,1.0,0.0,0.0,1.0,1
"G[0,2](SBP >= 111.331 -> SepsisLabel = 0.000)
",9999999.000,9999999.000,0.000,1.000,0.000,0,0,19,0,0,19,19,0,0.0,0.0,1.0,0.0,0.0,1.0,1
"G[0,2](((PaCO2 >= 10.798 & SaO2 >= 7.412) | Bilirubin_total <= 75.645) | O2Sat >= 0.640)
",9999999.000,9999999.000,0.000,1.000,0.000,0,0,19,0,0,19,19,0,0.0,0.0,1.0,0.0,0.0,1.0,1
"G[2,2](Temp > 17.856 -> SepsisLabel = 0.000)
",0.000,0.000,0.000,1.000,0.000,0,0,19,0,0,19,19,0,0.0,0.0,1.0,0.0,0.0,1.0,1
"G[1,2](Alkalinephos > 0.000 -> SepsisLabel = 0.000)
",9999999.000,9999999.000,0.000,1.000,0.000,0,0,19,0,0,19,19,0,0.0,0.0,1.0,0.0,0.0,1.0,1
"G[0,2](TroponinI <= 0.000 -> SepsisLabel = 0.000)
",9999999.000,9999999.000,0.000,1.000,0.000,0,0,19,0,0,19,19,0,0.0,0.0,1.0,0.0,0.0,1.0,1
"G[2,2](PTT > 0.333 & SepsisLabel = 0.000)
",-5993700605474491.000,-0.333,0.000,1.000,0.000,0,0,19,0,0,19,19,0,0.0,0.0,1.0,0.0,0.0,1.0,1
"G[0,2](MAP <= 89.199 & SepsisLabel = 0.000)
",9999999.000,9999999.000,0.000,1.000,0.000,0,0,15,4,4,15,15,4,0.0,0.0,1.0,0.0,0.0,1.0,1
"G[1,2](DBP <= 59.497 & SepsisLabel = 0.000)
",9999999.000,9999999.000,0.000,1.000,0.000,0,0,13,6,6,13,13,6,0.0,0.0,1.0,0.0,0.0,1.0,1
"G[0,2](Glucose >= 46.545 -> Resp <= 25.057)
",9999999.000,9999999.000,0.000,1.000,0.000,0,0,18,1,1,18,18,1,0.0,0.0,1.0,0.0,0.0,1.0,1
"G[0,0]((PTT <= 9.634 & Temp <= 30.307) & HCO3 >= 18.953)
",-33.916,-67.360,0.000,1.000,0.000,0,0,0,19,19,0,0,19,0.0,0.0,0.0,0.0,0.0,1.0,1
"G[1,2]((TroponinI <= 0.000 & Platelets >= 3.970) & Potassium <= 11.402)
",9999999.000,9999999.000,0.000,1.000,0.000,0,0,2,17,17,2,2,17,0.0,0.0,1.0,0.0,0.0,1.0,1
"G[1,2](MAP >= 69.513 | Bilirubin_total <= 0.000)
",9999999.000,9999999.000,0.000,1.000,0.000,0,0,19,0,0,19,19,0,0.0,0.0,1.0,0.0,0.0,1.0,1
"G[0,2]((PTT <= 19.110 & SepsisLabel <= 0.000) -> MAP <= 0.000)
",9999999.000,9999999.000,0.000,1.000,0.000,0,0,0,19,19,0,0,19,0.0,0.0,0.0,0.0,0.0,1.0,1
"G[1,2](((Glucose >= 26.500 | HR >= 81.162) -> BaseExcess <= 100.875) & MAP <= 93.261)
",9999999.000,9999999.000,0.000,1.000,0.000,0,0,18,1,1,18,18,1,0.0,0.0,1.0,0.0,0.0,1.0,1
"G[2,2]((BUN >= 0.683 -> Platelets >= 2.362) | Glucose <= 133.529)
",133.529,133.529,0.000,1.000,0.000,0,0,19,0,0,19,19,0,0.0,0.0,1.0,0.0,0.0,1.0,1
"G[0,2]((SBP <= 115.976 | FiO2 >= 0.054) | EtCO2 <= 0.482)
",9999999.000,9999999.000,0.000,1.000,0.000,0,0,19,0,0,19,19,0,0.0,0.0,1.0,0.0,0.0,1.0,1
"G[0,2](BUN <= 13.045 & Creatinine >= 0.007)
",9999999.000,9999999.000,0.000,1.000,0.000,0,0,0,19,19,0,0,19,0.0,0.0,0.0,0.0,0.0,1.0,1
"G[1,2](Platelets <= 23.610 -> WBC >= 0.487)
",9999999.000,9999999.000,0.000,1.000,0.000,0,0,2,17,17,2,2,17,0.0,0.0,1.0,0.0,0.0,1.0,1
"G[1,1](BUN <= 10.397 & Creatinine >= 0.025)
",-0.025,-0.025,0.000,1.000,0.000,0,0,1,18,18,1,1,18,0.0,0.0,1.0,0.0,0.0,1.0,1
"G[2,2](((Hgb <= 1.634 | Hct <= 21.369) -> WBC >= 0.478) & Platelets >= 2.735)
",-21.369,-21.369,0.000,1.000,0.000,0,0,19,0,0,19,19,0,0.0,0.0,1.0,0.0,0.0,1.0,1
"G[0,1](Platelets <= 25.135 -> WBC >= 0.195)
",9999999.000,9999999.000,0.000,1.000,0.000,0,0,0,19,19,0,0,19,0.0,0.0,0.0,0.0,0.0,1.0,1
"G[0,2](Chloride >= 4.992 & HCO3 >= 0.875)
",9999999.000,9999999.000,0.000,1.000,0.000,0,0,0,19,19,0,0,19,0.0,0.0,0.0,0.0,0.0,1.0,1
"G[1,1](BUN <= 11.650 & Creatinine >= 0.020)
",-0.020,-0.020,0.000,1.000,0.000,0,0,1,18,18,1,1,18,0.0,0.0,1.0,0.0,0.0,1.0,1
"G[0,1](Chloride >= 2.539 & HCO3 >= 0.486)
",9999999.000,9999999.000,0.000,1.000,0.000,0,0,0,19,19,0,0,19,0.0,0.0,0.0,0.0,0.0,1.0,1
"G[0,1](BUN <= 0.964 & Creatinine >= 0.006)
",9999999.000,9999999.000,0.000,1.000,0.000,0,0,0,19,19,0,0,19,0.0,0.0,0.0,0.0,0.0,1.0,1
"G[1,2](((Hgb <= 2.229 | Hct <= 27.178) -> WBC >= 0.261) & Platelets >= 7.128)
",9999999.000,9999999.000,0.000,1.000,0.000,0,0,2,17,17,2,2,17,0.0,0.0,1.0,0.0,0.0,1.0,1
"G[1,2](Platelets <= 98.163 -> WBC >= 0.521)
",9999999.000,9999999.000,0.000,1.000,0.000,0,0,2,17,17,2,2,17,0.0,0.0,1.0,0.0,0.0,1.0,1
"G[0,1](Chloride >= 5.167 & HCO3 >= 1.106)
",9999999.000,9999999.000,0.000,1.000,0.000,0,0,0,19,19,0,0,19,0.0,0.0,0.0,0.0,0.0,1.0,1
"G[0,1](((Hgb <= 1.533 | Hct <= 27.199) -> WBC >= 0.369) & Platelets >= 5.939)
",9999999.000,9999999.000,0.000,1.000,0.000,0,0,0,19,19,0,0,19,0.0,0.0,0.0,0.0,0.0,1.0,1
"G[0,2](((pH >= 0.949 | SaO2 <= 62.597) | O2Sat <= 75.077) | Platelets <= 91.248)
",9999999.000,9999999.000,0.000,1.000,0.000,0,0,19,0,0,19,19,0,0.0,0.0,1.0,0.0,0.0,1.0,1
"G[1,2](Platelets <= 14.675 -> WBC >= 0.407)
",9999999.000,9999999.000,0.000,1.000,0.000,0,0,2,17,17,2,2,17,0.0,0.0,1.0,0.0,0.0,1.0,1
"G[0,1](Chloride >= 0.520 & HCO3 >= 1.309)
",9999999.000,9999999.000,0.000,1.000,0.000,0,0,0,19,19,0,0,19,0.0,0.0,0.0,0.0,0.0,1.0,1
"G[2,2](BUN <= 14.773 & Creatinine >= 0.020)
",-5675875048462053.000,-0.020,0.000,1.000,0.000,0,0,19,0,0,19,19,0,0.0,0.0,1.0,0.0,0.0,1.0,1
"G[0,1](((Hgb <= 7.692 | Hct <= 18.141) -> WBC >= 0.334) & Platelets >= 8.249)
",9999999.000,9999999.000,0.000,1.000,0.000,0,0,0,19,19,0,0,19,0.0,0.0,0.0,0.0,0.0,1.0,1
"G[1,2](((Hgb <= 6.074 | Hct <= 18.314) -> WBC >= 0.486) & Platelets >= 8.364)
",9999999.000,9999999.000,0.000,1.000,0.000,0,0,2,17,17,2,2,17,0.0,0.0,1.0,0.0,0.0,1.0,1
"G[1,2]((SaO2 >= 4.748 & Temp >= 18.632) & Hgb >= 18.868)
",9999999.000,9999999.000,0.000,1.000,0.000,0,0,1,18,18,1,1,18,0.0,0.0,1.0,0.0,0.0,1.0,1
"G[0,1](BUN <= 13.446 & Creatinine >= 0.028)
",9999999.000,9999999.000,0.000,1.000,0.000,0,0,0,19,19,0,0,19,0.0,0.0,0.0,0.0,0.0,1.0,1
"G[2,2](Platelets >= 8.583 & SepsisLabel = 0.000)
",-8.583,-8.583,0.000,1.000,0.000,0,0,19,0,0,19,19,0,0.0,0.0,1.0,0.0,0.0,1.0,1
"G[1,2](((BaseExcess >= 0.179 & HCO3 <= 16.073) | Bilirubin_direct >= 1.220) -> FiO2 <= 11.930)
",9999999.000,9999999.000,0.000,1.000,0.000,0,0,19,0,0,19,19,0,0.0,0.0,1.0,0.0,0.0,1.0,1
"G[0,2](BaseExcess >= 0.032 | Chloride <= 17.657)
",9999999.000,9999999.000,0.000,1.000,0.000,0,0,19,0,0,19,19,0,0.0,0.0,1.0,0.0,0.0,1.0,1
"G[0,2](Chloride <= 35.912 | Hgb >= 0.119)
",9999999.000,9999999.000,0.000,1.000,0.000,0,0,18,1,1,18,18,1,0.0,0.0,1.0,0.0,0.0,1.0,1
"G[1,2](((Bilirubin_direct >= 0.000 -> FiO2 <= 0.126) -> Chloride <= 0.372) | WBC >= 0.068)
",9999999.000,9999999.000,0.000,1.000,0.000,0,0,19,0,0,19,19,0,0.0,0.0,1.0,0.0,0.0,1.0,1
"G[0,2](((AST <= 0.000 -> PaCO2 <= 31.161) | HR <= 43.708) -> BUN <= 16.241)
",9999999.000,9999999.000,0.000,1.000,0.000,0,0,19,0,0,19,19,0,0.0,0.0,1.0,0.0,0.0,1.0,1
"F[0,2](HR >= 77.269 | WBC >= 0.230)
",-9999999.000,-9999999.000,0.000,0.000,1.000,0,0,0,19,19,0,0,19,0.0,0.0,0.0,0.0,0.0,1.0,-1
"G[0,2](Bilirubin_total >= 0.000 -> TroponinI <= 0.000)
",9999999.000,9999999.000,0.000,1.000,0.000,0,0,19,0,0,19,19,0,0.0,0.0,1.0,0.0,0.0,1.0,1
"G[1,2](((MAP >= 64.196 -> DBP <= 71.209) & Hct >= 41.287) | Creatinine <= 67.930)
",9999999.000,9999999.000,0.000,1.000,0.000,0,0,19,0,0,19,19,0,0.0,0.0,1.0,0.0,0.0,1.0,1
"G[0,2]((AST >= 0.000 -> Chloride >= 1.434) -> DBP <= 53.127)
",9999999.000,9999999.000,0.000,1.000,0.000,0,0,18,1,1,18,18,1,0.0,0.0,1.0,0.0,0.0,1.0,1
"G[0,2](Fibrinogen >= 0.000 -> pH <= 5.034)
",9999999.000,9999999.000,0.000,1.000,0.000,0,0,8,11,11,8,8,11,0.0,0.0,1.0,0.0,0.0,1.0,1
"G[1,2]((Calcium >= 0.000 -> Glucose <= 180.694) | SBP <= 163.985)
",9999999.000,9999999.000,0.000,1.000,0.000,0,0,19,0,0,19,19,0,0.0,0.0,1.0,0.0,0.0,1.0,1
"G[0,0](((TroponinI <= 0.000 -> MAP <= 85.580) & Bilirubin_total >= 62.733) & AST <= 84.386)
",-28.782,-60.660,0.000,1.000,0.000,0,0,0,19,19,0,0,19,0.0,0.0,0.0,0.0,0.0,1.0,1
"G[0,2](Resp >= 17.644 & Lactate <= 0.000)
",9999999.000,9999999.000,0.000,1.000,0.000,0,0,13,6,6,13,13,6,0.0,0.0,1.0,0.0,0.0,1.0,1
"G[0,2]((Fibrinogen <= 0.000 & Hgb <= 6.387) | Fibrinogen >= 0.081)
",9999999.000,9999999.000,0.000,1.000,0.000,0,0,17,2,2,17,17,2,0.0,0.0,1.0,0.0,0.0,1.0,1
"G[0,2](((Alkalinephos >= 0.000 & pH >= 0.510) | Chloride <= 2.768) | DBP <= 6.937)
",9999999.000,9999999.000,0.000,1.000,0.000,0,0,19,0,0,19,19,0,0.0,0.0,1.0,0.0,0.0,1.0,1
"G[0,2](((Temp >= 4.708 -> Resp <= 20.755) | Potassium <= 24.876) -> O2Sat <= 21.720)
",9999999.000,9999999.000,0.000,1.000,0.000,0,0,0,19,19,0,0,19,0.0,0.0,0.0,0.0,0.0,1.0,1
"G[2,2](Chloride >= 3.528 & HCO3 >= 0.504)
",-3.528,-3.528,0.000,1.000,0.000,0,0,19,0,0,19,19,0,0.0,0.0,1.0,0.0,0.0,1.0,1
"G[0,2]((DBP <= 64.643 & Lactate <= 0.000) | PTT >= 0.000)
",9999999.000,9999999.000,0.000,1.000,0.000,0,0,19,0,0,19,19,0,0.0,0.0,1.0,0.0,0.0,1.0,1
"G[0,2](((Glucose >= 81.776 -> PTT <= 10.852) -> Resp >= 0.373) | PTT >= 0.598)
",9999999.000,9999999.000,0.000,1.000,0.000,0,0,19,0,0,19,19,0,0.0,0.0,1.0,0.0,0.0,1.0,1
"G[1,2](Glucose >= 113.161 -> Creatinine >= 0.030)
",9999999.000,9999999.000,0.000,1.000,0.000,0,0,12,7,7,12,12,7,0.0,0.0,1.0,0.0,0.0,1.0,1
"G[1,2](((HR <= 96.121 | TroponinI <= 0.000) | DBP >= 0.000) & pH >= 0.000)
",9999999.000,9999999.000,0.000,1.000,0.000,0,0,19,0,0,19,19,0,0.0,0.0,1.0,0.0,0.0,1.0,1
"G[0,2]((PTT <= 16.296 -> Temp >= 17.111) & SaO2 <= 35.616)
",9999999.000,9999999.000,0.000,1.000,0.000,0,0,7,12,12,7,7,12,0.0,0.0,1.0,0.0,0.0,1.0,1
"G[1,2]((Resp <= 21.920 -> WBC <= 4.768) -> pH <= 2.970)
",9999999.000,9999999.000,0.000,1.000,0.000,0,0,13,6,6,13,13,6,0.0,0.0,1.0,0.0,0.0,1.0,1
"G[1,2](((Chloride <= 82.493 & SBP >= 95.028) | PTT >= 94.695) -> MAP <= 155.823)
",9999999.000,9999999.000,0.000,1.000,0.000,0,0,19,0,0,19,19,0,0.0,0.0,1.0,0.0,0.0,1.0,1
"G[0,2]((HCO3 <= 2.201 -> FiO2 >= 0.066) & HR <= 0.084)
",9999999.000,9999999.000,0.000,1.000,0.000,0,0,0,19,19,0,0,19,0.0,0.0,0.0,0.0,0.0,1.0,1
"G[1,2](((EtCO2 <= 0.000 | Temp >= 6.397) & Lactate >= 6.760) & Magnesium >= 14.603)
",9999999.000,9999999.000,0.000,1.000,0.000,0,0,1,18,18,1,1,18,0.0,0.0,1.0,0.0,0.0,1.0,1
"G[0,2]((Hgb >= 0.382 -> HR <= 97.866) & Phosphate >= 88.945)
",9999999.000,9999999.000,0.000,1.000,0.000,0,0,0,19,19,0,0,19,0.0,0.0,0.0,0.0,0.0,1.0,1
"G[2,2]((Resp <= 24.690 -> PaCO2 <= 39.539) -> SaO2 >= 10.018)
",10.018,10.018,0.000,1.000,0.000,0,0,19,0,0,19,19,0,0.0,0.0,1.0,0.0,0.0,1.0,1
"G[1,2]((HR >= 85.493 & Platelets <= 82.514) | BUN <= 158.068)
",9999999.000,9999999.000,0.000,1.000,0.000,0,0,19,0,0,19,19,0,0.0,0.0,1.0,0.0,0.0,1.0,1
"G[2,2]((HR >= 83.596 | PTT >= 0.212) | AST >= 0.496)
",-0.212,-0.212,0.000,1.000,0.000,0,0,19,0,0,19,19,0,0.0,0.0,1.0,0.0,0.0,1.0,1
"G[2,2]((Platelets >= 4.569 & Resp <= 21.012) & pH >= 15.890)
",-8945320868397892.000,-15.890,0.000,1.000,0.000,0,0,19,0,0,19,19,0,0.0,0.0,1.0,0.0,0.0,1.0,1
"G[0,2]((SepsisLabel >= 0.000 -> TroponinI >= 0.000) -> AST <= 0.000)
",9999999.000,9999999.000,0.000,1.000,0.000,0,0,19,0,0,19,19,0,0.0,0.0,1.0,0.0,0.0,1.0,1
"G[0,2](((Magnesium <= 1.157 & Calcium >= 0.000) | Lactate <= 0.000) & BUN <= 0.000)
",9999999.000,9999999.000,0.000,1.000,0.000,0,0,17,2,2,17,17,2,0.0,0.0,1.0,0.0,0.0,1.0,1
"G[1,2]((DBP >= 46.566 | Temp >= 0.085) -> Creatinine <= 29.637)
",9999999.000,9999999.000,0.000,1.000,0.000,0,0,19,0,0,19,19,0,0.0,0.0,1.0,0.0,0.0,1.0,1
"G[0,1](Platelets >= 1.589 & PaCO2 >= 7.718)
",9999999.000,9999999.000,0.000,1.000,0.000,0,0,0,19,19,0,0,19,0.0,0.0,0.0,0.0,0.0,1.0,1
"G[0,1]((MAP <= 76.807 & Potassium >= 0.258) & Creatinine <= 1.678)
",9999999.000,9999999.000,0.000,1.000,0.000,0,0,0,19,19,0,0,19,0.0,0.0,0.0,0.0,0.0,1.0,1
"G[1,2]((Alkalinephos <= 0.000 -> Platelets >= 4.649) & SBP <= 152.780)
",9999999.000,9999999.000,0.000,1.000,0.000,0,0,2,17,17,2,2,17,0.0,0.0,1.0,0.0,0.0,1.0,1
"G[1,1](((Phosphate <= 0.000 & SBP <= 143.566) -> HCO3 >= 94.327) & Potassium >= 96.971)
",-96.971,-96.971,0.000,1.000,0.000,0,0,1,18,18,1,1,18,0.0,0.0,1.0,0.0,0.0,1.0,1
"G[2,2]((Lactate >= 0.000 -> Fibrinogen <= 0.000) -> Resp >= 0.000)
",0.000,0.000,0.000,1.000,0.000,0,0,19,0,0,19,19,0,0.0,0.0,1.0,0.0,0.0,1.0,1
"G[2,2](((Hgb <= 5.640 -> Bilirubin_direct >= 0.000) | Fibrinogen <= 0.000) -> Glucose <= 0.000)
",0.000,0.000,0.000,1.000,0.000,0,0,19,0,0,19,19,0,0.0,0.0,1.0,0.0,0.0,1.0,1
"G[0,2]((BUN <= 9.383 & Fibrinogen <= 0.000) & pH <= 0.000)
",9999999.000,9999999.000,0.000,1.000,0.000,0,0,8,11,11,8,8,11,0.0,0.0,1.0,0.0,0.0,1.0,1
"G[0,2]((Calcium >= 0.000 -> Temp <= 37.876) -> WBC <= 32.689)
",9999999.000,9999999.000,0.000,1.000,0.000,0,0,19,0,0,19,19,0,0.0,0.0,1.0,0.0,0.0,1.0,1
"G[1,2](((SBP >= 88.553 -> Lactate <= 0.000) -> Hct >= 0.000) -> DBP >= 0.000)
",9999999.000,9999999.000,0.000,1.000,0.000,0,0,19,0,0,19,19,0,0.0,0.0,1.0,0.0,0.0,1.0,1
"G[1,2](((Magnesium <= 0.867 & Platelets <= 88.339) -> O2Sat <= 14.539) & TroponinI >= 2.144)
",9999999.000,9999999.000,0.000,1.000,0.000,0,0,1,18,18,1,1,18,0.0,0.0,1.0,0.0,0.0,1.0,1
"G[2,2](((Phosphate >= 0.000 -> Bilirubin_total <= 0.000) & pH >= 0.000) & Hct <= 0.000)
",0.000,0.000,0.000,1.000,0.000,0,0,19,0,0,19,19,0,0.0,0.0,1.0,0.0,0.0,1.0,1
"G[1,2](((Phosphate >= 0.000 | Glucose <= 128.260) & Hgb <= 201.697) | PTT <= 154.931)
",9999999.000,9999999.000,0.000,1.000,0.000,0,0,19,0,0,19,19,0,0.0,0.0,1.0,0.0,0.0,1.0,1
"G[2,2](((Calcium <= 0.000 | SepsisLabel <= 0.000) | pH >= 0.000) -> Magnesium <= 0.000)
",0.000,0.000,0.000,1.000,0.000,0,0,19,0,0,19,19,0,0.0,0.0,1.0,0.0,0.0,1.0,1
"G[0,2](((O2Sat <= 99.910 | SaO2 >= 1.195) & Bilirubin_direct <= 77.232) -> MAP >= 5.638)
",9999999.000,9999999.000,0.000,1.000,0.000,0,0,19,0,0,19,19,0,0.0,0.0,1.0,0.0,0.0,1.0,1
"G[1,1]((FiO2 >= 0.027 & FiO2 <= 0.451) & HCO3 >= 0.032)
",-0.032,-0.032,0.000,1.000,0.000,0,0,1,18,18,1,1,18,0.0,0.0,1.0,0.0,0.0,1.0,1
"G[0,2](((BaseExcess >= 0.295 -> TroponinI <= 0.000) -> Glucose >= 0.000) & HCO3 <= 0.000)
",9999999.000,9999999.000,0.000,1.000,0.000,0,0,17,2,2,17,17,2,0.0,0.0,1.0,0.0,0.0,1.0,1
"G[1,2]((Potassium >= 0.317 | PaCO2 >= 0.470) | TroponinI >= 3.257)
",9999999.000,9999999.000,0.000,1.000,0.000,0,0,10,9,9,10,10,9,0.0,0.0,1.0,0.0,0.0,1.0,1
"G[1,1]((Platelets >= 3.965 -> Magnesium <= 1.098) & Calcium >= 0.078)
",-1.098,-1.098,0.000,1.000,0.000,0,0,1,18,18,1,1,18,0.0,0.0,1.0,0.0,0.0,1.0,1
"G[0,2]((AST <= 0.000 & AST >= 0.000) & BUN <= 0.000)
",9999999.000,9999999.000,0.000,1.000,0.000,0,0,17,2,2,17,17,2,0.0,0.0,1.0,0.0,0.0,1.0,1
"G[2,2]((Alkalinephos <= 0.000 | Glucose <= 186.370) | Creatinine <= 168.535)
",186.370,186.370,0.000,1.000,0.000,0,0,19,0,0,19,19,0,0.0,0.0,1.0,0.0,0.0,1.0,1
"G[2,2](((Hgb <= 6.214 -> Bilirubin_direct <= 0.000) -> SBP >= 0.000) -> EtCO2 >= 0.000)
",0.000,0.000,0.000,1.000,0.000,0,0,19,0,0,19,19,0,0.0,0.0,1.0,0.0,0.0,1.0,1
"G[0,1]((Fibrinogen <= 0.000 | Glucose >= 37.626) -> AST >= 83.739)
",9999999.000,9999999.000,0.000,1.000,0.000,0,0,0,19,19,0,0,19,0.0,0.0,0.0,0.0,0.0,1.0,1
"G[1,2](((DBP >= 54.852 -> Lactate >= 0.000) -> WBC >= 0.000) & Fibrinogen >= 0.000)
",9999999.000,9999999.000,0.000,1.000,0.000,0,0,19,0,0,19,19,0,0.0,0.0,1.0,0.0,0.0,1.0,1
"G[1,2](((SepsisLabel <= 0.000 -> Lactate >= 0.000) -> O2Sat <= 0.000) | TroponinI <= 0.000)
",9999999.000,9999999.000,0.000,1.000,0.000,0,0,19,0,0,19,19,0,0.0,0.0,1.0,0.0,0.0,1.0,1
"G[0,2]((Glucose >= 48.262 & Potassium <= 2.515) & SepsisLabel >= 0.544)
",9999999.000,9999999.000,0.000,1.000,0.000,0,0,0,19,19,0,0,19,0.0,0.0,0.0,0.0,0.0,1.0,1
"G[1,2](((Hgb <= 0.774 | Hct <= 26.394) -> WBC >= 0.322) & Platelets >= 5.780)
",9999999.000,9999999.000,0.000,1.000,0.000,0,0,2,17,17,2,2,17,0.0,0.0,1.0,0.0,0.0,1.0,1
"G[2,2](BUN <= 3.024 & Creatinine >= 0.010)
",-0.010,-0.010,0.000,1.000,0.000,0,0,19,0,0,19,19,0,0.0,0.0,1.0,0.0,0.0,1.0,1
"G[0,2](BUN <= 1.646 & Creatinine >= 0.022)
",9999999.000,9999999.000,0.000,1.000,0.000,0,0,0,19,19,0,0,19,0.0,0.0,0.0,0.0,0.0,1.0,1
"G[0,2]((MAP >= 69.137 | O2Sat <= 99.932) & SaO2 >= 94.034)
",9999999.000,9999999.000,0.000,1.000,0.000,0,0,0,19,19,0,0,19,0.0,0.0,0.0,0.0,0.0,1.0,1
"F[0,2](((Glucose >= 22.983 | WBC >= 0.353) | Hct <= 6.525) -> Hct >= 0.338)
",-9999999.000,-9999999.000,0.000,0.000,1.000,0,0,0,19,19,0,0,19,0.0,0.0,0.0,0.0,0.0,1.0,-1
"F[1,1]((Potassium <= 1.686 & TroponinI >= 0.000) -> Resp >= 0.000)
",0.000,0.000,0.000,0.000,1.000,0,0,0,19,19,0,0,19,0.0,0.0,0.0,0.0,0.0,1.0,-1
"((HR >= 77.908) U[0,2] (PaCO2 <= 46.171))
",-9999999.000,-9999999.000,0.000,0.000,1.000,0,0,0,19,19,0,0,19,0.0,0.0,0.0,0.0,0.0,1.0,-1
"F[1,2](((HCO3 <= 25.744 | HR <= 100.512) | HCO3 <= 89.756) & EtCO2 <= 93.196)
",-9999999.000,-9999999.000,0.000,0.000,1.000,0,0,0,19,19,0,0,19,0.0,0.0,0.0,0.0,0.0,1.0,-1
"F[0,2]((FiO2 >= 0.011 | Potassium >= 0.041) & BaseExcess >= 0.379)
",-9999999.000,-9999999.000,0.000,0.000,1.000,0,0,0,19,19,0,0,19,0.0,0.0,0.0,0.0,0.0,1.0,-1
"F[2,2](Glucose <= 140.300 & Hgb <= 5.023)
",5.023,5.023,0.000,0.000,1.000,0,0,0,19,19,0,0,19,0.0,0.0,0.0,0.0,0.0,1.0,-1
"F[0,2](Chloride >= 1.334 & DBP <= 58.519)
",-9999999.000,-9999999.000,0.000,0.000,1.000,0,0,0,19,19,0,0,19,0.0,0.0,0.0,0.0,0.0,1.0,-1
"F[0,2](((BUN >= 0.465 | DBP >= 48.926) -> PTT <= 60.389) | Lactate <= 59.297)
",-9999999.000,-9999999.000,0.000,0.000,1.000,0,0,0,19,19,0,0,19,0.0,0.0,0.0,0.0,0.0,1.0,-1
"F[0,2]((HR >= 83.695 | SBP <= 121.081) | pH <= 144.210)
",-9999999.000,-9999999.000,0.000,0.000,1.000,0,0,0,19,19,0,0,19,0.0,0.0,0.0,0.0,0.0,1.0,-1
"((Creatinine <= 0.525) U[0,2] (HR >= 79.003))
",-9999999.000,-9999999.000,0.000,0.000,1.000,0,0,0,19,19,0,0,19,0.0,0.0,0.0,0.0,0.0,1.0,-1
"G[0,2](((FiO2 <= 0.631 | SaO2 <= 88.489) -> AST >= 2.313) | HCO3 <= 84.867)
",9999999.000,9999999.000,0.000,1.000,0.000,0,0,19,0,0,19,19,0,0.0,0.0,1.0,0.0,0.0,1.0,1
"G[0,2]((Creatinine >= 0.008 | SBP >= 110.958) & Potassium <= 122.387)
",9999999.000,9999999.000,0.000,1.000,0.000,0,0,5,14,14,5,5,14,0.0,0.0,1.0,0.0,0.0,1.0,1
"F[0,1]((Potassium >= 1.187 -> Resp >= 13.418) | BaseExcess >= 12.283)
",-9999999.000,-9999999.000,0.000,0.000,1.000,0,0,0,19,19,0,0,19,0.0,0.0,0.0,0.0,0.0,1.0,-1
"G[0,2]((HR >= 87.147 | Calcium <= 0.000) -> BUN >= 0.000)
",9999999.000,9999999.000,0.000,1.000,0.000,0,0,19,0,0,19,19,0,0.0,0.0,1.0,0.0,0.0,1.0,1
"G[0,2]((SaO2 >= 1.018 & Glucose <= 133.563) & Resp >= 4.221)
",9999999.000,9999999.000,0.000,1.000,0.000,0,0,0,19,19,0,0,19,0.0,0.0,0.0,0.0,0.0,1.0,1
"G[2,2](SaO2 >= 2.644 | Phosphate >= 0.000)
",0.000,0.000,0.000,1.000,0.000,0,0,19,0,0,19,19,0,0.0,0.0,1.0,0.0,0.0,1.0,1
"G[0,1](FiO2 <= 0.540 & Magnesium >= 0.039)
",9999999.000,9999999.000,0.000,1.000,0.000,0,0,0,19,19,0,0,19,0.0,0.0,0.0,0.0,0.0,1.0,1
"G[0,2]((O2Sat >= 97.852 -> Resp <= 25.932) | Hgb <= 22.920)
",9999999.000,9999999.000,0.000,1.000,0.000,0,0,19,0,0,19,19,0,0.0,0.0,1.0,0.0,0.0,1.0,1
"G[2,2](DBP >= 49.941 -> pH <= 6.978)
",-6.978,-6.978,0.000,1.000,0.000,0,0,19,0,0,19,19,0,0.0,0.0,1.0,0.0,0.0,1.0,1
"G[0,2](((BaseExcess >= 0.193 -> Potassium <= 3.898) -> FiO2 <= 1.535) -> TroponinI >= 0.637)
",9999999.000,9999999.000,0.000,1.000,0.000,0,0,0,19,19,0,0,19,0.0,0.0,0.0,0.0,0.0,1.0,1
"G[0,2]((O2Sat >= 96.213 -> Platelets <= 37.443) & Creatinine <= 89.224)
",9999999.000,9999999.000,0.000,1.000,0.000,0,0,18,1,1,18,18,1,0.0,0.0,1.0,0.0,0.0,1.0,1
"G[2,2](BaseExcess >= 0.153 & FiO2 <= 0.348)
",-5528357273551321.000,-0.153,0.000,1.000,0.000,0,0,19,0,0,19,19,0,0.0,0.0,1.0,0.0,0.0,1.0,1
"G[0,2]((Chloride >= 3.028 & SaO2 <= 91.975) & Fibrinogen <= 87.268)
",9999999.000,9999999.000,0.000,1.000,0.000,0,0,0,19,19,0,0,19,0.0,0.0,0.0,0.0,0.0,1.0,1
"G[0,2]((Hgb <= 3.190 & SaO2 >= 8.967) & Potassium <= 11.080)
",9999999.000,9999999.000,0.000,1.000,0.000,0,0,0,19,19,0,0,19,0.0,0.0,0.0,0.0,0.0,1.0,1
"F[0,2]((DBP <= 55.645 -> HCO3 <= 26.856) | BUN >= 0.110)
",-9999999.000,-9999999.000,0.000,0.000,1.000,0,0,0,19,19,0,0,19,0.0,0.0,0.0,0.0,0.0,1.0,-1
"F[2,2]((Platelets <= 75.346 -> Potassium >= 0.081) & Bilirubin_direct <= 2.669)
",-75.346,-75.346,0.000,0.000,1.000,0,0,0,19,19,0,0,19,0.0,0.0,0.0,0.0,0.0,1.0,-1
"G[2,2](Platelets <= 154.142 -> WBC >= 0.225)
",-154.142,-154.142,0.000,1.000,0.000,0,0,19,0,0,19,19,0,0.0,0.0,1.0,0.0,0.0,1.0,1
"F[0,2]((Alkalinephos <= 0.000 | Fibrinogen <= 0.000) -> Phosphate <= 0.000)
",-9999999.000,-9999999.000,0.000,0.000,1.000,0,0,0,19,19,0,0,19,0.0,0.0,0.0,0.0,0.0,1.0,-1
"F[0,2](HCO3 >= 0.623 | SBP <= 128.236)
",-9999999.000,-9999999.000,0.000,0.000,1.000,0,0,0,19,19,0,0,19,0.0,0.0,0.0,0.0,0.0,1.0,-1
"F[0,2](pH >= 1.665 & HR <= 100.870)
",-9999999.000,-9999999.000,0.000,0.000,1.000,0,0,0,19,19,0,0,19,0.0,0.0,0.0,0.0,0.0,1.0,-1
"((Magnesium <= 1.731) U[0,2] (Resp >= 12.169))
",-9999999.000,-9999999.000,0.000,0.000,1.000,0,0,0,19,19,0,0,19,0.0,0.0,0.0,0.0,0.0,1.0,-1
"F[2,2](((O2Sat >= 97.392 | Chloride >= 3.683) | Bilirubin_total <= 52.306) -> HR >= 4.030)
",-52.306,-52.306,0.000,0.000,1.000,0,0,0,19,19,0,0,19,0.0,0.0,0.0,0.0,0.0,1.0,-1
"F[0,1](((Glucose <= 236.092 | Magnesium >= 0.026) -> TroponinI <= 0.673) -> SaO2 <= 1.933)
",-9999999.000,-9999999.000,0.000,0.000,1.000,0,0,0,19,19,0,0,19,0.0,0.0,0.0,0.0,0.0,1.0,-1
"F[1,2](((SaO2 >= 1.550 | SBP >= 97.011) | TroponinI >= 100.820) | BaseExcess <= 153.917)
",-9999999.000,-9999999.000,0.000,0.000,1.000,0,0,0,19,19,0,0,19,0.0,0.0,0.0,0.0,0.0,1.0,-1
"F[0,1](Potassium >= 0.731 | TroponinI <= 0.000)
",-9999999.000,-9999999.000,0.000,0.000,1.000,0,0,0,19,19,0,0,19,0.0,0.0,0.0,0.0,0.0,1.0,-1
"F[1,2]((MAP <= 89.393 -> SaO2 <= 76.877) -> Lactate >= 1.980)
",-9999999.000,-9999999.000,0.000,0.000,1.000,0,0,0,19,19,0,0,19,0.0,0.0,0.0,0.0,0.0,1.0,-1
"F[0,2]((Lactate >= 0.000 & HR <= 100.392) & Magnesium <= 93.940)
",-9999999.000,-9999999.000,0.000,0.000,1.000,0,0,0,19,19,0,0,19,0.0,0.0,0.0,0.0,0.0,1.0,-1
"F[0,2]((SepsisLabel <= 0.000 -> SBP <= 126.222) -> O2Sat >= 85.045)
",-9999999.000,-9999999.000,0.000,0.000,1.000,0,0,0,19,19,0,0,19,0.0,0.0,0.0,0.0,0.0,1.0,-1
"F[0,2](((Platelets <= 31.046 -> Creatinine <= 0.332) | Phosphate >= 0.009) -> Calcium >= 0.024)
",-9999999.000,-9999999.000,0.000,0.000,1.000,0,0,0,19,19,0,0,19,0.0,0.0,0.0,0.0,0.0,1.0,-1
"F[0,2](((Bilirubin_total >= 0.000 | SBP >= 108.621) & PaCO2 <= 119.098) -> HR <= 141.658)
",-9999999.000,-9999999.000,0.000,0.000,1.000,0,0,0,19,19,0,0,19,0.0,0.0,0.0,0.0,0.0,1.0,-1
"F[0,1](((BUN <= 7.442 -> HR >= 87.565) -> Magnesium <= 93.432) | Lactate <= 93.511)
",-9999999.000,-9999999.000,0.000,0.000,1.000,0,0,0,19,19,0,0,19,0.0,0.0,0.0,0.0,0.0,1.0,-1
"F[0,2](((Hgb >= 0.212 | Calcium >= 0.000) | MAP >= 0.000) | HR >= 0.000)
",-9999999.000,-9999999.000,0.000,0.000,1.000,0,0,0,19,19,0,0,19,0.0,0.0,0.0,0.0,0.0,1.0,-1
"F[1,2]((Potassium >= 0.222 & SaO2 <= 70.432) -> Alkalinephos <= 34.839)
",-9999999.000,-9999999.000,0.000,0.000,1.000,0,0,0,19,19,0,0,19,0.0,0.0,0.0,0.0,0.0,1.0,-1
"F[0,2]((Magnesium <= 0.586 -> Potassium >= 1.012) & Magnesium >= 0.294)
",-9999999.000,-9999999.000,0.000,0.000,1.000,0,0,0,19,19,0,0,19,0.0,0.0,0.0,0.0,0.0,1.0,-1
"F[1,2]((AST >= 0.000 & HCO3 <= 4.597) | MAP <= 7.388)
",-9999999.000,-9999999.000,0.000,0.000,1.000,0,0,0,19,19,0,0,19,0.0,0.0,0.0,0.0,0.0,1.0,-1
"F[2,2](((Bilirubin_direct >= 0.000 & SBP <= 120.736) | O2Sat <= 118.849) -> Fibrinogen >= 100.858)
",-8363264296107966.000,-118.849,0.000,0.000,1.000,0,0,0,19,19,0,0,19,0.0,0.0,0.0,0.0,0.0,1.0,-1
"F[0,2](Hct >= 2.660 -> SBP <= 134.370)
",-9999999.000,-9999999.000,0.000,0.000,1.000,0,0,0,19,19,0,0,19,0.0,0.0,0.0,0.0,0.0,1.0,-1
"F[1,2](SaO2 >= 0.006 -> Hgb >= 0.168)
",-9999999.000,-9999999.000,0.000,0.000,1.000,0,0,0,19,19,0,0,19,0.0,0.0,0.0,0.0,0.0,1.0,-1
"F[2,2](((Lactate >= 0.000 -> Creatinine <= 0.233) -> SepsisLabel >= 0.025) & PTT >= 0.003)
",-0.003,-0.003,0.000,0.000,1.000,0,0,0,19,19,0,0,19,0.0,0.0,0.0,0.0,0.0,1.0,-1
"F[0,1]((Bilirubin_direct >= 0.000 | Hgb >= 0.284) | PTT >= 0.187)
",-9999999.000,-9999999.000,0.000,0.000,1.000,0,0,0,19,19,0,0,19,0.0,0.0,0.0,0.0,0.0,1.0,-1
"F[1,2]((BUN <= 7.793 -> MAP <= 78.898) -> BUN >= 56.422)
",-9999999.000,-9999999.000,0.000,0.000,1.000,0,0,0,19,19,0,0,19,0.0,0.0,0.0,0.0,0.0,1.0,-1
"F[0,2](Creatinine >= 0.034 | Potassium >= 0.644)
",-9999999.000,-9999999.000,0.000,0.000,1.000,0,0,0,19,19,0,0,19,0.0,0.0,0.0,0.0,0.0,1.0,-1
"G[0,2](((BaseExcess <= 2.725 -> Hgb <= 1.076) & FiO2 >= 0.401) -> EtCO2 <= 8.132)
",9999999.000,9999999.000,0.000,1.000,0.000,0,0,19,0,0,19,19,0,0.0,0.0,1.0,0.0,0.0,1.0,1
"G[1,2]((Glucose <= 232.534 & pH <= 4.481) -> SBP <= 3.661)
",9999999.000,9999999.000,0.000,1.000,0.000,0,0,9,10,10,9,9,10,0.0,0.0,1.0,0.0,0.0,1.0,1
"G[0,2](HCO3 <= 29.648 -> Resp >= 12.992)
",9999999.000,9999999.000,0.000,1.000,0.000,0,0,17,2,2,17,17,2,0.0,0.0,1.0,0.0,0.0,1.0,1
"G[2,2](SBP >= 94.216 | Temp >= 19.363)
",-5450123188551637.000,-19.363,0.000,1.000,0.000,0,0,19,0,0,19,19,0,0.0,0.0,1.0,0.0,0.0,1.0,1
"G[0,2](((DBP >= 53.617 -> FiO2 <= 0.077) | BUN <= 0.783) | Calcium >= 0.021)
",9999999.000,9999999.000,0.000,1.000,0.000,0,0,18,1,1,18,18,1,0.0,0.0,1.0,0.0,0.0,1.0,1
"G[0,0]((BUN >= 0.203 | Glucose <= 163.276) & Fibrinogen >= 79.126)
",-36.119,-78.598,0.000,1.000,0.000,0,0,0,19,19,0,0,19,0.0,0.0,0.0,0.0,0.0,1.0,1
"G[1,2](((FiO2 <= 0.732 & PaCO2 >= 7.157) & Creatinine >= 5.179) & Resp >= 12.173)
",9999999.000,9999999.000,0.000,1.000,0.000,0,0,1,18,18,1,1,18,0.0,0.0,1.0,0.0,0.0,1.0,1
"G[1,2]((FiO2 >= 0.005 | Temp <= 37.593) & PTT <= 26.689)
",9999999.000,9999999.000,0.000,1.000,0.000,0,0,16,3,3,16,16,3,0.0,0.0,1.0,0.0,0.0,1.0,1
"G[0,2](((FiO2 >= 0.039 -> HR >= 83.998) | MAP <= 91.993) | Magnesium >= 84.361)
",9999999.000,9999999.000,0.000,1.000,0.000,0,0,19,0,0,19,19,0,0.0,0.0,1.0,0.0,0.0,1.0,1
"G[1,2](((PTT <= 21.715 & SBP <= 145.943) -> Hct <= 122.364) | O2Sat >= 105.941)
",9999999.000,9999999.000,0.000,1.000,0.000,0,0,19,0,0,19,19,0,0.0,0.0,1.0,0.0,0.0,1.0,1
"G[1,2]((DBP <= 64.861 -> Potassium >= 0.970) -> DBP >= 0.985)
",9999999.000,9999999.000,0.000,1.000,0.000,0,0,19,0,0,19,19,0,0.0,0.0,1.0,0.0,0.0,1.0,1
"G[1,2](Platelets <= 86.613 -> WBC >= 0.510)
",9999999.000,9999999.000,0.000,1.000,0.000,0,0,2,17,17,2,2,17,0.0,0.0,1.0,0.0,0.0,1.0,1
"G[0,1]((Glucose >= 41.906 -> PaCO2 >= 10.973) & Lactate >= 10.491)
",9999999.000,9999999.000,0.000,1.000,0.000,0,0,0,19,19,0,0,19,0.0,0.0,0.0,0.0,0.0,1.0,1
"G[2,2](((HCO3 <= 6.019 & Temp <= 34.673) | TroponinI <= 24.177) | MAP >= 21.790)
",6805223859042996.000,24.177,0.000,1.000,0.000,0,0,19,0,0,19,19,0,0.0,0.0,1.0,0.0,0.0,1.0,1
"G[1,2](((Glucose >= 87.701 & Hct >= 0.534) & HR <= 17.224) & Creatinine >= 1.080)
",9999999.000,9999999.000,0.000,1.000,0.000,0,0,1,18,18,1,1,18,0.0,0.0,1.0,0.0,0.0,1.0,1
"G[0,2](FiO2 <= 0.694 -> O2Sat <= 99.057)
",9999999.000,9999999.000,0.000,1.000,0.000,0,0,12,7,7,12,12,7,0.0,0.0,1.0,0.0,0.0,1.0,1
"G[0,2](((Resp <= 26.845 | SBP <= 141.954) & SBP >= 95.257) -> Chloride >= 85.769)
",9999999.000,9999999.000,0.000,1.000,0.000,0,0,1,18,18,1,1,18,0.0,0.0,1.0,0.0,0.0,1.0,1
"G[1,2](((Hct <= 16.725 & Magnesium >= 0.026) -> Lactate >= 0.085) | PaCO2 >= 0.101)
",9999999.000,9999999.000,0.000,1.000,0.000,0,0,19,0,0,19,19,0,0.0,0.0,1.0,0.0,0.0,1.0,1
"G[1,2]((DBP >= 43.067 | Magnesium <= 2.421) | pH <= 1.685)
",9999999.000,9999999.000,0.000,1.000,0.000,0,0,19,0,0,19,19,0,0.0,0.0,1.0,0.0,0.0,1.0,1
"G[0,2](((BaseExcess >= 0.224 | MAP >= 65.232) | TroponinI >= 60.823) & Lactate <= 98.028)
",9999999.000,9999999.000,0.000,1.000,0.000,0,0,14,5,5,14,14,5,0.0,0.0,1.0,0.0,0.0,1.0,1
"G[1,2](((Creatinine <= 0.633 & Hct >= 0.385) & HR <= 19.007) & SaO2 >= 2.726)
",9999999.000,9999999.000,0.000,1.000,0.000,0,0,1,18,18,1,1,18,0.0,0.0,1.0,0.0,0.0,1.0,1
"G[0,1](((Chloride >= 5.388 -> WBC >= 0.509) & O2Sat >= 0.559) -> Phosphate >= 0.150)
",9999999.000,9999999.000,0.000,1.000,0.000,0,0,0,19,19,0,0,19,0.0,0.0,0.0,0.0,0.0,1.0,1
"G[0,2](((Magnesium >= 0.101 & Potassium >= 0.253) | FiO2 >= 1.303) & FiO2 >= 0.383)
",9999999.000,9999999.000,0.000,1.000,0.000,0,0,0,19,19,0,0,19,0.0,0.0,0.0,0.0,0.0,1.0,1
"G[1,2](Chloride >= 0.007 | FiO2 >= 0.051)
",9999999.000,9999999.000,0.000,1.000,0.000,0,0,3,16,16,3,3,16,0.0,0.0,1.0,0.0,0.0,1.0,1
"G[0,2](Chloride >= 0.124 & HCO3 >= 1.438)
",9999999.000,9999999.000,0.000,1.000,0.000,0,0,0,19,19,0,0,19,0.0,0.0,0.0,0.0,0.0,1.0,1
"G[0,1](BUN <= 6.331 & Creatinine >= 0.018)
",9999999.000,9999999.000,0.000,1.000,0.000,0,0,0,19,19,0,0,19,0.0,0.0,0.0,0.0,0.0,1.0,1
"G[0,2](BUN <= 14.292 & Creatinine >= 0.005)
",9999999.000,9999999.000,0.000,1.000,0.000,0,0,0,19,19,0,0,19,0.0,0.0,0.0,0.0,0.0,1.0,1
"G[0,2](((Hgb <= 3.248 | Hct <= 19.985) -> WBC >= 0.217) & Platelets >= 0.974)
",9999999.000,9999999.000,0.000,1.000,0.000,0,0,0,19,19,0,0,19,0.0,0.0,0.0,0.0,0.0,1.0,1
"G[0,2]((Glucose <= 231.383 & HCO3 <= 15.375) -> HR >= 0.579)
",9999999.000,9999999.000,0.000,1.000,0.000,0,0,19,0,0,19,19,0,0.0,0.0,1.0,0.0,0.0,1.0,1
"G[0,2]((DBP <= 56.042 -> Platelets >= 1.984) & Bilirubin_total >= 0.852)
",9999999.000,9999999.000,0.000,1.000,0.000,0,0,0,19,19,0,0,19,0.0,0.0,0.0,0.0,0.0,1.0,1
"G[2,2]((PaCO2 >= 6.875 & Temp <= 29.328) | Alkalinephos <= 34.654)
",34.654,34.654,0.000,1.000,0.000,0,0,19,0,0,19,19,0,0.0,0.0,1.0,0.0,0.0,1.0,1
"G[1,2]((DBP <= 69.368 | Hgb <= 6.124) -> Bilirubin_direct <= 8.964)
",9999999.000,9999999.000,0.000,1.000,0.000,0,0,19,0,0,19,19,0,0.0,0.0,1.0,0.0,0.0,1.0,1
"G[0,2]((Hct <= 19.083 | O2Sat <= 99.757) -> Alkalinephos >= 94.831)
",9999999.000,9999999.000,0.000,1.000,0.000,0,0,0,19,19,0,0,19,0.0,0.0,0.0,0.0,0.0,1.0,1
"G[2,2](((HR >= 83.987 & Magnesium >= 0.066) -> Glucose <= 1.137) -> Lactate <= 1.023)
",-4605281996864539.000,-1.023,0.000,1.000,0.000,0,0,19,0,0,19,19,0,0.0,0.0,1.0,0.0,0.0,1.0,1
"G[0,2](Hgb <= 0.544 | Potassium >= 0.401)
",9999999.000,9999999.000,0.000,1.000,0.000,0,0,19,0,0,19,19,0,0.0,0.0,1.0,0.0,0.0,1.0,1
"G[0,2](((pH <= 6.360 -> Platelets <= 131.052) | DBP <= 130.185) & Fibrinogen <= 16.843)
",9999999.000,9999999.000,0.000,1.000,0.000,0,0,19,0,0,19,19,0,0.0,0.0,1.0,0.0,0.0,1.0,1
"G[1,2](((pH >= 0.922 -> WBC >= 0.310) | Resp <= 3.232) & Magnesium <= 0.756)
",9999999.000,9999999.000,0.000,1.000,0.000,0,0,12,7,7,12,12,7,0.0,0.0,1.0,0.0,0.0,1.0,1
"G[0,2]((Hgb >= 0.006 | pH >= 0.003) | Platelets >= 0.052)
",9999999.000,9999999.000,0.000,1.000,0.000,0,0,2,17,17,2,2,17,0.0,0.0,1.0,0.0,0.0,1.0,1
"G[0,2](((Platelets >= 0.228 -> SaO2 <= 28.443) -> O2Sat >= 3.938) -> Resp <= 71.345)
",9999999.000,9999999.000,0.000,1.000,0.000,0,0,19,0,0,19,19,0,0.0,0.0,1.0,0.0,0.0,1.0,1
"G[1,2](BUN >= 0.588 & Potassium >= 0.910)
",9999999.000,9999999.000,0.000,1.000,0.000,0,0,2,17,17,2,2,17,0.0,0.0,1.0,0.0,0.0,1.0,1
"G[1,2](Magnesium >= 0.045 | PaCO2 <= 31.288)
",9999999.000,9999999.000,0.000,1.000,0.000,0,0,14,5,5,14,14,5,0.0,0.0,1.0,0.0,0.0,1.0,1
"G[0,2](((FiO2 >= 0.033 | Resp <= 27.294) | Glucose <= 23.873) -> DBP >= 17.132)
",9999999.000,9999999.000,0.000,1.000,0.000,0,0,19,0,0,19,19,0,0.0,0.0,1.0,0.0,0.0,1.0,1
"G[0,2](((HCO3 <= 19.406 | Magnesium >= 0.030) -> BaseExcess >= 0.006) | BaseExcess >= 0.052)
",9999999.000,9999999.000,0.000,1.000,0.000,0,0,2,17,17,2,2,17,0.0,0.0,1.0,0.0,0.0,1.0,1
"G[1,2](Magnesium >= 0.060 -> Platelets <= 155.505)
",9999999.000,9999999.000,0.000,1.000,0.000,0,0,18,1,1,18,18,1,0.0,0.0,1.0,0.0,0.0,1.0,1
"G[2,2]((Chloride >= 4.248 -> PaCO2 >= 10.081) -> Alkalinephos <= 22.300)
",-6276938665922732.000,-22.300,0.000,1.000,0.000,0,0,19,0,0,19,19,0,0.0,0.0,1.0,0.0,0.0,1.0,1
"G[0,1](((Potassium <= 4.050 | SaO2 <= 58.466) & Bilirubin_total >= 4.799) & Bilirubin_total >= 8.801)
",9999999.000,9999999.000,0.000,1.000,0.000,0,0,0,19,19,0,0,19,0.0,0.0,0.0,0.0,0.0,1.0,1
"G[1,1](((Creatinine <= 0.062 -> pH >= 0.478) & O2Sat <= 4.784) & Resp >= 1.277)
",-5752335681286821.000,-1.277,0.000,1.000,0.000,0,0,1,18,18,1,1,18,0.0,0.0,1.0,0.0,0.0,1.0,1
"G[0,2]((HR <= 96.902 | Temp >= 22.891) -> BaseExcess >= 11.460)
",9999999.000,9999999.000,0.000,1.000,0.000,0,0,0,19,19,0,0,19,0.0,0.0,0.0,0.0,0.0,1.0,1
"G[0,1]((BaseExcess <= 2.955 -> DBP >= 40.442) & BaseExcess >= 48.298)
",9999999.000,9999999.000,0.000,1.000,0.000,0,0,0,19,19,0,0,19,0.0,0.0,0.0,0.0,0.0,1.0,1
"G[0,2]((pH >= 0.139 & PTT >= 0.353) & Phosphate <= 16.868)
",9999999.000,9999999.000,0.000,1.000,0.000,0,0,0,19,19,0,0,19,0.0,0.0,0.0,0.0,0.0,1.0,1
"G[1,2](((Creatinine <= 0.733 & MAP <= 87.720) -> TroponinI <= 81.537) | Platelets >= 63.455)
",9999999.000,9999999.000,0.000,1.000,0.000,0,0,19,0,0,19,19,0,0.0,0.0,1.0,0.0,0.0,1.0,1
"G[0,0](FiO2 >= 0.070 & Magnesium >= 0.102)
",-7341377418801115.000,-0.102,0.000,1.000,0.000,0,0,0,19,19,0,0,19,0.0,0.0,0.0,0.0,0.0,1.0,1
"G[2,2]((DBP >= 40.458 -> SaO2 >= 1.840) | Fibrinogen <= 21.566)
",21.566,21.566,0.000,1.000,0.000,0,0,19,0,0,19,19,0,0.0,0.0,1.0,0.0,0.0,1.0,1
"G[1,2](((FiO2 >= 0.016 & Platelets <= 136.904) -> Phosphate >= 6.668) & pH >= 2.953)
",9999999.000,9999999.000,0.000,1.000,0.000,0,0,7,12,12,7,7,12,0.0,0.0,1.0,0.0,0.0,1.0,1
"G[2,2]((FiO2 >= 0.040 | WBC <= 5.423) & Platelets >= 0.159)
",-0.159,-0.159,0.000,1.000,0.000,0,0,19,0,0,19,19,0,0.0,0.0,1.0,0.0,0.0,1.0,1
"F[1,2](Potassium >= 1.062 & SBP <= 146.858)
",-9999999.000,-9999999.000,0.000,0.000,1.000,0,0,0,19,19,0,0,19,0.0,0.0,0.0,0.0,0.0,1.0,-1
