Rule,Discrimination Score,Pos Robustness,Neg Robustness,Percent Class +,Percent Class -,TP,TN,FP,FN,Actual Yes,Actual No,Predicted Yes,Predicted No,TPR/Sens,TNR/Spec,FPR,Precision,Accuracy,MCR
"G[0,0](Chloride <= 76.906 | Resp <= 23.508)
",28.102,75.951,0.000,1.000,0.000,10,0,0,0,10,0,10,0,1.0,0.0,0.0,1.0,1.0526315789473684,-0.05263157894736836
"G[0,0](Fibrinogen > 0.000 -> SepsisLabel = 0.000)
",-0.354,-2.178,0.000,1.000,0.000,10,0,0,0,10,0,10,0,1.0,0.0,0.0,1.0,1.0526315789473684,-0.05263157894736836
"G[0,0]((Resp <= 20.505 -> FiO2 <= 0.000) | Bilirubin_direct >= 0.000)
",0.354,2.499,0.000,1.000,0.000,10,0,0,0,10,0,10,0,1.0,0.0,0.0,1.0,1.0526315789473684,-0.05263157894736836
"G[0,0](SepsisLabel <= 0.000 -> PTT <= 0.000)
",0.354,1.144,0.000,1.000,0.000,10,0,0,0,10,0,10,0,1.0,0.0,0.0,1.0,1.0526315789473684,-0.05263157894736836
"G[0,0]((EtCO2 <= 0.000 -> PaCO2 >= 0.000) & MAP >= 0.000)
",0.000,0.000,0.000,1.000,0.000,10,0,0,0,10,0,10,0,1.0,0.0,0.0,1.0,1.0526315789473684,-0.05263157894736836
"G[0,0](SepsisLabel >= 0.000 & SepsisLabel = 0.000)
",-0.354,-30.667,0.000,1.000,0.000,10,0,0,0,10,0,10,0,1.0,0.0,0.0,1.0,1.0526315789473684,-0.05263157894736836
"G[0,0](((Alkalinephos <= 0.000 -> Bilirubin_total >= 0.000) & Glucose >= 0.000) -> pH <= 0.000)
",0.000,0.000,0.000,1.000,0.000,10,0,0,0,10,0,10,0,1.0,0.0,0.0,1.0,1.0526315789473684,-0.05263157894736836
"G[0,0](((HR >= 22.820 -> O2Sat <= 90.375) | Magnesium <= 94.971) | PTT >= 77.955)
",94.971,94.971,0.000,1.000,0.000,10,0,0,0,10,0,10,0,1.0,0.0,0.0,1.0,1.0526315789473684,-0.05263157894736836
"G[0,1](SBP <= 122.097 -> Resp <= 21.721)
",9999999.000,9999999.000,0.000,1.000,0.000,9,0,1,0,9,1,10,0,1.0,0.0,1.0,0.9,0.9473684210526315,0.052631578947368474
"G[1,1](Glucose <= 148.284 & Hct <= 20.986)
",20.986,20.986,0.000,1.000,0.000,9,0,1,0,9,1,10,0,1.0,0.0,1.0,0.9,0.9473684210526315,0.052631578947368474
"G[0,1](Bilirubin_direct >= 0.000 | Bilirubin_total >= 0.000)
",9999999.000,9999999.000,0.000,1.000,0.000,9,0,1,0,9,1,10,0,1.0,0.0,1.0,0.9,0.9473684210526315,0.052631578947368474
"G[0,1]((Lactate >= 0.000 | FiO2 >= 0.000) | O2Sat >= 0.000)
",9999999.000,9999999.000,0.000,1.000,0.000,9,0,1,0,9,1,10,0,1.0,0.0,1.0,0.9,0.9473684210526315,0.052631578947368474
"G[1,1]((Potassium <= 3.078 & SepsisLabel <= 0.000) & Lactate <= 0.000)
",0.000,0.000,0.000,1.000,0.000,9,0,1,0,9,1,10,0,1.0,0.0,1.0,0.9,0.9473684210526315,0.052631578947368474
"G[0,1](((HCO3 >= 0.488 & DBP <= 34.780) | Creatinine <= 49.976) & Fibrinogen <= 52.474)
",9999999.000,9999999.000,0.000,1.000,0.000,9,0,1,0,9,1,10,0,1.0,0.0,1.0,0.9,0.9473684210526315,0.052631578947368474
"G[1,1](Lactate <= 0.000 | Phosphate >= 0.013)
",0.000,0.000,0.000,1.000,0.000,9,0,1,0,9,1,10,0,1.0,0.0,1.0,0.9,0.9473684210526315,0.052631578947368474
"G[0,0](HR >= 45.160 & SepsisLabel = 0.000)
",-0.354,-30.667,0.000,1.000,0.000,9,0,0,1,10,0,9,1,0.9,0.0,0.0,1.0,0.9473684210526315,0.052631578947368474
"G[0,1](((Calcium <= 0.707 & Alkalinephos >= 0.000) | HR >= 0.000) & Chloride >= 0.000)
",9999999.000,9999999.000,0.000,1.000,0.000,9,0,1,0,9,1,10,0,1.0,0.0,1.0,0.9,0.9473684210526315,0.052631578947368474
"G[1,1](WBC <= 18.469 & SepsisLabel = 0.000)
",0.000,0.000,0.000,1.000,0.000,9,0,1,0,9,1,10,0,1.0,0.0,1.0,0.9,0.9473684210526315,0.052631578947368474
"G[0,1](Lactate >= 0.000 -> Alkalinephos >= 0.000)
",9999999.000,9999999.000,0.000,1.000,0.000,9,0,1,0,9,1,10,0,1.0,0.0,1.0,0.9,0.9473684210526315,0.052631578947368474
"G[0,1]((Alkalinephos <= 0.000 | AST >= 0.000) | SaO2 <= 0.000)
",9999999.000,9999999.000,0.000,1.000,0.000,9,0,1,0,9,1,10,0,1.0,0.0,1.0,0.9,0.9473684210526315,0.052631578947368474
"G[0,1](WBC >= 0.924 | Chloride <= 77.704)
",9999999.000,9999999.000,0.000,1.000,0.000,9,0,1,0,9,1,10,0,1.0,0.0,1.0,0.9,0.9473684210526315,0.052631578947368474
"G[0,0]((Fibrinogen <= 0.000 | DBP <= 37.924) & Chloride <= 35.782)
",-0.354,-2.008,0.000,1.000,0.000,9,0,0,1,10,0,9,1,0.9,0.0,0.0,1.0,0.9473684210526315,0.052631578947368474
"G[1,1](Resp <= 23.205 -> Temp <= 27.752)
",-27.752,-27.752,0.000,1.000,0.000,9,0,1,0,9,1,10,0,1.0,0.0,1.0,0.9,0.9473684210526315,0.052631578947368474
"G[1,1](((FiO2 <= 0.000 | HCO3 >= 0.102) -> WBC <= 7.674) | Bilirubin_total <= 8.825)
",8.825,8.825,0.000,1.000,0.000,9,0,1,0,9,1,10,0,1.0,0.0,1.0,0.9,0.9473684210526315,0.052631578947368474
"G[0,1]((Calcium <= 1.213 & WBC <= 15.670) -> Calcium <= 16.350)
",9999999.000,9999999.000,0.000,1.000,0.000,9,0,1,0,9,1,10,0,1.0,0.0,1.0,0.9,0.9473684210526315,0.052631578947368474
"G[0,1]((AST <= 0.000 & pH >= 0.000) | Bilirubin_total >= 0.000)
",9999999.000,9999999.000,0.000,1.000,0.000,9,0,1,0,9,1,10,0,1.0,0.0,1.0,0.9,0.9473684210526315,0.052631578947368474
"G[0,1]((pH >= 0.000 & AST <= 0.000) -> SaO2 >= 0.000)
",9999999.000,9999999.000,0.000,1.000,0.000,9,0,1,0,9,1,10,0,1.0,0.0,1.0,0.9,0.9473684210526315,0.052631578947368474
"G[0,1](AST > 0.000 -> SepsisLabel = 0.000)
",9999999.000,9999999.000,0.000,1.000,0.000,9,0,1,0,9,1,10,0,1.0,0.0,1.0,0.9,0.9473684210526315,0.052631578947368474
"G[0,1](((HR <= 111.748 & SBP <= 139.898) | AST >= 34.430) -> Hct <= 153.246)
",9999999.000,9999999.000,0.000,1.000,0.000,9,0,1,0,9,1,10,0,1.0,0.0,1.0,0.9,0.9473684210526315,0.052631578947368474
"G[1,1](AST <= 0.000 | MAP >= 22.799)
",0.000,0.000,0.000,1.000,0.000,9,0,1,0,9,1,10,0,1.0,0.0,1.0,0.9,0.9473684210526315,0.052631578947368474
"G[1,1](Bilirubin_total <= 0.000 -> pH >= 0.000)
",0.000,0.000,0.000,1.000,0.000,9,0,1,0,9,1,10,0,1.0,0.0,1.0,0.9,0.9473684210526315,0.052631578947368474
"G[1,1](((DBP >= 18.884 & Glucose >= 10.907) & FiO2 >= 14.466) -> MAP >= 2.675)
",2.675,2.675,0.000,1.000,0.000,9,0,1,0,9,1,10,0,1.0,0.0,1.0,0.9,0.9473684210526315,0.052631578947368474
"G[0,1]((MAP <= 87.841 | BaseExcess <= 0.000) | Glucose >= 0.000)
",9999999.000,9999999.000,0.000,1.000,0.000,9,0,1,0,9,1,10,0,1.0,0.0,1.0,0.9,0.9473684210526315,0.052631578947368474
"G[1,1](((Alkalinephos >= 0.000 -> AST <= 0.000) | MAP >= 0.000) | SBP >= 0.000)
",0.000,0.000,0.000,1.000,0.000,9,0,1,0,9,1,10,0,1.0,0.0,1.0,0.9,0.9473684210526315,0.052631578947368474
"G[0,0](Bilirubin_total <= 0.000 -> Resp >= 7.870)
",-1.396,-25.642,0.000,1.000,0.000,9,0,0,1,10,0,9,1,0.9,0.0,0.0,1.0,0.9473684210526315,0.052631578947368474
"G[1,1](((PTT >= 0.000 & Platelets >= 4.925) -> PaCO2 >= 4.492) & pH <= 79.060)
",4.492,4.492,0.000,1.000,0.000,9,0,1,0,9,1,10,0,1.0,0.0,1.0,0.9,0.9473684210526315,0.052631578947368474
"G[1,1]((PaCO2 >= 0.000 | DBP >= 19.297) -> Fibrinogen <= 35.418)
",-35.418,-35.418,0.000,1.000,0.000,9,0,1,0,9,1,10,0,1.0,0.0,1.0,0.9,0.9473684210526315,0.052631578947368474
"G[0,1](pH >= 0.000 | HR <= 95.861)
",9999999.000,9999999.000,0.000,1.000,0.000,9,0,1,0,9,1,10,0,1.0,0.0,1.0,0.9,0.9473684210526315,0.052631578947368474
"G[1,1]((Magnesium <= 1.731 -> Lactate <= 0.000) | SaO2 >= 0.000)
",0.000,0.000,0.000,1.000,0.000,9,0,1,0,9,1,10,0,1.0,0.0,1.0,0.9,0.9473684210526315,0.052631578947368474
"G[1,1]((Magnesium <= 0.139 -> Calcium >= 0.266) | Platelets <= 6.432)
",6.432,6.432,0.000,1.000,0.000,9,0,1,0,9,1,10,0,1.0,0.0,1.0,0.9,0.9473684210526315,0.052631578947368474
"G[0,1]((SepsisLabel >= 0.000 | SepsisLabel <= 0.000) -> Alkalinephos >= 0.000)
",9999999.000,9999999.000,0.000,1.000,0.000,9,0,1,0,9,1,10,0,1.0,0.0,1.0,0.9,0.9473684210526315,0.052631578947368474
"G[0,0]((Fibrinogen <= 0.000 & PaCO2 >= 0.000) -> Hgb <= 0.000)
",0.354,2.178,0.000,1.000,0.000,9,0,0,1,10,0,9,1,0.9,0.0,0.0,1.0,0.9473684210526315,0.052631578947368474
"G[1,1](TroponinI <= 0.000 -> pH >= 0.000)
",0.000,0.000,0.000,1.000,0.000,9,0,1,0,9,1,10,0,1.0,0.0,1.0,0.9,0.9473684210526315,0.052631578947368474
"G[0,1]((Creatinine <= 0.334 | pH >= 0.000) & SBP >= 0.000)
",9999999.000,9999999.000,0.000,1.000,0.000,9,0,1,0,9,1,10,0,1.0,0.0,1.0,0.9,0.9473684210526315,0.052631578947368474
"G[0,1]((HCO3 >= 0.456 -> Chloride <= 39.141) -> PaCO2 <= 14.539)
",9999999.000,9999999.000,0.000,1.000,0.000,9,0,1,0,9,1,10,0,1.0,0.0,1.0,0.9,0.9473684210526315,0.052631578947368474
"G[0,1]((Platelets >= 13.021 -> Resp <= 18.924) & EtCO2 <= 21.965)
",9999999.000,9999999.000,0.000,1.000,0.000,9,0,1,0,9,1,10,0,1.0,0.0,1.0,0.9,0.9473684210526315,0.052631578947368474
"G[1,1](Hgb <= 3.654 | Potassium >= 0.140)
",8228204922472199.000,3.654,0.000,1.000,0.000,9,0,1,0,9,1,10,0,1.0,0.0,1.0,0.9,0.9473684210526315,0.052631578947368474
"G[0,1](HR >= 36.328 | Phosphate <= 3.351)
",9999999.000,9999999.000,0.000,1.000,0.000,9,0,1,0,9,1,10,0,1.0,0.0,1.0,0.9,0.9473684210526315,0.052631578947368474
"G[0,1]((pH <= 0.000 | Bilirubin_total <= 0.000) | FiO2 <= 0.000)
",9999999.000,9999999.000,0.000,1.000,0.000,9,0,1,0,9,1,10,0,1.0,0.0,1.0,0.9,0.9473684210526315,0.052631578947368474
"G[1,1](HR <= 111.109 & Creatinine <= 0.766)
",0.766,0.766,0.000,1.000,0.000,8,0,1,1,9,1,9,1,0.8888888888888888,0.0,1.0,0.8888888888888888,0.8421052631578947,0.1578947368421053
"G[0,1]((Potassium >= 0.188 & Resp >= 1.332) -> pH >= 7.111)
",9999999.000,9999999.000,0.000,1.000,0.000,8,0,1,1,9,1,9,1,0.8888888888888888,0.0,1.0,0.8888888888888888,0.8421052631578947,0.1578947368421053
"G[1,1](Resp >= 0.681 & WBC <= 10.110)
",-0.681,-0.681,0.000,1.000,0.000,8,0,1,1,9,1,9,1,0.8888888888888888,0.0,1.0,0.8888888888888888,0.8421052631578947,0.1578947368421053
"G[0,1]((SepsisLabel >= 0.000 -> Platelets >= 8.504) -> MAP <= 18.397)
",9999999.000,9999999.000,0.000,1.000,0.000,8,0,1,1,9,1,9,1,0.8888888888888888,0.0,1.0,0.8888888888888888,0.8421052631578947,0.1578947368421053
"G[1,1](WBC >= 0.625 | O2Sat >= 22.458)
",-0.625,-0.625,0.000,1.000,0.000,8,0,1,1,9,1,9,1,0.8888888888888888,0.0,1.0,0.8888888888888888,0.8421052631578947,0.1578947368421053
"G[0,1]((Resp <= 23.926 -> Calcium <= 1.711) & BaseExcess <= 7.703)
",9999999.000,9999999.000,0.000,1.000,0.000,8,0,1,1,9,1,9,1,0.8888888888888888,0.0,1.0,0.8888888888888888,0.8421052631578947,0.1578947368421053
"G[0,1](((SepsisLabel <= 0.000 -> Phosphate >= 0.173) -> BUN <= 1.897) & SaO2 <= 2.478)
",9999999.000,9999999.000,0.000,1.000,0.000,8,0,1,1,9,1,9,1,0.8888888888888888,0.0,1.0,0.8888888888888888,0.8421052631578947,0.1578947368421053
"G[0,1]((Glucose >= 4.075 -> HCO3 <= 3.194) | SepsisLabel >= 1.426)
",9999999.000,9999999.000,0.000,1.000,0.000,8,0,1,1,9,1,9,1,0.8888888888888888,0.0,1.0,0.8888888888888888,0.8421052631578947,0.1578947368421053
"G[1,1](((Lactate <= 0.000 | Creatinine >= 0.052) -> SBP >= 0.031) | BUN >= 0.038)
",0.000,0.000,0.000,1.000,0.000,8,0,1,1,9,1,9,1,0.8888888888888888,0.0,1.0,0.8888888888888888,0.8421052631578947,0.1578947368421053
"G[0,1](((Alkalinephos >= 0.000 -> pH >= 0.000) | AST <= 0.000) & Calcium <= 0.000)
",9999999.000,9999999.000,0.000,1.000,0.000,8,0,1,1,9,1,9,1,0.8888888888888888,0.0,1.0,0.8888888888888888,0.8421052631578947,0.1578947368421053
"G[1,1]((Calcium <= 4.134 & HR <= 111.549) & DBP <= 96.374)
",4.134,4.134,0.000,1.000,0.000,8,0,1,1,9,1,9,1,0.8888888888888888,0.0,1.0,0.8888888888888888,0.8421052631578947,0.1578947368421053
"G[1,1](((MAP >= 48.706 & PTT <= 0.000) & Creatinine >= 0.000) & Potassium >= 0.000)
",-48.706,-48.706,0.000,1.000,0.000,8,0,1,1,9,1,9,1,0.8888888888888888,0.0,1.0,0.8888888888888888,0.8421052631578947,0.1578947368421053
"G[0,1]((Platelets >= 8.069 -> HR <= 91.897) & HCO3 <= 105.672)
",9999999.000,9999999.000,0.000,1.000,0.000,8,0,1,1,9,1,9,1,0.8888888888888888,0.0,1.0,0.8888888888888888,0.8421052631578947,0.1578947368421053
"G[0,0](Glucose <= 70.285 -> MAP <= 85.833)
",-70.285,-70.285,0.000,1.000,0.000,8,0,0,2,10,0,8,2,0.8,0.0,0.0,1.0,0.8421052631578947,0.1578947368421053
"G[1,1](((Phosphate >= 0.018 -> Temp >= 9.581) | SaO2 >= 1.941) -> SBP >= 4.153)
",-0.018,-0.018,0.000,1.000,0.000,8,0,1,1,9,1,9,1,0.8888888888888888,0.0,1.0,0.8888888888888888,0.8421052631578947,0.1578947368421053
"G[0,1]((Chloride >= 1.395 -> Resp <= 15.462) -> Resp >= 3.572)
",9999999.000,9999999.000,0.000,1.000,0.000,7,0,1,2,9,1,8,2,0.7777777777777778,0.0,1.0,0.875,0.7368421052631579,0.26315789473684215
"G[0,1]((Hct >= 1.483 & Temp <= 34.372) | SBP >= 6.565)
",9999999.000,9999999.000,0.000,1.000,0.000,7,0,1,2,9,1,8,2,0.7777777777777778,0.0,1.0,0.875,0.7368421052631579,0.26315789473684215
"G[0,1](((Calcium >= 0.331 | Resp <= 24.806) & BaseExcess <= 18.273) & HCO3 <= 21.383)
",9999999.000,9999999.000,0.000,1.000,0.000,7,0,1,2,9,1,8,2,0.7777777777777778,0.0,1.0,0.875,0.7368421052631579,0.26315789473684215
"G[0,0](((PaCO2 <= 0.000 & DBP <= 52.460) | Magnesium <= 39.096) & Temp >= 14.518)
",39.096,39.096,0.000,1.000,0.000,6,0,0,4,10,0,6,4,0.6,0.0,0.0,1.0,0.631578947368421,0.368421052631579
"G[0,1]((Resp <= 24.399 & SBP >= 36.766) & Glucose <= 156.712)
",9999999.000,9999999.000,0.000,1.000,0.000,6,0,1,3,9,1,7,3,0.6666666666666666,0.0,1.0,0.8571428571428571,0.631578947368421,0.368421052631579
"G[0,1]((DBP <= 28.253 & O2Sat <= 94.866) -> Calcium >= 41.316)
",9999999.000,9999999.000,0.000,1.000,0.000,5,0,1,4,9,1,6,4,0.5555555555555556,0.0,1.0,0.8333333333333334,0.5263157894736842,0.4736842105263158
"G[0,0](DBP >= 0.744 -> Potassium >= 0.143)
",-5.298,-70.553,0.000,1.000,0.000,5,0,0,5,10,0,5,5,0.5,0.0,0.0,1.0,0.5263157894736842,0.4736842105263158
"G[0,1](Fibrinogen <= 0.000 -> O2Sat <= 95.254)
",9999999.000,9999999.000,0.000,1.000,0.000,5,0,0,5,10,0,5,5,0.5,0.0,0.0,1.0,0.5263157894736842,0.4736842105263158
"G[0,1](DBP <= 49.364 & SepsisLabel = 0.000)
",9999999.000,9999999.000,0.000,1.000,0.000,5,0,1,4,9,1,6,4,0.5555555555555556,0.0,1.0,0.8333333333333334,0.5263157894736842,0.4736842105263158
"G[0,0]((DBP <= 29.786 & HR <= 114.789) & Hgb <= 97.086)
",-14879.211,-14879.211,0.000,1.000,0.000,4,0,0,6,10,0,4,6,0.4,0.0,0.0,1.0,0.42105263157894735,0.5789473684210527
"G[0,1](DBP >= 13.901 & pH <= 0.000)
",9999999.000,9999999.000,0.000,1.000,0.000,4,0,0,6,10,0,4,6,0.4,0.0,0.0,1.0,0.42105263157894735,0.5789473684210527
"G[0,0]((Temp <= 29.682 & Platelets <= 14.999) & Glucose <= 111.229)
",-40.237,-65.096,0.000,1.000,0.000,4,0,0,6,10,0,4,6,0.4,0.0,0.0,1.0,0.42105263157894735,0.5789473684210527
"G[0,0]((Glucose >= 3.553 & Fibrinogen <= 0.000) & Fibrinogen >= 0.000)
",-1.058,-5.336,0.000,1.000,0.000,3,0,0,7,10,0,3,7,0.3,0.0,0.0,1.0,0.3157894736842105,0.6842105263157895
"G[1,1]((DBP <= 27.344 | WBC >= 0.700) & Resp >= 0.896)
",-0.896,-0.896,0.000,1.000,0.000,3,0,1,6,9,1,4,6,0.3333333333333333,0.0,1.0,0.75,0.3157894736842105,0.6842105263157895
"G[0,0]((EtCO2 >= 0.000 -> O2Sat <= 92.004) & Alkalinephos <= 95.781)
",-4.486,-15.889,0.000,1.000,0.000,2,0,0,8,10,0,2,8,0.2,0.0,0.0,1.0,0.21052631578947367,0.7894736842105263
"G[0,0](TroponinI >= 0.000 -> BUN >= 0.003)
",0.000,0.000,0.000,1.000,0.000,1,0,0,9,10,0,1,9,0.1,0.0,0.0,1.0,0.10526315789473684,0.8947368421052632
"G[0,0](((HR <= 100.730 | MAP >= 47.604) -> Hct <= 92.775) & Platelets >= 43.071)
",-52.875,-93.400,0.000,1.000,0.000,1,0,0,9,10,0,1,9,0.1,0.0,0.0,1.0,0.10526315789473684,0.8947368421052632
"G[0,0](((Hgb <= 2.726 | Hct <= 26.755) -> WBC >= 0.590) & Platelets >= 10.837)
",-26.755,-26.755,0.000,1.000,0.000,1,0,0,9,10,0,1,9,0.1,0.0,0.0,1.0,0.10526315789473684,0.8947368421052632
"G[0,0](Chloride >= 3.679 & HCO3 >= 1.123)
",-4.225,-3.395,0.000,1.000,0.000,1,0,0,9,10,0,1,9,0.1,0.0,0.0,1.0,0.10526315789473684,0.8947368421052632
"G[0,0](((Bilirubin_direct >= 0.000 -> Potassium <= 1.440) -> Magnesium >= 0.028) | pH >= 0.159)
",0.028,0.028,0.000,1.000,0.000,1,0,0,9,10,0,1,9,0.1,0.0,0.0,1.0,0.10526315789473684,0.8947368421052632
"G[0,0](((Calcium >= 0.259 -> Resp >= 11.387) & BaseExcess <= 21.242) -> MAP <= 15.142)
",1.377,23.212,0.000,1.000,0.000,1,0,0,9,10,0,1,9,0.1,0.0,0.0,1.0,0.10526315789473684,0.8947368421052632
"G[0,0]((Phosphate >= 0.135 & SBP >= 82.915) & SBP >= 68.937)
",-3.348,-62.162,0.000,1.000,0.000,1,0,0,9,10,0,1,9,0.1,0.0,0.0,1.0,0.10526315789473684,0.8947368421052632
"G[2,2](((EtCO2 >= 0.000 -> WBC >= 0.845) -> Potassium <= 5.060) -> SepsisLabel <= 1.862)
",-8386575357139271.000,-1.862,0.000,1.000,0.000,0,0,10,0,0,10,10,0,0.0,0.0,1.0,0.0,0.0,1.0
"G[1,2](((Bilirubin_total >= 0.000 | Fibrinogen >= 0.000) & pH <= 0.000) | EtCO2 <= 0.000)
",9999999.000,9999999.000,0.000,1.000,0.000,0,0,10,0,0,10,10,0,0.0,0.0,1.0,0.0,0.0,1.0
"G[2,2](((Fibrinogen <= 0.000 -> BaseExcess <= 0.000) -> PTT <= 0.000) & Creatinine <= 0.000)
",0.000,0.000,0.000,1.000,0.000,0,0,10,0,0,10,10,0,0.0,0.0,1.0,0.0,0.0,1.0
"G[1,2](((EtCO2 <= 0.000 & SaO2 <= 0.000) | pH >= 0.000) & Bilirubin_total <= 0.000)
",9999999.000,9999999.000,0.000,1.000,0.000,0,0,10,0,0,10,10,0,0.0,0.0,1.0,0.0,0.0,1.0
"G[1,1]((O2Sat >= 19.428 | BUN >= 0.291) & PaCO2 >= 0.722)
",-0.722,-0.722,0.000,1.000,0.000,0,0,1,9,9,1,1,9,0.0,0.0,1.0,0.0,0.0,1.0
"G[1,2](((TroponinI <= 0.000 | Temp <= 15.613) -> FiO2 >= 7.827) | Platelets <= 36.149)
",9999999.000,9999999.000,0.000,1.000,0.000,0,0,10,0,0,10,10,0,0.0,0.0,1.0,0.0,0.0,1.0
"G[2,2]((HCO3 >= 0.640 -> Phosphate <= 0.951) & MAP <= 0.217)
",-0.951,-0.951,0.000,1.000,0.000,0,0,10,0,0,10,10,0,0.0,0.0,1.0,0.0,0.0,1.0
"G[0,2](((Phosphate >= 0.124 & PTT >= 0.000) & WBC <= 0.000) | pH >= 0.000)
",9999999.000,9999999.000,0.000,1.000,0.000,0,0,10,0,0,10,10,0,0.0,0.0,1.0,0.0,0.0,1.0
"G[1,2]((PTT <= 0.000 & Platelets <= 48.980) -> Bilirubin_direct >= 0.673)
",9999999.000,9999999.000,0.000,1.000,0.000,0,0,1,9,9,1,1,9,0.0,0.0,1.0,0.0,0.0,1.0
"G[0,2]((Hgb >= 0.086 -> Calcium <= 4.246) -> MAP <= 6.018)
",9999999.000,9999999.000,0.000,1.000,0.000,0,0,0,10,10,0,0,10,0.0,0.0,0.0,0.0,0.0,1.0
"G[2,2]((Platelets <= 89.237 -> Resp >= 8.386) -> EtCO2 >= 0.635)
",0.635,0.635,0.000,1.000,0.000,0,0,10,0,0,10,10,0,0.0,0.0,1.0,0.0,0.0,1.0
"G[2,2](Creatinine <= 0.827 -> Fibrinogen >= 0.000)
",-0.827,-0.827,0.000,1.000,0.000,0,0,10,0,0,10,10,0,0.0,0.0,1.0,0.0,0.0,1.0
"G[2,2](WBC >= 0.032 | Phosphate <= 0.537)
",0.537,0.537,0.000,1.000,0.000,0,0,10,0,0,10,10,0,0.0,0.0,1.0,0.0,0.0,1.0
"G[0,2](Bilirubin_total <= 0.000 -> pH >= 0.000)
",9999999.000,9999999.000,0.000,1.000,0.000,0,0,10,0,0,10,10,0,0.0,0.0,1.0,0.0,0.0,1.0
"G[2,2](Glucose <= 16.584 -> FiO2 <= 0.000)
",-16.584,-16.584,0.000,1.000,0.000,0,0,10,0,0,10,10,0,0.0,0.0,1.0,0.0,0.0,1.0
"G[1,2]((Calcium <= 4.036 | O2Sat >= 39.367) | BUN >= 22.795)
",9999999.000,9999999.000,0.000,1.000,0.000,0,0,10,0,0,10,10,0,0.0,0.0,1.0,0.0,0.0,1.0
"G[1,2](FiO2 <= 0.000 | Hct >= 1.525)
",9999999.000,9999999.000,0.000,1.000,0.000,0,0,10,0,0,10,10,0,0.0,0.0,1.0,0.0,0.0,1.0
"G[1,2](((Potassium >= 0.222 -> Glucose <= 21.499) & Hgb >= 12.673) | Hgb <= 46.720)
",9999999.000,9999999.000,0.000,1.000,0.000,0,0,10,0,0,10,10,0,0.0,0.0,1.0,0.0,0.0,1.0
"G[0,2](((DBP >= 3.322 -> DBP <= 38.654) & WBC >= 11.454) -> Calcium <= 32.225)
",9999999.000,9999999.000,0.000,1.000,0.000,0,0,10,0,0,10,10,0,0.0,0.0,1.0,0.0,0.0,1.0
"G[1,2]((AST >= 0.000 | Chloride >= 5.490) | EtCO2 >= 4.162)
",9999999.000,9999999.000,0.000,1.000,0.000,0,0,10,0,0,10,10,0,0.0,0.0,1.0,0.0,0.0,1.0
"G[1,2](((O2Sat <= 86.966 | Calcium <= 7.412) & Temp <= 4.625) -> EtCO2 <= 6.163)
",9999999.000,9999999.000,0.000,1.000,0.000,0,0,10,0,0,10,10,0,0.0,0.0,1.0,0.0,0.0,1.0
"G[1,2](Chloride >= 3.256 & HCO3 >= 0.447)
",9999999.000,9999999.000,0.000,1.000,0.000,0,0,1,9,9,1,1,9,0.0,0.0,1.0,0.0,0.0,1.0
"G[0,2](((Glucose >= 7.836 | Fibrinogen >= 0.000) & Bilirubin_direct <= 0.000) & Bilirubin_direct <= 0.000)
",9999999.000,9999999.000,0.000,1.000,0.000,0,0,10,0,0,10,10,0,0.0,0.0,1.0,0.0,0.0,1.0
"G[2,2]((Hgb >= 0.377 & Resp >= 10.396) -> MAP <= 16.268)
",-16.268,-16.268,0.000,1.000,0.000,0,0,10,0,0,10,10,0,0.0,0.0,1.0,0.0,0.0,1.0
"G[0,2](Fibrinogen >= 0.000 -> SaO2 <= 0.000)
",9999999.000,9999999.000,0.000,1.000,0.000,0,0,10,0,0,10,10,0,0.0,0.0,1.0,0.0,0.0,1.0
"G[1,2](PaCO2 <= 0.000 | DBP <= 51.325)
",9999999.000,9999999.000,0.000,1.000,0.000,0,0,10,0,0,10,10,0,0.0,0.0,1.0,0.0,0.0,1.0
"G[0,2]((TroponinI <= 0.000 | O2Sat >= 16.959) | HCO3 >= 79.751)
",9999999.000,9999999.000,0.000,1.000,0.000,0,0,10,0,0,10,10,0,0.0,0.0,1.0,0.0,0.0,1.0
"G[1,2](Hgb >= 0.503 -> Hgb >= 0.425)
",9999999.000,9999999.000,0.000,1.000,0.000,0,0,10,0,0,10,10,0,0.0,0.0,1.0,0.0,0.0,1.0
"G[0,2]((TroponinI <= 0.000 & O2Sat <= 88.803) & SaO2 >= 66.305)
",9999999.000,9999999.000,0.000,1.000,0.000,0,0,0,10,10,0,0,10,0.0,0.0,0.0,0.0,0.0,1.0
"G[0,2](TroponinI >= 0.000 & SepsisLabel >= 0.000)
",9999999.000,9999999.000,0.000,1.000,0.000,0,0,10,0,0,10,10,0,0.0,0.0,1.0,0.0,0.0,1.0
"G[1,2](Resp <= 19.209 -> BaseExcess >= 0.000)
",9999999.000,9999999.000,0.000,1.000,0.000,0,0,10,0,0,10,10,0,0.0,0.0,1.0,0.0,0.0,1.0
"G[2,2](SaO2 <= 0.000 -> BaseExcess >= 0.000)
",0.000,0.000,0.000,1.000,0.000,0,0,10,0,0,10,10,0,0.0,0.0,1.0,0.0,0.0,1.0
"G[1,2](Alkalinephos >= 0.000 & Creatinine >= 0.041)
",9999999.000,9999999.000,0.000,1.000,0.000,0,0,1,9,9,1,1,9,0.0,0.0,1.0,0.0,0.0,1.0
"G[1,2](HCO3 <= 20.263 | DBP <= 34.152)
",9999999.000,9999999.000,0.000,1.000,0.000,0,0,10,0,0,10,10,0,0.0,0.0,1.0,0.0,0.0,1.0
"G[1,1]((HCO3 >= 0.362 & BUN >= 0.593) & Platelets >= 0.589)
",-0.593,-0.593,0.000,1.000,0.000,0,0,1,9,9,1,1,9,0.0,0.0,1.0,0.0,0.0,1.0
"G[1,2](((PTT <= 0.000 -> Phosphate >= 0.022) -> FiO2 >= 0.171) & PaCO2 >= 0.076)
",9999999.000,9999999.000,0.000,1.000,0.000,0,0,1,9,9,1,1,9,0.0,0.0,1.0,0.0,0.0,1.0
"G[0,2](PaCO2 <= 0.000 | Potassium >= 0.203)
",9999999.000,9999999.000,0.000,1.000,0.000,0,0,10,0,0,10,10,0,0.0,0.0,1.0,0.0,0.0,1.0
"G[0,2](((PTT >= 0.000 -> Phosphate >= 0.139) | SBP >= 0.174) & Calcium >= 0.066)
",9999999.000,9999999.000,0.000,1.000,0.000,0,0,0,10,10,0,0,10,0.0,0.0,0.0,0.0,0.0,1.0
"G[1,2](MAP <= 85.187 -> SepsisLabel >= 0.000)
",9999999.000,9999999.000,0.000,1.000,0.000,0,0,10,0,0,10,10,0,0.0,0.0,1.0,0.0,0.0,1.0
"G[0,2]((Platelets <= 57.143 | BaseExcess >= 0.000) | Resp >= 0.000)
",9999999.000,9999999.000,0.000,1.000,0.000,0,0,10,0,0,10,10,0,0.0,0.0,1.0,0.0,0.0,1.0
"G[1,1]((Platelets <= 249.915 & WBC >= 0.147) & Alkalinephos <= 17.791)
",-0.147,-0.147,0.000,1.000,0.000,0,0,1,9,9,1,1,9,0.0,0.0,1.0,0.0,0.0,1.0
"G[1,1]((WBC >= 0.448 & WBC <= 17.841) & Bilirubin_total >= 0.004)
",-0.448,-0.448,0.000,1.000,0.000,0,0,1,9,9,1,1,9,0.0,0.0,1.0,0.0,0.0,1.0
"G[1,2]((DBP <= 33.545 & Glucose <= 67.095) -> Hct >= 1.798)
",9999999.000,9999999.000,0.000,1.000,0.000,0,0,6,4,4,6,6,4,0.0,0.0,1.0,0.0,0.0,1.0
"G[0,2](((Platelets >= 3.688 & BUN >= 0.690) -> EtCO2 >= 0.238) & DBP <= 2.278)
",9999999.000,9999999.000,0.000,1.000,0.000,0,0,3,7,7,3,3,7,0.0,0.0,1.0,0.0,0.0,1.0
"G[0,2](((Temp <= 32.242 -> pH >= 0.000) & Lactate >= 0.000) | Platelets >= 0.000)
",9999999.000,9999999.000,0.000,1.000,0.000,0,0,10,0,0,10,10,0,0.0,0.0,1.0,0.0,0.0,1.0
"G[1,2](((Potassium <= 3.611 -> Hgb >= 0.281) -> pH >= 0.329) -> PaCO2 <= 4.990)
",9999999.000,9999999.000,0.000,1.000,0.000,0,0,10,0,0,10,10,0,0.0,0.0,1.0,0.0,0.0,1.0
"G[2,2]((TroponinI <= 0.000 -> O2Sat >= 22.459) -> Potassium >= 53.696)
",0.000,0.000,0.000,1.000,0.000,0,0,10,0,0,10,10,0,0.0,0.0,1.0,0.0,0.0,1.0
"G[2,2]((pH <= 0.000 & PTT >= 0.000) | Creatinine <= 0.000)
",0.000,0.000,0.000,1.000,0.000,0,0,10,0,0,10,10,0,0.0,0.0,1.0,0.0,0.0,1.0
"G[1,2](((FiO2 <= 0.000 & AST >= 0.000) -> DBP >= 0.000) -> O2Sat >= 0.000)
",9999999.000,9999999.000,0.000,1.000,0.000,0,0,10,0,0,10,10,0,0.0,0.0,1.0,0.0,0.0,1.0
"G[0,1]((Potassium >= 0.085 & Phosphate >= 0.179) & WBC <= 1.825)
",9999999.000,9999999.000,0.000,1.000,0.000,0,0,0,10,10,0,0,10,0.0,0.0,0.0,0.0,0.0,1.0
"G[1,2]((Bilirubin_total >= 0.000 -> FiO2 <= 0.000) -> Lactate >= 0.000)
",9999999.000,9999999.000,0.000,1.000,0.000,0,0,10,0,0,10,10,0,0.0,0.0,1.0,0.0,0.0,1.0
"G[1,2](((Platelets <= 108.780 | AST >= 0.000) & Calcium <= 0.000) -> SBP <= 0.000)
",9999999.000,9999999.000,0.000,1.000,0.000,0,0,2,8,8,2,2,8,0.0,0.0,1.0,0.0,0.0,1.0
"G[1,2]((Glucose <= 131.070 -> BaseExcess >= 0.000) -> FiO2 >= 0.000)
",9999999.000,9999999.000,0.000,1.000,0.000,0,0,10,0,0,10,10,0,0.0,0.0,1.0,0.0,0.0,1.0
"G[2,2](Chloride >= 4.836 | BaseExcess <= 0.000)
",0.000,0.000,0.000,1.000,0.000,0,0,10,0,0,10,10,0,0.0,0.0,1.0,0.0,0.0,1.0
"G[0,2](Fibrinogen >= 0.000 -> Hct <= 29.908)
",9999999.000,9999999.000,0.000,1.000,0.000,0,0,9,1,1,9,9,1,0.0,0.0,1.0,0.0,0.0,1.0
"G[0,1]((HR <= 90.551 & DBP <= 37.419) | Bilirubin_total >= 22.289)
",9999999.000,9999999.000,0.000,1.000,0.000,0,0,0,10,10,0,0,10,0.0,0.0,0.0,0.0,0.0,1.0
"G[1,1]((Lactate >= 0.000 & Resp <= 21.995) -> Fibrinogen >= 8.409)
",0.000,0.000,0.000,1.000,0.000,0,0,1,9,9,1,1,9,0.0,0.0,1.0,0.0,0.0,1.0
"G[1,2](((Alkalinephos >= 0.000 | MAP <= 97.298) & Creatinine <= 90.440) -> DBP <= 85.837)
",9999999.000,9999999.000,0.000,1.000,0.000,0,0,10,0,0,10,10,0,0.0,0.0,1.0,0.0,0.0,1.0
"G[0,2](((Phosphate <= 2.036 | Calcium <= 4.395) | Fibrinogen >= 0.058) & DBP <= 7.713)
",9999999.000,9999999.000,0.000,1.000,0.000,0,0,3,7,7,3,3,7,0.0,0.0,1.0,0.0,0.0,1.0
"G[1,1](((TroponinI <= 0.000 -> Calcium <= 2.198) -> WBC >= 0.113) & SepsisLabel <= 6.646)
",0.113,0.113,0.000,1.000,0.000,0,0,1,9,9,1,1,9,0.0,0.0,1.0,0.0,0.0,1.0
"G[0,2]((HR >= 49.956 -> Creatinine >= 0.035) & PaCO2 <= 0.226)
",9999999.000,9999999.000,0.000,1.000,0.000,0,0,0,10,10,0,0,10,0.0,0.0,0.0,0.0,0.0,1.0
"G[1,1]((TroponinI <= 0.000 | Hgb >= 0.429) -> Platelets >= 0.077)
",0.000,0.000,0.000,1.000,0.000,0,0,1,9,9,1,1,9,0.0,0.0,1.0,0.0,0.0,1.0
"G[1,2]((Platelets >= 2.196 | O2Sat <= 96.910) & BaseExcess <= 87.860)
",9999999.000,9999999.000,0.000,1.000,0.000,0,0,9,1,1,9,9,1,0.0,0.0,1.0,0.0,0.0,1.0
"G[1,1](((Creatinine >= 0.010 | HR <= 100.489) & AST >= 21.342) & FiO2 <= 109.584)
",-21.342,-21.342,0.000,1.000,0.000,0,0,1,9,9,1,1,9,0.0,0.0,1.0,0.0,0.0,1.0
"G[0,1](((HR <= 110.865 | FiO2 <= 0.000) -> SBP <= 0.000) & Chloride >= 0.000)
",9999999.000,9999999.000,0.000,1.000,0.000,0,0,0,10,10,0,0,10,0.0,0.0,0.0,0.0,0.0,1.0
"G[1,2](((SepsisLabel <= 0.000 -> PTT <= 0.000) -> MAP >= 0.000) & Glucose <= 0.000)
",9999999.000,9999999.000,0.000,1.000,0.000,0,0,10,0,0,10,10,0,0.0,0.0,1.0,0.0,0.0,1.0
"G[1,2](Hct >= 1.294 & BaseExcess <= 0.000)
",9999999.000,9999999.000,0.000,1.000,0.000,0,0,1,9,9,1,1,9,0.0,0.0,1.0,0.0,0.0,1.0
"G[0,2]((Magnesium >= 0.108 & HCO3 <= 22.397) & MAP >= 0.655)
",9999999.000,9999999.000,0.000,1.000,0.000,0,0,0,10,10,0,0,10,0.0,0.0,0.0,0.0,0.0,1.0
"G[0,2]((pH >= 0.000 -> Resp >= 3.791) -> PTT <= 16.774)
",9999999.000,9999999.000,0.000,1.000,0.000,0,0,10,0,0,10,10,0,0.0,0.0,1.0,0.0,0.0,1.0
"G[1,2]((Temp >= 4.804 & BUN >= 0.619) -> Phosphate <= 5.012)
",9999999.000,9999999.000,0.000,1.000,0.000,0,0,10,0,0,10,10,0,0.0,0.0,1.0,0.0,0.0,1.0
"G[1,2]((AST <= 0.000 -> Hgb >= 0.078) & BaseExcess <= 2.892)
",9999999.000,9999999.000,0.000,1.000,0.000,0,0,1,9,9,1,1,9,0.0,0.0,1.0,0.0,0.0,1.0
"G[0,2](((Fibrinogen <= 0.000 | PTT >= 0.000) -> Calcium <= 0.000) & WBC >= 0.000)
",9999999.000,9999999.000,0.000,1.000,0.000,0,0,9,1,1,9,9,1,0.0,0.0,1.0,0.0,0.0,1.0
"G[0,2]((Phosphate >= 0.039 & Platelets >= 0.929) -> Hgb <= 251.529)
",9999999.000,9999999.000,0.000,1.000,0.000,0,0,10,0,0,10,10,0,0.0,0.0,1.0,0.0,0.0,1.0
"G[0,1](((SepsisLabel >= 0.000 | Hgb <= 9.001) -> Temp >= 0.522) & TroponinI <= 9.356)
",9999999.000,9999999.000,0.000,1.000,0.000,0,0,1,9,9,1,1,9,0.0,0.0,1.0,0.0,0.0,1.0
"G[1,2](Resp <= 24.873 -> FiO2 >= 0.000)
",9999999.000,9999999.000,0.000,1.000,0.000,0,0,10,0,0,10,10,0,0.0,0.0,1.0,0.0,0.0,1.0
"G[0,2]((Magnesium >= 0.114 | TroponinI <= 0.000) | Magnesium <= 0.000)
",9999999.000,9999999.000,0.000,1.000,0.000,0,0,10,0,0,10,10,0,0.0,0.0,1.0,0.0,0.0,1.0
"G[0,2](AST <= 0.000 -> Hgb <= 6.023)
",9999999.000,9999999.000,0.000,1.000,0.000,0,0,9,1,1,9,9,1,0.0,0.0,1.0,0.0,0.0,1.0
"G[1,2](BaseExcess < 0.000 & SepsisLabel = 0.000)
",9999999.000,9999999.000,0.000,1.000,0.000,0,0,1,9,9,1,1,9,0.0,0.0,1.0,0.0,0.0,1.0
"G[1,2](((Hgb <= 6.388 | Hct <= 22.267) -> WBC >= 0.331) & Platelets >= 8.039)
",9999999.000,9999999.000,0.000,1.000,0.000,0,0,1,9,9,1,1,9,0.0,0.0,1.0,0.0,0.0,1.0
"G[0,2](BUN <= 13.006 & Creatinine >= 0.039)
",9999999.000,9999999.000,0.000,1.000,0.000,0,0,0,10,10,0,0,10,0.0,0.0,0.0,0.0,0.0,1.0
"G[0,2](Chloride >= 5.617 & HCO3 >= 0.986)
",9999999.000,9999999.000,0.000,1.000,0.000,0,0,0,10,10,0,0,10,0.0,0.0,0.0,0.0,0.0,1.0
"G[1,2](Platelets <= 35.224 -> WBC >= 0.190)
",9999999.000,9999999.000,0.000,1.000,0.000,0,0,1,9,9,1,1,9,0.0,0.0,1.0,0.0,0.0,1.0
"G[1,2](((Hgb <= 2.774 | Hct <= 16.261) -> WBC >= 0.581) & Platelets >= 11.928)
",9999999.000,9999999.000,0.000,1.000,0.000,0,0,1,9,9,1,1,9,0.0,0.0,1.0,0.0,0.0,1.0
"G[0,2](BUN <= 10.964 & Creatinine >= 0.019)
",9999999.000,9999999.000,0.000,1.000,0.000,0,0,0,10,10,0,0,10,0.0,0.0,0.0,0.0,0.0,1.0
"G[1,2](Platelets >= 3.383 -> SepsisLabel = 0.000)
",9999999.000,9999999.000,0.000,1.000,0.000,0,0,10,0,0,10,10,0,0.0,0.0,1.0,0.0,0.0,1.0
"G[0,2](Phosphate < 3.523 -> SepsisLabel = 0.000)
",9999999.000,9999999.000,0.000,1.000,0.000,0,0,10,0,0,10,10,0,0.0,0.0,1.0,0.0,0.0,1.0
"G[0,2](MAP > 44.116 -> SepsisLabel = 0.000)
",9999999.000,9999999.000,0.000,1.000,0.000,0,0,10,0,0,10,10,0,0.0,0.0,1.0,0.0,0.0,1.0
"G[1,2](PaCO2 <= 0.000 & SepsisLabel = 0.000)
",9999999.000,9999999.000,0.000,1.000,0.000,0,0,10,0,0,10,10,0,0.0,0.0,1.0,0.0,0.0,1.0
"G[2,2](Lactate > 0.000 & SepsisLabel = 0.000)
",0.000,0.000,0.000,1.000,0.000,0,0,10,0,0,10,10,0,0.0,0.0,1.0,0.0,0.0,1.0
"G[0,2](Hgb >= 0.120 -> SepsisLabel = 0.000)
",9999999.000,9999999.000,0.000,1.000,0.000,0,0,10,0,0,10,10,0,0.0,0.0,1.0,0.0,0.0,1.0
"G[0,2](HCO3 > 1.516 & SepsisLabel = 0.000)
",9999999.000,9999999.000,0.000,1.000,0.000,0,0,0,10,10,0,0,10,0.0,0.0,0.0,0.0,0.0,1.0
"G[1,2](Chloride >= 0.344 & HCO3 >= 1.109)
",9999999.000,9999999.000,0.000,1.000,0.000,0,0,1,9,9,1,1,9,0.0,0.0,1.0,0.0,0.0,1.0
"G[1,2](Temp > 10.968 -> SepsisLabel = 0.000)
",9999999.000,9999999.000,0.000,1.000,0.000,0,0,10,0,0,10,10,0,0.0,0.0,1.0,0.0,0.0,1.0
"G[0,2](pH < 0.000 & SepsisLabel = 0.000)
",9999999.000,9999999.000,0.000,1.000,0.000,0,0,0,10,10,0,0,10,0.0,0.0,0.0,0.0,0.0,1.0
"G[1,2](AST < 0.000 & SepsisLabel = 0.000)
",9999999.000,9999999.000,0.000,1.000,0.000,0,0,1,9,9,1,1,9,0.0,0.0,1.0,0.0,0.0,1.0
"G[0,1](Bilirubin_direct > 0.000 & SepsisLabel = 0.000)
",9999999.000,9999999.000,0.000,1.000,0.000,0,0,0,10,10,0,0,10,0.0,0.0,0.0,0.0,0.0,1.0
"G[0,2](MAP < 89.624 -> SepsisLabel = 0.000)
",9999999.000,9999999.000,0.000,1.000,0.000,0,0,10,0,0,10,10,0,0.0,0.0,1.0,0.0,0.0,1.0
"G[1,2](AST >= 0.000 -> SepsisLabel = 0.000)
",9999999.000,9999999.000,0.000,1.000,0.000,0,0,10,0,0,10,10,0,0.0,0.0,1.0,0.0,0.0,1.0
"G[1,2](SBP >= 57.472 & SepsisLabel = 0.000)
",9999999.000,9999999.000,0.000,1.000,0.000,0,0,9,1,1,9,9,1,0.0,0.0,1.0,0.0,0.0,1.0
"G[0,2](((Creatinine >= 0.036 & Phosphate <= 0.873) -> SBP >= 0.171) | FiO2 >= 0.179)
",9999999.000,9999999.000,0.000,1.000,0.000,0,0,10,0,0,10,10,0,0.0,0.0,1.0,0.0,0.0,1.0
"G[0,1](((Hct >= 1.417 -> Hgb >= 0.483) -> Bilirubin_total >= 0.040) | SepsisLabel >= 0.198)
",9999999.000,9999999.000,0.000,1.000,0.000,0,0,0,10,10,0,0,10,0.0,0.0,0.0,0.0,0.0,1.0
"G[1,2](BUN <= 12.811 & Chloride >= 4.503)
",9999999.000,9999999.000,0.000,1.000,0.000,0,0,1,9,9,1,1,9,0.0,0.0,1.0,0.0,0.0,1.0
"G[0,2](((Hgb >= 0.124 & Platelets >= 1.116) & SepsisLabel >= 14.377) -> Phosphate >= 1.111)
",9999999.000,9999999.000,0.000,1.000,0.000,0,0,10,0,0,10,10,0,0.0,0.0,1.0,0.0,0.0,1.0
"G[1,2](((Creatinine >= 0.051 & Platelets >= 0.021) & Calcium >= 0.398) -> Potassium <= 192.813)
",9999999.000,9999999.000,0.000,1.000,0.000,0,0,10,0,0,10,10,0,0.0,0.0,1.0,0.0,0.0,1.0
"G[1,1](Platelets <= 127.146 -> WBC >= 0.309)
",-8947106431575705.000,-127.146,0.000,1.000,0.000,0,0,1,9,9,1,1,9,0.0,0.0,1.0,0.0,0.0,1.0
"G[0,2](BUN <= 14.901 & Creatinine >= 0.014)
",9999999.000,9999999.000,0.000,1.000,0.000,0,0,0,10,10,0,0,10,0.0,0.0,0.0,0.0,0.0,1.0
"G[1,2](((Calcium >= 0.424 -> Hgb <= 7.918) -> pH <= 1.682) -> BaseExcess >= 0.303)
",9999999.000,9999999.000,0.000,1.000,0.000,0,0,1,9,9,1,1,9,0.0,0.0,1.0,0.0,0.0,1.0
"G[0,1](Chloride >= 3.969 & HCO3 >= 1.200)
",9999999.000,9999999.000,0.000,1.000,0.000,0,0,0,10,10,0,0,10,0.0,0.0,0.0,0.0,0.0,1.0
"G[1,1](BUN <= 6.243 & Creatinine >= 0.049)
",-0.049,-0.049,0.000,1.000,0.000,0,0,1,9,9,1,1,9,0.0,0.0,1.0,0.0,0.0,1.0
"G[0,2](Chloride >= 5.712 & HCO3 >= 1.116)
",9999999.000,9999999.000,0.000,1.000,0.000,0,0,0,10,10,0,0,10,0.0,0.0,0.0,0.0,0.0,1.0
"G[0,1](Platelets <= 166.665 -> WBC >= 0.750)
",9999999.000,9999999.000,0.000,1.000,0.000,0,0,0,10,10,0,0,10,0.0,0.0,0.0,0.0,0.0,1.0
"G[0,1](((Hgb <= 3.339 | Hct <= 10.105) -> WBC >= 0.811) & Platelets >= 8.836)
",9999999.000,9999999.000,0.000,1.000,0.000,0,0,0,10,10,0,0,10,0.0,0.0,0.0,0.0,0.0,1.0
"G[0,1](BUN <= 6.194 & Creatinine >= 0.033)
",9999999.000,9999999.000,0.000,1.000,0.000,0,0,0,10,10,0,0,10,0.0,0.0,0.0,0.0,0.0,1.0
"G[0,2](Platelets <= 139.487 -> WBC >= 0.270)
",9999999.000,9999999.000,0.000,1.000,0.000,0,0,0,10,10,0,0,10,0.0,0.0,0.0,0.0,0.0,1.0
"G[0,1](((Hgb <= 2.780 | Hct <= 30.050) -> WBC >= 0.460) & Platelets >= 3.039)
",9999999.000,9999999.000,0.000,1.000,0.000,0,0,0,10,10,0,0,10,0.0,0.0,0.0,0.0,0.0,1.0
"G[0,2](BUN <= 15.738 & Creatinine >= 0.021)
",9999999.000,9999999.000,0.000,1.000,0.000,0,0,0,10,10,0,0,10,0.0,0.0,0.0,0.0,0.0,1.0
"G[1,1](Chloride >= 1.325 & HCO3 >= 0.233)
",-1.325,-1.325,0.000,1.000,0.000,0,0,1,9,9,1,1,9,0.0,0.0,1.0,0.0,0.0,1.0
"G[2,2](Platelets <= 120.547 -> WBC >= 0.975)
",-120.547,-120.547,0.000,1.000,0.000,0,0,10,0,0,10,10,0,0.0,0.0,1.0,0.0,0.0,1.0
"G[0,1](((Hgb <= 9.061 | Hct <= 26.152) -> WBC >= 0.982) & Platelets >= 9.130)
",9999999.000,9999999.000,0.000,1.000,0.000,0,0,0,10,10,0,0,10,0.0,0.0,0.0,0.0,0.0,1.0
"G[0,2](BUN <= 5.017 & Creatinine >= 0.013)
",9999999.000,9999999.000,0.000,1.000,0.000,0,0,0,10,10,0,0,10,0.0,0.0,0.0,0.0,0.0,1.0
"G[1,2](Platelets <= 224.688 -> WBC >= 0.723)
",9999999.000,9999999.000,0.000,1.000,0.000,0,0,1,9,9,1,1,9,0.0,0.0,1.0,0.0,0.0,1.0
"G[0,2](((Hgb <= 4.091 | Hct <= 5.613) -> WBC >= 0.328) & Platelets >= 4.355)
",9999999.000,9999999.000,0.000,1.000,0.000,0,0,0,10,10,0,0,10,0.0,0.0,0.0,0.0,0.0,1.0
"G[1,1](((Hgb <= 7.561 | Hct <= 6.922) -> WBC >= 0.609) & Platelets >= 10.640)
",-10.640,-10.640,0.000,1.000,0.000,0,0,1,9,9,1,1,9,0.0,0.0,1.0,0.0,0.0,1.0
"G[1,2](BUN <= 6.649 & Creatinine >= 0.031)
",9999999.000,9999999.000,0.000,1.000,0.000,0,0,1,9,9,1,1,9,0.0,0.0,1.0,0.0,0.0,1.0
"G[0,1](Chloride >= 1.450 & HCO3 >= 0.670)
",9999999.000,9999999.000,0.000,1.000,0.000,0,0,0,10,10,0,0,10,0.0,0.0,0.0,0.0,0.0,1.0
"G[1,1](Platelets <= 235.633 -> WBC >= 0.916)
",-235.633,-235.633,0.000,1.000,0.000,0,0,1,9,9,1,1,9,0.0,0.0,1.0,0.0,0.0,1.0
"G[0,1](((Hgb <= 6.037 | Hct <= 12.801) -> WBC >= 0.680) & Platelets >= 8.669)
",9999999.000,9999999.000,0.000,1.000,0.000,0,0,0,10,10,0,0,10,0.0,0.0,0.0,0.0,0.0,1.0
"G[0,2](BUN <= 6.157 & Creatinine >= 0.046)
",9999999.000,9999999.000,0.000,1.000,0.000,0,0,0,10,10,0,0,10,0.0,0.0,0.0,0.0,0.0,1.0
"G[2,2](Chloride >= 4.231 & HCO3 >= 0.544)
",-4.231,-4.231,0.000,1.000,0.000,0,0,10,0,0,10,10,0,0.0,0.0,1.0,0.0,0.0,1.0
"G[2,2](Platelets <= 92.737 -> WBC >= 0.778)
",-92.737,-92.737,0.000,1.000,0.000,0,0,10,0,0,10,10,0,0.0,0.0,1.0,0.0,0.0,1.0
"G[1,1](((Hgb <= 4.382 | Hct <= 5.350) -> WBC >= 0.634) & Platelets >= 5.934)
",-5.934,-5.934,0.000,1.000,0.000,0,0,1,9,9,1,1,9,0.0,0.0,1.0,0.0,0.0,1.0
"G[1,2](BUN <= 7.720 & Creatinine >= 0.040)
",9999999.000,9999999.000,0.000,1.000,0.000,0,0,1,9,9,1,1,9,0.0,0.0,1.0,0.0,0.0,1.0
"G[1,2](Chloride >= 1.334 & HCO3 >= 0.116)
",9999999.000,9999999.000,0.000,1.000,0.000,0,0,1,9,9,1,1,9,0.0,0.0,1.0,0.0,0.0,1.0
"G[2,2](Platelets <= 117.499 -> WBC >= 0.486)
",-117.499,-117.499,0.000,1.000,0.000,0,0,10,0,0,10,10,0,0.0,0.0,1.0,0.0,0.0,1.0
"G[1,1](((Phosphate >= 0.004 & Platelets <= 256.350) -> Resp <= 40.824) & Calcium >= 6.595)
",-40.824,-40.824,0.000,1.000,0.000,0,0,1,9,9,1,1,9,0.0,0.0,1.0,0.0,0.0,1.0
"G[1,2](MAP <= 98.884 & O2Sat >= 3.554)
",9999999.000,9999999.000,0.000,1.000,0.000,0,0,8,2,2,8,8,2,0.0,0.0,1.0,0.0,0.0,1.0
"G[2,2](((Hct <= 30.009 -> PaCO2 >= 0.000) | Alkalinephos >= 0.000) & Bilirubin_direct >= 0.000)
",0.000,0.000,0.000,1.000,0.000,0,0,10,0,0,10,10,0,0.0,0.0,1.0,0.0,0.0,1.0
"G[1,2](Platelets <= 209.092 -> WBC >= 0.385)
",9999999.000,9999999.000,0.000,1.000,0.000,0,0,1,9,9,1,1,9,0.0,0.0,1.0,0.0,0.0,1.0
"G[1,2]((Potassium <= 2.829 | Hct <= 22.452) & AST >= 0.559)
",9999999.000,9999999.000,0.000,1.000,0.000,0,0,1,9,9,1,1,9,0.0,0.0,1.0,0.0,0.0,1.0
"G[1,1]((Magnesium <= 0.987 | WBC <= 8.322) & PTT >= 0.289)
",-0.289,-0.289,0.000,1.000,0.000,0,0,1,9,9,1,1,9,0.0,0.0,1.0,0.0,0.0,1.0
"G[1,2]((Alkalinephos >= 0.000 -> Hgb >= 0.236) | PaCO2 >= 0.308)
",9999999.000,9999999.000,0.000,1.000,0.000,0,0,1,9,9,1,1,9,0.0,0.0,1.0,0.0,0.0,1.0
"G[1,2]((BaseExcess >= 0.000 -> TroponinI <= 0.000) -> SBP >= 0.000)
",9999999.000,9999999.000,0.000,1.000,0.000,0,0,10,0,0,10,10,0,0.0,0.0,1.0,0.0,0.0,1.0
"G[0,2](Potassium >= 0.147 -> HR >= 39.593)
",9999999.000,9999999.000,0.000,1.000,0.000,0,0,10,0,0,10,10,0,0.0,0.0,1.0,0.0,0.0,1.0
"G[1,2](((PaCO2 <= 0.000 -> SaO2 >= 0.000) & Temp <= 0.000) & Magnesium <= 0.000)
",9999999.000,9999999.000,0.000,1.000,0.000,0,0,10,0,0,10,10,0,0.0,0.0,1.0,0.0,0.0,1.0
"G[1,2]((Fibrinogen <= 0.000 -> Glucose >= 11.646) | Glucose <= 83.019)
",9999999.000,9999999.000,0.000,1.000,0.000,0,0,10,0,0,10,10,0,0.0,0.0,1.0,0.0,0.0,1.0
"G[1,2](Creatinine <= 0.905 & Creatinine >= 0.029)
",9999999.000,9999999.000,0.000,1.000,0.000,0,0,1,9,9,1,1,9,0.0,0.0,1.0,0.0,0.0,1.0
"G[0,2](((O2Sat >= 7.198 & Hct <= 29.772) -> Phosphate >= 0.212) -> Calcium <= 5.076)
",9999999.000,9999999.000,0.000,1.000,0.000,0,0,9,1,1,9,9,1,0.0,0.0,1.0,0.0,0.0,1.0
"G[2,2](SepsisLabel >= 0.000 -> Bilirubin_direct <= 0.000)
",0.000,0.000,0.000,1.000,0.000,0,0,10,0,0,10,10,0,0.0,0.0,1.0,0.0,0.0,1.0
"G[1,2]((Resp >= 3.364 -> FiO2 <= 0.000) | PaCO2 >= 0.000)
",9999999.000,9999999.000,0.000,1.000,0.000,0,0,10,0,0,10,10,0,0.0,0.0,1.0,0.0,0.0,1.0
"G[2,2](AST >= 0.000 -> Fibrinogen <= 0.000)
",0.000,0.000,0.000,1.000,0.000,0,0,10,0,0,10,10,0,0.0,0.0,1.0,0.0,0.0,1.0
"G[1,2]((Bilirubin_total <= 0.000 & Hgb >= 0.136) -> Creatinine >= 0.130)
",9999999.000,9999999.000,0.000,1.000,0.000,0,0,10,0,0,10,10,0,0.0,0.0,1.0,0.0,0.0,1.0
"G[0,2]((TroponinI >= 0.000 & AST <= 0.000) & Bilirubin_total <= 0.000)
",9999999.000,9999999.000,0.000,1.000,0.000,0,0,10,0,0,10,10,0,0.0,0.0,1.0,0.0,0.0,1.0
"G[0,2](PTT <= 0.000 & Hct <= 15.900)
",9999999.000,9999999.000,0.000,1.000,0.000,0,0,9,1,1,9,9,1,0.0,0.0,1.0,0.0,0.0,1.0
"G[1,2](((Glucose <= 49.174 -> Creatinine <= 0.441) -> Creatinine <= 0.490) -> Bilirubin_total >= 0.033)
",9999999.000,9999999.000,0.000,1.000,0.000,0,0,1,9,9,1,1,9,0.0,0.0,1.0,0.0,0.0,1.0
"G[1,2](((HR >= 24.060 & Temp >= 6.897) -> O2Sat >= 10.602) -> Creatinine >= 7.263)
",9999999.000,9999999.000,0.000,1.000,0.000,0,0,1,9,9,1,1,9,0.0,0.0,1.0,0.0,0.0,1.0
"G[0,2]((O2Sat >= 70.298 | HCO3 <= 9.137) | Platelets >= 0.628)
",9999999.000,9999999.000,0.000,1.000,0.000,0,0,10,0,0,10,10,0,0.0,0.0,1.0,0.0,0.0,1.0
"G[1,2](Hct <= 23.238 & Bilirubin_total <= 0.000)
",9999999.000,9999999.000,0.000,1.000,0.000,0,0,10,0,0,10,10,0,0.0,0.0,1.0,0.0,0.0,1.0
"G[0,2](((Hgb <= 4.767 -> Bilirubin_total <= 0.000) | Calcium <= 0.000) | FiO2 >= 0.000)
",9999999.000,9999999.000,0.000,1.000,0.000,0,0,10,0,0,10,10,0,0.0,0.0,1.0,0.0,0.0,1.0
"G[2,2](O2Sat <= 94.357 -> Hgb <= 3.336)
",-94.357,-94.357,0.000,1.000,0.000,0,0,10,0,0,10,10,0,0.0,0.0,1.0,0.0,0.0,1.0
"G[1,1]((Hgb >= 0.047 & HCO3 <= 2.472) & SBP >= 1.315)
",-1.315,-1.315,0.000,1.000,0.000,0,0,1,9,9,1,1,9,0.0,0.0,1.0,0.0,0.0,1.0
"G[2,2]((WBC <= 3.497 -> PTT <= 0.000) | PaCO2 >= 0.000)
",0.000,0.000,0.000,1.000,0.000,0,0,10,0,0,10,10,0,0.0,0.0,1.0,0.0,0.0,1.0
"G[0,2](((Phosphate <= 1.329 & Platelets <= 148.534) & TroponinI <= 212.777) -> MAP <= 210.396)
",9999999.000,9999999.000,0.000,1.000,0.000,0,0,10,0,0,10,10,0,0.0,0.0,1.0,0.0,0.0,1.0
"G[1,1](Glucose <= 105.871 & Magnesium >= 0.077)
",-0.077,-0.077,0.000,1.000,0.000,0,0,1,9,9,1,1,9,0.0,0.0,1.0,0.0,0.0,1.0
"G[0,2]((PaCO2 >= 0.000 | PaCO2 <= 0.000) -> Hct >= 0.000)
",9999999.000,9999999.000,0.000,1.000,0.000,0,0,10,0,0,10,10,0,0.0,0.0,1.0,0.0,0.0,1.0
"G[1,2](((Magnesium >= 0.106 | Chloride <= 51.170) | Phosphate <= 29.245) -> HR <= 23.818)
",9999999.000,9999999.000,0.000,1.000,0.000,0,0,2,8,8,2,2,8,0.0,0.0,1.0,0.0,0.0,1.0
"G[1,2](((EtCO2 >= 0.000 | SBP <= 137.039) | MAP >= 50.966) & DBP <= 116.273)
",9999999.000,9999999.000,0.000,1.000,0.000,0,0,10,0,0,10,10,0,0.0,0.0,1.0,0.0,0.0,1.0
"G[0,2](HR <= 108.558 | Resp <= 15.820)
",9999999.000,9999999.000,0.000,1.000,0.000,0,0,10,0,0,10,10,0,0.0,0.0,1.0,0.0,0.0,1.0
"G[2,2](((Calcium <= 6.920 | MAP <= 98.977) | SaO2 >= 16.843) -> Bilirubin_direct >= 11.084)
",-98.977,-98.977,0.000,1.000,0.000,0,0,10,0,0,10,10,0,0.0,0.0,1.0,0.0,0.0,1.0
"G[1,2](((MAP >= 17.516 -> Resp <= 23.865) & DBP <= 18.028) & Potassium <= 17.981)
",9999999.000,9999999.000,0.000,1.000,0.000,0,0,5,5,5,5,5,5,0.0,0.0,1.0,0.0,0.0,1.0
"G[1,2]((Chloride <= 9.582 -> Temp >= 7.703) -> Lactate >= 0.600)
",9999999.000,9999999.000,0.000,1.000,0.000,0,0,10,0,0,10,10,0,0.0,0.0,1.0,0.0,0.0,1.0
"G[1,2]((Potassium <= 2.434 & Temp <= 24.047) | Hct <= 19.993)
",9999999.000,9999999.000,0.000,1.000,0.000,0,0,10,0,0,10,10,0,0.0,0.0,1.0,0.0,0.0,1.0
"G[0,2](Glucose <= 99.485 & WBC >= 0.208)
",9999999.000,9999999.000,0.000,1.000,0.000,0,0,0,10,10,0,0,10,0.0,0.0,0.0,0.0,0.0,1.0
"G[2,2](BUN <= 4.009 -> Glucose <= 130.126)
",-130.126,-130.126,0.000,1.000,0.000,0,0,10,0,0,10,10,0,0.0,0.0,1.0,0.0,0.0,1.0
"G[1,2](Chloride <= 60.709 -> DBP >= 4.690)
",9999999.000,9999999.000,0.000,1.000,0.000,0,0,6,4,4,6,6,4,0.0,0.0,1.0,0.0,0.0,1.0
"G[1,2](Glucose <= 126.642 & O2Sat <= 91.143)
",9999999.000,9999999.000,0.000,1.000,0.000,0,0,2,8,8,2,2,8,0.0,0.0,1.0,0.0,0.0,1.0
"G[0,2]((MAP >= 28.305 -> Temp <= 37.275) -> Bilirubin_direct <= 14.934)
",9999999.000,9999999.000,0.000,1.000,0.000,0,0,10,0,0,10,10,0,0.0,0.0,1.0,0.0,0.0,1.0
"G[0,2](((O2Sat <= 85.868 -> Platelets >= 4.385) -> Hgb <= 15.622) -> SaO2 <= 238.918)
",9999999.000,9999999.000,0.000,1.000,0.000,0,0,10,0,0,10,10,0,0.0,0.0,1.0,0.0,0.0,1.0
"G[0,1]((DBP <= 46.495 & Glucose >= 3.431) & TroponinI >= 1.919)
",9999999.000,9999999.000,0.000,1.000,0.000,0,0,0,10,10,0,0,10,0.0,0.0,0.0,0.0,0.0,1.0
"G[0,2](((Glucose >= 11.394 & Resp >= 5.532) & EtCO2 >= 8.544) & HR >= 2.665)
",9999999.000,9999999.000,0.000,1.000,0.000,0,0,0,10,10,0,0,10,0.0,0.0,0.0,0.0,0.0,1.0
"G[1,2](((MAP <= 87.183 | Phosphate <= 3.134) & Glucose <= 1.265) | SepsisLabel <= 3.334)
",9999999.000,9999999.000,0.000,1.000,0.000,0,0,10,0,0,10,10,0,0.0,0.0,1.0,0.0,0.0,1.0
"G[2,2](DBP <= 44.308 -> MAP >= 12.272)
",-44.308,-44.308,0.000,1.000,0.000,0,0,10,0,0,10,10,0,0.0,0.0,1.0,0.0,0.0,1.0
"G[1,2]((SaO2 <= 0.000 | MAP <= 98.001) & SBP >= 44.966)
",9999999.000,9999999.000,0.000,1.000,0.000,0,0,9,1,1,9,9,1,0.0,0.0,1.0,0.0,0.0,1.0
"G[1,2]((DBP <= 40.253 & SBP >= 12.805) -> Hct <= 136.607)
",9999999.000,9999999.000,0.000,1.000,0.000,0,0,10,0,0,10,10,0,0.0,0.0,1.0,0.0,0.0,1.0
"G[1,2](Magnesium <= 1.416 & SBP >= 52.797)
",9999999.000,9999999.000,0.000,1.000,0.000,0,0,9,1,1,9,9,1,0.0,0.0,1.0,0.0,0.0,1.0
"G[1,2](BUN >= 0.993 & SBP <= 146.227)
",9999999.000,9999999.000,0.000,1.000,0.000,0,0,1,9,9,1,1,9,0.0,0.0,1.0,0.0,0.0,1.0
"G[2,2](((Platelets <= 194.037 | SBP <= 161.807) | Potassium <= 112.349) & O2Sat <= 129.572)
",129.572,129.572,0.000,1.000,0.000,0,0,10,0,0,10,10,0,0.0,0.0,1.0,0.0,0.0,1.0
"G[2,2](((HR >= 7.533 & WBC >= 0.250) | pH <= 8.213) -> MAP >= 0.916)
",-8.213,-8.213,0.000,1.000,0.000,0,0,10,0,0,10,10,0,0.0,0.0,1.0,0.0,0.0,1.0
"G[0,2](((HR >= 41.342 -> Magnesium <= 0.393) | Magnesium >= 0.105) -> Creatinine <= 1.026)
",9999999.000,9999999.000,0.000,1.000,0.000,0,0,10,0,0,10,10,0,0.0,0.0,1.0,0.0,0.0,1.0
"G[0,2](BUN <= 3.535 | HR >= 12.051)
",9999999.000,9999999.000,0.000,1.000,0.000,0,0,10,0,0,10,10,0,0.0,0.0,1.0,0.0,0.0,1.0
"G[2,2](((Phosphate >= 0.108 & Resp <= 17.570) -> DBP <= 22.349) -> O2Sat >= 11.782)
",11.782,11.782,0.000,1.000,0.000,0,0,10,0,0,10,10,0,0.0,0.0,1.0,0.0,0.0,1.0
"G[0,2](Glucose >= 14.132 | SBP >= 96.325)
",9999999.000,9999999.000,0.000,1.000,0.000,0,0,6,4,4,6,6,4,0.0,0.0,1.0,0.0,0.0,1.0
"G[0,2](((Creatinine <= 0.954 & Resp <= 24.632) & Glucose <= 18.468) -> HR <= 23.439)
",9999999.000,9999999.000,0.000,1.000,0.000,0,0,1,9,9,1,1,9,0.0,0.0,1.0,0.0,0.0,1.0
"G[0,2](((O2Sat <= 90.217 & HCO3 >= 0.566) & Temp >= 1.434) & Temp <= 26.691)
",9999999.000,9999999.000,0.000,1.000,0.000,0,0,0,10,10,0,0,10,0.0,0.0,0.0,0.0,0.0,1.0
"G[1,1]((WBC <= 11.245 -> Hct >= 0.068) & O2Sat >= 0.195)
",-11.245,-11.245,0.000,1.000,0.000,0,0,1,9,9,1,1,9,0.0,0.0,1.0,0.0,0.0,1.0
"G[0,2](Bilirubin_total <= 0.000 | Lactate >= 0.000)
",9999999.000,9999999.000,0.000,1.000,0.000,0,0,10,0,0,10,10,0,0.0,0.0,1.0,0.0,0.0,1.0
