Rule,Discrimination Score,Pos Robustness,Neg Robustness,Percent Class +,Percent Class -,TP,TN,FP,FN,Actual Yes,Actual No,Predicted Yes,Predicted No,TPR/Sens,TNR/Spec,FPR,Precision,Accuracy,MCR
"F[0,0]((Calcium <= 3.587 & Potassium <= 1.812) & Magnesium >= 0.068)
",-0.068,-0.068,0.000,0.000,1.000,19,0,0,0,19,0,19,0,1.0,0,0,1.0,1.027027027027027,-0.027027027027026973
"F[0,0]((Calcium <= 4.320 & Potassium <= 4.031) & Magnesium >= 0.013)
",-7382885154885004.000,-0.013,0.000,0.000,1.000,19,0,0,0,19,0,19,0,1.0,0,0,1.0,1.027027027027027,-0.027027027027026973
"F[0,0]((Bilirubin_total <= 0.614 -> DBP <= 49.603) & HCO3 >= 24.861)
",-3.447,-27.332,0.000,0.000,1.000,19,0,0,0,19,0,19,0,1.0,0,0,1.0,1.027027027027027,-0.027027027027026973
"F[0,0](Lactate <= 1.068 & Calcium >= 0.208)
",-7494980158321332.000,-0.208,0.000,0.000,1.000,19,0,0,0,19,0,19,0,1.0,0,0,1.0,1.027027027027027,-0.027027027027026973
"F[0,0](((DBP <= 71.026 | HCO3 <= 26.025) -> Alkalinephos >= 1.115) & Bilirubin_total >= 0.705)
",-2.155,-30.747,0.000,0.000,1.000,19,0,0,0,19,0,19,0,1.0,0,0,1.0,1.027027027027027,-0.027027027027026973
"F[0,0]((Phosphate <= 2.514 | Temp <= 8.221) & AST >= 1.688)
",-1.688,-1.688,0.000,0.000,1.000,19,0,0,0,19,0,19,0,1.0,0,0,1.0,1.027027027027027,-0.027027027027026973
"F[1,1]((Calcium <= 6.792 & Potassium <= 3.755) & Magnesium >= 0.004)
",-4942105672976586.000,-0.004,0.000,0.000,1.000,18,0,0,1,19,0,18,1,0.9473684210526315,0,0,1.0,0.972972972972973,0.027027027027026973
"F[1,1]((Calcium <= 3.247 & Potassium <= 1.886) & Magnesium >= 0.032)
",-0.032,-0.032,0.000,0.000,1.000,18,0,0,1,19,0,18,1,0.9473684210526315,0,0,1.0,0.972972972972973,0.027027027027026973
"F[0,1]((Calcium <= 3.940 & Potassium <= 0.707) & Magnesium >= 0.059)
",-9999999.000,-9999999.000,0.000,0.000,1.000,18,0,0,1,19,0,18,1,0.9473684210526315,0,0,1.0,0.972972972972973,0.027027027027026973
"F[0,1](((BUN <= 5.640 & Potassium <= 0.509) | Potassium >= 0.162) -> Alkalinephos >= 0.119)
",-9999999.000,-9999999.000,0.000,0.000,1.000,18,0,0,1,19,0,18,1,0.9473684210526315,0,0,1.0,0.972972972972973,0.027027027027026973
"F[1,1](((DBP >= 29.168 & Potassium <= 2.039) -> Phosphate >= 0.182) & Lactate >= 0.093)
",-6669646378515364.000,-0.093,0.000,0.000,1.000,18,0,0,1,19,0,18,1,0.9473684210526315,0,0,1.0,0.972972972972973,0.027027027027026973
"F[1,1](((Magnesium <= 0.628 | SBP <= 131.629) | SepsisLabel >= 51.262) -> Calcium >= 17.343)
",-4631287839758106.000,-131.629,0.000,0.000,1.000,18,0,0,1,19,0,18,1,0.9473684210526315,0,0,1.0,0.972972972972973,0.027027027027026973
"F[1,1](Lactate >= 0.085 & PaCO2 <= 31.921)
",-6098038806864844.000,-0.085,0.000,0.000,1.000,18,0,0,1,19,0,18,1,0.9473684210526315,0,0,1.0,0.972972972972973,0.027027027027026973
"F[0,1](((MAP >= 3.511 & O2Sat <= 88.684) | AST >= 45.609) & Chloride <= 96.560)
",-9999999.000,-9999999.000,0.000,0.000,1.000,18,0,0,1,19,0,18,1,0.9473684210526315,0,0,1.0,0.972972972972973,0.027027027027026973
"F[0,0](((HR >= 6.218 & Platelets >= 11.537) | HCO3 >= 0.242) & MAP >= 0.095)
",0.039,0.036,0.000,0.000,1.000,18,0,0,1,19,0,18,1,0.9473684210526315,0,0,1.0,0.972972972972973,0.027027027027026973
"F[1,1](Calcium >= 0.139 & Lactate >= 0.069)
",-4994729961542454.000,-0.139,0.000,0.000,1.000,18,0,0,1,19,0,18,1,0.9473684210526315,0,0,1.0,0.972972972972973,0.027027027027026973
"F[1,1](((Hgb >= 0.325 & Platelets <= 163.029) & Phosphate >= 9.670) & pH >= 2.615)
",-9.670,-9.670,0.000,0.000,1.000,18,0,0,1,19,0,18,1,0.9473684210526315,0,0,1.0,0.972972972972973,0.027027027027026973
"F[0,1]((Calcium <= 0.718 & Potassium <= 1.299) & Magnesium >= 0.004)
",-9999999.000,-9999999.000,0.000,0.000,1.000,18,0,0,1,19,0,18,1,0.9473684210526315,0,0,1.0,0.972972972972973,0.027027027027026973
"F[0,1](((MAP <= 61.336 & Potassium <= 3.805) & AST >= 0.018) & Temp <= 0.952)
",-9999999.000,-9999999.000,0.000,0.000,1.000,18,0,0,1,19,0,18,1,0.9473684210526315,0,0,1.0,0.972972972972973,0.027027027027026973
"F[1,1](((Bilirubin_total <= 0.234 | Glucose <= 116.906) -> Bilirubin_direct >= 6.066) & Phosphate <= 187.754)
",-116.906,-116.906,0.000,0.000,1.000,18,0,0,1,19,0,18,1,0.9473684210526315,0,0,1.0,0.972972972972973,0.027027027027026973
"F[0,1]((Platelets >= 9.448 -> Temp >= 4.376) & HCO3 >= 4.068)
",-9999999.000,-9999999.000,0.000,0.000,1.000,18,0,0,1,19,0,18,1,0.9473684210526315,0,0,1.0,0.972972972972973,0.027027027027026973
"F[0,1]((Glucose >= 8.080 -> Platelets <= 66.085) & HCO3 >= 6.833)
",-9999999.000,-9999999.000,0.000,0.000,1.000,18,0,0,1,19,0,18,1,0.9473684210526315,0,0,1.0,0.972972972972973,0.027027027027026973
"F[0,1]((O2Sat >= 11.571 & Platelets >= 2.867) & SBP >= 7.731)
",-9999999.000,-9999999.000,0.000,0.000,1.000,17,0,0,2,19,0,17,2,0.8947368421052632,0,0,1.0,0.918918918918919,0.08108108108108103
"F[0,1]((Calcium >= 0.120 & DBP >= 1.893) | Bilirubin_total >= 23.163)
",-9999999.000,-9999999.000,0.000,0.000,1.000,17,0,0,2,19,0,17,2,0.8947368421052632,0,0,1.0,0.918918918918919,0.08108108108108103
"F[0,1](((BUN >= 0.248 -> HR <= 101.891) -> WBC >= 73.674) & Resp <= 90.336)
",-9999999.000,-9999999.000,0.000,0.000,1.000,17,0,0,2,19,0,17,2,0.8947368421052632,0,0,1.0,0.918918918918919,0.08108108108108103
"F[0,1]((Hct <= 32.105 -> Phosphate <= 0.330) -> Bilirubin_direct >= 0.134)
",-9999999.000,-9999999.000,0.000,0.000,1.000,17,0,0,2,19,0,17,2,0.8947368421052632,0,0,1.0,0.918918918918919,0.08108108108108103
"F[0,1](((PTT >= 3.262 | WBC >= 0.600) & Potassium >= 0.752) & SBP >= 0.251)
",-9999999.000,-9999999.000,0.000,0.000,1.000,17,0,0,2,19,0,17,2,0.8947368421052632,0,0,1.0,0.918918918918919,0.08108108108108103
"((Bilirubin_total >= 0.006) U[1,2] (Hct <= 32.265))
",-9999999.000,-9999999.000,0.000,0.000,1.000,17,0,0,2,19,0,17,2,0.8947368421052632,0,0,1.0,0.918918918918919,0.08108108108108103
"F[1,1](HCO3 >= 0.993 & Magnesium >= 0.061)
",-4471834181621945.000,-0.993,0.000,0.000,1.000,17,0,0,2,19,0,17,2,0.8947368421052632,0,0,1.0,0.918918918918919,0.08108108108108103
"F[0,1]((Resp <= 17.812 & TroponinI >= 0.005) & DBP >= 0.003)
",-9999999.000,-9999999.000,0.000,0.000,1.000,17,0,0,2,19,0,17,2,0.8947368421052632,0,0,1.0,0.918918918918919,0.08108108108108103
"F[0,1]((Hgb <= 10.413 & TroponinI >= 0.003) & SBP >= 0.004)
",-9999999.000,-9999999.000,0.000,0.000,1.000,17,0,0,2,19,0,17,2,0.8947368421052632,0,0,1.0,0.918918918918919,0.08108108108108103
"F[0,1](pH >= 1.097 & Platelets >= 6.992)
",-9999999.000,-9999999.000,0.000,0.000,1.000,17,0,0,2,19,0,17,2,0.8947368421052632,0,0,1.0,0.918918918918919,0.08108108108108103
"F[1,1](Glucose >= 2.175 & SepsisLabel = 0.000)
",-2.175,-2.175,0.000,0.000,1.000,17,0,0,2,19,0,17,2,0.8947368421052632,0,0,1.0,0.918918918918919,0.08108108108108103
"F[0,1](((BUN <= 15.399 & pH <= 7.070) -> Creatinine <= 2.738) & Hgb >= 0.495)
",-9999999.000,-9999999.000,0.000,0.000,1.000,16,0,0,3,19,0,16,3,0.8421052631578947,0,0,1.0,0.8648648648648649,0.1351351351351351
"F[0,1](BUN > 0.444 & SepsisLabel = 0.000)
",-9999999.000,-9999999.000,0.000,0.000,1.000,16,0,0,3,19,0,16,3,0.8421052631578947,0,0,1.0,0.8648648648648649,0.1351351351351351
"F[0,1](WBC >= 0.662 & SepsisLabel = 0.000)
",-9999999.000,-9999999.000,0.000,0.000,1.000,16,0,0,3,19,0,16,3,0.8421052631578947,0,0,1.0,0.8648648648648649,0.1351351351351351
"F[0,1](Platelets > 12.299 & SepsisLabel = 0.000)
",-9999999.000,-9999999.000,0.000,0.000,1.000,16,0,0,3,19,0,16,3,0.8421052631578947,0,0,1.0,0.8648648648648649,0.1351351351351351
"F[0,1](((Hgb <= 1.198 | Temp >= 0.746) -> PTT <= 14.148) & Chloride >= 3.536)
",-9999999.000,-9999999.000,0.000,0.000,1.000,16,0,0,3,19,0,16,3,0.8421052631578947,0,0,1.0,0.8648648648648649,0.1351351351351351
"F[0,0]((Chloride >= 3.617 & Magnesium >= 0.061) | BaseExcess >= 0.026)
",-0.026,-0.026,0.000,0.000,1.000,16,0,0,3,19,0,16,3,0.8421052631578947,0,0,1.0,0.8648648648648649,0.1351351351351351
"F[0,0]((Alkalinephos >= 0.000 & FiO2 >= 0.042) & AST <= 0.265)
",-6119718023570852.000,-0.042,0.000,0.000,1.000,16,0,0,3,19,0,16,3,0.8421052631578947,0,0,1.0,0.8648648648648649,0.1351351351351351
"F[0,0](((PaCO2 >= 0.219 | Phosphate <= 1.753) -> Creatinine <= 2.253) & HR <= 2.382)
",-8572682220910642.000,-15593.618,0.000,0.000,1.000,16,0,0,3,19,0,16,3,0.8421052631578947,0,0,1.0,0.8648648648648649,0.1351351351351351
"F[0,1](Fibrinogen <= 0.000 -> Creatinine >= 0.035)
",-9999999.000,-9999999.000,0.000,0.000,1.000,16,0,0,3,19,0,16,3,0.8421052631578947,0,0,1.0,0.8648648648648649,0.1351351351351351
"F[0,1](Hct <= 36.113 -> Potassium >= 0.029)
",-9999999.000,-9999999.000,0.000,0.000,1.000,15,0,0,4,19,0,15,4,0.7894736842105263,0,0,1.0,0.8108108108108109,0.18918918918918914
"F[0,0]((Resp <= 23.637 | SBP <= 89.388) -> Lactate >= 47.279)
",-10.399,-87.350,0.000,0.000,1.000,15,0,0,4,19,0,15,4,0.7894736842105263,0,0,1.0,0.8108108108108109,0.18918918918918914
"((PTT >= 1.809) U[1,2] (Resp >= 10.841))
",-9999999.000,-9999999.000,0.000,0.000,1.000,15,0,0,4,19,0,15,4,0.7894736842105263,0,0,1.0,0.8108108108108109,0.18918918918918914
"F[1,1]((Bilirubin_direct >= 0.000 | WBC <= 8.440) -> O2Sat <= 11.631)
",-6547855744547660.000,-11.631,0.000,0.000,1.000,15,0,0,4,19,0,15,4,0.7894736842105263,0,0,1.0,0.8108108108108109,0.18918918918918914
"((pH >= 0.733) U[1,2] (Hgb <= 1.469))
",-9999999.000,-9999999.000,0.000,0.000,1.000,14,0,0,5,19,0,14,5,0.7368421052631579,0,0,1.0,0.7567567567567568,0.2432432432432432
"F[0,1](FiO2 >= 0.012 & HR <= 105.056)
",-9999999.000,-9999999.000,0.000,0.000,1.000,12,0,0,7,19,0,12,7,0.631578947368421,0,0,1.0,0.6486486486486487,0.3513513513513513
"((Temp >= 6.014) U[1,1] (SepsisLabel = 0.000))
",0.000,0.000,0.000,0.000,1.000,12,0,0,7,19,0,12,7,0.631578947368421,0,0,1.0,0.6486486486486487,0.3513513513513513
"F[0,1](Chloride >= 4.823 | pH >= 0.484)
",-9999999.000,-9999999.000,0.000,0.000,1.000,11,0,0,8,19,0,11,8,0.5789473684210527,0,0,1.0,0.5945945945945946,0.4054054054054054
"F[0,1]((Creatinine >= 0.009 & Magnesium >= 0.075) | Resp <= 1.294)
",-9999999.000,-9999999.000,0.000,0.000,1.000,11,0,0,8,19,0,11,8,0.5789473684210527,0,0,1.0,0.5945945945945946,0.4054054054054054
"F[0,1]((BaseExcess <= 0.476 | Lactate >= 0.007) & HR <= 3.669)
",-9999999.000,-9999999.000,0.000,0.000,1.000,10,0,0,9,19,0,10,9,0.5263157894736842,0,0,1.0,0.5405405405405406,0.45945945945945943
"((HR <= 96.823) U[0,1] (MAP <= 56.192))
",-9999999.000,-9999999.000,0.000,0.000,1.000,9,0,0,10,19,0,9,10,0.47368421052631576,0,0,1.0,0.4864864864864865,0.5135135135135135
"F[1,1](((BUN <= 2.831 & FiO2 >= 0.012) | EtCO2 >= 0.088) | PaCO2 >= 0.019)
",-0.012,-0.012,0.000,0.000,1.000,9,0,0,10,19,0,9,10,0.47368421052631576,0,0,1.0,0.4864864864864865,0.5135135135135135
"((MAP >= 53.821) U[0,1] (SBP <= 76.889))
",-9999999.000,-9999999.000,0.000,0.000,1.000,8,0,0,11,19,0,8,11,0.42105263157894735,0,0,1.0,0.43243243243243246,0.5675675675675675
"((Lactate <= 3.264) U[0,0] (MAP <= 73.994))
",0.500,11.123,0.000,0.000,1.000,7,0,0,12,19,0,7,12,0.3684210526315789,0,0,1.0,0.3783783783783784,0.6216216216216216
"F[0,1](FiO2 > 0.090 & SepsisLabel = 0.000)
",-9999999.000,-9999999.000,0.000,0.000,1.000,7,0,0,12,19,0,7,12,0.3684210526315789,0,0,1.0,0.3783783783783784,0.6216216216216216
"((Bilirubin_total <= 0.403) U[0,1] (FiO2 >= 0.076))
",-9999999.000,-9999999.000,0.000,0.000,1.000,7,0,0,12,19,0,7,12,0.3684210526315789,0,0,1.0,0.3783783783783784,0.6216216216216216
"F[1,1]((MAP >= 24.417 & PTT <= 136.475) & FiO2 <= 77.263)
",-24.417,-24.417,0.000,0.000,1.000,6,0,0,13,19,0,6,13,0.3157894736842105,0,0,1.0,0.32432432432432434,0.6756756756756757
"((Lactate <= 3.724) U[0,0] (Temp <= 17.103))
",1.458,4.467,0.000,0.000,1.000,6,0,0,13,19,0,6,13,0.3157894736842105,0,0,1.0,0.32432432432432434,0.6756756756756757
"((Potassium <= 1.318) U[1,1] (Resp <= 21.521))
",21.521,21.521,0.000,0.000,1.000,6,0,0,13,19,0,6,13,0.3157894736842105,0,0,1.0,0.32432432432432434,0.6756756756756757
"F[1,1](((HCO3 >= 0.195 & HR <= 97.413) | DBP >= 31.433) | Lactate >= 5.462)
",-7035594847018308.000,-0.195,0.000,0.000,1.000,5,0,0,14,19,0,5,14,0.2631578947368421,0,0,1.0,0.2702702702702703,0.7297297297297297
"((SaO2 >= 0.000) U[0,1] (MAP <= 66.411))
",-9999999.000,-9999999.000,0.000,0.000,1.000,3,0,0,16,19,0,3,16,0.15789473684210525,0,0,1.0,0.16216216216216217,0.8378378378378378
"F[0,0](PaCO2 < 32.664 & SepsisLabel = 0.000)
",0.000,0.000,0.000,0.000,1.000,3,0,0,16,19,0,3,16,0.15789473684210525,0,0,1.0,0.16216216216216217,0.8378378378378378
"((Magnesium >= 0.091) U[1,2] (PaCO2 >= 1.219))
",-9999999.000,-9999999.000,0.000,0.000,1.000,3,0,0,16,19,0,3,16,0.15789473684210525,0,0,1.0,0.16216216216216217,0.8378378378378378
"((pH <= 6.165) U[1,2] (Platelets <= 128.509))
",-9999999.000,-9999999.000,0.000,0.000,1.000,3,0,0,16,19,0,3,16,0.15789473684210525,0,0,1.0,0.16216216216216217,0.8378378378378378
"((MAP >= 49.574) U[1,2] (SBP <= 135.395))
",-9999999.000,-9999999.000,0.000,0.000,1.000,2,0,0,17,19,0,2,17,0.10526315789473684,0,0,1.0,0.10810810810810811,0.8918918918918919
"((MAP >= 45.892) U[1,2] (SBP <= 113.203))
",-9999999.000,-9999999.000,0.000,0.000,1.000,2,0,0,17,19,0,2,17,0.10526315789473684,0,0,1.0,0.10810810810810811,0.8918918918918919
"F[0,0](Magnesium <= 0.844 -> pH <= 7.358)
",-43.230,-7.241,0.000,0.000,1.000,2,0,0,17,19,0,2,17,0.10526315789473684,0,0,1.0,0.10810810810810811,0.8918918918918919
"F[0,0]((HR >= 54.127 -> DBP >= 3.469) | PTT >= 40.760)
",-5736471497675004.000,-40.760,0.000,0.000,1.000,2,0,0,17,19,0,2,17,0.10526315789473684,0,0,1.0,0.10810810810810811,0.8918918918918919
"((MAP >= 27.165) U[1,2] (SBP <= 113.127))
",-9999999.000,-9999999.000,0.000,0.000,1.000,2,0,0,17,19,0,2,17,0.10526315789473684,0,0,1.0,0.10810810810810811,0.8918918918918919
"F[1,1](((Calcium < 2.422 & Potassium < 1.645) & Magnesium < 1.400) & Phosphate < 2.773)
",1.400,1.400,0.000,0.000,1.000,1,0,0,18,19,0,1,18,0.05263157894736842,0,0,1.0,0.05405405405405406,0.9459459459459459
"F[0,0](((Resp >= 0.389 | Temp >= 0.287) | Fibrinogen <= 20.838) & Hct <= 34.484)
",10.796,33.704,0.000,0.000,1.000,1,0,0,18,19,0,1,18,0.05263157894736842,0,0,1.0,0.05405405405405406,0.9459459459459459
"F[1,1]((Phosphate >= 0.123 & Magnesium > 0.036) -> Calcium < 7.539)
",-8488001880251004.000,-7.539,0.000,0.000,1.000,1,0,0,18,19,0,1,18,0.05263157894736842,0,0,1.0,0.05405405405405406,0.9459459459459459
"F[1,1]((SBP <= 128.661 -> Temp <= 33.172) | FiO2 >= 4.939)
",-4.939,-4.939,0.000,0.000,1.000,1,0,0,18,19,0,1,18,0.05263157894736842,0,0,1.0,0.05405405405405406,0.9459459459459459
"F[0,0](((Calcium < 7.142 & Potassium < 2.624) & Magnesium < 0.345) & Phosphate < 0.473)
",0.345,0.345,0.000,0.000,1.000,1,0,0,18,19,0,1,18,0.05263157894736842,0,0,1.0,0.05405405405405406,0.9459459459459459
"F[1,1](WBC >= 0.539 | MAP <= 93.568)
",93.568,93.568,0.000,0.000,1.000,1,0,0,18,19,0,1,18,0.05263157894736842,0,0,1.0,0.05405405405405406,0.9459459459459459
"F[0,0]((Phosphate >= 0.094 & Magnesium > 0.026) -> Calcium < 7.335)
",-8258414785919794.000,-7.335,0.000,0.000,1.000,1,0,0,18,19,0,1,18,0.05263157894736842,0,0,1.0,0.05405405405405406,0.9459459459459459
"((Creatinine <= 0.252) U[1,2] (HR >= 49.703))
",-9999999.000,-9999999.000,0.000,0.000,1.000,1,0,0,18,19,0,1,18,0.05263157894736842,0,0,1.0,0.05405405405405406,0.9459459459459459
"F[0,0](((Glucose <= 145.110 | MAP <= 71.642) -> Chloride <= 87.237) & TroponinI <= 89.949)
",-5105607155594918.000,-145.110,0.000,0.000,1.000,1,0,0,18,19,0,1,18,0.05263157894736842,0,0,1.0,0.05405405405405406,0.9459459459459459
"F[0,0](((O2Sat <= 82.464 | TroponinI >= 0.007) -> PaCO2 <= 0.371) -> Lactate <= 0.309)
",-0.309,-0.309,0.000,0.000,1.000,1,0,0,18,19,0,1,18,0.05263157894736842,0,0,1.0,0.05405405405405406,0.9459459459459459
"((Creatinine <= 0.876) U[1,2] (Glucose <= 164.902))
",-9999999.000,-9999999.000,0.000,0.000,1.000,1,0,0,18,19,0,1,18,0.05263157894736842,0,0,1.0,0.05405405405405406,0.9459459459459459
"F[0,1](FiO2 <= 0.239 & pH <= 4.010)
",-9999999.000,-9999999.000,0.000,0.000,1.000,1,0,0,18,19,0,1,18,0.05263157894736842,0,0,1.0,0.05405405405405406,0.9459459459459459
"F[1,1](Lactate <= 3.426 -> WBC <= 8.232)
",-8.232,-8.232,0.000,0.000,1.000,1,0,0,18,19,0,1,18,0.05263157894736842,0,0,1.0,0.05405405405405406,0.9459459459459459
"((BUN <= 8.107) U[1,2] (FiO2 <= 0.267))
",-9999999.000,-9999999.000,0.000,0.000,1.000,1,0,0,18,19,0,1,18,0.05263157894736842,0,0,1.0,0.05405405405405406,0.9459459459459459
"((Calcium <= 1.028) U[1,2] (SepsisLabel = 0.000))
",-9999999.000,-9999999.000,0.000,0.000,1.000,1,0,0,18,19,0,1,18,0.05263157894736842,0,0,1.0,0.05405405405405406,0.9459459459459459
"F[1,1]((Phosphate >= 0.101 & Magnesium > 0.014) -> Calcium < 3.061)
",-6893850000202324.000,-3.061,0.000,0.000,1.000,1,0,0,18,19,0,1,18,0.05263157894736842,0,0,1.0,0.05405405405405406,0.9459459459459459
"((BaseExcess >= -0.814) U[1,2] (SepsisLabel = 0.000))
",-9999999.000,-9999999.000,0.000,0.000,1.000,1,0,0,18,19,0,1,18,0.05263157894736842,0,0,1.0,0.05405405405405406,0.9459459459459459
"((TroponinI >= 0.001) U[1,2] (Creatinine >= 0.009))
",-9999999.000,-9999999.000,0.000,0.000,1.000,1,0,0,18,19,0,1,18,0.05263157894736842,0,0,1.0,0.05405405405405406,0.9459459459459459
"((Temp <= 32.921) U[1,2] (WBC >= 0.656))
",-9999999.000,-9999999.000,0.000,0.000,1.000,1,0,0,18,19,0,1,18,0.05263157894736842,0,0,1.0,0.05405405405405406,0.9459459459459459
"F[1,2](Lactate >= 0.111 -> Resp <= 27.756)
",-9999999.000,-9999999.000,0.000,0.000,1.000,0,0,0,19,19,0,0,19,0.0,0,0,0.0,0.0,1.0
"F[0,0]((Magnesium <= 1.659 | Resp >= 0.863) & BaseExcess <= 21.741)
",1.797,16.163,0.000,0.000,1.000,0,0,0,19,19,0,0,19,0.0,0,0,0.0,0.0,1.0
"F[0,1](((Chloride >= 4.829 | PaCO2 <= 25.086) -> PaCO2 >= 6.167) -> Magnesium >= 2.846)
",-9999999.000,-9999999.000,0.000,0.000,1.000,0,0,0,19,19,0,0,19,0.0,0,0,0.0,0.0,1.0
"F[0,1](((Calcium >= 0.055 | Temp <= 30.813) | Platelets >= 6.436) | Creatinine >= 2.450)
",-9999999.000,-9999999.000,0.000,0.000,1.000,0,0,0,19,19,0,0,19,0.0,0,0,0.0,0.0,1.0
"F[0,1](((Phosphate >= 0.099 & PTT >= 1.733) | EtCO2 <= 104.787) | EtCO2 <= 142.840)
",-9999999.000,-9999999.000,0.000,0.000,1.000,0,0,0,19,19,0,0,19,0.0,0,0,0.0,0.0,1.0
"F[2,2](Calcium <= 2.886 | FiO2 <= 0.290)
",2.886,2.886,0.000,0.000,1.000,0,0,0,19,19,0,0,19,0.0,0,0,0.0,0.0,1.0
"F[0,1](Hgb <= 8.001 & SBP >= 25.981)
",-9999999.000,-9999999.000,0.000,0.000,1.000,0,0,0,19,19,0,0,19,0.0,0,0,0.0,0.0,1.0
"F[1,2](((DBP <= 72.355 -> FiO2 >= 0.024) | PTT <= 0.176) & MAP >= 0.073)
",-9999999.000,-9999999.000,0.000,0.000,1.000,0,0,0,19,19,0,0,19,0.0,0,0,0.0,0.0,1.0
"F[2,2](((FiO2 <= 0.275 & HR >= 72.119) -> HR >= 25.209) -> HCO3 >= 44.322)
",-7095822352561820.000,-25.209,0.000,0.000,1.000,0,0,0,19,19,0,0,19,0.0,0,0,0.0,0.0,1.0
"F[1,2](((DBP <= 78.519 -> TroponinI >= 0.007) & SBP >= 0.009) -> WBC <= 0.281)
",-9999999.000,-9999999.000,0.000,0.000,1.000,0,0,0,19,19,0,0,19,0.0,0,0,0.0,0.0,1.0
"F[0,1]((BaseExcess <= 0.229 -> Temp >= 5.308) -> FiO2 >= 3.135)
",-9999999.000,-9999999.000,0.000,0.000,1.000,0,0,0,19,19,0,0,19,0.0,0,0,0.0,0.0,1.0
"F[0,1](((Temp >= 6.005 & TroponinI >= 0.004) -> Lactate >= 0.010) | Alkalinephos >= 0.007)
",-9999999.000,-9999999.000,0.000,0.000,1.000,0,0,0,19,19,0,0,19,0.0,0,0,0.0,0.0,1.0
"F[0,1](Potassium <= 1.761 | Temp >= 5.567)
",-9999999.000,-9999999.000,0.000,0.000,1.000,0,0,0,19,19,0,0,19,0.0,0,0,0.0,0.0,1.0
"F[0,1]((BUN >= 1.037 -> Temp <= 18.247) | Temp >= 0.440)
",-9999999.000,-9999999.000,0.000,0.000,1.000,0,0,0,19,19,0,0,19,0.0,0,0,0.0,0.0,1.0
"F[0,1](Calcium >= 0.457 | PaCO2 <= 9.710)
",-9999999.000,-9999999.000,0.000,0.000,1.000,0,0,0,19,19,0,0,19,0.0,0,0,0.0,0.0,1.0
"F[1,1]((HR >= 15.688 & Potassium >= 0.027) | AST <= 3.094)
",6967756496034565.000,3.094,0.000,0.000,1.000,0,0,0,19,19,0,0,19,0.0,0,0,0.0,0.0,1.0
"F[0,2]((Creatinine <= 0.853 & Resp >= 15.687) & HR <= 27.725)
",-9999999.000,-9999999.000,0.000,0.000,1.000,0,0,0,19,19,0,0,19,0.0,0,0,0.0,0.0,1.0
"F[2,2]((Chloride <= 92.027 -> DBP >= 1.619) & Hgb >= 39.523)
",-92.027,-92.027,0.000,0.000,1.000,0,0,0,19,19,0,0,19,0.0,0,0,0.0,0.0,1.0
"F[0,2]((BaseExcess <= 2.531 & Phosphate <= 0.722) | FiO2 >= 0.028)
",-9999999.000,-9999999.000,0.000,0.000,1.000,0,0,0,19,19,0,0,19,0.0,0,0,0.0,0.0,1.0
"F[2,2](FiO2 <= 0.359 & Potassium >= 0.172)
",-0.172,-0.172,0.000,0.000,1.000,0,0,0,19,19,0,0,19,0.0,0,0,0.0,0.0,1.0
"F[0,2](((HCO3 <= 9.310 | PaCO2 <= 29.191) & FiO2 >= 5.581) & Temp <= 10.475)
",-9999999.000,-9999999.000,0.000,0.000,1.000,0,0,0,19,19,0,0,19,0.0,0,0,0.0,0.0,1.0
"F[1,2](HR <= 87.744 -> Magnesium >= 0.069)
",-9999999.000,-9999999.000,0.000,0.000,1.000,0,0,0,19,19,0,0,19,0.0,0,0,0.0,0.0,1.0
"F[2,2](((FiO2 >= 0.024 -> MAP <= 90.024) | SBP <= 77.093) & PaCO2 >= 34.442)
",-34.442,-34.442,0.000,0.000,1.000,0,0,0,19,19,0,0,19,0.0,0,0,0.0,0.0,1.0
"F[1,2]((HCO3 <= 11.491 & Temp >= 3.315) -> TroponinI >= 3.550)
",-9999999.000,-9999999.000,0.000,0.000,1.000,0,0,0,19,19,0,0,19,0.0,0,0,0.0,0.0,1.0
"F[1,2]((HR >= 17.995 -> WBC <= 16.315) | BUN <= 9.397)
",-9999999.000,-9999999.000,0.000,0.000,1.000,0,0,0,19,19,0,0,19,0.0,0,0,0.0,0.0,1.0
"F[0,2](Chloride <= 31.835 & PTT >= 4.893)
",-9999999.000,-9999999.000,0.000,0.000,1.000,0,0,0,19,19,0,0,19,0.0,0,0,0.0,0.0,1.0
"F[0,2](BUN >= 0.011 | PTT >= 2.392)
",-9999999.000,-9999999.000,0.000,0.000,1.000,0,0,0,19,19,0,0,19,0.0,0,0,0.0,0.0,1.0
"F[0,2]((Glucose >= 8.134 & Temp >= 5.463) | PTT <= 13.301)
",-9999999.000,-9999999.000,0.000,0.000,1.000,0,0,0,19,19,0,0,19,0.0,0,0,0.0,0.0,1.0
"F[1,2](SBP <= 123.877 & TroponinI <= 0.027)
",-9999999.000,-9999999.000,0.000,0.000,1.000,0,0,0,19,19,0,0,19,0.0,0,0,0.0,0.0,1.0
"F[2,2]((Chloride <= 9.596 -> HR >= 24.901) -> Chloride >= 3.999)
",9004994291168050.000,3.999,0.000,0.000,1.000,0,0,0,19,19,0,0,19,0.0,0,0,0.0,0.0,1.0
"F[1,2]((BUN >= 0.285 & Resp >= 11.783) | Glucose <= 17.909)
",-9999999.000,-9999999.000,0.000,0.000,1.000,0,0,0,19,19,0,0,19,0.0,0,0,0.0,0.0,1.0
"F[0,1]((Chloride >= 1.028 -> Temp >= 5.021) | Fibrinogen >= 3.921)
",-9999999.000,-9999999.000,0.000,0.000,1.000,0,0,0,19,19,0,0,19,0.0,0,0,0.0,0.0,1.0
"F[1,2](((BUN <= 14.119 & DBP <= 76.652) | Hct >= 12.181) | Fibrinogen <= 69.491)
",-9999999.000,-9999999.000,0.000,0.000,1.000,0,0,0,19,19,0,0,19,0.0,0,0,0.0,0.0,1.0
"F[2,2]((Potassium >= 0.140 & PTT >= 2.273) & TroponinI <= 91.221)
",-5119302477259702.000,-2.273,0.000,0.000,1.000,0,0,0,19,19,0,0,19,0.0,0,0,0.0,0.0,1.0
"((FiO2 >= 0.111) U[0,2] (SBP <= 121.521))
",-9999999.000,-9999999.000,0.000,0.000,1.000,0,0,0,19,19,0,0,19,0.0,0,0,0.0,0.0,1.0
"F[0,2](PTT <= 147.665 | TroponinI <= 0.279)
",-9999999.000,-9999999.000,0.000,0.000,1.000,0,0,0,19,19,0,0,19,0.0,0,0,0.0,0.0,1.0
"F[0,0]((Lactate <= 4.161 | O2Sat >= 27.512) | AST <= 98.442)
",98.442,98.442,0.000,0.000,1.000,0,0,0,19,19,0,0,19,0.0,0,0,0.0,0.0,1.0
"F[0,0]((HCO3 <= 4.503 & Lactate >= 0.101) -> Creatinine <= 3.930)
",-8849929594716380.000,-3.930,0.000,0.000,1.000,0,0,0,19,19,0,0,19,0.0,0,0,0.0,0.0,1.0
"F[0,1](((Lactate <= 0.585 | Chloride <= 46.878) -> TroponinI <= 91.356) & Glucose <= 83.966)
",-9999999.000,-9999999.000,0.000,0.000,1.000,0,0,0,19,19,0,0,19,0.0,0,0,0.0,0.0,1.0
"((Temp >= 4.475) U[0,2] (TroponinI >= 0.001))
",-9999999.000,-9999999.000,0.000,0.000,1.000,0,0,0,19,19,0,0,19,0.0,0,0,0.0,0.0,1.0
"F[1,1](BaseExcess <= 3.142 & EtCO2 >= 0.000)
",0.000,0.000,0.000,0.000,1.000,0,0,0,19,19,0,0,19,0.0,0,0,0.0,0.0,1.0
"((BUN >= 0.770) U[0,2] (Resp <= 20.144))
",-9999999.000,-9999999.000,0.000,0.000,1.000,0,0,0,19,19,0,0,19,0.0,0,0,0.0,0.0,1.0
"F[2,2]((WBC <= 15.834 & Calcium >= 0.022) | AST >= 0.413)
",-6257587704686651.000,-0.022,0.000,0.000,1.000,0,0,0,19,19,0,0,19,0.0,0,0,0.0,0.0,1.0
"F[0,2](((PaCO2 <= 44.823 & BUN <= 9.342) | SBP <= 17.114) & Magnesium >= 0.737)
",-9999999.000,-9999999.000,0.000,0.000,1.000,0,0,0,19,19,0,0,19,0.0,0,0,0.0,0.0,1.0
"F[0,2]((SaO2 >= 0.000 & Hgb <= 4.566) & PaCO2 <= 6.130)
",-9999999.000,-9999999.000,0.000,0.000,1.000,0,0,0,19,19,0,0,19,0.0,0,0,0.0,0.0,1.0
"F[1,2](Platelets <= 17.316 | SepsisLabel <= 0.000)
",-9999999.000,-9999999.000,0.000,0.000,1.000,0,0,0,19,19,0,0,19,0.0,0,0,0.0,0.0,1.0
"F[0,1](Bilirubin_total >= 0.007 | BaseExcess >= -0.119)
",-9999999.000,-9999999.000,0.000,0.000,1.000,0,0,0,19,19,0,0,19,0.0,0,0,0.0,0.0,1.0
"((BUN <= 6.416) U[0,1] (Chloride <= 7.168))
",-9999999.000,-9999999.000,0.000,0.000,1.000,0,0,0,19,19,0,0,19,0.0,0,0,0.0,0.0,1.0
"((SepsisLabel <= 0.000) U[1,1] (EtCO2 >= 0.000))
",0.000,0.000,0.000,0.000,1.000,0,0,0,19,19,0,0,19,0.0,0,0,0.0,0.0,1.0
"F[0,1]((pH >= 0.349 | Alkalinephos >= 0.000) | TroponinI >= 0.000)
",-9999999.000,-9999999.000,0.000,0.000,1.000,0,0,0,19,19,0,0,19,0.0,0,0,0.0,0.0,1.0
"F[0,2]((Lactate >= 0.084 | pH <= 4.586) & Platelets <= 6.105)
",-9999999.000,-9999999.000,0.000,0.000,1.000,0,0,0,19,19,0,0,19,0.0,0,0,0.0,0.0,1.0
"F[0,1](((BaseExcess <= 0.955 -> Fibrinogen <= 0.000) -> AST <= 0.000) -> Chloride >= 0.000)
",-9999999.000,-9999999.000,0.000,0.000,1.000,0,0,0,19,19,0,0,19,0.0,0,0,0.0,0.0,1.0
"F[0,2]((Hct >= 3.348 & DBP >= 4.098) | BUN >= 33.441)
",-9999999.000,-9999999.000,0.000,0.000,1.000,0,0,0,19,19,0,0,19,0.0,0,0,0.0,0.0,1.0
"F[0,0](((WBC <= 18.082 | Fibrinogen >= 0.000) & Bilirubin_direct >= 0.000) | PaCO2 >= 0.000)
",0.535,1.640,0.000,0.000,1.000,0,0,0,19,19,0,0,19,0.0,0,0,0.0,0.0,1.0
"F[2,2](HR >= 75.069 -> HCO3 <= 26.475)
",-26.475,-26.475,0.000,0.000,1.000,0,0,0,19,19,0,0,19,0.0,0,0,0.0,0.0,1.0
"((FiO2 <= 0.290) U[0,2] (Calcium >= 0.192))
",-9999999.000,-9999999.000,0.000,0.000,1.000,0,0,0,19,19,0,0,19,0.0,0,0,0.0,0.0,1.0
"F[0,0](((BUN <= 7.224 | PTT <= 110.214) | Magnesium <= 44.810) | Resp <= 64.083)
",110.214,110.214,0.000,0.000,1.000,0,0,0,19,19,0,0,19,0.0,0,0,0.0,0.0,1.0
"F[0,1]((O2Sat >= 8.134 -> Fibrinogen >= 0.000) -> Temp <= 0.000)
",-9999999.000,-9999999.000,0.000,0.000,1.000,0,0,0,19,19,0,0,19,0.0,0,0,0.0,0.0,1.0
"F[2,2](Platelets >= 10.775 & MAP >= 16.012)
",-4507073073415382.000,-16.012,0.000,0.000,1.000,0,0,0,19,19,0,0,19,0.0,0,0,0.0,0.0,1.0
"F[0,0](BUN >= 0.306 | Bilirubin_total <= 0.546)
",0.546,0.546,0.000,0.000,1.000,0,0,0,19,19,0,0,19,0.0,0,0,0.0,0.0,1.0
"F[1,2]((MAP >= 24.542 & pH >= 1.069) -> Hct <= 2.644)
",-9999999.000,-9999999.000,0.000,0.000,1.000,0,0,0,19,19,0,0,19,0.0,0,0,0.0,0.0,1.0
"F[0,0](((BUN <= 2.398 -> BaseExcess <= 0.616) & TroponinI <= 3.940) | Hct <= 1.787)
",19.263,1.765,0.000,0.000,1.000,0,0,0,19,19,0,0,19,0.0,0,0,0.0,0.0,1.0
"F[1,2]((Lactate >= 0.106 -> Alkalinephos <= 0.000) -> HCO3 <= 0.000)
",-9999999.000,-9999999.000,0.000,0.000,1.000,0,0,0,19,19,0,0,19,0.0,0,0,0.0,0.0,1.0
"((O2Sat >= 23.564) U[2,2] (HCO3 >= 0.099))
",-0.099,-0.099,0.000,0.000,1.000,0,0,0,19,19,0,0,19,0.0,0,0,0.0,0.0,1.0
"((Hgb >= 0.139) U[0,1] (SaO2 >= 0.000))
",-9999999.000,-9999999.000,0.000,0.000,1.000,0,0,0,19,19,0,0,19,0.0,0,0,0.0,0.0,1.0
"F[1,2]((SepsisLabel <= 0.000 | Creatinine <= 0.082) | Chloride <= 0.258)
",-9999999.000,-9999999.000,0.000,0.000,1.000,0,0,0,19,19,0,0,19,0.0,0,0,0.0,0.0,1.0
"((BaseExcess >= 0.097) U[0,2] (Fibrinogen >= 0.000))
",-9999999.000,-9999999.000,0.000,0.000,1.000,0,0,0,19,19,0,0,19,0.0,0,0,0.0,0.0,1.0
"F[2,2]((Hgb >= 0.355 | Lactate <= 1.255) | Creatinine >= 0.075)
",1.255,1.255,0.000,0.000,1.000,0,0,0,19,19,0,0,19,0.0,0,0,0.0,0.0,1.0
"((TroponinI >= 0.006) U[0,2] (Alkalinephos >= 0.000))
",-9999999.000,-9999999.000,0.000,0.000,1.000,0,0,0,19,19,0,0,19,0.0,0,0,0.0,0.0,1.0
"F[1,2]((Temp <= 11.296 | FiO2 >= 0.030) | SaO2 >= 0.085)
",-9999999.000,-9999999.000,0.000,0.000,1.000,0,0,0,19,19,0,0,19,0.0,0,0,0.0,0.0,1.0
"((Bilirubin_direct >= 0.000) U[1,1] (AST >= 0.000))
",0.000,0.000,0.000,0.000,1.000,0,0,0,19,19,0,0,19,0.0,0,0,0.0,0.0,1.0
"((SBP >= 67.007) U[0,2] (Phosphate <= 3.232))
",-9999999.000,-9999999.000,0.000,0.000,1.000,0,0,0,19,19,0,0,19,0.0,0,0,0.0,0.0,1.0
"F[0,2](O2Sat <= 84.275 & Phosphate <= 3.518)
",-9999999.000,-9999999.000,0.000,0.000,1.000,0,0,0,19,19,0,0,19,0.0,0,0,0.0,0.0,1.0
"F[1,2](((pH >= 0.483 & TroponinI >= 0.002) | O2Sat <= 0.368) -> PaCO2 <= 0.043)
",-9999999.000,-9999999.000,0.000,0.000,1.000,0,0,0,19,19,0,0,19,0.0,0,0,0.0,0.0,1.0
"F[2,2](((HR <= 104.279 & Calcium <= 0.644) -> Temp >= 0.125) | pH >= 0.325)
",-0.325,-0.325,0.000,0.000,1.000,0,0,0,19,19,0,0,19,0.0,0,0,0.0,0.0,1.0
"F[1,2](Lactate >= 0.083 | TroponinI <= 0.136)
",-9999999.000,-9999999.000,0.000,0.000,1.000,0,0,0,19,19,0,0,19,0.0,0,0,0.0,0.0,1.0
"F[2,2](Lactate >= 0.024 | PTT <= 85.058)
",85.058,85.058,0.000,0.000,1.000,0,0,0,19,19,0,0,19,0.0,0,0,0.0,0.0,1.0
"F[2,2]((BUN <= 15.405 | SBP >= 36.347) & Bilirubin_direct <= 90.375)
",15.405,15.405,0.000,0.000,1.000,0,0,0,19,19,0,0,19,0.0,0,0,0.0,0.0,1.0
"F[0,1](BaseExcess >= -0.774 | HR <= 103.391)
",-9999999.000,-9999999.000,0.000,0.000,1.000,0,0,0,19,19,0,0,19,0.0,0,0,0.0,0.0,1.0
"F[0,0](Glucose >= 7.466 -> TroponinI <= 0.385)
",-0.385,-0.385,0.000,0.000,1.000,0,0,0,19,19,0,0,19,0.0,0,0,0.0,0.0,1.0
"F[2,2]((Phosphate >= 0.104 | TroponinI >= 0.006) | BUN <= 0.298)
",0.298,0.298,0.000,0.000,1.000,0,0,0,19,19,0,0,19,0.0,0,0,0.0,0.0,1.0
"F[0,2](((HCO3 >= 0.904 -> TroponinI >= 0.000) | Glucose <= 0.015) | Glucose <= 0.248)
",-9999999.000,-9999999.000,0.000,0.000,1.000,0,0,0,19,19,0,0,19,0.0,0,0,0.0,0.0,1.0
"F[1,1](((Creatinine >= 0.041 -> TroponinI <= 0.314) | SaO2 <= 0.021) | O2Sat <= 0.272)
",4907333323212230.000,0.272,0.000,0.000,1.000,0,0,0,19,19,0,0,19,0.0,0,0,0.0,0.0,1.0
"F[2,2](((Potassium >= 0.056 | TroponinI >= 0.010) -> Magnesium >= 0.009) & WBC >= 0.008)
",-0.008,-0.008,0.000,0.000,1.000,0,0,0,19,19,0,0,19,0.0,0,0,0.0,0.0,1.0
"F[0,1](TroponinI >= 0.000 | WBC <= 4.742)
",-9999999.000,-9999999.000,0.000,0.000,1.000,0,0,0,19,19,0,0,19,0.0,0,0,0.0,0.0,1.0
"F[1,2](Chloride >= 1.075 & TroponinI <= 0.321)
",-9999999.000,-9999999.000,0.000,0.000,1.000,0,0,0,19,19,0,0,19,0.0,0,0,0.0,0.0,1.0
"((DBP >= 37.115) U[0,2] (Hct >= 2.005))
",-9999999.000,-9999999.000,0.000,0.000,1.000,0,0,0,19,19,0,0,19,0.0,0,0,0.0,0.0,1.0
"((FiO2 >= 0.039) U[0,2] (HCO3 <= 22.793))
",-9999999.000,-9999999.000,0.000,0.000,1.000,0,0,0,19,19,0,0,19,0.0,0,0,0.0,0.0,1.0
"((DBP >= 31.165) U[2,2] (pH >= 0.771))
",-6944703782281972.000,-0.771,0.000,0.000,1.000,0,0,0,19,19,0,0,19,0.0,0,0,0.0,0.0,1.0
"F[1,2](PaCO2 >= 3.970 | TroponinI >= 0.009)
",-9999999.000,-9999999.000,0.000,0.000,1.000,0,0,0,19,19,0,0,19,0.0,0,0,0.0,0.0,1.0
"F[0,2]((Bilirubin_total <= 0.348 & Lactate >= 0.012) | PaCO2 <= 2.007)
",-9999999.000,-9999999.000,0.000,0.000,1.000,0,0,0,19,19,0,0,19,0.0,0,0,0.0,0.0,1.0
"F[1,1](BaseExcess <= 2.432 | Bilirubin_total <= 0.384)
",5476342082326699.000,2.432,0.000,0.000,1.000,0,0,0,19,19,0,0,19,0.0,0,0,0.0,0.0,1.0
"F[0,2](PTT >= 2.936 | SBP <= 105.556)
",-9999999.000,-9999999.000,0.000,0.000,1.000,0,0,0,19,19,0,0,19,0.0,0,0,0.0,0.0,1.0
"F[1,2]((Platelets >= 6.971 | Bilirubin_total >= 0.006) | Magnesium >= 0.009)
",-9999999.000,-9999999.000,0.000,0.000,1.000,0,0,0,19,19,0,0,19,0.0,0,0,0.0,0.0,1.0
"F[1,2]((PaCO2 <= 44.318 & Calcium >= 0.116) | Hgb >= 0.079)
",-9999999.000,-9999999.000,0.000,0.000,1.000,0,0,0,19,19,0,0,19,0.0,0,0,0.0,0.0,1.0
"F[0,2](((Creatinine <= 0.444 -> Bilirubin_direct <= 0.000) & SBP <= 0.000) & Calcium <= 0.000)
",-9999999.000,-9999999.000,0.000,0.000,1.000,0,0,0,19,19,0,0,19,0.0,0,0,0.0,0.0,1.0
"F[0,2](AST <= 0.000 | Alkalinephos >= 0.000)
",-9999999.000,-9999999.000,0.000,0.000,1.000,0,0,0,19,19,0,0,19,0.0,0,0,0.0,0.0,1.0
"F[0,0](((Potassium <= 2.634 & Alkalinephos <= 0.000) -> Platelets <= 0.000) | BaseExcess <= 0.000)
",0.000,0.000,0.000,0.000,1.000,0,0,0,19,19,0,0,19,0.0,0,0,0.0,0.0,1.0
"F[1,2]((Platelets >= 12.065 | Phosphate >= 0.034) & BUN >= 0.099)
",-9999999.000,-9999999.000,0.000,0.000,1.000,0,0,0,19,19,0,0,19,0.0,0,0,0.0,0.0,1.0
"((pH <= 6.783) U[2,2] (MAP >= 37.655))
",6.783,6.783,0.000,0.000,1.000,0,0,0,19,19,0,0,19,0.0,0,0,0.0,0.0,1.0
"F[0,2](((Lactate <= 1.611 | BaseExcess <= 3.225) | O2Sat <= 1.252) -> WBC >= -0.201)
",-9999999.000,-9999999.000,0.000,0.000,1.000,0,0,0,19,19,0,0,19,0.0,0,0,0.0,0.0,1.0
"F[0,2](((Hct >= 3.387 & SBP <= 81.178) | PaCO2 <= 123.774) & WBC <= 134.136)
",-9999999.000,-9999999.000,0.000,0.000,1.000,0,0,0,19,19,0,0,19,0.0,0,0,0.0,0.0,1.0
"F[1,2]((HCO3 >= 0.623 & PaCO2 <= 34.457) & Creatinine <= 20.914)
",-9999999.000,-9999999.000,0.000,0.000,1.000,0,0,0,19,19,0,0,19,0.0,0,0,0.0,0.0,1.0
"F[1,2]((O2Sat <= 92.100 | HCO3 <= 12.100) -> AST <= 8.656)
",-9999999.000,-9999999.000,0.000,0.000,1.000,0,0,0,19,19,0,0,19,0.0,0,0,0.0,0.0,1.0
"F[0,1](((Potassium >= 0.168 | Calcium >= 0.059) & FiO2 <= 5.908) | Alkalinephos <= 7.933)
",-9999999.000,-9999999.000,0.000,0.000,1.000,0,0,0,19,19,0,0,19,0.0,0,0,0.0,0.0,1.0
"F[1,2](((PaCO2 <= 15.979 & Resp >= 9.101) -> PaCO2 <= 27.041) & Phosphate <= 17.365)
",-9999999.000,-9999999.000,0.000,0.000,1.000,0,0,0,19,19,0,0,19,0.0,0,0,0.0,0.0,1.0
"F[1,2]((BaseExcess <= 0.457 | Hct >= 0.011) -> O2Sat >= 2.140)
",-9999999.000,-9999999.000,0.000,0.000,1.000,0,0,0,19,19,0,0,19,0.0,0,0,0.0,0.0,1.0
"F[1,2](((EtCO2 >= 0.000 & HR <= 108.474) & Resp <= 98.663) | SepsisLabel <= 104.874)
",-9999999.000,-9999999.000,0.000,0.000,1.000,0,0,0,19,19,0,0,19,0.0,0,0,0.0,0.0,1.0
"F[1,2]((Hgb >= 0.043 -> MAP <= 89.355) -> EtCO2 >= 1.733)
",-9999999.000,-9999999.000,0.000,0.000,1.000,0,0,0,19,19,0,0,19,0.0,0,0,0.0,0.0,1.0
"F[0,1](Hgb <= 1.683 | Hct <= 12.649)
",-9999999.000,-9999999.000,0.000,0.000,1.000,0,0,0,19,19,0,0,19,0.0,0,0,0.0,0.0,1.0
"F[0,0](((PaCO2 >= 4.531 & WBC <= 12.450) & Platelets >= 0.368) -> Bilirubin_direct >= 0.144)
",0.144,0.144,0.000,0.000,1.000,0,0,0,19,19,0,0,19,0.0,0,0,0.0,0.0,1.0
"F[0,2](Resp > 3.776 -> SepsisLabel = 0.000)
",-9999999.000,-9999999.000,0.000,0.000,1.000,0,0,0,19,19,0,0,19,0.0,0,0,0.0,0.0,1.0
"F[0,0](BUN > 0.567 -> SepsisLabel = 0.000)
",0.000,0.000,0.000,0.000,1.000,0,0,0,19,19,0,0,19,0.0,0,0,0.0,0.0,1.0
"F[1,2](Bilirubin_total <= 0.558 -> SepsisLabel = 0.000)
",-9999999.000,-9999999.000,0.000,0.000,1.000,0,0,0,19,19,0,0,19,0.0,0,0,0.0,0.0,1.0
"((WBC >= 0.674) U[0,1] (SepsisLabel = 0.000))
",-9999999.000,-9999999.000,0.000,0.000,1.000,0,0,0,19,19,0,0,19,0.0,0,0,0.0,0.0,1.0
"F[0,2](SaO2 < 0.000 -> SepsisLabel = 0.000)
",-9999999.000,-9999999.000,0.000,0.000,1.000,0,0,0,19,19,0,0,19,0.0,0,0,0.0,0.0,1.0
"F[0,1](SepsisLabel <= 0.000 -> SepsisLabel = 0.000)
",-9999999.000,-9999999.000,0.000,0.000,1.000,0,0,0,19,19,0,0,19,0.0,0,0,0.0,0.0,1.0
"((BUN >= 0.254) U[0,1] (SepsisLabel = 0.000))
",-9999999.000,-9999999.000,0.000,0.000,1.000,0,0,0,19,19,0,0,19,0.0,0,0,0.0,0.0,1.0
"F[1,2](PTT <= 144.431 & SepsisLabel = 0.000)
",-9999999.000,-9999999.000,0.000,0.000,1.000,0,0,0,19,19,0,0,19,0.0,0,0,0.0,0.0,1.0
"((Hgb > 0.243) U[0,1] (SepsisLabel = 0.000))
",-9999999.000,-9999999.000,0.000,0.000,1.000,0,0,0,19,19,0,0,19,0.0,0,0,0.0,0.0,1.0
"F[0,2](Chloride <= 52.731 & SepsisLabel = 0.000)
",-9999999.000,-9999999.000,0.000,0.000,1.000,0,0,0,19,19,0,0,19,0.0,0,0,0.0,0.0,1.0
"F[1,2](SaO2 > 0.000 -> SepsisLabel = 0.000)
",-9999999.000,-9999999.000,0.000,0.000,1.000,0,0,0,19,19,0,0,19,0.0,0,0,0.0,0.0,1.0
"F[0,2](PTT < 56.273 -> SepsisLabel = 0.000)
",-9999999.000,-9999999.000,0.000,0.000,1.000,0,0,0,19,19,0,0,19,0.0,0,0,0.0,0.0,1.0
"((SaO2 <= 0.000) U[0,0] (SepsisLabel = 0.000))
",0.000,0.000,0.000,0.000,1.000,0,0,0,19,19,0,0,19,0.0,0,0,0.0,0.0,1.0
"F[0,0](PTT < 40.544 -> SepsisLabel = 0.000)
",-40.544,-40.544,0.000,0.000,1.000,0,0,0,19,19,0,0,19,0.0,0,0,0.0,0.0,1.0
"F[0,1](O2Sat >= 21.677 -> SepsisLabel = 0.000)
",-9999999.000,-9999999.000,0.000,0.000,1.000,0,0,0,19,19,0,0,19,0.0,0,0,0.0,0.0,1.0
"F[2,2](PTT <= 12.455 -> SepsisLabel = 0.000)
",-12.455,-12.455,0.000,0.000,1.000,0,0,0,19,19,0,0,19,0.0,0,0,0.0,0.0,1.0
"((Hgb <= 8.082) U[0,2] (SepsisLabel = 0.000))
",-9999999.000,-9999999.000,0.000,0.000,1.000,0,0,0,19,19,0,0,19,0.0,0,0,0.0,0.0,1.0
"F[1,2](Magnesium <= 1.557 -> SepsisLabel = 0.000)
",-9999999.000,-9999999.000,0.000,0.000,1.000,0,0,0,19,19,0,0,19,0.0,0,0,0.0,0.0,1.0
"F[1,1](((Potassium >= 0.053 -> SBP <= 100.234) | Fibrinogen >= 65.830) & EtCO2 <= 117.104)
",-4632358582384309.000,-65.830,0.000,0.000,1.000,0,0,0,19,19,0,0,19,0.0,0,0,0.0,0.0,1.0
"F[0,2](AST > 0.000 -> SepsisLabel = 0.000)
",-9999999.000,-9999999.000,0.000,0.000,1.000,0,0,0,19,19,0,0,19,0.0,0,0,0.0,0.0,1.0
"F[0,1](((Chloride >= 1.921 & Creatinine >= 0.017) & MAP >= 0.043) | Phosphate <= 0.180)
",-9999999.000,-9999999.000,0.000,0.000,1.000,0,0,0,19,19,0,0,19,0.0,0,0,0.0,0.0,1.0
"F[0,2]((Calcium >= 0.303 -> HCO3 >= 0.117) | Bilirubin_total >= 0.483)
",-9999999.000,-9999999.000,0.000,0.000,1.000,0,0,0,19,19,0,0,19,0.0,0,0,0.0,0.0,1.0
"F[2,2](((BUN <= 5.439 & Calcium >= 0.408) & Platelets >= 0.394) -> Bilirubin_direct <= 0.998)
",-0.998,-0.998,0.000,0.000,1.000,0,0,0,19,19,0,0,19,0.0,0,0,0.0,0.0,1.0
"F[0,2](Chloride >= 0.993 -> Hgb >= 0.443)
",-9999999.000,-9999999.000,0.000,0.000,1.000,0,0,0,19,19,0,0,19,0.0,0,0,0.0,0.0,1.0
"F[0,1](Hgb <= 3.795 & Magnesium <= 0.888)
",-9999999.000,-9999999.000,0.000,0.000,1.000,0,0,0,19,19,0,0,19,0.0,0,0,0.0,0.0,1.0
"F[0,2](((Magnesium <= 0.364 & Potassium >= 0.109) -> Magnesium <= 2.110) | Glucose <= 1.512)
",-9999999.000,-9999999.000,0.000,0.000,1.000,0,0,0,19,19,0,0,19,0.0,0,0,0.0,0.0,1.0
"F[0,2](Chloride >= 4.078 | Platelets >= 1.533)
",-9999999.000,-9999999.000,0.000,0.000,1.000,0,0,0,19,19,0,0,19,0.0,0,0,0.0,0.0,1.0
"((Magnesium >= 0.019) U[2,2] (Platelets <= 79.268))
",79.268,79.268,0.000,0.000,1.000,0,0,0,19,19,0,0,19,0.0,0,0,0.0,0.0,1.0
"((Creatinine >= 0.031) U[0,2] (Potassium <= 3.615))
",-9999999.000,-9999999.000,0.000,0.000,1.000,0,0,0,19,19,0,0,19,0.0,0,0,0.0,0.0,1.0
"((Calcium <= 6.407) U[0,2] (WBC >= 0.177))
",-9999999.000,-9999999.000,0.000,0.000,1.000,0,0,0,19,19,0,0,19,0.0,0,0,0.0,0.0,1.0
"((BUN >= 0.509) U[0,2] (WBC >= 0.561))
",-9999999.000,-9999999.000,0.000,0.000,1.000,0,0,0,19,19,0,0,19,0.0,0,0,0.0,0.0,1.0
"F[0,2](((Potassium <= 0.815 & WBC <= 5.590) -> Chloride <= 18.038) & SaO2 >= 0.016)
",-9999999.000,-9999999.000,0.000,0.000,1.000,0,0,0,19,19,0,0,19,0.0,0,0,0.0,0.0,1.0
"F[2,2]((Magnesium <= 0.245 -> WBC <= 12.094) & TroponinI <= 2.457)
",-6808372918578885.000,-12.094,0.000,0.000,1.000,0,0,0,19,19,0,0,19,0.0,0,0,0.0,0.0,1.0
"F[0,0](((BUN <= 3.147 & Platelets >= 2.889) | PTT <= 52.834) -> Calcium <= 139.220)
",-4898379361639493.000,-139.220,0.000,0.000,1.000,0,0,0,19,19,0,0,19,0.0,0,0,0.0,0.0,1.0
"F[0,1]((Chloride >= 4.231 -> Magnesium >= 0.015) | AST <= 0.293)
",-9999999.000,-9999999.000,0.000,0.000,1.000,0,0,0,19,19,0,0,19,0.0,0,0,0.0,0.0,1.0
"((SepsisLabel > 0.000) U[2,2] (SepsisLabel = 0.000))
",0.000,0.000,0.000,0.000,1.000,0,0,0,19,19,0,0,19,0.0,0,0,0.0,0.0,1.0
"F[0,2](Hgb < 2.004 & SepsisLabel = 0.000)
",-9999999.000,-9999999.000,0.000,0.000,1.000,0,0,0,19,19,0,0,19,0.0,0,0,0.0,0.0,1.0
"F[1,2](HR <= 123.495 -> SepsisLabel = 0.000)
",-9999999.000,-9999999.000,0.000,0.000,1.000,0,0,0,19,19,0,0,19,0.0,0,0,0.0,0.0,1.0
"((MAP >= 31.616) U[0,2] (SBP <= 104.949))
",-9999999.000,-9999999.000,0.000,0.000,1.000,0,0,0,19,19,0,0,19,0.0,0,0,0.0,0.0,1.0
"F[2,2](Hgb <= 8.780 | Hct <= 18.348)
",18.348,18.348,0.000,0.000,1.000,0,0,0,19,19,0,0,19,0.0,0,0,0.0,0.0,1.0
"((MAP >= 40.292) U[0,1] (SBP <= 135.978))
",-9999999.000,-9999999.000,0.000,0.000,1.000,0,0,0,19,19,0,0,19,0.0,0,0,0.0,0.0,1.0
"F[2,2]((Phosphate >= 0.005 & Magnesium > 0.008) -> Calcium < 7.280)
",-7.280,-7.280,0.000,0.000,1.000,0,0,0,19,19,0,0,19,0.0,0,0,0.0,0.0,1.0
"F[1,2](((Calcium < 5.828 & Potassium < 3.760) & Magnesium < 1.301) & Phosphate < 2.630)
",-9999999.000,-9999999.000,0.000,0.000,1.000,0,0,0,19,19,0,0,19,0.0,0,0,0.0,0.0,1.0
"F[2,2]((Calcium <= 7.723 & Potassium <= 3.010) & Magnesium >= 0.083)
",-0.083,-0.083,0.000,0.000,1.000,0,0,0,19,19,0,0,19,0.0,0,0,0.0,0.0,1.0
"F[0,2](Hgb <= 9.481 | Hct <= 23.758)
",-9999999.000,-9999999.000,0.000,0.000,1.000,0,0,0,19,19,0,0,19,0.0,0,0,0.0,0.0,1.0
"F[0,1]((Phosphate >= 0.032 & Magnesium > 0.019) -> Calcium < 5.161)
",-9999999.000,-9999999.000,0.000,0.000,1.000,0,0,0,19,19,0,0,19,0.0,0,0,0.0,0.0,1.0
"F[0,1](((Calcium < 6.434 & Potassium < 2.847) & Magnesium < 1.378) & Phosphate < 3.645)
",-9999999.000,-9999999.000,0.000,0.000,1.000,0,0,0,19,19,0,0,19,0.0,0,0,0.0,0.0,1.0
"F[0,1](Hgb <= 1.382 | Hct <= 19.696)
",-9999999.000,-9999999.000,0.000,0.000,1.000,0,0,0,19,19,0,0,19,0.0,0,0,0.0,0.0,1.0
"((MAP >= 0.286) U[2,2] (SBP <= 87.839))
",87.839,87.839,0.000,0.000,1.000,0,0,0,19,19,0,0,19,0.0,0,0,0.0,0.0,1.0
"F[0,2]((Phosphate >= 0.033 & Magnesium > 0.002) -> Calcium < 6.867)
",-9999999.000,-9999999.000,0.000,0.000,1.000,0,0,0,19,19,0,0,19,0.0,0,0,0.0,0.0,1.0
"F[0,1](((Calcium < 4.151 & Potassium < 2.400) & Magnesium < 1.495) & Phosphate < 2.183)
",-9999999.000,-9999999.000,0.000,0.000,1.000,0,0,0,19,19,0,0,19,0.0,0,0,0.0,0.0,1.0
"F[0,1](Hgb <= 11.759 | Hct <= 4.427)
",-9999999.000,-9999999.000,0.000,0.000,1.000,0,0,0,19,19,0,0,19,0.0,0,0,0.0,0.0,1.0
"F[2,2]((Phosphate >= 0.024 & Magnesium > 0.089) -> Calcium < 5.283)
",-5.283,-5.283,0.000,0.000,1.000,0,0,0,19,19,0,0,19,0.0,0,0,0.0,0.0,1.0
"F[1,2](((Calcium < 3.046 & Potassium < 2.532) & Magnesium < 1.476) & Phosphate < 2.803)
",-9999999.000,-9999999.000,0.000,0.000,1.000,0,0,0,19,19,0,0,19,0.0,0,0,0.0,0.0,1.0
"F[0,2]((Calcium <= 1.180 & Potassium <= 1.551) & Magnesium >= 0.091)
",-9999999.000,-9999999.000,0.000,0.000,1.000,0,0,0,19,19,0,0,19,0.0,0,0,0.0,0.0,1.0
"((MAP >= 19.594) U[0,1] (SBP <= 129.518))
",-9999999.000,-9999999.000,0.000,0.000,1.000,0,0,0,19,19,0,0,19,0.0,0,0,0.0,0.0,1.0
"F[0,2](Hgb <= 1.092 | Hct <= 11.349)
",-9999999.000,-9999999.000,0.000,0.000,1.000,0,0,0,19,19,0,0,19,0.0,0,0,0.0,0.0,1.0
"F[2,2](Hgb <= 8.799 | Hct <= 6.201)
",4953466295954998.000,8.799,0.000,0.000,1.000,0,0,0,19,19,0,0,19,0.0,0,0,0.0,0.0,1.0
"F[0,2]((Phosphate >= 0.054 & Magnesium > 0.085) -> Calcium < 7.217)
",-9999999.000,-9999999.000,0.000,0.000,1.000,0,0,0,19,19,0,0,19,0.0,0,0,0.0,0.0,1.0
"F[1,2](((Calcium < 2.801 & Potassium < 2.013) & Magnesium < 0.385) & Phosphate < 1.743)
",-9999999.000,-9999999.000,0.000,0.000,1.000,0,0,0,19,19,0,0,19,0.0,0,0,0.0,0.0,1.0
"F[0,1](Hgb <= 8.302 | Hct <= 7.574)
",-9999999.000,-9999999.000,0.000,0.000,1.000,0,0,0,19,19,0,0,19,0.0,0,0,0.0,0.0,1.0
"((MAP >= 50.026) U[0,2] (SBP <= 87.172))
",-9999999.000,-9999999.000,0.000,0.000,1.000,0,0,0,19,19,0,0,19,0.0,0,0,0.0,0.0,1.0
"F[0,1](((Calcium < 7.904 & Potassium < 1.190) & Magnesium < 1.502) & Phosphate < 1.802)
",-9999999.000,-9999999.000,0.000,0.000,1.000,0,0,0,19,19,0,0,19,0.0,0,0,0.0,0.0,1.0
"F[2,2]((Calcium <= 2.054 & Potassium <= 3.743) & Magnesium >= 0.079)
",-5721065035860692.000,-0.079,0.000,0.000,1.000,0,0,0,19,19,0,0,19,0.0,0,0,0.0,0.0,1.0
"F[1,2]((Phosphate >= 0.121 & Magnesium > 0.056) -> Calcium < 1.232)
",-9999999.000,-9999999.000,0.000,0.000,1.000,0,0,0,19,19,0,0,19,0.0,0,0,0.0,0.0,1.0
"F[0,2](((Calcium < 1.328 & Potassium < 1.566) & Magnesium < 0.098) & Phosphate < 2.605)
",-9999999.000,-9999999.000,0.000,0.000,1.000,0,0,0,19,19,0,0,19,0.0,0,0,0.0,0.0,1.0
"F[1,2](((Calcium < 2.475 & Potassium < 3.197) & Magnesium < 1.351) & Phosphate < 1.689)
",-9999999.000,-9999999.000,0.000,0.000,1.000,0,0,0,19,19,0,0,19,0.0,0,0,0.0,0.0,1.0
"F[0,2]((Calcium <= 0.997 & Potassium <= 3.021) & Magnesium >= 0.016)
",-9999999.000,-9999999.000,0.000,0.000,1.000,0,0,0,19,19,0,0,19,0.0,0,0,0.0,0.0,1.0
"F[0,1](Hgb <= 2.334 | Hct <= 15.531)
",-9999999.000,-9999999.000,0.000,0.000,1.000,0,0,0,19,19,0,0,19,0.0,0,0,0.0,0.0,1.0
"F[1,2](Hgb <= 0.712 | Hct <= 23.331)
",-9999999.000,-9999999.000,0.000,0.000,1.000,0,0,0,19,19,0,0,19,0.0,0,0,0.0,0.0,1.0
"((MAP >= 14.143) U[2,2] (SBP <= 104.309))
",7340070891646436.000,104.309,0.000,0.000,1.000,0,0,0,19,19,0,0,19,0.0,0,0,0.0,0.0,1.0
"F[0,2]((Phosphate >= 0.110 & Magnesium > 0.069) -> Calcium < 3.892)
",-9999999.000,-9999999.000,0.000,0.000,1.000,0,0,0,19,19,0,0,19,0.0,0,0,0.0,0.0,1.0
"F[1,2]((Chloride <= 53.208 -> HCO3 <= 25.508) & Platelets <= 9.962)
",-9999999.000,-9999999.000,0.000,0.000,1.000,0,0,0,19,19,0,0,19,0.0,0,0,0.0,0.0,1.0
"F[0,2](((Calcium >= 0.204 -> Creatinine <= 0.898) | SepsisLabel >= 0.009) & Phosphate <= 0.371)
",-9999999.000,-9999999.000,0.000,0.000,1.000,0,0,0,19,19,0,0,19,0.0,0,0,0.0,0.0,1.0
"((PaCO2 <= 50.904) U[1,2] (pH <= 5.982))
",-9999999.000,-9999999.000,0.000,0.000,1.000,0,0,0,19,19,0,0,19,0.0,0,0,0.0,0.0,1.0
"F[2,2](O2Sat >= 60.679 -> Phosphate >= 0.027)
",0.027,0.027,0.000,0.000,1.000,0,0,0,19,19,0,0,19,0.0,0,0,0.0,0.0,1.0
"F[1,2]((BaseExcess <= 2.519 -> Calcium >= 0.316) -> Hct <= 3.657)
",-9999999.000,-9999999.000,0.000,0.000,1.000,0,0,0,19,19,0,0,19,0.0,0,0,0.0,0.0,1.0
"F[0,2](pH <= 5.636 -> Temp <= 26.469)
",-9999999.000,-9999999.000,0.000,0.000,1.000,0,0,0,19,19,0,0,19,0.0,0,0,0.0,0.0,1.0
"((Calcium >= 0.172) U[0,2] (pH <= 3.009))
",-9999999.000,-9999999.000,0.000,0.000,1.000,0,0,0,19,19,0,0,19,0.0,0,0,0.0,0.0,1.0
"F[1,2](((BaseExcess >= -0.543 -> Platelets <= 195.595) & Bilirubin_direct >= 4.921) | Creatinine <= 141.101)
",-9999999.000,-9999999.000,0.000,0.000,1.000,0,0,0,19,19,0,0,19,0.0,0,0,0.0,0.0,1.0
"F[2,2]((MAP <= 77.327 -> pH <= 6.396) | Magnesium <= 1.932)
",8699624343053771.000,1.932,0.000,0.000,1.000,0,0,0,19,19,0,0,19,0.0,0,0,0.0,0.0,1.0
"F[0,2]((BaseExcess <= 1.612 & BUN >= 0.608) & Glucose >= 0.904)
",-9999999.000,-9999999.000,0.000,0.000,1.000,0,0,0,19,19,0,0,19,0.0,0,0,0.0,0.0,1.0
"F[0,1](((HCO3 >= 0.908 & MAP >= 43.089) | FiO2 >= 42.682) | Potassium <= 62.993)
",-9999999.000,-9999999.000,0.000,0.000,1.000,0,0,0,19,19,0,0,19,0.0,0,0,0.0,0.0,1.0
"((BaseExcess <= 1.135) U[0,2] (Hgb >= 0.396))
",-9999999.000,-9999999.000,0.000,0.000,1.000,0,0,0,19,19,0,0,19,0.0,0,0,0.0,0.0,1.0
"((BaseExcess <= 1.410) U[1,2] (Creatinine >= 0.031))
",-9999999.000,-9999999.000,0.000,0.000,1.000,0,0,0,19,19,0,0,19,0.0,0,0,0.0,0.0,1.0
"((MAP <= 70.103) U[2,2] (PaCO2 >= 5.913))
",70.103,70.103,0.000,0.000,1.000,0,0,0,19,19,0,0,19,0.0,0,0,0.0,0.0,1.0
"F[1,2](pH <= 3.168 -> Potassium >= 0.053)
",-9999999.000,-9999999.000,0.000,0.000,1.000,0,0,0,19,19,0,0,19,0.0,0,0,0.0,0.0,1.0
"F[0,2]((HR <= 90.546 & Phosphate <= 0.811) & Platelets >= 0.024)
",-9999999.000,-9999999.000,0.000,0.000,1.000,0,0,0,19,19,0,0,19,0.0,0,0,0.0,0.0,1.0
"((FiO2 <= 0.147) U[0,1] (Resp >= 3.316))
",-9999999.000,-9999999.000,0.000,0.000,1.000,0,0,0,19,19,0,0,19,0.0,0,0,0.0,0.0,1.0
"F[1,2](BaseExcess <= 2.823 -> Glucose >= 3.915)
",-9999999.000,-9999999.000,0.000,0.000,1.000,0,0,0,19,19,0,0,19,0.0,0,0,0.0,0.0,1.0
"F[0,1]((FiO2 <= 0.384 -> O2Sat <= 88.568) -> PTT <= 91.377)
",-9999999.000,-9999999.000,0.000,0.000,1.000,0,0,0,19,19,0,0,19,0.0,0,0,0.0,0.0,1.0
"F[2,2](O2Sat >= 27.243 | pH <= 2.851)
",6420381371092716.000,2.851,0.000,0.000,1.000,0,0,0,19,19,0,0,19,0.0,0,0,0.0,0.0,1.0
"F[0,1](((DBP <= 73.896 -> Phosphate >= 0.068) | SBP <= 2.359) | Hgb <= 1.990)
",-9999999.000,-9999999.000,0.000,0.000,1.000,0,0,0,19,19,0,0,19,0.0,0,0,0.0,0.0,1.0
"F[2,2](((O2Sat <= 86.977 -> PaCO2 >= 2.952) -> AST <= 34.597) -> Platelets >= 7.065)
",7954072533449796.000,7.065,0.000,0.000,1.000,0,0,0,19,19,0,0,19,0.0,0,0,0.0,0.0,1.0
"F[1,2]((BUN <= 1.111 & PaCO2 >= 1.465) | Fibrinogen >= 5.752)
",-9999999.000,-9999999.000,0.000,0.000,1.000,0,0,0,19,19,0,0,19,0.0,0,0,0.0,0.0,1.0
"((Creatinine <= 0.218) U[2,2] (O2Sat >= 56.964))
",0.218,0.218,0.000,0.000,1.000,0,0,0,19,19,0,0,19,0.0,0,0,0.0,0.0,1.0
"F[0,0](((Platelets >= 11.110 -> SBP <= 96.251) -> TroponinI >= 41.915) | Creatinine <= 118.662)
",118.662,118.662,0.000,0.000,1.000,0,0,0,19,19,0,0,19,0.0,0,0,0.0,0.0,1.0
"((MAP >= 3.854) U[0,1] (Platelets <= 13.380))
",-9999999.000,-9999999.000,0.000,0.000,1.000,0,0,0,19,19,0,0,19,0.0,0,0,0.0,0.0,1.0
"F[2,2](PaCO2 >= 2.357 -> Platelets <= 68.024)
",-68.024,-68.024,0.000,0.000,1.000,0,0,0,19,19,0,0,19,0.0,0,0,0.0,0.0,1.0
"F[1,1](((PaCO2 >= 3.932 & Potassium >= 0.049) & Hgb >= 0.172) | EtCO2 <= 1.162)
",1.162,1.162,0.000,0.000,1.000,0,0,0,19,19,0,0,19,0.0,0,0,0.0,0.0,1.0
"F[0,0]((SBP >= 30.864 & WBC <= 17.379) -> Creatinine <= 13.825)
",-7782739729343004.000,-13.825,0.000,0.000,1.000,0,0,0,19,19,0,0,19,0.0,0,0,0.0,0.0,1.0
"((BaseExcess <= 2.604) U[0,1] (HCO3 <= 23.798))
",-9999999.000,-9999999.000,0.000,0.000,1.000,0,0,0,19,19,0,0,19,0.0,0,0,0.0,0.0,1.0
"F[1,2]((Calcium <= 4.715 & SBP <= 102.433) -> Temp <= 83.228)
",-9999999.000,-9999999.000,0.000,0.000,1.000,0,0,0,19,19,0,0,19,0.0,0,0,0.0,0.0,1.0
"F[1,2](Bilirubin_total <= 0.664 & PTT <= 123.253)
",-9999999.000,-9999999.000,0.000,0.000,1.000,0,0,0,19,19,0,0,19,0.0,0,0,0.0,0.0,1.0
"((FiO2 >= 0.069) U[0,0] (TroponinI <= 0.218))
",0.218,0.218,0.000,0.000,1.000,0,0,0,19,19,0,0,19,0.0,0,0,0.0,0.0,1.0
"F[1,2](Magnesium <= 1.188 & MAP <= 70.037)
",-9999999.000,-9999999.000,0.000,0.000,1.000,0,0,0,19,19,0,0,19,0.0,0,0,0.0,0.0,1.0
"F[0,0]((BUN >= 0.726 -> O2Sat <= 86.067) -> Lactate <= 91.386)
",-91.386,-91.386,0.000,0.000,1.000,0,0,0,19,19,0,0,19,0.0,0,0,0.0,0.0,1.0
"F[0,1](Chloride <= 20.490 | SBP >= 22.216)
",-9999999.000,-9999999.000,0.000,0.000,1.000,0,0,0,19,19,0,0,19,0.0,0,0,0.0,0.0,1.0
"F[0,2](((Creatinine <= 0.646 & PaCO2 >= 5.073) | Magnesium >= 6.768) & TroponinI <= 18.565)
",-9999999.000,-9999999.000,0.000,0.000,1.000,0,0,0,19,19,0,0,19,0.0,0,0,0.0,0.0,1.0
"F[2,2](((Bilirubin_total <= 0.234 | Resp >= 8.161) & Glucose <= 16.598) & SBP <= 24.672)
",8433412093191868.000,0.234,0.000,0.000,1.000,0,0,0,19,19,0,0,19,0.0,0,0,0.0,0.0,1.0
"F[2,2](Glucose >= 1.862 & pH <= 3.860)
",-8383583996741524.000,-1.862,0.000,0.000,1.000,0,0,0,19,19,0,0,19,0.0,0,0,0.0,0.0,1.0
"F[1,2](((HCO3 <= 15.879 -> WBC >= 0.720) | WBC <= 2.519) -> WBC >= 0.805)
",-9999999.000,-9999999.000,0.000,0.000,1.000,0,0,0,19,19,0,0,19,0.0,0,0,0.0,0.0,1.0
"F[2,2]((Lactate <= 3.537 | Phosphate <= 0.510) -> Bilirubin_direct <= 1.310)
",-7964808185733268.000,-3.537,0.000,0.000,1.000,0,0,0,19,19,0,0,19,0.0,0,0,0.0,0.0,1.0
"F[2,2]((BUN <= 18.181 | Lactate >= 0.105) & Alkalinephos >= 0.038)
",-0.038,-0.038,0.000,0.000,1.000,0,0,0,19,19,0,0,19,0.0,0,0,0.0,0.0,1.0
"F[1,2](((Hgb <= 11.312 & Lactate <= 0.766) | DBP <= 0.378) | Glucose <= 1.366)
",-9999999.000,-9999999.000,0.000,0.000,1.000,0,0,0,19,19,0,0,19,0.0,0,0,0.0,0.0,1.0
"F[0,1](Creatinine <= 0.378 & Lactate <= 1.328)
",-9999999.000,-9999999.000,0.000,0.000,1.000,0,0,0,19,19,0,0,19,0.0,0,0,0.0,0.0,1.0
"F[0,2](DBP <= 59.677 & HR >= 33.005)
",-9999999.000,-9999999.000,0.000,0.000,1.000,0,0,0,19,19,0,0,19,0.0,0,0,0.0,0.0,1.0
"F[0,0](HR >= 14.195 -> O2Sat >= 17.768)
",-4283093824389657.000,-15581.805,0.000,0.000,1.000,0,0,0,19,19,0,0,19,0.0,0,0,0.0,0.0,1.0
"F[1,2](Hgb <= 5.598 -> Phosphate <= 2.783)
",-9999999.000,-9999999.000,0.000,0.000,1.000,0,0,0,19,19,0,0,19,0.0,0,0,0.0,0.0,1.0
"((BUN >= 0.409) U[0,1] (Phosphate <= 2.781))
",-9999999.000,-9999999.000,0.000,0.000,1.000,0,0,0,19,19,0,0,19,0.0,0,0,0.0,0.0,1.0
"F[0,2]((Phosphate >= 0.137 & WBC <= 9.878) | SaO2 >= 0.695)
",-9999999.000,-9999999.000,0.000,0.000,1.000,0,0,0,19,19,0,0,19,0.0,0,0,0.0,0.0,1.0
"F[2,2]((Glucose >= 8.609 & WBC >= 0.690) & Creatinine <= 8.631)
",-8.609,-8.609,0.000,0.000,1.000,0,0,0,19,19,0,0,19,0.0,0,0,0.0,0.0,1.0
"F[0,1]((Glucose >= 4.904 | Potassium <= 2.554) | Chloride >= 0.102)
",-9999999.000,-9999999.000,0.000,0.000,1.000,0,0,0,19,19,0,0,19,0.0,0,0,0.0,0.0,1.0
"F[1,2](((BUN <= 13.959 & Glucose >= 6.512) & HR <= 25.893) & SBP <= 124.805)
",-9999999.000,-9999999.000,0.000,0.000,1.000,0,0,0,19,19,0,0,19,0.0,0,0,0.0,0.0,1.0
"((Bilirubin_total >= 0.003) U[0,2] (Phosphate >= 0.065))
",-9999999.000,-9999999.000,0.000,0.000,1.000,0,0,0,19,19,0,0,19,0.0,0,0,0.0,0.0,1.0
"F[2,2]((Glucose <= 222.171 | Lactate <= 3.009) & Lactate <= 2.686)
",6047708438088316.000,2.686,0.000,0.000,1.000,0,0,0,19,19,0,0,19,0.0,0,0,0.0,0.0,1.0
"((Creatinine <= 0.344) U[0,2] (HCO3 >= 1.084))
",-9999999.000,-9999999.000,0.000,0.000,1.000,0,0,0,19,19,0,0,19,0.0,0,0,0.0,0.0,1.0
"((HCO3 >= 0.568) U[0,2] (Hgb >= 0.077))
",-9999999.000,-9999999.000,0.000,0.000,1.000,0,0,0,19,19,0,0,19,0.0,0,0,0.0,0.0,1.0
"F[0,2](Lactate >= 0.089 | Potassium >= 0.174)
",-9999999.000,-9999999.000,0.000,0.000,1.000,0,0,0,19,19,0,0,19,0.0,0,0,0.0,0.0,1.0
"F[1,2](((Bilirubin_total >= 0.008 | Calcium >= 0.100) | PaCO2 >= 0.439) | Creatinine <= 7.420)
",-9999999.000,-9999999.000,0.000,0.000,1.000,0,0,0,19,19,0,0,19,0.0,0,0,0.0,0.0,1.0
"((Bilirubin_total <= 0.171) U[0,1] (Chloride <= 25.391))
",-9999999.000,-9999999.000,0.000,0.000,1.000,0,0,0,19,19,0,0,19,0.0,0,0,0.0,0.0,1.0
"F[1,1]((Bilirubin_total <= 0.097 & Creatinine <= 0.597) -> Glucose <= 0.759)
",-0.759,-0.759,0.000,0.000,1.000,0,0,0,19,19,0,0,19,0.0,0,0,0.0,0.0,1.0
"F[0,2](BaseExcess <= 0.942 & pH >= 0.022)
",-9999999.000,-9999999.000,0.000,0.000,1.000,0,0,0,19,19,0,0,19,0.0,0,0,0.0,0.0,1.0
"F[0,2]((Bilirubin_total >= 0.004 | O2Sat >= 31.680) & EtCO2 <= 92.689)
",-9999999.000,-9999999.000,0.000,0.000,1.000,0,0,0,19,19,0,0,19,0.0,0,0,0.0,0.0,1.0
"F[1,2](((DBP >= 15.678 -> Temp <= 33.947) -> WBC <= 28.378) -> DBP >= 0.450)
",-9999999.000,-9999999.000,0.000,0.000,1.000,0,0,0,19,19,0,0,19,0.0,0,0,0.0,0.0,1.0
"F[1,2](((DBP <= 65.776 -> Resp >= 4.275) | Phosphate <= 20.196) & Potassium >= 7.357)
",-9999999.000,-9999999.000,0.000,0.000,1.000,0,0,0,19,19,0,0,19,0.0,0,0,0.0,0.0,1.0
"F[0,2]((HCO3 <= 4.447 & Lactate <= 3.182) | SepsisLabel >= 0.034)
",-9999999.000,-9999999.000,0.000,0.000,1.000,0,0,0,19,19,0,0,19,0.0,0,0,0.0,0.0,1.0
"F[0,2](((HCO3 <= 4.679 -> Hct <= 19.292) | pH >= 2.589) & Calcium <= 6.842)
",-9999999.000,-9999999.000,0.000,0.000,1.000,0,0,0,19,19,0,0,19,0.0,0,0,0.0,0.0,1.0
"((Chloride <= 20.100) U[2,2] (Hct >= 4.072))
",5657581870768933.000,20.100,0.000,0.000,1.000,0,0,0,19,19,0,0,19,0.0,0,0,0.0,0.0,1.0
"F[1,2]((Bilirubin_total <= 0.494 | Magnesium <= 0.132) & FiO2 >= 0.000)
",-9999999.000,-9999999.000,0.000,0.000,1.000,0,0,0,19,19,0,0,19,0.0,0,0,0.0,0.0,1.0
"F[2,2]((Hct >= 0.709 -> Magnesium >= 0.025) -> PTT <= 1.538)
",-1.538,-1.538,0.000,0.000,1.000,0,0,0,19,19,0,0,19,0.0,0,0,0.0,0.0,1.0
"F[0,2](((Hct >= 0.133 -> Platelets >= 5.272) -> SBP <= 39.026) -> SepsisLabel <= 140.911)
",-9999999.000,-9999999.000,0.000,0.000,1.000,0,0,0,19,19,0,0,19,0.0,0,0,0.0,0.0,1.0
"F[0,2](((Bilirubin_total >= 0.009 & Hgb <= 1.515) & Hgb >= 0.286) & HR <= 2.263)
",-9999999.000,-9999999.000,0.000,0.000,1.000,0,0,0,19,19,0,0,19,0.0,0,0,0.0,0.0,1.0
"((Glucose <= 90.301) U[0,2] (Phosphate <= 3.098))
",-9999999.000,-9999999.000,0.000,0.000,1.000,0,0,0,19,19,0,0,19,0.0,0,0,0.0,0.0,1.0
"F[1,2](Bilirubin_total >= 0.009 & WBC >= 0.226)
",-9999999.000,-9999999.000,0.000,0.000,1.000,0,0,0,19,19,0,0,19,0.0,0,0,0.0,0.0,1.0
"((Lactate >= 0.034) U[0,2] (Magnesium >= 0.013))
",-9999999.000,-9999999.000,0.000,0.000,1.000,0,0,0,19,19,0,0,19,0.0,0,0,0.0,0.0,1.0
"((O2Sat <= 83.026) U[0,2] (Temp >= 6.514))
",-9999999.000,-9999999.000,0.000,0.000,1.000,0,0,0,19,19,0,0,19,0.0,0,0,0.0,0.0,1.0
