Rule,Discrimination Score,Pos Robustness,Neg Robustness,Percent Class +,Percent Class -,TP,TN,FP,FN,Actual Yes,Actual No,Predicted Yes,Predicted No,TPR/Sens,TNR/Spec,FPR,Precision,Accuracy,MCR,Class
"G[0,0](((BUN >= 0.711 -> O2Sat >= 86.520) & pH <= 95.717) & Hgb <= 96.298)
",0.711,0.711,0.000,1.000,0.000,10,0,0,0,10,0,10,0,1.0,0.0,0.0,1.0,1.0,0.0,1
"G[0,0](BaseExcess > 0.000 -> SepsisLabel = 0.000)
",0.000,0.000,0.000,1.000,0.000,10,0,0,0,10,0,10,0,1.0,0.0,0.0,1.0,1.0,0.0,1
"G[0,1]((Fibrinogen <= 0.000 | HCO3 >= 0.290) -> pH <= 5.860)
",9999999.000,9999999.000,0.000,1.000,0.000,10,0,0,0,10,0,10,0,1.0,0.0,0.0,1.0,1.0,0.0,1
"G[0,1](HR > 12.862 -> SepsisLabel = 0.000)
",9999999.000,9999999.000,0.000,1.000,0.000,10,0,0,0,10,0,10,0,1.0,0.0,0.0,1.0,1.0,0.0,1
"G[1,1](((pH >= 0.000 & AST >= 0.000) | PaCO2 >= 0.000) | Potassium >= 0.000)
",0.000,0.000,0.000,1.000,0.000,10,0,0,0,10,0,10,0,1.0,0.0,0.0,1.0,1.0,0.0,1
"G[0,0](DBP <= 0.000 -> SepsisLabel >= 0.000)
",-0.333,-19.100,0.000,1.000,0.000,10,0,0,0,10,0,10,0,1.0,0.0,0.0,1.0,1.0,0.0,1
"G[1,1](WBC >= 0.053 -> Fibrinogen >= 0.000)
",0.000,0.000,0.000,1.000,0.000,10,0,0,0,10,0,10,0,1.0,0.0,0.0,1.0,1.0,0.0,1
"F[0,1]((Calcium <= 2.984 & Potassium <= 0.987) & Magnesium >= 0.021)
",-9999999.000,-9999999.000,0.000,0.000,1.000,10,0,0,0,10,0,10,0,1.0,0.0,0.0,1.0,1.0,0.0,-1
"G[0,1](((Resp <= 18.951 | FiO2 <= 0.000) | Glucose >= 0.000) | Phosphate >= 0.000)
",9999999.000,9999999.000,0.000,1.000,0.000,10,0,0,0,10,0,10,0,1.0,0.0,0.0,1.0,1.0,0.0,1
"G[1,1]((Creatinine <= 0.182 & WBC >= 0.381) -> PTT <= 4.266)
",-4803627730372326.000,-4.266,0.000,1.000,0.000,10,0,0,0,10,0,10,0,1.0,0.0,0.0,1.0,1.0,0.0,1
"G[0,0]((Glucose <= 18.570 -> EtCO2 <= 0.000) -> Platelets >= 0.000)
",0.000,0.000,0.000,1.000,0.000,10,0,0,0,10,0,10,0,1.0,0.0,0.0,1.0,1.0,0.0,1
"G[0,0](((Alkalinephos <= 0.000 | Temp <= 26.088) | SepsisLabel >= 3.882) | AST >= 0.629)
",0.333,18.712,0.000,1.000,0.000,10,0,0,0,10,0,10,0,1.0,0.0,0.0,1.0,1.0,0.0,1
"G[0,0](Hgb >= 0.328 | Creatinine <= 0.822)
",0.560,7.622,0.000,1.000,0.000,10,0,0,0,10,0,10,0,1.0,0.0,0.0,1.0,1.0,0.0,1
"G[1,1](((EtCO2 <= 0.000 & Fibrinogen <= 0.000) | EtCO2 <= 0.000) -> Magnesium >= 0.000)
",0.000,0.000,0.000,1.000,0.000,10,0,0,0,10,0,10,0,1.0,0.0,0.0,1.0,1.0,0.0,1
"G[0,1]((HCO3 <= 4.093 | pH <= 0.000) | BUN <= 0.000)
",9999999.000,9999999.000,0.000,1.000,0.000,10,0,0,0,10,0,10,0,1.0,0.0,0.0,1.0,1.0,0.0,1
"G[0,0](((TroponinI >= 0.000 | Alkalinephos <= 0.000) -> Creatinine >= 0.000) & DBP <= 0.000)
",-4.908,-74.600,0.000,1.000,0.000,10,0,0,0,10,0,10,0,1.0,0.0,0.0,1.0,1.0,0.0,1
"G[0,1]((Resp >= 5.612 | SaO2 <= 0.000) -> FiO2 <= 0.000)
",9999999.000,9999999.000,0.000,1.000,0.000,10,0,0,0,10,0,10,0,1.0,0.0,0.0,1.0,1.0,0.0,1
"G[1,1]((FiO2 >= 0.000 -> Phosphate >= 0.052) | Lactate <= 2.213)
",2.213,2.213,0.000,1.000,0.000,10,0,0,0,10,0,10,0,1.0,0.0,0.0,1.0,1.0,0.0,1
"G[0,0](Bilirubin_total <= 0.000 -> AST <= 0.000)
",0.000,0.000,0.000,1.000,0.000,10,0,0,0,10,0,10,0,1.0,0.0,0.0,1.0,1.0,0.0,1
"G[0,1](((DBP >= 0.000 | Hct <= 25.071) -> DBP <= 10.144) & DBP <= 23.918)
",9999999.000,9999999.000,0.000,1.000,0.000,10,0,0,0,10,0,10,0,1.0,0.0,0.0,1.0,1.0,0.0,1
"F[1,1]((FiO2 >= 0.000 & Potassium >= 0.068) | FiO2 >= 0.033)
",-0.033,-0.033,0.000,0.000,1.000,10,0,0,0,10,0,10,0,1.0,0.0,0.0,1.0,1.0,0.0,-1
"G[0,1](Lactate >= 0.000 & Fibrinogen <= 0.000)
",9999999.000,9999999.000,0.000,1.000,0.000,10,0,0,0,10,0,10,0,1.0,0.0,0.0,1.0,1.0,0.0,1
"F[1,1](((BUN >= 0.436 & Resp <= 16.173) & BUN <= 15.773) & SaO2 <= 18.411)
",-7862633612124638.000,-0.436,0.000,0.000,1.000,10,0,0,0,10,0,10,0,1.0,0.0,0.0,1.0,1.0,0.0,-1
"F[0,0]((Chloride >= 2.699 & AST >= 0.000) & Hgb <= 0.000)
",-0.708,-9.189,0.000,0.000,1.000,10,0,0,0,10,0,10,0,1.0,0.0,0.0,1.0,1.0,0.0,-1
"F[0,0](((Hct <= 10.439 & Platelets >= 6.974) & Phosphate <= 22.089) & Calcium <= 75.395)
",-6.974,-6.974,0.000,0.000,1.000,10,0,0,0,10,0,10,0,1.0,0.0,0.0,1.0,1.0,0.0,-1
"F[0,1](((Magnesium <= 0.458 | Glucose <= 108.920) & Calcium >= 3.073) & BaseExcess >= 4.477)
",-9999999.000,-9999999.000,0.000,0.000,1.000,10,0,0,0,10,0,10,0,1.0,0.0,0.0,1.0,1.0,0.0,-1
"F[0,1](((HR >= 16.444 -> Platelets >= 6.087) | BaseExcess <= 181.591) -> Potassium >= 5.064)
",-9999999.000,-9999999.000,0.000,0.000,1.000,10,0,0,0,10,0,10,0,1.0,0.0,0.0,1.0,1.0,0.0,-1
"F[0,0](((HR <= 76.171 | Resp >= 13.033) & Bilirubin_total >= 6.417) & FiO2 >= 1.627)
",-13.033,-13.033,0.000,0.000,1.000,10,0,0,0,10,0,10,0,1.0,0.0,0.0,1.0,1.0,0.0,-1
"F[0,0](((Calcium >= 0.280 -> Phosphate >= 0.115) -> Bilirubin_total <= 1.921) & PaCO2 >= 0.020)
",-3.036,-1.731,0.000,0.000,1.000,10,0,0,0,10,0,10,0,1.0,0.0,0.0,1.0,1.0,0.0,-1
"F[1,1]((Glucose <= 84.186 & HR <= 75.987) -> SaO2 >= 57.988)
",-5347076842010394.000,-75.987,0.000,0.000,1.000,10,0,0,0,10,0,10,0,1.0,0.0,0.0,1.0,1.0,0.0,-1
"F[1,1]((Calcium <= 4.244 & Potassium <= 3.270) & Magnesium >= 0.030)
",-4282234893542387.000,-0.030,0.000,0.000,1.000,10,0,0,0,10,0,10,0,1.0,0.0,0.0,1.0,1.0,0.0,-1
"F[1,1](((BUN >= 0.061 -> Platelets >= 8.717) -> Bilirubin_direct <= 40.430) & Creatinine >= 8.977)
",-40.430,-40.430,0.000,0.000,1.000,10,0,0,0,10,0,10,0,1.0,0.0,0.0,1.0,1.0,0.0,-1
"F[1,1](Hct <= 19.189 -> Magnesium >= 0.101)
",-19.189,-19.189,0.000,0.000,1.000,10,0,0,0,10,0,10,0,1.0,0.0,0.0,1.0,1.0,0.0,-1
"F[0,1]((BaseExcess >= 0.000 -> Potassium >= 0.082) & BaseExcess >= 0.141)
",-9999999.000,-9999999.000,0.000,0.000,1.000,10,0,0,0,10,0,10,0,1.0,0.0,0.0,1.0,1.0,0.0,-1
"F[0,0]((Calcium <= 1.823 & Potassium <= 3.601) & Magnesium >= 0.023)
",-0.023,-0.023,0.000,0.000,1.000,10,0,0,0,10,0,10,0,1.0,0.0,0.0,1.0,1.0,0.0,-1
"F[1,1]((BUN >= 0.486 | PTT >= 0.038) & Creatinine >= 0.204)
",-0.204,-0.204,0.000,0.000,1.000,10,0,0,0,10,0,10,0,1.0,0.0,0.0,1.0,1.0,0.0,-1
"F[0,1]((Creatinine >= 0.008 & Alkalinephos <= 0.000) & Resp <= 0.000)
",-9999999.000,-9999999.000,0.000,0.000,1.000,10,0,0,0,10,0,10,0,1.0,0.0,0.0,1.0,1.0,0.0,-1
"F[1,1]((Magnesium <= 0.713 & PTT >= 0.198) | TroponinI >= 0.748)
",-0.198,-0.198,0.000,0.000,1.000,10,0,0,0,10,0,10,0,1.0,0.0,0.0,1.0,1.0,0.0,-1
"((Alkalinephos > 0.000) U[1,1] (SepsisLabel = 0.000))
",0.000,0.000,0.000,0.000,1.000,10,0,0,0,10,0,10,0,1.0,0.0,0.0,1.0,1.0,0.0,-1
"F[0,1]((Calcium <= 3.621 & Potassium <= 2.121) & Magnesium >= 0.072)
",-9999999.000,-9999999.000,0.000,0.000,1.000,10,0,0,0,10,0,10,0,1.0,0.0,0.0,1.0,1.0,0.0,-1
"G[1,1](Alkalinephos >= 0.000 -> BUN <= 4.779)
",-5380570332720957.000,-4.779,0.000,1.000,0.000,10,0,0,0,10,0,10,0,1.0,0.0,0.0,1.0,1.0,0.0,1
"G[0,1](((Chloride >= 4.072 -> DBP >= 0.000) | Fibrinogen <= 0.000) -> PaCO2 >= 0.000)
",9999999.000,9999999.000,0.000,1.000,0.000,10,0,0,0,10,0,10,0,1.0,0.0,0.0,1.0,1.0,0.0,1
"G[0,1]((BaseExcess <= 0.000 & SaO2 >= 0.000) & Magnesium >= 0.000)
",9999999.000,9999999.000,0.000,1.000,0.000,10,0,0,0,10,0,10,0,1.0,0.0,0.0,1.0,1.0,0.0,1
"G[0,1]((AST <= 0.000 -> Hgb >= 0.569) -> Bilirubin_direct <= 8.538)
",9999999.000,9999999.000,0.000,1.000,0.000,10,0,0,0,10,0,10,0,1.0,0.0,0.0,1.0,1.0,0.0,1
"G[0,1](((SBP >= 23.820 & Fibrinogen >= 0.000) | EtCO2 <= 0.000) | EtCO2 >= 0.000)
",9999999.000,9999999.000,0.000,1.000,0.000,10,0,0,0,10,0,10,0,1.0,0.0,0.0,1.0,1.0,0.0,1
"G[0,1](((Hct <= 32.328 & Potassium <= 0.506) & Potassium >= 0.146) -> Fibrinogen <= 0.704)
",9999999.000,9999999.000,0.000,1.000,0.000,10,0,0,0,10,0,10,0,1.0,0.0,0.0,1.0,1.0,0.0,1
"G[0,1](((Creatinine >= 0.019 | Temp >= 4.532) & HCO3 <= 15.138) -> MAP >= 2.511)
",9999999.000,9999999.000,0.000,1.000,0.000,10,0,0,0,10,0,10,0,1.0,0.0,0.0,1.0,1.0,0.0,1
"G[0,1](((Hct >= 0.186 -> Temp >= 2.053) -> Phosphate <= 7.749) -> Resp <= 27.889)
",9999999.000,9999999.000,0.000,1.000,0.000,10,0,0,0,10,0,10,0,1.0,0.0,0.0,1.0,1.0,0.0,1
"G[1,1](((Potassium >= 0.033 -> Resp >= 1.802) & Bilirubin_direct <= 16.470) -> Fibrinogen <= 18.795)
",-18.795,-18.795,0.000,1.000,0.000,10,0,0,0,10,0,10,0,1.0,0.0,0.0,1.0,1.0,0.0,1
"G[0,1](((O2Sat <= 94.267 | Temp >= 5.402) | SepsisLabel >= 0.398) -> Alkalinephos <= 21.477)
",9999999.000,9999999.000,0.000,1.000,0.000,10,0,0,0,10,0,10,0,1.0,0.0,0.0,1.0,1.0,0.0,1
"G[0,0]((TroponinI <= 0.000 -> DBP >= 0.000) & Bilirubin_direct >= 0.000)
",-7.330,-71.200,0.000,1.000,0.000,10,0,0,0,10,0,10,0,1.0,0.0,0.0,1.0,1.0,0.0,1
"G[0,1](O2Sat <= 94.890 -> Platelets <= 189.587)
",9999999.000,9999999.000,0.000,1.000,0.000,10,0,0,0,10,0,10,0,1.0,0.0,0.0,1.0,1.0,0.0,1
"G[0,0]((Glucose <= 64.685 & SBP >= 5.799) -> MAP <= 117.626)
",-0.925,-28.813,0.000,1.000,0.000,10,0,0,0,10,0,10,0,1.0,0.0,0.0,1.0,1.0,0.0,1
"G[0,1]((Hgb <= 12.277 & MAP <= 73.532) -> DBP <= 73.926)
",9999999.000,9999999.000,0.000,1.000,0.000,10,0,0,0,10,0,10,0,1.0,0.0,0.0,1.0,1.0,0.0,1
"G[0,0](((Glucose <= 72.482 | SaO2 >= 0.000) & Potassium <= 0.000) | Hgb >= 0.000)
",0.500,7.030,0.000,1.000,0.000,10,0,0,0,10,0,10,0,1.0,0.0,0.0,1.0,1.0,0.0,1
"G[0,1]((BUN <= 5.715 | MAP >= 41.653) & Phosphate <= 84.835)
",9999999.000,9999999.000,0.000,1.000,0.000,10,0,0,0,10,0,10,0,1.0,0.0,0.0,1.0,1.0,0.0,1
"G[0,1](Fibrinogen <= 0.000 -> Fibrinogen >= 0.000)
",9999999.000,9999999.000,0.000,1.000,0.000,10,0,0,0,10,0,10,0,1.0,0.0,0.0,1.0,1.0,0.0,1
"G[0,0](Phosphate <= 1.399 | EtCO2 <= 0.000)
",1.694,1.169,0.000,1.000,0.000,10,0,0,0,10,0,10,0,1.0,0.0,0.0,1.0,1.0,0.0,1
"G[1,1]((PaCO2 >= 0.000 & Alkalinephos >= 0.000) & HR >= 0.000)
",0.000,0.000,0.000,1.000,0.000,10,0,0,0,10,0,10,0,1.0,0.0,0.0,1.0,1.0,0.0,1
"G[1,1](Glucose >= 1.420 -> PTT <= 3.682)
",-3.682,-3.682,0.000,1.000,0.000,10,0,0,0,10,0,10,0,1.0,0.0,0.0,1.0,1.0,0.0,1
"G[0,1](((PaCO2 >= 0.000 -> PaCO2 <= 0.000) -> Resp >= 0.000) -> PaCO2 <= 0.000)
",9999999.000,9999999.000,0.000,1.000,0.000,10,0,0,0,10,0,10,0,1.0,0.0,0.0,1.0,1.0,0.0,1
"G[0,1]((BaseExcess >= 0.000 -> Phosphate <= 1.521) -> BaseExcess <= 0.435)
",9999999.000,9999999.000,0.000,1.000,0.000,10,0,0,0,10,0,10,0,1.0,0.0,0.0,1.0,1.0,0.0,1
"G[0,0](PTT <= 11.094 -> Bilirubin_total >= 0.000)
",-4.954,-10.395,0.000,1.000,0.000,10,0,0,0,10,0,10,0,1.0,0.0,0.0,1.0,1.0,0.0,1
"G[0,1]((HR <= 75.164 | MAP <= 86.638) | Resp <= 84.704)
",9999999.000,9999999.000,0.000,1.000,0.000,10,0,0,0,10,0,10,0,1.0,0.0,0.0,1.0,1.0,0.0,1
"F[0,1](((Hct >= 2.449 -> SBP >= 60.706) | BUN <= 106.174) & BaseExcess >= 44.581)
",-9999999.000,-9999999.000,0.000,0.000,1.000,10,0,0,0,10,0,10,0,1.0,0.0,0.0,1.0,1.0,0.0,-1
"G[0,1](((HR <= 77.544 -> Bilirubin_total >= 0.000) | Lactate <= 0.000) | SepsisLabel <= 0.000)
",9999999.000,9999999.000,0.000,1.000,0.000,10,0,0,0,10,0,10,0,1.0,0.0,0.0,1.0,1.0,0.0,1
"G[0,1]((PaCO2 <= 0.000 | HCO3 >= 0.423) | Bilirubin_direct <= 14.888)
",9999999.000,9999999.000,0.000,1.000,0.000,10,0,0,0,10,0,10,0,1.0,0.0,0.0,1.0,1.0,0.0,1
"G[1,1](((Calcium >= 0.100 | WBC <= 1.326) & Alkalinephos <= 8.211) -> Platelets <= 5.013)
",-5644409104560701.000,-5.013,0.000,1.000,0.000,10,0,0,0,10,0,10,0,1.0,0.0,0.0,1.0,1.0,0.0,1
"G[0,1]((Calcium <= 4.704 & Potassium >= 0.110) | pH <= 3.832)
",9999999.000,9999999.000,0.000,1.000,0.000,10,0,0,0,10,0,10,0,1.0,0.0,0.0,1.0,1.0,0.0,1
"G[0,1]((BUN <= 11.009 -> Potassium >= 0.113) -> BaseExcess <= 1.815)
",9999999.000,9999999.000,0.000,1.000,0.000,10,0,0,0,10,0,10,0,1.0,0.0,0.0,1.0,1.0,0.0,1
"G[0,0](((SBP >= 39.842 -> HCO3 <= 20.423) -> HCO3 >= 0.204) -> Creatinine <= 13.382)
",-3.052,-12.064,0.000,1.000,0.000,10,0,0,0,10,0,10,0,1.0,0.0,0.0,1.0,1.0,0.0,1
"G[1,1]((HR <= 64.887 | FiO2 >= 0.000) | Bilirubin_direct >= 0.000)
",64.887,64.887,0.000,1.000,0.000,10,0,0,0,10,0,10,0,1.0,0.0,0.0,1.0,1.0,0.0,1
"G[0,0](TroponinI <= 0.000 | SepsisLabel >= 0.000)
",0.333,19.100,0.000,1.000,0.000,10,0,0,0,10,0,10,0,1.0,0.0,0.0,1.0,1.0,0.0,1
"G[0,1](((Alkalinephos >= 0.000 | PaCO2 <= 0.000) -> Bilirubin_direct <= 0.000) | Glucose >= 0.000)
",9999999.000,9999999.000,0.000,1.000,0.000,10,0,0,0,10,0,10,0,1.0,0.0,0.0,1.0,1.0,0.0,1
"G[0,1](((TroponinI >= 0.000 -> AST >= 0.000) & Calcium >= 0.000) -> EtCO2 >= 0.000)
",9999999.000,9999999.000,0.000,1.000,0.000,10,0,0,0,10,0,10,0,1.0,0.0,0.0,1.0,1.0,0.0,1
"G[0,1](((Creatinine >= 0.023 -> PTT <= 21.492) & pH >= 0.048) -> SBP >= 0.538)
",9999999.000,9999999.000,0.000,1.000,0.000,10,0,0,0,10,0,10,0,1.0,0.0,0.0,1.0,1.0,0.0,1
"G[1,1]((Lactate >= 0.000 -> Bilirubin_total >= 0.000) | Calcium >= 0.000)
",0.000,0.000,0.000,1.000,0.000,10,0,0,0,10,0,10,0,1.0,0.0,0.0,1.0,1.0,0.0,1
"G[0,0](Temp >= 1.998 | DBP <= 0.000)
",34.853,94.102,0.000,1.000,0.000,10,0,0,0,10,0,10,0,1.0,0.0,0.0,1.0,1.0,0.0,1
"G[1,1](((Magnesium >= 0.113 & EtCO2 >= 0.000) | DBP <= 0.000) | Resp <= 0.000)
",0.000,0.000,0.000,1.000,0.000,10,0,0,0,10,0,10,0,1.0,0.0,0.0,1.0,1.0,0.0,1
"G[0,1](((Lactate >= 0.000 | TroponinI <= 0.000) | EtCO2 >= 0.000) -> pH <= 0.000)
",9999999.000,9999999.000,0.000,1.000,0.000,10,0,0,0,10,0,10,0,1.0,0.0,0.0,1.0,1.0,0.0,1
"G[1,1](((Magnesium >= 0.026 & Magnesium <= 1.213) -> SBP >= 0.050) | Platelets <= 0.768)
",0.768,0.768,0.000,1.000,0.000,10,0,0,0,10,0,10,0,1.0,0.0,0.0,1.0,1.0,0.0,1
"G[1,1]((Platelets >= 6.935 | Lactate >= 0.000) | PaCO2 <= 0.000)
",0.000,0.000,0.000,1.000,0.000,10,0,0,0,10,0,10,0,1.0,0.0,0.0,1.0,1.0,0.0,1
"G[0,0](((Chloride >= 4.474 & Magnesium >= 0.063) & AST <= 0.447) -> Calcium >= 0.092)
",10.125,0.089,0.000,1.000,0.000,10,0,0,0,10,0,10,0,1.0,0.0,0.0,1.0,1.0,0.0,1
"G[0,0]((Alkalinephos <= 0.000 & PTT <= 4.204) | pH >= 0.203)
",-0.333,-0.020,0.000,1.000,0.000,9,0,0,1,10,0,9,1,0.9,0.0,0.0,1.0,0.9,0.09999999999999998,1
"((PTT >= 0.748) U[1,2] (MAP >= 39.377))
",-9999999.000,-9999999.000,0.000,0.000,1.000,9,0,0,1,10,0,9,1,0.9,0.0,0.0,1.0,0.9,0.09999999999999998,-1
"G[0,0]((DBP <= 0.000 -> FiO2 >= 0.000) & Phosphate <= 0.000)
",-0.333,-2.800,0.000,1.000,0.000,9,0,0,1,10,0,9,1,0.9,0.0,0.0,1.0,0.9,0.09999999999999998,1
"G[0,1]((Magnesium >= 0.016 | MAP >= 49.682) | Alkalinephos >= 62.831)
",9999999.000,9999999.000,0.000,1.000,0.000,9,0,0,1,10,0,9,1,0.9,0.0,0.0,1.0,0.9,0.09999999999999998,1
"F[0,1](((Temp <= 33.172 | Platelets <= 104.781) | Phosphate >= 4.489) -> Glucose >= 5.279)
",-9999999.000,-9999999.000,0.000,0.000,1.000,9,0,0,1,10,0,9,1,0.9,0.0,0.0,1.0,0.9,0.09999999999999998,-1
"F[0,1]((Hct >= 0.403 -> Creatinine >= 0.018) & Creatinine >= 0.002)
",-9999999.000,-9999999.000,0.000,0.000,1.000,9,0,0,1,10,0,9,1,0.9,0.0,0.0,1.0,0.9,0.09999999999999998,-1
"((Chloride >= 5.483) U[1,2] (Platelets <= 130.282))
",-9999999.000,-9999999.000,0.000,0.000,1.000,9,0,0,1,10,0,9,1,0.9,0.0,0.0,1.0,0.9,0.09999999999999998,-1
"G[0,1](((Phosphate >= 0.024 -> PaCO2 >= 0.000) & Resp >= 0.000) -> BUN <= 0.000)
",9999999.000,9999999.000,0.000,1.000,0.000,9,0,0,1,10,0,9,1,0.9,0.0,0.0,1.0,0.9,0.09999999999999998,1
"G[0,0](Magnesium <= 0.655 | Resp >= 12.248)
",5901791099363374.000,0.655,0.000,1.000,0.000,9,0,0,1,10,0,9,1,0.9,0.0,0.0,1.0,0.9,0.09999999999999998,1
"G[0,1](Glucose < 109.627 & SepsisLabel = 0.000)
",9999999.000,9999999.000,0.000,1.000,0.000,9,0,0,1,10,0,9,1,0.9,0.0,0.0,1.0,0.9,0.09999999999999998,1
"G[0,0](((HCO3 >= 0.322 | O2Sat >= 85.110) & Temp >= 18.605) -> Hgb >= 37.012)
",0.322,0.322,0.000,1.000,0.000,9,0,0,1,10,0,9,1,0.9,0.0,0.0,1.0,0.9,0.09999999999999998,1
"G[0,0]((Lactate >= 0.000 & TroponinI <= 0.000) -> HCO3 <= 0.000)
",0.000,0.000,0.000,1.000,0.000,9,0,0,1,10,0,9,1,0.9,0.0,0.0,1.0,0.9,0.09999999999999998,1
"G[0,1](Chloride >= 0.583 -> Potassium <= 0.369)
",9999999.000,9999999.000,0.000,1.000,0.000,9,0,0,1,10,0,9,1,0.9,0.0,0.0,1.0,0.9,0.09999999999999998,1
"G[0,0]((Potassium <= 0.677 | Lactate <= 0.000) & Glucose <= 0.000)
",-0.333,-0.182,0.000,1.000,0.000,9,0,0,1,10,0,9,1,0.9,0.0,0.0,1.0,0.9,0.09999999999999998,1
"F[0,1]((Platelets >= 3.174 & Hgb >= 0.277) & Temp >= 0.443)
",-9999999.000,-9999999.000,0.000,0.000,1.000,9,0,0,1,10,0,9,1,0.9,0.0,0.0,1.0,0.9,0.09999999999999998,-1
"G[0,0]((Hct >= 0.378 -> Platelets <= 62.464) & WBC <= 117.954)
",-8791058205033034.000,-62.464,0.000,1.000,0.000,9,0,0,1,10,0,9,1,0.9,0.0,0.0,1.0,0.9,0.09999999999999998,1
"((Calcium >= 0.164) U[1,2] (SepsisLabel = 0.000))
",-9999999.000,-9999999.000,0.000,0.000,1.000,9,0,0,1,10,0,9,1,0.9,0.0,0.0,1.0,0.9,0.09999999999999998,-1
"((HCO3 >= 0.175) U[1,2] (EtCO2 <= 0.000))
",-9999999.000,-9999999.000,0.000,0.000,1.000,9,0,0,1,10,0,9,1,0.9,0.0,0.0,1.0,0.9,0.09999999999999998,-1
"((Hct <= 4.998) U[0,1] (Calcium >= 0.368))
",-9999999.000,-9999999.000,0.000,0.000,1.000,9,0,0,1,10,0,9,1,0.9,0.0,0.0,1.0,0.9,0.09999999999999998,-1
"((pH >= 0.000) U[0,0] (WBC >= 0.372))
",0.333,2.443,0.000,0.000,1.000,9,0,0,1,10,0,9,1,0.9,0.0,0.0,1.0,0.9,0.09999999999999998,-1
"F[0,1](((Platelets <= 20.336 | SBP <= 101.761) -> DBP >= 61.891) | PTT >= 39.767)
",-9999999.000,-9999999.000,0.000,0.000,1.000,9,0,0,1,10,0,9,1,0.9,0.0,0.0,1.0,0.9,0.09999999999999998,-1
"F[0,0](Glucose >= 4.480 & MAP <= 87.614)
",-2.080,-15.355,0.000,0.000,1.000,9,0,0,1,10,0,9,1,0.9,0.0,0.0,1.0,0.9,0.09999999999999998,-1
"F[0,1](((FiO2 >= 0.000 -> Phosphate >= 0.114) -> BUN <= 1.541) -> FiO2 >= 0.044)
",-9999999.000,-9999999.000,0.000,0.000,1.000,9,0,0,1,10,0,9,1,0.9,0.0,0.0,1.0,0.9,0.09999999999999998,-1
"F[0,1](((EtCO2 >= 0.000 -> Temp >= 2.406) -> Magnesium <= 34.497) & Hct >= 3.061)
",-9999999.000,-9999999.000,0.000,0.000,1.000,8,0,0,2,10,0,8,2,0.8,0.0,0.0,1.0,0.8,0.19999999999999996,-1
"((Creatinine >= 0.001) U[0,0] (Hct >= 2.995))
",0.333,10.999,0.000,0.000,1.000,8,0,0,2,10,0,8,2,0.8,0.0,0.0,1.0,0.8,0.19999999999999996,-1
"F[0,1](O2Sat >= 70.708 -> Calcium >= 0.285)
",-9999999.000,-9999999.000,0.000,0.000,1.000,8,0,0,2,10,0,8,2,0.8,0.0,0.0,1.0,0.8,0.19999999999999996,-1
"((Hgb <= 11.981) U[1,1] (Temp >= 4.581))
",11.981,11.981,0.000,0.000,1.000,8,0,0,2,10,0,8,2,0.8,0.0,0.0,1.0,0.8,0.19999999999999996,-1
"F[0,0]((Temp >= 1.063 & AST >= 0.000) | O2Sat <= 0.000)
",0.000,0.000,0.000,0.000,1.000,8,0,0,2,10,0,8,2,0.8,0.0,0.0,1.0,0.8,0.19999999999999996,-1
"((MAP >= 13.597) U[1,1] (SBP <= 101.887))
",7169643634165170.000,101.887,0.000,0.000,1.000,8,0,0,2,10,0,8,2,0.8,0.0,0.0,1.0,0.8,0.19999999999999996,-1
"G[0,0](((Phosphate <= 0.448 | Potassium >= 0.140) & Fibrinogen <= 3.919) & SBP >= 0.184)
",-0.411,-0.581,0.000,1.000,0.000,8,0,0,2,10,0,8,2,0.8,0.0,0.0,1.0,0.8,0.19999999999999996,1
"G[0,0](MAP >= 34.132 & Temp <= 24.708)
",-26.441,-71.392,0.000,1.000,0.000,8,0,0,2,10,0,8,2,0.8,0.0,0.0,1.0,0.8,0.19999999999999996,1
"G[1,1](((FiO2 >= 0.000 | pH >= 0.000) -> Temp <= 0.000) & Hgb >= 0.000)
",0.000,0.000,0.000,1.000,0.000,8,0,0,2,10,0,8,2,0.8,0.0,0.0,1.0,0.8,0.19999999999999996,1
"G[0,0](((Temp >= 4.718 | WBC >= 0.051) | HR <= 6.366) -> Bilirubin_total >= 0.055)
",-33.845,-91.382,0.000,1.000,0.000,8,0,0,2,10,0,8,2,0.8,0.0,0.0,1.0,0.8,0.19999999999999996,1
"G[0,1]((pH <= 0.000 & PaCO2 <= 0.000) -> Temp <= 0.000)
",9999999.000,9999999.000,0.000,1.000,0.000,7,0,0,3,10,0,7,3,0.7,0.0,0.0,1.0,0.7,0.30000000000000004,1
"((MAP >= 1.914) U[1,1] (Resp <= 15.012))
",8450997952638330.000,15.012,0.000,0.000,1.000,7,0,0,3,10,0,7,3,0.7,0.0,0.0,1.0,0.7,0.30000000000000004,-1
"G[0,1](((Temp <= 21.063 & Phosphate <= 0.966) & WBC <= 1.983) & DBP <= 1.444)
",9999999.000,9999999.000,0.000,1.000,0.000,7,0,0,3,10,0,7,3,0.7,0.0,0.0,1.0,0.7,0.30000000000000004,1
"G[0,1](Hct <= 24.413 & HR <= 70.745)
",9999999.000,9999999.000,0.000,1.000,0.000,7,0,0,3,10,0,7,3,0.7,0.0,0.0,1.0,0.7,0.30000000000000004,1
"G[0,1](HR <= 69.240 -> MAP >= 63.003)
",9999999.000,9999999.000,0.000,1.000,0.000,6,0,0,4,10,0,6,4,0.6,0.0,0.0,1.0,0.6,0.4,1
"((MAP >= 62.382) U[0,1] (SBP <= 102.933))
",-9999999.000,-9999999.000,0.000,0.000,1.000,5,0,0,5,10,0,5,5,0.5,0.0,0.0,1.0,0.5,0.5,-1
"((MAP >= 40.106) U[0,1] (SBP <= 99.872))
",-9999999.000,-9999999.000,0.000,0.000,1.000,5,0,0,5,10,0,5,5,0.5,0.0,0.0,1.0,0.5,0.5,-1
"G[0,0](SBP <= 112.553 & Temp <= 29.618)
",-24.623,-66.482,0.000,1.000,0.000,5,0,0,5,10,0,5,5,0.5,0.0,0.0,1.0,0.5,0.5,1
"G[0,0](pH <= 0.000 -> HR <= 66.878)
",0.000,0.000,0.000,1.000,0.000,4,0,0,6,10,0,4,6,0.4,0.0,0.0,1.0,0.4,0.6,1
"F[0,1](O2Sat <= 96.492 & SBP >= 79.132)
",-9999999.000,-9999999.000,0.000,0.000,1.000,3,0,0,7,10,0,3,7,0.3,0.0,0.0,1.0,0.3,0.7,-1
"((MAP >= 59.128) U[0,0] (SBP <= 115.644))
",7.506,108.422,0.000,0.000,1.000,3,0,0,7,10,0,3,7,0.3,0.0,0.0,1.0,0.3,0.7,-1
"((MAP >= 48.045) U[0,0] (SBP <= 117.332))
",7.623,110.110,0.000,0.000,1.000,3,0,0,7,10,0,3,7,0.3,0.0,0.0,1.0,0.3,0.7,-1
"G[0,0]((HR >= 54.338 -> Hgb >= 0.281) & Lactate <= 9.109)
",-9001515802576350.000,-16373.662,0.000,1.000,0.000,2,0,0,8,10,0,2,8,0.2,0.0,0.0,1.0,0.2,0.8,1
"((HCO3 <= 9.701) U[0,1] (SBP <= 117.390))
",-9999999.000,-9999999.000,0.000,0.000,1.000,2,0,0,8,10,0,2,8,0.2,0.0,0.0,1.0,0.2,0.8,-1
"((SBP >= 81.279) U[1,1] (O2Sat >= 75.512))
",-75.512,-75.512,0.000,0.000,1.000,2,0,0,8,10,0,2,8,0.2,0.0,0.0,1.0,0.2,0.8,-1
"G[0,0]((Magnesium <= 1.475 & O2Sat >= 70.961) -> Glucose >= 60.633)
",1.398,4.711,0.000,1.000,0.000,2,0,0,8,10,0,2,8,0.2,0.0,0.0,1.0,0.2,0.8,1
"((MAP >= 52.357) U[1,2] (SBP <= 118.137))
",-9999999.000,-9999999.000,0.000,0.000,1.000,2,0,0,8,10,0,2,8,0.2,0.0,0.0,1.0,0.2,0.8,-1
"((SBP <= 120.729) U[1,1] (Bilirubin_total <= 0.000))
",120.729,120.729,0.000,0.000,1.000,2,0,0,8,10,0,2,8,0.2,0.0,0.0,1.0,0.2,0.8,-1
"((Hgb <= 9.177) U[0,1] (Resp <= 15.853))
",-9999999.000,-9999999.000,0.000,0.000,1.000,2,0,0,8,10,0,2,8,0.2,0.0,0.0,1.0,0.2,0.8,-1
"((SBP >= 51.004) U[1,2] (SepsisLabel = 0.000))
",-9999999.000,-9999999.000,0.000,0.000,1.000,2,0,0,8,10,0,2,8,0.2,0.0,0.0,1.0,0.2,0.8,-1
"((MAP >= 67.364) U[0,0] (SBP <= 122.501))
",7.981,115.279,0.000,0.000,1.000,2,0,0,8,10,0,2,8,0.2,0.0,0.0,1.0,0.2,0.8,-1
"G[0,1](MAP <= 74.400 & SBP >= 1.156)
",9999999.000,9999999.000,0.000,1.000,0.000,2,0,0,8,10,0,2,8,0.2,0.0,0.0,1.0,0.2,0.8,1
"G[0,0](((O2Sat >= 70.613 | PTT >= 1.082) & Hct >= 0.224) | Bilirubin_direct >= 0.674)
",-1.870,-0.539,0.000,1.000,0.000,2,0,0,8,10,0,2,8,0.2,0.0,0.0,1.0,0.2,0.8,1
"G[0,0]((Resp <= 18.942 -> PTT >= 0.378) & Platelets <= 11.111)
",-18.942,-18.942,0.000,1.000,0.000,1,0,0,9,10,0,1,9,0.1,0.0,0.0,1.0,0.1,0.9,1
"F[0,0](Hgb <= 6.343 | Hct <= 13.940)
",13.940,13.940,0.000,0.000,1.000,1,0,0,9,10,0,1,9,0.1,0.0,0.0,1.0,0.1,0.9,-1
"F[0,0](Chloride <= 20.643 & SepsisLabel = 0.000)
",-0.333,-19.100,0.000,0.000,1.000,1,0,0,9,10,0,1,9,0.1,0.0,0.0,1.0,0.1,0.9,-1
"((Chloride <= 56.070) U[1,2] (PTT <= 9.058))
",-9999999.000,-9999999.000,0.000,0.000,1.000,1,0,0,9,10,0,1,9,0.1,0.0,0.0,1.0,0.1,0.9,-1
"F[0,0]((Phosphate >= 0.040 & Magnesium > 0.034) -> Calcium < 7.943)
",-7.943,-7.943,0.000,0.000,1.000,1,0,0,9,10,0,1,9,0.1,0.0,0.0,1.0,0.1,0.9,-1
"F[0,0](Hgb <= 10.337 | Hct <= 33.844)
",33.844,33.844,0.000,0.000,1.000,1,0,0,9,10,0,1,9,0.1,0.0,0.0,1.0,0.1,0.9,-1
"F[0,0]((O2Sat <= 96.322 -> PTT >= 0.959) | O2Sat >= 0.595)
",19.478,65.655,0.000,0.000,1.000,1,0,0,9,10,0,1,9,0.1,0.0,0.0,1.0,0.1,0.9,-1
"F[0,0](((MAP <= 71.072 -> Resp >= 1.826) & WBC >= 8.353) -> Temp <= 15.800)
",0.702,13.607,0.000,0.000,1.000,1,0,0,9,10,0,1,9,0.1,0.0,0.0,1.0,0.1,0.9,-1
"((Temp <= 14.204) U[1,2] (O2Sat <= 97.959))
",-9999999.000,-9999999.000,0.000,0.000,1.000,1,0,0,9,10,0,1,9,0.1,0.0,0.0,1.0,0.1,0.9,-1
"((Calcium <= 3.103) U[1,2] (Alkalinephos <= 0.000))
",-9999999.000,-9999999.000,0.000,0.000,1.000,1,0,0,9,10,0,1,9,0.1,0.0,0.0,1.0,0.1,0.9,-1
"F[0,0]((Temp >= 3.301 & pH <= 0.000) | PTT <= 0.000)
",0.000,0.000,0.000,0.000,1.000,1,0,0,9,10,0,1,9,0.1,0.0,0.0,1.0,0.1,0.9,-1
"F[0,0]((Phosphate >= 0.108 & Magnesium > 0.082) -> Calcium < 3.745)
",-8432219681119534.000,-3.745,0.000,0.000,1.000,1,0,0,9,10,0,1,9,0.1,0.0,0.0,1.0,0.1,0.9,-1
"G[0,0](((Hgb <= 1.216 | Hct <= 10.971) -> WBC >= 0.428) & Platelets >= 1.703)
",-3.062,-12.311,0.000,1.000,0.000,1,0,0,9,10,0,1,9,0.1,0.0,0.0,1.0,0.1,0.9,1
"((HR <= 77.599) U[1,1] (O2Sat >= 43.994))
",5460538303198622.000,77.599,0.000,0.000,1.000,1,0,0,9,10,0,1,9,0.1,0.0,0.0,1.0,0.1,0.9,-1
"((Hgb <= 2.665) U[1,1] (PTT <= 19.345))
",19.345,19.345,0.000,0.000,1.000,1,0,0,9,10,0,1,9,0.1,0.0,0.0,1.0,0.1,0.9,-1
"G[0,0](((Hgb <= 4.911 | Hct <= 20.398) -> WBC >= 0.036) & Platelets >= 2.837)
",-15.904,-20.834,0.000,1.000,0.000,1,0,0,9,10,0,1,9,0.1,0.0,0.0,1.0,0.1,0.9,1
"G[0,0](((Hgb <= 4.240 | Hct <= 30.107) -> WBC >= 0.204) & Platelets >= 7.904)
",-30.107,-30.107,0.000,1.000,0.000,1,0,0,9,10,0,1,9,0.1,0.0,0.0,1.0,0.1,0.9,1
"G[0,0](Chloride >= 1.072 & HCO3 >= 1.269)
",-1.269,-1.269,0.000,1.000,0.000,1,0,0,9,10,0,1,9,0.1,0.0,0.0,1.0,0.1,0.9,1
"G[0,0](((Hgb <= 2.386 | Hct <= 14.032) -> WBC >= 0.374) & Platelets >= 4.356)
",-4.834,-15.072,0.000,1.000,0.000,1,0,0,9,10,0,1,9,0.1,0.0,0.0,1.0,0.1,0.9,1
"F[0,0]((Phosphate >= 0.088 & Magnesium > 0.086) -> Calcium < 3.950)
",-8893676847286094.000,-3.950,0.000,0.000,1.000,1,0,0,9,10,0,1,9,0.1,0.0,0.0,1.0,0.1,0.9,-1
"((Hgb < 1.230) U[1,2] (SepsisLabel = 0.000))
",-9999999.000,-9999999.000,0.000,0.000,1.000,1,0,0,9,10,0,1,9,0.1,0.0,0.0,1.0,0.1,0.9,-1
"((Platelets <= 97.154) U[1,1] (WBC <= 1.249))
",6836635854912002.000,97.154,0.000,0.000,1.000,1,0,0,9,10,0,1,9,0.1,0.0,0.0,1.0,0.1,0.9,-1
"F[0,0](Lactate >= 0.000 -> MAP >= 14.067)
",-2.756,-82.496,0.000,0.000,1.000,1,0,0,9,10,0,1,9,0.1,0.0,0.0,1.0,0.1,0.9,-1
"F[1,1]((Lactate <= 0.000 & SBP <= 120.800) & MAP <= 114.166)
",0.000,0.000,0.000,0.000,1.000,1,0,0,9,10,0,1,9,0.1,0.0,0.0,1.0,0.1,0.9,-1
"((Phosphate <= 2.250) U[1,2] (SepsisLabel >= 0.000))
",-9999999.000,-9999999.000,0.000,0.000,1.000,1,0,0,9,10,0,1,9,0.1,0.0,0.0,1.0,0.1,0.9,-1
"F[0,0](((HCO3 <= 18.847 | Fibrinogen >= 0.000) & PaCO2 <= 0.000) & Platelets <= 0.000)
",0.000,0.000,0.000,0.000,1.000,1,0,0,9,10,0,1,9,0.1,0.0,0.0,1.0,0.1,0.9,-1
"F[0,2]((pH <= 0.000 | Fibrinogen >= 0.000) -> Bilirubin_direct >= 0.000)
",-9999999.000,-9999999.000,0.000,0.000,1.000,0,0,0,10,10,0,0,10,0.0,0.0,0.0,0.0,0.0,1.0,-1
"F[0,2](((FiO2 >= 0.000 | BUN <= 0.905) -> BaseExcess >= 0.747) | AST >= 0.462)
",-9999999.000,-9999999.000,0.000,0.000,1.000,0,0,0,10,10,0,0,10,0.0,0.0,0.0,0.0,0.0,1.0,-1
"F[0,2](Resp >= 12.667 | SepsisLabel >= 0.000)
",-9999999.000,-9999999.000,0.000,0.000,1.000,0,0,0,10,10,0,0,10,0.0,0.0,0.0,0.0,0.0,1.0,-1
"F[0,1](((Platelets >= 8.295 | pH >= 0.000) -> SaO2 >= 0.000) | Bilirubin_total <= 0.000)
",-9999999.000,-9999999.000,0.000,0.000,1.000,0,0,0,10,10,0,0,10,0.0,0.0,0.0,0.0,0.0,1.0,-1
"F[1,2]((Bilirubin_total >= 0.000 & Lactate <= 0.000) & DBP <= 0.000)
",-9999999.000,-9999999.000,0.000,0.000,1.000,0,0,0,10,10,0,0,10,0.0,0.0,0.0,0.0,0.0,1.0,-1
"F[0,0](O2Sat >= 14.602 -> pH <= 0.000)
",-15.322,-51.648,0.000,0.000,1.000,0,0,0,10,10,0,0,10,0.0,0.0,0.0,0.0,0.0,1.0,-1
"F[1,1](Hgb >= 0.504 -> Hct >= 0.055)
",0.055,0.055,0.000,0.000,1.000,0,0,0,10,10,0,0,10,0.0,0.0,0.0,0.0,0.0,1.0,-1
"F[0,0]((PaCO2 <= 0.000 | Fibrinogen <= 0.000) | Phosphate <= 0.000)
",0.000,0.000,0.000,0.000,1.000,0,0,0,10,10,0,0,10,0.0,0.0,0.0,0.0,0.0,1.0,-1
"F[0,2](((SepsisLabel >= 0.000 -> Temp >= 4.982) | Glucose >= 4.161) & Creatinine >= 3.797)
",-9999999.000,-9999999.000,0.000,0.000,1.000,0,0,0,10,10,0,0,10,0.0,0.0,0.0,0.0,0.0,1.0,-1
"F[1,2](Resp >= 7.312 & Chloride >= 0.511)
",-9999999.000,-9999999.000,0.000,0.000,1.000,0,0,0,10,10,0,0,10,0.0,0.0,0.0,0.0,0.0,1.0,-1
"F[0,0](AST >= 0.000 | HR >= 41.349)
",16386.651,16386.651,0.000,0.000,1.000,0,0,0,10,10,0,0,10,0.0,0.0,0.0,0.0,0.0,1.0,-1
"F[0,1]((Alkalinephos >= 0.000 & DBP >= 0.000) -> HR >= 0.000)
",-9999999.000,-9999999.000,0.000,0.000,1.000,0,0,0,10,10,0,0,10,0.0,0.0,0.0,0.0,0.0,1.0,-1
"F[0,0](Lactate <= 0.000 | HCO3 >= 0.459)
",-0.333,-0.046,0.000,0.000,1.000,0,0,0,10,10,0,0,10,0.0,0.0,0.0,0.0,0.0,1.0,-1
"F[0,0](((PTT >= 0.210 | Resp <= 14.821) | PTT <= 17.420) | BUN >= 6.732)
",22.009,17.160,0.000,0.000,1.000,0,0,0,10,10,0,0,10,0.0,0.0,0.0,0.0,0.0,1.0,-1
"((pH >= 0.000) U[1,2] (Potassium >= 0.120))
",-9999999.000,-9999999.000,0.000,0.000,1.000,0,0,0,10,10,0,0,10,0.0,0.0,0.0,0.0,0.0,1.0,-1
"((SBP <= 101.105) U[0,0] (pH >= 0.000))
",6.500,93.883,0.000,0.000,1.000,0,0,0,10,10,0,0,10,0.0,0.0,0.0,0.0,0.0,1.0,-1
"((Temp > 3.142) U[0,1] (SepsisLabel = 0.000))
",-9999999.000,-9999999.000,0.000,0.000,1.000,0,0,0,10,10,0,0,10,0.0,0.0,0.0,0.0,0.0,1.0,-1
"((PaCO2 >= 0.000) U[0,2] (SepsisLabel = 0.000))
",-9999999.000,-9999999.000,0.000,0.000,1.000,0,0,0,10,10,0,0,10,0.0,0.0,0.0,0.0,0.0,1.0,-1
"((DBP >= 0.000) U[0,2] (SepsisLabel = 0.000))
",-9999999.000,-9999999.000,0.000,0.000,1.000,0,0,0,10,10,0,0,10,0.0,0.0,0.0,0.0,0.0,1.0,-1
"F[1,2](Alkalinephos < 0.000 & SepsisLabel = 0.000)
",-9999999.000,-9999999.000,0.000,0.000,1.000,0,0,0,10,10,0,0,10,0.0,0.0,0.0,0.0,0.0,1.0,-1
"((Platelets > 2.343) U[0,2] (SepsisLabel = 0.000))
",-9999999.000,-9999999.000,0.000,0.000,1.000,0,0,0,10,10,0,0,10,0.0,0.0,0.0,0.0,0.0,1.0,-1
"F[0,2](EtCO2 <= 0.000 & PaCO2 >= 0.000)
",-9999999.000,-9999999.000,0.000,0.000,1.000,0,0,0,10,10,0,0,10,0.0,0.0,0.0,0.0,0.0,1.0,-1
"F[0,1]((DBP <= 0.000 | Creatinine >= 0.033) & Lactate <= 0.555)
",-9999999.000,-9999999.000,0.000,0.000,1.000,0,0,0,10,10,0,0,10,0.0,0.0,0.0,0.0,0.0,1.0,-1
"F[1,2](Hct <= 18.377 | SepsisLabel <= 0.000)
",-9999999.000,-9999999.000,0.000,0.000,1.000,0,0,0,10,10,0,0,10,0.0,0.0,0.0,0.0,0.0,1.0,-1
"F[1,1](Temp <= 14.059 | Lactate >= 0.000)
",14.059,14.059,0.000,0.000,1.000,0,0,0,10,10,0,0,10,0.0,0.0,0.0,0.0,0.0,1.0,-1
"F[0,2](((Glucose <= 97.107 -> TroponinI <= 0.000) | Platelets >= 0.000) & Potassium <= 0.000)
",-9999999.000,-9999999.000,0.000,0.000,1.000,0,0,0,10,10,0,0,10,0.0,0.0,0.0,0.0,0.0,1.0,-1
"((Temp >= 2.697) U[0,2] (Hct >= 2.079))
",-9999999.000,-9999999.000,0.000,0.000,1.000,0,0,0,10,10,0,0,10,0.0,0.0,0.0,0.0,0.0,1.0,-1
"F[0,1](BUN >= 0.705 | Resp >= 2.084)
",-9999999.000,-9999999.000,0.000,0.000,1.000,0,0,0,10,10,0,0,10,0.0,0.0,0.0,0.0,0.0,1.0,-1
"F[2,2](((Fibrinogen <= 0.000 & HCO3 <= 24.386) & HCO3 >= 0.196) | Hgb >= 0.320)
",-7072842504508710.000,-0.196,0.000,0.000,1.000,0,0,0,10,10,0,0,10,0.0,0.0,0.0,0.0,0.0,1.0,-1
"F[1,1]((SBP >= 83.623 -> Bilirubin_direct >= 0.000) & pH <= 0.000)
",0.000,0.000,0.000,0.000,1.000,0,0,0,10,10,0,0,10,0.0,0.0,0.0,0.0,0.0,1.0,-1
"((Bilirubin_direct <= 0.000) U[1,1] (Alkalinephos >= 0.000))
",0.000,0.000,0.000,0.000,1.000,0,0,0,10,10,0,0,10,0.0,0.0,0.0,0.0,0.0,1.0,-1
"F[0,2](((O2Sat >= 88.583 | Lactate <= 0.000) | SepsisLabel >= 0.000) | Glucose <= 0.000)
",-9999999.000,-9999999.000,0.000,0.000,1.000,0,0,0,10,10,0,0,10,0.0,0.0,0.0,0.0,0.0,1.0,-1
"F[2,2]((TroponinI <= 0.000 & Bilirubin_total <= 0.000) -> Magnesium >= 0.000)
",0.000,0.000,0.000,0.000,1.000,0,0,0,10,10,0,0,10,0.0,0.0,0.0,0.0,0.0,1.0,-1
"F[2,2]((BaseExcess <= 0.000 & FiO2 >= 0.000) -> TroponinI <= 0.000)
",0.000,0.000,0.000,0.000,1.000,0,0,0,10,10,0,0,10,0.0,0.0,0.0,0.0,0.0,1.0,-1
"F[1,2](Lactate >= 0.000 & Potassium >= 0.028)
",-9999999.000,-9999999.000,0.000,0.000,1.000,0,0,0,10,10,0,0,10,0.0,0.0,0.0,0.0,0.0,1.0,-1
"F[0,1](((Temp <= 11.076 | TroponinI <= 0.000) -> SaO2 <= 0.000) -> Chloride >= 0.000)
",-9999999.000,-9999999.000,0.000,0.000,1.000,0,0,0,10,10,0,0,10,0.0,0.0,0.0,0.0,0.0,1.0,-1
"F[0,1]((Chloride >= 2.515 & Creatinine <= 0.481) -> Bilirubin_total >= 0.030)
",-9999999.000,-9999999.000,0.000,0.000,1.000,0,0,0,10,10,0,0,10,0.0,0.0,0.0,0.0,0.0,1.0,-1
"F[2,2](((MAP >= 2.539 | Bilirubin_direct >= 0.000) & Glucose >= 0.000) | AST <= 0.000)
",0.000,0.000,0.000,0.000,1.000,0,0,0,10,10,0,0,10,0.0,0.0,0.0,0.0,0.0,1.0,-1
"F[0,1]((SaO2 >= 0.000 -> PaCO2 <= 0.000) & Potassium <= 0.000)
",-9999999.000,-9999999.000,0.000,0.000,1.000,0,0,0,10,10,0,0,10,0.0,0.0,0.0,0.0,0.0,1.0,-1
"F[0,2](Bilirubin_total >= 0.000 & HCO3 >= 0.512)
",-9999999.000,-9999999.000,0.000,0.000,1.000,0,0,0,10,10,0,0,10,0.0,0.0,0.0,0.0,0.0,1.0,-1
"((FiO2 <= 0.000) U[1,2] (Resp >= 8.685))
",-9999999.000,-9999999.000,0.000,0.000,1.000,0,0,0,10,10,0,0,10,0.0,0.0,0.0,0.0,0.0,1.0,-1
"F[0,2](((FiO2 <= 0.000 & Bilirubin_total <= 0.000) | WBC >= 0.000) & PTT <= 0.000)
",-9999999.000,-9999999.000,0.000,0.000,1.000,0,0,0,10,10,0,0,10,0.0,0.0,0.0,0.0,0.0,1.0,-1
"F[0,2](((Hct >= 1.039 & WBC >= 0.336) | EtCO2 <= 6.606) & Alkalinephos >= 0.211)
",-9999999.000,-9999999.000,0.000,0.000,1.000,0,0,0,10,10,0,0,10,0.0,0.0,0.0,0.0,0.0,1.0,-1
"F[0,2](((Phosphate >= 0.097 & MAP >= 39.958) | O2Sat >= 12.918) | Platelets <= 81.256)
",-9999999.000,-9999999.000,0.000,0.000,1.000,0,0,0,10,10,0,0,10,0.0,0.0,0.0,0.0,0.0,1.0,-1
"F[0,1]((Magnesium >= 0.004 | Bilirubin_direct >= 0.000) & BUN >= 0.000)
",-9999999.000,-9999999.000,0.000,0.000,1.000,0,0,0,10,10,0,0,10,0.0,0.0,0.0,0.0,0.0,1.0,-1
"G[0,2](pH >= 0.000 & SepsisLabel >= 0.000)
",9999999.000,9999999.000,0.000,1.000,0.000,0,0,10,0,0,10,10,0,0.0,0.0,1.0,0.0,0.0,1.0,1
"F[0,2](((Magnesium <= 1.604 & Bilirubin_total <= 0.000) -> Phosphate <= 0.000) | FiO2 <= 0.000)
",-9999999.000,-9999999.000,0.000,0.000,1.000,0,0,0,10,10,0,0,10,0.0,0.0,0.0,0.0,0.0,1.0,-1
"F[1,2](((Bilirubin_direct <= 0.000 & O2Sat <= 99.619) | Temp <= 94.489) | EtCO2 >= 29.954)
",-9999999.000,-9999999.000,0.000,0.000,1.000,0,0,0,10,10,0,0,10,0.0,0.0,0.0,0.0,0.0,1.0,-1
"F[0,1]((PaCO2 >= 0.000 & Bilirubin_direct >= 0.000) | Platelets <= 0.000)
",-9999999.000,-9999999.000,0.000,0.000,1.000,0,0,0,10,10,0,0,10,0.0,0.0,0.0,0.0,0.0,1.0,-1
"F[1,1](Hct <= 18.806 -> BaseExcess >= 0.000)
",-18.806,-18.806,0.000,0.000,1.000,0,0,0,10,10,0,0,10,0.0,0.0,0.0,0.0,0.0,1.0,-1
"F[1,1]((BUN <= 7.588 -> DBP <= 0.000) & Resp >= 0.000)
",-8543225752696410.000,-7.588,0.000,0.000,1.000,0,0,0,10,10,0,0,10,0.0,0.0,0.0,0.0,0.0,1.0,-1
"((PaCO2 >= 0.000) U[1,2] (AST >= 0.000))
",-9999999.000,-9999999.000,0.000,0.000,1.000,0,0,0,10,10,0,0,10,0.0,0.0,0.0,0.0,0.0,1.0,-1
"F[2,2](((SaO2 <= 0.000 | Temp <= 22.330) | BaseExcess <= 23.623) & Lactate <= 33.271)
",23.623,23.623,0.000,0.000,1.000,0,0,0,10,10,0,0,10,0.0,0.0,0.0,0.0,0.0,1.0,-1
"F[0,2](Calcium <= 6.712 & Phosphate <= 1.445)
",-9999999.000,-9999999.000,0.000,0.000,1.000,0,0,0,10,10,0,0,10,0.0,0.0,0.0,0.0,0.0,1.0,-1
"F[1,2]((TroponinI >= 0.000 & Creatinine <= 0.442) -> Glucose <= 0.589)
",-9999999.000,-9999999.000,0.000,0.000,1.000,0,0,0,10,10,0,0,10,0.0,0.0,0.0,0.0,0.0,1.0,-1
"F[0,2]((Platelets >= 1.171 & Temp <= 25.448) | AST >= 1.277)
",-9999999.000,-9999999.000,0.000,0.000,1.000,0,0,0,10,10,0,0,10,0.0,0.0,0.0,0.0,0.0,1.0,-1
"F[1,2](((Calcium <= 0.672 & Hgb <= 1.012) -> BUN >= 0.551) & Creatinine >= 0.331)
",-9999999.000,-9999999.000,0.000,0.000,1.000,0,0,0,10,10,0,0,10,0.0,0.0,0.0,0.0,0.0,1.0,-1
"F[2,2](((Alkalinephos >= 0.000 | DBP >= 0.000) | Resp >= 0.000) -> HR <= 0.000)
",0.000,0.000,0.000,0.000,1.000,0,0,0,10,10,0,0,10,0.0,0.0,0.0,0.0,0.0,1.0,-1
"F[0,1]((Calcium >= 0.338 -> Calcium <= 1.134) -> Chloride <= 5.303)
",-9999999.000,-9999999.000,0.000,0.000,1.000,0,0,0,10,10,0,0,10,0.0,0.0,0.0,0.0,0.0,1.0,-1
"F[1,2]((BUN <= 14.421 -> O2Sat >= 49.725) -> Hgb <= 98.115)
",-9999999.000,-9999999.000,0.000,0.000,1.000,0,0,0,10,10,0,0,10,0.0,0.0,0.0,0.0,0.0,1.0,-1
"F[1,2](((Bilirubin_direct >= 0.000 | Chloride <= 90.696) & AST <= 109.913) & WBC >= 3.760)
",-9999999.000,-9999999.000,0.000,0.000,1.000,0,0,0,10,10,0,0,10,0.0,0.0,0.0,0.0,0.0,1.0,-1
"F[0,2](Bilirubin_total <= 0.000 -> SBP >= 10.614)
",-9999999.000,-9999999.000,0.000,0.000,1.000,0,0,0,10,10,0,0,10,0.0,0.0,0.0,0.0,0.0,1.0,-1
"F[2,2]((SaO2 >= 0.000 & Creatinine <= 0.794) -> SepsisLabel >= 0.043)
",0.000,0.000,0.000,0.000,1.000,0,0,0,10,10,0,0,10,0.0,0.0,0.0,0.0,0.0,1.0,-1
"F[0,1](((Chloride <= 76.930 | HCO3 >= 0.800) -> Creatinine <= 1.835) -> FiO2 <= 17.338)
",-9999999.000,-9999999.000,0.000,0.000,1.000,0,0,0,10,10,0,0,10,0.0,0.0,0.0,0.0,0.0,1.0,-1
"F[0,2]((O2Sat <= 95.651 -> Magnesium <= 1.817) & HCO3 <= 1.657)
",-9999999.000,-9999999.000,0.000,0.000,1.000,0,0,0,10,10,0,0,10,0.0,0.0,0.0,0.0,0.0,1.0,-1
"F[1,2](((WBC >= 0.136 | Lactate >= 0.000) | FiO2 >= 0.000) & HCO3 <= 0.000)
",-9999999.000,-9999999.000,0.000,0.000,1.000,0,0,0,10,10,0,0,10,0.0,0.0,0.0,0.0,0.0,1.0,-1
"F[0,1](((FiO2 >= 0.000 -> BaseExcess >= 0.000) -> Chloride >= 0.000) | WBC <= 0.000)
",-9999999.000,-9999999.000,0.000,0.000,1.000,0,0,0,10,10,0,0,10,0.0,0.0,0.0,0.0,0.0,1.0,-1
"F[0,1]((Lactate >= 0.000 -> pH >= 0.000) -> BUN <= 0.000)
",-9999999.000,-9999999.000,0.000,0.000,1.000,0,0,0,10,10,0,0,10,0.0,0.0,0.0,0.0,0.0,1.0,-1
"F[1,2](((Bilirubin_direct >= 0.000 & Fibrinogen <= 0.000) & HR <= 0.000) | BaseExcess >= 0.000)
",-9999999.000,-9999999.000,0.000,0.000,1.000,0,0,0,10,10,0,0,10,0.0,0.0,0.0,0.0,0.0,1.0,-1
"((Hct < 14.293) U[0,2] (SepsisLabel = 0.000))
",-9999999.000,-9999999.000,0.000,0.000,1.000,0,0,0,10,10,0,0,10,0.0,0.0,0.0,0.0,0.0,1.0,-1
"F[1,2]((TroponinI <= 0.000 & Chloride >= 3.034) & Platelets >= 0.797)
",-9999999.000,-9999999.000,0.000,0.000,1.000,0,0,0,10,10,0,0,10,0.0,0.0,0.0,0.0,0.0,1.0,-1
"F[2,2](MAP <= 87.619 | EtCO2 >= 0.000)
",87.619,87.619,0.000,0.000,1.000,0,0,0,10,10,0,0,10,0.0,0.0,0.0,0.0,0.0,1.0,-1
"((Fibrinogen >= 0.000) U[1,1] (HR >= 11.489))
",0.000,0.000,0.000,0.000,1.000,0,0,0,10,10,0,0,10,0.0,0.0,0.0,0.0,0.0,1.0,-1
"F[0,2](((Magnesium >= 0.059 & PTT <= 20.921) -> Resp >= 0.057) & Magnesium >= 1.101)
",-9999999.000,-9999999.000,0.000,0.000,1.000,0,0,0,10,10,0,0,10,0.0,0.0,0.0,0.0,0.0,1.0,-1
"F[0,2](((HCO3 <= 8.046 | Lactate <= 0.000) -> Hgb <= 0.000) -> Creatinine >= 0.000)
",-9999999.000,-9999999.000,0.000,0.000,1.000,0,0,0,10,10,0,0,10,0.0,0.0,0.0,0.0,0.0,1.0,-1
"((Fibrinogen <= 0.000) U[2,2] (EtCO2 <= 0.000))
",0.000,0.000,0.000,0.000,1.000,0,0,0,10,10,0,0,10,0.0,0.0,0.0,0.0,0.0,1.0,-1
"F[0,2](((WBC <= 2.723 | pH <= 0.000) -> EtCO2 <= 0.000) -> SepsisLabel >= 0.000)
",-9999999.000,-9999999.000,0.000,0.000,1.000,0,0,0,10,10,0,0,10,0.0,0.0,0.0,0.0,0.0,1.0,-1
"F[0,2]((Hgb <= 5.839 -> TroponinI <= 0.000) & Alkalinephos >= 0.000)
",-9999999.000,-9999999.000,0.000,0.000,1.000,0,0,0,10,10,0,0,10,0.0,0.0,0.0,0.0,0.0,1.0,-1
"F[2,2](((PaCO2 <= 0.000 -> SepsisLabel >= 0.000) -> pH >= 0.000) -> EtCO2 <= 0.000)
",0.000,0.000,0.000,0.000,1.000,0,0,0,10,10,0,0,10,0.0,0.0,0.0,0.0,0.0,1.0,-1
"F[0,2](((SBP >= 3.075 & PaCO2 >= 0.000) & Chloride <= 0.000) & O2Sat >= 0.000)
",-9999999.000,-9999999.000,0.000,0.000,1.000,0,0,0,10,10,0,0,10,0.0,0.0,0.0,0.0,0.0,1.0,-1
"F[1,2]((WBC <= 0.556 | PaCO2 >= 0.000) -> DBP >= 0.000)
",-9999999.000,-9999999.000,0.000,0.000,1.000,0,0,0,10,10,0,0,10,0.0,0.0,0.0,0.0,0.0,1.0,-1
"F[1,2]((pH >= 0.000 | Temp >= 4.899) -> FiO2 <= 5.545)
",-9999999.000,-9999999.000,0.000,0.000,1.000,0,0,0,10,10,0,0,10,0.0,0.0,0.0,0.0,0.0,1.0,-1
"F[2,2](((DBP <= 0.000 -> HCO3 >= 1.088) & AST <= 8.939) -> Temp >= 0.671)
",0.000,0.000,0.000,0.000,1.000,0,0,0,10,10,0,0,10,0.0,0.0,0.0,0.0,0.0,1.0,-1
"((Potassium >= 0.060) U[0,2] (Magnesium <= 1.109))
",-9999999.000,-9999999.000,0.000,0.000,1.000,0,0,0,10,10,0,0,10,0.0,0.0,0.0,0.0,0.0,1.0,-1
"F[2,2](((Potassium <= 3.831 | Chloride <= 18.104) | O2Sat >= 1.683) & TroponinI <= 70.338)
",5095885416188349.000,18.104,0.000,0.000,1.000,0,0,0,10,10,0,0,10,0.0,0.0,0.0,0.0,0.0,1.0,-1
"F[0,2](Hgb >= 0.479 | Phosphate <= 2.475)
",-9999999.000,-9999999.000,0.000,0.000,1.000,0,0,0,10,10,0,0,10,0.0,0.0,0.0,0.0,0.0,1.0,-1
"F[0,2](((MAP >= 3.977 & EtCO2 <= 0.000) | Hct >= 0.000) | AST <= 0.000)
",-9999999.000,-9999999.000,0.000,0.000,1.000,0,0,0,10,10,0,0,10,0.0,0.0,0.0,0.0,0.0,1.0,-1
"F[1,2](((WBC >= 0.051 | MAP >= 65.200) | Magnesium >= 32.129) -> SaO2 >= 7.602)
",-9999999.000,-9999999.000,0.000,0.000,1.000,0,0,0,10,10,0,0,10,0.0,0.0,0.0,0.0,0.0,1.0,-1
"F[2,2]((Temp >= 2.372 & WBC >= 0.076) -> MAP >= 0.063)
",0.063,0.063,0.000,0.000,1.000,0,0,0,10,10,0,0,10,0.0,0.0,0.0,0.0,0.0,1.0,-1
"F[0,1](O2Sat >= 40.452 | SaO2 >= 0.000)
",-9999999.000,-9999999.000,0.000,0.000,1.000,0,0,0,10,10,0,0,10,0.0,0.0,0.0,0.0,0.0,1.0,-1
"((SaO2 <= 0.000) U[1,2] (SepsisLabel = 0.000))
",-9999999.000,-9999999.000,0.000,0.000,1.000,0,0,0,10,10,0,0,10,0.0,0.0,0.0,0.0,0.0,1.0,-1
"((BUN <= 3.403) U[0,1] (SepsisLabel = 0.000))
",-9999999.000,-9999999.000,0.000,0.000,1.000,0,0,0,10,10,0,0,10,0.0,0.0,0.0,0.0,0.0,1.0,-1
"F[0,2](((Chloride >= 3.276 -> Hgb >= 0.159) & Bilirubin_direct <= 8.350) -> DBP >= 0.101)
",-9999999.000,-9999999.000,0.000,0.000,1.000,0,0,0,10,10,0,0,10,0.0,0.0,0.0,0.0,0.0,1.0,-1
"((Magnesium > 0.081) U[0,1] (SepsisLabel = 0.000))
",-9999999.000,-9999999.000,0.000,0.000,1.000,0,0,0,10,10,0,0,10,0.0,0.0,0.0,0.0,0.0,1.0,-1
"F[2,2]((AST >= 0.000 | Fibrinogen >= 0.000) | FiO2 >= 0.000)
",0.000,0.000,0.000,0.000,1.000,0,0,0,10,10,0,0,10,0.0,0.0,0.0,0.0,0.0,1.0,-1
"F[1,2]((Glucose <= 40.494 -> Glucose <= 29.864) -> O2Sat <= 7.125)
",-9999999.000,-9999999.000,0.000,0.000,1.000,0,0,0,10,10,0,0,10,0.0,0.0,0.0,0.0,0.0,1.0,-1
"F[0,1](((pH <= 0.000 -> Phosphate <= 0.246) | Chloride <= 1.157) -> WBC <= 1.434)
",-9999999.000,-9999999.000,0.000,0.000,1.000,0,0,0,10,10,0,0,10,0.0,0.0,0.0,0.0,0.0,1.0,-1
"((Bilirubin_direct >= 0.000) U[1,1] (Platelets <= 111.489))
",7845363055727254.000,111.489,0.000,0.000,1.000,0,0,0,10,10,0,0,10,0.0,0.0,0.0,0.0,0.0,1.0,-1
"F[0,2]((HCO3 >= 1.049 | Fibrinogen >= 0.000) | AST <= 0.000)
",-9999999.000,-9999999.000,0.000,0.000,1.000,0,0,0,10,10,0,0,10,0.0,0.0,0.0,0.0,0.0,1.0,-1
"F[0,0](Magnesium >= 0.032 | Lactate >= 0.000)
",0.333,11.800,0.000,0.000,1.000,0,0,0,10,10,0,0,10,0.0,0.0,0.0,0.0,0.0,1.0,-1
"((Bilirubin_direct >= 0.000) U[0,2] (HR >= 43.053))
",-9999999.000,-9999999.000,0.000,0.000,1.000,0,0,0,10,10,0,0,10,0.0,0.0,0.0,0.0,0.0,1.0,-1
"F[0,2](Bilirubin_direct <= 0.000 & EtCO2 <= 0.000)
",-9999999.000,-9999999.000,0.000,0.000,1.000,0,0,0,10,10,0,0,10,0.0,0.0,0.0,0.0,0.0,1.0,-1
"((Platelets >= 7.926) U[0,1] (Bilirubin_direct <= 0.000))
",-9999999.000,-9999999.000,0.000,0.000,1.000,0,0,0,10,10,0,0,10,0.0,0.0,0.0,0.0,0.0,1.0,-1
"F[0,2](pH >= 0.000 | pH <= 0.000)
",-9999999.000,-9999999.000,0.000,0.000,1.000,0,0,0,10,10,0,0,10,0.0,0.0,0.0,0.0,0.0,1.0,-1
"F[0,2](((Lactate >= 0.000 -> SepsisLabel >= 0.000) -> O2Sat <= 0.000) -> Bilirubin_direct >= 0.000)
",-9999999.000,-9999999.000,0.000,0.000,1.000,0,0,0,10,10,0,0,10,0.0,0.0,0.0,0.0,0.0,1.0,-1
"((BaseExcess >= 0.000) U[1,2] (Alkalinephos >= 0.000))
",-9999999.000,-9999999.000,0.000,0.000,1.000,0,0,0,10,10,0,0,10,0.0,0.0,0.0,0.0,0.0,1.0,-1
"F[1,1]((PaCO2 >= 0.000 | SaO2 <= 0.000) | Calcium <= 0.000)
",0.000,0.000,0.000,0.000,1.000,0,0,0,10,10,0,0,10,0.0,0.0,0.0,0.0,0.0,1.0,-1
"F[0,1](((Bilirubin_total <= 0.000 | FiO2 >= 0.000) -> MAP >= 0.000) | Temp <= 0.000)
",-9999999.000,-9999999.000,0.000,0.000,1.000,0,0,0,10,10,0,0,10,0.0,0.0,0.0,0.0,0.0,1.0,-1
"F[0,2](((Hct >= 2.440 & PaCO2 >= 0.000) -> Platelets <= 0.000) & Temp >= 0.000)
",-9999999.000,-9999999.000,0.000,0.000,1.000,0,0,0,10,10,0,0,10,0.0,0.0,0.0,0.0,0.0,1.0,-1
"F[2,2](Platelets >= 2.733 -> EtCO2 >= 0.000)
",0.000,0.000,0.000,0.000,1.000,0,0,0,10,10,0,0,10,0.0,0.0,0.0,0.0,0.0,1.0,-1
"F[1,2](((Temp >= 3.029 | Creatinine >= 0.015) -> HR <= 0.262) & TroponinI >= 0.014)
",-9999999.000,-9999999.000,0.000,0.000,1.000,0,0,0,10,10,0,0,10,0.0,0.0,0.0,0.0,0.0,1.0,-1
"F[1,1]((Platelets >= 3.285 & PaCO2 <= 0.000) -> Creatinine >= 0.000)
",0.000,0.000,0.000,0.000,1.000,0,0,0,10,10,0,0,10,0.0,0.0,0.0,0.0,0.0,1.0,-1
"F[0,2](DBP >= 0.000 & HR <= 74.268)
",-9999999.000,-9999999.000,0.000,0.000,1.000,0,0,0,10,10,0,0,10,0.0,0.0,0.0,0.0,0.0,1.0,-1
"F[0,1](((Alkalinephos <= 0.000 -> Hct <= 23.708) -> O2Sat >= 0.544) & BUN <= 4.780)
",-9999999.000,-9999999.000,0.000,0.000,1.000,0,0,0,10,10,0,0,10,0.0,0.0,0.0,0.0,0.0,1.0,-1
"((WBC <= 2.618) U[2,2] (SBP >= 54.186))
",2.618,2.618,0.000,0.000,1.000,0,0,0,10,10,0,0,10,0.0,0.0,0.0,0.0,0.0,1.0,-1
"F[2,2]((BUN >= 0.026 -> Bilirubin_total <= 0.000) & Lactate <= 0.000)
",0.000,0.000,0.000,0.000,1.000,0,0,0,10,10,0,0,10,0.0,0.0,0.0,0.0,0.0,1.0,-1
"F[0,0]((Bilirubin_total <= 0.000 & Chloride <= 6.990) | SepsisLabel <= 59.961)
",2.787,53.555,0.000,0.000,1.000,0,0,0,10,10,0,0,10,0.0,0.0,0.0,0.0,0.0,1.0,-1
"F[2,2](Fibrinogen <= 0.000 -> Hgb <= 10.312)
",-5805253843485926.000,-10.312,0.000,0.000,1.000,0,0,0,10,10,0,0,10,0.0,0.0,0.0,0.0,0.0,1.0,-1
"F[1,2](HR >= 20.325 & MAP >= 12.722)
",-9999999.000,-9999999.000,0.000,0.000,1.000,0,0,0,10,10,0,0,10,0.0,0.0,0.0,0.0,0.0,1.0,-1
"F[0,2]((MAP >= 35.979 | PTT <= 15.477) & Temp <= 5.756)
",-9999999.000,-9999999.000,0.000,0.000,1.000,0,0,0,10,10,0,0,10,0.0,0.0,0.0,0.0,0.0,1.0,-1
"F[1,2](((SBP <= 99.021 | SepsisLabel <= 0.000) -> Bilirubin_direct <= 0.000) | BaseExcess >= 0.000)
",-9999999.000,-9999999.000,0.000,0.000,1.000,0,0,0,10,10,0,0,10,0.0,0.0,0.0,0.0,0.0,1.0,-1
"F[1,2](((AST <= 0.000 & Bilirubin_total <= 0.000) -> Magnesium >= 0.000) | Resp >= 0.000)
",-9999999.000,-9999999.000,0.000,0.000,1.000,0,0,0,10,10,0,0,10,0.0,0.0,0.0,0.0,0.0,1.0,-1
"F[0,2]((Phosphate >= 0.034 | BUN <= 10.899) | FiO2 <= 7.202)
",-9999999.000,-9999999.000,0.000,0.000,1.000,0,0,0,10,10,0,0,10,0.0,0.0,0.0,0.0,0.0,1.0,-1
"F[1,2]((BUN >= 0.131 -> Platelets >= 0.283) | PTT <= 169.651)
",-9999999.000,-9999999.000,0.000,0.000,1.000,0,0,0,10,10,0,0,10,0.0,0.0,0.0,0.0,0.0,1.0,-1
"F[0,2]((DBP >= 0.000 -> SBP <= 124.138) & Calcium >= 7.128)
",-9999999.000,-9999999.000,0.000,0.000,1.000,0,0,0,10,10,0,0,10,0.0,0.0,0.0,0.0,0.0,1.0,-1
"F[1,2]((Calcium <= 5.381 & Potassium <= 2.754) & Magnesium >= 0.054)
",-9999999.000,-9999999.000,0.000,0.000,1.000,0,0,0,10,10,0,0,10,0.0,0.0,0.0,0.0,0.0,1.0,-1
"((Magnesium >= 0.068) U[0,1] (Hgb <= 3.821))
",-9999999.000,-9999999.000,0.000,0.000,1.000,0,0,0,10,10,0,0,10,0.0,0.0,0.0,0.0,0.0,1.0,-1
"F[0,1]((HR <= 65.791 | Potassium >= 0.199) -> Alkalinephos >= 0.038)
",-9999999.000,-9999999.000,0.000,0.000,1.000,0,0,0,10,10,0,0,10,0.0,0.0,0.0,0.0,0.0,1.0,-1
"((SepsisLabel <= 0.000) U[0,2] (FiO2 >= 0.000))
",-9999999.000,-9999999.000,0.000,0.000,1.000,0,0,0,10,10,0,0,10,0.0,0.0,0.0,0.0,0.0,1.0,-1
"((BUN <= 10.757) U[0,0] (BaseExcess <= 0.000))
",6055513191617174.000,10.757,0.000,0.000,1.000,0,0,0,10,10,0,0,10,0.0,0.0,0.0,0.0,0.0,1.0,-1
"F[0,0](PaCO2 <= 0.000 | PaCO2 >= 0.000)
",0.000,0.000,0.000,0.000,1.000,0,0,0,10,10,0,0,10,0.0,0.0,0.0,0.0,0.0,1.0,-1
"F[0,2]((EtCO2 <= 0.000 & AST >= 0.000) | Bilirubin_direct >= 0.000)
",-9999999.000,-9999999.000,0.000,0.000,1.000,0,0,0,10,10,0,0,10,0.0,0.0,0.0,0.0,0.0,1.0,-1
"F[1,1]((SaO2 <= 0.000 | DBP <= 0.000) & pH <= 0.000)
",0.000,0.000,0.000,0.000,1.000,0,0,0,10,10,0,0,10,0.0,0.0,0.0,0.0,0.0,1.0,-1
"F[0,1]((Calcium <= 4.544 | pH <= 0.000) | Glucose >= 0.000)
",-9999999.000,-9999999.000,0.000,0.000,1.000,0,0,0,10,10,0,0,10,0.0,0.0,0.0,0.0,0.0,1.0,-1
"F[0,1]((BaseExcess <= 0.000 & Potassium <= 0.245) | Temp <= 2.178)
",-9999999.000,-9999999.000,0.000,0.000,1.000,0,0,0,10,10,0,0,10,0.0,0.0,0.0,0.0,0.0,1.0,-1
"((Chloride >= 5.498) U[0,2] (Potassium >= 0.040))
",-9999999.000,-9999999.000,0.000,0.000,1.000,0,0,0,10,10,0,0,10,0.0,0.0,0.0,0.0,0.0,1.0,-1
"F[2,2]((SaO2 >= 0.000 & Phosphate >= 0.116) & Lactate >= 0.078)
",-8356677270412118.000,-0.116,0.000,0.000,1.000,0,0,0,10,10,0,0,10,0.0,0.0,0.0,0.0,0.0,1.0,-1
"F[1,1]((Magnesium <= 0.125 & Phosphate >= 0.117) -> Potassium <= 0.851)
",-0.851,-0.851,0.000,0.000,1.000,0,0,0,10,10,0,0,10,0.0,0.0,0.0,0.0,0.0,1.0,-1
"F[1,1](((Alkalinephos <= 0.000 | Phosphate <= 1.339) & Resp >= 0.004) & pH <= 0.513)
",-0.004,-0.004,0.000,0.000,1.000,0,0,0,10,10,0,0,10,0.0,0.0,0.0,0.0,0.0,1.0,-1
"F[2,2]((O2Sat <= 95.699 | Lactate >= 0.000) | Potassium >= 0.000)
",6734184394121026.000,95.699,0.000,0.000,1.000,0,0,0,10,10,0,0,10,0.0,0.0,0.0,0.0,0.0,1.0,-1
"((PTT >= 0.782) U[0,1] (Alkalinephos <= 0.000))
",-9999999.000,-9999999.000,0.000,0.000,1.000,0,0,0,10,10,0,0,10,0.0,0.0,0.0,0.0,0.0,1.0,-1
"F[0,1](((HCO3 >= 1.029 | Creatinine >= 0.020) -> HR <= 0.501) -> EtCO2 <= 0.180)
",-9999999.000,-9999999.000,0.000,0.000,1.000,0,0,0,10,10,0,0,10,0.0,0.0,0.0,0.0,0.0,1.0,-1
"F[2,2]((SaO2 <= 0.000 | Bilirubin_direct <= 0.000) -> HR >= 0.000)
",0.000,0.000,0.000,0.000,1.000,0,0,0,10,10,0,0,10,0.0,0.0,0.0,0.0,0.0,1.0,-1
"((SaO2 >= 0.000) U[0,2] (Fibrinogen >= 0.000))
",-9999999.000,-9999999.000,0.000,0.000,1.000,0,0,0,10,10,0,0,10,0.0,0.0,0.0,0.0,0.0,1.0,-1
"F[1,1](((TroponinI <= 0.000 | Resp >= 14.033) & Bilirubin_total >= 10.444) -> Chloride >= 0.193)
",0.193,0.193,0.000,0.000,1.000,0,0,0,10,10,0,0,10,0.0,0.0,0.0,0.0,0.0,1.0,-1
"F[0,1]((WBC <= 4.258 -> Glucose <= 97.463) | Potassium <= 43.897)
",-9999999.000,-9999999.000,0.000,0.000,1.000,0,0,0,10,10,0,0,10,0.0,0.0,0.0,0.0,0.0,1.0,-1
"F[1,2](((Creatinine >= 0.016 -> DBP <= 0.000) | DBP <= 0.000) | AST >= 0.000)
",-9999999.000,-9999999.000,0.000,0.000,1.000,0,0,0,10,10,0,0,10,0.0,0.0,0.0,0.0,0.0,1.0,-1
"F[0,1](DBP <= 0.000 | O2Sat >= 64.197)
",-9999999.000,-9999999.000,0.000,0.000,1.000,0,0,0,10,10,0,0,10,0.0,0.0,0.0,0.0,0.0,1.0,-1
"F[1,1](((PTT >= 0.460 | SBP >= 81.878) & SepsisLabel >= 42.214) | HR <= 121.177)
",121.177,121.177,0.000,0.000,1.000,0,0,0,10,10,0,0,10,0.0,0.0,0.0,0.0,0.0,1.0,-1
"F[2,2]((Bilirubin_total >= 0.000 & pH >= 0.000) & PTT >= 0.000)
",0.000,0.000,0.000,0.000,1.000,0,0,0,10,10,0,0,10,0.0,0.0,0.0,0.0,0.0,1.0,-1
"F[0,2](Potassium <= 2.911 | TroponinI >= 0.000)
",-9999999.000,-9999999.000,0.000,0.000,1.000,0,0,0,10,10,0,0,10,0.0,0.0,0.0,0.0,0.0,1.0,-1
"F[0,2]((Fibrinogen >= 0.000 & DBP <= 0.000) | TroponinI <= 0.000)
",-9999999.000,-9999999.000,0.000,0.000,1.000,0,0,0,10,10,0,0,10,0.0,0.0,0.0,0.0,0.0,1.0,-1
"F[0,2]((Resp >= 10.219 -> Temp >= 3.508) & EtCO2 >= 0.158)
",-9999999.000,-9999999.000,0.000,0.000,1.000,0,0,0,10,10,0,0,10,0.0,0.0,0.0,0.0,0.0,1.0,-1
"((Chloride <= 25.711) U[2,2] (MAP <= 80.715))
",80.715,80.715,0.000,0.000,1.000,0,0,0,10,10,0,0,10,0.0,0.0,0.0,0.0,0.0,1.0,-1
"F[0,2](MAP >= 39.767 | Platelets <= 92.871)
",-9999999.000,-9999999.000,0.000,0.000,1.000,0,0,0,10,10,0,0,10,0.0,0.0,0.0,0.0,0.0,1.0,-1
"F[0,0]((Chloride >= 2.433 | SBP >= 0.743) | SBP <= 103.720)
",6.681,96.498,0.000,0.000,1.000,0,0,0,10,10,0,0,10,0.0,0.0,0.0,0.0,0.0,1.0,-1
"F[1,2]((AST <= 0.000 -> Temp <= 25.247) -> Bilirubin_direct <= 7.675)
",-9999999.000,-9999999.000,0.000,0.000,1.000,0,0,0,10,10,0,0,10,0.0,0.0,0.0,0.0,0.0,1.0,-1
"F[2,2]((HCO3 <= 25.325 & O2Sat <= 97.191) | Fibrinogen >= 48.252)
",25.325,25.325,0.000,0.000,1.000,0,0,0,10,10,0,0,10,0.0,0.0,0.0,0.0,0.0,1.0,-1
"F[2,2](((O2Sat >= 34.211 | Potassium <= 3.279) -> SaO2 >= 0.063) -> EtCO2 <= 3.429)
",-7721049353638078.000,-3.429,0.000,0.000,1.000,0,0,0,10,10,0,0,10,0.0,0.0,0.0,0.0,0.0,1.0,-1
"F[0,1](O2Sat <= 96.554 -> WBC <= 0.453)
",-9999999.000,-9999999.000,0.000,0.000,1.000,0,0,0,10,10,0,0,10,0.0,0.0,0.0,0.0,0.0,1.0,-1
"F[0,2]((Hgb <= 1.634 -> O2Sat <= 98.627) -> HCO3 >= 49.472)
",-9999999.000,-9999999.000,0.000,0.000,1.000,0,0,0,10,10,0,0,10,0.0,0.0,0.0,0.0,0.0,1.0,-1
"F[1,2](((PTT <= 24.440 | Temp <= 17.481) | EtCO2 >= 3.191) & Magnesium <= 30.714)
",-9999999.000,-9999999.000,0.000,0.000,1.000,0,0,0,10,10,0,0,10,0.0,0.0,0.0,0.0,0.0,1.0,-1
"F[0,1](((Calcium <= 1.370 | AST >= 0.000) | Bilirubin_direct >= 0.000) & BUN <= 0.000)
",-9999999.000,-9999999.000,0.000,0.000,1.000,0,0,0,10,10,0,0,10,0.0,0.0,0.0,0.0,0.0,1.0,-1
"((TroponinI <= 0.000) U[1,2] (TroponinI <= 0.000))
",-9999999.000,-9999999.000,0.000,0.000,1.000,0,0,0,10,10,0,0,10,0.0,0.0,0.0,0.0,0.0,1.0,-1
"F[1,2]((Lactate <= 0.000 -> EtCO2 >= 0.000) & TroponinI <= 0.000)
",-9999999.000,-9999999.000,0.000,0.000,1.000,0,0,0,10,10,0,0,10,0.0,0.0,0.0,0.0,0.0,1.0,-1
"((PaCO2 <= 0.000) U[0,2] (TroponinI >= 0.000))
",-9999999.000,-9999999.000,0.000,0.000,1.000,0,0,0,10,10,0,0,10,0.0,0.0,0.0,0.0,0.0,1.0,-1
"F[0,2](((Hgb >= 0.534 | Platelets >= 0.320) -> Glucose <= 88.969) -> Bilirubin_total <= 116.766)
",-9999999.000,-9999999.000,0.000,0.000,1.000,0,0,0,10,10,0,0,10,0.0,0.0,0.0,0.0,0.0,1.0,-1
"F[2,2]((Hct <= 31.057 | Phosphate <= 0.562) -> FiO2 <= 1.185)
",-8741676196607050.000,-31.057,0.000,0.000,1.000,0,0,0,10,10,0,0,10,0.0,0.0,0.0,0.0,0.0,1.0,-1
"F[0,2]((Chloride <= 32.217 & Hct >= 1.379) | TroponinI <= 34.502)
",-9999999.000,-9999999.000,0.000,0.000,1.000,0,0,0,10,10,0,0,10,0.0,0.0,0.0,0.0,0.0,1.0,-1
"F[1,2](BUN >= 0.448 -> Hct >= 0.798)
",-9999999.000,-9999999.000,0.000,0.000,1.000,0,0,0,10,10,0,0,10,0.0,0.0,0.0,0.0,0.0,1.0,-1
"F[2,2]((HR >= 9.445 & SBP <= 120.538) & TroponinI <= 107.907)
",-9.445,-9.445,0.000,0.000,1.000,0,0,0,10,10,0,0,10,0.0,0.0,0.0,0.0,0.0,1.0,-1
"F[0,2](Calcium >= 0.409 | Magnesium >= 0.048)
",-9999999.000,-9999999.000,0.000,0.000,1.000,0,0,0,10,10,0,0,10,0.0,0.0,0.0,0.0,0.0,1.0,-1
"((BUN <= 4.997) U[1,2] (Calcium >= 0.056))
",-9999999.000,-9999999.000,0.000,0.000,1.000,0,0,0,10,10,0,0,10,0.0,0.0,0.0,0.0,0.0,1.0,-1
"F[1,2](((Hgb >= 0.506 & WBC <= 0.953) -> HR <= 6.979) & MAP >= 0.304)
",-9999999.000,-9999999.000,0.000,0.000,1.000,0,0,0,10,10,0,0,10,0.0,0.0,0.0,0.0,0.0,1.0,-1
"F[0,1](Magnesium <= 1.567 | Temp <= 35.399)
",-9999999.000,-9999999.000,0.000,0.000,1.000,0,0,0,10,10,0,0,10,0.0,0.0,0.0,0.0,0.0,1.0,-1
"((Alkalinephos < 0.000) U[0,2] (SepsisLabel = 0.000))
",-9999999.000,-9999999.000,0.000,0.000,1.000,0,0,0,10,10,0,0,10,0.0,0.0,0.0,0.0,0.0,1.0,-1
"F[0,2](Hgb <= 6.642 -> SepsisLabel = 0.000)
",-9999999.000,-9999999.000,0.000,0.000,1.000,0,0,0,10,10,0,0,10,0.0,0.0,0.0,0.0,0.0,1.0,-1
"((AST < 0.000) U[0,1] (SepsisLabel = 0.000))
",-9999999.000,-9999999.000,0.000,0.000,1.000,0,0,0,10,10,0,0,10,0.0,0.0,0.0,0.0,0.0,1.0,-1
"((O2Sat < 95.174) U[2,2] (SepsisLabel = 0.000))
",95.174,95.174,0.000,0.000,1.000,0,0,0,10,10,0,0,10,0.0,0.0,0.0,0.0,0.0,1.0,-1
"F[0,1]((Phosphate >= 0.012 & Magnesium > 0.042) -> Calcium < 6.896)
",-9999999.000,-9999999.000,0.000,0.000,1.000,0,0,0,10,10,0,0,10,0.0,0.0,0.0,0.0,0.0,1.0,-1
"F[0,2]((Calcium <= 6.149 & Potassium <= 3.472) & Magnesium >= 0.040)
",-9999999.000,-9999999.000,0.000,0.000,1.000,0,0,0,10,10,0,0,10,0.0,0.0,0.0,0.0,0.0,1.0,-1
"F[1,2]((Hct >= 2.958 & PTT <= 20.161) | SBP >= 1.134)
",-9999999.000,-9999999.000,0.000,0.000,1.000,0,0,0,10,10,0,0,10,0.0,0.0,0.0,0.0,0.0,1.0,-1
"F[0,2](((HCO3 >= 1.230 & Temp >= 5.391) -> Bilirubin_direct <= 6.919) | TroponinI <= 33.316)
",-9999999.000,-9999999.000,0.000,0.000,1.000,0,0,0,10,10,0,0,10,0.0,0.0,0.0,0.0,0.0,1.0,-1
"F[0,2]((Phosphate >= 0.037 & Magnesium > 0.060) -> Calcium < 6.069)
",-9999999.000,-9999999.000,0.000,0.000,1.000,0,0,0,10,10,0,0,10,0.0,0.0,0.0,0.0,0.0,1.0,-1
"((Temp > 0.042) U[0,0] (SepsisLabel = 0.000))
",35.577,96.058,0.000,0.000,1.000,0,0,0,10,10,0,0,10,0.0,0.0,0.0,0.0,0.0,1.0,-1
"F[0,2]((HR >= 23.748 | Platelets >= 4.301) -> DBP >= 0.682)
",-9999999.000,-9999999.000,0.000,0.000,1.000,0,0,0,10,10,0,0,10,0.0,0.0,0.0,0.0,0.0,1.0,-1
"F[2,2](Bilirubin_total >= 0.000 -> SepsisLabel = 0.000)
",0.000,0.000,0.000,0.000,1.000,0,0,0,10,10,0,0,10,0.0,0.0,0.0,0.0,0.0,1.0,-1
"((PaCO2 >= 0.000) U[0,0] (SepsisLabel = 0.000))
",0.000,0.000,0.000,0.000,1.000,0,0,0,10,10,0,0,10,0.0,0.0,0.0,0.0,0.0,1.0,-1
"F[0,1](Temp < 31.229 -> SepsisLabel = 0.000)
",-9999999.000,-9999999.000,0.000,0.000,1.000,0,0,0,10,10,0,0,10,0.0,0.0,0.0,0.0,0.0,1.0,-1
"((AST > 0.000) U[0,2] (SepsisLabel = 0.000))
",-9999999.000,-9999999.000,0.000,0.000,1.000,0,0,0,10,10,0,0,10,0.0,0.0,0.0,0.0,0.0,1.0,-1
"F[1,1](FiO2 >= 0.000 -> SepsisLabel = 0.000)
",0.000,0.000,0.000,0.000,1.000,0,0,0,10,10,0,0,10,0.0,0.0,0.0,0.0,0.0,1.0,-1
"((HR >= 61.893) U[0,1] (SepsisLabel = 0.000))
",-9999999.000,-9999999.000,0.000,0.000,1.000,0,0,0,10,10,0,0,10,0.0,0.0,0.0,0.0,0.0,1.0,-1
"F[0,2](Glucose <= 60.624 -> Temp <= 13.096)
",-9999999.000,-9999999.000,0.000,0.000,1.000,0,0,0,10,10,0,0,10,0.0,0.0,0.0,0.0,0.0,1.0,-1
"((DBP >= 0.000) U[0,0] (SepsisLabel = 0.000))
",7.330,71.200,0.000,0.000,1.000,0,0,0,10,10,0,0,10,0.0,0.0,0.0,0.0,0.0,1.0,-1
"F[2,2](PaCO2 <= 0.000 & SepsisLabel = 0.000)
",0.000,0.000,0.000,0.000,1.000,0,0,0,10,10,0,0,10,0.0,0.0,0.0,0.0,0.0,1.0,-1
"((BaseExcess <= 0.000) U[1,2] (SepsisLabel = 0.000))
",-9999999.000,-9999999.000,0.000,0.000,1.000,0,0,0,10,10,0,0,10,0.0,0.0,0.0,0.0,0.0,1.0,-1
"((MAP >= 4.316) U[2,2] (SepsisLabel = 0.000))
",0.000,0.000,0.000,0.000,1.000,0,0,0,10,10,0,0,10,0.0,0.0,0.0,0.0,0.0,1.0,-1
"F[1,1]((Platelets <= 54.095 & Resp >= 6.405) | Temp <= 15.158)
",8533434187823150.000,15.158,0.000,0.000,1.000,0,0,0,10,10,0,0,10,0.0,0.0,0.0,0.0,0.0,1.0,-1
"((Resp <= 16.363) U[0,1] (SBP >= 43.722))
",-9999999.000,-9999999.000,0.000,0.000,1.000,0,0,0,10,10,0,0,10,0.0,0.0,0.0,0.0,0.0,1.0,-1
"F[0,1](Hgb <= 5.190 | Hct <= 24.163)
",-9999999.000,-9999999.000,0.000,0.000,1.000,0,0,0,10,10,0,0,10,0.0,0.0,0.0,0.0,0.0,1.0,-1
"F[1,2](((Calcium < 1.331 & Potassium < 1.142) & Magnesium < 0.892) & Phosphate < 0.629)
",-9999999.000,-9999999.000,0.000,0.000,1.000,0,0,0,10,10,0,0,10,0.0,0.0,0.0,0.0,0.0,1.0,-1
"F[2,2]((AST <= 0.000 -> Magnesium >= 0.056) -> TroponinI >= 0.051)
",0.000,0.000,0.000,0.000,1.000,0,0,0,10,10,0,0,10,0.0,0.0,0.0,0.0,0.0,1.0,-1
"F[0,1]((Phosphate >= 0.010 & Magnesium > 0.071) -> Calcium < 7.513)
",-9999999.000,-9999999.000,0.000,0.000,1.000,0,0,0,10,10,0,0,10,0.0,0.0,0.0,0.0,0.0,1.0,-1
"F[1,2](((Calcium < 5.890 & Potassium < 2.108) & Magnesium < 0.463) & Phosphate < 1.373)
",-9999999.000,-9999999.000,0.000,0.000,1.000,0,0,0,10,10,0,0,10,0.0,0.0,0.0,0.0,0.0,1.0,-1
"F[2,2]((Calcium <= 4.069 & Potassium <= 2.010) & Magnesium >= 0.005)
",-5202537542294754.000,-0.005,0.000,0.000,1.000,0,0,0,10,10,0,0,10,0.0,0.0,0.0,0.0,0.0,1.0,-1
"F[0,1](Hgb <= 10.246 | Hct <= 18.481)
",-9999999.000,-9999999.000,0.000,0.000,1.000,0,0,0,10,10,0,0,10,0.0,0.0,0.0,0.0,0.0,1.0,-1
"F[1,1]((Phosphate >= 0.074 & Magnesium > 0.014) -> Calcium < 7.936)
",-7.936,-7.936,0.000,0.000,1.000,0,0,0,10,10,0,0,10,0.0,0.0,0.0,0.0,0.0,1.0,-1
"F[1,2](((Calcium < 4.915 & Potassium < 3.202) & Magnesium < 0.298) & Phosphate < 0.175)
",-9999999.000,-9999999.000,0.000,0.000,1.000,0,0,0,10,10,0,0,10,0.0,0.0,0.0,0.0,0.0,1.0,-1
"F[0,2](Hgb <= 1.592 | Hct <= 32.887)
",-9999999.000,-9999999.000,0.000,0.000,1.000,0,0,0,10,10,0,0,10,0.0,0.0,0.0,0.0,0.0,1.0,-1
"F[0,1](((Calcium < 3.887 & Potassium < 1.105) & Magnesium < 2.198) & Phosphate < 1.649)
",-9999999.000,-9999999.000,0.000,0.000,1.000,0,0,0,10,10,0,0,10,0.0,0.0,0.0,0.0,0.0,1.0,-1
"((MAP >= 43.367) U[0,2] (SBP <= 99.636))
",-9999999.000,-9999999.000,0.000,0.000,1.000,0,0,0,10,10,0,0,10,0.0,0.0,0.0,0.0,0.0,1.0,-1
"F[0,1]((Phosphate >= 0.063 & Magnesium > 0.111) -> Calcium < 3.504)
",-9999999.000,-9999999.000,0.000,0.000,1.000,0,0,0,10,10,0,0,10,0.0,0.0,0.0,0.0,0.0,1.0,-1
"F[0,2](((Calcium < 0.883 & Potassium < 3.566) & Magnesium < 0.647) & Phosphate < 1.547)
",-9999999.000,-9999999.000,0.000,0.000,1.000,0,0,0,10,10,0,0,10,0.0,0.0,0.0,0.0,0.0,1.0,-1
"F[2,2]((Calcium <= 1.194 & Potassium <= 1.157) & Magnesium >= 0.104)
",-0.104,-0.104,0.000,0.000,1.000,0,0,0,10,10,0,0,10,0.0,0.0,0.0,0.0,0.0,1.0,-1
"F[0,2]((Phosphate >= 0.046 & Resp >= 11.947) | Alkalinephos >= 7.744)
",-9999999.000,-9999999.000,0.000,0.000,1.000,0,0,0,10,10,0,0,10,0.0,0.0,0.0,0.0,0.0,1.0,-1
"F[2,2]((HR <= 71.131 -> Temp <= 18.826) & O2Sat >= 3.617)
",-71.131,-71.131,0.000,0.000,1.000,0,0,0,10,10,0,0,10,0.0,0.0,0.0,0.0,0.0,1.0,-1
"F[0,2]((BUN <= 5.622 -> HR <= 67.816) | Platelets <= 73.865)
",-9999999.000,-9999999.000,0.000,0.000,1.000,0,0,0,10,10,0,0,10,0.0,0.0,0.0,0.0,0.0,1.0,-1
"F[0,1]((Phosphate >= 0.074 & Magnesium > 0.101) -> Calcium < 1.707)
",-9999999.000,-9999999.000,0.000,0.000,1.000,0,0,0,10,10,0,0,10,0.0,0.0,0.0,0.0,0.0,1.0,-1
"F[0,2](Potassium <= 1.263 -> SepsisLabel = 0.000)
",-9999999.000,-9999999.000,0.000,0.000,1.000,0,0,0,10,10,0,0,10,0.0,0.0,0.0,0.0,0.0,1.0,-1
"F[0,2]((Calcium <= 5.019 & Potassium <= 3.959) & Magnesium >= 0.064)
",-9999999.000,-9999999.000,0.000,0.000,1.000,0,0,0,10,10,0,0,10,0.0,0.0,0.0,0.0,0.0,1.0,-1
"F[2,2](((Calcium < 3.494 & Potassium < 3.321) & Magnesium < 0.972) & Phosphate < 2.482)
",8755367214839562.000,0.972,0.000,0.000,1.000,0,0,0,10,10,0,0,10,0.0,0.0,0.0,0.0,0.0,1.0,-1
"F[1,2](((Calcium < 3.935 & Potassium < 2.359) & Magnesium < 0.743) & Phosphate < 2.039)
",-9999999.000,-9999999.000,0.000,0.000,1.000,0,0,0,10,10,0,0,10,0.0,0.0,0.0,0.0,0.0,1.0,-1
"F[0,1](Hgb <= 3.409 | Hct <= 8.285)
",-9999999.000,-9999999.000,0.000,0.000,1.000,0,0,0,10,10,0,0,10,0.0,0.0,0.0,0.0,0.0,1.0,-1
"((MAP >= 31.289) U[0,2] (SBP <= 111.028))
",-9999999.000,-9999999.000,0.000,0.000,1.000,0,0,0,10,10,0,0,10,0.0,0.0,0.0,0.0,0.0,1.0,-1
"F[2,2](((Calcium < 3.862 & Potassium < 3.909) & Magnesium < 1.223) & Phosphate < 0.292)
",5254931733890366.000,0.292,0.000,0.000,1.000,0,0,0,10,10,0,0,10,0.0,0.0,0.0,0.0,0.0,1.0,-1
"F[1,2](Hgb <= 11.629 | Hct <= 28.149)
",-9999999.000,-9999999.000,0.000,0.000,1.000,0,0,0,10,10,0,0,10,0.0,0.0,0.0,0.0,0.0,1.0,-1
"F[0,2]((Phosphate >= 0.102 & Magnesium > 0.007) -> Calcium < 2.107)
",-9999999.000,-9999999.000,0.000,0.000,1.000,0,0,0,10,10,0,0,10,0.0,0.0,0.0,0.0,0.0,1.0,-1
"F[2,2]((Calcium <= 1.593 & Potassium <= 3.759) & Magnesium >= 0.099)
",-0.099,-0.099,0.000,0.000,1.000,0,0,0,10,10,0,0,10,0.0,0.0,0.0,0.0,0.0,1.0,-1
"F[1,2](Phosphate <= 0.433 -> SepsisLabel = 0.000)
",-9999999.000,-9999999.000,0.000,0.000,1.000,0,0,0,10,10,0,0,10,0.0,0.0,0.0,0.0,0.0,1.0,-1
"F[0,2](Hgb <= 5.108 | Hct <= 25.292)
",-9999999.000,-9999999.000,0.000,0.000,1.000,0,0,0,10,10,0,0,10,0.0,0.0,0.0,0.0,0.0,1.0,-1
"F[1,2](((Calcium < 6.606 & Potassium < 2.590) & Magnesium < 0.771) & Phosphate < 1.324)
",-9999999.000,-9999999.000,0.000,0.000,1.000,0,0,0,10,10,0,0,10,0.0,0.0,0.0,0.0,0.0,1.0,-1
"F[1,2](((Calcium < 7.171 & Potassium < 1.427) & Magnesium < 2.208) & Phosphate < 0.338)
",-9999999.000,-9999999.000,0.000,0.000,1.000,0,0,0,10,10,0,0,10,0.0,0.0,0.0,0.0,0.0,1.0,-1
"((MAP >= 2.879) U[0,2] (SBP <= 104.542))
",-9999999.000,-9999999.000,0.000,0.000,1.000,0,0,0,10,10,0,0,10,0.0,0.0,0.0,0.0,0.0,1.0,-1
"((Creatinine > 0.034) U[0,2] (SepsisLabel = 0.000))
",-9999999.000,-9999999.000,0.000,0.000,1.000,0,0,0,10,10,0,0,10,0.0,0.0,0.0,0.0,0.0,1.0,-1
"F[1,1](Hgb <= 7.276 | Hct <= 20.904)
",20.904,20.904,0.000,0.000,1.000,0,0,0,10,10,0,0,10,0.0,0.0,0.0,0.0,0.0,1.0,-1
"F[1,2](((Magnesium <= 0.179 | DBP <= 0.000) | Platelets >= 0.000) | Hct <= 0.000)
",-9999999.000,-9999999.000,0.000,0.000,1.000,0,0,0,10,10,0,0,10,0.0,0.0,0.0,0.0,0.0,1.0,-1
"F[2,2]((PTT <= 20.899 | MAP <= 83.086) | Potassium <= 87.387)
",87.387,87.387,0.000,0.000,1.000,0,0,0,10,10,0,0,10,0.0,0.0,0.0,0.0,0.0,1.0,-1
"F[0,0](SBP <= 99.609 -> PaCO2 >= 0.000)
",-6.396,-92.387,0.000,0.000,1.000,0,0,0,10,10,0,0,10,0.0,0.0,0.0,0.0,0.0,1.0,-1
"G[1,2](BaseExcess < 0.000 & SepsisLabel = 0.000)
",9999999.000,9999999.000,0.000,1.000,0.000,0,0,0,10,10,0,0,10,0.0,0.0,0.0,0.0,0.0,1.0,1
"G[1,2](((Hgb <= 2.718 | Hct <= 23.421) -> WBC >= 0.038) & Platelets >= 2.076)
",9999999.000,9999999.000,0.000,1.000,0.000,0,0,0,10,10,0,0,10,0.0,0.0,0.0,0.0,0.0,1.0,1
"G[0,2](BUN <= 0.813 & Creatinine >= 0.014)
",9999999.000,9999999.000,0.000,1.000,0.000,0,0,0,10,10,0,0,10,0.0,0.0,0.0,0.0,0.0,1.0,1
"G[0,2](Platelets >= 8.891 | Temp >= 5.322)
",9999999.000,9999999.000,0.000,1.000,0.000,0,0,0,10,10,0,0,10,0.0,0.0,0.0,0.0,0.0,1.0,1
"G[1,1](Hct >= 0.649 | Hgb >= 0.382)
",-6876264389675270.000,-0.382,0.000,1.000,0.000,0,0,0,10,10,0,0,10,0.0,0.0,0.0,0.0,0.0,1.0,1
"G[0,2]((Hct <= 30.176 & Platelets >= 2.410) -> TroponinI >= 8.089)
",9999999.000,9999999.000,0.000,1.000,0.000,0,0,10,0,0,10,10,0,0.0,0.0,1.0,0.0,0.0,1.0,1
"G[1,2](((O2Sat <= 93.711 -> Resp <= 17.780) -> Potassium <= 17.899) -> AST >= 8.667)
",9999999.000,9999999.000,0.000,1.000,0.000,0,0,0,10,10,0,0,10,0.0,0.0,0.0,0.0,0.0,1.0,1
"G[2,2](((MAP >= 38.389 -> O2Sat >= 54.271) | DBP >= 66.638) | Bilirubin_total <= 91.588)
",91.588,91.588,0.000,1.000,0.000,0,0,10,0,0,10,10,0,0.0,0.0,1.0,0.0,0.0,1.0,1
"G[1,2]((Creatinine >= 0.044 | Potassium <= 1.482) -> Glucose >= 0.047)
",9999999.000,9999999.000,0.000,1.000,0.000,0,0,0,10,10,0,0,10,0.0,0.0,0.0,0.0,0.0,1.0,1
"G[2,2]((Chloride <= 40.860 -> HCO3 <= 3.500) | O2Sat <= 7.717)
",4344244896490931.000,7.717,0.000,1.000,0.000,0,0,10,0,0,10,10,0,0.0,0.0,1.0,0.0,0.0,1.0,1
"G[0,2](HCO3 <= 26.469 & Potassium <= 2.396)
",9999999.000,9999999.000,0.000,1.000,0.000,0,0,9,1,1,9,9,1,0.0,0.0,1.0,0.0,0.0,1.0,1
"G[1,2](SBP < 114.949 & SepsisLabel = 0.000)
",9999999.000,9999999.000,0.000,1.000,0.000,0,0,7,3,3,7,7,3,0.0,0.0,1.0,0.0,0.0,1.0,1
"G[1,2](Creatinine > 0.045 -> SepsisLabel = 0.000)
",9999999.000,9999999.000,0.000,1.000,0.000,0,0,10,0,0,10,10,0,0.0,0.0,1.0,0.0,0.0,1.0,1
"G[0,2](pH > 0.000 -> SepsisLabel = 0.000)
",9999999.000,9999999.000,0.000,1.000,0.000,0,0,10,0,0,10,10,0,0.0,0.0,1.0,0.0,0.0,1.0,1
"G[0,1](Chloride >= 2.837 & HCO3 >= 1.332)
",9999999.000,9999999.000,0.000,1.000,0.000,0,0,0,10,10,0,0,10,0.0,0.0,0.0,0.0,0.0,1.0,1
"G[0,2]((Hct <= 10.335 -> MAP >= 16.760) | Creatinine >= 36.385)
",9999999.000,9999999.000,0.000,1.000,0.000,0,0,9,1,1,9,9,1,0.0,0.0,1.0,0.0,0.0,1.0,1
"G[0,2](HCO3 < 13.445 -> SepsisLabel = 0.000)
",9999999.000,9999999.000,0.000,1.000,0.000,0,0,10,0,0,10,10,0,0.0,0.0,1.0,0.0,0.0,1.0,1
"G[1,1](SepsisLabel > 0.000 & SepsisLabel = 0.000)
",0.000,0.000,0.000,1.000,0.000,0,0,0,10,10,0,0,10,0.0,0.0,0.0,0.0,0.0,1.0,1
"G[1,2](Bilirubin_total > 0.000 & SepsisLabel = 0.000)
",9999999.000,9999999.000,0.000,1.000,0.000,0,0,0,10,10,0,0,10,0.0,0.0,0.0,0.0,0.0,1.0,1
"G[0,0](TroponinI > 0.000 & SepsisLabel = 0.000)
",-0.333,-19.100,0.000,1.000,0.000,0,0,0,10,10,0,0,10,0.0,0.0,0.0,0.0,0.0,1.0,1
"G[0,2](Resp < 16.960 & SepsisLabel = 0.000)
",9999999.000,9999999.000,0.000,1.000,0.000,0,0,4,6,6,4,4,6,0.0,0.0,1.0,0.0,0.0,1.0,1
"G[2,2](Glucose < 95.259 -> SepsisLabel = 0.000)
",-6703271239914974.000,-95.259,0.000,1.000,0.000,0,0,10,0,0,10,10,0,0.0,0.0,1.0,0.0,0.0,1.0,1
"G[0,2](Hct > 0.907 & SepsisLabel = 0.000)
",9999999.000,9999999.000,0.000,1.000,0.000,0,0,0,10,10,0,0,10,0.0,0.0,0.0,0.0,0.0,1.0,1
"G[0,2](Creatinine < 0.088 -> SepsisLabel = 0.000)
",9999999.000,9999999.000,0.000,1.000,0.000,0,0,10,0,0,10,10,0,0.0,0.0,1.0,0.0,0.0,1.0,1
"G[0,2](BUN > 0.109 & SepsisLabel = 0.000)
",9999999.000,9999999.000,0.000,1.000,0.000,0,0,0,10,10,0,0,10,0.0,0.0,0.0,0.0,0.0,1.0,1
"G[0,1](BUN <= 3.424 & Creatinine >= 0.030)
",9999999.000,9999999.000,0.000,1.000,0.000,0,0,0,10,10,0,0,10,0.0,0.0,0.0,0.0,0.0,1.0,1
"G[1,1](((Hgb <= 3.258 | Hct <= 25.766) -> WBC >= 0.380) & Platelets >= 4.800)
",-25.766,-25.766,0.000,1.000,0.000,0,0,0,10,10,0,0,10,0.0,0.0,0.0,0.0,0.0,1.0,1
"G[0,2](Platelets <= 76.057 -> WBC >= 0.021)
",9999999.000,9999999.000,0.000,1.000,0.000,0,0,0,10,10,0,0,10,0.0,0.0,0.0,0.0,0.0,1.0,1
"G[0,1](((Hgb <= 3.485 | Hct <= 15.870) -> WBC >= 0.036) & Platelets >= 0.623)
",9999999.000,9999999.000,0.000,1.000,0.000,0,0,0,10,10,0,0,10,0.0,0.0,0.0,0.0,0.0,1.0,1
"F[0,2](SBP <= 105.634 & Chloride >= 5.193)
",-9999999.000,-9999999.000,0.000,0.000,1.000,0,0,0,10,10,0,0,10,0.0,0.0,0.0,0.0,0.0,1.0,-1
"G[0,1](BUN <= 2.961 & Creatinine >= 0.007)
",9999999.000,9999999.000,0.000,1.000,0.000,0,0,0,10,10,0,0,10,0.0,0.0,0.0,0.0,0.0,1.0,1
"G[2,2]((Platelets <= 108.020 | pH >= 0.000) | AST >= 0.000)
",7601196954903298.000,108.020,0.000,1.000,0.000,0,0,10,0,0,10,10,0,0.0,0.0,1.0,0.0,0.0,1.0,1
"G[0,2](((Hct >= 3.155 -> O2Sat <= 98.738) & pH >= 15.427) | Glucose <= 98.569)
",9999999.000,9999999.000,0.000,1.000,0.000,0,0,9,1,1,9,9,1,0.0,0.0,1.0,0.0,0.0,1.0,1
"G[2,2]((Hct <= 19.583 | Resp >= 9.024) & Potassium >= 5.797)
",-6526619647006794.000,-5.797,0.000,1.000,0.000,0,0,10,0,0,10,10,0,0.0,0.0,1.0,0.0,0.0,1.0,1
"G[1,1](BUN <= 12.211 & Creatinine >= 0.019)
",-0.019,-0.019,0.000,1.000,0.000,0,0,0,10,10,0,0,10,0.0,0.0,0.0,0.0,0.0,1.0,1
"G[0,1](((Hgb <= 11.642 | Hct <= 34.538) -> WBC >= 0.199) & Platelets >= 3.983)
",9999999.000,9999999.000,0.000,1.000,0.000,0,0,0,10,10,0,0,10,0.0,0.0,0.0,0.0,0.0,1.0,1
"G[0,1](Platelets <= 93.746 -> WBC >= 0.337)
",9999999.000,9999999.000,0.000,1.000,0.000,0,0,0,10,10,0,0,10,0.0,0.0,0.0,0.0,0.0,1.0,1
"G[0,1](Chloride >= 3.397 & HCO3 >= 1.120)
",9999999.000,9999999.000,0.000,1.000,0.000,0,0,0,10,10,0,0,10,0.0,0.0,0.0,0.0,0.0,1.0,1
"G[1,1](BUN <= 8.066 & Creatinine >= 0.009)
",-0.009,-0.009,0.000,1.000,0.000,0,0,0,10,10,0,0,10,0.0,0.0,0.0,0.0,0.0,1.0,1
"G[0,2](Platelets <= 43.417 -> WBC >= 0.124)
",9999999.000,9999999.000,0.000,1.000,0.000,0,0,0,10,10,0,0,10,0.0,0.0,0.0,0.0,0.0,1.0,1
"G[1,1](BUN <= 11.880 & Creatinine >= 0.041)
",-0.041,-0.041,0.000,1.000,0.000,0,0,0,10,10,0,0,10,0.0,0.0,0.0,0.0,0.0,1.0,1
"G[1,2](Platelets <= 67.068 -> WBC >= 0.033)
",9999999.000,9999999.000,0.000,1.000,0.000,0,0,0,10,10,0,0,10,0.0,0.0,0.0,0.0,0.0,1.0,1
"G[0,2](Chloride >= 4.343 & HCO3 >= 0.481)
",9999999.000,9999999.000,0.000,1.000,0.000,0,0,0,10,10,0,0,10,0.0,0.0,0.0,0.0,0.0,1.0,1
"G[1,2](Platelets <= 155.068 -> WBC >= 0.227)
",9999999.000,9999999.000,0.000,1.000,0.000,0,0,0,10,10,0,0,10,0.0,0.0,0.0,0.0,0.0,1.0,1
"G[0,1](BUN <= 8.122 & Creatinine >= 0.024)
",9999999.000,9999999.000,0.000,1.000,0.000,0,0,0,10,10,0,0,10,0.0,0.0,0.0,0.0,0.0,1.0,1
"G[1,2](Chloride >= 4.424 & HCO3 >= 0.088)
",9999999.000,9999999.000,0.000,1.000,0.000,0,0,0,10,10,0,0,10,0.0,0.0,0.0,0.0,0.0,1.0,1
"G[1,1](BUN <= 8.176 & Creatinine >= 0.044)
",-0.044,-0.044,0.000,1.000,0.000,0,0,0,10,10,0,0,10,0.0,0.0,0.0,0.0,0.0,1.0,1
"G[0,2](((Hgb <= 7.949 | Hct <= 22.582) -> WBC >= 0.326) & Platelets >= 2.944)
",9999999.000,9999999.000,0.000,1.000,0.000,0,0,0,10,10,0,0,10,0.0,0.0,0.0,0.0,0.0,1.0,1
"G[0,2](Platelets <= 50.909 -> WBC >= 0.389)
",9999999.000,9999999.000,0.000,1.000,0.000,0,0,0,10,10,0,0,10,0.0,0.0,0.0,0.0,0.0,1.0,1
"G[0,1](Chloride >= 4.382 & HCO3 >= 0.489)
",9999999.000,9999999.000,0.000,1.000,0.000,0,0,0,10,10,0,0,10,0.0,0.0,0.0,0.0,0.0,1.0,1
"G[0,2](BUN <= 6.728 & Creatinine >= 0.001)
",9999999.000,9999999.000,0.000,1.000,0.000,0,0,0,10,10,0,0,10,0.0,0.0,0.0,0.0,0.0,1.0,1
"G[1,2](Platelets <= 92.190 -> WBC >= 0.165)
",9999999.000,9999999.000,0.000,1.000,0.000,0,0,0,10,10,0,0,10,0.0,0.0,0.0,0.0,0.0,1.0,1
"G[0,1](Chloride >= 3.696 & HCO3 >= 0.045)
",9999999.000,9999999.000,0.000,1.000,0.000,0,0,0,10,10,0,0,10,0.0,0.0,0.0,0.0,0.0,1.0,1
"G[1,2](BUN <= 7.558 & Creatinine >= 0.045)
",9999999.000,9999999.000,0.000,1.000,0.000,0,0,0,10,10,0,0,10,0.0,0.0,0.0,0.0,0.0,1.0,1
"G[0,1](((Hgb <= 1.318 | Hct <= 9.609) -> WBC >= 0.426) & Platelets >= 3.557)
",9999999.000,9999999.000,0.000,1.000,0.000,0,0,0,10,10,0,0,10,0.0,0.0,0.0,0.0,0.0,1.0,1
"G[0,2](Platelets <= 172.258 -> WBC >= 0.014)
",9999999.000,9999999.000,0.000,1.000,0.000,0,0,0,10,10,0,0,10,0.0,0.0,0.0,0.0,0.0,1.0,1
"G[0,2](Chloride >= 4.026 & HCO3 >= 0.118)
",9999999.000,9999999.000,0.000,1.000,0.000,0,0,0,10,10,0,0,10,0.0,0.0,0.0,0.0,0.0,1.0,1
"G[1,2](Platelets <= 121.147 -> WBC >= 0.242)
",9999999.000,9999999.000,0.000,1.000,0.000,0,0,0,10,10,0,0,10,0.0,0.0,0.0,0.0,0.0,1.0,1
"G[1,1](Chloride >= 3.969 & HCO3 >= 0.269)
",-3.969,-3.969,0.000,1.000,0.000,0,0,0,10,10,0,0,10,0.0,0.0,0.0,0.0,0.0,1.0,1
"G[2,2](DBP >= 0.000 & SepsisLabel = 0.000)
",0.000,0.000,0.000,1.000,0.000,0,0,10,0,0,10,10,0,0.0,0.0,1.0,0.0,0.0,1.0,1
"G[1,2](((Resp <= 18.096 | BUN >= 0.025) & Fibrinogen <= 4.145) & MAP >= 0.194)
",9999999.000,9999999.000,0.000,1.000,0.000,0,0,8,2,2,8,8,2,0.0,0.0,1.0,0.0,0.0,1.0,1
"G[0,2]((PTT >= 0.123 -> Bilirubin_direct >= 0.000) -> PaCO2 <= 0.000)
",9999999.000,9999999.000,0.000,1.000,0.000,0,0,10,0,0,10,10,0,0.0,0.0,1.0,0.0,0.0,1.0,1
"G[0,2]((Hgb <= 10.220 | AST >= 0.000) | Chloride >= 0.000)
",9999999.000,9999999.000,0.000,1.000,0.000,0,0,10,0,0,10,10,0,0.0,0.0,1.0,0.0,0.0,1.0,1
"G[0,2](((Lactate <= 0.000 & HR <= 73.570) -> EtCO2 <= 68.494) -> Potassium >= 44.316)
",9999999.000,9999999.000,0.000,1.000,0.000,0,0,0,10,10,0,0,10,0.0,0.0,0.0,0.0,0.0,1.0,1
"G[1,2](Lactate >= 0.000 | WBC >= 0.265)
",9999999.000,9999999.000,0.000,1.000,0.000,0,0,10,0,0,10,10,0,0.0,0.0,1.0,0.0,0.0,1.0,1
"G[1,1](Glucose <= 71.805 & Platelets >= 6.874)
",-7738885191820306.000,-6.874,0.000,1.000,0.000,0,0,0,10,10,0,0,10,0.0,0.0,0.0,0.0,0.0,1.0,1
"G[0,2](Bilirubin_direct <= 0.000 -> HR <= 64.484)
",9999999.000,9999999.000,0.000,1.000,0.000,0,0,0,10,10,0,0,10,0.0,0.0,0.0,0.0,0.0,1.0,1
"G[1,2](((TroponinI >= 0.000 | PTT <= 7.413) & Glucose >= 0.165) & Chloride >= 1.228)
",9999999.000,9999999.000,0.000,1.000,0.000,0,0,0,10,10,0,0,10,0.0,0.0,0.0,0.0,0.0,1.0,1
"G[1,2]((Hct <= 7.993 -> Platelets <= 153.356) | Hgb >= 4.253)
",9999999.000,9999999.000,0.000,1.000,0.000,0,0,10,0,0,10,10,0,0.0,0.0,1.0,0.0,0.0,1.0,1
"G[0,2]((Creatinine >= 0.030 & TroponinI >= 0.000) & EtCO2 >= 0.000)
",9999999.000,9999999.000,0.000,1.000,0.000,0,0,0,10,10,0,0,10,0.0,0.0,0.0,0.0,0.0,1.0,1
"G[0,2]((MAP <= 71.542 | EtCO2 <= 0.000) & DBP <= 0.000)
",9999999.000,9999999.000,0.000,1.000,0.000,0,0,10,0,0,10,10,0,0.0,0.0,1.0,0.0,0.0,1.0,1
"G[0,0]((PaCO2 <= 0.000 | Hct <= 25.313) & pH >= 1.682)
",-1.682,-1.682,0.000,1.000,0.000,0,0,0,10,10,0,0,10,0.0,0.0,0.0,0.0,0.0,1.0,1
"G[1,2](Resp <= 17.048 | Resp <= 17.611)
",9999999.000,9999999.000,0.000,1.000,0.000,0,0,6,4,4,6,6,4,0.0,0.0,1.0,0.0,0.0,1.0,1
"G[0,2](((EtCO2 <= 0.000 & Bilirubin_total >= 0.000) -> PTT <= 0.000) & SBP <= 0.000)
",9999999.000,9999999.000,0.000,1.000,0.000,0,0,0,10,10,0,0,10,0.0,0.0,0.0,0.0,0.0,1.0,1
"G[1,2](((Lactate >= 0.000 -> SBP <= 121.446) | PaCO2 <= 112.370) | Calcium <= 98.743)
",9999999.000,9999999.000,0.000,1.000,0.000,0,0,10,0,0,10,10,0,0.0,0.0,1.0,0.0,0.0,1.0,1
"G[0,1](((WBC <= 1.406 | PTT <= 24.260) -> Lactate >= 0.539) & Chloride <= 19.726)
",9999999.000,9999999.000,0.000,1.000,0.000,0,0,0,10,10,0,0,10,0.0,0.0,0.0,0.0,0.0,1.0,1
"G[1,2](((HCO3 >= 1.312 & Temp <= 23.687) | PaCO2 <= 15.103) | pH >= 1.847)
",9999999.000,9999999.000,0.000,1.000,0.000,0,0,10,0,0,10,10,0,0.0,0.0,1.0,0.0,0.0,1.0,1
"G[0,2](Hct >= 1.068 & DBP >= 0.000)
",9999999.000,9999999.000,0.000,1.000,0.000,0,0,0,10,10,0,0,10,0.0,0.0,0.0,0.0,0.0,1.0,1
"G[0,2]((AST >= 0.000 -> MAP >= 70.620) | MAP >= 6.112)
",9999999.000,9999999.000,0.000,1.000,0.000,0,0,9,1,1,9,9,1,0.0,0.0,1.0,0.0,0.0,1.0,1
"G[1,2](HCO3 >= 0.582 | FiO2 <= 0.000)
",9999999.000,9999999.000,0.000,1.000,0.000,0,0,10,0,0,10,10,0,0.0,0.0,1.0,0.0,0.0,1.0,1
"G[2,2](((Bilirubin_total <= 0.000 & Resp >= 14.090) | Bilirubin_direct <= 15.093) -> Hct <= 18.464)
",-18.464,-18.464,0.000,1.000,0.000,0,0,10,0,0,10,10,0,0.0,0.0,1.0,0.0,0.0,1.0,1
"G[1,1]((HCO3 >= 0.099 | Temp <= 25.743) & MAP <= 23.161)
",6519249899396739.000,23.161,0.000,1.000,0.000,0,0,0,10,10,0,0,10,0.0,0.0,0.0,0.0,0.0,1.0,1
"G[0,2]((Hct <= 18.616 -> Glucose <= 105.881) -> WBC <= 87.353)
",9999999.000,9999999.000,0.000,1.000,0.000,0,0,10,0,0,10,10,0,0.0,0.0,1.0,0.0,0.0,1.0,1
"G[1,2]((Creatinine <= 0.218 | Resp <= 18.470) | Calcium >= 13.907)
",9999999.000,9999999.000,0.000,1.000,0.000,0,0,10,0,0,10,10,0,0.0,0.0,1.0,0.0,0.0,1.0,1
"G[1,2](SepsisLabel >= 0.000 & PaCO2 >= 0.000)
",9999999.000,9999999.000,0.000,1.000,0.000,0,0,10,0,0,10,10,0,0.0,0.0,1.0,0.0,0.0,1.0,1
"G[2,2](SaO2 >= 0.000 & SaO2 <= 0.000)
",0.000,0.000,0.000,1.000,0.000,0,0,10,0,0,10,10,0,0.0,0.0,1.0,0.0,0.0,1.0,1
"G[1,2]((HR >= 14.124 -> PTT <= 9.558) -> SaO2 <= 8.916)
",9999999.000,9999999.000,0.000,1.000,0.000,0,0,10,0,0,10,10,0,0.0,0.0,1.0,0.0,0.0,1.0,1
"G[1,1]((Chloride <= 28.378 -> Potassium >= 0.189) & Potassium >= 0.001)
",-28.378,-28.378,0.000,1.000,0.000,0,0,0,10,10,0,0,10,0.0,0.0,0.0,0.0,0.0,1.0,1
"G[1,2]((Hct <= 13.646 & HCO3 >= 0.157) | O2Sat <= 11.452)
",9999999.000,9999999.000,0.000,1.000,0.000,0,0,0,10,10,0,0,10,0.0,0.0,0.0,0.0,0.0,1.0,1
"G[1,1]((SBP <= 110.096 -> Phosphate <= 2.063) -> SepsisLabel >= 0.065)
",0.065,0.065,0.000,1.000,0.000,0,0,0,10,10,0,0,10,0.0,0.0,0.0,0.0,0.0,1.0,1
"G[0,2](((pH >= 0.000 | DBP <= 0.000) | SBP <= 0.000) -> WBC >= 0.000)
",9999999.000,9999999.000,0.000,1.000,0.000,0,0,10,0,0,10,10,0,0.0,0.0,1.0,0.0,0.0,1.0,1
"G[1,2](Chloride >= 4.902 & HCO3 >= 0.638)
",9999999.000,9999999.000,0.000,1.000,0.000,0,0,0,10,10,0,0,10,0.0,0.0,0.0,0.0,0.0,1.0,1
"G[1,2]((Calcium <= 2.050 & HR >= 31.312) -> HR <= 69.378)
",9999999.000,9999999.000,0.000,1.000,0.000,0,0,8,2,2,8,8,2,0.0,0.0,1.0,0.0,0.0,1.0,1
"G[2,2]((MAP <= 76.705 & HCO3 >= 1.092) & FiO2 >= 1.109)
",-1.109,-1.109,0.000,1.000,0.000,0,0,10,0,0,10,10,0,0.0,0.0,1.0,0.0,0.0,1.0,1
"G[1,2]((WBC <= 3.748 & Alkalinephos >= 0.000) | TroponinI >= 0.000)
",9999999.000,9999999.000,0.000,1.000,0.000,0,0,10,0,0,10,10,0,0.0,0.0,1.0,0.0,0.0,1.0,1
"G[2,2]((Alkalinephos <= 0.000 | Fibrinogen >= 0.000) | Hct >= 0.000)
",0.000,0.000,0.000,1.000,0.000,0,0,10,0,0,10,10,0,0.0,0.0,1.0,0.0,0.0,1.0,1
"G[0,2](((SBP >= 58.356 -> BaseExcess <= 0.000) -> Temp >= 0.000) & Resp >= 0.000)
",9999999.000,9999999.000,0.000,1.000,0.000,0,0,10,0,0,10,10,0,0.0,0.0,1.0,0.0,0.0,1.0,1
"G[1,2](((AST <= 0.000 -> TroponinI >= 0.000) & WBC >= 0.000) | Potassium >= 0.000)
",9999999.000,9999999.000,0.000,1.000,0.000,0,0,10,0,0,10,10,0,0.0,0.0,1.0,0.0,0.0,1.0,1
"G[0,2]((BUN <= 8.322 & Phosphate >= 0.024) & Bilirubin_total <= 2.365)
",9999999.000,9999999.000,0.000,1.000,0.000,0,0,0,10,10,0,0,10,0.0,0.0,0.0,0.0,0.0,1.0,1
"G[2,2]((FiO2 <= 0.000 | PTT >= 1.017) | WBC >= 1.015)
",0.000,0.000,0.000,1.000,0.000,0,0,10,0,0,10,10,0,0.0,0.0,1.0,0.0,0.0,1.0,1
"G[1,2](((Chloride <= 99.864 | HR <= 65.972) -> HR <= 70.537) & AST >= 31.701)
",9999999.000,9999999.000,0.000,1.000,0.000,0,0,0,10,10,0,0,10,0.0,0.0,0.0,0.0,0.0,1.0,1
"G[1,2](Temp >= 4.558 & Alkalinephos <= 0.000)
",9999999.000,9999999.000,0.000,1.000,0.000,0,0,2,8,8,2,2,8,0.0,0.0,1.0,0.0,0.0,1.0,1
"G[2,2]((DBP >= 0.000 -> Resp <= 14.645) -> Calcium >= 12.699)
",12.699,12.699,0.000,1.000,0.000,0,0,10,0,0,10,10,0,0.0,0.0,1.0,0.0,0.0,1.0,1
"G[0,1]((Lactate >= 0.000 -> HCO3 >= 1.099) | Potassium >= 1.302)
",9999999.000,9999999.000,0.000,1.000,0.000,0,0,0,10,10,0,0,10,0.0,0.0,0.0,0.0,0.0,1.0,1
"G[1,2](((Bilirubin_direct >= 0.000 & Bilirubin_direct <= 0.000) | HR <= 0.000) -> Magnesium >= 0.000)
",9999999.000,9999999.000,0.000,1.000,0.000,0,0,10,0,0,10,10,0,0.0,0.0,1.0,0.0,0.0,1.0,1
"G[1,2]((WBC <= 1.774 -> WBC >= 0.014) & TroponinI >= 0.402)
",9999999.000,9999999.000,0.000,1.000,0.000,0,0,0,10,10,0,0,10,0.0,0.0,0.0,0.0,0.0,1.0,1
"G[0,2](AST <= 0.000 & PTT <= 22.674)
",9999999.000,9999999.000,0.000,1.000,0.000,0,0,9,1,1,9,9,1,0.0,0.0,1.0,0.0,0.0,1.0,1
"G[0,1](((PTT <= 21.159 | Hgb >= 0.485) & Phosphate <= 6.940) & FiO2 >= 0.008)
",9999999.000,9999999.000,0.000,1.000,0.000,0,0,0,10,10,0,0,10,0.0,0.0,0.0,0.0,0.0,1.0,1
"G[0,2](((Hct >= 2.599 -> Lactate >= 0.000) & PTT >= 0.000) | Lactate >= 0.000)
",9999999.000,9999999.000,0.000,1.000,0.000,0,0,10,0,0,10,10,0,0.0,0.0,1.0,0.0,0.0,1.0,1
"G[0,2](((WBC >= 0.138 -> O2Sat <= 97.190) & Hct >= 39.442) | SaO2 <= 98.829)
",9999999.000,9999999.000,0.000,1.000,0.000,0,0,10,0,0,10,10,0,0.0,0.0,1.0,0.0,0.0,1.0,1
"G[0,2](((Magnesium >= 0.114 | HR >= 63.007) -> Fibrinogen <= 73.781) & Temp <= 65.052)
",9999999.000,9999999.000,0.000,1.000,0.000,0,0,10,0,0,10,10,0,0.0,0.0,1.0,0.0,0.0,1.0,1
"G[0,2](((Resp >= 3.617 -> Chloride <= 16.630) | Resp <= 45.674) & Platelets <= 39.937)
",9999999.000,9999999.000,0.000,1.000,0.000,0,0,9,1,1,9,9,1,0.0,0.0,1.0,0.0,0.0,1.0,1
"G[1,2](((O2Sat <= 97.931 -> pH >= 0.000) | SepsisLabel >= 0.000) -> Hct <= 0.000)
",9999999.000,9999999.000,0.000,1.000,0.000,0,0,10,0,0,10,10,0,0.0,0.0,1.0,0.0,0.0,1.0,1
"G[1,1]((FiO2 >= 0.000 & PTT >= 0.130) | FiO2 >= 0.526)
",-0.130,-0.130,0.000,1.000,0.000,0,0,0,10,10,0,0,10,0.0,0.0,0.0,0.0,0.0,1.0,1
"G[2,2](((WBC >= 0.190 & Bilirubin_total <= 0.000) & Temp >= 0.000) & EtCO2 >= 0.000)
",-6832899791221046.000,-0.190,0.000,1.000,0.000,0,0,10,0,0,10,10,0,0.0,0.0,1.0,0.0,0.0,1.0,1
"G[1,2](((Glucose >= 0.113 & SBP <= 106.517) -> Potassium >= 43.780) & Magnesium >= 77.905)
",9999999.000,9999999.000,0.000,1.000,0.000,0,0,0,10,10,0,0,10,0.0,0.0,0.0,0.0,0.0,1.0,1
"G[0,2](((SBP >= 38.773 | Hgb >= 0.392) | TroponinI >= 0.483) -> Chloride >= 0.186)
",9999999.000,9999999.000,0.000,1.000,0.000,0,0,0,10,10,0,0,10,0.0,0.0,0.0,0.0,0.0,1.0,1
"G[0,2](MAP >= 20.930 & Hgb >= 0.611)
",9999999.000,9999999.000,0.000,1.000,0.000,0,0,0,10,10,0,0,10,0.0,0.0,0.0,0.0,0.0,1.0,1
"G[0,2]((Creatinine >= 0.026 | FiO2 >= 0.000) | DBP <= 0.000)
",9999999.000,9999999.000,0.000,1.000,0.000,0,0,10,0,0,10,10,0,0.0,0.0,1.0,0.0,0.0,1.0,1
"F[0,1]((BUN >= 0.117 & Creatinine <= 0.619) -> TroponinI >= 0.015)
",-9999999.000,-9999999.000,0.000,0.000,1.000,0,0,0,10,10,0,0,10,0.0,0.0,0.0,0.0,0.0,1.0,-1
"F[0,1](Hgb <= 10.839 | Hct <= 29.026)
",-9999999.000,-9999999.000,0.000,0.000,1.000,0,0,0,10,10,0,0,10,0.0,0.0,0.0,0.0,0.0,1.0,-1
"F[1,1](((WBC >= 0.071 -> Alkalinephos <= 0.000) -> O2Sat <= 0.000) | PTT <= 0.000)
",0.000,0.000,0.000,0.000,1.000,0,0,0,10,10,0,0,10,0.0,0.0,0.0,0.0,0.0,1.0,-1
"F[0,1](((Chloride <= 64.283 | Alkalinephos >= 0.000) -> WBC >= 0.000) | Chloride >= 0.000)
",-9999999.000,-9999999.000,0.000,0.000,1.000,0,0,0,10,10,0,0,10,0.0,0.0,0.0,0.0,0.0,1.0,-1
"((DBP <= 0.000) U[1,2] (Potassium >= 0.053))
",-9999999.000,-9999999.000,0.000,0.000,1.000,0,0,0,10,10,0,0,10,0.0,0.0,0.0,0.0,0.0,1.0,-1
"F[1,2](Bilirubin_direct <= 0.000 -> pH >= 0.000)
",-9999999.000,-9999999.000,0.000,0.000,1.000,0,0,0,10,10,0,0,10,0.0,0.0,0.0,0.0,0.0,1.0,-1
"F[1,2](((Temp <= 6.024 & HCO3 >= 1.243) & Bilirubin_total <= 15.353) -> Creatinine <= 12.617)
",-9999999.000,-9999999.000,0.000,0.000,1.000,0,0,0,10,10,0,0,10,0.0,0.0,0.0,0.0,0.0,1.0,-1
"F[1,1](Resp >= 13.093 | Fibrinogen >= 0.000)
",0.000,0.000,0.000,0.000,1.000,0,0,0,10,10,0,0,10,0.0,0.0,0.0,0.0,0.0,1.0,-1
"F[0,2]((FiO2 <= 0.000 -> DBP >= 0.000) | Calcium <= 0.000)
",-9999999.000,-9999999.000,0.000,0.000,1.000,0,0,0,10,10,0,0,10,0.0,0.0,0.0,0.0,0.0,1.0,-1
"F[0,1]((EtCO2 <= 0.000 | Hct <= 25.760) & MAP >= 1.464)
",-9999999.000,-9999999.000,0.000,0.000,1.000,0,0,0,10,10,0,0,10,0.0,0.0,0.0,0.0,0.0,1.0,-1
"F[0,1]((Alkalinephos >= 0.000 & FiO2 <= 0.000) | Resp <= 0.000)
",-9999999.000,-9999999.000,0.000,0.000,1.000,0,0,0,10,10,0,0,10,0.0,0.0,0.0,0.0,0.0,1.0,-1
"F[0,2](((Glucose >= 0.060 & pH <= 0.000) & Chloride <= 0.000) & AST <= 0.000)
",-9999999.000,-9999999.000,0.000,0.000,1.000,0,0,0,10,10,0,0,10,0.0,0.0,0.0,0.0,0.0,1.0,-1
"((FiO2 <= 0.000) U[0,1] (BaseExcess <= 0.000))
",-9999999.000,-9999999.000,0.000,0.000,1.000,0,0,0,10,10,0,0,10,0.0,0.0,0.0,0.0,0.0,1.0,-1
"G[1,2](((HCO3 <= 25.286 | FiO2 >= 0.000) & Magnesium >= 0.000) & SBP >= 0.000)
",9999999.000,9999999.000,0.000,1.000,0.000,0,0,10,0,0,10,10,0,0.0,0.0,1.0,0.0,0.0,1.0,1
"G[1,2](((SBP <= 101.829 & DBP >= 0.000) & PTT >= 0.000) & Phosphate <= 0.000)
",9999999.000,9999999.000,0.000,1.000,0.000,0,0,2,8,8,2,2,8,0.0,0.0,1.0,0.0,0.0,1.0,1
"G[0,2]((DBP >= 0.000 & Magnesium >= 0.054) & SaO2 >= 0.110)
",9999999.000,9999999.000,0.000,1.000,0.000,0,0,0,10,10,0,0,10,0.0,0.0,0.0,0.0,0.0,1.0,1
"G[0,2](Hct >= 0.802 | Resp <= 17.555)
",9999999.000,9999999.000,0.000,1.000,0.000,0,0,6,4,4,6,6,4,0.0,0.0,1.0,0.0,0.0,1.0,1
"G[1,2](Alkalinephos >= 0.000 -> TroponinI <= 0.000)
",9999999.000,9999999.000,0.000,1.000,0.000,0,0,10,0,0,10,10,0,0.0,0.0,1.0,0.0,0.0,1.0,1
"G[1,2](((BaseExcess >= 0.000 & MAP <= 81.713) -> HR >= 16.338) -> SepsisLabel <= 84.430)
",9999999.000,9999999.000,0.000,1.000,0.000,0,0,10,0,0,10,10,0,0.0,0.0,1.0,0.0,0.0,1.0,1
"G[0,2]((Fibrinogen <= 0.000 | Bilirubin_direct >= 0.000) & AST >= 0.000)
",9999999.000,9999999.000,0.000,1.000,0.000,0,0,10,0,0,10,10,0,0.0,0.0,1.0,0.0,0.0,1.0,1
"G[1,2](((Glucose <= 52.231 & MAP >= 22.190) | Bilirubin_total >= 3.052) -> SepsisLabel <= 74.251)
",9999999.000,9999999.000,0.000,1.000,0.000,0,0,10,0,0,10,10,0,0.0,0.0,1.0,0.0,0.0,1.0,1
"G[0,1]((SBP <= 102.906 & Calcium >= 0.161) & HR <= 6.443)
",9999999.000,9999999.000,0.000,1.000,0.000,0,0,0,10,10,0,0,10,0.0,0.0,0.0,0.0,0.0,1.0,1
"G[1,2](SepsisLabel >= 0.000 | SepsisLabel <= 0.000)
",9999999.000,9999999.000,0.000,1.000,0.000,0,0,10,0,0,10,10,0,0.0,0.0,1.0,0.0,0.0,1.0,1
"G[1,2](((WBC >= 0.014 & Resp <= 17.460) | Bilirubin_direct <= 16.857) & MAP >= 9.109)
",9999999.000,9999999.000,0.000,1.000,0.000,0,0,10,0,0,10,10,0,0.0,0.0,1.0,0.0,0.0,1.0,1
"G[1,2](((Magnesium >= 0.099 & HR >= 51.229) & Potassium <= 67.677) | MAP <= 74.004)
",9999999.000,9999999.000,0.000,1.000,0.000,0,0,5,5,5,5,5,5,0.0,0.0,1.0,0.0,0.0,1.0,1
"G[0,2](BaseExcess <= 0.000 -> AST >= 0.000)
",9999999.000,9999999.000,0.000,1.000,0.000,0,0,10,0,0,10,10,0,0.0,0.0,1.0,0.0,0.0,1.0,1
"G[0,2](((Creatinine <= 0.406 -> Phosphate >= 0.020) & Potassium >= 0.016) -> SaO2 <= 0.931)
",9999999.000,9999999.000,0.000,1.000,0.000,0,0,10,0,0,10,10,0,0.0,0.0,1.0,0.0,0.0,1.0,1
"F[0,2]((DBP >= 0.000 & AST <= 0.000) -> SepsisLabel <= 0.000)
",-9999999.000,-9999999.000,0.000,0.000,1.000,0,0,0,10,10,0,0,10,0.0,0.0,0.0,0.0,0.0,1.0,-1
"F[0,0](((Bilirubin_direct <= 0.000 | FiO2 >= 0.000) & Temp <= 0.000) | PTT >= 0.000)
",0.333,1.230,0.000,0.000,1.000,0,0,0,10,10,0,0,10,0.0,0.0,0.0,0.0,0.0,1.0,-1
"F[0,0](Bilirubin_direct >= 0.000 & PaCO2 <= 0.000)
",0.000,0.000,0.000,0.000,1.000,0,0,0,10,10,0,0,10,0.0,0.0,0.0,0.0,0.0,1.0,-1
"((AST >= 0.000) U[1,2] (Phosphate >= 0.088))
",-9999999.000,-9999999.000,0.000,0.000,1.000,0,0,0,10,10,0,0,10,0.0,0.0,0.0,0.0,0.0,1.0,-1
"((PaCO2 >= 0.000) U[0,1] (BUN <= 7.738))
",-9999999.000,-9999999.000,0.000,0.000,1.000,0,0,0,10,10,0,0,10,0.0,0.0,0.0,0.0,0.0,1.0,-1
"F[0,2]((Platelets <= 67.679 | SaO2 <= 0.000) & PTT >= 0.000)
",-9999999.000,-9999999.000,0.000,0.000,1.000,0,0,0,10,10,0,0,10,0.0,0.0,0.0,0.0,0.0,1.0,-1
"((BUN >= 0.728) U[2,2] (pH >= 0.000))
",0.000,0.000,0.000,0.000,1.000,0,0,0,10,10,0,0,10,0.0,0.0,0.0,0.0,0.0,1.0,-1
"F[0,2](Lactate <= 0.000 | Magnesium <= 0.486)
",-9999999.000,-9999999.000,0.000,0.000,1.000,0,0,0,10,10,0,0,10,0.0,0.0,0.0,0.0,0.0,1.0,-1
"F[0,2](BaseExcess <= 0.000 | Magnesium <= 2.154)
",-9999999.000,-9999999.000,0.000,0.000,1.000,0,0,0,10,10,0,0,10,0.0,0.0,0.0,0.0,0.0,1.0,-1
"F[2,2](Phosphate >= 0.011 -> Hgb <= 6.848)
",-6.848,-6.848,0.000,0.000,1.000,0,0,0,10,10,0,0,10,0.0,0.0,0.0,0.0,0.0,1.0,-1
"F[1,2]((Bilirubin_direct <= 0.000 & pH >= 0.000) & Magnesium >= 0.000)
",-9999999.000,-9999999.000,0.000,0.000,1.000,0,0,0,10,10,0,0,10,0.0,0.0,0.0,0.0,0.0,1.0,-1
"F[0,2](((Platelets >= 3.379 | SaO2 <= 0.000) | Fibrinogen <= 0.000) | Resp >= 0.000)
",-9999999.000,-9999999.000,0.000,0.000,1.000,0,0,0,10,10,0,0,10,0.0,0.0,0.0,0.0,0.0,1.0,-1
"F[0,1]((SepsisLabel >= 0.000 | Platelets >= 6.210) -> Resp <= 30.413)
",-9999999.000,-9999999.000,0.000,0.000,1.000,0,0,0,10,10,0,0,10,0.0,0.0,0.0,0.0,0.0,1.0,-1
"F[0,0](((Fibrinogen <= 0.000 | Phosphate <= 2.283) | PTT >= 0.024) | WBC >= 0.050)
",0.783,5.529,0.000,0.000,1.000,0,0,0,10,10,0,0,10,0.0,0.0,0.0,0.0,0.0,1.0,-1
"((AST >= 0.000) U[0,2] (Resp >= 9.614))
",-9999999.000,-9999999.000,0.000,0.000,1.000,0,0,0,10,10,0,0,10,0.0,0.0,0.0,0.0,0.0,1.0,-1
"F[0,2](Fibrinogen <= 0.000 | Bilirubin_direct >= 0.000)
",-9999999.000,-9999999.000,0.000,0.000,1.000,0,0,0,10,10,0,0,10,0.0,0.0,0.0,0.0,0.0,1.0,-1
"F[1,2]((Calcium <= 1.142 -> Hgb >= 0.551) & Chloride <= 10.449)
",-9999999.000,-9999999.000,0.000,0.000,1.000,0,0,0,10,10,0,0,10,0.0,0.0,0.0,0.0,0.0,1.0,-1
"F[1,2](((Calcium <= 1.693 -> EtCO2 >= 0.000) & DBP <= 0.000) -> Creatinine <= 0.000)
",-9999999.000,-9999999.000,0.000,0.000,1.000,0,0,0,10,10,0,0,10,0.0,0.0,0.0,0.0,0.0,1.0,-1
"((Alkalinephos >= 0.000) U[1,2] (AST <= 0.000))
",-9999999.000,-9999999.000,0.000,0.000,1.000,0,0,0,10,10,0,0,10,0.0,0.0,0.0,0.0,0.0,1.0,-1
"((FiO2 <= 0.000) U[2,2] (Hgb <= 9.079))
",9.079,9.079,0.000,0.000,1.000,0,0,0,10,10,0,0,10,0.0,0.0,0.0,0.0,0.0,1.0,-1
"((FiO2 >= 0.000) U[1,2] (WBC >= 0.233))
",-9999999.000,-9999999.000,0.000,0.000,1.000,0,0,0,10,10,0,0,10,0.0,0.0,0.0,0.0,0.0,1.0,-1
"F[0,2](((TroponinI <= 0.000 | Bilirubin_direct >= 0.000) | Bilirubin_total <= 0.000) & Magnesium <= 0.000)
",-9999999.000,-9999999.000,0.000,0.000,1.000,0,0,0,10,10,0,0,10,0.0,0.0,0.0,0.0,0.0,1.0,-1
"F[0,2](Temp <= 21.044 | SBP <= 100.848)
",-9999999.000,-9999999.000,0.000,0.000,1.000,0,0,0,10,10,0,0,10,0.0,0.0,0.0,0.0,0.0,1.0,-1
"F[1,2]((AST >= 0.000 | Lactate <= 0.000) | WBC >= 0.000)
",-9999999.000,-9999999.000,0.000,0.000,1.000,0,0,0,10,10,0,0,10,0.0,0.0,0.0,0.0,0.0,1.0,-1
"F[0,1](((Fibrinogen >= 0.000 | DBP <= 0.000) -> MAP <= 0.000) | EtCO2 <= 0.000)
",-9999999.000,-9999999.000,0.000,0.000,1.000,0,0,0,10,10,0,0,10,0.0,0.0,0.0,0.0,0.0,1.0,-1
"F[2,2](((Bilirubin_total <= 0.000 | Hgb <= 11.476) -> Potassium <= 10.093) -> DBP <= 9.146)
",-9.146,-9.146,0.000,0.000,1.000,0,0,0,10,10,0,0,10,0.0,0.0,0.0,0.0,0.0,1.0,-1
"F[1,2](Lactate <= 0.000 & BUN <= 10.437)
",-9999999.000,-9999999.000,0.000,0.000,1.000,0,0,0,10,10,0,0,10,0.0,0.0,0.0,0.0,0.0,1.0,-1
"F[1,2]((Creatinine >= 0.033 -> O2Sat <= 94.160) -> TroponinI <= 95.340)
",-9999999.000,-9999999.000,0.000,0.000,1.000,0,0,0,10,10,0,0,10,0.0,0.0,0.0,0.0,0.0,1.0,-1
"G[0,2]((EtCO2 >= 0.000 | Creatinine <= 0.732) & SepsisLabel >= 0.010)
",9999999.000,9999999.000,0.000,1.000,0.000,0,0,0,10,10,0,0,10,0.0,0.0,0.0,0.0,0.0,1.0,1
"G[0,1]((Hct >= 0.060 | HCO3 <= 15.980) -> PaCO2 >= 0.159)
",9999999.000,9999999.000,0.000,1.000,0.000,0,0,0,10,10,0,0,10,0.0,0.0,0.0,0.0,0.0,1.0,1
"G[0,1]((Chloride >= 2.390 | O2Sat >= 70.601) & EtCO2 >= 22.816)
",9999999.000,9999999.000,0.000,1.000,0.000,0,0,0,10,10,0,0,10,0.0,0.0,0.0,0.0,0.0,1.0,1
"G[0,2](DBP <= 0.000 | Bilirubin_total >= 0.000)
",9999999.000,9999999.000,0.000,1.000,0.000,0,0,10,0,0,10,10,0,0.0,0.0,1.0,0.0,0.0,1.0,1
"G[1,1]((TroponinI <= 0.000 | Hgb <= 9.476) & Chloride >= 0.591)
",-0.591,-0.591,0.000,1.000,0.000,0,0,0,10,10,0,0,10,0.0,0.0,0.0,0.0,0.0,1.0,1
"G[2,2](((AST <= 0.000 | DBP <= 0.000) -> Bilirubin_total <= 0.000) & BUN >= 0.000)
",0.000,0.000,0.000,1.000,0.000,0,0,10,0,0,10,10,0,0.0,0.0,1.0,0.0,0.0,1.0,1
"G[0,2]((SBP >= 70.751 & Hct >= 0.928) & SaO2 >= 2.234)
",9999999.000,9999999.000,0.000,1.000,0.000,0,0,0,10,10,0,0,10,0.0,0.0,0.0,0.0,0.0,1.0,1
"G[1,2]((SBP >= 7.772 & Resp <= 16.692) -> Glucose <= 14.956)
",9999999.000,9999999.000,0.000,1.000,0.000,0,0,10,0,0,10,10,0,0.0,0.0,1.0,0.0,0.0,1.0,1
"G[2,2]((PaCO2 >= 0.000 -> SBP >= 43.501) & Bilirubin_direct <= 111.141)
",0.000,0.000,0.000,1.000,0.000,0,0,10,0,0,10,10,0,0.0,0.0,1.0,0.0,0.0,1.0,1
"G[0,2](Lactate <= 0.000 | SepsisLabel >= 0.000)
",9999999.000,9999999.000,0.000,1.000,0.000,0,0,10,0,0,10,10,0,0.0,0.0,1.0,0.0,0.0,1.0,1
"G[1,2](((Creatinine >= 0.001 & HR >= 7.704) | HR <= 72.692) | Calcium >= 47.216)
",9999999.000,9999999.000,0.000,1.000,0.000,0,0,10,0,0,10,10,0,0.0,0.0,1.0,0.0,0.0,1.0,1
"G[0,1]((BUN >= 0.584 | MAP >= 22.757) -> PaCO2 >= 58.712)
",9999999.000,9999999.000,0.000,1.000,0.000,0,0,0,10,10,0,0,10,0.0,0.0,0.0,0.0,0.0,1.0,1
"G[1,2](((BUN <= 12.246 -> Creatinine >= 0.001) & SepsisLabel <= 0.870) -> Glucose <= 0.741)
",9999999.000,9999999.000,0.000,1.000,0.000,0,0,10,0,0,10,10,0,0.0,0.0,1.0,0.0,0.0,1.0,1
"G[1,2]((TroponinI >= 0.000 & FiO2 >= 0.000) -> HCO3 <= 0.000)
",9999999.000,9999999.000,0.000,1.000,0.000,0,0,10,0,0,10,10,0,0.0,0.0,1.0,0.0,0.0,1.0,1
"G[2,2]((Hct >= 0.411 & BaseExcess <= 0.000) -> BUN <= 0.000)
",0.000,0.000,0.000,1.000,0.000,0,0,10,0,0,10,10,0,0.0,0.0,1.0,0.0,0.0,1.0,1
"G[1,2](((WBC <= 4.047 -> HCO3 <= 22.014) & SaO2 <= 20.438) | Temp >= 0.619)
",9999999.000,9999999.000,0.000,1.000,0.000,0,0,10,0,0,10,10,0,0.0,0.0,1.0,0.0,0.0,1.0,1
"G[1,2]((PTT <= 17.588 & Magnesium <= 0.834) & SepsisLabel >= 0.094)
",9999999.000,9999999.000,0.000,1.000,0.000,0,0,0,10,10,0,0,10,0.0,0.0,0.0,0.0,0.0,1.0,1
"G[2,2](Chloride <= 62.423 & Phosphate >= 0.098)
",-0.098,-0.098,0.000,1.000,0.000,0,0,10,0,0,10,10,0,0.0,0.0,1.0,0.0,0.0,1.0,1
"G[0,2](((WBC <= 6.124 | Glucose <= 93.711) -> Resp >= 3.947) & AST <= 49.624)
",9999999.000,9999999.000,0.000,1.000,0.000,0,0,9,1,1,9,9,1,0.0,0.0,1.0,0.0,0.0,1.0,1
"G[1,2]((SaO2 <= 0.000 | MAP >= 16.918) | SBP <= 75.420)
",9999999.000,9999999.000,0.000,1.000,0.000,0,0,10,0,0,10,10,0,0.0,0.0,1.0,0.0,0.0,1.0,1
"G[0,2](MAP >= 25.383 & PTT <= 4.603)
",9999999.000,9999999.000,0.000,1.000,0.000,0,0,8,2,2,8,8,2,0.0,0.0,1.0,0.0,0.0,1.0,1
"G[2,2](((DBP <= 0.000 | MAP >= 0.637) | Lactate <= 77.835) -> Lactate <= 77.171)
",-77.835,-77.835,0.000,1.000,0.000,0,0,10,0,0,10,10,0,0.0,0.0,1.0,0.0,0.0,1.0,1
"G[1,2]((SBP >= 47.112 & EtCO2 >= 0.000) | Glucose <= 0.000)
",9999999.000,9999999.000,0.000,1.000,0.000,0,0,10,0,0,10,10,0,0.0,0.0,1.0,0.0,0.0,1.0,1
"G[1,1](Platelets <= 39.079 -> WBC >= 0.084)
",-5499810716975190.000,-39.079,0.000,1.000,0.000,0,0,0,10,10,0,0,10,0.0,0.0,0.0,0.0,0.0,1.0,1
"G[0,2]((Alkalinephos >= 0.000 | BaseExcess <= 0.000) -> SaO2 <= 0.000)
",9999999.000,9999999.000,0.000,1.000,0.000,0,0,10,0,0,10,10,0,0.0,0.0,1.0,0.0,0.0,1.0,1
"G[0,2]((HCO3 <= 16.021 | AST >= 0.000) | Glucose >= 0.000)
",9999999.000,9999999.000,0.000,1.000,0.000,0,0,10,0,0,10,10,0,0.0,0.0,1.0,0.0,0.0,1.0,1
"G[2,2](((Chloride >= 5.304 | TroponinI >= 0.000) | Platelets <= 0.000) & MAP >= 0.000)
",0.000,0.000,0.000,1.000,0.000,0,0,10,0,0,10,10,0,0.0,0.0,1.0,0.0,0.0,1.0,1
"G[0,2]((Bilirubin_direct <= 0.000 | O2Sat >= 16.048) -> SepsisLabel >= 27.883)
",9999999.000,9999999.000,0.000,1.000,0.000,0,0,0,10,10,0,0,10,0.0,0.0,0.0,0.0,0.0,1.0,1
"G[0,2]((Alkalinephos >= 0.000 -> Phosphate >= 0.102) & SBP <= 0.847)
",9999999.000,9999999.000,0.000,1.000,0.000,0,0,0,10,10,0,0,10,0.0,0.0,0.0,0.0,0.0,1.0,1
"G[0,0](Calcium <= 2.197 & Platelets >= 1.102)
",-1.102,-1.102,0.000,1.000,0.000,0,0,0,10,10,0,0,10,0.0,0.0,0.0,0.0,0.0,1.0,1
"G[2,2](((WBC <= 4.245 | BUN <= 10.273) -> DBP <= 3.923) & WBC >= 0.019)
",-10.273,-10.273,0.000,1.000,0.000,0,0,10,0,0,10,10,0,0.0,0.0,1.0,0.0,0.0,1.0,1
"G[0,2](Platelets <= 66.228 | TroponinI >= 0.000)
",9999999.000,9999999.000,0.000,1.000,0.000,0,0,10,0,0,10,10,0,0.0,0.0,1.0,0.0,0.0,1.0,1
"G[2,2](HCO3 <= 22.260 | HR <= 67.420)
",67.420,67.420,0.000,1.000,0.000,0,0,10,0,0,10,10,0,0.0,0.0,1.0,0.0,0.0,1.0,1
"G[0,1](((Chloride >= 2.488 -> HR <= 64.823) | AST >= 24.633) -> Temp >= 35.090)
",9999999.000,9999999.000,0.000,1.000,0.000,0,0,0,10,10,0,0,10,0.0,0.0,0.0,0.0,0.0,1.0,1
"G[0,0]((Calcium <= 3.281 & SBP <= 123.554) & Lactate >= 62.123)
",-2.833,-55.583,0.000,1.000,0.000,0,0,0,10,10,0,0,10,0.0,0.0,0.0,0.0,0.0,1.0,1
"G[0,0](((PaCO2 <= 0.000 | WBC <= 1.039) | Fibrinogen <= 4.646) & FiO2 >= 0.119)
",-0.008,-0.003,0.000,1.000,0.000,0,0,0,10,10,0,0,10,0.0,0.0,0.0,0.0,0.0,1.0,1
"G[1,2](((PaCO2 <= 0.000 -> PaCO2 <= 0.000) & PTT >= 0.000) | Temp >= 0.000)
",9999999.000,9999999.000,0.000,1.000,0.000,0,0,10,0,0,10,10,0,0.0,0.0,1.0,0.0,0.0,1.0,1
"G[0,0](((HR <= 77.399 -> Phosphate <= 2.026) -> Bilirubin_total >= 0.108) & BUN <= 2.462)
",-0.246,-0.302,0.000,1.000,0.000,0,0,0,10,10,0,0,10,0.0,0.0,0.0,0.0,0.0,1.0,1
"G[2,2](SepsisLabel <= 0.000 | FiO2 >= 0.000)
",0.000,0.000,0.000,1.000,0.000,0,0,10,0,0,10,10,0,0.0,0.0,1.0,0.0,0.0,1.0,1
"G[1,2]((Creatinine <= 0.578 -> SaO2 >= 0.000) & AST <= 0.000)
",9999999.000,9999999.000,0.000,1.000,0.000,0,0,10,0,0,10,10,0,0.0,0.0,1.0,0.0,0.0,1.0,1
"G[2,2](((Lactate <= 0.000 | Magnesium <= 1.007) | Bilirubin_total >= 0.032) | Bilirubin_direct <= 0.455)
",1.007,1.007,0.000,1.000,0.000,0,0,10,0,0,10,10,0,0.0,0.0,1.0,0.0,0.0,1.0,1
"G[0,0]((Glucose <= 61.993 -> Calcium <= 4.461) -> Lactate >= 0.065)
",-0.332,-11.735,0.000,1.000,0.000,0,0,0,10,10,0,0,10,0.0,0.0,0.0,0.0,0.0,1.0,1
"G[0,2]((Chloride >= 5.157 | Bilirubin_direct >= 0.000) & TroponinI >= 0.000)
",9999999.000,9999999.000,0.000,1.000,0.000,0,0,10,0,0,10,10,0,0.0,0.0,1.0,0.0,0.0,1.0,1
"G[0,2]((HR >= 29.001 & Phosphate <= 1.590) | HR <= 0.441)
",9999999.000,9999999.000,0.000,1.000,0.000,0,0,9,1,1,9,9,1,0.0,0.0,1.0,0.0,0.0,1.0,1
"G[1,2](pH >= 0.000 & Temp >= 4.730)
",9999999.000,9999999.000,0.000,1.000,0.000,0,0,2,8,8,2,2,8,0.0,0.0,1.0,0.0,0.0,1.0,1
"G[1,2]((MAP >= 50.708 | SaO2 <= 0.000) & Hgb >= 0.000)
",9999999.000,9999999.000,0.000,1.000,0.000,0,0,10,0,0,10,10,0,0.0,0.0,1.0,0.0,0.0,1.0,1
"G[1,2](((PTT >= 1.085 | Lactate >= 0.000) & WBC <= 0.000) -> AST <= 0.000)
",9999999.000,9999999.000,0.000,1.000,0.000,0,0,10,0,0,10,10,0,0.0,0.0,1.0,0.0,0.0,1.0,1
"G[2,2]((DBP <= 0.000 -> HR >= 13.735) & Fibrinogen <= 72.934)
",0.000,0.000,0.000,1.000,0.000,0,0,10,0,0,10,10,0,0.0,0.0,1.0,0.0,0.0,1.0,1
"G[0,1]((HR >= 21.436 & PTT >= 1.021) & HCO3 >= 0.547)
",9999999.000,9999999.000,0.000,1.000,0.000,0,0,0,10,10,0,0,10,0.0,0.0,0.0,0.0,0.0,1.0,1
"G[0,1]((Creatinine >= 0.004 & PTT >= 0.519) & BaseExcess >= 0.908)
",9999999.000,9999999.000,0.000,1.000,0.000,0,0,0,10,10,0,0,10,0.0,0.0,0.0,0.0,0.0,1.0,1
"G[0,2]((Potassium >= 0.112 -> PTT <= 21.407) & TroponinI <= 19.182)
",9999999.000,9999999.000,0.000,1.000,0.000,0,0,10,0,0,10,10,0,0.0,0.0,1.0,0.0,0.0,1.0,1
"G[1,1]((Phosphate >= 0.008 & PTT >= 0.060) & TroponinI >= 0.178)
",-0.178,-0.178,0.000,1.000,0.000,0,0,0,10,10,0,0,10,0.0,0.0,0.0,0.0,0.0,1.0,1
"G[2,2]((HCO3 >= 0.491 | PTT >= 0.677) -> Lactate <= 9.347)
",-9.347,-9.347,0.000,1.000,0.000,0,0,10,0,0,10,10,0,0.0,0.0,1.0,0.0,0.0,1.0,1
"G[1,1](Platelets <= 81.557 -> PTT >= 0.180)
",-81.557,-81.557,0.000,1.000,0.000,0,0,0,10,10,0,0,10,0.0,0.0,0.0,0.0,0.0,1.0,1
"G[0,1]((MAP >= 3.734 & Potassium >= 0.007) | FiO2 >= 0.205)
",9999999.000,9999999.000,0.000,1.000,0.000,0,0,0,10,10,0,0,10,0.0,0.0,0.0,0.0,0.0,1.0,1
"G[1,2](((MAP <= 87.015 & WBC >= 0.125) | Temp >= 0.265) | SBP <= 2.153)
",9999999.000,9999999.000,0.000,1.000,0.000,0,0,2,8,8,2,2,8,0.0,0.0,1.0,0.0,0.0,1.0,1
"G[1,2](((HCO3 >= 0.518 -> MAP <= 88.950) & DBP >= 35.763) -> PTT >= 11.113)
",9999999.000,9999999.000,0.000,1.000,0.000,0,0,10,0,0,10,10,0,0.0,0.0,1.0,0.0,0.0,1.0,1
"G[0,1](((Creatinine <= 0.084 -> MAP >= 37.140) & Platelets >= 57.085) & PaCO2 >= 38.037)
",9999999.000,9999999.000,0.000,1.000,0.000,0,0,0,10,10,0,0,10,0.0,0.0,0.0,0.0,0.0,1.0,1
"G[0,2]((Creatinine >= 0.029 -> SBP <= 117.173) & Fibrinogen <= 107.495)
",9999999.000,9999999.000,0.000,1.000,0.000,0,0,10,0,0,10,10,0,0.0,0.0,1.0,0.0,0.0,1.0,1
"G[0,2]((BUN >= 0.438 | SBP <= 109.780) -> Platelets <= 112.027)
",9999999.000,9999999.000,0.000,1.000,0.000,0,0,9,1,1,9,9,1,0.0,0.0,1.0,0.0,0.0,1.0,1
"F[1,2](((PaCO2 <= 0.000 -> EtCO2 >= 0.000) | HCO3 >= 0.000) -> FiO2 >= 0.000)
",-9999999.000,-9999999.000,0.000,0.000,1.000,0,0,0,10,10,0,0,10,0.0,0.0,0.0,0.0,0.0,1.0,-1
