Rule,Discrimination Score,Pos Robustness,Neg Robustness,Percent Class +,Percent Class -,TP,TN,FP,FN,Actual Yes,Actual No,Predicted Yes,Predicted No,TPR/Sens,TNR/Spec,FPR,Precision,Accuracy,MCR,Class
"G[0,0](((Phosphate >= 0.153 | Platelets <= 110.926) | Lactate <= 217.916) | EtCO2 >= 3.465)
",7.986,210.156,0.000,1.000,0.000,26,0,0,0,26,0,26,0,1.0,0.0,0.0,1.0,1.0196078431372548,-0.019607843137254832,1
"G[0,0]((EtCO2 >= 0.000 & PaCO2 >= 0.000) | BaseExcess <= 0.000)
",0.000,0.000,0.000,1.000,0.000,26,0,0,0,26,0,26,0,1.0,0.0,0.0,1.0,1.0196078431372548,-0.019607843137254832,1
"G[0,0](AST <= 78.314 -> Bilirubin_direct >= 0.000)
",-78.314,-78.314,0.000,1.000,0.000,26,0,0,0,26,0,26,0,1.0,0.0,0.0,1.0,1.0196078431372548,-0.019607843137254832,1
"G[0,0]((Glucose >= 7.099 & HR <= 79.528) -> AST <= 50.827)
",-7153204160647603.000,-50.827,0.000,1.000,0.000,26,0,0,0,26,0,26,0,1.0,0.0,0.0,1.0,1.0196078431372548,-0.019607843137254832,1
"G[0,0](Platelets <= 128.381 | Potassium >= 0.020)
",128.381,128.381,0.000,1.000,0.000,26,0,0,0,26,0,26,0,1.0,0.0,0.0,1.0,1.0196078431372548,-0.019607843137254832,1
"G[0,0](((O2Sat <= 84.750 | WBC <= 1.361) | PTT <= 1.081) | PTT <= 1.944)
",1.889,63.750,0.000,1.000,0.000,26,0,0,0,26,0,26,0,1.0,0.0,0.0,1.0,1.0196078431372548,-0.019607843137254832,1
"G[0,0](Chloride <= 67.727 -> SepsisLabel = 0.000)
",-25.984,-66.967,0.000,1.000,0.000,26,0,0,0,26,0,26,0,1.0,0.0,0.0,1.0,1.0196078431372548,-0.019607843137254832,1
"G[0,0](Resp <= 14.588 -> SBP <= 64.821)
",-4.402,-58.975,0.000,1.000,0.000,26,0,0,0,26,0,26,0,1.0,0.0,0.0,1.0,1.0196078431372548,-0.019607843137254832,1
"F[0,0](((AST <= 156.684 | PTT <= 10.259) -> PaCO2 >= 1.030) & O2Sat <= 10.665)
",-156.684,-156.684,0.000,0.000,1.000,26,0,0,0,26,0,26,0,1.0,0.0,0.0,1.0,1.0196078431372548,-0.019607843137254832,-1
"G[0,1](SBP <= 94.897 -> SepsisLabel = 0.000)
",9999999.000,9999999.000,0.000,1.000,0.000,25,0,1,0,25,1,26,0,1.0,0.0,1.0,0.9615384615384616,0.9803921568627451,0.019607843137254943,1
"F[0,0]((Lactate >= 0.000 -> Glucose >= 5.088) | Bilirubin_total >= 5.396)
",-0.294,-0.112,0.000,0.000,1.000,25,0,0,1,26,0,25,1,0.9615384615384616,0.0,0.0,1.0,0.9803921568627451,0.019607843137254943,-1
"((SaO2 >= 0.000) U[0,0] (Hgb >= 0.774))
",0.295,3.642,0.000,0.000,1.000,25,0,0,1,26,0,25,1,0.9615384615384616,0.0,0.0,1.0,0.9803921568627451,0.019607843137254943,-1
"F[0,0]((PaCO2 >= 0.000 -> Hgb <= 15.220) -> SaO2 >= 0.865)
",3.391,0.796,0.000,0.000,1.000,25,0,0,1,26,0,25,1,0.9615384615384616,0.0,0.0,1.0,0.9803921568627451,0.019607843137254943,-1
"G[0,0](Alkalinephos >= 6.314 | Platelets <= 107.432)
",107.432,107.432,0.000,1.000,0.000,25,0,0,1,26,0,25,1,0.9615384615384616,0.0,0.0,1.0,0.9803921568627451,0.019607843137254943,1
"G[1,1]((SepsisLabel <= 0.000 & Potassium >= 0.070) -> pH <= 3.037)
",-3.037,-3.037,0.000,1.000,0.000,25,0,1,0,25,1,26,0,1.0,0.0,1.0,0.9615384615384616,0.9803921568627451,0.019607843137254943,1
"G[1,1](((O2Sat <= 48.787 & Resp >= 2.936) | Magnesium >= 3.925) -> Lactate <= 7.837)
",-8823870050713917.000,-7.837,0.000,1.000,0.000,25,0,1,0,25,1,26,0,1.0,0.0,1.0,0.9615384615384616,0.9803921568627451,0.019607843137254943,1
"G[1,1](((Potassium <= 2.861 & SBP >= 15.693) -> Magnesium <= 120.974) & Hgb <= 86.405)
",-120.974,-120.974,0.000,1.000,0.000,25,0,1,0,25,1,26,0,1.0,0.0,1.0,0.9615384615384616,0.9803921568627451,0.019607843137254943,1
"((EtCO2 > 0.000) U[1,2] (SepsisLabel = 0.000))
",-9999999.000,-9999999.000,0.000,0.000,1.000,25,0,0,1,26,0,25,1,0.9615384615384616,0.0,0.0,1.0,0.9803921568627451,0.019607843137254943,-1
"G[1,1](((Glucose >= 2.268 -> Potassium <= 0.272) & Calcium >= 0.219) -> BaseExcess <= 2.878)
",-2.878,-2.878,0.000,1.000,0.000,25,0,1,0,25,1,26,0,1.0,0.0,1.0,0.9615384615384616,0.9803921568627451,0.019607843137254943,1
"G[0,1](((Chloride >= 3.072 -> Glucose <= 100.132) & DBP <= 25.286) | EtCO2 <= 103.225)
",9999999.000,9999999.000,0.000,1.000,0.000,25,0,1,0,25,1,26,0,1.0,0.0,1.0,0.9615384615384616,0.9803921568627451,0.019607843137254943,1
"F[0,1](((DBP <= 0.000 & HR >= 14.651) | Creatinine <= 80.046) -> SepsisLabel >= 8.877)
",-9999999.000,-9999999.000,0.000,0.000,1.000,25,0,0,1,26,0,25,1,0.9615384615384616,0.0,0.0,1.0,0.9803921568627451,0.019607843137254943,-1
"F[1,1]((Calcium <= 5.972 & Potassium <= 0.504) & Magnesium >= 0.036)
",-5211700707850148.000,-0.036,0.000,0.000,1.000,25,0,0,1,26,0,25,1,0.9615384615384616,0.0,0.0,1.0,0.9803921568627451,0.019607843137254943,-1
"((MAP >= 23.124) U[0,0] (Phosphate >= 0.156))
",0.613,26.633,0.000,0.000,1.000,25,0,0,1,26,0,25,1,0.9615384615384616,0.0,0.0,1.0,0.9803921568627451,0.019607843137254943,-1
"F[1,1]((Calcium <= 6.841 & Potassium <= 1.016) & Magnesium >= 0.093)
",-0.093,-0.093,0.000,0.000,1.000,25,0,0,1,26,0,25,1,0.9615384615384616,0.0,0.0,1.0,0.9803921568627451,0.019607843137254943,-1
"G[0,0](Bilirubin_total <= 1.083 & Platelets <= 56.967)
",0.702,0.763,0.000,1.000,0.000,25,0,0,1,26,0,25,1,0.9615384615384616,0.0,0.0,1.0,0.9803921568627451,0.019607843137254943,1
"F[0,0](((Glucose >= 5.234 -> Resp <= 8.143) & SaO2 <= 11.773) & Chloride >= 3.542)
",-8.143,-8.143,0.000,0.000,1.000,25,0,0,1,26,0,25,1,0.9615384615384616,0.0,0.0,1.0,0.9803921568627451,0.019607843137254943,-1
"F[0,1]((BUN >= 0.318 -> Glucose >= 2.616) -> Fibrinogen >= 3.282)
",-9999999.000,-9999999.000,0.000,0.000,1.000,25,0,0,1,26,0,25,1,0.9615384615384616,0.0,0.0,1.0,0.9803921568627451,0.019607843137254943,-1
"F[0,1]((Glucose >= 3.286 & Hgb <= 6.089) & SBP <= 9.971)
",-9999999.000,-9999999.000,0.000,0.000,1.000,25,0,0,1,26,0,25,1,0.9615384615384616,0.0,0.0,1.0,0.9803921568627451,0.019607843137254943,-1
"F[1,1]((Calcium <= 4.731 & Potassium <= 0.735) & Magnesium >= 0.041)
",-0.041,-0.041,0.000,0.000,1.000,25,0,0,1,26,0,25,1,0.9615384615384616,0.0,0.0,1.0,0.9803921568627451,0.019607843137254943,-1
"F[0,1](((Chloride >= 5.356 & Phosphate >= 0.041) & Fibrinogen >= 0.105) & Calcium >= 0.130)
",-9999999.000,-9999999.000,0.000,0.000,1.000,25,0,0,1,26,0,25,1,0.9615384615384616,0.0,0.0,1.0,0.9803921568627451,0.019607843137254943,-1
"((Alkalinephos >= 8.153) U[1,2] (SepsisLabel = 0.000))
",-9999999.000,-9999999.000,0.000,0.000,1.000,25,0,0,1,26,0,25,1,0.9615384615384616,0.0,0.0,1.0,0.9803921568627451,0.019607843137254943,-1
"F[1,1]((Calcium <= 0.711 & Potassium <= 0.699) & Magnesium >= 0.070)
",-0.070,-0.070,0.000,0.000,1.000,25,0,0,1,26,0,25,1,0.9615384615384616,0.0,0.0,1.0,0.9803921568627451,0.019607843137254943,-1
"F[0,1](SaO2 < 0.000 & SepsisLabel = 0.000)
",-9999999.000,-9999999.000,0.000,0.000,1.000,25,0,0,1,26,0,25,1,0.9615384615384616,0.0,0.0,1.0,0.9803921568627451,0.019607843137254943,-1
"((Bilirubin_direct > 0.000) U[1,2] (SepsisLabel = 0.000))
",-9999999.000,-9999999.000,0.000,0.000,1.000,25,0,0,1,26,0,25,1,0.9615384615384616,0.0,0.0,1.0,0.9803921568627451,0.019607843137254943,-1
"F[1,1]((Calcium <= 6.109 & Potassium <= 0.770) & Magnesium >= 0.069)
",-0.069,-0.069,0.000,0.000,1.000,25,0,0,1,26,0,25,1,0.9615384615384616,0.0,0.0,1.0,0.9803921568627451,0.019607843137254943,-1
"G[0,1](((BaseExcess <= 0.000 | Fibrinogen <= 0.000) -> Phosphate <= 0.000) -> SaO2 >= 0.000)
",9999999.000,9999999.000,0.000,1.000,0.000,25,0,1,0,25,1,26,0,1.0,0.0,1.0,0.9615384615384616,0.9803921568627451,0.019607843137254943,1
"((Alkalinephos >= 5.394) U[1,2] (Temp <= 36.068))
",-9999999.000,-9999999.000,0.000,0.000,1.000,25,0,0,1,26,0,25,1,0.9615384615384616,0.0,0.0,1.0,0.9803921568627451,0.019607843137254943,-1
"G[0,1](((AST <= 145.438 | Temp >= 2.565) -> Magnesium >= 1.006) -> Potassium >= 1.930)
",9999999.000,9999999.000,0.000,1.000,0.000,25,0,1,0,25,1,26,0,1.0,0.0,1.0,0.9615384615384616,0.9803921568627451,0.019607843137254943,1
"G[0,1](((Lactate >= 0.000 | Bilirubin_direct <= 0.000) & HR >= 0.000) -> TroponinI >= 0.000)
",9999999.000,9999999.000,0.000,1.000,0.000,25,0,1,0,25,1,26,0,1.0,0.0,1.0,0.9615384615384616,0.9803921568627451,0.019607843137254943,1
"G[1,1](FiO2 <= 0.000 | PTT <= 17.039)
",17.039,17.039,0.000,1.000,0.000,25,0,1,0,25,1,26,0,1.0,0.0,1.0,0.9615384615384616,0.9803921568627451,0.019607843137254943,1
"G[0,1](Alkalinephos > 13.815 -> SepsisLabel = 0.000)
",9999999.000,9999999.000,0.000,1.000,0.000,25,0,1,0,25,1,26,0,1.0,0.0,1.0,0.9615384615384616,0.9803921568627451,0.019607843137254943,1
"G[0,1](((Chloride <= 96.902 & Hct <= 8.465) | Temp >= 0.418) | PTT <= 33.728)
",9999999.000,9999999.000,0.000,1.000,0.000,25,0,1,0,25,1,26,0,1.0,0.0,1.0,0.9615384615384616,0.9803921568627451,0.019607843137254943,1
"G[0,1](((Creatinine >= 0.010 | Magnesium <= 0.355) | SBP <= 0.692) -> TroponinI <= 1.107)
",9999999.000,9999999.000,0.000,1.000,0.000,25,0,1,0,25,1,26,0,1.0,0.0,1.0,0.9615384615384616,0.9803921568627451,0.019607843137254943,1
"G[0,1](((Potassium <= 0.317 -> PTT >= 1.610) & Alkalinephos >= 0.480) -> Bilirubin_direct <= 7.400)
",9999999.000,9999999.000,0.000,1.000,0.000,25,0,1,0,25,1,26,0,1.0,0.0,1.0,0.9615384615384616,0.9803921568627451,0.019607843137254943,1
"G[0,1]((SaO2 <= 0.000 & SaO2 >= 0.000) | Creatinine >= 0.000)
",9999999.000,9999999.000,0.000,1.000,0.000,25,0,1,0,25,1,26,0,1.0,0.0,1.0,0.9615384615384616,0.9803921568627451,0.019607843137254943,1
"G[0,1]((Fibrinogen <= 0.000 & O2Sat <= 55.899) | Resp <= 32.795)
",9999999.000,9999999.000,0.000,1.000,0.000,25,0,1,0,25,1,26,0,1.0,0.0,1.0,0.9615384615384616,0.9803921568627451,0.019607843137254943,1
"G[0,0]((BaseExcess <= 0.000 -> TroponinI >= 0.000) -> Phosphate <= 0.000)
",0.000,0.000,0.000,1.000,0.000,25,0,0,1,26,0,25,1,0.9615384615384616,0.0,0.0,1.0,0.9803921568627451,0.019607843137254943,1
"G[1,1]((Hct >= 0.397 | Phosphate <= 2.139) | PTT <= 3.847)
",3.847,3.847,0.000,1.000,0.000,25,0,1,0,25,1,26,0,1.0,0.0,1.0,0.9615384615384616,0.9803921568627451,0.019607843137254943,1
"G[0,1](EtCO2 >= 0.000 | Potassium >= 0.062)
",9999999.000,9999999.000,0.000,1.000,0.000,25,0,1,0,25,1,26,0,1.0,0.0,1.0,0.9615384615384616,0.9803921568627451,0.019607843137254943,1
"G[0,1]((Creatinine <= 0.582 & HR >= 14.055) -> Resp >= 14.604)
",9999999.000,9999999.000,0.000,1.000,0.000,25,0,1,0,25,1,26,0,1.0,0.0,1.0,0.9615384615384616,0.9803921568627451,0.019607843137254943,1
"G[0,1]((FiO2 <= 0.000 & Lactate <= 0.000) & Lactate >= 0.000)
",9999999.000,9999999.000,0.000,1.000,0.000,25,0,1,0,25,1,26,0,1.0,0.0,1.0,0.9615384615384616,0.9803921568627451,0.019607843137254943,1
"G[0,1](((Hct >= 1.061 | Lactate >= 0.000) -> Bilirubin_direct >= 0.000) | Resp >= 0.000)
",9999999.000,9999999.000,0.000,1.000,0.000,25,0,1,0,25,1,26,0,1.0,0.0,1.0,0.9615384615384616,0.9803921568627451,0.019607843137254943,1
"G[1,1](BaseExcess >= 0.000 | SepsisLabel <= 0.000)
",0.000,0.000,0.000,1.000,0.000,25,0,1,0,25,1,26,0,1.0,0.0,1.0,0.9615384615384616,0.9803921568627451,0.019607843137254943,1
"G[1,1]((HCO3 >= 0.745 | Hct >= 2.535) | pH <= 34.086)
",34.086,34.086,0.000,1.000,0.000,25,0,1,0,25,1,26,0,1.0,0.0,1.0,0.9615384615384616,0.9803921568627451,0.019607843137254943,1
"G[0,0]((PaCO2 <= 0.000 & Bilirubin_direct <= 0.000) & Calcium <= 0.000)
",-0.205,-17.192,0.000,1.000,0.000,25,0,0,1,26,0,25,1,0.9615384615384616,0.0,0.0,1.0,0.9803921568627451,0.019607843137254943,1
"G[1,1]((PTT <= 9.836 -> FiO2 >= 0.000) -> WBC >= 0.000)
",0.000,0.000,0.000,1.000,0.000,25,0,1,0,25,1,26,0,1.0,0.0,1.0,0.9615384615384616,0.9803921568627451,0.019607843137254943,1
"G[0,0](((FiO2 <= 0.000 -> WBC >= 0.300) | PaCO2 <= 3.290) -> PTT <= 2.745)
",-3.290,-3.290,0.000,1.000,0.000,25,0,0,1,26,0,25,1,0.9615384615384616,0.0,0.0,1.0,0.9803921568627451,0.019607843137254943,1
"G[0,1]((BaseExcess >= 0.000 | DBP <= 0.000) & FiO2 <= 0.000)
",9999999.000,9999999.000,0.000,1.000,0.000,25,0,1,0,25,1,26,0,1.0,0.0,1.0,0.9615384615384616,0.9803921568627451,0.019607843137254943,1
"G[0,0]((AST >= 6.268 & BUN <= 5.490) | Hct <= 2.601)
",2.601,2.601,0.000,1.000,0.000,25,0,0,1,26,0,25,1,0.9615384615384616,0.0,0.0,1.0,0.9803921568627451,0.019607843137254943,1
"G[0,1]((MAP >= 18.950 & Potassium >= 0.124) -> HCO3 >= 0.082)
",9999999.000,9999999.000,0.000,1.000,0.000,25,0,1,0,25,1,26,0,1.0,0.0,1.0,0.9615384615384616,0.9803921568627451,0.019607843137254943,1
"G[0,1]((HR >= 18.114 -> WBC <= 1.360) -> PaCO2 <= 0.799)
",9999999.000,9999999.000,0.000,1.000,0.000,25,0,1,0,25,1,26,0,1.0,0.0,1.0,0.9615384615384616,0.9803921568627451,0.019607843137254943,1
"G[0,1](Calcium <= 1.373 -> Phosphate <= 2.990)
",9999999.000,9999999.000,0.000,1.000,0.000,25,0,1,0,25,1,26,0,1.0,0.0,1.0,0.9615384615384616,0.9803921568627451,0.019607843137254943,1
"G[1,1](((Calcium <= 8.342 | Resp <= 9.813) -> Glucose >= 2.564) -> Calcium <= 11.550)
",-11.550,-11.550,0.000,1.000,0.000,25,0,1,0,25,1,26,0,1.0,0.0,1.0,0.9615384615384616,0.9803921568627451,0.019607843137254943,1
"G[0,0]((Calcium <= 7.192 & PTT <= 11.853) | pH >= 0.487)
",3.157,6.578,0.000,1.000,0.000,25,0,0,1,26,0,25,1,0.9615384615384616,0.0,0.0,1.0,0.9803921568627451,0.019607843137254943,1
"G[1,1](((Platelets >= 0.273 & WBC <= 5.372) | Temp <= 2.375) | Lactate <= 5.203)
",5.203,5.203,0.000,1.000,0.000,25,0,1,0,25,1,26,0,1.0,0.0,1.0,0.9615384615384616,0.9803921568627451,0.019607843137254943,1
"G[0,1]((Lactate >= 0.000 & Hct <= 44.766) -> DBP <= 18.804)
",9999999.000,9999999.000,0.000,1.000,0.000,25,0,1,0,25,1,26,0,1.0,0.0,1.0,0.9615384615384616,0.9803921568627451,0.019607843137254943,1
"((Glucose >= 5.127) U[1,2] (Temp <= 15.135))
",-9999999.000,-9999999.000,0.000,0.000,1.000,24,0,0,2,26,0,24,2,0.9230769230769231,0.0,0.0,1.0,0.9411764705882353,0.05882352941176472,-1
"F[1,1](((Magnesium <= 1.433 | MAP >= 18.362) -> Creatinine >= 25.344) & BaseExcess <= 36.081)
",-1.433,-1.433,0.000,0.000,1.000,24,0,0,2,26,0,24,2,0.9230769230769231,0.0,0.0,1.0,0.9411764705882353,0.05882352941176472,-1
"((Hgb > 0.836) U[1,2] (SepsisLabel = 0.000))
",-9999999.000,-9999999.000,0.000,0.000,1.000,24,0,0,2,26,0,24,2,0.9230769230769231,0.0,0.0,1.0,0.9411764705882353,0.05882352941176472,-1
"F[0,1](((Chloride >= 5.820 | Potassium >= 0.010) -> Fibrinogen <= 3.862) & Bilirubin_total >= 0.164)
",-9999999.000,-9999999.000,0.000,0.000,1.000,24,0,0,2,26,0,24,2,0.9230769230769231,0.0,0.0,1.0,0.9411764705882353,0.05882352941176472,-1
"F[0,1](((SaO2 <= 0.000 & SBP >= 16.298) & O2Sat <= 81.574) | Calcium >= 35.873)
",-9999999.000,-9999999.000,0.000,0.000,1.000,24,0,0,2,26,0,24,2,0.9230769230769231,0.0,0.0,1.0,0.9411764705882353,0.05882352941176472,-1
"G[0,1](((SBP >= 36.990 & Hgb >= 0.587) | Fibrinogen >= 0.838) -> Glucose <= 12.022)
",9999999.000,9999999.000,0.000,1.000,0.000,24,0,1,1,25,1,25,1,0.96,0.0,1.0,0.96,0.9411764705882353,0.05882352941176472,1
"F[0,1]((EtCO2 >= 0.000 & HR <= 34.354) & Alkalinephos >= 10.373)
",-9999999.000,-9999999.000,0.000,0.000,1.000,24,0,0,2,26,0,24,2,0.9230769230769231,0.0,0.0,1.0,0.9411764705882353,0.05882352941176472,-1
"((Calcium >= 0.460) U[1,1] (MAP >= 23.229))
",-0.460,-0.460,0.000,0.000,1.000,24,0,0,2,26,0,24,2,0.9230769230769231,0.0,0.0,1.0,0.9411764705882353,0.05882352941176472,-1
"G[1,1]((Hgb <= 6.119 & WBC <= 4.068) -> Temp <= 0.454)
",-4.068,-4.068,0.000,1.000,0.000,24,0,1,1,25,1,25,1,0.96,0.0,1.0,0.96,0.9411764705882353,0.05882352941176472,1
"G[0,1](((O2Sat <= 44.567 & Bilirubin_direct >= 0.000) | Hgb <= 0.000) & Chloride >= 0.000)
",9999999.000,9999999.000,0.000,1.000,0.000,24,0,1,1,25,1,25,1,0.96,0.0,1.0,0.96,0.9411764705882353,0.05882352941176472,1
"G[0,1](Alkalinephos <= 402.679 & AST <= 26.241)
",9999999.000,9999999.000,0.000,1.000,0.000,23,0,1,2,25,1,24,2,0.92,0.0,1.0,0.9583333333333334,0.9019607843137255,0.0980392156862745,1
"G[1,1]((Calcium <= 6.015 | Magnesium <= 0.579) | Phosphate <= 1.639)
",6.015,6.015,0.000,1.000,0.000,23,0,1,2,25,1,24,2,0.92,0.0,1.0,0.9583333333333334,0.9019607843137255,0.0980392156862745,1
"G[1,1]((Hgb >= 0.614 -> SBP >= 25.213) & Alkalinephos <= 135.797)
",0.614,0.614,0.000,1.000,0.000,23,0,1,2,25,1,24,2,0.92,0.0,1.0,0.9583333333333334,0.9019607843137255,0.0980392156862745,1
"G[1,1]((O2Sat >= 8.748 -> pH <= 0.000) -> Chloride <= 0.000)
",0.000,0.000,0.000,1.000,0.000,23,0,1,2,25,1,24,2,0.92,0.0,1.0,0.9583333333333334,0.9019607843137255,0.0980392156862745,1
"F[1,1]((Alkalinephos >= 14.391 -> HCO3 >= 1.479) & Platelets >= 1.270)
",-5719697354470372.000,-1.270,0.000,0.000,1.000,23,0,0,3,26,0,23,3,0.8846153846153846,0.0,0.0,1.0,0.9019607843137255,0.0980392156862745,-1
"((Creatinine <= 0.593) U[1,1] (Phosphate >= 0.047))
",0.593,0.593,0.000,0.000,1.000,23,0,0,3,26,0,23,3,0.8846153846153846,0.0,0.0,1.0,0.9019607843137255,0.0980392156862745,-1
"F[1,1](HCO3 >= 0.673 & SepsisLabel = 0.000)
",-0.673,-0.673,0.000,0.000,1.000,23,0,0,3,26,0,23,3,0.8846153846153846,0.0,0.0,1.0,0.9019607843137255,0.0980392156862745,-1
"F[1,1](FiO2 <= 0.000 & Alkalinephos >= 8.610)
",-8.610,-8.610,0.000,0.000,1.000,23,0,0,3,26,0,23,3,0.8846153846153846,0.0,0.0,1.0,0.9019607843137255,0.0980392156862745,-1
"F[0,1]((O2Sat <= 85.388 | Potassium >= 0.113) & MAP >= 0.202)
",-9999999.000,-9999999.000,0.000,0.000,1.000,23,0,0,3,26,0,23,3,0.8846153846153846,0.0,0.0,1.0,0.9019607843137255,0.0980392156862745,-1
"F[0,1]((HCO3 <= 22.516 -> Magnesium >= 0.064) & TroponinI <= 1.140)
",-9999999.000,-9999999.000,0.000,0.000,1.000,22,0,0,4,26,0,22,4,0.8461538461538461,0.0,0.0,1.0,0.8627450980392157,0.13725490196078427,-1
"((Fibrinogen <= 0.000) U[1,1] (Glucose >= 1.860))
",0.000,0.000,0.000,0.000,1.000,22,0,0,4,26,0,22,4,0.8461538461538461,0.0,0.0,1.0,0.8627450980392157,0.13725490196078427,-1
"F[0,1]((FiO2 <= 0.000 | WBC >= 0.061) -> WBC >= 0.099)
",-9999999.000,-9999999.000,0.000,0.000,1.000,22,0,0,4,26,0,22,4,0.8461538461538461,0.0,0.0,1.0,0.8627450980392157,0.13725490196078427,-1
"((Bilirubin_total <= 0.428) U[0,1] (PTT >= 0.587))
",-9999999.000,-9999999.000,0.000,0.000,1.000,22,0,0,4,26,0,22,4,0.8461538461538461,0.0,0.0,1.0,0.8627450980392157,0.13725490196078427,-1
"((Fibrinogen >= 0.000) U[0,1] (Phosphate >= 0.108))
",-9999999.000,-9999999.000,0.000,0.000,1.000,22,0,0,4,26,0,22,4,0.8461538461538461,0.0,0.0,1.0,0.8627450980392157,0.13725490196078427,-1
"F[0,1](((Glucose >= 4.040 -> Hct >= 1.799) | Creatinine <= 46.334) -> Creatinine >= 0.669)
",-9999999.000,-9999999.000,0.000,0.000,1.000,22,0,0,4,26,0,22,4,0.8461538461538461,0.0,0.0,1.0,0.8627450980392157,0.13725490196078427,-1
"F[0,1](Fibrinogen <= 0.000 -> Hgb >= 0.740)
",-9999999.000,-9999999.000,0.000,0.000,1.000,22,0,0,4,26,0,22,4,0.8461538461538461,0.0,0.0,1.0,0.8627450980392157,0.13725490196078427,-1
"F[0,1](Creatinine >= 0.018 & Temp <= 32.082)
",-9999999.000,-9999999.000,0.000,0.000,1.000,22,0,0,4,26,0,22,4,0.8461538461538461,0.0,0.0,1.0,0.8627450980392157,0.13725490196078427,-1
"((HR <= 28.975) U[0,0] (Temp >= 2.170))
",0.573,24.590,0.000,0.000,1.000,22,0,0,4,26,0,22,4,0.8461538461538461,0.0,0.0,1.0,0.8627450980392157,0.13725490196078427,-1
"F[0,1](Calcium >= 0.202 & Platelets >= 11.833)
",-9999999.000,-9999999.000,0.000,0.000,1.000,22,0,0,4,26,0,22,4,0.8461538461538461,0.0,0.0,1.0,0.8627450980392157,0.13725490196078427,-1
"F[0,1](AST <= 106.742 -> Platelets >= 11.307)
",-9999999.000,-9999999.000,0.000,0.000,1.000,22,0,0,4,26,0,22,4,0.8461538461538461,0.0,0.0,1.0,0.8627450980392157,0.13725490196078427,-1
"G[1,1](((Magnesium <= 1.024 -> Chloride <= 40.871) -> Creatinine >= 5.337) | Glucose <= 33.520)
",33.520,33.520,0.000,1.000,0.000,22,0,1,3,25,1,23,3,0.88,0.0,1.0,0.9565217391304348,0.8627450980392157,0.13725490196078427,1
"G[0,1](Calcium >= 0.371 -> HCO3 <= 20.988)
",9999999.000,9999999.000,0.000,1.000,0.000,22,0,1,3,25,1,23,3,0.88,0.0,1.0,0.9565217391304348,0.8627450980392157,0.13725490196078427,1
"G[0,1](((TroponinI <= 0.000 | pH <= 0.000) & PTT <= 0.000) | PTT <= 0.000)
",9999999.000,9999999.000,0.000,1.000,0.000,22,0,1,3,25,1,23,3,0.88,0.0,1.0,0.9565217391304348,0.8627450980392157,0.13725490196078427,1
"F[0,0]((Glucose >= 3.434 | Temp >= 3.224) | SepsisLabel >= 3.061)
",0.579,45.493,0.000,0.000,1.000,21,0,0,5,26,0,21,5,0.8076923076923077,0.0,0.0,1.0,0.8235294117647058,0.17647058823529416,-1
"G[0,0]((MAP <= 86.082 & Platelets <= 75.149) & Calcium <= 211.451)
",0.474,33.422,0.000,1.000,0.000,21,0,0,5,26,0,21,5,0.8076923076923077,0.0,0.0,1.0,0.8235294117647058,0.17647058823529416,1
"F[0,1](((HR >= 23.265 & Glucose >= 7.311) -> PaCO2 >= 4.643) -> Chloride >= 3.039)
",-9999999.000,-9999999.000,0.000,0.000,1.000,21,0,0,5,26,0,21,5,0.8076923076923077,0.0,0.0,1.0,0.8235294117647058,0.17647058823529416,-1
"F[0,1](Temp >= 0.899 & Magnesium <= 1.383)
",-9999999.000,-9999999.000,0.000,0.000,1.000,20,0,0,6,26,0,20,6,0.7692307692307693,0.0,0.0,1.0,0.7843137254901961,0.21568627450980393,-1
"G[0,1]((BaseExcess <= 0.000 -> Temp >= 1.513) -> TroponinI >= 0.643)
",9999999.000,9999999.000,0.000,1.000,0.000,20,0,1,5,25,1,21,5,0.8,0.0,1.0,0.9523809523809523,0.7843137254901961,0.21568627450980393,1
"G[0,1]((Phosphate <= 2.570 & Temp <= 15.945) | Hgb >= 3.211)
",9999999.000,9999999.000,0.000,1.000,0.000,20,0,1,5,25,1,21,5,0.8,0.0,1.0,0.9523809523809523,0.7843137254901961,0.21568627450980393,1
"F[0,1]((O2Sat <= 76.787 -> HR <= 36.114) -> Glucose >= 18.806)
",-9999999.000,-9999999.000,0.000,0.000,1.000,20,0,0,6,26,0,20,6,0.7692307692307693,0.0,0.0,1.0,0.7843137254901961,0.21568627450980393,-1
"((O2Sat >= 0.954) U[1,1] (Glucose <= 73.058))
",73.058,73.058,0.000,0.000,1.000,19,0,0,7,26,0,19,7,0.7307692307692307,0.0,0.0,1.0,0.7450980392156863,0.2549019607843137,-1
"G[1,1]((Bilirubin_total >= 0.025 | O2Sat >= 22.248) -> PTT >= 13.626)
",0.025,0.025,0.000,1.000,0.000,19,0,1,6,25,1,20,6,0.76,0.0,1.0,0.95,0.7450980392156863,0.2549019607843137,1
"F[0,0](((HCO3 <= 26.697 & O2Sat >= 24.943) | HR >= 0.616) | HR >= 3.909)
",2017.384,2017.384,0.000,0.000,1.000,18,0,0,8,26,0,18,8,0.6923076923076923,0.0,0.0,1.0,0.7058823529411765,0.2941176470588235,-1
"F[0,0](BaseExcess >= 0.000 & Resp >= 1.395)
",-6284178200833201.000,-1.395,0.000,0.000,1.000,18,0,0,8,26,0,18,8,0.6923076923076923,0.0,0.0,1.0,0.7058823529411765,0.2941176470588235,-1
"((Chloride <= 30.885) U[1,1] (HR >= 9.018))
",30.885,30.885,0.000,0.000,1.000,18,0,0,8,26,0,18,8,0.6923076923076923,0.0,0.0,1.0,0.7058823529411765,0.2941176470588235,-1
"G[0,0]((Phosphate <= 0.516 & Phosphate <= 2.746) -> MAP <= 0.901)
",-4.580,-0.793,0.000,1.000,0.000,18,0,0,8,26,0,18,8,0.6923076923076923,0.0,0.0,1.0,0.7058823529411765,0.2941176470588235,1
"G[0,0]((DBP >= 0.000 -> Bilirubin_total <= 0.513) -> SBP <= 0.994)
",0.362,4.852,0.000,1.000,0.000,18,0,0,8,26,0,18,8,0.6923076923076923,0.0,0.0,1.0,0.7058823529411765,0.2941176470588235,1
"G[0,0]((Bilirubin_direct <= 0.000 -> WBC <= 3.822) -> MAP <= 1.275)
",0.066,0.152,0.000,1.000,0.000,18,0,0,8,26,0,18,8,0.6923076923076923,0.0,0.0,1.0,0.7058823529411765,0.2941176470588235,1
"G[0,1]((Lactate <= 0.000 & HR <= 69.148) & Resp <= 40.087)
",9999999.000,9999999.000,0.000,1.000,0.000,17,0,1,8,25,1,18,8,0.68,0.0,1.0,0.9444444444444444,0.6666666666666666,0.33333333333333337,1
"G[1,1](O2Sat <= 81.072 & PTT <= 17.230)
",17.230,17.230,0.000,1.000,0.000,17,0,1,8,25,1,18,8,0.68,0.0,1.0,0.9444444444444444,0.6666666666666666,0.33333333333333337,1
"F[1,1](((Magnesium >= 0.089 & AST <= 114.020) -> TroponinI >= 3.508) & MAP >= 0.795)
",-0.795,-0.795,0.000,0.000,1.000,17,0,0,9,26,0,17,9,0.6538461538461539,0.0,0.0,1.0,0.6666666666666666,0.33333333333333337,-1
"((HR >= 1.009) U[1,1] (SepsisLabel = 0.000))
",0.000,0.000,0.000,0.000,1.000,17,0,0,9,26,0,17,9,0.6538461538461539,0.0,0.0,1.0,0.6666666666666666,0.33333333333333337,-1
"((Resp >= 3.147) U[1,1] (SepsisLabel = 0.000))
",0.000,0.000,0.000,0.000,1.000,17,0,0,9,26,0,17,9,0.6538461538461539,0.0,0.0,1.0,0.6666666666666666,0.33333333333333337,-1
"((Resp >= 6.917) U[1,2] (SBP <= 73.643))
",-9999999.000,-9999999.000,0.000,0.000,1.000,16,0,0,10,26,0,16,10,0.6153846153846154,0.0,0.0,1.0,0.6274509803921569,0.37254901960784315,-1
"F[0,1](((SepsisLabel >= 0.000 -> HR <= 50.065) & SaO2 <= 64.961) -> FiO2 >= 6.127)
",-9999999.000,-9999999.000,0.000,0.000,1.000,16,0,0,10,26,0,16,10,0.6153846153846154,0.0,0.0,1.0,0.6274509803921569,0.37254901960784315,-1
"((MAP >= 17.776) U[1,2] (SBP <= 139.876))
",-9999999.000,-9999999.000,0.000,0.000,1.000,16,0,0,10,26,0,16,10,0.6153846153846154,0.0,0.0,1.0,0.6274509803921569,0.37254901960784315,-1
"((Hct >= 1.905) U[0,1] (HR >= 6.827))
",-9999999.000,-9999999.000,0.000,0.000,1.000,16,0,0,10,26,0,16,10,0.6153846153846154,0.0,0.0,1.0,0.6274509803921569,0.37254901960784315,-1
"((MAP >= 0.513) U[1,2] (SBP <= 90.894))
",-9999999.000,-9999999.000,0.000,0.000,1.000,16,0,0,10,26,0,16,10,0.6153846153846154,0.0,0.0,1.0,0.6274509803921569,0.37254901960784315,-1
"((MAP >= 24.466) U[1,2] (SBP <= 48.543))
",-9999999.000,-9999999.000,0.000,0.000,1.000,16,0,0,10,26,0,16,10,0.6153846153846154,0.0,0.0,1.0,0.6274509803921569,0.37254901960784315,-1
"((MAP >= 27.482) U[1,2] (SBP <= 108.847))
",-9999999.000,-9999999.000,0.000,0.000,1.000,16,0,0,10,26,0,16,10,0.6153846153846154,0.0,0.0,1.0,0.6274509803921569,0.37254901960784315,-1
"G[0,1](MAP <= 54.045 | WBC >= 0.108)
",9999999.000,9999999.000,0.000,1.000,0.000,16,0,1,9,25,1,17,9,0.64,0.0,1.0,0.9411764705882353,0.6274509803921569,0.37254901960784315,1
"F[1,1](HR <= 36.729 -> Potassium >= 0.144)
",-36.729,-36.729,0.000,0.000,1.000,16,0,0,10,26,0,16,10,0.6153846153846154,0.0,0.0,1.0,0.6274509803921569,0.37254901960784315,-1
"G[0,1](((Alkalinephos <= 411.857 & MAP <= 40.932) & SBP <= 50.797) & Bilirubin_total <= 104.577)
",9999999.000,9999999.000,0.000,1.000,0.000,15,0,1,10,25,1,16,10,0.6,0.0,1.0,0.9375,0.5882352941176471,0.4117647058823529,1
"F[0,1]((Resp >= 3.846 -> Alkalinephos >= 7.098) -> AST >= 2.189)
",-9999999.000,-9999999.000,0.000,0.000,1.000,15,0,0,11,26,0,15,11,0.5769230769230769,0.0,0.0,1.0,0.5882352941176471,0.4117647058823529,-1
"F[0,1]((Alkalinephos <= 22.530 & Resp <= 21.052) -> Hct >= 4.130)
",-9999999.000,-9999999.000,0.000,0.000,1.000,15,0,0,11,26,0,15,11,0.5769230769230769,0.0,0.0,1.0,0.5882352941176471,0.4117647058823529,-1
"G[0,0]((BUN >= 0.123 | MAP >= 9.464) & BaseExcess <= 50.716)
",0.681,16.145,0.000,1.000,0.000,9,0,0,17,26,0,9,17,0.34615384615384615,0.0,0.0,1.0,0.35294117647058826,0.6470588235294117,1
"G[0,0]((Resp <= 22.282 & Hgb <= 4.102) -> MAP >= 0.649)
",-0.685,-35.472,0.000,1.000,0.000,9,0,0,17,26,0,9,17,0.34615384615384615,0.0,0.0,1.0,0.35294117647058826,0.6470588235294117,1
"G[1,1](((Phosphate <= 1.955 -> Resp <= 12.519) -> SepsisLabel >= 1.882) | SBP >= 6.441)
",1.882,1.882,0.000,1.000,0.000,8,0,1,17,25,1,9,17,0.32,0.0,1.0,0.8888888888888888,0.3137254901960784,0.6862745098039216,1
"((Potassium <= 4.069) U[0,0] (Resp <= 7.128))
",8025162034939818.000,7.128,0.000,0.000,1.000,8,0,0,18,26,0,8,18,0.3076923076923077,0.0,0.0,1.0,0.3137254901960784,0.6862745098039216,-1
"((MAP >= 22.798) U[0,0] (SBP <= 94.970))
",13.195,96.056,0.000,0.000,1.000,8,0,0,18,26,0,8,18,0.3076923076923077,0.0,0.0,1.0,0.3137254901960784,0.6862745098039216,-1
"((Platelets <= 181.955) U[1,1] (SBP <= 76.022))
",181.955,181.955,0.000,0.000,1.000,8,0,0,18,26,0,8,18,0.3076923076923077,0.0,0.0,1.0,0.3137254901960784,0.6862745098039216,-1
"F[0,0](Lactate <= 0.000 & O2Sat <= 88.859)
",-0.295,-7.760,0.000,0.000,1.000,8,0,0,18,26,0,8,18,0.3076923076923077,0.0,0.0,1.0,0.3137254901960784,0.6862745098039216,-1
"F[1,1](((Chloride <= 8.888 -> Resp <= 15.930) | Magnesium >= 4.942) | Alkalinephos >= 5.763)
",-4.942,-4.942,0.000,0.000,1.000,7,0,0,19,26,0,7,19,0.2692307692307692,0.0,0.0,1.0,0.27450980392156865,0.7254901960784313,-1
"F[0,1](Resp <= 10.600 & SepsisLabel = 0.000)
",-9999999.000,-9999999.000,0.000,0.000,1.000,7,0,0,19,26,0,7,19,0.2692307692307692,0.0,0.0,1.0,0.27450980392156865,0.7254901960784313,-1
"((MAP >= 16.432) U[0,1] (SBP <= 95.442))
",-9999999.000,-9999999.000,0.000,0.000,1.000,7,0,0,19,26,0,7,19,0.2692307692307692,0.0,0.0,1.0,0.27450980392156865,0.7254901960784313,-1
"F[1,1](((Hgb >= 0.002 & BUN >= 0.588) | Resp >= 0.271) -> Alkalinephos >= 0.454)
",0.271,0.271,0.000,0.000,1.000,7,0,0,19,26,0,7,19,0.2692307692307692,0.0,0.0,1.0,0.27450980392156865,0.7254901960784313,-1
"G[0,1](HR <= 76.638 -> HR >= 5.878)
",9999999.000,9999999.000,0.000,1.000,0.000,7,0,0,19,26,0,7,19,0.2692307692307692,0.0,0.0,1.0,0.27450980392156865,0.7254901960784313,1
"G[0,1](((Bilirubin_direct >= 0.000 | AST >= 3.427) | Hct <= 13.662) & SBP >= 0.605)
",9999999.000,9999999.000,0.000,1.000,0.000,7,0,0,19,26,0,7,19,0.2692307692307692,0.0,0.0,1.0,0.27450980392156865,0.7254901960784313,1
"G[0,1](((SBP <= 65.238 & WBC <= 5.073) -> FiO2 >= 0.239) & SepsisLabel <= 3.798)
",9999999.000,9999999.000,0.000,1.000,0.000,7,0,0,19,26,0,7,19,0.2692307692307692,0.0,0.0,1.0,0.27450980392156865,0.7254901960784313,1
"G[0,1](HR <= 48.522 -> SBP >= 22.668)
",9999999.000,9999999.000,0.000,1.000,0.000,7,0,0,19,26,0,7,19,0.2692307692307692,0.0,0.0,1.0,0.27450980392156865,0.7254901960784313,1
"F[0,1](Creatinine >= 0.031 | HR <= 58.426)
",-9999999.000,-9999999.000,0.000,0.000,1.000,6,0,0,20,26,0,6,20,0.23076923076923078,0.0,0.0,1.0,0.23529411764705882,0.7647058823529411,-1
"F[0,1]((MAP >= 18.767 | SepsisLabel <= 0.000) & O2Sat <= 0.000)
",-9999999.000,-9999999.000,0.000,0.000,1.000,6,0,0,20,26,0,6,20,0.23076923076923078,0.0,0.0,1.0,0.23529411764705882,0.7647058823529411,-1
"F[1,1]((Hct >= 0.479 | SBP <= 103.830) & Lactate <= 117.562)
",103.830,103.830,0.000,0.000,1.000,5,0,0,21,26,0,5,21,0.19230769230769232,0.0,0.0,1.0,0.19607843137254902,0.803921568627451,-1
"F[0,1](HCO3 >= 0.558 | O2Sat <= 83.631)
",-9999999.000,-9999999.000,0.000,0.000,1.000,5,0,0,21,26,0,5,21,0.19230769230769232,0.0,0.0,1.0,0.19607843137254902,0.803921568627451,-1
"((MAP >= 27.496) U[0,1] (SBP <= 102.152))
",-9999999.000,-9999999.000,0.000,0.000,1.000,5,0,0,21,26,0,5,21,0.19230769230769232,0.0,0.0,1.0,0.19607843137254902,0.803921568627451,-1
"F[0,1]((Creatinine >= 0.039 | O2Sat <= 52.550) | Fibrinogen >= 22.500)
",-9999999.000,-9999999.000,0.000,0.000,1.000,5,0,0,21,26,0,5,21,0.19230769230769232,0.0,0.0,1.0,0.19607843137254902,0.803921568627451,-1
"F[0,0](FiO2 >= 0.000 & Temp <= 19.990)
",-0.554,-19.564,0.000,0.000,1.000,4,0,0,22,26,0,4,22,0.15384615384615385,0.0,0.0,1.0,0.1568627450980392,0.8431372549019608,-1
"F[0,1](((SBP <= 90.062 | Temp >= 3.501) & BUN <= 14.591) & EtCO2 <= 8.537)
",-9999999.000,-9999999.000,0.000,0.000,1.000,4,0,0,22,26,0,4,22,0.15384615384615385,0.0,0.0,1.0,0.1568627450980392,0.8431372549019608,-1
"((MAP >= 14.153) U[0,1] (SBP <= 118.593))
",-9999999.000,-9999999.000,0.000,0.000,1.000,3,0,0,23,26,0,3,23,0.11538461538461539,0.0,0.0,1.0,0.11764705882352941,0.8823529411764706,-1
"F[1,1](((Calcium < 7.967 & Potassium < 1.811) & Magnesium < 0.906) & Phosphate < 1.800)
",8163144092500790.000,0.906,0.000,0.000,1.000,2,0,0,24,26,0,2,24,0.07692307692307693,0.0,0.0,1.0,0.0784313725490196,0.9215686274509804,-1
"F[1,1](((Calcium < 3.714 & Potassium < 2.502) & Magnesium < 1.709) & Phosphate < 3.724)
",7697383651162623.000,1.709,0.000,0.000,1.000,2,0,0,24,26,0,2,24,0.07692307692307693,0.0,0.0,1.0,0.0784313725490196,0.9215686274509804,-1
"F[1,1]((Phosphate >= 0.186 & Magnesium > 0.025) -> Calcium < 8.998)
",-5065253022854932.000,-8.998,0.000,0.000,1.000,2,0,0,24,26,0,2,24,0.07692307692307693,0.0,0.0,1.0,0.0784313725490196,0.9215686274509804,-1
"G[1,1]((HR <= 67.994 | Phosphate <= 0.735) -> Alkalinephos >= 0.158)
",-67.994,-67.994,0.000,1.000,0.000,2,0,1,23,25,1,3,23,0.08,0.0,1.0,0.6666666666666666,0.0784313725490196,0.9215686274509804,1
"G[1,1](((Hgb <= 13.559 | Hct <= 34.490) -> WBC >= 0.209) & Platelets >= 8.736)
",-34.490,-34.490,0.000,1.000,0.000,2,0,1,23,25,1,3,23,0.08,0.0,1.0,0.6666666666666666,0.0784313725490196,0.9215686274509804,1
"G[1,1](((Hgb <= 1.348 | Hct <= 7.455) -> WBC >= 0.195) & Platelets >= 15.828)
",-8910568392473825.000,-15.828,0.000,1.000,0.000,2,0,1,23,25,1,3,23,0.08,0.0,1.0,0.6666666666666666,0.0784313725490196,0.9215686274509804,1
"G[1,1](Chloride >= 0.114 & HCO3 >= 1.408)
",-1.408,-1.408,0.000,1.000,0.000,2,0,1,23,25,1,3,23,0.08,0.0,1.0,0.6666666666666666,0.0784313725490196,0.9215686274509804,1
"G[1,1]((Platelets <= 197.044 -> Resp <= 20.224) & PTT >= 2.359)
",-197.044,-197.044,0.000,1.000,0.000,2,0,1,23,25,1,3,23,0.08,0.0,1.0,0.6666666666666666,0.0784313725490196,0.9215686274509804,1
"G[1,1](Chloride >= 0.477 & HCO3 >= 1.290)
",-5810037319913887.000,-1.290,0.000,1.000,0.000,2,0,1,23,25,1,3,23,0.08,0.0,1.0,0.6666666666666666,0.0784313725490196,0.9215686274509804,1
"F[1,1](Hgb <= 11.083 | Hct <= 26.382)
",26.382,26.382,0.000,0.000,1.000,2,0,0,24,26,0,2,24,0.07692307692307693,0.0,0.0,1.0,0.0784313725490196,0.9215686274509804,-1
"F[1,1](Platelets <= 58.499 & PTT <= 18.794)
",18.794,18.794,0.000,0.000,1.000,2,0,0,24,26,0,2,24,0.07692307692307693,0.0,0.0,1.0,0.0784313725490196,0.9215686274509804,-1
"((pH >= 0.000) U[0,1] (MAP <= 100.951))
",-9999999.000,-9999999.000,0.000,0.000,1.000,2,0,0,24,26,0,2,24,0.07692307692307693,0.0,0.0,1.0,0.0784313725490196,0.9215686274509804,-1
"F[1,1](Phosphate <= 2.427 & SaO2 <= 0.000)
",0.000,0.000,0.000,0.000,1.000,2,0,0,24,26,0,2,24,0.07692307692307693,0.0,0.0,1.0,0.0784313725490196,0.9215686274509804,-1
"G[1,1](Temp >= 1.441 & SepsisLabel = 0.000)
",-1.441,-1.441,0.000,1.000,0.000,1,0,1,24,25,1,2,24,0.04,0.0,1.0,0.5,0.0392156862745098,0.9607843137254902,1
"G[0,0](Platelets <= 57.804 -> WBC >= 0.256)
",-8135190698623295.000,-57.804,0.000,1.000,0.000,1,0,0,25,26,0,1,25,0.038461538461538464,0.0,0.0,1.0,0.0392156862745098,0.9607843137254902,1
"G[1,1](BUN <= 9.970 & Creatinine >= 0.015)
",-0.015,-0.015,0.000,1.000,0.000,1,0,1,24,25,1,2,24,0.04,0.0,1.0,0.5,0.0392156862745098,0.9607843137254902,1
"G[0,0](TroponinI <= 0.000 & Platelets >= 12.303)
",-6925782845254404.000,-12.303,0.000,1.000,0.000,1,0,0,25,26,0,1,25,0.038461538461538464,0.0,0.0,1.0,0.0392156862745098,0.9607843137254902,1
"G[0,0](Magnesium <= 1.263 -> Platelets >= 7.086)
",-1.263,-1.263,0.000,1.000,0.000,1,0,0,25,26,0,1,25,0.038461538461538464,0.0,0.0,1.0,0.0392156862745098,0.9607843137254902,1
"G[0,0](Chloride >= 5.862 & HCO3 >= 0.207)
",-3.526,-5.409,0.000,1.000,0.000,1,0,0,25,26,0,1,25,0.038461538461538464,0.0,0.0,1.0,0.0392156862745098,0.9607843137254902,1
"G[0,0](Platelets <= 33.013 -> WBC >= 0.287)
",-33.013,-33.013,0.000,1.000,0.000,1,0,0,25,26,0,1,25,0.038461538461538464,0.0,0.0,1.0,0.0392156862745098,0.9607843137254902,1
"G[0,0](((Fibrinogen <= 0.000 | HR <= 42.874) -> Hgb >= 22.581) | Chloride >= 11.591)
",-0.295,-0.167,0.000,1.000,0.000,1,0,0,25,26,0,1,25,0.038461538461538464,0.0,0.0,1.0,0.0392156862745098,0.9607843137254902,1
"G[0,0](Hct >= 2.604 & pH <= 0.000)
",-2.604,-2.604,0.000,1.000,0.000,1,0,0,25,26,0,1,25,0.038461538461538464,0.0,0.0,1.0,0.0392156862745098,0.9607843137254902,1
"G[0,0](((Hgb <= 13.758 | Hct <= 31.405) -> WBC >= 0.291) & Platelets >= 12.636)
",-8839604945038659.000,-31.405,0.000,1.000,0.000,1,0,0,25,26,0,1,25,0.038461538461538464,0.0,0.0,1.0,0.0392156862745098,0.9607843137254902,1
"((Platelets <= 242.129) U[1,2] (SepsisLabel = 0.000))
",-9999999.000,-9999999.000,0.000,0.000,1.000,1,0,0,25,26,0,1,25,0.038461538461538464,0.0,0.0,1.0,0.0392156862745098,0.9607843137254902,-1
"F[0,0](((Hgb >= 0.814 & Calcium <= 7.458) -> Calcium <= 2.926) -> BUN <= 2.907)
",-0.240,-19.653,0.000,0.000,1.000,1,0,0,25,26,0,1,25,0.038461538461538464,0.0,0.0,1.0,0.0392156862745098,0.9607843137254902,-1
"((Hgb <= 14.191) U[1,1] (pH >= 0.000))
",14.191,14.191,0.000,0.000,1.000,1,0,0,25,26,0,1,25,0.038461538461538464,0.0,0.0,1.0,0.0392156862745098,0.9607843137254902,-1
"F[0,0]((Phosphate <= 2.978 & AST <= 49.464) & HCO3 <= 133.171)
",5.954,2.838,0.000,0.000,1.000,1,0,0,25,26,0,1,25,0.038461538461538464,0.0,0.0,1.0,0.0392156862745098,0.9607843137254902,-1
"((Calcium <= 2.399) U[1,2] (Resp <= 24.722))
",-9999999.000,-9999999.000,0.000,0.000,1.000,1,0,0,25,26,0,1,25,0.038461538461538464,0.0,0.0,1.0,0.0392156862745098,0.9607843137254902,-1
"((AST >= 2.121) U[0,0] (Potassium <= 1.738))
",1.536,1.458,0.000,0.000,1.000,1,0,0,25,26,0,1,25,0.038461538461538464,0.0,0.0,1.0,0.0392156862745098,0.9607843137254902,-1
"((Chloride <= 73.577) U[1,2] (Temp >= 1.728))
",-9999999.000,-9999999.000,0.000,0.000,1.000,1,0,0,25,26,0,1,25,0.038461538461538464,0.0,0.0,1.0,0.0392156862745098,0.9607843137254902,-1
"((PTT <= 17.043) U[1,1] (SepsisLabel = 0.000))
",17.043,17.043,0.000,0.000,1.000,1,0,0,25,26,0,1,25,0.038461538461538464,0.0,0.0,1.0,0.0392156862745098,0.9607843137254902,-1
"((PTT <= 16.988) U[1,2] (HCO3 <= 14.428))
",-9999999.000,-9999999.000,0.000,0.000,1.000,1,0,0,25,26,0,1,25,0.038461538461538464,0.0,0.0,1.0,0.0392156862745098,0.9607843137254902,-1
"((PTT <= 5.054) U[1,1] (SepsisLabel = 0.000))
",5.054,5.054,0.000,0.000,1.000,1,0,0,25,26,0,1,25,0.038461538461538464,0.0,0.0,1.0,0.0392156862745098,0.9607843137254902,-1
"F[0,0]((Phosphate >= 0.141 & Magnesium > 0.009) -> Calcium < 2.715)
",-4.882,-2.606,0.000,0.000,1.000,1,0,0,25,26,0,1,25,0.038461538461538464,0.0,0.0,1.0,0.0392156862745098,0.9607843137254902,-1
"((BUN <= 9.525) U[1,2] (Hgb <= 5.256))
",-9999999.000,-9999999.000,0.000,0.000,1.000,1,0,0,25,26,0,1,25,0.038461538461538464,0.0,0.0,1.0,0.0392156862745098,0.9607843137254902,-1
"F[0,0]((Phosphate >= 0.071 & Magnesium > 0.089) -> Calcium < 6.659)
",-4.831,-6.389,0.000,0.000,1.000,1,0,0,25,26,0,1,25,0.038461538461538464,0.0,0.0,1.0,0.0392156862745098,0.9607843137254902,-1
"F[0,0](((Calcium < 8.645 & Potassium < 0.809) & Magnesium < 1.979) & Phosphate < 1.205)
",-0.196,-16.178,0.000,0.000,1.000,1,0,0,25,26,0,1,25,0.038461538461538464,0.0,0.0,1.0,0.0392156862745098,0.9607843137254902,-1
"F[1,1](((HR >= 17.953 -> Hgb >= 0.214) -> MAP <= 12.291) | SaO2 >= 0.124)
",-0.124,-0.124,0.000,0.000,1.000,1,0,0,25,26,0,1,25,0.038461538461538464,0.0,0.0,1.0,0.0392156862745098,0.9607843137254902,-1
"((HR >= 15.786) U[1,2] (Platelets >= 9.726))
",-9999999.000,-9999999.000,0.000,0.000,1.000,1,0,0,25,26,0,1,25,0.038461538461538464,0.0,0.0,1.0,0.0392156862745098,0.9607843137254902,-1
"F[0,0](Glucose <= 78.905 & WBC <= 2.027)
",-0.028,-0.217,0.000,0.000,1.000,1,0,0,25,26,0,1,25,0.038461538461538464,0.0,0.0,1.0,0.0392156862745098,0.9607843137254902,-1
"F[0,0](((Hct >= 1.762 | Magnesium >= 0.013) & HR <= 0.700) -> Hct <= 1.447)
",-6518616722926532.000,-1.447,0.000,0.000,1.000,1,0,0,25,26,0,1,25,0.038461538461538464,0.0,0.0,1.0,0.0392156862745098,0.9607843137254902,-1
"((Bilirubin_total >= 0.024) U[0,0] (Hgb <= 3.571))
",31.699,3.603,0.000,0.000,1.000,1,0,0,25,26,0,1,25,0.038461538461538464,0.0,0.0,1.0,0.0392156862745098,0.9607843137254902,-1
"F[0,2](((pH >= 0.000 | MAP >= 26.006) | Glucose <= 41.145) & Potassium >= 20.582)
",-9999999.000,-9999999.000,0.000,0.000,1.000,0,0,0,26,26,0,0,26,0.0,0.0,0.0,0.0,0.0,1.0,-1
"F[1,2]((Magnesium >= 0.038 & Temp <= 34.811) -> Temp >= 2.604)
",-9999999.000,-9999999.000,0.000,0.000,1.000,0,0,0,26,26,0,0,26,0.0,0.0,0.0,0.0,0.0,1.0,-1
"F[0,1](((HR >= 0.971 & PaCO2 >= 0.000) -> O2Sat <= 0.000) -> Hgb <= 0.000)
",-9999999.000,-9999999.000,0.000,0.000,1.000,0,0,0,26,26,0,0,26,0.0,0.0,0.0,0.0,0.0,1.0,-1
"F[0,2](Hgb <= 6.363 | Hct <= 11.659)
",-9999999.000,-9999999.000,0.000,0.000,1.000,0,0,0,26,26,0,0,26,0.0,0.0,0.0,0.0,0.0,1.0,-1
"F[0,2](WBC <= 0.815 -> Temp >= 1.435)
",-9999999.000,-9999999.000,0.000,0.000,1.000,0,0,0,26,26,0,0,26,0.0,0.0,0.0,0.0,0.0,1.0,-1
"((Bilirubin_total <= 1.278) U[1,2] (Magnesium <= 0.851))
",-9999999.000,-9999999.000,0.000,0.000,1.000,0,0,0,26,26,0,0,26,0.0,0.0,0.0,0.0,0.0,1.0,-1
"F[1,2](((DBP >= 0.000 & FiO2 >= 0.000) | Fibrinogen <= 0.000) & SBP <= 0.000)
",-9999999.000,-9999999.000,0.000,0.000,1.000,0,0,0,26,26,0,0,26,0.0,0.0,0.0,0.0,0.0,1.0,-1
"F[0,2](((SaO2 <= 0.000 & PaCO2 <= 0.000) & FiO2 >= 0.000) -> SBP <= 0.000)
",-9999999.000,-9999999.000,0.000,0.000,1.000,0,0,0,26,26,0,0,26,0.0,0.0,0.0,0.0,0.0,1.0,-1
"F[0,2]((Calcium <= 9.319 & Potassium <= 3.735) & Magnesium >= 0.063)
",-9999999.000,-9999999.000,0.000,0.000,1.000,0,0,0,26,26,0,0,26,0.0,0.0,0.0,0.0,0.0,1.0,-1
"F[1,2]((PTT <= 20.069 -> O2Sat <= 54.696) | Alkalinephos >= 18.201)
",-9999999.000,-9999999.000,0.000,0.000,1.000,0,0,0,26,26,0,0,26,0.0,0.0,0.0,0.0,0.0,1.0,-1
"F[1,2](pH >= 0.000 & SepsisLabel = 0.000)
",-9999999.000,-9999999.000,0.000,0.000,1.000,0,0,0,26,26,0,0,26,0.0,0.0,0.0,0.0,0.0,1.0,-1
"F[1,2]((HR <= 40.895 | Calcium <= 4.620) | AST >= 0.302)
",-9999999.000,-9999999.000,0.000,0.000,1.000,0,0,0,26,26,0,0,26,0.0,0.0,0.0,0.0,0.0,1.0,-1
"F[2,2]((DBP >= 0.000 | Glucose >= 5.650) & Creatinine >= 6.543)
",-6.543,-6.543,0.000,0.000,1.000,0,0,0,26,26,0,0,26,0.0,0.0,0.0,0.0,0.0,1.0,-1
"((Creatinine <= 0.358) U[0,1] (Platelets <= 245.339))
",-9999999.000,-9999999.000,0.000,0.000,1.000,0,0,0,26,26,0,0,26,0.0,0.0,0.0,0.0,0.0,1.0,-1
"((BUN <= 7.094) U[2,2] (SepsisLabel = 0.000))
",7987571694905641.000,7.094,0.000,0.000,1.000,0,0,0,26,26,0,0,26,0.0,0.0,0.0,0.0,0.0,1.0,-1
"F[0,2]((PTT <= 27.523 -> O2Sat >= 18.131) & Potassium >= 21.208)
",-9999999.000,-9999999.000,0.000,0.000,1.000,0,0,0,26,26,0,0,26,0.0,0.0,0.0,0.0,0.0,1.0,-1
"F[1,2](Hgb <= 8.128 | Hct <= 25.824)
",-9999999.000,-9999999.000,0.000,0.000,1.000,0,0,0,26,26,0,0,26,0.0,0.0,0.0,0.0,0.0,1.0,-1
"F[1,2](((Temp >= 0.943 -> HCO3 >= 0.668) | Temp <= 26.991) | SepsisLabel <= 18.460)
",-9999999.000,-9999999.000,0.000,0.000,1.000,0,0,0,26,26,0,0,26,0.0,0.0,0.0,0.0,0.0,1.0,-1
"F[0,1](((Calcium < 4.845 & Potassium < 1.845) & Magnesium < 0.839) & Phosphate < 3.799)
",-9999999.000,-9999999.000,0.000,0.000,1.000,0,0,0,26,26,0,0,26,0.0,0.0,0.0,0.0,0.0,1.0,-1
"F[2,2](Potassium <= 1.190 | Chloride <= 55.098)
",55.098,55.098,0.000,0.000,1.000,0,0,0,26,26,0,0,26,0.0,0.0,0.0,0.0,0.0,1.0,-1
"((TroponinI >= 0.000) U[0,0] (SepsisLabel >= 0.000))
",0.294,21.840,0.000,0.000,1.000,0,0,0,26,26,0,0,26,0.0,0.0,0.0,0.0,0.0,1.0,-1
"F[0,1]((Glucose >= 1.694 -> Glucose <= 96.717) & Hct <= 31.353)
",-9999999.000,-9999999.000,0.000,0.000,1.000,0,0,0,26,26,0,0,26,0.0,0.0,0.0,0.0,0.0,1.0,-1
"((FiO2 >= 0.000) U[0,1] (SaO2 >= 0.000))
",-9999999.000,-9999999.000,0.000,0.000,1.000,0,0,0,26,26,0,0,26,0.0,0.0,0.0,0.0,0.0,1.0,-1
"F[0,0]((MAP >= 13.950 | Magnesium <= 1.710) | TroponinI <= 0.301)
",0.651,30.405,0.000,0.000,1.000,0,0,0,26,26,0,0,26,0.0,0.0,0.0,0.0,0.0,1.0,-1
"F[0,1](((Hgb >= 0.415 & HR >= 2.591) -> Phosphate <= 77.512) & Creatinine <= 42.438)
",-9999999.000,-9999999.000,0.000,0.000,1.000,0,0,0,26,26,0,0,26,0.0,0.0,0.0,0.0,0.0,1.0,-1
"((O2Sat > 24.268) U[0,2] (SepsisLabel = 0.000))
",-9999999.000,-9999999.000,0.000,0.000,1.000,0,0,0,26,26,0,0,26,0.0,0.0,0.0,0.0,0.0,1.0,-1
"((pH <= 0.000) U[1,2] (Creatinine <= 0.326))
",-9999999.000,-9999999.000,0.000,0.000,1.000,0,0,0,26,26,0,0,26,0.0,0.0,0.0,0.0,0.0,1.0,-1
"F[2,2](((Calcium < 4.144 & Potassium < 2.168) & Magnesium < 1.965) & Phosphate < 1.077)
",1.077,1.077,0.000,0.000,1.000,0,0,0,26,26,0,0,26,0.0,0.0,0.0,0.0,0.0,1.0,-1
"F[0,2](((FiO2 <= 0.000 | HCO3 <= 12.630) -> Creatinine >= 1.236) & Platelets >= 0.312)
",-9999999.000,-9999999.000,0.000,0.000,1.000,0,0,0,26,26,0,0,26,0.0,0.0,0.0,0.0,0.0,1.0,-1
"F[0,2](((Glucose <= 65.746 | DBP >= 0.000) | Phosphate <= 0.000) | TroponinI >= 0.000)
",-9999999.000,-9999999.000,0.000,0.000,1.000,0,0,0,26,26,0,0,26,0.0,0.0,0.0,0.0,0.0,1.0,-1
"F[2,2](((Hct >= 1.752 & BUN <= 9.046) & PTT >= 0.266) -> Bilirubin_total <= 10.727)
",-10.727,-10.727,0.000,0.000,1.000,0,0,0,26,26,0,0,26,0.0,0.0,0.0,0.0,0.0,1.0,-1
"F[0,1]((Creatinine >= 0.030 & Lactate >= 0.000) -> AST >= 0.000)
",-9999999.000,-9999999.000,0.000,0.000,1.000,0,0,0,26,26,0,0,26,0.0,0.0,0.0,0.0,0.0,1.0,-1
"F[1,2]((Alkalinephos <= 339.584 -> Bilirubin_total >= 0.008) & Alkalinephos <= 0.966)
",-9999999.000,-9999999.000,0.000,0.000,1.000,0,0,0,26,26,0,0,26,0.0,0.0,0.0,0.0,0.0,1.0,-1
"F[0,1](((Platelets >= 0.294 | EtCO2 >= 0.000) | Hgb <= 0.000) | Glucose <= 0.000)
",-9999999.000,-9999999.000,0.000,0.000,1.000,0,0,0,26,26,0,0,26,0.0,0.0,0.0,0.0,0.0,1.0,-1
"((O2Sat > 3.995) U[0,2] (SepsisLabel = 0.000))
",-9999999.000,-9999999.000,0.000,0.000,1.000,0,0,0,26,26,0,0,26,0.0,0.0,0.0,0.0,0.0,1.0,-1
"F[0,0](((O2Sat <= 47.224 -> MAP <= 102.189) -> HCO3 >= 26.898) | Platelets <= 47.137)
",6633918348505491.000,47.137,0.000,0.000,1.000,0,0,0,26,26,0,0,26,0.0,0.0,0.0,0.0,0.0,1.0,-1
"F[0,1](((Hgb >= 0.253 & Platelets >= 4.811) & SBP >= 13.034) -> Calcium <= 22.204)
",-9999999.000,-9999999.000,0.000,0.000,1.000,0,0,0,26,26,0,0,26,0.0,0.0,0.0,0.0,0.0,1.0,-1
"F[0,2](HR <= 78.389 & DBP >= 0.000)
",-9999999.000,-9999999.000,0.000,0.000,1.000,0,0,0,26,26,0,0,26,0.0,0.0,0.0,0.0,0.0,1.0,-1
"F[1,2]((Phosphate >= 0.173 & Magnesium > 0.055) -> Calcium < 7.143)
",-9999999.000,-9999999.000,0.000,0.000,1.000,0,0,0,26,26,0,0,26,0.0,0.0,0.0,0.0,0.0,1.0,-1
"F[0,2]((Phosphate <= 3.640 -> FiO2 <= 0.000) & BaseExcess <= 0.000)
",-9999999.000,-9999999.000,0.000,0.000,1.000,0,0,0,26,26,0,0,26,0.0,0.0,0.0,0.0,0.0,1.0,-1
"F[0,2](BUN <= 3.771 -> SepsisLabel = 0.000)
",-9999999.000,-9999999.000,0.000,0.000,1.000,0,0,0,26,26,0,0,26,0.0,0.0,0.0,0.0,0.0,1.0,-1
"F[0,0]((Bilirubin_direct >= 0.000 & Bilirubin_direct >= 0.000) -> SepsisLabel <= 0.000)
",-0.294,-0.060,0.000,0.000,1.000,0,0,0,26,26,0,0,26,0.0,0.0,0.0,0.0,0.0,1.0,-1
"F[1,1](((Calcium <= 6.627 -> HCO3 <= 16.751) | HCO3 <= 11.293) | MAP >= 0.078)
",11.293,11.293,0.000,0.000,1.000,0,0,0,26,26,0,0,26,0.0,0.0,0.0,0.0,0.0,1.0,-1
"F[2,2]((Hct >= 1.364 & Hgb >= 0.073) -> WBC >= 0.103)
",7390889812217021.000,0.103,0.000,0.000,1.000,0,0,0,26,26,0,0,26,0.0,0.0,0.0,0.0,0.0,1.0,-1
"F[0,2]((Alkalinephos >= 14.370 & Temp <= 33.535) -> BaseExcess <= 15.699)
",-9999999.000,-9999999.000,0.000,0.000,1.000,0,0,0,26,26,0,0,26,0.0,0.0,0.0,0.0,0.0,1.0,-1
"((Glucose >= 1.492) U[0,2] (Chloride <= 78.427))
",-9999999.000,-9999999.000,0.000,0.000,1.000,0,0,0,26,26,0,0,26,0.0,0.0,0.0,0.0,0.0,1.0,-1
"((Phosphate >= 0.091) U[0,2] (O2Sat >= 10.801))
",-9999999.000,-9999999.000,0.000,0.000,1.000,0,0,0,26,26,0,0,26,0.0,0.0,0.0,0.0,0.0,1.0,-1
"F[0,1]((Chloride >= 4.697 | Hgb >= 0.302) -> PaCO2 >= 0.319)
",-9999999.000,-9999999.000,0.000,0.000,1.000,0,0,0,26,26,0,0,26,0.0,0.0,0.0,0.0,0.0,1.0,-1
"F[2,2]((AST <= 110.039 -> Resp <= 7.150) | Resp <= 15.474)
",8711223435052982.000,15.474,0.000,0.000,1.000,0,0,0,26,26,0,0,26,0.0,0.0,0.0,0.0,0.0,1.0,-1
"F[2,2](FiO2 <= 0.000 | SepsisLabel >= 0.000)
",0.000,0.000,0.000,0.000,1.000,0,0,0,26,26,0,0,26,0.0,0.0,0.0,0.0,0.0,1.0,-1
"F[1,2](((HCO3 >= 0.395 & Resp <= 23.085) -> Platelets >= 1.368) -> SaO2 >= 4.762)
",-9999999.000,-9999999.000,0.000,0.000,1.000,0,0,0,26,26,0,0,26,0.0,0.0,0.0,0.0,0.0,1.0,-1
"((HR >= 17.943) U[0,1] (AST <= 71.568))
",-9999999.000,-9999999.000,0.000,0.000,1.000,0,0,0,26,26,0,0,26,0.0,0.0,0.0,0.0,0.0,1.0,-1
"((EtCO2 <= 0.000) U[1,1] (SepsisLabel = 0.000))
",0.000,0.000,0.000,0.000,1.000,0,0,0,26,26,0,0,26,0.0,0.0,0.0,0.0,0.0,1.0,-1
"F[0,2](DBP <= 0.000 | WBC <= 3.736)
",-9999999.000,-9999999.000,0.000,0.000,1.000,0,0,0,26,26,0,0,26,0.0,0.0,0.0,0.0,0.0,1.0,-1
"F[0,0](Creatinine <= 0.057 | pH <= 0.000)
",3.391,0.052,0.000,0.000,1.000,0,0,0,26,26,0,0,26,0.0,0.0,0.0,0.0,0.0,1.0,-1
"F[0,1](BaseExcess >= 0.000 & Bilirubin_total <= 0.829)
",-9999999.000,-9999999.000,0.000,0.000,1.000,0,0,0,26,26,0,0,26,0.0,0.0,0.0,0.0,0.0,1.0,-1
"F[1,2](((BUN >= 0.407 & DBP <= 0.000) -> Magnesium <= 0.000) | SaO2 <= 0.000)
",-9999999.000,-9999999.000,0.000,0.000,1.000,0,0,0,26,26,0,0,26,0.0,0.0,0.0,0.0,0.0,1.0,-1
"F[0,2](((Calcium < 3.320 & Potassium < 1.249) & Magnesium < 1.249) & Phosphate < 0.378)
",-9999999.000,-9999999.000,0.000,0.000,1.000,0,0,0,26,26,0,0,26,0.0,0.0,0.0,0.0,0.0,1.0,-1
"F[2,2](Hgb <= 14.404 | Hct <= 39.650)
",39.650,39.650,0.000,0.000,1.000,0,0,0,26,26,0,0,26,0.0,0.0,0.0,0.0,0.0,1.0,-1
"F[1,2]((Creatinine >= 0.002 & Calcium <= 2.170) -> Resp <= 7.417)
",-9999999.000,-9999999.000,0.000,0.000,1.000,0,0,0,26,26,0,0,26,0.0,0.0,0.0,0.0,0.0,1.0,-1
"F[0,0](DBP <= 0.000 & SepsisLabel = 0.000)
",-0.598,-46.466,0.000,0.000,1.000,0,0,0,26,26,0,0,26,0.0,0.0,0.0,0.0,0.0,1.0,-1
"F[1,2](BUN >= 0.117 -> DBP >= 0.000)
",-9999999.000,-9999999.000,0.000,0.000,1.000,0,0,0,26,26,0,0,26,0.0,0.0,0.0,0.0,0.0,1.0,-1
"((PaCO2 <= 0.000) U[0,1] (SepsisLabel = 0.000))
",-9999999.000,-9999999.000,0.000,0.000,1.000,0,0,0,26,26,0,0,26,0.0,0.0,0.0,0.0,0.0,1.0,-1
"F[1,2]((Hgb >= 0.908 | Resp <= 8.483) -> WBC <= 10.774)
",-9999999.000,-9999999.000,0.000,0.000,1.000,0,0,0,26,26,0,0,26,0.0,0.0,0.0,0.0,0.0,1.0,-1
"F[1,2]((Hct >= 1.036 -> SBP >= 7.403) & WBC <= 42.752)
",-9999999.000,-9999999.000,0.000,0.000,1.000,0,0,0,26,26,0,0,26,0.0,0.0,0.0,0.0,0.0,1.0,-1
"((Phosphate > 0.024) U[0,1] (SepsisLabel = 0.000))
",-9999999.000,-9999999.000,0.000,0.000,1.000,0,0,0,26,26,0,0,26,0.0,0.0,0.0,0.0,0.0,1.0,-1
"((HCO3 > 1.268) U[0,0] (SepsisLabel = 0.000))
",-0.295,-0.101,0.000,0.000,1.000,0,0,0,26,26,0,0,26,0.0,0.0,0.0,0.0,0.0,1.0,-1
"F[1,2]((Phosphate >= 0.104 & Magnesium > 0.075) -> Calcium < 6.621)
",-9999999.000,-9999999.000,0.000,0.000,1.000,0,0,0,26,26,0,0,26,0.0,0.0,0.0,0.0,0.0,1.0,-1
"F[1,2](Hgb <= 7.198 | Hct <= 16.416)
",-9999999.000,-9999999.000,0.000,0.000,1.000,0,0,0,26,26,0,0,26,0.0,0.0,0.0,0.0,0.0,1.0,-1
"F[1,2](Chloride <= 66.397 & SBP >= 22.671)
",-9999999.000,-9999999.000,0.000,0.000,1.000,0,0,0,26,26,0,0,26,0.0,0.0,0.0,0.0,0.0,1.0,-1
"F[1,2](Potassium <= 0.423 | SBP <= 112.948)
",-9999999.000,-9999999.000,0.000,0.000,1.000,0,0,0,26,26,0,0,26,0.0,0.0,0.0,0.0,0.0,1.0,-1
"F[1,2](Hct >= 2.092 -> Resp >= 1.507)
",-9999999.000,-9999999.000,0.000,0.000,1.000,0,0,0,26,26,0,0,26,0.0,0.0,0.0,0.0,0.0,1.0,-1
"F[0,2](((Hgb >= 0.041 | HR <= 32.829) & BaseExcess >= 4.652) -> SepsisLabel >= 2.991)
",-9999999.000,-9999999.000,0.000,0.000,1.000,0,0,0,26,26,0,0,26,0.0,0.0,0.0,0.0,0.0,1.0,-1
"F[0,2](PTT < 4.428 & SepsisLabel = 0.000)
",-9999999.000,-9999999.000,0.000,0.000,1.000,0,0,0,26,26,0,0,26,0.0,0.0,0.0,0.0,0.0,1.0,-1
"F[1,2](DBP >= 0.000 & SepsisLabel = 0.000)
",-9999999.000,-9999999.000,0.000,0.000,1.000,0,0,0,26,26,0,0,26,0.0,0.0,0.0,0.0,0.0,1.0,-1
"F[0,2]((HR >= 5.704 & PTT >= 1.450) | Potassium >= 0.253)
",-9999999.000,-9999999.000,0.000,0.000,1.000,0,0,0,26,26,0,0,26,0.0,0.0,0.0,0.0,0.0,1.0,-1
"F[1,2]((BUN >= 0.265 & SBP >= 33.680) -> Alkalinephos >= 1.512)
",-9999999.000,-9999999.000,0.000,0.000,1.000,0,0,0,26,26,0,0,26,0.0,0.0,0.0,0.0,0.0,1.0,-1
"F[1,2](Creatinine >= 0.008 | SBP >= 36.876)
",-9999999.000,-9999999.000,0.000,0.000,1.000,0,0,0,26,26,0,0,26,0.0,0.0,0.0,0.0,0.0,1.0,-1
"F[1,2](((Calcium < 4.849 & Potassium < 3.354) & Magnesium < 0.812) & Phosphate < 3.847)
",-9999999.000,-9999999.000,0.000,0.000,1.000,0,0,0,26,26,0,0,26,0.0,0.0,0.0,0.0,0.0,1.0,-1
"F[1,2](Hgb <= 5.422 | MAP >= 20.190)
",-9999999.000,-9999999.000,0.000,0.000,1.000,0,0,0,26,26,0,0,26,0.0,0.0,0.0,0.0,0.0,1.0,-1
"F[1,2]((Chloride <= 66.474 | MAP <= 100.408) -> O2Sat <= 95.726)
",-9999999.000,-9999999.000,0.000,0.000,1.000,0,0,0,26,26,0,0,26,0.0,0.0,0.0,0.0,0.0,1.0,-1
"F[2,2]((MAP >= 6.462 & PTT >= 0.212) | SepsisLabel <= 24.371)
",24.371,24.371,0.000,0.000,1.000,0,0,0,26,26,0,0,26,0.0,0.0,0.0,0.0,0.0,1.0,-1
"((PTT <= 6.166) U[1,2] (WBC >= 0.229))
",-9999999.000,-9999999.000,0.000,0.000,1.000,0,0,0,26,26,0,0,26,0.0,0.0,0.0,0.0,0.0,1.0,-1
"((Magnesium <= 1.963) U[1,2] (Potassium >= 0.010))
",-9999999.000,-9999999.000,0.000,0.000,1.000,0,0,0,26,26,0,0,26,0.0,0.0,0.0,0.0,0.0,1.0,-1
"F[1,1](((HCO3 >= 0.160 & PTT >= 1.387) -> AST >= 0.337) | Hct <= 26.872)
",26.872,26.872,0.000,0.000,1.000,0,0,0,26,26,0,0,26,0.0,0.0,0.0,0.0,0.0,1.0,-1
"((Magnesium >= 0.057) U[0,2] (WBC >= 0.180))
",-9999999.000,-9999999.000,0.000,0.000,1.000,0,0,0,26,26,0,0,26,0.0,0.0,0.0,0.0,0.0,1.0,-1
"((Chloride <= 64.818) U[1,2] (HCO3 >= 1.040))
",-9999999.000,-9999999.000,0.000,0.000,1.000,0,0,0,26,26,0,0,26,0.0,0.0,0.0,0.0,0.0,1.0,-1
"F[0,2](BUN >= 0.046 & Creatinine >= 0.041)
",-9999999.000,-9999999.000,0.000,0.000,1.000,0,0,0,26,26,0,0,26,0.0,0.0,0.0,0.0,0.0,1.0,-1
"F[0,0](((Magnesium >= 0.044 & PTT <= 22.453) | AST <= 5.495) | O2Sat >= 0.721)
",0.800,24.754,0.000,0.000,1.000,0,0,0,26,26,0,0,26,0.0,0.0,0.0,0.0,0.0,1.0,-1
"F[1,2](((Potassium <= 3.983 | WBC >= 0.181) -> Temp >= 0.135) -> Potassium >= 0.030)
",-9999999.000,-9999999.000,0.000,0.000,1.000,0,0,0,26,26,0,0,26,0.0,0.0,0.0,0.0,0.0,1.0,-1
"F[0,2](Hct >= 1.079 | WBC >= 0.191)
",-9999999.000,-9999999.000,0.000,0.000,1.000,0,0,0,26,26,0,0,26,0.0,0.0,0.0,0.0,0.0,1.0,-1
"F[2,2](Hgb <= 3.830 | Hct <= 40.919)
",5758846198689260.000,40.919,0.000,0.000,1.000,0,0,0,26,26,0,0,26,0.0,0.0,0.0,0.0,0.0,1.0,-1
"F[1,2](BUN <= 11.167 & Platelets <= 233.438)
",-9999999.000,-9999999.000,0.000,0.000,1.000,0,0,0,26,26,0,0,26,0.0,0.0,0.0,0.0,0.0,1.0,-1
"F[0,1]((BUN <= 10.717 -> WBC <= 1.803) | BUN >= 0.077)
",-9999999.000,-9999999.000,0.000,0.000,1.000,0,0,0,26,26,0,0,26,0.0,0.0,0.0,0.0,0.0,1.0,-1
"F[1,1](((BUN <= 12.564 | Calcium <= 7.515) -> Magnesium <= 8.355) & PaCO2 <= 8.570)
",-7072870257156621.000,-12.564,0.000,0.000,1.000,0,0,0,26,26,0,0,26,0.0,0.0,0.0,0.0,0.0,1.0,-1
"F[1,2]((O2Sat >= 24.183 | Temp >= 0.406) -> Resp >= 0.598)
",-9999999.000,-9999999.000,0.000,0.000,1.000,0,0,0,26,26,0,0,26,0.0,0.0,0.0,0.0,0.0,1.0,-1
"F[0,2]((Resp >= 2.069 | Temp >= 0.172) & PaCO2 <= 18.942)
",-9999999.000,-9999999.000,0.000,0.000,1.000,0,0,0,26,26,0,0,26,0.0,0.0,0.0,0.0,0.0,1.0,-1
"((DBP >= 0.000) U[1,2] (Calcium >= 0.303))
",-9999999.000,-9999999.000,0.000,0.000,1.000,0,0,0,26,26,0,0,26,0.0,0.0,0.0,0.0,0.0,1.0,-1
"F[1,2](Hgb <= 14.703 | Hct <= 28.589)
",-9999999.000,-9999999.000,0.000,0.000,1.000,0,0,0,26,26,0,0,26,0.0,0.0,0.0,0.0,0.0,1.0,-1
"F[1,2](((Phosphate <= 3.165 & SBP >= 8.960) | Hgb >= 36.047) -> SepsisLabel <= 87.427)
",-9999999.000,-9999999.000,0.000,0.000,1.000,0,0,0,26,26,0,0,26,0.0,0.0,0.0,0.0,0.0,1.0,-1
"F[0,1](HCO3 <= 14.992 | SBP >= 32.781)
",-9999999.000,-9999999.000,0.000,0.000,1.000,0,0,0,26,26,0,0,26,0.0,0.0,0.0,0.0,0.0,1.0,-1
"F[0,2](Hgb <= 2.109 | Hct <= 39.785)
",-9999999.000,-9999999.000,0.000,0.000,1.000,0,0,0,26,26,0,0,26,0.0,0.0,0.0,0.0,0.0,1.0,-1
"F[1,2](((AST >= 1.449 -> SBP >= 30.861) | SepsisLabel >= 29.988) & pH >= 33.943)
",-9999999.000,-9999999.000,0.000,0.000,1.000,0,0,0,26,26,0,0,26,0.0,0.0,0.0,0.0,0.0,1.0,-1
"F[1,2]((Potassium <= 2.886 & Temp >= 0.291) | Potassium >= 0.847)
",-9999999.000,-9999999.000,0.000,0.000,1.000,0,0,0,26,26,0,0,26,0.0,0.0,0.0,0.0,0.0,1.0,-1
"F[1,2](((Calcium < 0.787 & Potassium < 3.634) & Magnesium < 0.487) & Phosphate < 1.324)
",-9999999.000,-9999999.000,0.000,0.000,1.000,0,0,0,26,26,0,0,26,0.0,0.0,0.0,0.0,0.0,1.0,-1
"F[0,1](Creatinine <= 0.130 | O2Sat >= 5.210)
",-9999999.000,-9999999.000,0.000,0.000,1.000,0,0,0,26,26,0,0,26,0.0,0.0,0.0,0.0,0.0,1.0,-1
"F[0,2]((HCO3 <= 13.853 -> Temp <= 15.540) -> Magnesium >= 0.944)
",-9999999.000,-9999999.000,0.000,0.000,1.000,0,0,0,26,26,0,0,26,0.0,0.0,0.0,0.0,0.0,1.0,-1
"F[1,2](((Magnesium >= 0.099 -> Temp <= 30.819) | Resp >= 3.148) | Lactate <= 27.428)
",-9999999.000,-9999999.000,0.000,0.000,1.000,0,0,0,26,26,0,0,26,0.0,0.0,0.0,0.0,0.0,1.0,-1
"F[0,2]((Temp <= 10.112 & WBC <= 1.458) & Temp <= 4.412)
",-9999999.000,-9999999.000,0.000,0.000,1.000,0,0,0,26,26,0,0,26,0.0,0.0,0.0,0.0,0.0,1.0,-1
"F[1,2]((Calcium <= 3.118 & Potassium <= 2.936) & Magnesium >= 0.086)
",-9999999.000,-9999999.000,0.000,0.000,1.000,0,0,0,26,26,0,0,26,0.0,0.0,0.0,0.0,0.0,1.0,-1
"F[0,1](BUN >= 0.157 -> O2Sat >= 13.953)
",-9999999.000,-9999999.000,0.000,0.000,1.000,0,0,0,26,26,0,0,26,0.0,0.0,0.0,0.0,0.0,1.0,-1
"((Chloride >= 0.960) U[0,2] (Temp <= 20.074))
",-9999999.000,-9999999.000,0.000,0.000,1.000,0,0,0,26,26,0,0,26,0.0,0.0,0.0,0.0,0.0,1.0,-1
"F[0,2]((Bilirubin_total >= 0.020 -> Temp >= 2.696) & PTT <= 11.739)
",-9999999.000,-9999999.000,0.000,0.000,1.000,0,0,0,26,26,0,0,26,0.0,0.0,0.0,0.0,0.0,1.0,-1
"((BUN <= 4.051) U[0,2] (Resp >= 0.694))
",-9999999.000,-9999999.000,0.000,0.000,1.000,0,0,0,26,26,0,0,26,0.0,0.0,0.0,0.0,0.0,1.0,-1
"F[2,2]((Resp <= 24.484 & WBC >= 0.023) | BUN <= 4.717)
",4.717,4.717,0.000,0.000,1.000,0,0,0,26,26,0,0,26,0.0,0.0,0.0,0.0,0.0,1.0,-1
"F[1,2]((Magnesium >= 0.078 & O2Sat <= 71.221) & Bilirubin_direct >= 21.983)
",-9999999.000,-9999999.000,0.000,0.000,1.000,0,0,0,26,26,0,0,26,0.0,0.0,0.0,0.0,0.0,1.0,-1
"F[1,2](((Hct <= 28.846 & PTT >= 0.590) & TroponinI >= 0.641) & Hgb <= 18.390)
",-9999999.000,-9999999.000,0.000,0.000,1.000,0,0,0,26,26,0,0,26,0.0,0.0,0.0,0.0,0.0,1.0,-1
"F[1,2](Magnesium >= 0.048 | Resp >= 6.586)
",-9999999.000,-9999999.000,0.000,0.000,1.000,0,0,0,26,26,0,0,26,0.0,0.0,0.0,0.0,0.0,1.0,-1
"F[2,2](((HCO3 >= 1.232 | Resp <= 9.574) & MAP >= 4.428) -> HR >= 1.915)
",1.915,1.915,0.000,0.000,1.000,0,0,0,26,26,0,0,26,0.0,0.0,0.0,0.0,0.0,1.0,-1
"F[0,2](((Hgb >= 0.559 & Temp >= 0.352) | AST <= 36.146) | BaseExcess <= 3.794)
",-9999999.000,-9999999.000,0.000,0.000,1.000,0,0,0,26,26,0,0,26,0.0,0.0,0.0,0.0,0.0,1.0,-1
"((AST >= 0.117) U[2,2] (O2Sat <= 55.848))
",55.848,55.848,0.000,0.000,1.000,0,0,0,26,26,0,0,26,0.0,0.0,0.0,0.0,0.0,1.0,-1
"F[2,2](Hgb < 11.747 -> SepsisLabel = 0.000)
",-11.747,-11.747,0.000,0.000,1.000,0,0,0,26,26,0,0,26,0.0,0.0,0.0,0.0,0.0,1.0,-1
"F[0,2](Calcium <= 5.401 | Temp >= 2.867)
",-9999999.000,-9999999.000,0.000,0.000,1.000,0,0,0,26,26,0,0,26,0.0,0.0,0.0,0.0,0.0,1.0,-1
"F[0,2](((Calcium >= 0.412 & Hct >= 2.377) -> HCO3 >= 1.689) & SBP >= 0.495)
",-9999999.000,-9999999.000,0.000,0.000,1.000,0,0,0,26,26,0,0,26,0.0,0.0,0.0,0.0,0.0,1.0,-1
"F[0,1]((SaO2 <= 0.000 | FiO2 >= 0.000) & DBP <= 0.000)
",-9999999.000,-9999999.000,0.000,0.000,1.000,0,0,0,26,26,0,0,26,0.0,0.0,0.0,0.0,0.0,1.0,-1
"F[1,2]((Glucose <= 59.602 | SBP >= 17.860) | BaseExcess >= 29.741)
",-9999999.000,-9999999.000,0.000,0.000,1.000,0,0,0,26,26,0,0,26,0.0,0.0,0.0,0.0,0.0,1.0,-1
"F[0,2](((pH >= 0.000 -> Platelets <= 173.323) & Platelets <= 265.305) & PaCO2 <= 212.556)
",-9999999.000,-9999999.000,0.000,0.000,1.000,0,0,0,26,26,0,0,26,0.0,0.0,0.0,0.0,0.0,1.0,-1
"F[1,2]((HR >= 14.459 & Phosphate <= 0.418) | FiO2 <= 0.337)
",-9999999.000,-9999999.000,0.000,0.000,1.000,0,0,0,26,26,0,0,26,0.0,0.0,0.0,0.0,0.0,1.0,-1
"F[1,2](Creatinine >= 0.024 | Resp >= 0.844)
",-9999999.000,-9999999.000,0.000,0.000,1.000,0,0,0,26,26,0,0,26,0.0,0.0,0.0,0.0,0.0,1.0,-1
"F[0,1]((HR <= 27.728 & Magnesium >= 0.082) -> PTT >= 0.018)
",-9999999.000,-9999999.000,0.000,0.000,1.000,0,0,0,26,26,0,0,26,0.0,0.0,0.0,0.0,0.0,1.0,-1
"F[0,1]((Bilirubin_total >= 0.006 -> Glucose <= 109.333) -> Chloride <= 36.337)
",-9999999.000,-9999999.000,0.000,0.000,1.000,0,0,0,26,26,0,0,26,0.0,0.0,0.0,0.0,0.0,1.0,-1
"F[2,2]((Phosphate >= 0.191 & Magnesium > 0.079) -> Calcium < 7.256)
",-8169377467230902.000,-7.256,0.000,0.000,1.000,0,0,0,26,26,0,0,26,0.0,0.0,0.0,0.0,0.0,1.0,-1
"F[0,2](((Bilirubin_total >= 0.005 -> Resp >= 0.691) -> Lactate <= 13.682) | Magnesium <= 10.080)
",-9999999.000,-9999999.000,0.000,0.000,1.000,0,0,0,26,26,0,0,26,0.0,0.0,0.0,0.0,0.0,1.0,-1
"F[0,1](((Bilirubin_total >= 0.018 & HR >= 15.296) | pH >= 2.433) -> Platelets >= 8.345)
",-9999999.000,-9999999.000,0.000,0.000,1.000,0,0,0,26,26,0,0,26,0.0,0.0,0.0,0.0,0.0,1.0,-1
"F[0,2](((Bilirubin_total <= 0.566 | SBP <= 52.537) -> SaO2 <= 142.640) & Glucose >= 36.416)
",-9999999.000,-9999999.000,0.000,0.000,1.000,0,0,0,26,26,0,0,26,0.0,0.0,0.0,0.0,0.0,1.0,-1
"((MAP >= 10.863) U[2,2] (SBP <= 87.008))
",87.008,87.008,0.000,0.000,1.000,0,0,0,26,26,0,0,26,0.0,0.0,0.0,0.0,0.0,1.0,-1
"F[1,2]((Glucose <= 88.449 -> O2Sat <= 34.593) | Chloride >= 23.019)
",-9999999.000,-9999999.000,0.000,0.000,1.000,0,0,0,26,26,0,0,26,0.0,0.0,0.0,0.0,0.0,1.0,-1
"F[0,1](((Alkalinephos <= 136.586 | O2Sat <= 67.617) -> HCO3 <= 56.290) | Bilirubin_total >= 20.223)
",-9999999.000,-9999999.000,0.000,0.000,1.000,0,0,0,26,26,0,0,26,0.0,0.0,0.0,0.0,0.0,1.0,-1
"F[2,2]((Hgb <= 9.112 -> PTT >= 1.213) -> SBP >= 0.460)
",0.460,0.460,0.000,0.000,1.000,0,0,0,26,26,0,0,26,0.0,0.0,0.0,0.0,0.0,1.0,-1
"F[0,1](((HCO3 <= 20.806 | Hgb <= 1.245) -> TroponinI <= 12.659) | Temp >= 0.481)
",-9999999.000,-9999999.000,0.000,0.000,1.000,0,0,0,26,26,0,0,26,0.0,0.0,0.0,0.0,0.0,1.0,-1
"F[0,1](((BUN <= 12.702 & Potassium <= 2.623) -> Bilirubin_direct >= 0.180) -> Fibrinogen >= 0.202)
",-9999999.000,-9999999.000,0.000,0.000,1.000,0,0,0,26,26,0,0,26,0.0,0.0,0.0,0.0,0.0,1.0,-1
"((Calcium <= 6.306) U[0,2] (WBC <= 2.169))
",-9999999.000,-9999999.000,0.000,0.000,1.000,0,0,0,26,26,0,0,26,0.0,0.0,0.0,0.0,0.0,1.0,-1
"F[0,2](BaseExcess > 0.000 -> SepsisLabel = 0.000)
",-9999999.000,-9999999.000,0.000,0.000,1.000,0,0,0,26,26,0,0,26,0.0,0.0,0.0,0.0,0.0,1.0,-1
"F[1,2](SepsisLabel >= 0.000 & SepsisLabel >= 0.000)
",-9999999.000,-9999999.000,0.000,0.000,1.000,0,0,0,26,26,0,0,26,0.0,0.0,0.0,0.0,0.0,1.0,-1
"((AST >= 5.525) U[0,2] (Resp <= 18.564))
",-9999999.000,-9999999.000,0.000,0.000,1.000,0,0,0,26,26,0,0,26,0.0,0.0,0.0,0.0,0.0,1.0,-1
"F[0,1](((SaO2 <= 0.000 -> FiO2 >= 0.000) | TroponinI <= 0.000) -> PaCO2 >= 0.000)
",-9999999.000,-9999999.000,0.000,0.000,1.000,0,0,0,26,26,0,0,26,0.0,0.0,0.0,0.0,0.0,1.0,-1
"F[1,2](MAP >= 24.616 | Glucose <= 24.865)
",-9999999.000,-9999999.000,0.000,0.000,1.000,0,0,0,26,26,0,0,26,0.0,0.0,0.0,0.0,0.0,1.0,-1
"F[1,2](pH <= 0.000 -> Magnesium >= 0.051)
",-9999999.000,-9999999.000,0.000,0.000,1.000,0,0,0,26,26,0,0,26,0.0,0.0,0.0,0.0,0.0,1.0,-1
"((Temp <= 6.205) U[0,1] (Magnesium <= 1.808))
",-9999999.000,-9999999.000,0.000,0.000,1.000,0,0,0,26,26,0,0,26,0.0,0.0,0.0,0.0,0.0,1.0,-1
"F[0,2]((WBC <= 4.989 & FiO2 >= 0.000) & TroponinI <= 0.000)
",-9999999.000,-9999999.000,0.000,0.000,1.000,0,0,0,26,26,0,0,26,0.0,0.0,0.0,0.0,0.0,1.0,-1
"F[0,1](Chloride <= 39.436 | SBP <= 44.441)
",-9999999.000,-9999999.000,0.000,0.000,1.000,0,0,0,26,26,0,0,26,0.0,0.0,0.0,0.0,0.0,1.0,-1
"F[0,2]((Calcium >= 0.459 -> TroponinI <= 0.000) -> BUN >= 0.000)
",-9999999.000,-9999999.000,0.000,0.000,1.000,0,0,0,26,26,0,0,26,0.0,0.0,0.0,0.0,0.0,1.0,-1
"F[2,2](((O2Sat <= 91.352 -> TroponinI <= 0.000) & Hct <= 0.000) & Potassium <= 0.000)
",-6428345768707868.000,-91.352,0.000,0.000,1.000,0,0,0,26,26,0,0,26,0.0,0.0,0.0,0.0,0.0,1.0,-1
"F[0,1]((Phosphate >= 0.103 & Magnesium > 0.067) -> Calcium < 9.848)
",-9999999.000,-9999999.000,0.000,0.000,1.000,0,0,0,26,26,0,0,26,0.0,0.0,0.0,0.0,0.0,1.0,-1
"F[2,2](((HR >= 10.255 & MAP >= 14.221) | Temp <= 54.887) | EtCO2 >= 17.647)
",7724606749457187.000,54.887,0.000,0.000,1.000,0,0,0,26,26,0,0,26,0.0,0.0,0.0,0.0,0.0,1.0,-1
"F[1,2]((Alkalinephos <= 390.851 -> WBC >= 0.089) & BUN <= 0.724)
",-9999999.000,-9999999.000,0.000,0.000,1.000,0,0,0,26,26,0,0,26,0.0,0.0,0.0,0.0,0.0,1.0,-1
"F[0,1]((AST >= 0.026 -> WBC <= 5.248) | Fibrinogen >= 0.093)
",-9999999.000,-9999999.000,0.000,0.000,1.000,0,0,0,26,26,0,0,26,0.0,0.0,0.0,0.0,0.0,1.0,-1
"F[1,2](((Alkalinephos >= 15.373 | Phosphate >= 0.066) | HR >= 0.179) & EtCO2 >= 0.075)
",-9999999.000,-9999999.000,0.000,0.000,1.000,0,0,0,26,26,0,0,26,0.0,0.0,0.0,0.0,0.0,1.0,-1
"F[0,2](AST >= 3.247 & Phosphate <= 1.779)
",-9999999.000,-9999999.000,0.000,0.000,1.000,0,0,0,26,26,0,0,26,0.0,0.0,0.0,0.0,0.0,1.0,-1
"F[1,1](((Hct <= 45.240 -> Calcium <= 3.437) | pH <= 1.470) & Fibrinogen <= 1.249)
",5626985123909620.000,1.249,0.000,0.000,1.000,0,0,0,26,26,0,0,26,0.0,0.0,0.0,0.0,0.0,1.0,-1
"F[0,1](Bilirubin_direct >= 0.000 & SepsisLabel <= 0.000)
",-9999999.000,-9999999.000,0.000,0.000,1.000,0,0,0,26,26,0,0,26,0.0,0.0,0.0,0.0,0.0,1.0,-1
"F[1,2](AST >= 3.986 -> Chloride <= 55.887)
",-9999999.000,-9999999.000,0.000,0.000,1.000,0,0,0,26,26,0,0,26,0.0,0.0,0.0,0.0,0.0,1.0,-1
"F[0,2](((Lactate <= 0.000 & Phosphate <= 1.109) | BUN <= 1.659) -> Creatinine >= 0.109)
",-9999999.000,-9999999.000,0.000,0.000,1.000,0,0,0,26,26,0,0,26,0.0,0.0,0.0,0.0,0.0,1.0,-1
"((Resp >= 4.861) U[0,1] (BaseExcess <= 0.000))
",-9999999.000,-9999999.000,0.000,0.000,1.000,0,0,0,26,26,0,0,26,0.0,0.0,0.0,0.0,0.0,1.0,-1
"F[2,2]((Phosphate >= 0.017 & Magnesium > 0.011) -> Calcium < 4.806)
",-4.806,-4.806,0.000,0.000,1.000,0,0,0,26,26,0,0,26,0.0,0.0,0.0,0.0,0.0,1.0,-1
"((Fibrinogen <= 0.000) U[2,2] (SepsisLabel <= 0.000))
",0.000,0.000,0.000,0.000,1.000,0,0,0,26,26,0,0,26,0.0,0.0,0.0,0.0,0.0,1.0,-1
"((SepsisLabel >= 0.000) U[2,2] (Calcium <= 1.489))
",1.489,1.489,0.000,0.000,1.000,0,0,0,26,26,0,0,26,0.0,0.0,0.0,0.0,0.0,1.0,-1
"((Phosphate >= 0.161) U[0,2] (SaO2 >= 0.000))
",-9999999.000,-9999999.000,0.000,0.000,1.000,0,0,0,26,26,0,0,26,0.0,0.0,0.0,0.0,0.0,1.0,-1
"F[0,2](((Platelets <= 198.687 -> Calcium >= 0.299) & AST <= 4.120) -> SBP <= 7.462)
",-9999999.000,-9999999.000,0.000,0.000,1.000,0,0,0,26,26,0,0,26,0.0,0.0,0.0,0.0,0.0,1.0,-1
"F[1,2]((Creatinine <= 0.230 | DBP <= 0.000) -> WBC <= 0.000)
",-9999999.000,-9999999.000,0.000,0.000,1.000,0,0,0,26,26,0,0,26,0.0,0.0,0.0,0.0,0.0,1.0,-1
"((BUN >= 0.630) U[0,1] (Chloride <= 47.667))
",-9999999.000,-9999999.000,0.000,0.000,1.000,0,0,0,26,26,0,0,26,0.0,0.0,0.0,0.0,0.0,1.0,-1
"F[1,1](((Hct >= 0.071 -> EtCO2 >= 0.000) -> Temp >= 0.000) -> Creatinine >= 0.000)
",0.000,0.000,0.000,0.000,1.000,0,0,0,26,26,0,0,26,0.0,0.0,0.0,0.0,0.0,1.0,-1
"F[1,2](((Bilirubin_direct >= 0.000 | Glucose >= 4.471) | AST <= 34.800) -> Alkalinephos <= 126.387)
",-9999999.000,-9999999.000,0.000,0.000,1.000,0,0,0,26,26,0,0,26,0.0,0.0,0.0,0.0,0.0,1.0,-1
"F[0,1](((O2Sat >= 22.306 & TroponinI >= 0.000) -> pH >= 0.000) | Potassium <= 0.000)
",-9999999.000,-9999999.000,0.000,0.000,1.000,0,0,0,26,26,0,0,26,0.0,0.0,0.0,0.0,0.0,1.0,-1
"F[1,2](WBC >= 0.188 & HR <= 52.738)
",-9999999.000,-9999999.000,0.000,0.000,1.000,0,0,0,26,26,0,0,26,0.0,0.0,0.0,0.0,0.0,1.0,-1
"((Hct > 2.087) U[0,2] (SepsisLabel = 0.000))
",-9999999.000,-9999999.000,0.000,0.000,1.000,0,0,0,26,26,0,0,26,0.0,0.0,0.0,0.0,0.0,1.0,-1
"F[2,2]((Alkalinephos <= 102.701 | SBP >= 28.838) | Glucose >= 14.529)
",102.701,102.701,0.000,0.000,1.000,0,0,0,26,26,0,0,26,0.0,0.0,0.0,0.0,0.0,1.0,-1
"F[0,2](Glucose >= 6.935 | TroponinI >= 0.000)
",-9999999.000,-9999999.000,0.000,0.000,1.000,0,0,0,26,26,0,0,26,0.0,0.0,0.0,0.0,0.0,1.0,-1
"F[1,1](((BaseExcess >= 0.000 | PaCO2 >= 0.000) & SaO2 >= 0.000) -> Magnesium >= 0.000)
",0.000,0.000,0.000,0.000,1.000,0,0,0,26,26,0,0,26,0.0,0.0,0.0,0.0,0.0,1.0,-1
"F[2,2]((Alkalinephos <= 322.173 & Calcium >= 0.140) & Alkalinephos <= 8.746)
",-0.140,-0.140,0.000,0.000,1.000,0,0,0,26,26,0,0,26,0.0,0.0,0.0,0.0,0.0,1.0,-1
"F[1,2]((Phosphate >= 0.150 & Magnesium > 0.099) -> Calcium < 7.113)
",-9999999.000,-9999999.000,0.000,0.000,1.000,0,0,0,26,26,0,0,26,0.0,0.0,0.0,0.0,0.0,1.0,-1
"F[0,0](Magnesium >= 0.052 -> Phosphate >= 0.148)
",-0.179,-0.081,0.000,0.000,1.000,0,0,0,26,26,0,0,26,0.0,0.0,0.0,0.0,0.0,1.0,-1
"F[1,2]((Creatinine <= 0.749 & HCO3 >= 0.760) -> Alkalinephos <= 19.932)
",-9999999.000,-9999999.000,0.000,0.000,1.000,0,0,0,26,26,0,0,26,0.0,0.0,0.0,0.0,0.0,1.0,-1
"F[0,2](((Chloride >= 3.921 | Hgb <= 13.278) & FiO2 <= 3.104) | TroponinI >= 0.483)
",-9999999.000,-9999999.000,0.000,0.000,1.000,0,0,0,26,26,0,0,26,0.0,0.0,0.0,0.0,0.0,1.0,-1
"F[1,2]((BUN <= 12.555 -> Chloride <= 43.455) -> DBP <= 83.934)
",-9999999.000,-9999999.000,0.000,0.000,1.000,0,0,0,26,26,0,0,26,0.0,0.0,0.0,0.0,0.0,1.0,-1
"((BUN >= 0.229) U[2,2] (Hct <= 19.811))
",19.811,19.811,0.000,0.000,1.000,0,0,0,26,26,0,0,26,0.0,0.0,0.0,0.0,0.0,1.0,-1
"F[0,0](((HCO3 <= 5.594 | Potassium <= 3.855) | Calcium <= 3.860) | Alkalinephos <= 1.310)
",5.594,5.594,0.000,0.000,1.000,0,0,0,26,26,0,0,26,0.0,0.0,0.0,0.0,0.0,1.0,-1
"F[0,2](((Hgb >= 0.465 | Platelets >= 5.892) | SepsisLabel <= 170.911) & Platelets >= 13.530)
",-9999999.000,-9999999.000,0.000,0.000,1.000,0,0,0,26,26,0,0,26,0.0,0.0,0.0,0.0,0.0,1.0,-1
"F[1,2]((HCO3 >= 1.097 & Platelets >= 5.015) | TroponinI >= 2.138)
",-9999999.000,-9999999.000,0.000,0.000,1.000,0,0,0,26,26,0,0,26,0.0,0.0,0.0,0.0,0.0,1.0,-1
"((Creatinine <= 0.404) U[0,2] (Potassium >= 0.008))
",-9999999.000,-9999999.000,0.000,0.000,1.000,0,0,0,26,26,0,0,26,0.0,0.0,0.0,0.0,0.0,1.0,-1
"F[1,2]((Hct >= 0.579 | Platelets >= 9.426) | Lactate >= 12.788)
",-9999999.000,-9999999.000,0.000,0.000,1.000,0,0,0,26,26,0,0,26,0.0,0.0,0.0,0.0,0.0,1.0,-1
"F[0,2]((Calcium <= 5.336 & Potassium <= 3.210) & Magnesium >= 0.024)
",-9999999.000,-9999999.000,0.000,0.000,1.000,0,0,0,26,26,0,0,26,0.0,0.0,0.0,0.0,0.0,1.0,-1
"F[0,1]((Hgb >= 0.239 | Phosphate <= 2.644) | SepsisLabel <= 1.023)
",-9999999.000,-9999999.000,0.000,0.000,1.000,0,0,0,26,26,0,0,26,0.0,0.0,0.0,0.0,0.0,1.0,-1
"F[1,2]((Calcium <= 9.367 & Potassium <= 0.796) & Magnesium >= 0.054)
",-9999999.000,-9999999.000,0.000,0.000,1.000,0,0,0,26,26,0,0,26,0.0,0.0,0.0,0.0,0.0,1.0,-1
"F[0,1](Hgb <= 4.430 | Hct <= 33.636)
",-9999999.000,-9999999.000,0.000,0.000,1.000,0,0,0,26,26,0,0,26,0.0,0.0,0.0,0.0,0.0,1.0,-1
"((Calcium >= 0.326) U[2,2] (Creatinine >= 0.026))
",-7461054227890154.000,-0.026,0.000,0.000,1.000,0,0,0,26,26,0,0,26,0.0,0.0,0.0,0.0,0.0,1.0,-1
"F[0,2](((Phosphate >= 0.011 -> Potassium <= 2.299) & Temp >= 0.123) & SepsisLabel <= 1.814)
",-9999999.000,-9999999.000,0.000,0.000,1.000,0,0,0,26,26,0,0,26,0.0,0.0,0.0,0.0,0.0,1.0,-1
"((MAP >= 11.811) U[0,2] (SBP <= 51.758))
",-9999999.000,-9999999.000,0.000,0.000,1.000,0,0,0,26,26,0,0,26,0.0,0.0,0.0,0.0,0.0,1.0,-1
"F[1,2](Phosphate <= 3.859 | PTT <= 21.492)
",-9999999.000,-9999999.000,0.000,0.000,1.000,0,0,0,26,26,0,0,26,0.0,0.0,0.0,0.0,0.0,1.0,-1
"F[1,2]((Bilirubin_total >= 0.024 -> Hct <= 11.688) -> EtCO2 <= 22.569)
",-9999999.000,-9999999.000,0.000,0.000,1.000,0,0,0,26,26,0,0,26,0.0,0.0,0.0,0.0,0.0,1.0,-1
"F[1,1](((Bilirubin_total >= 0.019 | Calcium >= 0.516) | DBP <= 8.710) & Phosphate <= 4.409)
",4.409,4.409,0.000,0.000,1.000,0,0,0,26,26,0,0,26,0.0,0.0,0.0,0.0,0.0,1.0,-1
"F[1,2]((Alkalinephos >= 15.708 -> PTT >= 0.371) & DBP <= 18.595)
",-9999999.000,-9999999.000,0.000,0.000,1.000,0,0,0,26,26,0,0,26,0.0,0.0,0.0,0.0,0.0,1.0,-1
"F[1,2]((Chloride >= 5.785 | PTT <= 28.267) & Hgb <= 11.161)
",-9999999.000,-9999999.000,0.000,0.000,1.000,0,0,0,26,26,0,0,26,0.0,0.0,0.0,0.0,0.0,1.0,-1
"F[1,2](((Alkalinephos >= 2.997 & Hct <= 28.559) & Bilirubin_direct <= 26.896) -> BUN <= 12.857)
",-9999999.000,-9999999.000,0.000,0.000,1.000,0,0,0,26,26,0,0,26,0.0,0.0,0.0,0.0,0.0,1.0,-1
"F[0,1]((Alkalinephos >= 2.473 | Potassium >= 0.070) | pH <= 0.456)
",-9999999.000,-9999999.000,0.000,0.000,1.000,0,0,0,26,26,0,0,26,0.0,0.0,0.0,0.0,0.0,1.0,-1
"F[0,1](((Calcium < 2.721 & Potassium < 1.200) & Magnesium < 1.459) & Phosphate < 2.427)
",-9999999.000,-9999999.000,0.000,0.000,1.000,0,0,0,26,26,0,0,26,0.0,0.0,0.0,0.0,0.0,1.0,-1
"((AST <= 91.617) U[0,1] (Magnesium <= 1.117))
",-9999999.000,-9999999.000,0.000,0.000,1.000,0,0,0,26,26,0,0,26,0.0,0.0,0.0,0.0,0.0,1.0,-1
"((AST >= 6.062) U[0,1] (HCO3 <= 18.903))
",-9999999.000,-9999999.000,0.000,0.000,1.000,0,0,0,26,26,0,0,26,0.0,0.0,0.0,0.0,0.0,1.0,-1
"F[0,1](Hgb <= 3.515 | Hct <= 3.750)
",-9999999.000,-9999999.000,0.000,0.000,1.000,0,0,0,26,26,0,0,26,0.0,0.0,0.0,0.0,0.0,1.0,-1
"F[0,0]((Alkalinephos <= 268.481 & BUN <= 2.019) -> Chloride <= 0.941)
",-0.770,-1.596,0.000,0.000,1.000,0,0,0,26,26,0,0,26,0.0,0.0,0.0,0.0,0.0,1.0,-1
"F[0,1](((Glucose >= 2.016 | PTT >= 0.580) | WBC <= 23.930) | Phosphate <= 10.447)
",-9999999.000,-9999999.000,0.000,0.000,1.000,0,0,0,26,26,0,0,26,0.0,0.0,0.0,0.0,0.0,1.0,-1
"((AST <= 121.368) U[0,2] (Glucose >= 4.287))
",-9999999.000,-9999999.000,0.000,0.000,1.000,0,0,0,26,26,0,0,26,0.0,0.0,0.0,0.0,0.0,1.0,-1
"F[1,2]((Phosphate >= 0.147 & Magnesium > 0.013) -> Calcium < 9.276)
",-9999999.000,-9999999.000,0.000,0.000,1.000,0,0,0,26,26,0,0,26,0.0,0.0,0.0,0.0,0.0,1.0,-1
"((Glucose <= 44.398) U[0,2] (Platelets >= 13.177))
",-9999999.000,-9999999.000,0.000,0.000,1.000,0,0,0,26,26,0,0,26,0.0,0.0,0.0,0.0,0.0,1.0,-1
"F[0,2](((Calcium >= 0.491 -> Glucose >= 0.161) & MAP <= 80.553) | DBP <= 23.875)
",-9999999.000,-9999999.000,0.000,0.000,1.000,0,0,0,26,26,0,0,26,0.0,0.0,0.0,0.0,0.0,1.0,-1
"((Glucose >= 7.049) U[0,1] (HCO3 <= 16.997))
",-9999999.000,-9999999.000,0.000,0.000,1.000,0,0,0,26,26,0,0,26,0.0,0.0,0.0,0.0,0.0,1.0,-1
"F[1,2](((AST >= 1.527 | Bilirubin_total <= 1.107) & DBP >= 0.018) | Hgb >= 0.022)
",-9999999.000,-9999999.000,0.000,0.000,1.000,0,0,0,26,26,0,0,26,0.0,0.0,0.0,0.0,0.0,1.0,-1
"((Bilirubin_total <= 0.193) U[0,2] (WBC <= 5.513))
",-9999999.000,-9999999.000,0.000,0.000,1.000,0,0,0,26,26,0,0,26,0.0,0.0,0.0,0.0,0.0,1.0,-1
"F[0,2](((Bilirubin_total >= 0.020 -> Phosphate >= 0.103) | DBP <= 2.775) -> Magnesium <= 2.794)
",-9999999.000,-9999999.000,0.000,0.000,1.000,0,0,0,26,26,0,0,26,0.0,0.0,0.0,0.0,0.0,1.0,-1
"F[1,2](Glucose >= 5.285 | SepsisLabel <= 0.000)
",-9999999.000,-9999999.000,0.000,0.000,1.000,0,0,0,26,26,0,0,26,0.0,0.0,0.0,0.0,0.0,1.0,-1
"G[1,2]((WBC >= 0.280 | Resp <= 16.492) & Bilirubin_direct <= 20.386)
",9999999.000,9999999.000,0.000,1.000,0.000,0,0,19,7,7,19,19,7,0.0,0.0,1.0,0.0,0.0,1.0,1
"((Resp <= 20.618) U[0,2] (SepsisLabel >= 0.000))
",-9999999.000,-9999999.000,0.000,0.000,1.000,0,0,0,26,26,0,0,26,0.0,0.0,0.0,0.0,0.0,1.0,-1
"G[1,2](Hgb > 0.020 -> SepsisLabel = 0.000)
",9999999.000,9999999.000,0.000,1.000,0.000,0,0,26,0,0,26,26,0,0.0,0.0,1.0,0.0,0.0,1.0,1
"G[1,2](WBC > 0.254 & SepsisLabel = 0.000)
",9999999.000,9999999.000,0.000,1.000,0.000,0,0,3,23,23,3,3,23,0.0,0.0,1.0,0.0,0.0,1.0,1
"G[1,2](Alkalinephos <= 397.371 & SepsisLabel = 0.000)
",9999999.000,9999999.000,0.000,1.000,0.000,0,0,24,2,2,24,24,2,0.0,0.0,1.0,0.0,0.0,1.0,1
"G[1,2](PaCO2 < 0.000 & SepsisLabel = 0.000)
",9999999.000,9999999.000,0.000,1.000,0.000,0,0,1,25,25,1,1,25,0.0,0.0,1.0,0.0,0.0,1.0,1
"G[2,2](WBC < 3.725 & SepsisLabel = 0.000)
",0.000,0.000,0.000,1.000,0.000,0,0,26,0,0,26,26,0,0.0,0.0,1.0,0.0,0.0,1.0,1
"G[0,1](Phosphate >= 0.129 & SepsisLabel = 0.000)
",9999999.000,9999999.000,0.000,1.000,0.000,0,0,0,26,26,0,0,26,0.0,0.0,0.0,0.0,0.0,1.0,1
"G[1,2](HR > 18.600 -> SepsisLabel = 0.000)
",9999999.000,9999999.000,0.000,1.000,0.000,0,0,26,0,0,26,26,0,0.0,0.0,1.0,0.0,0.0,1.0,1
"G[1,2](Magnesium >= 0.037 -> SepsisLabel = 0.000)
",9999999.000,9999999.000,0.000,1.000,0.000,0,0,26,0,0,26,26,0,0.0,0.0,1.0,0.0,0.0,1.0,1
"G[1,1](Lactate > 0.000 & SepsisLabel = 0.000)
",0.000,0.000,0.000,1.000,0.000,0,0,1,25,25,1,1,25,0.0,0.0,1.0,0.0,0.0,1.0,1
"G[1,2](Resp > 3.799 -> SepsisLabel = 0.000)
",9999999.000,9999999.000,0.000,1.000,0.000,0,0,26,0,0,26,26,0,0.0,0.0,1.0,0.0,0.0,1.0,1
"G[2,2](pH >= 0.000 -> SepsisLabel = 0.000)
",0.000,0.000,0.000,1.000,0.000,0,0,26,0,0,26,26,0,0.0,0.0,1.0,0.0,0.0,1.0,1
"G[1,2](Lactate >= 0.000 -> SepsisLabel = 0.000)
",9999999.000,9999999.000,0.000,1.000,0.000,0,0,26,0,0,26,26,0,0.0,0.0,1.0,0.0,0.0,1.0,1
"G[1,2](Calcium >= 0.460 -> SepsisLabel = 0.000)
",9999999.000,9999999.000,0.000,1.000,0.000,0,0,26,0,0,26,26,0,0.0,0.0,1.0,0.0,0.0,1.0,1
"G[0,2](((Calcium >= 0.435 -> HR >= 19.049) & Hgb <= 25.183) & O2Sat >= 4.547)
",9999999.000,9999999.000,0.000,1.000,0.000,0,0,6,20,20,6,6,20,0.0,0.0,1.0,0.0,0.0,1.0,1
"G[1,2](((PTT <= 6.810 & Resp <= 23.026) | Chloride >= 3.719) & Temp <= 18.178)
",9999999.000,9999999.000,0.000,1.000,0.000,0,0,23,3,3,23,23,3,0.0,0.0,1.0,0.0,0.0,1.0,1
"G[0,1](Chloride >= 1.535 & HCO3 >= 0.394)
",9999999.000,9999999.000,0.000,1.000,0.000,0,0,0,26,26,0,0,26,0.0,0.0,0.0,0.0,0.0,1.0,1
"G[0,1](((Lactate >= 0.000 | Hct <= 11.610) -> AST >= 2.089) & Phosphate >= 1.182)
",9999999.000,9999999.000,0.000,1.000,0.000,0,0,0,26,26,0,0,26,0.0,0.0,0.0,0.0,0.0,1.0,1
"G[0,1](((PTT >= 0.642 & Hct >= 2.125) & SBP >= 1.281) & SBP >= 2.370)
",9999999.000,9999999.000,0.000,1.000,0.000,0,0,0,26,26,0,0,26,0.0,0.0,0.0,0.0,0.0,1.0,1
"G[1,2](((Phosphate >= 0.174 & Bilirubin_total >= 0.008) | DBP <= 0.375) & MAP >= 0.017)
",9999999.000,9999999.000,0.000,1.000,0.000,0,0,9,17,17,9,9,17,0.0,0.0,1.0,0.0,0.0,1.0,1
"G[0,1](((DBP <= 0.000 & Creatinine >= 0.028) & Hgb <= 0.346) & Temp >= 0.006)
",9999999.000,9999999.000,0.000,1.000,0.000,0,0,0,26,26,0,0,26,0.0,0.0,0.0,0.0,0.0,1.0,1
"G[0,2]((Alkalinephos >= 10.586 | Lactate >= 0.000) | Platelets <= 0.000)
",9999999.000,9999999.000,0.000,1.000,0.000,0,0,26,0,0,26,26,0,0.0,0.0,1.0,0.0,0.0,1.0,1
"G[0,2](((Hct >= 0.777 & Alkalinephos >= 11.208) -> WBC >= 13.603) -> BUN >= 1.390)
",9999999.000,9999999.000,0.000,1.000,0.000,0,0,0,26,26,0,0,26,0.0,0.0,0.0,0.0,0.0,1.0,1
"G[2,2]((Magnesium <= 1.080 -> SaO2 <= 0.000) & Glucose <= 0.000)
",-1.080,-1.080,0.000,1.000,0.000,0,0,26,0,0,26,26,0,0.0,0.0,1.0,0.0,0.0,1.0,1
"G[1,2]((Alkalinephos >= 13.827 | HR <= 79.380) & SaO2 >= 0.242)
",9999999.000,9999999.000,0.000,1.000,0.000,0,0,1,25,25,1,1,25,0.0,0.0,1.0,0.0,0.0,1.0,1
"G[1,2](((Bilirubin_total <= 1.134 | Creatinine >= 0.014) & Hgb >= 0.045) & PTT >= 0.015)
",9999999.000,9999999.000,0.000,1.000,0.000,0,0,3,23,23,3,3,23,0.0,0.0,1.0,0.0,0.0,1.0,1
"G[1,2](Alkalinephos < 191.453 -> SepsisLabel = 0.000)
",9999999.000,9999999.000,0.000,1.000,0.000,0,0,26,0,0,26,26,0,0.0,0.0,1.0,0.0,0.0,1.0,1
"G[1,2](Hgb >= 0.780 | Potassium >= 0.127)
",9999999.000,9999999.000,0.000,1.000,0.000,0,0,3,23,23,3,3,23,0.0,0.0,1.0,0.0,0.0,1.0,1
"F[0,2](((Platelets >= 11.870 | Hct <= 26.069) & Hgb >= 2.304) & PaCO2 <= 16.288)
",-9999999.000,-9999999.000,0.000,0.000,1.000,0,0,0,26,26,0,0,26,0.0,0.0,0.0,0.0,0.0,1.0,-1
"G[2,2](Platelets <= 52.828 -> WBC >= 0.122)
",-7434911605009827.000,-52.828,0.000,1.000,0.000,0,0,26,0,0,26,26,0,0.0,0.0,1.0,0.0,0.0,1.0,1
"G[0,1](BUN <= 5.888 & Creatinine >= 0.038)
",9999999.000,9999999.000,0.000,1.000,0.000,0,0,0,26,26,0,0,26,0.0,0.0,0.0,0.0,0.0,1.0,1
"G[2,2](Platelets <= 259.558 -> WBC >= 0.077)
",-259.558,-259.558,0.000,1.000,0.000,0,0,26,0,0,26,26,0,0.0,0.0,1.0,0.0,0.0,1.0,1
"G[0,1](BUN <= 1.331 & Creatinine >= 0.044)
",9999999.000,9999999.000,0.000,1.000,0.000,0,0,0,26,26,0,0,26,0.0,0.0,0.0,0.0,0.0,1.0,1
"G[1,2](((Hgb <= 6.338 | Hct <= 42.134) -> WBC >= 0.127) & Platelets >= 8.942)
",9999999.000,9999999.000,0.000,1.000,0.000,0,0,3,23,23,3,3,23,0.0,0.0,1.0,0.0,0.0,1.0,1
"G[0,2](Platelets <= 276.344 -> WBC >= 0.124)
",9999999.000,9999999.000,0.000,1.000,0.000,0,0,0,26,26,0,0,26,0.0,0.0,0.0,0.0,0.0,1.0,1
"G[0,1](Chloride >= 0.817 & HCO3 >= 1.088)
",9999999.000,9999999.000,0.000,1.000,0.000,0,0,0,26,26,0,0,26,0.0,0.0,0.0,0.0,0.0,1.0,1
"G[0,2](BUN <= 5.758 & Creatinine >= 0.008)
",9999999.000,9999999.000,0.000,1.000,0.000,0,0,0,26,26,0,0,26,0.0,0.0,0.0,0.0,0.0,1.0,1
"G[0,2](((Hgb <= 10.902 | Hct <= 6.298) -> WBC >= 0.002) & Platelets >= 14.713)
",9999999.000,9999999.000,0.000,1.000,0.000,0,0,0,26,26,0,0,26,0.0,0.0,0.0,0.0,0.0,1.0,1
"G[0,1](Platelets <= 178.020 -> WBC >= 0.059)
",9999999.000,9999999.000,0.000,1.000,0.000,0,0,0,26,26,0,0,26,0.0,0.0,0.0,0.0,0.0,1.0,1
"G[1,1](BUN <= 1.299 & Creatinine >= 0.002)
",-0.002,-0.002,0.000,1.000,0.000,0,0,1,25,25,1,1,25,0.0,0.0,1.0,0.0,0.0,1.0,1
"G[1,2](Chloride >= 2.167 & HCO3 >= 1.481)
",9999999.000,9999999.000,0.000,1.000,0.000,0,0,3,23,23,3,3,23,0.0,0.0,1.0,0.0,0.0,1.0,1
"G[1,2](((Hgb <= 7.109 | Hct <= 12.366) -> WBC >= 0.060) & Platelets >= 11.302)
",9999999.000,9999999.000,0.000,1.000,0.000,0,0,3,23,23,3,3,23,0.0,0.0,1.0,0.0,0.0,1.0,1
"G[0,2](Hct <= 37.843 | Hgb >= 0.378)
",9999999.000,9999999.000,0.000,1.000,0.000,0,0,26,0,0,26,26,0,0.0,0.0,1.0,0.0,0.0,1.0,1
"G[0,1](BUN <= 5.148 & Creatinine >= 0.026)
",9999999.000,9999999.000,0.000,1.000,0.000,0,0,0,26,26,0,0,26,0.0,0.0,0.0,0.0,0.0,1.0,1
"G[0,1](((Chloride >= 4.354 -> Platelets <= 247.628) & pH <= 38.473) -> Fibrinogen >= 10.095)
",9999999.000,9999999.000,0.000,1.000,0.000,0,0,0,26,26,0,0,26,0.0,0.0,0.0,0.0,0.0,1.0,1
"G[1,2](Creatinine <= 0.585 -> PTT >= 1.387)
",9999999.000,9999999.000,0.000,1.000,0.000,0,0,3,23,23,3,3,23,0.0,0.0,1.0,0.0,0.0,1.0,1
"G[0,2]((BUN <= 11.423 & Magnesium <= 0.979) -> Calcium >= 0.002)
",9999999.000,9999999.000,0.000,1.000,0.000,0,0,0,26,26,0,0,26,0.0,0.0,0.0,0.0,0.0,1.0,1
"G[1,2]((Creatinine <= 0.628 & Hgb >= 0.190) & SepsisLabel >= 0.879)
",9999999.000,9999999.000,0.000,1.000,0.000,0,0,1,25,25,1,1,25,0.0,0.0,1.0,0.0,0.0,1.0,1
"G[1,2](((MAP <= 41.844 | SBP >= 6.304) | Hgb <= 98.584) -> Lactate >= 11.913)
",9999999.000,9999999.000,0.000,1.000,0.000,0,0,1,25,25,1,1,25,0.0,0.0,1.0,0.0,0.0,1.0,1
"G[2,2](((Phosphate >= 0.169 -> WBC <= 3.589) | Potassium >= 0.101) & O2Sat <= 3.090)
",-7276577398535690.000,-0.101,0.000,1.000,0.000,0,0,26,0,0,26,26,0,0.0,0.0,1.0,0.0,0.0,1.0,1
"G[0,2](((Calcium >= 0.521 -> Potassium <= 3.407) -> Potassium <= 0.612) | Platelets <= 0.967)
",9999999.000,9999999.000,0.000,1.000,0.000,0,0,26,0,0,26,26,0,0.0,0.0,1.0,0.0,0.0,1.0,1
"G[1,2]((Calcium <= 9.894 -> Hgb >= 0.216) | Bilirubin_direct >= 0.162)
",9999999.000,9999999.000,0.000,1.000,0.000,0,0,3,23,23,3,3,23,0.0,0.0,1.0,0.0,0.0,1.0,1
"G[2,2](((Creatinine <= 0.520 & Platelets <= 101.520) | Resp >= 15.323) | Bilirubin_direct <= 197.080)
",6934134546739716.000,197.080,0.000,1.000,0.000,0,0,26,0,0,26,26,0,0.0,0.0,1.0,0.0,0.0,1.0,1
"G[1,2]((Hct >= 0.349 & Potassium <= 1.558) | BUN >= 0.119)
",9999999.000,9999999.000,0.000,1.000,0.000,0,0,3,23,23,3,3,23,0.0,0.0,1.0,0.0,0.0,1.0,1
"G[0,2](((Resp <= 21.790 | SepsisLabel >= 0.000) -> Magnesium >= 0.000) -> Hct <= 0.000)
",9999999.000,9999999.000,0.000,1.000,0.000,0,0,23,3,3,23,23,3,0.0,0.0,1.0,0.0,0.0,1.0,1
"G[1,2](((DBP >= 0.000 -> Bilirubin_total <= 0.042) | WBC <= 0.036) & Glucose >= 0.014)
",9999999.000,9999999.000,0.000,1.000,0.000,0,0,3,23,23,3,3,23,0.0,0.0,1.0,0.0,0.0,1.0,1
"G[0,2](((EtCO2 <= 0.000 -> Fibrinogen <= 0.000) & Phosphate >= 0.000) -> SepsisLabel <= 0.000)
",9999999.000,9999999.000,0.000,1.000,0.000,0,0,26,0,0,26,26,0,0.0,0.0,1.0,0.0,0.0,1.0,1
"G[1,2](Calcium <= 6.160 -> SBP >= 19.522)
",9999999.000,9999999.000,0.000,1.000,0.000,0,0,10,16,16,10,10,16,0.0,0.0,1.0,0.0,0.0,1.0,1
"G[2,2]((Potassium >= 0.170 | Lactate >= 0.000) | Hgb >= 0.000)
",0.000,0.000,0.000,1.000,0.000,0,0,26,0,0,26,26,0,0.0,0.0,1.0,0.0,0.0,1.0,1
"G[1,2](Creatinine >= 0.017 & BUN >= 0.209)
",9999999.000,9999999.000,0.000,1.000,0.000,0,0,3,23,23,3,3,23,0.0,0.0,1.0,0.0,0.0,1.0,1
"G[0,1](((O2Sat >= 15.102 & PTT <= 7.981) & FiO2 >= 0.446) & Fibrinogen <= 20.753)
",9999999.000,9999999.000,0.000,1.000,0.000,0,0,0,26,26,0,0,26,0.0,0.0,0.0,0.0,0.0,1.0,1
"G[1,2](((Magnesium <= 1.376 | SBP <= 129.783) | pH >= 34.556) -> Bilirubin_direct >= 19.985)
",9999999.000,9999999.000,0.000,1.000,0.000,0,0,1,25,25,1,1,25,0.0,0.0,1.0,0.0,0.0,1.0,1
"G[0,2](((SaO2 >= 0.000 & SaO2 >= 0.000) & Phosphate >= 0.000) & Fibrinogen <= 0.000)
",9999999.000,9999999.000,0.000,1.000,0.000,0,0,26,0,0,26,26,0,0.0,0.0,1.0,0.0,0.0,1.0,1
"G[0,2](((Calcium >= 0.387 -> Hct >= 0.475) | Bilirubin_direct <= 14.330) -> Resp <= 31.064)
",9999999.000,9999999.000,0.000,1.000,0.000,0,0,26,0,0,26,26,0,0.0,0.0,1.0,0.0,0.0,1.0,1
"G[0,2](((BUN <= 6.238 -> MAP <= 105.779) & Hgb <= 107.203) -> Potassium >= 0.843)
",9999999.000,9999999.000,0.000,1.000,0.000,0,0,1,25,25,1,1,25,0.0,0.0,1.0,0.0,0.0,1.0,1
"G[0,1](((Hct <= 3.988 -> HR >= 7.868) -> WBC >= 21.255) & Bilirubin_direct >= 21.128)
",9999999.000,9999999.000,0.000,1.000,0.000,0,0,0,26,26,0,0,26,0.0,0.0,0.0,0.0,0.0,1.0,1
"G[1,2]((HCO3 >= 0.724 | MAP >= 22.574) & Magnesium >= 19.867)
",9999999.000,9999999.000,0.000,1.000,0.000,0,0,1,25,25,1,1,25,0.0,0.0,1.0,0.0,0.0,1.0,1
"G[1,2]((Platelets >= 14.129 & Calcium <= 0.983) | Fibrinogen >= 0.439)
",9999999.000,9999999.000,0.000,1.000,0.000,0,0,1,25,25,1,1,25,0.0,0.0,1.0,0.0,0.0,1.0,1
"G[1,2]((Creatinine >= 0.014 -> Glucose <= 36.062) -> BUN >= 3.444)
",9999999.000,9999999.000,0.000,1.000,0.000,0,0,3,23,23,3,3,23,0.0,0.0,1.0,0.0,0.0,1.0,1
"G[2,2](((Glucose >= 7.206 | O2Sat >= 7.181) | Alkalinephos <= 28.648) | HCO3 <= 47.550)
",47.550,47.550,0.000,1.000,0.000,0,0,26,0,0,26,26,0,0.0,0.0,1.0,0.0,0.0,1.0,1
"G[0,2](MAP >= 20.691 -> Phosphate <= 2.507)
",9999999.000,9999999.000,0.000,1.000,0.000,0,0,25,1,1,25,25,1,0.0,0.0,1.0,0.0,0.0,1.0,1
"G[0,2](SBP >= 12.289 & WBC <= 1.934)
",9999999.000,9999999.000,0.000,1.000,0.000,0,0,6,20,20,6,6,20,0.0,0.0,1.0,0.0,0.0,1.0,1
"G[1,2](((BaseExcess >= 0.000 -> Glucose <= 75.809) | O2Sat >= 2.413) -> EtCO2 <= 117.345)
",9999999.000,9999999.000,0.000,1.000,0.000,0,0,26,0,0,26,26,0,0.0,0.0,1.0,0.0,0.0,1.0,1
"G[2,2](AST <= 38.719 | EtCO2 >= 0.000)
",38.719,38.719,0.000,1.000,0.000,0,0,26,0,0,26,26,0,0.0,0.0,1.0,0.0,0.0,1.0,1
"G[0,2](((EtCO2 <= 0.000 | Alkalinephos >= 8.461) -> Phosphate >= 8.196) & Creatinine >= 3.100)
",9999999.000,9999999.000,0.000,1.000,0.000,0,0,0,26,26,0,0,26,0.0,0.0,0.0,0.0,0.0,1.0,1
"G[1,2](((Calcium >= 0.488 -> HR <= 38.124) | O2Sat <= 52.213) -> Platelets >= 13.367)
",9999999.000,9999999.000,0.000,1.000,0.000,0,0,3,23,23,3,3,23,0.0,0.0,1.0,0.0,0.0,1.0,1
"G[0,2](((O2Sat >= 15.954 | SBP <= 100.628) -> AST >= 32.446) -> AST <= 95.053)
",9999999.000,9999999.000,0.000,1.000,0.000,0,0,24,2,2,24,24,2,0.0,0.0,1.0,0.0,0.0,1.0,1
"G[0,0](((HR >= 0.227 & HCO3 >= 1.403) & Temp >= 0.822) & SBP <= 2.888)
",-0.555,-6.563,0.000,1.000,0.000,0,0,0,26,26,0,0,26,0.0,0.0,0.0,0.0,0.0,1.0,1
"G[0,2]((Magnesium <= 0.380 | SaO2 >= 0.000) -> Hct >= 0.000)
",9999999.000,9999999.000,0.000,1.000,0.000,0,0,26,0,0,26,26,0,0.0,0.0,1.0,0.0,0.0,1.0,1
"G[1,2](((Potassium >= 0.186 | BaseExcess <= 0.000) -> BUN >= 0.000) & Hgb >= 0.000)
",9999999.000,9999999.000,0.000,1.000,0.000,0,0,26,0,0,26,26,0,0.0,0.0,1.0,0.0,0.0,1.0,1
"G[0,2](PTT >= 1.314 -> TroponinI <= 0.000)
",9999999.000,9999999.000,0.000,1.000,0.000,0,0,26,0,0,26,26,0,0.0,0.0,1.0,0.0,0.0,1.0,1
"G[0,2](DBP >= 0.000 & Resp >= 5.903)
",9999999.000,9999999.000,0.000,1.000,0.000,0,0,7,19,19,7,7,19,0.0,0.0,1.0,0.0,0.0,1.0,1
"G[0,2](Alkalinephos >= 15.991 | SepsisLabel >= 0.000)
",9999999.000,9999999.000,0.000,1.000,0.000,0,0,26,0,0,26,26,0,0.0,0.0,1.0,0.0,0.0,1.0,1
"G[2,2](Fibrinogen <= 0.000 & BaseExcess <= 0.000)
",0.000,0.000,0.000,1.000,0.000,0,0,26,0,0,26,26,0,0.0,0.0,1.0,0.0,0.0,1.0,1
"G[2,2](Phosphate >= 0.116 -> DBP >= 0.000)
",0.000,0.000,0.000,1.000,0.000,0,0,26,0,0,26,26,0,0.0,0.0,1.0,0.0,0.0,1.0,1
"G[0,2](((Phosphate <= 1.167 -> PTT >= 0.013) | BaseExcess >= 1.289) & PaCO2 <= 4.727)
",9999999.000,9999999.000,0.000,1.000,0.000,0,0,0,26,26,0,0,26,0.0,0.0,0.0,0.0,0.0,1.0,1
"G[1,2](Platelets <= 107.941 & FiO2 >= 0.000)
",9999999.000,9999999.000,0.000,1.000,0.000,0,0,24,2,2,24,24,2,0.0,0.0,1.0,0.0,0.0,1.0,1
"G[1,2](((HR >= 18.030 & Bilirubin_total <= 0.595) & SBP >= 0.009) -> DBP <= 1.109)
",9999999.000,9999999.000,0.000,1.000,0.000,0,0,26,0,0,26,26,0,0.0,0.0,1.0,0.0,0.0,1.0,1
"G[0,1](Creatinine >= 0.015 & MAP >= 13.937)
",9999999.000,9999999.000,0.000,1.000,0.000,0,0,0,26,26,0,0,26,0.0,0.0,0.0,0.0,0.0,1.0,1
"G[0,2](PaCO2 >= 0.000 | Platelets <= 60.167)
",9999999.000,9999999.000,0.000,1.000,0.000,0,0,26,0,0,26,26,0,0.0,0.0,1.0,0.0,0.0,1.0,1
"G[0,2]((Creatinine <= 0.672 | Hgb >= 0.324) -> Bilirubin_total >= 0.777)
",9999999.000,9999999.000,0.000,1.000,0.000,0,0,0,26,26,0,0,26,0.0,0.0,0.0,0.0,0.0,1.0,1
"G[0,2](((EtCO2 >= 0.000 & PTT <= 2.007) | BUN >= 0.612) | pH <= 2.429)
",9999999.000,9999999.000,0.000,1.000,0.000,0,0,26,0,0,26,26,0,0.0,0.0,1.0,0.0,0.0,1.0,1
"G[1,2]((Resp <= 16.547 | Resp >= 5.375) & HR <= 24.305)
",9999999.000,9999999.000,0.000,1.000,0.000,0,0,18,8,8,18,18,8,0.0,0.0,1.0,0.0,0.0,1.0,1
"G[0,2]((Phosphate >= 0.205 | pH >= 0.000) -> Chloride >= 0.000)
",9999999.000,9999999.000,0.000,1.000,0.000,0,0,26,0,0,26,26,0,0.0,0.0,1.0,0.0,0.0,1.0,1
"G[0,2](((Temp >= 3.112 | Resp <= 9.847) | HR <= 18.281) -> Temp >= 4.066)
",9999999.000,9999999.000,0.000,1.000,0.000,0,0,7,19,19,7,7,19,0.0,0.0,1.0,0.0,0.0,1.0,1
"G[0,2](Potassium <= 4.004 & PTT >= 0.878)
",9999999.000,9999999.000,0.000,1.000,0.000,0,0,0,26,26,0,0,26,0.0,0.0,0.0,0.0,0.0,1.0,1
"G[0,2](AST <= 101.729 -> Temp >= 2.058)
",9999999.000,9999999.000,0.000,1.000,0.000,0,0,1,25,25,1,1,25,0.0,0.0,1.0,0.0,0.0,1.0,1
"G[0,2]((Hct >= 1.548 | HR <= 64.540) | Fibrinogen >= 5.640)
",9999999.000,9999999.000,0.000,1.000,0.000,0,0,17,9,9,17,17,9,0.0,0.0,1.0,0.0,0.0,1.0,1
"G[2,2](((PTT >= 0.040 | TroponinI <= 0.000) & Bilirubin_total >= 0.000) | Hgb <= 0.000)
",0.000,0.000,0.000,1.000,0.000,0,0,26,0,0,26,26,0,0.0,0.0,1.0,0.0,0.0,1.0,1
"G[2,2]((Temp >= 1.352 & SBP <= 59.081) & Lactate <= 123.277)
",-6088573167492302.000,-1.352,0.000,1.000,0.000,0,0,26,0,0,26,26,0,0.0,0.0,1.0,0.0,0.0,1.0,1
"G[0,2](((Platelets >= 11.300 & BaseExcess <= 0.000) & Calcium <= 0.000) -> Phosphate >= 0.000)
",9999999.000,9999999.000,0.000,1.000,0.000,0,0,26,0,0,26,26,0,0.0,0.0,1.0,0.0,0.0,1.0,1
"G[1,2]((Hct <= 35.069 -> Phosphate >= 0.123) | EtCO2 >= 0.051)
",9999999.000,9999999.000,0.000,1.000,0.000,0,0,3,23,23,3,3,23,0.0,0.0,1.0,0.0,0.0,1.0,1
"G[1,2]((Platelets >= 7.759 | Resp >= 2.908) | FiO2 <= 15.899)
",9999999.000,9999999.000,0.000,1.000,0.000,0,0,26,0,0,26,26,0,0.0,0.0,1.0,0.0,0.0,1.0,1
"G[0,1](SepsisLabel <= 0.000 & Hct >= 2.007)
",9999999.000,9999999.000,0.000,1.000,0.000,0,0,0,26,26,0,0,26,0.0,0.0,0.0,0.0,0.0,1.0,1
"G[2,2]((PaCO2 <= 0.000 | HR <= 41.794) | Bilirubin_direct <= 72.421)
",72.421,72.421,0.000,1.000,0.000,0,0,26,0,0,26,26,0,0.0,0.0,1.0,0.0,0.0,1.0,1
"G[0,2](Resp <= 19.235 -> DBP <= 0.000)
",9999999.000,9999999.000,0.000,1.000,0.000,0,0,26,0,0,26,26,0,0.0,0.0,1.0,0.0,0.0,1.0,1
"G[0,2]((Hct <= 3.992 & Fibrinogen >= 0.000) & BUN >= 0.000)
",9999999.000,9999999.000,0.000,1.000,0.000,0,0,23,3,3,23,23,3,0.0,0.0,1.0,0.0,0.0,1.0,1
"G[0,2]((TroponinI <= 0.000 -> Phosphate >= 0.054) | SaO2 <= 2.294)
",9999999.000,9999999.000,0.000,1.000,0.000,0,0,26,0,0,26,26,0,0.0,0.0,1.0,0.0,0.0,1.0,1
"G[2,2](Alkalinephos <= 427.633 | FiO2 <= 0.000)
",427.633,427.633,0.000,1.000,0.000,0,0,26,0,0,26,26,0,0.0,0.0,1.0,0.0,0.0,1.0,1
"G[0,2](Chloride >= 3.960 & HCO3 >= 0.063)
",9999999.000,9999999.000,0.000,1.000,0.000,0,0,0,26,26,0,0,26,0.0,0.0,0.0,0.0,0.0,1.0,1
"G[0,1](Platelets <= 251.502 -> WBC >= 0.298)
",9999999.000,9999999.000,0.000,1.000,0.000,0,0,0,26,26,0,0,26,0.0,0.0,0.0,0.0,0.0,1.0,1
"G[1,2](((Hgb <= 2.248 | Hct <= 32.219) -> WBC >= 0.144) & Platelets >= 8.207)
",9999999.000,9999999.000,0.000,1.000,0.000,0,0,3,23,23,3,3,23,0.0,0.0,1.0,0.0,0.0,1.0,1
"G[2,2]((Glucose <= 93.684 | Magnesium <= 0.129) & HCO3 >= 0.028)
",-0.028,-0.028,0.000,1.000,0.000,0,0,26,0,0,26,26,0,0.0,0.0,1.0,0.0,0.0,1.0,1
"F[0,1]((BUN <= 10.540 -> AST >= 5.537) -> SepsisLabel >= 3.960)
",-9999999.000,-9999999.000,0.000,0.000,1.000,0,0,0,26,26,0,0,26,0.0,0.0,0.0,0.0,0.0,1.0,-1
"F[0,1]((Alkalinephos >= 6.843 & BaseExcess >= 0.000) -> HR <= 0.000)
",-9999999.000,-9999999.000,0.000,0.000,1.000,0,0,0,26,26,0,0,26,0.0,0.0,0.0,0.0,0.0,1.0,-1
"G[1,2](O2Sat >= 7.765 -> Magnesium >= 0.027)
",9999999.000,9999999.000,0.000,1.000,0.000,0,0,20,6,6,20,20,6,0.0,0.0,1.0,0.0,0.0,1.0,1
"G[0,2]((EtCO2 >= 0.000 -> O2Sat >= 7.304) & Potassium >= 5.096)
",9999999.000,9999999.000,0.000,1.000,0.000,0,0,0,26,26,0,0,26,0.0,0.0,0.0,0.0,0.0,1.0,1
"G[0,2](BaseExcess >= 0.000 -> Bilirubin_direct <= 0.000)
",9999999.000,9999999.000,0.000,1.000,0.000,0,0,26,0,0,26,26,0,0.0,0.0,1.0,0.0,0.0,1.0,1
"G[0,2](((Hct <= 24.386 -> DBP <= 0.000) | FiO2 <= 0.000) | HR >= 0.000)
",9999999.000,9999999.000,0.000,1.000,0.000,0,0,26,0,0,26,26,0,0.0,0.0,1.0,0.0,0.0,1.0,1
"G[2,2](((PTT >= 0.651 & Glucose <= 48.516) -> FiO2 >= 5.375) -> Alkalinephos >= 4.632)
",-5862206928936717.000,-0.651,0.000,1.000,0.000,0,0,26,0,0,26,26,0,0.0,0.0,1.0,0.0,0.0,1.0,1
"G[1,2](((Hgb <= 2.231 -> PaCO2 <= 0.000) & Glucose >= 0.000) -> BaseExcess >= 0.000)
",9999999.000,9999999.000,0.000,1.000,0.000,0,0,26,0,0,26,26,0,0.0,0.0,1.0,0.0,0.0,1.0,1
"G[1,2]((EtCO2 >= 0.000 & Potassium <= 3.975) | Glucose <= 0.796)
",9999999.000,9999999.000,0.000,1.000,0.000,0,0,25,1,1,25,25,1,0.0,0.0,1.0,0.0,0.0,1.0,1
"G[0,1](BUN >= 0.076 & Temp >= 1.387)
",9999999.000,9999999.000,0.000,1.000,0.000,0,0,0,26,26,0,0,26,0.0,0.0,0.0,0.0,0.0,1.0,1
"G[0,2]((Alkalinephos >= 6.171 & Bilirubin_total <= 0.195) | FiO2 <= 0.864)
",9999999.000,9999999.000,0.000,1.000,0.000,0,0,26,0,0,26,26,0,0.0,0.0,1.0,0.0,0.0,1.0,1
"G[2,2](Glucose >= 6.592 & Phosphate <= 3.060)
",-6.592,-6.592,0.000,1.000,0.000,0,0,26,0,0,26,26,0,0.0,0.0,1.0,0.0,0.0,1.0,1
"G[1,2]((HR <= 30.710 -> O2Sat >= 12.761) | O2Sat <= 39.400)
",9999999.000,9999999.000,0.000,1.000,0.000,0,0,26,0,0,26,26,0,0.0,0.0,1.0,0.0,0.0,1.0,1
"G[0,1](((Creatinine <= 0.279 -> Glucose >= 1.234) | Phosphate >= 3.336) | TroponinI >= 7.530)
",9999999.000,9999999.000,0.000,1.000,0.000,0,0,0,26,26,0,0,26,0.0,0.0,0.0,0.0,0.0,1.0,1
"G[0,2](AST >= 4.062 | BUN >= 0.664)
",9999999.000,9999999.000,0.000,1.000,0.000,0,0,0,26,26,0,0,26,0.0,0.0,0.0,0.0,0.0,1.0,1
"G[1,2](((AST >= 1.166 -> Creatinine >= 0.012) & TroponinI >= 0.020) -> Resp >= 0.007)
",9999999.000,9999999.000,0.000,1.000,0.000,0,0,26,0,0,26,26,0,0.0,0.0,1.0,0.0,0.0,1.0,1
"G[1,2]((Alkalinephos >= 12.342 | Creatinine >= 0.040) | BUN >= 0.038)
",9999999.000,9999999.000,0.000,1.000,0.000,0,0,3,23,23,3,3,23,0.0,0.0,1.0,0.0,0.0,1.0,1
"G[0,2]((Alkalinephos <= 357.880 | Magnesium >= 0.083) | Resp <= 1.065)
",9999999.000,9999999.000,0.000,1.000,0.000,0,0,26,0,0,26,26,0,0.0,0.0,1.0,0.0,0.0,1.0,1
"G[0,2](((AST >= 2.064 & Hct >= 1.754) -> HCO3 <= 14.679) | Chloride >= 2.182)
",9999999.000,9999999.000,0.000,1.000,0.000,0,0,26,0,0,26,26,0,0.0,0.0,1.0,0.0,0.0,1.0,1
"G[2,2]((Alkalinephos <= 54.150 -> Hgb <= 9.853) & Bilirubin_total <= 7.298)
",-7620975689266499.000,-54.150,0.000,1.000,0.000,0,0,26,0,0,26,26,0,0.0,0.0,1.0,0.0,0.0,1.0,1
"G[1,2](AST >= 0.079 & Hgb <= 3.445)
",9999999.000,9999999.000,0.000,1.000,0.000,0,0,1,25,25,1,1,25,0.0,0.0,1.0,0.0,0.0,1.0,1
"G[0,2](Alkalinephos <= 24.909 | Chloride <= 77.400)
",9999999.000,9999999.000,0.000,1.000,0.000,0,0,24,2,2,24,24,2,0.0,0.0,1.0,0.0,0.0,1.0,1
"G[0,1]((AST <= 143.938 | Calcium >= 0.454) & EtCO2 >= 0.194)
",9999999.000,9999999.000,0.000,1.000,0.000,0,0,0,26,26,0,0,26,0.0,0.0,0.0,0.0,0.0,1.0,1
"G[0,1](MAP >= 3.672 & O2Sat <= 32.484)
",9999999.000,9999999.000,0.000,1.000,0.000,0,0,0,26,26,0,0,26,0.0,0.0,0.0,0.0,0.0,1.0,1
"((Chloride <= 87.522) U[0,1] (SepsisLabel = 0.000))
",-9999999.000,-9999999.000,0.000,0.000,1.000,0,0,0,26,26,0,0,26,0.0,0.0,0.0,0.0,0.0,1.0,-1
"((FiO2 < 0.000) U[2,2] (SepsisLabel = 0.000))
",0.000,0.000,0.000,0.000,1.000,0,0,0,26,26,0,0,26,0.0,0.0,0.0,0.0,0.0,1.0,-1
"F[0,0]((Bilirubin_total <= 0.314 | Potassium >= 0.033) | EtCO2 <= 1.495)
",1.612,1.322,0.000,0.000,1.000,0,0,0,26,26,0,0,26,0.0,0.0,0.0,0.0,0.0,1.0,-1
"F[1,2]((Calcium <= 3.794 & Potassium <= 3.300) & Magnesium >= 0.081)
",-9999999.000,-9999999.000,0.000,0.000,1.000,0,0,0,26,26,0,0,26,0.0,0.0,0.0,0.0,0.0,1.0,-1
"F[1,2](((Calcium < 0.675 & Potassium < 1.438) & Magnesium < 0.413) & Phosphate < 2.774)
",-9999999.000,-9999999.000,0.000,0.000,1.000,0,0,0,26,26,0,0,26,0.0,0.0,0.0,0.0,0.0,1.0,-1
"F[2,2]((Calcium <= 4.033 & DBP >= 0.000) & AST <= 0.000)
",0.000,0.000,0.000,0.000,1.000,0,0,0,26,26,0,0,26,0.0,0.0,0.0,0.0,0.0,1.0,-1
"F[1,2](((SepsisLabel <= 0.000 & DBP >= 0.000) & Lactate <= 0.000) | Potassium >= 0.000)
",-9999999.000,-9999999.000,0.000,0.000,1.000,0,0,0,26,26,0,0,26,0.0,0.0,0.0,0.0,0.0,1.0,-1
"((TroponinI >= 0.000) U[1,2] (PaCO2 <= 0.000))
",-9999999.000,-9999999.000,0.000,0.000,1.000,0,0,0,26,26,0,0,26,0.0,0.0,0.0,0.0,0.0,1.0,-1
"F[1,2]((Resp >= 2.130 -> SaO2 >= 0.000) -> O2Sat <= 0.000)
",-9999999.000,-9999999.000,0.000,0.000,1.000,0,0,0,26,26,0,0,26,0.0,0.0,0.0,0.0,0.0,1.0,-1
"F[0,2](Fibrinogen >= 0.000 & FiO2 <= 0.000)
",-9999999.000,-9999999.000,0.000,0.000,1.000,0,0,0,26,26,0,0,26,0.0,0.0,0.0,0.0,0.0,1.0,-1
"F[0,0](((DBP <= 0.000 | Fibrinogen >= 0.000) -> EtCO2 <= 0.000) & DBP >= 0.000)
",-0.295,-0.384,0.000,0.000,1.000,0,0,0,26,26,0,0,26,0.0,0.0,0.0,0.0,0.0,1.0,-1
"F[0,0](DBP >= 0.000 -> SepsisLabel = 0.000)
",-0.613,-24.626,0.000,0.000,1.000,0,0,0,26,26,0,0,26,0.0,0.0,0.0,0.0,0.0,1.0,-1
"F[1,1](((Magnesium <= 1.146 -> Hct <= 31.817) | PaCO2 <= 18.891) & Hgb <= 21.041)
",18.891,18.891,0.000,0.000,1.000,0,0,0,26,26,0,0,26,0.0,0.0,0.0,0.0,0.0,1.0,-1
"((HR <= 79.489) U[0,2] (EtCO2 >= 0.000))
",-9999999.000,-9999999.000,0.000,0.000,1.000,0,0,0,26,26,0,0,26,0.0,0.0,0.0,0.0,0.0,1.0,-1
"F[1,2](((MAP <= 62.357 | HR <= 59.850) & EtCO2 <= 67.083) -> Chloride <= 71.469)
",-9999999.000,-9999999.000,0.000,0.000,1.000,0,0,0,26,26,0,0,26,0.0,0.0,0.0,0.0,0.0,1.0,-1
"F[1,2](((PTT <= 14.267 | Lactate >= 0.000) & HR <= 0.000) | BUN <= 0.000)
",-9999999.000,-9999999.000,0.000,0.000,1.000,0,0,0,26,26,0,0,26,0.0,0.0,0.0,0.0,0.0,1.0,-1
"((SepsisLabel >= 0.000) U[0,1] (DBP >= 0.000))
",-9999999.000,-9999999.000,0.000,0.000,1.000,0,0,0,26,26,0,0,26,0.0,0.0,0.0,0.0,0.0,1.0,-1
"F[1,2]((HCO3 >= 0.095 | Potassium >= 0.076) | Creatinine <= 0.307)
",-9999999.000,-9999999.000,0.000,0.000,1.000,0,0,0,26,26,0,0,26,0.0,0.0,0.0,0.0,0.0,1.0,-1
"F[1,2](((EtCO2 >= 0.000 -> Glucose >= 5.142) & SBP <= 123.783) -> Bilirubin_total >= 4.765)
",-9999999.000,-9999999.000,0.000,0.000,1.000,0,0,0,26,26,0,0,26,0.0,0.0,0.0,0.0,0.0,1.0,-1
"((Alkalinephos <= 228.165) U[1,2] (SepsisLabel = 0.000))
",-9999999.000,-9999999.000,0.000,0.000,1.000,0,0,0,26,26,0,0,26,0.0,0.0,0.0,0.0,0.0,1.0,-1
"F[0,2](((DBP <= 0.000 | EtCO2 >= 0.000) & BUN >= 0.000) | Alkalinephos <= 0.000)
",-9999999.000,-9999999.000,0.000,0.000,1.000,0,0,0,26,26,0,0,26,0.0,0.0,0.0,0.0,0.0,1.0,-1
"F[1,2]((Fibrinogen <= 0.000 -> MAP <= 84.443) | SepsisLabel <= 79.644)
",-9999999.000,-9999999.000,0.000,0.000,1.000,0,0,0,26,26,0,0,26,0.0,0.0,0.0,0.0,0.0,1.0,-1
"F[2,2](((Phosphate >= 0.206 & FiO2 <= 0.000) & Phosphate >= 0.000) | Temp <= 0.000)
",0.000,0.000,0.000,0.000,1.000,0,0,0,26,26,0,0,26,0.0,0.0,0.0,0.0,0.0,1.0,-1
"F[0,1]((Platelets <= 223.625 & O2Sat >= 6.716) | Potassium <= 86.587)
",-9999999.000,-9999999.000,0.000,0.000,1.000,0,0,0,26,26,0,0,26,0.0,0.0,0.0,0.0,0.0,1.0,-1
"F[1,2]((Calcium <= 4.452 | Chloride >= 0.512) & O2Sat >= 3.010)
",-9999999.000,-9999999.000,0.000,0.000,1.000,0,0,0,26,26,0,0,26,0.0,0.0,0.0,0.0,0.0,1.0,-1
"F[0,1]((Calcium <= 6.095 & Calcium <= 0.762) | MAP >= 0.437)
",-9999999.000,-9999999.000,0.000,0.000,1.000,0,0,0,26,26,0,0,26,0.0,0.0,0.0,0.0,0.0,1.0,-1
"F[0,2]((BUN <= 12.750 & Chloride >= 5.617) -> PTT >= 2.819)
",-9999999.000,-9999999.000,0.000,0.000,1.000,0,0,0,26,26,0,0,26,0.0,0.0,0.0,0.0,0.0,1.0,-1
"G[0,2](((O2Sat <= 91.983 | SBP >= 27.812) & Potassium <= 93.480) -> SaO2 >= 5.093)
",9999999.000,9999999.000,0.000,1.000,0.000,0,0,0,26,26,0,0,26,0.0,0.0,0.0,0.0,0.0,1.0,1
"G[2,2](MAP <= 44.264 -> Resp <= 10.730)
",-6229633760116735.000,-44.264,0.000,1.000,0.000,0,0,26,0,0,26,26,0,0.0,0.0,1.0,0.0,0.0,1.0,1
"G[0,2](BUN <= 11.597 & Creatinine >= 0.022)
",9999999.000,9999999.000,0.000,1.000,0.000,0,0,0,26,26,0,0,26,0.0,0.0,0.0,0.0,0.0,1.0,1
"G[0,2](HCO3 >= 1.301 | Phosphate >= 0.044)
",9999999.000,9999999.000,0.000,1.000,0.000,0,0,0,26,26,0,0,26,0.0,0.0,0.0,0.0,0.0,1.0,1
"G[0,1](Alkalinephos >= 1.419 & HR <= 47.566)
",9999999.000,9999999.000,0.000,1.000,0.000,0,0,0,26,26,0,0,26,0.0,0.0,0.0,0.0,0.0,1.0,1
"G[0,0](AST >= 0.218 & Resp <= 12.055)
",-7865754219748221.000,-0.218,0.000,1.000,0.000,0,0,0,26,26,0,0,26,0.0,0.0,0.0,0.0,0.0,1.0,1
"G[1,2](((Glucose >= 1.325 & SBP <= 105.750) | Temp <= 114.295) | Creatinine <= 82.077)
",9999999.000,9999999.000,0.000,1.000,0.000,0,0,26,0,0,26,26,0,0.0,0.0,1.0,0.0,0.0,1.0,1
"G[0,2](Glucose <= 47.213 -> MAP <= 63.226)
",9999999.000,9999999.000,0.000,1.000,0.000,0,0,17,9,9,17,17,9,0.0,0.0,1.0,0.0,0.0,1.0,1
"G[2,2]((Bilirubin_total <= 0.120 & MAP <= 88.464) & PaCO2 <= 99.493)
",8675438004031423.000,0.120,0.000,1.000,0.000,0,0,26,0,0,26,26,0,0.0,0.0,1.0,0.0,0.0,1.0,1
"G[0,1]((MAP >= 18.047 -> Temp <= 13.994) & Bilirubin_total >= 0.446)
",9999999.000,9999999.000,0.000,1.000,0.000,0,0,0,26,26,0,0,26,0.0,0.0,0.0,0.0,0.0,1.0,1
"G[1,2](Bilirubin_total >= 0.009 | Potassium <= 2.916)
",9999999.000,9999999.000,0.000,1.000,0.000,0,0,25,1,1,25,25,1,0.0,0.0,1.0,0.0,0.0,1.0,1
"G[1,2](((Bilirubin_total >= 0.019 | Chloride >= 2.112) -> Glucose <= 10.738) & AST <= 72.775)
",9999999.000,9999999.000,0.000,1.000,0.000,0,0,24,2,2,24,24,2,0.0,0.0,1.0,0.0,0.0,1.0,1
"G[2,2](Bilirubin_total <= 1.231 & Creatinine >= 0.009)
",-5232944959085764.000,-0.009,0.000,1.000,0.000,0,0,26,0,0,26,26,0,0.0,0.0,1.0,0.0,0.0,1.0,1
"G[0,2]((Bilirubin_total <= 0.921 & HCO3 >= 0.943) & Phosphate >= 0.240)
",9999999.000,9999999.000,0.000,1.000,0.000,0,0,0,26,26,0,0,26,0.0,0.0,0.0,0.0,0.0,1.0,1
"G[0,2](BUN <= 6.685 -> HCO3 >= 1.015)
",9999999.000,9999999.000,0.000,1.000,0.000,0,0,0,26,26,0,0,26,0.0,0.0,0.0,0.0,0.0,1.0,1
"G[0,2]((Creatinine <= 0.296 -> Hct <= 34.221) | pH <= 18.416)
",9999999.000,9999999.000,0.000,1.000,0.000,0,0,26,0,0,26,26,0,0.0,0.0,1.0,0.0,0.0,1.0,1
"G[0,1]((BUN >= 0.532 & PTT >= 0.406) & Phosphate <= 22.535)
",9999999.000,9999999.000,0.000,1.000,0.000,0,0,0,26,26,0,0,26,0.0,0.0,0.0,0.0,0.0,1.0,1
"G[1,1](BUN <= 5.593 & Creatinine >= 0.042)
",-0.042,-0.042,0.000,1.000,0.000,0,0,1,25,25,1,1,25,0.0,0.0,1.0,0.0,0.0,1.0,1
"G[1,2](((Hgb <= 1.592 | Hct <= 15.551) -> WBC >= 0.137) & Platelets >= 15.427)
",9999999.000,9999999.000,0.000,1.000,0.000,0,0,3,23,23,3,3,23,0.0,0.0,1.0,0.0,0.0,1.0,1
"G[0,2](Platelets <= 239.697 -> WBC >= 0.279)
",9999999.000,9999999.000,0.000,1.000,0.000,0,0,0,26,26,0,0,26,0.0,0.0,0.0,0.0,0.0,1.0,1
"G[0,1](Chloride >= 5.063 & HCO3 >= 0.332)
",9999999.000,9999999.000,0.000,1.000,0.000,0,0,0,26,26,0,0,26,0.0,0.0,0.0,0.0,0.0,1.0,1
"G[0,1](BUN <= 9.273 & Creatinine >= 0.010)
",9999999.000,9999999.000,0.000,1.000,0.000,0,0,0,26,26,0,0,26,0.0,0.0,0.0,0.0,0.0,1.0,1
"G[0,1](((Hgb <= 4.516 | Hct <= 19.308) -> WBC >= 0.062) & Platelets >= 3.086)
",9999999.000,9999999.000,0.000,1.000,0.000,0,0,0,26,26,0,0,26,0.0,0.0,0.0,0.0,0.0,1.0,1
"G[0,2](Chloride >= 3.944 & HCO3 >= 1.493)
",9999999.000,9999999.000,0.000,1.000,0.000,0,0,0,26,26,0,0,26,0.0,0.0,0.0,0.0,0.0,1.0,1
"G[1,2](Platelets <= 278.730 -> WBC >= 0.118)
",9999999.000,9999999.000,0.000,1.000,0.000,0,0,3,23,23,3,3,23,0.0,0.0,1.0,0.0,0.0,1.0,1
"G[1,2](Chloride >= 1.871 & HCO3 >= 1.188)
",9999999.000,9999999.000,0.000,1.000,0.000,0,0,3,23,23,3,3,23,0.0,0.0,1.0,0.0,0.0,1.0,1
"G[1,2](BUN <= 2.516 & Creatinine >= 0.041)
",9999999.000,9999999.000,0.000,1.000,0.000,0,0,1,25,25,1,1,25,0.0,0.0,1.0,0.0,0.0,1.0,1
"G[1,2](((Hgb <= 9.231 | Hct <= 21.637) -> WBC >= 0.022) & Platelets >= 9.073)
",9999999.000,9999999.000,0.000,1.000,0.000,0,0,3,23,23,3,3,23,0.0,0.0,1.0,0.0,0.0,1.0,1
"G[0,2](((PTT >= 0.041 | Temp <= 10.208) | Phosphate <= 9.154) | AST >= 2.574)
",9999999.000,9999999.000,0.000,1.000,0.000,0,0,26,0,0,26,26,0,0.0,0.0,1.0,0.0,0.0,1.0,1
"G[0,2]((Hct <= 10.243 -> Temp >= 2.494) | SBP >= 0.918)
",9999999.000,9999999.000,0.000,1.000,0.000,0,0,8,18,18,8,8,18,0.0,0.0,1.0,0.0,0.0,1.0,1
"G[0,2](Platelets <= 124.471 -> Temp <= 4.729)
",9999999.000,9999999.000,0.000,1.000,0.000,0,0,21,5,5,21,21,5,0.0,0.0,1.0,0.0,0.0,1.0,1
"G[1,2](Platelets <= 115.669 -> WBC >= 0.182)
",9999999.000,9999999.000,0.000,1.000,0.000,0,0,3,23,23,3,3,23,0.0,0.0,1.0,0.0,0.0,1.0,1
"G[0,2](((BUN <= 4.348 & Phosphate <= 2.004) -> HR >= 0.046) -> DBP <= 0.504)
",9999999.000,9999999.000,0.000,1.000,0.000,0,0,26,0,0,26,26,0,0.0,0.0,1.0,0.0,0.0,1.0,1
"G[2,2](((HR >= 10.967 -> Resp >= 6.738) -> Alkalinephos >= 4.530) -> Chloride <= 17.736)
",-17.736,-17.736,0.000,1.000,0.000,0,0,26,0,0,26,26,0,0.0,0.0,1.0,0.0,0.0,1.0,1
"G[1,2]((Chloride <= 25.938 & Magnesium >= 0.064) & FiO2 <= 0.685)
",9999999.000,9999999.000,0.000,1.000,0.000,0,0,1,25,25,1,1,25,0.0,0.0,1.0,0.0,0.0,1.0,1
"G[1,2](Creatinine >= 0.019 & WBC <= 2.195)
",9999999.000,9999999.000,0.000,1.000,0.000,0,0,1,25,25,1,1,25,0.0,0.0,1.0,0.0,0.0,1.0,1
"G[0,2]((Chloride >= 0.334 & WBC >= 0.056) | BaseExcess <= 1.952)
",9999999.000,9999999.000,0.000,1.000,0.000,0,0,26,0,0,26,26,0,0.0,0.0,1.0,0.0,0.0,1.0,1
"G[0,2](((HCO3 >= 0.233 | WBC >= 0.272) & Bilirubin_direct <= 3.526) | Calcium <= 4.583)
",9999999.000,9999999.000,0.000,1.000,0.000,0,0,26,0,0,26,26,0,0.0,0.0,1.0,0.0,0.0,1.0,1
"G[0,2]((Hgb <= 8.848 | Magnesium >= 0.038) & Hct <= 0.778)
",9999999.000,9999999.000,0.000,1.000,0.000,0,0,23,3,3,23,23,3,0.0,0.0,1.0,0.0,0.0,1.0,1
"G[2,2](((Bilirubin_total >= 0.009 -> BUN >= 0.466) & Hct >= 0.173) & Bilirubin_direct <= 5.057)
",-6229723454512948.000,-0.173,0.000,1.000,0.000,0,0,26,0,0,26,26,0,0.0,0.0,1.0,0.0,0.0,1.0,1
"G[2,2]((Chloride >= 5.330 | Creatinine >= 0.012) | BUN <= 0.182)
",6540855542704897.000,0.182,0.000,1.000,0.000,0,0,26,0,0,26,26,0,0.0,0.0,1.0,0.0,0.0,1.0,1
"G[1,2](Bilirubin_total <= 0.247 -> Magnesium <= 0.748)
",9999999.000,9999999.000,0.000,1.000,0.000,0,0,25,1,1,25,25,1,0.0,0.0,1.0,0.0,0.0,1.0,1
"G[0,2]((Alkalinephos >= 14.480 -> Glucose >= 1.728) & Glucose >= 1.486)
",9999999.000,9999999.000,0.000,1.000,0.000,0,0,0,26,26,0,0,26,0.0,0.0,0.0,0.0,0.0,1.0,1
"G[0,2](((Hct <= 12.765 & O2Sat >= 10.492) & PTT <= 88.821) & Fibrinogen <= 79.171)
",9999999.000,9999999.000,0.000,1.000,0.000,0,0,5,21,21,5,5,21,0.0,0.0,1.0,0.0,0.0,1.0,1
"G[1,2](((Hct >= 0.539 & MAP <= 90.001) & Creatinine <= 80.928) & pH >= 20.452)
",9999999.000,9999999.000,0.000,1.000,0.000,0,0,1,25,25,1,1,25,0.0,0.0,1.0,0.0,0.0,1.0,1
"G[0,2]((Chloride >= 3.772 -> O2Sat >= 8.508) & SBP >= 16.370)
",9999999.000,9999999.000,0.000,1.000,0.000,0,0,7,19,19,7,7,19,0.0,0.0,1.0,0.0,0.0,1.0,1
"G[0,2](Hgb <= 10.892 | O2Sat >= 27.818)
",9999999.000,9999999.000,0.000,1.000,0.000,0,0,24,2,2,24,24,2,0.0,0.0,1.0,0.0,0.0,1.0,1
"G[0,2](((HCO3 <= 12.020 -> HR >= 0.348) & SepsisLabel >= 16.769) & Chloride >= 18.911)
",9999999.000,9999999.000,0.000,1.000,0.000,0,0,0,26,26,0,0,26,0.0,0.0,0.0,0.0,0.0,1.0,1
"G[0,1]((O2Sat <= 57.505 | Platelets <= 153.094) & Potassium >= 4.114)
",9999999.000,9999999.000,0.000,1.000,0.000,0,0,0,26,26,0,0,26,0.0,0.0,0.0,0.0,0.0,1.0,1
"G[2,2](Calcium >= 0.091 & O2Sat <= 46.802)
",-6524598183906716.000,-0.091,0.000,1.000,0.000,0,0,26,0,0,26,26,0,0.0,0.0,1.0,0.0,0.0,1.0,1
"G[0,1](((O2Sat >= 18.325 | Phosphate >= 0.017) | O2Sat <= 3.266) & WBC >= 0.076)
",9999999.000,9999999.000,0.000,1.000,0.000,0,0,0,26,26,0,0,26,0.0,0.0,0.0,0.0,0.0,1.0,1
"G[1,2](((BUN <= 10.201 & HR >= 17.225) | Alkalinephos >= 11.091) -> BaseExcess <= 30.778)
",9999999.000,9999999.000,0.000,1.000,0.000,0,0,26,0,0,26,26,0,0.0,0.0,1.0,0.0,0.0,1.0,1
"G[1,2]((AST <= 118.826 | MAP >= 4.797) -> pH >= 20.846)
",9999999.000,9999999.000,0.000,1.000,0.000,0,0,2,24,24,2,2,24,0.0,0.0,1.0,0.0,0.0,1.0,1
"G[1,2]((Alkalinephos >= 16.971 | SBP >= 28.677) & Potassium >= 16.494)
",9999999.000,9999999.000,0.000,1.000,0.000,0,0,1,25,25,1,1,25,0.0,0.0,1.0,0.0,0.0,1.0,1
"G[1,2](AST >= 3.663 | HR <= 29.447)
",9999999.000,9999999.000,0.000,1.000,0.000,0,0,19,7,7,19,19,7,0.0,0.0,1.0,0.0,0.0,1.0,1
"F[1,2](PTT <= 19.141 & SBP >= 14.245)
",-9999999.000,-9999999.000,0.000,0.000,1.000,0,0,0,26,26,0,0,26,0.0,0.0,0.0,0.0,0.0,1.0,-1
