Rule,Discrimination Score,Pos Robustness,Neg Robustness,Percent Class +,Percent Class -,TP,TN,FP,FN,Actual Yes,Actual No,Predicted Yes,Predicted No,TPR/Sens,TNR/Spec,FPR,Precision,Accuracy,MCR,Class
"G[0,0]((HR <= 37.241 | BaseExcess <= 0.000) & EtCO2 >= 0.000)
",0.000,0.000,0.000,1.000,0.000,20,0,0,0,20,0,20,0,1.0,0.0,0.0,1.0,1.0256410256410255,-0.02564102564102555,1
"G[0,0](((BUN <= 6.104 | AST <= 0.000) -> Lactate <= 0.000) -> Magnesium >= 0.000)
",0.000,0.000,0.000,1.000,0.000,20,0,0,0,20,0,20,0,1.0,0.0,0.0,1.0,1.0256410256410255,-0.02564102564102555,1
"G[0,0](FiO2 >= 0.000 | BaseExcess >= 0.000)
",0.000,0.000,0.000,1.000,0.000,20,0,0,0,20,0,20,0,1.0,0.0,0.0,1.0,1.0256410256410255,-0.02564102564102555,1
"F[0,0](BUN <= 10.518 & Calcium >= 0.117)
",-8405151374594882.000,-0.117,0.000,0.000,1.000,20,0,0,0,20,0,20,0,1.0,0.0,0.0,1.0,1.0256410256410255,-0.02564102564102555,-1
"G[0,0](Fibrinogen <= 0.000 & Fibrinogen >= 0.000)
",0.000,0.000,0.000,1.000,0.000,20,0,0,0,20,0,20,0,1.0,0.0,0.0,1.0,1.0256410256410255,-0.02564102564102555,1
"G[0,0](((Calcium <= 7.855 & Phosphate >= 0.000) -> Creatinine >= 0.000) -> Temp >= 0.000)
",-0.343,-10.368,0.000,1.000,0.000,20,0,0,0,20,0,20,0,1.0,0.0,0.0,1.0,1.0256410256410255,-0.02564102564102555,1
"G[0,0]((Bilirubin_total >= 0.000 & Lactate >= 0.000) & PaCO2 <= 0.000)
",0.000,0.000,0.000,1.000,0.000,20,0,0,0,20,0,20,0,1.0,0.0,0.0,1.0,1.0256410256410255,-0.02564102564102555,1
"G[0,0](Chloride >= 0.000 & HCO3 >= 0.000)
",0.000,0.000,0.000,1.000,0.000,20,0,0,0,20,0,20,0,1.0,0.0,0.0,1.0,1.0256410256410255,-0.02564102564102555,1
"G[0,0](AST >= 0.000 | SBP <= 88.288)
",7.670,84.509,0.000,1.000,0.000,20,0,0,0,20,0,20,0,1.0,0.0,0.0,1.0,1.0256410256410255,-0.02564102564102555,1
"G[0,0](((PaCO2 >= 0.000 -> Phosphate <= 0.000) & Hgb <= 0.000) | Resp <= 0.000)
",0.000,0.000,0.000,1.000,0.000,20,0,0,0,20,0,20,0,1.0,0.0,0.0,1.0,1.0256410256410255,-0.02564102564102555,1
"G[0,0](((Resp <= 7.915 | Hgb <= 1.267) | DBP >= 0.075) | O2Sat <= 3.352)
",0.608,12.302,0.000,1.000,0.000,20,0,0,0,20,0,20,0,1.0,0.0,0.0,1.0,1.0256410256410255,-0.02564102564102555,1
"G[0,0](((HR <= 67.773 -> SBP <= 81.195) -> Chloride <= 38.532) | HR <= 92.693)
",-5422847429509316.000,-38.532,0.000,1.000,0.000,20,0,0,0,20,0,20,0,1.0,0.0,0.0,1.0,1.0256410256410255,-0.02564102564102555,1
"G[0,0]((MAP >= 4.097 | FiO2 >= 0.000) -> Fibrinogen <= 0.000)
",-0.343,-14.042,0.000,1.000,0.000,20,0,0,0,20,0,20,0,1.0,0.0,0.0,1.0,1.0256410256410255,-0.02564102564102555,1
"G[0,0]((SaO2 >= 0.000 & Bilirubin_total <= 0.000) | HR >= 0.000)
",21137.000,21137.000,0.000,1.000,0.000,20,0,0,0,20,0,20,0,1.0,0.0,0.0,1.0,1.0256410256410255,-0.02564102564102555,1
"G[0,0](AST <= 0.000 & Lactate >= 0.000)
",0.000,0.000,0.000,1.000,0.000,20,0,0,0,20,0,20,0,1.0,0.0,0.0,1.0,1.0256410256410255,-0.02564102564102555,1
"G[0,0](((Platelets >= 2.822 | HR <= 87.104) | EtCO2 <= 21.714) | Resp >= 3.380)
",2.066,26.020,0.000,1.000,0.000,20,0,0,0,20,0,20,0,1.0,0.0,0.0,1.0,1.0256410256410255,-0.02564102564102555,1
"G[0,0](((O2Sat >= 13.642 & Temp <= 36.028) & PaCO2 <= 26.838) -> EtCO2 <= 24.241)
",-4.045,-22.346,0.000,1.000,0.000,20,0,0,0,20,0,20,0,1.0,0.0,0.0,1.0,1.0256410256410255,-0.02564102564102555,1
"G[1,1](Chloride >= 0.000 & HCO3 >= 0.000)
",0.000,0.000,0.000,1.000,0.000,19,0,1,0,19,1,20,0,1.0,0.0,1.0,0.95,0.9743589743589743,0.02564102564102566,1
"F[1,1](((Calcium < 3.462 & Potassium < 1.351) & Magnesium < 0.000) & Phosphate < 0.000)
",0.000,0.000,0.000,0.000,1.000,19,0,0,1,20,0,19,1,0.95,0.0,0.0,1.0,0.9743589743589743,0.02564102564102566,-1
"F[0,1](((DBP <= 49.697 | MAP <= 93.544) -> FiO2 >= 5.019) & Magnesium >= 3.434)
",-9999999.000,-9999999.000,0.000,0.000,1.000,19,0,0,1,20,0,19,1,0.95,0.0,0.0,1.0,0.9743589743589743,0.02564102564102566,-1
"G[0,1](BUN <= 14.817 -> WBC <= 2.317)
",9999999.000,9999999.000,0.000,1.000,0.000,19,0,1,0,19,1,20,0,1.0,0.0,1.0,0.95,0.9743589743589743,0.02564102564102566,1
"G[0,1](Chloride >= 0.000 & HCO3 >= 0.000)
",9999999.000,9999999.000,0.000,1.000,0.000,19,0,1,0,19,1,20,0,1.0,0.0,1.0,0.95,0.9743589743589743,0.02564102564102566,1
"G[0,1](Creatinine < 0.048 -> SepsisLabel = 0.000)
",9999999.000,9999999.000,0.000,1.000,0.000,19,0,1,0,19,1,20,0,1.0,0.0,1.0,0.95,0.9743589743589743,0.02564102564102566,1
"G[1,1](Hgb > 0.298 -> SepsisLabel = 0.000)
",0.000,0.000,0.000,1.000,0.000,19,0,1,0,19,1,20,0,1.0,0.0,1.0,0.95,0.9743589743589743,0.02564102564102566,1
"G[0,1](Chloride >= 0.000 & HCO3 >= 0.000)
",9999999.000,9999999.000,0.000,1.000,0.000,19,0,1,0,19,1,20,0,1.0,0.0,1.0,0.95,0.9743589743589743,0.02564102564102566,1
"G[1,1]((WBC >= 0.007 | SepsisLabel >= 0.000) -> SepsisLabel >= 0.000)
",0.000,0.000,0.000,1.000,0.000,19,0,1,0,19,1,20,0,1.0,0.0,1.0,0.95,0.9743589743589743,0.02564102564102566,1
"G[0,1](TroponinI > 0.000 -> SepsisLabel = 0.000)
",9999999.000,9999999.000,0.000,1.000,0.000,19,0,1,0,19,1,20,0,1.0,0.0,1.0,0.95,0.9743589743589743,0.02564102564102566,1
"G[1,1](O2Sat <= 55.008 -> SepsisLabel = 0.000)
",-55.008,-55.008,0.000,1.000,0.000,19,0,1,0,19,1,20,0,1.0,0.0,1.0,0.95,0.9743589743589743,0.02564102564102566,1
"G[0,1](Chloride >= 0.000 & HCO3 >= 0.000)
",9999999.000,9999999.000,0.000,1.000,0.000,19,0,1,0,19,1,20,0,1.0,0.0,1.0,0.95,0.9743589743589743,0.02564102564102566,1
"G[1,1]((Glucose <= 51.135 & Hgb >= 0.232) | TroponinI <= 6.167)
",6.167,6.167,0.000,1.000,0.000,19,0,1,0,19,1,20,0,1.0,0.0,1.0,0.95,0.9743589743589743,0.02564102564102566,1
"G[0,1](Chloride <= 0.000 | Resp >= 1.760)
",9999999.000,9999999.000,0.000,1.000,0.000,19,0,1,0,19,1,20,0,1.0,0.0,1.0,0.95,0.9743589743589743,0.02564102564102566,1
"G[0,1](FiO2 <= 0.000 & pH >= 0.000)
",9999999.000,9999999.000,0.000,1.000,0.000,19,0,1,0,19,1,20,0,1.0,0.0,1.0,0.95,0.9743589743589743,0.02564102564102566,1
"F[1,1](((Calcium < 4.567 & Potassium < 2.890) & Magnesium < 0.000) & Phosphate < 0.000)
",0.000,0.000,0.000,0.000,1.000,19,0,0,1,20,0,19,1,0.95,0.0,0.0,1.0,0.9743589743589743,0.02564102564102566,-1
"G[1,1]((Calcium <= 4.062 & Bilirubin_direct <= 0.000) -> HCO3 >= 0.000)
",0.000,0.000,0.000,1.000,0.000,19,0,1,0,19,1,20,0,1.0,0.0,1.0,0.95,0.9743589743589743,0.02564102564102566,1
"F[0,1]((AST <= 0.000 -> MAP <= 41.323) & pH >= 1.332)
",-9999999.000,-9999999.000,0.000,0.000,1.000,19,0,0,1,20,0,19,1,0.95,0.0,0.0,1.0,0.9743589743589743,0.02564102564102566,-1
"F[0,0](PaCO2 >= 0.000 -> Creatinine >= 0.014)
",0.000,0.000,0.000,0.000,1.000,19,0,0,1,20,0,19,1,0.95,0.0,0.0,1.0,0.9743589743589743,0.02564102564102566,-1
"F[1,1](SepsisLabel < 0.000 & SepsisLabel = 0.000)
",0.000,0.000,0.000,0.000,1.000,19,0,0,1,20,0,19,1,0.95,0.0,0.0,1.0,0.9743589743589743,0.02564102564102566,-1
"F[0,0]((Chloride <= 0.000 -> Potassium <= 2.815) -> Hct >= 0.024)
",7.341,0.023,0.000,0.000,1.000,19,0,0,1,20,0,19,1,0.95,0.0,0.0,1.0,0.9743589743589743,0.02564102564102566,-1
"F[0,1](((Calcium < 6.773 & Potassium < 0.688) & Magnesium < 0.000) & Phosphate < 0.000)
",-9999999.000,-9999999.000,0.000,0.000,1.000,19,0,0,1,20,0,19,1,0.95,0.0,0.0,1.0,0.9743589743589743,0.02564102564102566,-1
"F[0,1](((Calcium < 1.505 & Potassium < 3.455) & Magnesium < 0.000) & Phosphate < 0.000)
",-9999999.000,-9999999.000,0.000,0.000,1.000,19,0,0,1,20,0,19,1,0.95,0.0,0.0,1.0,0.9743589743589743,0.02564102564102566,-1
"F[1,1](((Lactate >= 0.000 -> Potassium >= 0.036) -> PTT <= 0.424) & Potassium >= 0.039)
",-0.424,-0.424,0.000,0.000,1.000,19,0,0,1,20,0,19,1,0.95,0.0,0.0,1.0,0.9743589743589743,0.02564102564102566,-1
"F[1,1]((Phosphate <= 0.000 & SBP <= 44.862) & pH >= 24.372)
",-6860065320021956.000,-24.372,0.000,0.000,1.000,19,0,0,1,20,0,19,1,0.95,0.0,0.0,1.0,0.9743589743589743,0.02564102564102566,-1
"F[0,1](((Creatinine >= 0.010 -> Glucose <= 21.780) & Fibrinogen >= 1.021) | PaCO2 >= 4.110)
",-9999999.000,-9999999.000,0.000,0.000,1.000,19,0,0,1,20,0,19,1,0.95,0.0,0.0,1.0,0.9743589743589743,0.02564102564102566,-1
"F[0,1](((Calcium < 5.581 & Potassium < 3.171) & Magnesium < 0.000) & Phosphate < 0.000)
",-9999999.000,-9999999.000,0.000,0.000,1.000,19,0,0,1,20,0,19,1,0.95,0.0,0.0,1.0,0.9743589743589743,0.02564102564102566,-1
"F[0,1](((Calcium < 6.862 & Potassium < 0.489) & Magnesium < 0.000) & Phosphate < 0.000)
",-9999999.000,-9999999.000,0.000,0.000,1.000,19,0,0,1,20,0,19,1,0.95,0.0,0.0,1.0,0.9743589743589743,0.02564102564102566,-1
"F[0,0]((WBC >= 0.121 & Glucose >= 4.182) & Chloride <= 5.807)
",-4.182,-4.182,0.000,0.000,1.000,19,0,0,1,20,0,19,1,0.95,0.0,0.0,1.0,0.9743589743589743,0.02564102564102566,-1
"F[0,1](((HR <= 87.723 | Hgb <= 2.648) -> Hgb >= 0.299) & AST >= 0.266)
",-9999999.000,-9999999.000,0.000,0.000,1.000,19,0,0,1,20,0,19,1,0.95,0.0,0.0,1.0,0.9743589743589743,0.02564102564102566,-1
"F[0,0](WBC >= 0.030 & SepsisLabel = 0.000)
",-4379740520231718.500,-0.030,0.000,0.000,1.000,19,0,0,1,20,0,19,1,0.95,0.0,0.0,1.0,0.9743589743589743,0.02564102564102566,-1
"F[1,1](Calcium > 0.190 & SepsisLabel = 0.000)
",-6835652674528883.000,-0.190,0.000,0.000,1.000,19,0,0,1,20,0,19,1,0.95,0.0,0.0,1.0,0.9743589743589743,0.02564102564102566,-1
"F[1,1](Calcium >= 0.166 & Chloride <= 0.000)
",-5991978898246146.000,-0.166,0.000,0.000,1.000,19,0,0,1,20,0,19,1,0.95,0.0,0.0,1.0,0.9743589743589743,0.02564102564102566,-1
"G[0,0](BUN <= 1.000 & HCO3 <= 0.000)
",0.000,0.000,0.000,1.000,0.000,19,0,0,1,20,0,19,1,0.95,0.0,0.0,1.0,0.9743589743589743,0.02564102564102566,1
"F[1,1]((MAP >= 1.843 | TroponinI <= 0.005) & PaCO2 >= 8.688668506123046e-05)
",0.000,0.000,0.000,0.000,1.000,19,0,0,1,20,0,19,1,0.95,0.0,0.0,1.0,0.9743589743589743,0.02564102564102566,-1
"F[1,1](((WBC >= 0.060 & Creatinine >= 0.014) | MAP <= 0.157) & BaseExcess >= 0.015)
",-0.015,-0.015,0.000,0.000,1.000,19,0,0,1,20,0,19,1,0.95,0.0,0.0,1.0,0.9743589743589743,0.02564102564102566,-1
"F[0,0](AST <= 0.000 & BUN >= 0.221)
",-0.221,-0.221,0.000,0.000,1.000,19,0,0,1,20,0,19,1,0.95,0.0,0.0,1.0,0.9743589743589743,0.02564102564102566,-1
"((Alkalinephos < 0.000) U[1,2] (SepsisLabel = 0.000))
",-9999999.000,-9999999.000,0.000,0.000,1.000,19,0,0,1,20,0,19,1,0.95,0.0,0.0,1.0,0.9743589743589743,0.02564102564102566,-1
"F[0,1](((AST >= 0.000 -> Potassium <= 2.189) -> BaseExcess <= 3.106) -> BaseExcess >= 0.097)
",-9999999.000,-9999999.000,0.000,0.000,1.000,19,0,0,1,20,0,19,1,0.95,0.0,0.0,1.0,0.9743589743589743,0.02564102564102566,-1
"G[0,1](((SaO2 <= 0.000 & DBP >= 5.590) | Resp <= 56.387) | FiO2 >= 3.303)
",9999999.000,9999999.000,0.000,1.000,0.000,19,0,1,0,19,1,20,0,1.0,0.0,1.0,0.95,0.9743589743589743,0.02564102564102566,1
"G[0,1](Magnesium <= 0.000 & PaCO2 <= 0.000)
",9999999.000,9999999.000,0.000,1.000,0.000,19,0,1,0,19,1,20,0,1.0,0.0,1.0,0.95,0.9743589743589743,0.02564102564102566,1
"G[0,1](((Platelets <= 101.151 -> TroponinI <= 0.005) & Potassium <= 0.010) -> BaseExcess <= 0.004)
",9999999.000,9999999.000,0.000,1.000,0.000,19,0,1,0,19,1,20,0,1.0,0.0,1.0,0.95,0.9743589743589743,0.02564102564102566,1
"G[0,1](((SaO2 <= 0.000 | Platelets <= 169.032) -> Alkalinephos <= 120.977) -> Magnesium <= 143.671)
",9999999.000,9999999.000,0.000,1.000,0.000,19,0,1,0,19,1,20,0,1.0,0.0,1.0,0.95,0.9743589743589743,0.02564102564102566,1
"G[0,1](((Calcium >= 0.074 | Lactate >= 0.000) | SaO2 <= 0.000) -> Hct >= 0.000)
",9999999.000,9999999.000,0.000,1.000,0.000,19,0,1,0,19,1,20,0,1.0,0.0,1.0,0.95,0.9743589743589743,0.02564102564102566,1
"G[1,1](Potassium <= 0.568 -> Creatinine <= 0.396)
",-5119620848908469.000,-0.568,0.000,1.000,0.000,19,0,1,0,19,1,20,0,1.0,0.0,1.0,0.95,0.9743589743589743,0.02564102564102566,1
"G[0,1](((Resp >= 2.565 & TroponinI >= 0.000) -> Creatinine >= 0.000) | AST <= 0.002)
",9999999.000,9999999.000,0.000,1.000,0.000,19,0,1,0,19,1,20,0,1.0,0.0,1.0,0.95,0.9743589743589743,0.02564102564102566,1
"G[1,1]((SBP <= 133.456 | TroponinI <= 0.009) | AST <= 0.008)
",133.456,133.456,0.000,1.000,0.000,19,0,1,0,19,1,20,0,1.0,0.0,1.0,0.95,0.9743589743589743,0.02564102564102566,1
"G[0,1](((pH >= 0.000 & pH >= 0.000) & Resp <= 0.000) | SaO2 >= 0.000)
",9999999.000,9999999.000,0.000,1.000,0.000,19,0,1,0,19,1,20,0,1.0,0.0,1.0,0.95,0.9743589743589743,0.02564102564102566,1
"G[1,1]((Calcium >= 0.217 | Temp >= 5.131) -> SaO2 <= 12.809)
",-7210988464460707.000,-12.809,0.000,1.000,0.000,19,0,1,0,19,1,20,0,1.0,0.0,1.0,0.95,0.9743589743589743,0.02564102564102566,1
"G[0,1](Resp <= 7.421 | WBC <= 1.764)
",9999999.000,9999999.000,0.000,1.000,0.000,19,0,1,0,19,1,20,0,1.0,0.0,1.0,0.95,0.9743589743589743,0.02564102564102566,1
"G[0,1](((Creatinine <= 0.696 & DBP >= 3.676) -> HR >= 6.770) | HR <= 40.641)
",9999999.000,9999999.000,0.000,1.000,0.000,19,0,1,0,19,1,20,0,1.0,0.0,1.0,0.95,0.9743589743589743,0.02564102564102566,1
"G[0,1](((BUN >= 0.225 | DBP >= 9.492) | WBC >= 1.677) | PTT <= 16.599)
",9999999.000,9999999.000,0.000,1.000,0.000,19,0,1,0,19,1,20,0,1.0,0.0,1.0,0.95,0.9743589743589743,0.02564102564102566,1
"G[0,1]((MAP <= 50.721 & TroponinI <= 0.004) | MAP >= 0.000)
",9999999.000,9999999.000,0.000,1.000,0.000,19,0,1,0,19,1,20,0,1.0,0.0,1.0,0.95,0.9743589743589743,0.02564102564102566,1
"G[1,1]((Hct >= 0.364 | TroponinI >= 0.000) -> Hgb <= 0.006)
",-6959367028122782.000,-0.006,0.000,1.000,0.000,19,0,1,0,19,1,20,0,1.0,0.0,1.0,0.95,0.9743589743589743,0.02564102564102566,1
"G[0,1]((PTT >= 0.000 -> BaseExcess >= 0.000) & WBC >= 0.000)
",9999999.000,9999999.000,0.000,1.000,0.000,19,0,1,0,19,1,20,0,1.0,0.0,1.0,0.95,0.9743589743589743,0.02564102564102566,1
"G[0,1](((Platelets <= 133.851 & Phosphate >= 0.000) & FiO2 <= 0.000) -> HCO3 >= 0.000)
",9999999.000,9999999.000,0.000,1.000,0.000,19,0,1,0,19,1,20,0,1.0,0.0,1.0,0.95,0.9743589743589743,0.02564102564102566,1
"G[0,1](((SaO2 >= 0.000 | SepsisLabel <= 0.000) & O2Sat >= 0.000) | AST >= 0.000)
",9999999.000,9999999.000,0.000,1.000,0.000,19,0,1,0,19,1,20,0,1.0,0.0,1.0,0.95,0.9743589743589743,0.02564102564102566,1
"G[1,1](((HCO3 <= 0.000 & Bilirubin_direct >= 0.000) | Lactate <= 0.000) | MAP <= 0.000)
",0.000,0.000,0.000,1.000,0.000,19,0,1,0,19,1,20,0,1.0,0.0,1.0,0.95,0.9743589743589743,0.02564102564102566,1
"G[1,1](((Fibrinogen <= 0.000 & Fibrinogen <= 0.000) | Magnesium >= 0.000) & Fibrinogen >= 0.000)
",0.000,0.000,0.000,1.000,0.000,19,0,1,0,19,1,20,0,1.0,0.0,1.0,0.95,0.9743589743589743,0.02564102564102566,1
"G[0,1]((PTT >= 0.000 & BaseExcess >= 0.000) & PTT >= 0.000)
",9999999.000,9999999.000,0.000,1.000,0.000,19,0,1,0,19,1,20,0,1.0,0.0,1.0,0.95,0.9743589743589743,0.02564102564102566,1
"G[1,1]((Hgb <= 7.426 | SepsisLabel <= 0.000) | Lactate >= 0.000)
",8360843281753105.000,7.426,0.000,1.000,0.000,19,0,1,0,19,1,20,0,1.0,0.0,1.0,0.95,0.9743589743589743,0.02564102564102566,1
"G[1,1](((PaCO2 >= 0.000 & WBC >= 0.143) -> Phosphate <= 5.553) | Calcium >= 0.019)
",-0.019,-0.019,0.000,1.000,0.000,19,0,1,0,19,1,20,0,1.0,0.0,1.0,0.95,0.9743589743589743,0.02564102564102566,1
"G[0,1](SepsisLabel <= 0.000 & Chloride <= 0.000)
",9999999.000,9999999.000,0.000,1.000,0.000,19,0,1,0,19,1,20,0,1.0,0.0,1.0,0.95,0.9743589743589743,0.02564102564102566,1
"G[1,1]((Magnesium <= 0.000 & Bilirubin_total <= 0.000) -> SaO2 >= 0.000)
",0.000,0.000,0.000,1.000,0.000,19,0,1,0,19,1,20,0,1.0,0.0,1.0,0.95,0.9743589743589743,0.02564102564102566,1
"G[1,1]((BaseExcess <= 0.000 -> Hgb >= 0.321) -> Phosphate >= 0.038)
",0.000,0.000,0.000,1.000,0.000,19,0,1,0,19,1,20,0,1.0,0.0,1.0,0.95,0.9743589743589743,0.02564102564102566,1
"G[0,1]((Lactate <= 0.000 | Phosphate >= 0.000) | DBP <= 0.000)
",9999999.000,9999999.000,0.000,1.000,0.000,19,0,1,0,19,1,20,0,1.0,0.0,1.0,0.95,0.9743589743589743,0.02564102564102566,1
"G[0,1](Bilirubin_direct >= 0.000 | Temp >= 1.779)
",9999999.000,9999999.000,0.000,1.000,0.000,19,0,1,0,19,1,20,0,1.0,0.0,1.0,0.95,0.9743589743589743,0.02564102564102566,1
"G[1,1]((Hgb >= 0.299 | PaCO2 >= 0.000) | pH >= 0.000)
",0.000,0.000,0.000,1.000,0.000,19,0,1,0,19,1,20,0,1.0,0.0,1.0,0.95,0.9743589743589743,0.02564102564102566,1
"((WBC >= 0.144) U[1,1] (Platelets >= 1.208))
",-0.144,-0.144,0.000,0.000,1.000,19,0,0,1,20,0,19,1,0.95,0.0,0.0,1.0,0.9743589743589743,0.02564102564102566,-1
"G[0,1]((AST >= 0.000 -> DBP <= 17.957) | HCO3 <= 79.391)
",9999999.000,9999999.000,0.000,1.000,0.000,19,0,1,0,19,1,20,0,1.0,0.0,1.0,0.95,0.9743589743589743,0.02564102564102566,1
"G[0,1]((Alkalinephos >= 0.000 | HR >= 9.921) | Potassium <= 30.002)
",9999999.000,9999999.000,0.000,1.000,0.000,19,0,1,0,19,1,20,0,1.0,0.0,1.0,0.95,0.9743589743589743,0.02564102564102566,1
"G[1,1]((SaO2 >= 0.000 -> Hgb <= 9.322) -> EtCO2 <= 0.781)
",-7036896115852494.000,-0.781,0.000,1.000,0.000,19,0,1,0,19,1,20,0,1.0,0.0,1.0,0.95,0.9743589743589743,0.02564102564102566,1
"G[0,1]((Platelets >= 1.762 -> PaCO2 <= 0.000) & Hgb >= 0.000)
",9999999.000,9999999.000,0.000,1.000,0.000,19,0,1,0,19,1,20,0,1.0,0.0,1.0,0.95,0.9743589743589743,0.02564102564102566,1
"G[0,1](Creatinine <= 0.766 | WBC >= 0.018)
",9999999.000,9999999.000,0.000,1.000,0.000,19,0,1,0,19,1,20,0,1.0,0.0,1.0,0.95,0.9743589743589743,0.02564102564102566,1
"G[0,1](TroponinI >= 0.000 | HR <= 72.208)
",9999999.000,9999999.000,0.000,1.000,0.000,19,0,1,0,19,1,20,0,1.0,0.0,1.0,0.95,0.9743589743589743,0.02564102564102566,1
"G[0,1](PaCO2 >= 0.000 | Bilirubin_total <= 0.000)
",9999999.000,9999999.000,0.000,1.000,0.000,19,0,1,0,19,1,20,0,1.0,0.0,1.0,0.95,0.9743589743589743,0.02564102564102566,1
"G[0,1](((Potassium <= 2.028 & Hgb >= 0.272) -> Fibrinogen >= 0.133) -> Magnesium <= 6.592)
",9999999.000,9999999.000,0.000,1.000,0.000,19,0,1,0,19,1,20,0,1.0,0.0,1.0,0.95,0.9743589743589743,0.02564102564102566,1
"G[0,1](Chloride <= 0.000 & Lactate >= 0.000)
",9999999.000,9999999.000,0.000,1.000,0.000,19,0,1,0,19,1,20,0,1.0,0.0,1.0,0.95,0.9743589743589743,0.02564102564102566,1
"G[0,1]((HR >= 10.639 | O2Sat <= 36.187) | AST <= 37.609)
",9999999.000,9999999.000,0.000,1.000,0.000,19,0,1,0,19,1,20,0,1.0,0.0,1.0,0.95,0.9743589743589743,0.02564102564102566,1
"G[1,1]((SBP <= 56.620 | Calcium <= 5.981) | SBP >= 0.097)
",7968625087268421.000,56.620,0.000,1.000,0.000,19,0,1,0,19,1,20,0,1.0,0.0,1.0,0.95,0.9743589743589743,0.02564102564102566,1
"G[1,1](TroponinI >= 0.000 -> Glucose <= 43.416)
",-43.416,-43.416,0.000,1.000,0.000,19,0,1,0,19,1,20,0,1.0,0.0,1.0,0.95,0.9743589743589743,0.02564102564102566,1
"G[1,1](AST <= 0.000 | FiO2 <= 0.000)
",0.000,0.000,0.000,1.000,0.000,19,0,1,0,19,1,20,0,1.0,0.0,1.0,0.95,0.9743589743589743,0.02564102564102566,1
"G[0,1]((HR <= 67.280 | pH >= 0.000) | SaO2 >= 0.000)
",9999999.000,9999999.000,0.000,1.000,0.000,19,0,1,0,19,1,20,0,1.0,0.0,1.0,0.95,0.9743589743589743,0.02564102564102566,1
"((SBP <= 122.951) U[0,0] (MAP >= 7.654))
",44.682,123.677,0.000,0.000,1.000,18,0,0,2,20,0,18,2,0.9,0.0,0.0,1.0,0.9230769230769231,0.07692307692307687,-1
"G[0,1]((Bilirubin_direct >= 0.000 & AST >= 0.000) -> Hct <= 0.000)
",9999999.000,9999999.000,0.000,1.000,0.000,18,0,1,1,19,1,19,1,0.9473684210526315,0.0,1.0,0.9473684210526315,0.9230769230769231,0.07692307692307687,1
"G[0,1]((Creatinine <= 0.235 | Hgb <= 11.489) | Bilirubin_total >= 0.086)
",9999999.000,9999999.000,0.000,1.000,0.000,18,0,1,1,19,1,19,1,0.9473684210526315,0.0,1.0,0.9473684210526315,0.9230769230769231,0.07692307692307687,1
"G[0,1](((MAP <= 71.108 -> Temp <= 28.452) -> Calcium >= 2.788) -> Platelets <= 21.844)
",9999999.000,9999999.000,0.000,1.000,0.000,18,0,1,1,19,1,19,1,0.9473684210526315,0.0,1.0,0.9473684210526315,0.9230769230769231,0.07692307692307687,1
"G[0,1](((DBP <= 62.713 & HR <= 22.384) | Calcium <= 65.187) & Platelets <= 47.063)
",9999999.000,9999999.000,0.000,1.000,0.000,18,0,1,1,19,1,19,1,0.9473684210526315,0.0,1.0,0.9473684210526315,0.9230769230769231,0.07692307692307687,1
"G[0,1](Bilirubin_total >= 0.000 & WBC <= 4.359)
",9999999.000,9999999.000,0.000,1.000,0.000,18,0,1,1,19,1,19,1,0.9473684210526315,0.0,1.0,0.9473684210526315,0.9230769230769231,0.07692307692307687,1
"((Hgb >= 0.083) U[1,1] (Phosphate <= 0.000))
",0.000,0.000,0.000,0.000,1.000,18,0,0,2,20,0,18,2,0.9,0.0,0.0,1.0,0.9230769230769231,0.07692307692307687,-1
"G[1,1]((Fibrinogen >= 0.000 -> SaO2 >= 0.000) & MAP <= 0.000)
",0.000,0.000,0.000,1.000,0.000,18,0,1,1,19,1,19,1,0.9473684210526315,0.0,1.0,0.9473684210526315,0.9230769230769231,0.07692307692307687,1
"F[0,1](((PTT <= 0.000 & Creatinine >= 0.006) & DBP <= 0.096) | PTT >= 0.007)
",-9999999.000,-9999999.000,0.000,0.000,1.000,18,0,0,2,20,0,18,2,0.9,0.0,0.0,1.0,0.9230769230769231,0.07692307692307687,-1
"F[0,1](WBC >= 0.026 & SepsisLabel = 0.000)
",-9999999.000,-9999999.000,0.000,0.000,1.000,18,0,0,2,20,0,18,2,0.9,0.0,0.0,1.0,0.9230769230769231,0.07692307692307687,-1
"G[0,1]((BUN <= 8.399 & PTT <= 0.000) & PaCO2 <= 0.000)
",9999999.000,9999999.000,0.000,1.000,0.000,18,0,1,1,19,1,19,1,0.9473684210526315,0.0,1.0,0.9473684210526315,0.9230769230769231,0.07692307692307687,1
"((Hgb >= 0.280) U[1,2] (MAP <= 73.747))
",-9999999.000,-9999999.000,0.000,0.000,1.000,17,0,0,3,20,0,17,3,0.85,0.0,0.0,1.0,0.8717948717948718,0.1282051282051282,-1
"G[0,1](((Bilirubin_direct >= 0.000 & BaseExcess <= 0.000) | HR <= 0.000) & TroponinI <= 0.000)
",9999999.000,9999999.000,0.000,1.000,0.000,17,0,1,2,19,1,18,2,0.8947368421052632,0.0,1.0,0.9444444444444444,0.8717948717948718,0.1282051282051282,1
"G[1,1](HR <= 79.858 -> O2Sat <= 22.787)
",-5619492248555054.000,-79.858,0.000,1.000,0.000,17,0,1,2,19,1,18,2,0.8947368421052632,0.0,1.0,0.9444444444444444,0.8717948717948718,0.1282051282051282,1
"G[1,1](((WBC <= 4.439 -> EtCO2 >= 0.000) & SepsisLabel <= 0.000) -> Temp <= 0.000)
",0.000,0.000,0.000,1.000,0.000,17,0,1,2,19,1,18,2,0.8947368421052632,0.0,1.0,0.9444444444444444,0.8717948717948718,0.1282051282051282,1
"G[1,1]((Hct <= 23.195 & HCO3 >= 0.000) -> Resp <= 0.000)
",0.000,0.000,0.000,1.000,0.000,17,0,1,2,19,1,18,2,0.8947368421052632,0.0,1.0,0.9444444444444444,0.8717948717948718,0.1282051282051282,1
"F[1,1](((DBP >= 1.010 | Resp >= 2.175) -> BaseExcess <= 6.008) & Temp >= 2.366)
",-6764737469885666.000,-6.008,0.000,0.000,1.000,17,0,0,3,20,0,17,3,0.85,0.0,0.0,1.0,0.8717948717948718,0.1282051282051282,-1
"F[1,1]((Potassium <= 2.696 & Temp <= 15.587) -> PTT >= 1.183)
",-6070002490325588.000,-2.696,0.000,0.000,1.000,17,0,0,3,20,0,17,3,0.85,0.0,0.0,1.0,0.8717948717948718,0.1282051282051282,-1
"((Chloride >= 0.000) U[1,1] (O2Sat >= 13.081))
",0.000,0.000,0.000,0.000,1.000,17,0,0,3,20,0,17,3,0.85,0.0,0.0,1.0,0.8717948717948718,0.1282051282051282,-1
"G[0,1](((MAP >= 3.702 | Chloride >= 0.000) -> DBP >= 0.000) & Glucose <= 0.000)
",9999999.000,9999999.000,0.000,1.000,0.000,17,0,1,2,19,1,18,2,0.8947368421052632,0.0,1.0,0.9444444444444444,0.8717948717948718,0.1282051282051282,1
"((Glucose >= 0.219) U[1,2] (SBP <= 147.068))
",-9999999.000,-9999999.000,0.000,0.000,1.000,16,0,0,4,20,0,16,4,0.8,0.0,0.0,1.0,0.8205128205128205,0.17948717948717952,-1
"F[0,1]((MAP >= 0.691 & Platelets >= 3.089) | MAP >= 0.170)
",-9999999.000,-9999999.000,0.000,0.000,1.000,16,0,0,4,20,0,16,4,0.8,0.0,0.0,1.0,0.8205128205128205,0.17948717948717952,-1
"((MAP >= 2.405) U[1,2] (SBP <= 147.846))
",-9999999.000,-9999999.000,0.000,0.000,1.000,16,0,0,4,20,0,16,4,0.8,0.0,0.0,1.0,0.8205128205128205,0.17948717948717952,-1
"F[0,1](((SepsisLabel >= 0.000 & Hct <= 2.223) | pH <= 5.242) -> MAP >= 0.996)
",-9999999.000,-9999999.000,0.000,0.000,1.000,16,0,0,4,20,0,16,4,0.8,0.0,0.0,1.0,0.8205128205128205,0.17948717948717952,-1
"G[0,1](((MAP <= 92.788 & PTT >= 0.000) & Calcium <= 0.000) | DBP <= 0.000)
",9999999.000,9999999.000,0.000,1.000,0.000,16,0,1,3,19,1,17,3,0.8421052631578947,0.0,1.0,0.9411764705882353,0.8205128205128205,0.17948717948717952,1
"G[0,1](((DBP >= 5.026 & EtCO2 <= 0.000) | Magnesium >= 0.000) -> MAP <= 0.000)
",9999999.000,9999999.000,0.000,1.000,0.000,16,0,1,3,19,1,17,3,0.8421052631578947,0.0,1.0,0.9411764705882353,0.8205128205128205,0.17948717948717952,1
"((Potassium >= 0.036) U[0,0] (Temp >= 3.589))
",0.342,9.959,0.000,0.000,1.000,15,0,0,5,20,0,15,5,0.75,0.0,0.0,1.0,0.7692307692307693,0.23076923076923073,-1
"((O2Sat <= 22.554) U[0,0] (SBP >= 8.348))
",15.035,23.080,0.000,0.000,1.000,15,0,0,5,20,0,15,5,0.75,0.0,0.0,1.0,0.7692307692307693,0.23076923076923073,-1
"F[0,0]((HR >= 11.383 & Temp >= 2.494) | Chloride >= 6.039)
",0.260,7.875,0.000,0.000,1.000,15,0,0,5,20,0,15,5,0.75,0.0,0.0,1.0,0.7692307692307693,0.23076923076923073,-1
"G[0,0]((O2Sat <= 76.220 & SaO2 >= 0.000) & SBP >= 0.000)
",-0.236,-0.199,0.000,1.000,0.000,15,0,0,5,20,0,15,5,0.75,0.0,0.0,1.0,0.7692307692307693,0.23076923076923073,1
"G[0,0](MAP <= 112.448 -> SBP <= 59.539)
",-3.783,-103.100,0.000,1.000,0.000,15,0,0,5,20,0,15,5,0.75,0.0,0.0,1.0,0.7692307692307693,0.23076923076923073,1
"G[0,0](SBP <= 83.892 & SepsisLabel = 0.000)
",0.000,0.000,0.000,1.000,0.000,15,0,0,5,20,0,15,5,0.75,0.0,0.0,1.0,0.7692307692307693,0.23076923076923073,1
"G[0,0]((HR <= 51.691 | SepsisLabel >= 0.000) -> SBP <= 0.000)
",0.000,0.000,0.000,1.000,0.000,15,0,0,5,20,0,15,5,0.75,0.0,0.0,1.0,0.7692307692307693,0.23076923076923073,1
"((MAP >= 1.526) U[1,2] (SBP <= 56.864))
",-9999999.000,-9999999.000,0.000,0.000,1.000,15,0,0,5,20,0,15,5,0.75,0.0,0.0,1.0,0.7692307692307693,0.23076923076923073,-1
"((SBP <= 26.117) U[0,0] (Temp >= 4.004))
",1.587,33.315,0.000,0.000,1.000,15,0,0,5,20,0,15,5,0.75,0.0,0.0,1.0,0.7692307692307693,0.23076923076923073,-1
"((HR <= 26.724) U[0,0] (Resp >= 2.749))
",0.207,4.199,0.000,0.000,1.000,15,0,0,5,20,0,15,5,0.75,0.0,0.0,1.0,0.7692307692307693,0.23076923076923073,-1
"F[0,1](((FiO2 >= 0.000 -> SBP >= 8.319) | Calcium >= 0.381) & Resp >= 16.485)
",-9999999.000,-9999999.000,0.000,0.000,1.000,14,0,0,6,20,0,14,6,0.7,0.0,0.0,1.0,0.717948717948718,0.28205128205128205,-1
"((O2Sat >= 7.328) U[1,2] (TroponinI >= 0.000))
",-9999999.000,-9999999.000,0.000,0.000,1.000,14,0,0,6,20,0,14,6,0.7,0.0,0.0,1.0,0.717948717948718,0.28205128205128205,-1
"G[0,0]((Glucose <= 29.610 & Temp <= 32.704) & Glucose <= 8.040)
",0.012,0.268,0.000,1.000,0.000,14,0,0,6,20,0,14,6,0.7,0.0,0.0,1.0,0.717948717948718,0.28205128205128205,1
"((Resp >= 2.305) U[1,2] (pH <= 0.000))
",-9999999.000,-9999999.000,0.000,0.000,1.000,14,0,0,6,20,0,14,6,0.7,0.0,0.0,1.0,0.717948717948718,0.28205128205128205,-1
"((Temp >= 6.287) U[1,2] (Magnesium >= 0.000))
",-9999999.000,-9999999.000,0.000,0.000,1.000,14,0,0,6,20,0,14,6,0.7,0.0,0.0,1.0,0.717948717948718,0.28205128205128205,-1
"F[0,0](((HR <= 27.320 | Potassium >= 0.031) & Hct <= 0.712) -> HCO3 >= 0.099)
",8819308263152810.000,0.031,0.000,0.000,1.000,14,0,0,6,20,0,14,6,0.7,0.0,0.0,1.0,0.717948717948718,0.28205128205128205,-1
"((DBP >= 10.649) U[1,2] (Bilirubin_total <= 0.000))
",-9999999.000,-9999999.000,0.000,0.000,1.000,14,0,0,6,20,0,14,6,0.7,0.0,0.0,1.0,0.717948717948718,0.28205128205128205,-1
"((O2Sat >= 11.155) U[1,2] (Creatinine <= 0.286))
",-9999999.000,-9999999.000,0.000,0.000,1.000,14,0,0,6,20,0,14,6,0.7,0.0,0.0,1.0,0.717948717948718,0.28205128205128205,-1
"F[0,1]((Resp >= 1.720 | Glucose >= 2.953) & EtCO2 <= 14.567)
",-9999999.000,-9999999.000,0.000,0.000,1.000,12,0,0,8,20,0,12,8,0.6,0.0,0.0,1.0,0.6153846153846154,0.3846153846153846,-1
"G[0,1]((FiO2 <= 0.000 & Bilirubin_direct <= 0.000) & DBP <= 0.000)
",9999999.000,9999999.000,0.000,1.000,0.000,12,0,1,7,19,1,13,7,0.631578947368421,0.0,1.0,0.9230769230769231,0.6153846153846154,0.3846153846153846,1
"((Creatinine <= 0.708) U[0,1] (HR >= 8.972))
",-9999999.000,-9999999.000,0.000,0.000,1.000,12,0,0,8,20,0,12,8,0.6,0.0,0.0,1.0,0.6153846153846154,0.3846153846153846,-1
"G[0,1]((PTT <= 0.000 -> SBP >= 14.520) -> WBC >= 25.040)
",9999999.000,9999999.000,0.000,1.000,0.000,12,0,1,7,19,1,13,7,0.631578947368421,0.0,1.0,0.9230769230769231,0.6153846153846154,0.3846153846153846,1
"G[0,1](Potassium <= 0.406 & HR <= 51.086)
",9999999.000,9999999.000,0.000,1.000,0.000,12,0,1,7,19,1,13,7,0.631578947368421,0.0,1.0,0.9230769230769231,0.6153846153846154,0.3846153846153846,1
"G[0,1](((DBP >= 6.785 & PaCO2 <= 0.000) & DBP <= 0.000) | Temp <= 0.000)
",9999999.000,9999999.000,0.000,1.000,0.000,12,0,1,7,19,1,13,7,0.631578947368421,0.0,1.0,0.9230769230769231,0.6153846153846154,0.3846153846153846,1
"F[0,1](HR >= 12.800 & BUN <= 13.998)
",-9999999.000,-9999999.000,0.000,0.000,1.000,12,0,0,8,20,0,12,8,0.6,0.0,0.0,1.0,0.6153846153846154,0.3846153846153846,-1
"G[0,1]((PTT >= 0.000 | FiO2 <= 0.000) -> HR <= 0.000)
",9999999.000,9999999.000,0.000,1.000,0.000,12,0,1,7,19,1,13,7,0.631578947368421,0.0,1.0,0.9230769230769231,0.6153846153846154,0.3846153846153846,1
"G[0,1]((HCO3 <= 0.000 -> Lactate <= 0.000) -> DBP <= 0.000)
",9999999.000,9999999.000,0.000,1.000,0.000,12,0,1,7,19,1,13,7,0.631578947368421,0.0,1.0,0.9230769230769231,0.6153846153846154,0.3846153846153846,1
"((O2Sat <= 71.263) U[1,1] (O2Sat <= 45.841))
",71.263,71.263,0.000,0.000,1.000,7,0,0,13,20,0,7,13,0.35,0.0,0.0,1.0,0.358974358974359,0.641025641025641,-1
"((Resp <= 7.361) U[1,2] (Glucose <= 30.940))
",-9999999.000,-9999999.000,0.000,0.000,1.000,5,0,0,15,20,0,5,15,0.25,0.0,0.0,1.0,0.2564102564102564,0.7435897435897436,-1
"((Temp <= 35.206) U[1,2] (Resp <= 14.765))
",-9999999.000,-9999999.000,0.000,0.000,1.000,5,0,0,15,20,0,5,15,0.25,0.0,0.0,1.0,0.2564102564102564,0.7435897435897436,-1
"((Resp <= 12.429) U[1,1] (Magnesium <= 0.000))
",6996788019434018.000,12.429,0.000,0.000,1.000,5,0,0,15,20,0,5,15,0.25,0.0,0.0,1.0,0.2564102564102564,0.7435897435897436,-1
"((MAP >= 1.106) U[0,0] (SBP <= 49.020))
",2.166,58.217,0.000,0.000,1.000,5,0,0,15,20,0,5,15,0.25,0.0,0.0,1.0,0.2564102564102564,0.7435897435897436,-1
"((MAP >= 6.675) U[0,0] (SBP <= 101.283))
",11.298,104.392,0.000,0.000,1.000,5,0,0,15,20,0,5,15,0.25,0.0,0.0,1.0,0.2564102564102564,0.7435897435897436,-1
"((MAP >= 0.189) U[0,0] (SBP <= 99.318))
",8.759,103.317,0.000,0.000,1.000,5,0,0,15,20,0,5,15,0.25,0.0,0.0,1.0,0.2564102564102564,0.7435897435897436,-1
"F[0,0]((Calcium >= 0.136 | O2Sat >= 10.118) -> Platelets >= 14.780)
",-0.333,-6.392,0.000,0.000,1.000,5,0,0,15,20,0,5,15,0.25,0.0,0.0,1.0,0.2564102564102564,0.7435897435897436,-1
"F[0,0](((Glucose <= 56.064 -> HR <= 36.995) | DBP <= 34.114) & SepsisLabel <= 25.417)
",1.161,21.129,0.000,0.000,1.000,4,0,0,16,20,0,4,16,0.2,0.0,0.0,1.0,0.20512820512820512,0.7948717948717949,-1
"F[1,1](Hct >= 0.210 | Temp <= 21.071)
",5931021814839506.000,21.071,0.000,0.000,1.000,2,0,0,18,20,0,2,18,0.1,0.0,0.0,1.0,0.10256410256410256,0.8974358974358975,-1
"((SBP >= 11.269) U[1,2] (O2Sat >= 10.110))
",-9999999.000,-9999999.000,0.000,0.000,1.000,2,0,0,18,20,0,2,18,0.1,0.0,0.0,1.0,0.10256410256410256,0.8974358974358975,-1
"G[0,0]((BUN >= 0.358 | MAP <= 46.945) -> Lactate >= 1.963)
",-2.891,-41.966,0.000,1.000,0.000,2,0,0,18,20,0,2,18,0.1,0.0,0.0,1.0,0.10256410256410256,0.8974358974358975,1
"G[0,0](MAP > 8.012 & SepsisLabel = 0.000)
",-2.915,-7.168,0.000,1.000,0.000,2,0,0,18,20,0,2,18,0.1,0.0,0.0,1.0,0.10256410256410256,0.8974358974358975,1
"G[1,1](Hct >= 0.750 | SBP >= 22.657)
",-6753297937647899.000,-0.750,0.000,1.000,0.000,2,0,1,17,19,1,3,17,0.10526315789473684,0.0,1.0,0.6666666666666666,0.10256410256410256,0.8974358974358975,1
"F[0,0](BUN <= 8.010 & SepsisLabel = 0.000)
",0.000,0.000,0.000,0.000,1.000,1,0,0,19,20,0,1,19,0.05,0.0,0.0,1.0,0.05128205128205128,0.9487179487179487,-1
"((Fibrinogen <= 0.000) U[1,1] (DBP <= 66.422))
",66.422,66.422,0.000,0.000,1.000,1,0,0,19,20,0,1,19,0.05,0.0,0.0,1.0,0.05128205128205128,0.9487179487179487,-1
"F[0,0](Hgb <= 10.489 | Hct <= 4.666)
",10.489,10.489,0.000,0.000,1.000,1,0,0,19,20,0,1,19,0.05,0.0,0.0,1.0,0.05128205128205128,0.9487179487179487,-1
"((Creatinine <= 0.192) U[1,2] (Resp >= 2.263))
",-9999999.000,-9999999.000,0.000,0.000,1.000,1,0,0,19,20,0,1,19,0.05,0.0,0.0,1.0,0.05128205128205128,0.9487179487179487,-1
"F[0,0](Hgb <= 1.147 | Hct <= 20.280)
",6607.832,20.279,0.000,0.000,1.000,1,0,0,19,20,0,1,19,0.05,0.0,0.0,1.0,0.05128205128205128,0.9487179487179487,-1
"F[0,1](((HR >= 12.459 | Calcium >= 0.134) -> HCO3 >= 0.126) & Hct <= 2.806)
",-9999999.000,-9999999.000,0.000,0.000,1.000,1,0,0,19,20,0,1,19,0.05,0.0,0.0,1.0,0.05128205128205128,0.9487179487179487,-1
"F[0,0]((Creatinine >= 0.021 | PTT >= 0.000) & Potassium <= 0.000)
",0.000,0.000,0.000,0.000,1.000,1,0,0,19,20,0,1,19,0.05,0.0,0.0,1.0,0.05128205128205128,0.9487179487179487,-1
"G[0,0](SBP <= 134.574 & Hgb >= 0.188)
",-6778314350184594.000,-0.188,0.000,1.000,0.000,1,0,0,19,20,0,1,19,0.05,0.0,0.0,1.0,0.05128205128205128,0.9487179487179487,1
"G[0,0](Glucose >= 2.238 & Platelets <= 133.059)
",-5040491749239019.000,-2.238,0.000,1.000,0.000,1,0,0,19,20,0,1,19,0.05,0.0,0.0,1.0,0.05128205128205128,0.9487179487179487,1
"G[0,0](Platelets <= 182.745 -> WBC >= 0.009)
",-182.745,-182.745,0.000,1.000,0.000,1,0,0,19,20,0,1,19,0.05,0.0,0.0,1.0,0.05128205128205128,0.9487179487179487,1
"G[0,0](((Magnesium >= 0.000 -> Platelets >= 4.448) | Bilirubin_total >= 4.376) | Hct >= 0.668)
",0.000,0.000,0.000,1.000,0.000,1,0,0,19,20,0,1,19,0.05,0.0,0.0,1.0,0.05128205128205128,0.9487179487179487,1
"G[0,0](Platelets <= 126.345 -> WBC >= 0.114)
",-8890759899100332.000,-126.345,0.000,1.000,0.000,1,0,0,19,20,0,1,19,0.05,0.0,0.0,1.0,0.05128205128205128,0.9487179487179487,1
"G[0,1](((Hgb <= 1.405 -> O2Sat <= 34.308) -> Calcium >= 3.995) | DBP >= 14.704)
",9999999.000,9999999.000,0.000,1.000,0.000,1,0,0,19,20,0,1,19,0.05,0.0,0.0,1.0,0.05128205128205128,0.9487179487179487,1
"G[0,0](pH <= 0.000 & Hgb >= 0.068)
",-0.068,-0.068,0.000,1.000,0.000,1,0,0,19,20,0,1,19,0.05,0.0,0.0,1.0,0.05128205128205128,0.9487179487179487,1
"F[0,1](DBP < 63.637 & SepsisLabel = 0.000)
",-9999999.000,-9999999.000,0.000,0.000,1.000,0,0,0,20,20,0,0,20,0.0,0.0,0.0,0.0,0.0,1.0,-1
"((PTT < 0.000) U[0,1] (SepsisLabel = 0.000))
",-9999999.000,-9999999.000,0.000,0.000,1.000,0,0,0,20,20,0,0,20,0.0,0.0,0.0,0.0,0.0,1.0,-1
"F[1,2](O2Sat >= 14.442 -> SepsisLabel = 0.000)
",-9999999.000,-9999999.000,0.000,0.000,1.000,0,0,0,20,20,0,0,20,0.0,0.0,0.0,0.0,0.0,1.0,-1
"((EtCO2 >= 0.000) U[1,1] (SepsisLabel = 0.000))
",0.000,0.000,0.000,0.000,1.000,0,0,0,20,20,0,0,20,0.0,0.0,0.0,0.0,0.0,1.0,-1
"((SepsisLabel >= 0.000) U[0,1] (SepsisLabel = 0.000))
",-9999999.000,-9999999.000,0.000,0.000,1.000,0,0,0,20,20,0,0,20,0.0,0.0,0.0,0.0,0.0,1.0,-1
"F[0,1](((SaO2 <= 0.000 -> pH <= 0.000) -> WBC >= 0.000) -> pH <= 0.000)
",-9999999.000,-9999999.000,0.000,0.000,1.000,0,0,0,20,20,0,0,20,0.0,0.0,0.0,0.0,0.0,1.0,-1
"F[0,2](Chloride <= 0.000 -> pH <= 0.000)
",-9999999.000,-9999999.000,0.000,0.000,1.000,0,0,0,20,20,0,0,20,0.0,0.0,0.0,0.0,0.0,1.0,-1
"F[0,2](TroponinI <= 0.006 & SepsisLabel = 0.000)
",-9999999.000,-9999999.000,0.000,0.000,1.000,0,0,0,20,20,0,0,20,0.0,0.0,0.0,0.0,0.0,1.0,-1
"((Bilirubin_total <= 0.000) U[1,2] (SepsisLabel = 0.000))
",-9999999.000,-9999999.000,0.000,0.000,1.000,0,0,0,20,20,0,0,20,0.0,0.0,0.0,0.0,0.0,1.0,-1
"F[2,2](TroponinI > 4.666293372996599e-05 & SepsisLabel = 0.000)
",0.000,0.000,0.000,0.000,1.000,0,0,0,20,20,0,0,20,0.0,0.0,0.0,0.0,0.0,1.0,-1
"((DBP >= 8.243) U[2,2] (SepsisLabel = 0.000))
",0.000,0.000,0.000,0.000,1.000,0,0,0,20,20,0,0,20,0.0,0.0,0.0,0.0,0.0,1.0,-1
"F[2,2](Fibrinogen <= 0.000 & BUN >= 0.243)
",-4383999744059734.500,-0.243,0.000,0.000,1.000,0,0,0,20,20,0,0,20,0.0,0.0,0.0,0.0,0.0,1.0,-1
"((TroponinI < 0.010) U[0,2] (SepsisLabel = 0.000))
",-9999999.000,-9999999.000,0.000,0.000,1.000,0,0,0,20,20,0,0,20,0.0,0.0,0.0,0.0,0.0,1.0,-1
"F[1,2]((Hgb <= 1.969 & PTT >= 0.000) -> SBP <= 0.000)
",-9999999.000,-9999999.000,0.000,0.000,1.000,0,0,0,20,20,0,0,20,0.0,0.0,0.0,0.0,0.0,1.0,-1
"F[0,2](((Temp >= 3.446 | WBC <= 3.451) & Chloride >= 0.103) | Resp >= 0.045)
",-9999999.000,-9999999.000,0.000,0.000,1.000,0,0,0,20,20,0,0,20,0.0,0.0,0.0,0.0,0.0,1.0,-1
"((MAP >= 1.344) U[0,2] (Temp >= 6.318))
",-9999999.000,-9999999.000,0.000,0.000,1.000,0,0,0,20,20,0,0,20,0.0,0.0,0.0,0.0,0.0,1.0,-1
"F[1,1](BUN <= 14.773 & pH <= 0.000)
",0.000,0.000,0.000,0.000,1.000,0,0,0,20,20,0,0,20,0.0,0.0,0.0,0.0,0.0,1.0,-1
"((EtCO2 <= 0.000) U[0,2] (PaCO2 <= 0.000))
",-9999999.000,-9999999.000,0.000,0.000,1.000,0,0,0,20,20,0,0,20,0.0,0.0,0.0,0.0,0.0,1.0,-1
"F[0,2]((SaO2 <= 0.000 -> Lactate >= 0.000) -> Chloride >= 0.000)
",-9999999.000,-9999999.000,0.000,0.000,1.000,0,0,0,20,20,0,0,20,0.0,0.0,0.0,0.0,0.0,1.0,-1
"F[0,1](((Bilirubin_total <= 0.000 | PTT >= 0.000) | Potassium <= 0.000) | pH >= 0.000)
",-9999999.000,-9999999.000,0.000,0.000,1.000,0,0,0,20,20,0,0,20,0.0,0.0,0.0,0.0,0.0,1.0,-1
"F[0,2](((Bilirubin_direct >= 0.000 -> Phosphate >= 0.000) -> SBP >= 0.000) | Glucose <= 0.000)
",-9999999.000,-9999999.000,0.000,0.000,1.000,0,0,0,20,20,0,0,20,0.0,0.0,0.0,0.0,0.0,1.0,-1
"F[2,2]((Bilirubin_direct <= 0.000 -> Temp >= 1.696) | pH >= 5.400)
",0.000,0.000,0.000,0.000,1.000,0,0,0,20,20,0,0,20,0.0,0.0,0.0,0.0,0.0,1.0,-1
"F[1,2](PaCO2 >= 0.000 -> Hct >= 0.301)
",-9999999.000,-9999999.000,0.000,0.000,1.000,0,0,0,20,20,0,0,20,0.0,0.0,0.0,0.0,0.0,1.0,-1
"((Chloride >= 0.000) U[0,2] (Alkalinephos <= 0.000))
",-9999999.000,-9999999.000,0.000,0.000,1.000,0,0,0,20,20,0,0,20,0.0,0.0,0.0,0.0,0.0,1.0,-1
"F[1,1](((Fibrinogen >= 0.000 & FiO2 <= 0.000) & Lactate <= 0.000) & Bilirubin_direct <= 0.000)
",0.000,0.000,0.000,0.000,1.000,0,0,0,20,20,0,0,20,0.0,0.0,0.0,0.0,0.0,1.0,-1
"F[1,1](EtCO2 <= 0.000 | Glucose <= 13.612)
",13.612,13.612,0.000,0.000,1.000,0,0,0,20,20,0,0,20,0.0,0.0,0.0,0.0,0.0,1.0,-1
"F[0,2](BaseExcess >= 0.000 | Lactate >= 0.000)
",-9999999.000,-9999999.000,0.000,0.000,1.000,0,0,0,20,20,0,0,20,0.0,0.0,0.0,0.0,0.0,1.0,-1
"F[1,2](((SBP <= 119.964 | PaCO2 >= 0.000) -> Bilirubin_direct >= 0.000) & SBP <= 0.000)
",-9999999.000,-9999999.000,0.000,0.000,1.000,0,0,0,20,20,0,0,20,0.0,0.0,0.0,0.0,0.0,1.0,-1
"((Alkalinephos >= 0.000) U[0,0] (HCO3 >= 0.000))
",0.000,0.000,0.000,0.000,1.000,0,0,0,20,20,0,0,20,0.0,0.0,0.0,0.0,0.0,1.0,-1
"G[0,2]((Resp <= 15.556 & AST >= 0.000) | Potassium <= 0.000)
",9999999.000,9999999.000,0.000,1.000,0.000,0,0,20,0,0,20,20,0,0.0,0.0,1.0,0.0,0.0,1.0,1
"((Resp < 10.982) U[0,2] (SepsisLabel = 0.000))
",-9999999.000,-9999999.000,0.000,0.000,1.000,0,0,0,20,20,0,0,20,0.0,0.0,0.0,0.0,0.0,1.0,-1
"F[2,2]((Bilirubin_total <= 0.000 -> O2Sat <= 20.835) & Hgb >= 8.136)
",-20.835,-20.835,0.000,0.000,1.000,0,0,0,20,20,0,0,20,0.0,0.0,0.0,0.0,0.0,1.0,-1
"F[0,2](FiO2 >= 0.000 -> BUN <= 12.427)
",-9999999.000,-9999999.000,0.000,0.000,1.000,0,0,0,20,20,0,0,20,0.0,0.0,0.0,0.0,0.0,1.0,-1
"F[2,2](Fibrinogen <= 0.000 | Phosphate >= 0.000)
",0.000,0.000,0.000,0.000,1.000,0,0,0,20,20,0,0,20,0.0,0.0,0.0,0.0,0.0,1.0,-1
"F[2,2](((Phosphate <= 0.000 & Calcium <= 2.440) & Bilirubin_total <= 3.496) -> pH >= 0.112)
",0.000,0.000,0.000,0.000,1.000,0,0,0,20,20,0,0,20,0.0,0.0,0.0,0.0,0.0,1.0,-1
"F[1,2]((TroponinI <= 0.003 | Alkalinephos >= 0.000) & Bilirubin_direct >= 0.000)
",-9999999.000,-9999999.000,0.000,0.000,1.000,0,0,0,20,20,0,0,20,0.0,0.0,0.0,0.0,0.0,1.0,-1
"F[0,2](((Hgb >= 0.149 -> Hgb <= 2.312) & Potassium >= 0.300) & Alkalinephos >= 0.084)
",-9999999.000,-9999999.000,0.000,0.000,1.000,0,0,0,20,20,0,0,20,0.0,0.0,0.0,0.0,0.0,1.0,-1
"F[0,1]((WBC <= 1.109 & PTT >= 0.000) | O2Sat <= 0.000)
",-9999999.000,-9999999.000,0.000,0.000,1.000,0,0,0,20,20,0,0,20,0.0,0.0,0.0,0.0,0.0,1.0,-1
"F[1,1](((SaO2 <= 0.000 | Bilirubin_total <= 0.000) & PTT <= 0.000) | Fibrinogen <= 0.000)
",0.000,0.000,0.000,0.000,1.000,0,0,0,20,20,0,0,20,0.0,0.0,0.0,0.0,0.0,1.0,-1
"((Temp <= 7.423) U[0,0] (EtCO2 <= 0.000))
",0.608,4.747,0.000,0.000,1.000,0,0,0,20,20,0,0,20,0.0,0.0,0.0,0.0,0.0,1.0,-1
"F[0,2](BaseExcess <= 0.000 -> Lactate >= 0.000)
",-9999999.000,-9999999.000,0.000,0.000,1.000,0,0,0,20,20,0,0,20,0.0,0.0,0.0,0.0,0.0,1.0,-1
"F[1,1]((Hct >= 0.114 | pH <= 0.000) & WBC >= 0.000)
",0.000,0.000,0.000,0.000,1.000,0,0,0,20,20,0,0,20,0.0,0.0,0.0,0.0,0.0,1.0,-1
"F[0,2](((HR >= 3.889 & pH <= 0.000) & HCO3 <= 0.000) | PTT <= 0.000)
",-9999999.000,-9999999.000,0.000,0.000,1.000,0,0,0,20,20,0,0,20,0.0,0.0,0.0,0.0,0.0,1.0,-1
"F[0,1]((O2Sat >= 9.571 & Glucose <= 73.816) -> pH <= 42.741)
",-9999999.000,-9999999.000,0.000,0.000,1.000,0,0,0,20,20,0,0,20,0.0,0.0,0.0,0.0,0.0,1.0,-1
"F[0,2](Glucose >= 0.435 & Creatinine <= 0.567)
",-9999999.000,-9999999.000,0.000,0.000,1.000,0,0,0,20,20,0,0,20,0.0,0.0,0.0,0.0,0.0,1.0,-1
"F[0,1]((SaO2 <= 0.000 | SaO2 <= 0.000) -> Hct >= 0.000)
",-9999999.000,-9999999.000,0.000,0.000,1.000,0,0,0,20,20,0,0,20,0.0,0.0,0.0,0.0,0.0,1.0,-1
"F[2,2](((Chloride >= 0.000 & SaO2 <= 0.000) -> MAP >= 0.000) -> SaO2 >= 0.000)
",0.000,0.000,0.000,0.000,1.000,0,0,0,20,20,0,0,20,0.0,0.0,0.0,0.0,0.0,1.0,-1
"F[1,2]((Lactate <= 0.000 -> Alkalinephos >= 0.000) -> Chloride <= 0.000)
",-9999999.000,-9999999.000,0.000,0.000,1.000,0,0,0,20,20,0,0,20,0.0,0.0,0.0,0.0,0.0,1.0,-1
"F[1,2]((BUN <= 7.714 & Resp <= 3.369) & SepsisLabel >= 2.480)
",-9999999.000,-9999999.000,0.000,0.000,1.000,0,0,0,20,20,0,0,20,0.0,0.0,0.0,0.0,0.0,1.0,-1
"F[0,2](((Hgb <= 12.069 & EtCO2 <= 0.000) -> Bilirubin_direct <= 0.000) & Chloride >= 0.000)
",-9999999.000,-9999999.000,0.000,0.000,1.000,0,0,0,20,20,0,0,20,0.0,0.0,0.0,0.0,0.0,1.0,-1
"F[1,2](((HR >= 12.159 | Creatinine >= 0.018) -> Phosphate >= 0.016) | Alkalinephos >= 0.018)
",-9999999.000,-9999999.000,0.000,0.000,1.000,0,0,0,20,20,0,0,20,0.0,0.0,0.0,0.0,0.0,1.0,-1
"F[0,1]((Hct >= 0.346 -> BUN <= 14.558) -> Temp <= 9.421)
",-9999999.000,-9999999.000,0.000,0.000,1.000,0,0,0,20,20,0,0,20,0.0,0.0,0.0,0.0,0.0,1.0,-1
"F[0,2](((HR <= 68.768 | SaO2 >= 0.000) & BaseExcess >= 0.000) & HCO3 <= 0.000)
",-9999999.000,-9999999.000,0.000,0.000,1.000,0,0,0,20,20,0,0,20,0.0,0.0,0.0,0.0,0.0,1.0,-1
"F[0,1]((Bilirubin_direct >= 0.000 & Fibrinogen >= 0.000) -> Potassium >= 0.000)
",-9999999.000,-9999999.000,0.000,0.000,1.000,0,0,0,20,20,0,0,20,0.0,0.0,0.0,0.0,0.0,1.0,-1
"F[1,2]((Hgb >= 0.122 -> Resp >= 0.733) -> Phosphate <= 16.033)
",-9999999.000,-9999999.000,0.000,0.000,1.000,0,0,0,20,20,0,0,20,0.0,0.0,0.0,0.0,0.0,1.0,-1
"F[1,1]((SaO2 >= 0.000 & AST >= 0.000) -> pH <= 0.000)
",0.000,0.000,0.000,0.000,1.000,0,0,0,20,20,0,0,20,0.0,0.0,0.0,0.0,0.0,1.0,-1
"F[0,0](((Calcium <= 7.144 -> SaO2 <= 0.000) & O2Sat <= 0.000) -> Potassium >= 0.000)
",0.000,0.000,0.000,0.000,1.000,0,0,0,20,20,0,0,20,0.0,0.0,0.0,0.0,0.0,1.0,-1
"F[0,1](((FiO2 <= 0.000 & AST >= 0.000) & Alkalinephos >= 0.000) -> Phosphate >= 0.000)
",-9999999.000,-9999999.000,0.000,0.000,1.000,0,0,0,20,20,0,0,20,0.0,0.0,0.0,0.0,0.0,1.0,-1
"F[1,2]((FiO2 <= 0.000 -> FiO2 >= 0.000) -> Potassium <= 0.000)
",-9999999.000,-9999999.000,0.000,0.000,1.000,0,0,0,20,20,0,0,20,0.0,0.0,0.0,0.0,0.0,1.0,-1
"F[0,0](HR >= 12.757 | Bilirubin_total <= 0.000)
",5806587750378347.000,21124.243,0.000,0.000,1.000,0,0,0,20,20,0,0,20,0.0,0.0,0.0,0.0,0.0,1.0,-1
"F[0,1](((Creatinine <= 0.275 & BaseExcess >= 0.000) & Temp <= 0.000) -> AST >= 0.000)
",-9999999.000,-9999999.000,0.000,0.000,1.000,0,0,0,20,20,0,0,20,0.0,0.0,0.0,0.0,0.0,1.0,-1
"F[1,2](((Hgb <= 6.313 & Chloride <= 0.000) & Hct >= 0.000) & SepsisLabel <= 0.000)
",-9999999.000,-9999999.000,0.000,0.000,1.000,0,0,0,20,20,0,0,20,0.0,0.0,0.0,0.0,0.0,1.0,-1
"F[1,2](((Lactate >= 0.000 -> HCO3 >= 0.000) & BaseExcess >= 0.000) | SaO2 >= 0.000)
",-9999999.000,-9999999.000,0.000,0.000,1.000,0,0,0,20,20,0,0,20,0.0,0.0,0.0,0.0,0.0,1.0,-1
"F[0,2]((BaseExcess >= 0.000 & WBC >= 0.037) & BUN >= 0.061)
",-9999999.000,-9999999.000,0.000,0.000,1.000,0,0,0,20,20,0,0,20,0.0,0.0,0.0,0.0,0.0,1.0,-1
"F[2,2]((SaO2 >= 0.000 | Hgb <= 6.928) | WBC >= 0.181)
",7800034374015102.000,6.928,0.000,0.000,1.000,0,0,0,20,20,0,0,20,0.0,0.0,0.0,0.0,0.0,1.0,-1
"F[0,0](Creatinine <= 0.144 -> BaseExcess <= 0.000)
",-5196222185131765.000,-0.144,0.000,0.000,1.000,0,0,0,20,20,0,0,20,0.0,0.0,0.0,0.0,0.0,1.0,-1
"F[0,0]((Resp <= 8.524 -> Phosphate <= 0.000) & Glucose >= 0.000)
",-2.915,-7.627,0.000,0.000,1.000,0,0,0,20,20,0,0,20,0.0,0.0,0.0,0.0,0.0,1.0,-1
"F[1,1](((Magnesium <= 0.000 & SBP <= 129.101) & Hct >= 20.204) -> Chloride <= 51.547)
",-7254603993719789.000,-51.547,0.000,0.000,1.000,0,0,0,20,20,0,0,20,0.0,0.0,0.0,0.0,0.0,1.0,-1
"F[0,2](((PaCO2 <= 0.000 | TroponinI <= 0.001) & Alkalinephos >= 0.001) -> SBP >= 5.0008316217775116e-05)
",-9999999.000,-9999999.000,0.000,0.000,1.000,0,0,0,20,20,0,0,20,0.0,0.0,0.0,0.0,0.0,1.0,-1
"F[2,2](((Lactate >= 0.000 -> Lactate <= 0.000) & Hgb >= 0.000) -> DBP <= 0.000)
",0.000,0.000,0.000,0.000,1.000,0,0,0,20,20,0,0,20,0.0,0.0,0.0,0.0,0.0,1.0,-1
"F[1,2]((Temp >= 1.179 -> Potassium <= 3.150) & Hct <= 2.808)
",-9999999.000,-9999999.000,0.000,0.000,1.000,0,0,0,20,20,0,0,20,0.0,0.0,0.0,0.0,0.0,1.0,-1
"F[1,2]((Platelets >= 1.441 -> Resp <= 17.205) -> Hct <= 12.351)
",-9999999.000,-9999999.000,0.000,0.000,1.000,0,0,0,20,20,0,0,20,0.0,0.0,0.0,0.0,0.0,1.0,-1
"F[1,1](((Hct <= 32.041 | Platelets >= 2.045) | Glucose >= 0.615) | DBP >= 2.100)
",32.041,32.041,0.000,0.000,1.000,0,0,0,20,20,0,0,20,0.0,0.0,0.0,0.0,0.0,1.0,-1
"F[1,2](((pH >= 0.000 -> SBP <= 140.958) -> MAP <= 109.879) -> Bilirubin_total <= 131.547)
",-9999999.000,-9999999.000,0.000,0.000,1.000,0,0,0,20,20,0,0,20,0.0,0.0,0.0,0.0,0.0,1.0,-1
"F[1,2](Creatinine >= 0.012 & DBP >= 7.475)
",-9999999.000,-9999999.000,0.000,0.000,1.000,0,0,0,20,20,0,0,20,0.0,0.0,0.0,0.0,0.0,1.0,-1
"F[1,2](((Hgb <= 0.499 -> TroponinI >= 0.000) | Chloride <= 0.007) & SaO2 >= 0.000)
",-9999999.000,-9999999.000,0.000,0.000,1.000,0,0,0,20,20,0,0,20,0.0,0.0,0.0,0.0,0.0,1.0,-1
"F[0,0]((Lactate <= 0.000 -> Bilirubin_total >= 0.000) -> TroponinI >= 0.000)
",0.000,0.000,0.000,0.000,1.000,0,0,0,20,20,0,0,20,0.0,0.0,0.0,0.0,0.0,1.0,-1
"F[1,1](Bilirubin_direct >= 0.000 & Lactate >= 0.000)
",0.000,0.000,0.000,0.000,1.000,0,0,0,20,20,0,0,20,0.0,0.0,0.0,0.0,0.0,1.0,-1
"F[1,1]((Phosphate <= 0.000 | pH <= 0.000) -> Platelets <= 0.000)
",0.000,0.000,0.000,0.000,1.000,0,0,0,20,20,0,0,20,0.0,0.0,0.0,0.0,0.0,1.0,-1
"((WBC >= 0.013) U[1,2] (BUN >= 0.061))
",-9999999.000,-9999999.000,0.000,0.000,1.000,0,0,0,20,20,0,0,20,0.0,0.0,0.0,0.0,0.0,1.0,-1
"F[1,1](PaCO2 <= 0.000 | HR >= 6.211)
",0.000,0.000,0.000,0.000,1.000,0,0,0,20,20,0,0,20,0.0,0.0,0.0,0.0,0.0,1.0,-1
"F[0,0]((Hct >= 0.193 -> Temp >= 0.682) -> BUN <= 15.826)
",-8909338185466467.000,-15.826,0.000,0.000,1.000,0,0,0,20,20,0,0,20,0.0,0.0,0.0,0.0,0.0,1.0,-1
"((AST >= 0.000) U[1,2] (AST >= 0.000))
",-9999999.000,-9999999.000,0.000,0.000,1.000,0,0,0,20,20,0,0,20,0.0,0.0,0.0,0.0,0.0,1.0,-1
"F[1,2]((AST <= 0.000 & Calcium >= 0.017) & BUN >= 0.094)
",-9999999.000,-9999999.000,0.000,0.000,1.000,0,0,0,20,20,0,0,20,0.0,0.0,0.0,0.0,0.0,1.0,-1
"F[1,1](SepsisLabel > 0.000 -> SepsisLabel = 0.000)
",0.000,0.000,0.000,0.000,1.000,0,0,0,20,20,0,0,20,0.0,0.0,0.0,0.0,0.0,1.0,-1
"F[0,2](Phosphate >= 0.000 -> SepsisLabel = 0.000)
",-9999999.000,-9999999.000,0.000,0.000,1.000,0,0,0,20,20,0,0,20,0.0,0.0,0.0,0.0,0.0,1.0,-1
"((HR <= 31.380) U[0,1] (PaCO2 >= 0.000))
",-9999999.000,-9999999.000,0.000,0.000,1.000,0,0,0,20,20,0,0,20,0.0,0.0,0.0,0.0,0.0,1.0,-1
"F[0,2](Alkalinephos >= 0.000 & Glucose <= 40.949)
",-9999999.000,-9999999.000,0.000,0.000,1.000,0,0,0,20,20,0,0,20,0.0,0.0,0.0,0.0,0.0,1.0,-1
"F[2,2](Alkalinephos >= 0.000 & HR <= 64.312)
",0.000,0.000,0.000,0.000,1.000,0,0,0,20,20,0,0,20,0.0,0.0,0.0,0.0,0.0,1.0,-1
"((Bilirubin_total >= 0.000) U[0,1] (Magnesium <= 0.000))
",-9999999.000,-9999999.000,0.000,0.000,1.000,0,0,0,20,20,0,0,20,0.0,0.0,0.0,0.0,0.0,1.0,-1
"F[0,2](SaO2 >= 0.000 & FiO2 >= 0.000)
",-9999999.000,-9999999.000,0.000,0.000,1.000,0,0,0,20,20,0,0,20,0.0,0.0,0.0,0.0,0.0,1.0,-1
"((PTT <= 0.000) U[2,2] (Alkalinephos <= 0.000))
",0.000,0.000,0.000,0.000,1.000,0,0,0,20,20,0,0,20,0.0,0.0,0.0,0.0,0.0,1.0,-1
"F[0,2]((FiO2 <= 0.000 -> Bilirubin_direct <= 0.000) | Magnesium <= 0.000)
",-9999999.000,-9999999.000,0.000,0.000,1.000,0,0,0,20,20,0,0,20,0.0,0.0,0.0,0.0,0.0,1.0,-1
"F[2,2]((AST <= 0.000 & EtCO2 >= 0.000) -> Hct >= 0.000)
",0.000,0.000,0.000,0.000,1.000,0,0,0,20,20,0,0,20,0.0,0.0,0.0,0.0,0.0,1.0,-1
"F[0,1]((Hct <= 21.599 | TroponinI <= 0.006) | Platelets >= 0.000)
",-9999999.000,-9999999.000,0.000,0.000,1.000,0,0,0,20,20,0,0,20,0.0,0.0,0.0,0.0,0.0,1.0,-1
"F[0,2](((Resp <= 11.763 & PaCO2 >= 0.000) -> BUN >= 0.000) | Alkalinephos >= 0.000)
",-9999999.000,-9999999.000,0.000,0.000,1.000,0,0,0,20,20,0,0,20,0.0,0.0,0.0,0.0,0.0,1.0,-1
"F[0,1](((MAP >= 4.155 & Magnesium >= 0.000) -> Phosphate >= 0.000) | SaO2 >= 0.000)
",-9999999.000,-9999999.000,0.000,0.000,1.000,0,0,0,20,20,0,0,20,0.0,0.0,0.0,0.0,0.0,1.0,-1
"F[2,2]((TroponinI >= 6.431553750837659e-05 & SepsisLabel >= 0.000) | Temp <= 0.000)
",0.000,0.000,0.000,0.000,1.000,0,0,0,20,20,0,0,20,0.0,0.0,0.0,0.0,0.0,1.0,-1
"F[0,2](pH >= 0.000 -> EtCO2 <= 0.000)
",-9999999.000,-9999999.000,0.000,0.000,1.000,0,0,0,20,20,0,0,20,0.0,0.0,0.0,0.0,0.0,1.0,-1
"F[0,1](BaseExcess <= 0.000 -> Alkalinephos <= 0.000)
",-9999999.000,-9999999.000,0.000,0.000,1.000,0,0,0,20,20,0,0,20,0.0,0.0,0.0,0.0,0.0,1.0,-1
"((Bilirubin_direct <= 0.000) U[2,2] (Glucose <= 70.410))
",70.410,70.410,0.000,0.000,1.000,0,0,0,20,20,0,0,20,0.0,0.0,0.0,0.0,0.0,1.0,-1
"F[0,2](DBP >= 0.668 | Glucose >= 3.585)
",-9999999.000,-9999999.000,0.000,0.000,1.000,0,0,0,20,20,0,0,20,0.0,0.0,0.0,0.0,0.0,1.0,-1
"F[1,1](HR >= 0.312 -> Phosphate >= 0.000)
",0.000,0.000,0.000,0.000,1.000,0,0,0,20,20,0,0,20,0.0,0.0,0.0,0.0,0.0,1.0,-1
"F[0,1]((AST >= 0.000 -> Platelets >= 3.251) -> EtCO2 <= 104.200)
",-9999999.000,-9999999.000,0.000,0.000,1.000,0,0,0,20,20,0,0,20,0.0,0.0,0.0,0.0,0.0,1.0,-1
"F[1,2](((Creatinine <= 0.113 & Hct >= 0.405) | Magnesium <= 7.806) & Alkalinephos >= 0.031)
",-9999999.000,-9999999.000,0.000,0.000,1.000,0,0,0,20,20,0,0,20,0.0,0.0,0.0,0.0,0.0,1.0,-1
"F[1,2](((Lactate <= 0.000 & SBP <= 106.126) & Resp >= 5.559) -> O2Sat >= 19.561)
",-9999999.000,-9999999.000,0.000,0.000,1.000,0,0,0,20,20,0,0,20,0.0,0.0,0.0,0.0,0.0,1.0,-1
"F[0,1](FiO2 >= 0.000 -> Temp <= 29.112)
",-9999999.000,-9999999.000,0.000,0.000,1.000,0,0,0,20,20,0,0,20,0.0,0.0,0.0,0.0,0.0,1.0,-1
"F[0,2](((BUN >= 0.050 -> Platelets >= 3.913) & FiO2 <= 182.950) & Calcium >= 2.210)
",-9999999.000,-9999999.000,0.000,0.000,1.000,0,0,0,20,20,0,0,20,0.0,0.0,0.0,0.0,0.0,1.0,-1
"F[0,2]((SepsisLabel >= 0.000 & DBP >= 5.521) | Calcium <= 62.600)
",-9999999.000,-9999999.000,0.000,0.000,1.000,0,0,0,20,20,0,0,20,0.0,0.0,0.0,0.0,0.0,1.0,-1
"F[0,2](((Alkalinephos >= 0.000 & PTT <= 0.000) & Creatinine <= 0.000) -> SepsisLabel <= 0.000)
",-9999999.000,-9999999.000,0.000,0.000,1.000,0,0,0,20,20,0,0,20,0.0,0.0,0.0,0.0,0.0,1.0,-1
"F[0,2](EtCO2 <= 0.000 | Bilirubin_total <= 0.000)
",-9999999.000,-9999999.000,0.000,0.000,1.000,0,0,0,20,20,0,0,20,0.0,0.0,0.0,0.0,0.0,1.0,-1
"F[1,1](Platelets >= 4.011 | Glucose <= 53.586)
",53.586,53.586,0.000,0.000,1.000,0,0,0,20,20,0,0,20,0.0,0.0,0.0,0.0,0.0,1.0,-1
"F[0,2](SepsisLabel <= 0.000 -> WBC >= 0.115)
",-9999999.000,-9999999.000,0.000,0.000,1.000,0,0,0,20,20,0,0,20,0.0,0.0,0.0,0.0,0.0,1.0,-1
"F[1,2]((BaseExcess >= 0.000 & DBP >= 4.028) | DBP <= 53.310)
",-9999999.000,-9999999.000,0.000,0.000,1.000,0,0,0,20,20,0,0,20,0.0,0.0,0.0,0.0,0.0,1.0,-1
"F[0,2](((SaO2 >= 0.000 & EtCO2 >= 0.000) & Glucose >= 0.000) -> PaCO2 >= 0.000)
",-9999999.000,-9999999.000,0.000,0.000,1.000,0,0,0,20,20,0,0,20,0.0,0.0,0.0,0.0,0.0,1.0,-1
"F[2,2](FiO2 <= 0.000 -> PTT <= 0.000)
",0.000,0.000,0.000,0.000,1.000,0,0,0,20,20,0,0,20,0.0,0.0,0.0,0.0,0.0,1.0,-1
"((Hgb <= 9.330) U[2,2] (WBC >= 0.111))
",5252509741642780.000,9.330,0.000,0.000,1.000,0,0,0,20,20,0,0,20,0.0,0.0,0.0,0.0,0.0,1.0,-1
"F[0,1]((PTT >= 0.000 -> PTT >= 0.000) | Chloride <= 0.000)
",-9999999.000,-9999999.000,0.000,0.000,1.000,0,0,0,20,20,0,0,20,0.0,0.0,0.0,0.0,0.0,1.0,-1
"F[0,1]((Calcium <= 1.106 & Potassium <= 3.085) & Magnesium >= 0.000)
",-9999999.000,-9999999.000,0.000,0.000,1.000,0,0,0,20,20,0,0,20,0.0,0.0,0.0,0.0,0.0,1.0,-1
"F[2,2]((Glucose >= 1.766 | SaO2 <= 0.000) -> MAP >= 0.000)
",0.000,0.000,0.000,0.000,1.000,0,0,0,20,20,0,0,20,0.0,0.0,0.0,0.0,0.0,1.0,-1
"F[1,1](DBP >= 5.709 -> WBC <= 2.706)
",-2.706,-2.706,0.000,0.000,1.000,0,0,0,20,20,0,0,20,0.0,0.0,0.0,0.0,0.0,1.0,-1
"((Alkalinephos >= 0.000) U[0,1] (TroponinI <= 0.001))
",-9999999.000,-9999999.000,0.000,0.000,1.000,0,0,0,20,20,0,0,20,0.0,0.0,0.0,0.0,0.0,1.0,-1
"F[1,2](Alkalinephos < 0.000 & SepsisLabel = 0.000)
",-9999999.000,-9999999.000,0.000,0.000,1.000,0,0,0,20,20,0,0,20,0.0,0.0,0.0,0.0,0.0,1.0,-1
"F[1,2](Fibrinogen >= 0.000 & HCO3 >= 0.000)
",-9999999.000,-9999999.000,0.000,0.000,1.000,0,0,0,20,20,0,0,20,0.0,0.0,0.0,0.0,0.0,1.0,-1
"F[1,1](((MAP >= 4.870 | Magnesium >= 0.000) | Alkalinephos >= 0.000) | Alkalinephos <= 0.000)
",0.000,0.000,0.000,0.000,1.000,0,0,0,20,20,0,0,20,0.0,0.0,0.0,0.0,0.0,1.0,-1
"F[0,2]((Bilirubin_total >= 0.000 -> SBP <= 104.053) & O2Sat >= 3.446)
",-9999999.000,-9999999.000,0.000,0.000,1.000,0,0,0,20,20,0,0,20,0.0,0.0,0.0,0.0,0.0,1.0,-1
"F[1,2](((SepsisLabel >= 0.000 | HR >= 5.945) | PaCO2 <= 68.524) | Calcium >= 10.955)
",-9999999.000,-9999999.000,0.000,0.000,1.000,0,0,0,20,20,0,0,20,0.0,0.0,0.0,0.0,0.0,1.0,-1
"F[1,2]((Hgb >= 0.002 & EtCO2 >= 0.000) | AST >= 0.000)
",-9999999.000,-9999999.000,0.000,0.000,1.000,0,0,0,20,20,0,0,20,0.0,0.0,0.0,0.0,0.0,1.0,-1
"F[1,2](PTT <= 0.000 -> O2Sat <= 21.270)
",-9999999.000,-9999999.000,0.000,0.000,1.000,0,0,0,20,20,0,0,20,0.0,0.0,0.0,0.0,0.0,1.0,-1
"F[1,2](((Bilirubin_total <= 0.000 | Platelets >= 0.372) -> EtCO2 >= 1.868) | WBC >= 2.091)
",-9999999.000,-9999999.000,0.000,0.000,1.000,0,0,0,20,20,0,0,20,0.0,0.0,0.0,0.0,0.0,1.0,-1
"F[1,2](((Hct <= 37.512 & Bilirubin_total >= 0.000) -> Magnesium >= 0.000) & Glucose >= 0.000)
",-9999999.000,-9999999.000,0.000,0.000,1.000,0,0,0,20,20,0,0,20,0.0,0.0,0.0,0.0,0.0,1.0,-1
"F[0,2]((WBC >= 0.126 & SaO2 <= 0.000) -> AST <= 0.000)
",-9999999.000,-9999999.000,0.000,0.000,1.000,0,0,0,20,20,0,0,20,0.0,0.0,0.0,0.0,0.0,1.0,-1
"F[0,1]((PTT <= 0.000 & pH <= 0.000) & EtCO2 >= 0.000)
",-9999999.000,-9999999.000,0.000,0.000,1.000,0,0,0,20,20,0,0,20,0.0,0.0,0.0,0.0,0.0,1.0,-1
"((SepsisLabel >= 0.000) U[0,0] (DBP <= 85.113))
",4.243,80.634,0.000,0.000,1.000,0,0,0,20,20,0,0,20,0.0,0.0,0.0,0.0,0.0,1.0,-1
"F[1,1](PTT >= 0.000 -> Bilirubin_direct >= 0.000)
",0.000,0.000,0.000,0.000,1.000,0,0,0,20,20,0,0,20,0.0,0.0,0.0,0.0,0.0,1.0,-1
"F[1,2](((PTT >= 0.000 -> DBP <= 64.360) -> PaCO2 <= 34.501) -> SBP >= 9.641)
",-9999999.000,-9999999.000,0.000,0.000,1.000,0,0,0,20,20,0,0,20,0.0,0.0,0.0,0.0,0.0,1.0,-1
"F[1,2](((FiO2 >= 0.000 & Temp <= 34.263) -> Temp <= 28.640) -> DBP <= 32.769)
",-9999999.000,-9999999.000,0.000,0.000,1.000,0,0,0,20,20,0,0,20,0.0,0.0,0.0,0.0,0.0,1.0,-1
"F[0,1](HCO3 >= 0.000 & HR <= 40.472)
",-9999999.000,-9999999.000,0.000,0.000,1.000,0,0,0,20,20,0,0,20,0.0,0.0,0.0,0.0,0.0,1.0,-1
"((pH <= 0.000) U[1,2] (Fibrinogen <= 0.000))
",-9999999.000,-9999999.000,0.000,0.000,1.000,0,0,0,20,20,0,0,20,0.0,0.0,0.0,0.0,0.0,1.0,-1
"F[0,1](((Creatinine <= 0.096 & TroponinI <= 0.009) | Magnesium >= 0.000) & Hgb <= 0.004)
",-9999999.000,-9999999.000,0.000,0.000,1.000,0,0,0,20,20,0,0,20,0.0,0.0,0.0,0.0,0.0,1.0,-1
"F[1,1]((Calcium <= 5.967 & TroponinI >= 0.000) & SaO2 <= 0.008)
",-8336731080299980.000,-0.000,0.000,0.000,1.000,0,0,0,20,20,0,0,20,0.0,0.0,0.0,0.0,0.0,1.0,-1
"((Potassium <= 2.138) U[0,2] (SBP >= 14.515))
",-9999999.000,-9999999.000,0.000,0.000,1.000,0,0,0,20,20,0,0,20,0.0,0.0,0.0,0.0,0.0,1.0,-1
"F[1,2](BUN <= 4.354 | TroponinI <= 0.010)
",-9999999.000,-9999999.000,0.000,0.000,1.000,0,0,0,20,20,0,0,20,0.0,0.0,0.0,0.0,0.0,1.0,-1
"F[2,2]((TroponinI >= 0.000 | WBC >= 0.097) | Hct >= 0.131)
",-8120873209514317.000,-0.000,0.000,0.000,1.000,0,0,0,20,20,0,0,20,0.0,0.0,0.0,0.0,0.0,1.0,-1
"F[0,0](((Glucose <= 58.934 -> TroponinI >= 0.000) | SaO2 >= 0.000) | Temp >= 0.000)
",0.343,10.368,0.000,0.000,1.000,0,0,0,20,20,0,0,20,0.0,0.0,0.0,0.0,0.0,1.0,-1
"F[1,2](((Glucose <= 71.987 | MAP >= 0.026) -> O2Sat >= 3.856) -> Potassium >= 2.233)
",-9999999.000,-9999999.000,0.000,0.000,1.000,0,0,0,20,20,0,0,20,0.0,0.0,0.0,0.0,0.0,1.0,-1
"F[2,2]((Platelets <= 181.526 & SBP <= 132.162) | PaCO2 >= 16.766)
",4650052831255609.000,132.162,0.000,0.000,1.000,0,0,0,20,20,0,0,20,0.0,0.0,0.0,0.0,0.0,1.0,-1
"F[0,2](((Lactate >= 0.000 -> Alkalinephos <= 0.000) & Hct >= 0.000) | Bilirubin_total <= 0.000)
",-9999999.000,-9999999.000,0.000,0.000,1.000,0,0,0,20,20,0,0,20,0.0,0.0,0.0,0.0,0.0,1.0,-1
"F[1,2]((Hct <= 22.267 & Resp <= 10.412) & pH >= 2.110)
",-9999999.000,-9999999.000,0.000,0.000,1.000,0,0,0,20,20,0,0,20,0.0,0.0,0.0,0.0,0.0,1.0,-1
"F[0,1](((BaseExcess >= 0.000 | Bilirubin_total >= 0.000) -> Lactate <= 0.000) | Lactate >= 0.000)
",-9999999.000,-9999999.000,0.000,0.000,1.000,0,0,0,20,20,0,0,20,0.0,0.0,0.0,0.0,0.0,1.0,-1
"F[0,2]((Calcium >= 0.027 & Resp >= 0.494) & SBP >= 1.043)
",-9999999.000,-9999999.000,0.000,0.000,1.000,0,0,0,20,20,0,0,20,0.0,0.0,0.0,0.0,0.0,1.0,-1
"F[1,1]((O2Sat <= 44.409 -> WBC <= 1.575) | Calcium >= 0.011)
",-0.011,-0.011,0.000,0.000,1.000,0,0,0,20,20,0,0,20,0.0,0.0,0.0,0.0,0.0,1.0,-1
"F[0,1]((O2Sat <= 38.026 | Potassium >= 0.083) | WBC >= 0.005)
",-9999999.000,-9999999.000,0.000,0.000,1.000,0,0,0,20,20,0,0,20,0.0,0.0,0.0,0.0,0.0,1.0,-1
"F[0,2](((Temp <= 10.358 & WBC >= 0.085) | MAP <= 0.828) & Magnesium >= 0.038)
",-9999999.000,-9999999.000,0.000,0.000,1.000,0,0,0,20,20,0,0,20,0.0,0.0,0.0,0.0,0.0,1.0,-1
"F[2,2](Temp >= 2.087 -> TroponinI <= 0.007)
",-8220433765681455.000,-0.007,0.000,0.000,1.000,0,0,0,20,20,0,0,20,0.0,0.0,0.0,0.0,0.0,1.0,-1
"F[0,2]((SBP >= 0.476 | Calcium >= 0.233) | Creatinine >= 0.219)
",-9999999.000,-9999999.000,0.000,0.000,1.000,0,0,0,20,20,0,0,20,0.0,0.0,0.0,0.0,0.0,1.0,-1
"F[1,2](Platelets <= 25.876 | Magnesium <= 0.000)
",-9999999.000,-9999999.000,0.000,0.000,1.000,0,0,0,20,20,0,0,20,0.0,0.0,0.0,0.0,0.0,1.0,-1
"F[1,2](Magnesium >= 0.000 -> Chloride >= 0.000)
",-9999999.000,-9999999.000,0.000,0.000,1.000,0,0,0,20,20,0,0,20,0.0,0.0,0.0,0.0,0.0,1.0,-1
"F[0,1](HR >= 7.628 -> EtCO2 <= 0.000)
",-9999999.000,-9999999.000,0.000,0.000,1.000,0,0,0,20,20,0,0,20,0.0,0.0,0.0,0.0,0.0,1.0,-1
"F[1,1]((HR >= 1.878 & MAP >= 4.274) -> Phosphate <= 27.512)
",-27.512,-27.512,0.000,0.000,1.000,0,0,0,20,20,0,0,20,0.0,0.0,0.0,0.0,0.0,1.0,-1
"F[1,2](Calcium >= 0.075 & Hgb >= 0.199)
",-9999999.000,-9999999.000,0.000,0.000,1.000,0,0,0,20,20,0,0,20,0.0,0.0,0.0,0.0,0.0,1.0,-1
"F[2,2]((Creatinine >= 0.015 | Potassium <= 2.121) -> TroponinI >= 0.050)
",-2.121,-2.121,0.000,0.000,1.000,0,0,0,20,20,0,0,20,0.0,0.0,0.0,0.0,0.0,1.0,-1
"((Bilirubin_total <= 0.000) U[1,2] (SepsisLabel = 0.000))
",-9999999.000,-9999999.000,0.000,0.000,1.000,0,0,0,20,20,0,0,20,0.0,0.0,0.0,0.0,0.0,1.0,-1
"((SepsisLabel <= 0.000) U[0,0] (SepsisLabel = 0.000))
",0.000,0.000,0.000,0.000,1.000,0,0,0,20,20,0,0,20,0.0,0.0,0.0,0.0,0.0,1.0,-1
"F[2,2](PaCO2 >= 0.000 -> SepsisLabel = 0.000)
",0.000,0.000,0.000,0.000,1.000,0,0,0,20,20,0,0,20,0.0,0.0,0.0,0.0,0.0,1.0,-1
"((Bilirubin_total > 0.000) U[0,1] (SepsisLabel = 0.000))
",-9999999.000,-9999999.000,0.000,0.000,1.000,0,0,0,20,20,0,0,20,0.0,0.0,0.0,0.0,0.0,1.0,-1
"F[0,1]((Phosphate >= 0.000 & Magnesium > 0.000) -> Calcium < 2.620)
",-9999999.000,-9999999.000,0.000,0.000,1.000,0,0,0,20,20,0,0,20,0.0,0.0,0.0,0.0,0.0,1.0,-1
"((Platelets <= 82.172) U[2,2] (Potassium >= 0.047))
",5782353739918290.000,82.172,0.000,0.000,1.000,0,0,0,20,20,0,0,20,0.0,0.0,0.0,0.0,0.0,1.0,-1
"F[0,1]((Calcium <= 0.946 & Potassium <= 1.743) & Magnesium >= 0.000)
",-9999999.000,-9999999.000,0.000,0.000,1.000,0,0,0,20,20,0,0,20,0.0,0.0,0.0,0.0,0.0,1.0,-1
"F[0,2](Hgb <= 2.695 | Hct <= 34.987)
",-9999999.000,-9999999.000,0.000,0.000,1.000,0,0,0,20,20,0,0,20,0.0,0.0,0.0,0.0,0.0,1.0,-1
"((MAP >= 0.424) U[0,2] (SBP <= 97.173))
",-9999999.000,-9999999.000,0.000,0.000,1.000,0,0,0,20,20,0,0,20,0.0,0.0,0.0,0.0,0.0,1.0,-1
"F[1,2]((Phosphate >= 0.000 & Magnesium > 0.000) -> Calcium < 2.166)
",-9999999.000,-9999999.000,0.000,0.000,1.000,0,0,0,20,20,0,0,20,0.0,0.0,0.0,0.0,0.0,1.0,-1
"F[0,2](((Calcium < 6.597 & Potassium < 1.874) & Magnesium < 0.000) & Phosphate < 0.000)
",-9999999.000,-9999999.000,0.000,0.000,1.000,0,0,0,20,20,0,0,20,0.0,0.0,0.0,0.0,0.0,1.0,-1
"F[1,2]((Calcium <= 7.090 & Potassium <= 0.861) & Magnesium >= 0.000)
",-9999999.000,-9999999.000,0.000,0.000,1.000,0,0,0,20,20,0,0,20,0.0,0.0,0.0,0.0,0.0,1.0,-1
"F[0,0]((Hgb <= 10.918 | WBC <= 4.784) | Resp <= 5.260)
",10.918,10.918,0.000,0.000,1.000,0,0,0,20,20,0,0,20,0.0,0.0,0.0,0.0,0.0,1.0,-1
"F[0,0](((DBP >= 4.789 & SBP <= 99.306) -> Platelets >= 0.134) -> O2Sat <= 159.928)
",-6.848,-152.349,0.000,0.000,1.000,0,0,0,20,20,0,0,20,0.0,0.0,0.0,0.0,0.0,1.0,-1
"F[1,2](((Glucose <= 59.092 -> Fibrinogen >= 0.000) -> pH >= 0.000) | BUN <= 0.000)
",-9999999.000,-9999999.000,0.000,0.000,1.000,0,0,0,20,20,0,0,20,0.0,0.0,0.0,0.0,0.0,1.0,-1
"((Bilirubin_direct >= 0.000) U[0,2] (SepsisLabel = 0.000))
",-9999999.000,-9999999.000,0.000,0.000,1.000,0,0,0,20,20,0,0,20,0.0,0.0,0.0,0.0,0.0,1.0,-1
"F[2,2](HCO3 > 0.000 & SepsisLabel = 0.000)
",0.000,0.000,0.000,0.000,1.000,0,0,0,20,20,0,0,20,0.0,0.0,0.0,0.0,0.0,1.0,-1
"((EtCO2 <= 0.000) U[1,1] (SepsisLabel = 0.000))
",0.000,0.000,0.000,0.000,1.000,0,0,0,20,20,0,0,20,0.0,0.0,0.0,0.0,0.0,1.0,-1
"((Temp >= 3.048) U[0,2] (SepsisLabel = 0.000))
",-9999999.000,-9999999.000,0.000,0.000,1.000,0,0,0,20,20,0,0,20,0.0,0.0,0.0,0.0,0.0,1.0,-1
"F[0,2](Creatinine < 0.624 -> SepsisLabel = 0.000)
",-9999999.000,-9999999.000,0.000,0.000,1.000,0,0,0,20,20,0,0,20,0.0,0.0,0.0,0.0,0.0,1.0,-1
"F[0,2](Potassium >= 0.090 & SepsisLabel = 0.000)
",-9999999.000,-9999999.000,0.000,0.000,1.000,0,0,0,20,20,0,0,20,0.0,0.0,0.0,0.0,0.0,1.0,-1
"((Chloride <= 0.000) U[0,1] (SepsisLabel = 0.000))
",-9999999.000,-9999999.000,0.000,0.000,1.000,0,0,0,20,20,0,0,20,0.0,0.0,0.0,0.0,0.0,1.0,-1
"F[1,1](((MAP >= 7.369 & Resp >= 0.608) | Bilirubin_total <= 9.521) & Calcium <= 13.664)
",5359606644320923.000,9.521,0.000,0.000,1.000,0,0,0,20,20,0,0,20,0.0,0.0,0.0,0.0,0.0,1.0,-1
"F[0,2](DBP >= 3.197 -> Temp >= 2.696)
",-9999999.000,-9999999.000,0.000,0.000,1.000,0,0,0,20,20,0,0,20,0.0,0.0,0.0,0.0,0.0,1.0,-1
"F[0,1]((DBP >= 8.656 -> MAP >= 6.731) & HR <= 69.062)
",-9999999.000,-9999999.000,0.000,0.000,1.000,0,0,0,20,20,0,0,20,0.0,0.0,0.0,0.0,0.0,1.0,-1
"F[1,2](Calcium <= 0.801 & Glucose >= 2.743)
",-9999999.000,-9999999.000,0.000,0.000,1.000,0,0,0,20,20,0,0,20,0.0,0.0,0.0,0.0,0.0,1.0,-1
"F[1,2](((Glucose >= 4.365 -> Platelets >= 0.634) | SaO2 >= 4.520) -> Hgb <= 167.927)
",-9999999.000,-9999999.000,0.000,0.000,1.000,0,0,0,20,20,0,0,20,0.0,0.0,0.0,0.0,0.0,1.0,-1
"F[1,2](Glucose >= 1.766 -> Potassium >= 0.014)
",-9999999.000,-9999999.000,0.000,0.000,1.000,0,0,0,20,20,0,0,20,0.0,0.0,0.0,0.0,0.0,1.0,-1
"F[1,2]((BUN <= 5.297 -> Glucose <= 38.647) & Chloride <= 28.009)
",-9999999.000,-9999999.000,0.000,0.000,1.000,0,0,0,20,20,0,0,20,0.0,0.0,0.0,0.0,0.0,1.0,-1
"F[1,2](DBP >= 11.744 -> O2Sat >= 2.629)
",-9999999.000,-9999999.000,0.000,0.000,1.000,0,0,0,20,20,0,0,20,0.0,0.0,0.0,0.0,0.0,1.0,-1
"((MAP >= 4.011) U[0,1] (SBP <= 67.733))
",-9999999.000,-9999999.000,0.000,0.000,1.000,0,0,0,20,20,0,0,20,0.0,0.0,0.0,0.0,0.0,1.0,-1
"F[2,2]((Calcium <= 6.612 & Potassium <= 2.036) & Magnesium >= 0.000)
",0.000,0.000,0.000,0.000,1.000,0,0,0,20,20,0,0,20,0.0,0.0,0.0,0.0,0.0,1.0,-1
"((Creatinine > 0.012) U[0,2] (SepsisLabel = 0.000))
",-9999999.000,-9999999.000,0.000,0.000,1.000,0,0,0,20,20,0,0,20,0.0,0.0,0.0,0.0,0.0,1.0,-1
"((MAP >= 1.267) U[0,2] (SBP <= 73.274))
",-9999999.000,-9999999.000,0.000,0.000,1.000,0,0,0,20,20,0,0,20,0.0,0.0,0.0,0.0,0.0,1.0,-1
"F[0,2]((Phosphate >= 0.000 & Magnesium > 0.000) -> Calcium < 8.056)
",-9999999.000,-9999999.000,0.000,0.000,1.000,0,0,0,20,20,0,0,20,0.0,0.0,0.0,0.0,0.0,1.0,-1
"F[0,2]((Calcium <= 1.029 & Potassium <= 0.533) & Magnesium >= 0.000)
",-9999999.000,-9999999.000,0.000,0.000,1.000,0,0,0,20,20,0,0,20,0.0,0.0,0.0,0.0,0.0,1.0,-1
"F[2,2](Hgb <= 3.470 | Hct <= 1.214)
",7814755795596835.000,3.470,0.000,0.000,1.000,0,0,0,20,20,0,0,20,0.0,0.0,0.0,0.0,0.0,1.0,-1
"F[1,2]((Phosphate >= 0.000 & Magnesium > 0.000) -> Calcium < 0.552)
",-9999999.000,-9999999.000,0.000,0.000,1.000,0,0,0,20,20,0,0,20,0.0,0.0,0.0,0.0,0.0,1.0,-1
"F[0,1]((Calcium <= 8.960 & Potassium <= 3.068) & Magnesium >= 0.000)
",-9999999.000,-9999999.000,0.000,0.000,1.000,0,0,0,20,20,0,0,20,0.0,0.0,0.0,0.0,0.0,1.0,-1
"F[1,2](Hgb <= 9.692 | Hct <= 29.380)
",-9999999.000,-9999999.000,0.000,0.000,1.000,0,0,0,20,20,0,0,20,0.0,0.0,0.0,0.0,0.0,1.0,-1
"F[0,2]((Phosphate >= 0.000 & Magnesium > 0.000) -> Calcium < 9.161)
",-9999999.000,-9999999.000,0.000,0.000,1.000,0,0,0,20,20,0,0,20,0.0,0.0,0.0,0.0,0.0,1.0,-1
"((MAP >= 6.617) U[2,2] (SBP <= 31.172))
",4387005469568790.500,31.172,0.000,0.000,1.000,0,0,0,20,20,0,0,20,0.0,0.0,0.0,0.0,0.0,1.0,-1
"F[1,2](((MAP <= 57.638 & O2Sat <= 52.551) | Phosphate >= 4.174) -> pH >= 8.195)
",-9999999.000,-9999999.000,0.000,0.000,1.000,0,0,0,20,20,0,0,20,0.0,0.0,0.0,0.0,0.0,1.0,-1
"F[0,2](Glucose >= 3.107 -> O2Sat <= 40.553)
",-9999999.000,-9999999.000,0.000,0.000,1.000,0,0,0,20,20,0,0,20,0.0,0.0,0.0,0.0,0.0,1.0,-1
"F[0,0](pH >= 0.000 -> Alkalinephos <= 0.000)
",0.000,0.000,0.000,0.000,1.000,0,0,0,20,20,0,0,20,0.0,0.0,0.0,0.0,0.0,1.0,-1
"((AST >= 0.000) U[1,1] (Bilirubin_total <= 0.000))
",0.000,0.000,0.000,0.000,1.000,0,0,0,20,20,0,0,20,0.0,0.0,0.0,0.0,0.0,1.0,-1
"F[2,2](((Platelets <= 149.421 & Temp >= 2.953) | TroponinI >= 5.510) & EtCO2 >= 1.135)
",-2.953,-2.953,0.000,0.000,1.000,0,0,0,20,20,0,0,20,0.0,0.0,0.0,0.0,0.0,1.0,-1
"((Lactate >= 0.000) U[1,2] (Fibrinogen >= 0.000))
",-9999999.000,-9999999.000,0.000,0.000,1.000,0,0,0,20,20,0,0,20,0.0,0.0,0.0,0.0,0.0,1.0,-1
"F[1,2](Hgb <= 11.906 | Hct <= 6.124)
",-9999999.000,-9999999.000,0.000,0.000,1.000,0,0,0,20,20,0,0,20,0.0,0.0,0.0,0.0,0.0,1.0,-1
"F[2,2]((Calcium <= 8.552 & Potassium <= 2.151) & Magnesium >= 0.000)
",0.000,0.000,0.000,0.000,1.000,0,0,0,20,20,0,0,20,0.0,0.0,0.0,0.0,0.0,1.0,-1
"F[2,2](((Calcium < 9.026 & Potassium < 0.428) & Magnesium < 0.000) & Phosphate < 0.000)
",0.000,0.000,0.000,0.000,1.000,0,0,0,20,20,0,0,20,0.0,0.0,0.0,0.0,0.0,1.0,-1
"F[0,1]((Phosphate >= 0.000 & Magnesium > 0.000) -> Calcium < 5.933)
",-9999999.000,-9999999.000,0.000,0.000,1.000,0,0,0,20,20,0,0,20,0.0,0.0,0.0,0.0,0.0,1.0,-1
"F[0,2](Hgb <= 8.986 | Hct <= 11.081)
",-9999999.000,-9999999.000,0.000,0.000,1.000,0,0,0,20,20,0,0,20,0.0,0.0,0.0,0.0,0.0,1.0,-1
"F[2,2]((Calcium <= 1.440 & Potassium <= 1.174) & Magnesium >= 0.000)
",0.000,0.000,0.000,0.000,1.000,0,0,0,20,20,0,0,20,0.0,0.0,0.0,0.0,0.0,1.0,-1
"F[0,1]((Phosphate >= 0.000 & Magnesium > 0.000) -> Calcium < 4.823)
",-9999999.000,-9999999.000,0.000,0.000,1.000,0,0,0,20,20,0,0,20,0.0,0.0,0.0,0.0,0.0,1.0,-1
"F[1,1]((Calcium <= 3.869 & Potassium <= 0.464) & Magnesium >= 0.000)
",0.000,0.000,0.000,0.000,1.000,0,0,0,20,20,0,0,20,0.0,0.0,0.0,0.0,0.0,1.0,-1
"F[0,2](Hgb <= 12.321 | Hct <= 12.471)
",-9999999.000,-9999999.000,0.000,0.000,1.000,0,0,0,20,20,0,0,20,0.0,0.0,0.0,0.0,0.0,1.0,-1
"F[2,2]((Phosphate >= 0.000 & Magnesium > 0.000) -> Calcium < 4.829)
",-5436496797208338.000,-4.829,0.000,0.000,1.000,0,0,0,20,20,0,0,20,0.0,0.0,0.0,0.0,0.0,1.0,-1
"F[0,2](((Calcium < 7.882 & Potassium < 3.341) & Magnesium < 0.000) & Phosphate < 0.000)
",-9999999.000,-9999999.000,0.000,0.000,1.000,0,0,0,20,20,0,0,20,0.0,0.0,0.0,0.0,0.0,1.0,-1
"F[1,2](((Calcium < 2.388 & Potassium < 0.622) & Magnesium < 0.000) & Phosphate < 0.000)
",-9999999.000,-9999999.000,0.000,0.000,1.000,0,0,0,20,20,0,0,20,0.0,0.0,0.0,0.0,0.0,1.0,-1
"F[1,2]((Phosphate >= 0.000 & Magnesium > 0.000) -> Calcium < 0.552)
",-9999999.000,-9999999.000,0.000,0.000,1.000,0,0,0,20,20,0,0,20,0.0,0.0,0.0,0.0,0.0,1.0,-1
"((MAP >= 7.090) U[0,2] (SBP <= 91.835))
",-9999999.000,-9999999.000,0.000,0.000,1.000,0,0,0,20,20,0,0,20,0.0,0.0,0.0,0.0,0.0,1.0,-1
"F[1,1](Hgb <= 2.441 | Hct <= 15.985)
",8998503825055134.000,15.985,0.000,0.000,1.000,0,0,0,20,20,0,0,20,0.0,0.0,0.0,0.0,0.0,1.0,-1
"F[1,2]((Calcium <= 5.252 & Potassium <= 2.999) & Magnesium >= 0.000)
",-9999999.000,-9999999.000,0.000,0.000,1.000,0,0,0,20,20,0,0,20,0.0,0.0,0.0,0.0,0.0,1.0,-1
"F[2,2]((Phosphate >= 0.000 & Magnesium > 0.000) -> Calcium < 6.262)
",-6.262,-6.262,0.000,0.000,1.000,0,0,0,20,20,0,0,20,0.0,0.0,0.0,0.0,0.0,1.0,-1
"F[0,1]((WBC >= 0.109 & Glucose <= 52.555) | DBP <= 27.819)
",-9999999.000,-9999999.000,0.000,0.000,1.000,0,0,0,20,20,0,0,20,0.0,0.0,0.0,0.0,0.0,1.0,-1
"F[1,2]((BaseExcess >= 0.000 & BUN <= 5.533) -> pH >= 0.095)
",-9999999.000,-9999999.000,0.000,0.000,1.000,0,0,0,20,20,0,0,20,0.0,0.0,0.0,0.0,0.0,1.0,-1
"F[2,2](((Bilirubin_direct <= 0.000 -> SBP <= 77.804) & MAP >= 0.710) -> Temp >= 20.204)
",5687001332559086.000,20.204,0.000,0.000,1.000,0,0,0,20,20,0,0,20,0.0,0.0,0.0,0.0,0.0,1.0,-1
"G[0,1]((MAP >= 7.545 & Potassium >= 0.034) | Calcium >= 0.011)
",9999999.000,9999999.000,0.000,1.000,0.000,0,0,0,20,20,0,0,20,0.0,0.0,0.0,0.0,0.0,1.0,1
"G[2,2]((Hct <= 25.177 & TroponinI <= 0.001) | Magnesium >= 0.000)
",0.001,0.001,0.000,1.000,0.000,0,0,20,0,0,20,20,0,0.0,0.0,1.0,0.0,0.0,1.0,1
"G[1,2](Hgb <= 0.391 | TroponinI <= 0.001)
",9999999.000,9999999.000,0.000,1.000,0.000,0,0,20,0,0,20,20,0,0.0,0.0,1.0,0.0,0.0,1.0,1
"G[0,2]((DBP >= 11.541 & Creatinine >= 0.013) -> SepsisLabel <= 0.456)
",9999999.000,9999999.000,0.000,1.000,0.000,0,0,20,0,0,20,20,0,0.0,0.0,1.0,0.0,0.0,1.0,1
"G[0,2](Platelets >= 1.132 -> TroponinI >= 0.000)
",9999999.000,9999999.000,0.000,1.000,0.000,0,0,20,0,0,20,20,0,0.0,0.0,1.0,0.0,0.0,1.0,1
"G[0,2](SBP < 50.068 -> SepsisLabel = 0.000)
",9999999.000,9999999.000,0.000,1.000,0.000,0,0,20,0,0,20,20,0,0.0,0.0,1.0,0.0,0.0,1.0,1
"G[0,2](BUN >= 0.129 -> SepsisLabel = 0.000)
",9999999.000,9999999.000,0.000,1.000,0.000,0,0,20,0,0,20,20,0,0.0,0.0,1.0,0.0,0.0,1.0,1
"G[2,2](EtCO2 >= 0.000 | AST <= 0.000)
",0.000,0.000,0.000,1.000,0.000,0,0,20,0,0,20,20,0,0.0,0.0,1.0,0.0,0.0,1.0,1
"G[2,2](((EtCO2 >= 0.000 | HR <= 82.112) & Alkalinephos >= 4.791) -> Alkalinephos >= 3.554)
",3.554,3.554,0.000,1.000,0.000,0,0,20,0,0,20,20,0,0.0,0.0,1.0,0.0,0.0,1.0,1
"G[0,2]((Magnesium <= 0.000 & Calcium >= 0.184) | Fibrinogen >= 0.028)
",9999999.000,9999999.000,0.000,1.000,0.000,0,0,0,20,20,0,0,20,0.0,0.0,0.0,0.0,0.0,1.0,1
"G[2,2](BUN >= 0.174 | HCO3 >= 0.000)
",0.000,0.000,0.000,1.000,0.000,0,0,20,0,0,20,20,0,0.0,0.0,1.0,0.0,0.0,1.0,1
"G[2,2](EtCO2 <= 0.000 -> SepsisLabel <= 0.000)
",0.000,0.000,0.000,1.000,0.000,0,0,20,0,0,20,20,0,0.0,0.0,1.0,0.0,0.0,1.0,1
"G[0,1]((Calcium >= 0.014 & Chloride >= 0.000) & Magnesium >= 0.000)
",9999999.000,9999999.000,0.000,1.000,0.000,0,0,0,20,20,0,0,20,0.0,0.0,0.0,0.0,0.0,1.0,1
"G[1,2]((Resp >= 2.245 -> Hct <= 3.690) | BUN <= 18.853)
",9999999.000,9999999.000,0.000,1.000,0.000,0,0,20,0,0,20,20,0,0.0,0.0,1.0,0.0,0.0,1.0,1
"G[0,1](((Hgb <= 11.090 | Hct <= 13.945) -> WBC >= 0.051) & Platelets >= 3.574)
",9999999.000,9999999.000,0.000,1.000,0.000,0,0,0,20,20,0,0,20,0.0,0.0,0.0,0.0,0.0,1.0,1
"G[0,2]((Temp >= 0.533 & Fibrinogen >= 0.000) & O2Sat <= 0.000)
",9999999.000,9999999.000,0.000,1.000,0.000,0,0,0,20,20,0,0,20,0.0,0.0,0.0,0.0,0.0,1.0,1
"G[2,2]((Potassium >= 0.088 -> Resp >= 0.901) | Potassium >= 0.043)
",0.088,0.088,0.000,1.000,0.000,0,0,20,0,0,20,20,0,0.0,0.0,1.0,0.0,0.0,1.0,1
"G[0,1](BUN <= 12.310 & Creatinine >= 0.014)
",9999999.000,9999999.000,0.000,1.000,0.000,0,0,0,20,20,0,0,20,0.0,0.0,0.0,0.0,0.0,1.0,1
"G[0,2](((O2Sat <= 74.608 -> Resp <= 14.012) | DBP <= 6.720) | Chloride >= 0.376)
",9999999.000,9999999.000,0.000,1.000,0.000,0,0,20,0,0,20,20,0,0.0,0.0,1.0,0.0,0.0,1.0,1
"G[1,2](((Resp <= 12.660 -> Temp >= 3.189) & Platelets >= 5.355) -> O2Sat >= 4.479)
",9999999.000,9999999.000,0.000,1.000,0.000,0,0,20,0,0,20,20,0,0.0,0.0,1.0,0.0,0.0,1.0,1
"G[0,2](DBP <= 18.337 -> TroponinI <= 0.009)
",9999999.000,9999999.000,0.000,1.000,0.000,0,0,18,2,2,18,18,2,0.0,0.0,1.0,0.0,0.0,1.0,1
"G[0,2]((Lactate <= 0.000 | Potassium <= 0.415) & O2Sat <= 3.396)
",9999999.000,9999999.000,0.000,1.000,0.000,0,0,13,7,7,13,13,7,0.0,0.0,1.0,0.0,0.0,1.0,1
"G[2,2]((Fibrinogen >= 0.000 | Platelets >= 0.035) & Alkalinephos <= 116.594)
",0.000,0.000,0.000,1.000,0.000,0,0,20,0,0,20,20,0,0.0,0.0,1.0,0.0,0.0,1.0,1
"G[0,2](WBC <= 1.695 & EtCO2 <= 0.000)
",9999999.000,9999999.000,0.000,1.000,0.000,0,0,19,1,1,19,19,1,0.0,0.0,1.0,0.0,0.0,1.0,1
"G[0,2](HR <= 74.045 | Potassium >= 0.058)
",9999999.000,9999999.000,0.000,1.000,0.000,0,0,17,3,3,17,17,3,0.0,0.0,1.0,0.0,0.0,1.0,1
"G[1,2](((FiO2 >= 0.000 -> MAP >= 4.167) | Calcium >= 7.629) -> O2Sat >= 6.373)
",9999999.000,9999999.000,0.000,1.000,0.000,0,0,20,0,0,20,20,0,0.0,0.0,1.0,0.0,0.0,1.0,1
"G[2,2](SaO2 >= 0.000 & Hgb >= 0.179)
",-6448226408294660.000,-0.179,0.000,1.000,0.000,0,0,20,0,0,20,20,0,0.0,0.0,1.0,0.0,0.0,1.0,1
"G[0,2]((Creatinine >= 0.003 | Glucose <= 55.539) & Fibrinogen >= 2.544)
",9999999.000,9999999.000,0.000,1.000,0.000,0,0,0,20,20,0,0,20,0.0,0.0,0.0,0.0,0.0,1.0,1
"F[1,2]((BaseExcess >= 0.000 -> TroponinI <= 0.009) | Potassium >= 7.980299404836185e-05)
",-9999999.000,-9999999.000,0.000,0.000,1.000,0,0,0,20,20,0,0,20,0.0,0.0,0.0,0.0,0.0,1.0,-1
"G[2,2](((Calcium >= 0.079 & MAP >= 4.895) -> Platelets <= 39.605) | Hct >= 5.507)
",-5.507,-5.507,0.000,1.000,0.000,0,0,20,0,0,20,20,0,0.0,0.0,1.0,0.0,0.0,1.0,1
"G[0,2](Potassium >= 0.039 & HCO3 <= 0.000)
",9999999.000,9999999.000,0.000,1.000,0.000,0,0,0,20,20,0,0,20,0.0,0.0,0.0,0.0,0.0,1.0,1
"G[0,2](((Creatinine >= 0.011 -> Bilirubin_total <= 0.000) & DBP >= 0.000) | WBC <= 0.000)
",9999999.000,9999999.000,0.000,1.000,0.000,0,0,20,0,0,20,20,0,0.0,0.0,1.0,0.0,0.0,1.0,1
"G[1,2](SaO2 <= 0.000 & Bilirubin_direct >= 0.000)
",9999999.000,9999999.000,0.000,1.000,0.000,0,0,20,0,0,20,20,0,0.0,0.0,1.0,0.0,0.0,1.0,1
"G[1,2]((Hct >= 0.334 | Creatinine <= 0.571) & pH >= 0.005)
",9999999.000,9999999.000,0.000,1.000,0.000,0,0,1,19,19,1,1,19,0.0,0.0,1.0,0.0,0.0,1.0,1
"G[1,2](((Resp <= 7.606 & BaseExcess >= 0.000) & Potassium <= 0.000) -> SepsisLabel >= 0.000)
",9999999.000,9999999.000,0.000,1.000,0.000,0,0,20,0,0,20,20,0,0.0,0.0,1.0,0.0,0.0,1.0,1
"G[0,2](AST <= 0.000 -> SepsisLabel = 0.000)
",9999999.000,9999999.000,0.000,1.000,0.000,0,0,20,0,0,20,20,0,0.0,0.0,1.0,0.0,0.0,1.0,1
"G[0,2](MAP >= 5.546 -> SepsisLabel = 0.000)
",9999999.000,9999999.000,0.000,1.000,0.000,0,0,20,0,0,20,20,0,0.0,0.0,1.0,0.0,0.0,1.0,1
"G[2,2](TroponinI <= 0.006 & Glucose >= 2.410)
",-2.410,-2.410,0.000,1.000,0.000,0,0,20,0,0,20,20,0,0.0,0.0,1.0,0.0,0.0,1.0,1
"G[0,2](((Alkalinephos <= 0.000 | BUN >= 0.342) & SaO2 >= 0.246) | Alkalinephos >= 0.086)
",9999999.000,9999999.000,0.000,1.000,0.000,0,0,0,20,20,0,0,20,0.0,0.0,0.0,0.0,0.0,1.0,1
"G[0,2]((Glucose <= 46.783 | Hct <= 9.862) -> Resp >= 0.640)
",9999999.000,9999999.000,0.000,1.000,0.000,0,0,1,19,19,1,1,19,0.0,0.0,1.0,0.0,0.0,1.0,1
"G[1,2](Resp >= 0.057 & SepsisLabel = 0.000)
",9999999.000,9999999.000,0.000,1.000,0.000,0,0,3,17,17,3,3,17,0.0,0.0,1.0,0.0,0.0,1.0,1
"G[1,2]((Lactate <= 0.000 | BUN <= 2.574) & BaseExcess >= 0.283)
",9999999.000,9999999.000,0.000,1.000,0.000,0,0,1,19,19,1,1,19,0.0,0.0,1.0,0.0,0.0,1.0,1
"G[0,2](Chloride <= 0.000 -> DBP >= 0.739)
",9999999.000,9999999.000,0.000,1.000,0.000,0,0,0,20,20,0,0,20,0.0,0.0,0.0,0.0,0.0,1.0,1
"G[1,2](Lactate < 0.000 & SepsisLabel = 0.000)
",9999999.000,9999999.000,0.000,1.000,0.000,0,0,1,19,19,1,1,19,0.0,0.0,1.0,0.0,0.0,1.0,1
"G[1,2](HCO3 >= 0.000 & SepsisLabel = 0.000)
",9999999.000,9999999.000,0.000,1.000,0.000,0,0,20,0,0,20,20,0,0.0,0.0,1.0,0.0,0.0,1.0,1
"G[1,2](((FiO2 >= 0.000 | Bilirubin_direct >= 0.000) | pH <= 0.000) & Temp >= 0.000)
",9999999.000,9999999.000,0.000,1.000,0.000,0,0,20,0,0,20,20,0,0.0,0.0,1.0,0.0,0.0,1.0,1
"G[0,2](((Chloride <= 0.000 | Chloride >= 0.000) & Bilirubin_total >= 0.000) -> Lactate >= 0.000)
",9999999.000,9999999.000,0.000,1.000,0.000,0,0,20,0,0,20,20,0,0.0,0.0,1.0,0.0,0.0,1.0,1
"G[1,2](((Lactate <= 0.000 -> O2Sat >= 6.775) -> Temp >= 16.381) & Bilirubin_total <= 66.105)
",9999999.000,9999999.000,0.000,1.000,0.000,0,0,20,0,0,20,20,0,0.0,0.0,1.0,0.0,0.0,1.0,1
"G[1,2]((Bilirubin_total >= 0.000 & Creatinine >= 0.013) | HCO3 <= 0.578)
",9999999.000,9999999.000,0.000,1.000,0.000,0,0,20,0,0,20,20,0,0.0,0.0,1.0,0.0,0.0,1.0,1
"G[0,2](BUN >= 0.145 & SepsisLabel = 0.000)
",9999999.000,9999999.000,0.000,1.000,0.000,0,0,0,20,20,0,0,20,0.0,0.0,0.0,0.0,0.0,1.0,1
"G[1,2](SaO2 <= 0.000 -> SBP <= 78.273)
",9999999.000,9999999.000,0.000,1.000,0.000,0,0,18,2,2,18,18,2,0.0,0.0,1.0,0.0,0.0,1.0,1
"G[1,2](((PTT >= 0.000 -> BaseExcess <= 0.000) & HCO3 <= 0.000) & Potassium <= 0.000)
",9999999.000,9999999.000,0.000,1.000,0.000,0,0,20,0,0,20,20,0,0.0,0.0,1.0,0.0,0.0,1.0,1
"G[0,1](((WBC <= 2.070 -> TroponinI <= 0.003) | Alkalinephos <= 0.005) & TroponinI >= 7.337023946481009e-05)
",9999999.000,9999999.000,0.000,1.000,0.000,0,0,0,20,20,0,0,20,0.0,0.0,0.0,0.0,0.0,1.0,1
"G[2,2](PTT < 0.000 & SepsisLabel = 0.000)
",0.000,0.000,0.000,1.000,0.000,0,0,20,0,0,20,20,0,0.0,0.0,1.0,0.0,0.0,1.0,1
"G[1,2](((Hgb >= 0.101 | DBP <= 52.193) | Phosphate >= 10.431) -> Hgb <= 59.351)
",9999999.000,9999999.000,0.000,1.000,0.000,0,0,20,0,0,20,20,0,0.0,0.0,1.0,0.0,0.0,1.0,1
"G[1,2](EtCO2 <= 0.000 -> Bilirubin_total >= 0.000)
",9999999.000,9999999.000,0.000,1.000,0.000,0,0,20,0,0,20,20,0,0.0,0.0,1.0,0.0,0.0,1.0,1
"G[1,2]((SaO2 >= 0.000 -> SBP >= 19.244) | EtCO2 >= 9.633)
",9999999.000,9999999.000,0.000,1.000,0.000,0,0,3,17,17,3,3,17,0.0,0.0,1.0,0.0,0.0,1.0,1
"G[1,2]((Hgb <= 4.633 & Creatinine >= 0.016) & AST <= 0.530)
",9999999.000,9999999.000,0.000,1.000,0.000,0,0,1,19,19,1,1,19,0.0,0.0,1.0,0.0,0.0,1.0,1
"G[1,2]((SaO2 <= 0.000 -> Chloride <= 0.000) | O2Sat <= 0.000)
",9999999.000,9999999.000,0.000,1.000,0.000,0,0,20,0,0,20,20,0,0.0,0.0,1.0,0.0,0.0,1.0,1
"G[0,1]((Glucose >= 2.078 | Glucose <= 7.400) -> SaO2 >= 1.563)
",9999999.000,9999999.000,0.000,1.000,0.000,0,0,0,20,20,0,0,20,0.0,0.0,0.0,0.0,0.0,1.0,1
"G[0,1](Platelets <= 38.053 -> WBC >= 0.108)
",9999999.000,9999999.000,0.000,1.000,0.000,0,0,0,20,20,0,0,20,0.0,0.0,0.0,0.0,0.0,1.0,1
"G[1,2]((Alkalinephos >= 0.000 -> Hct <= 37.697) | MAP >= 0.391)
",9999999.000,9999999.000,0.000,1.000,0.000,0,0,20,0,0,20,20,0,0.0,0.0,1.0,0.0,0.0,1.0,1
"G[2,2]((O2Sat >= 5.533 & Glucose >= 4.154) & Hgb <= 7.145)
",-6229860956945316.000,-5.533,0.000,1.000,0.000,0,0,20,0,0,20,20,0,0.0,0.0,1.0,0.0,0.0,1.0,1
"G[1,2](BUN >= 0.262 | Resp >= 1.413)
",9999999.000,9999999.000,0.000,1.000,0.000,0,0,3,17,17,3,3,17,0.0,0.0,1.0,0.0,0.0,1.0,1
"G[0,2](((PTT >= 0.000 -> Chloride <= 0.000) -> SaO2 <= 0.000) & PaCO2 <= 0.000)
",9999999.000,9999999.000,0.000,1.000,0.000,0,0,20,0,0,20,20,0,0.0,0.0,1.0,0.0,0.0,1.0,1
"G[0,2](((PaCO2 <= 0.000 -> Potassium <= 3.015) & FiO2 >= 0.099) -> Hgb <= 1.532)
",9999999.000,9999999.000,0.000,1.000,0.000,0,0,20,0,0,20,20,0,0.0,0.0,1.0,0.0,0.0,1.0,1
"G[0,2](((Hgb <= 10.361 | Hct <= 7.705) -> WBC >= 0.005) & Platelets >= 3.896)
",9999999.000,9999999.000,0.000,1.000,0.000,0,0,0,20,20,0,0,20,0.0,0.0,0.0,0.0,0.0,1.0,1
"G[0,1]((EtCO2 >= 0.000 | Potassium <= 1.970) -> Fibrinogen >= 0.067)
",9999999.000,9999999.000,0.000,1.000,0.000,0,0,0,20,20,0,0,20,0.0,0.0,0.0,0.0,0.0,1.0,1
"G[0,1](BUN <= 3.930 & Creatinine >= 0.016)
",9999999.000,9999999.000,0.000,1.000,0.000,0,0,0,20,20,0,0,20,0.0,0.0,0.0,0.0,0.0,1.0,1
"G[1,2]((MAP <= 43.582 | Phosphate >= 0.000) & SaO2 <= 0.000)
",9999999.000,9999999.000,0.000,1.000,0.000,0,0,20,0,0,20,20,0,0.0,0.0,1.0,0.0,0.0,1.0,1
"G[2,2](((Magnesium <= 0.000 & Phosphate <= 0.000) -> Alkalinephos <= 0.000) | Hct <= 0.000)
",0.000,0.000,0.000,1.000,0.000,0,0,20,0,0,20,20,0,0.0,0.0,1.0,0.0,0.0,1.0,1
"G[1,2](Chloride >= 0.000 & HCO3 >= 0.000)
",9999999.000,9999999.000,0.000,1.000,0.000,0,0,20,0,0,20,20,0,0.0,0.0,1.0,0.0,0.0,1.0,1
"G[1,2](((Creatinine <= 0.712 & PTT <= 0.000) -> PTT <= 0.000) | Chloride <= 0.000)
",9999999.000,9999999.000,0.000,1.000,0.000,0,0,20,0,0,20,20,0,0.0,0.0,1.0,0.0,0.0,1.0,1
"G[1,2]((DBP >= 5.934 -> AST >= 0.000) & DBP <= 0.000)
",9999999.000,9999999.000,0.000,1.000,0.000,0,0,18,2,2,18,18,2,0.0,0.0,1.0,0.0,0.0,1.0,1
"G[2,2]((MAP >= 1.883 | MAP >= 7.129) | DBP >= 2.056)
",-8478605698672364.000,-1.883,0.000,1.000,0.000,0,0,20,0,0,20,20,0,0.0,0.0,1.0,0.0,0.0,1.0,1
"G[1,2]((Fibrinogen >= 0.000 & HR >= 10.811) -> Creatinine >= 8.896)
",9999999.000,9999999.000,0.000,1.000,0.000,0,0,18,2,2,18,18,2,0.0,0.0,1.0,0.0,0.0,1.0,1
"G[1,2](Platelets <= 94.323 -> WBC >= 0.134)
",9999999.000,9999999.000,0.000,1.000,0.000,0,0,1,19,19,1,1,19,0.0,0.0,1.0,0.0,0.0,1.0,1
"G[2,2](((Creatinine >= 0.008 & SBP >= 17.799) -> Creatinine >= 8.591) & Calcium <= 112.794)
",4836350918579338.000,8.591,0.000,1.000,0.000,0,0,20,0,0,20,20,0,0.0,0.0,1.0,0.0,0.0,1.0,1
"G[1,1](((Creatinine <= 0.729 -> Temp <= 21.472) | Hgb <= 8.463) & Hct >= 5.242)
",-5.242,-5.242,0.000,1.000,0.000,0,0,1,19,19,1,1,19,0.0,0.0,1.0,0.0,0.0,1.0,1
"G[0,2]((Platelets <= 55.372 | Creatinine <= 0.023) & PTT >= 0.002)
",9999999.000,9999999.000,0.000,1.000,0.000,0,0,0,20,20,0,0,20,0.0,0.0,0.0,0.0,0.0,1.0,1
"G[0,2](((Temp >= 5.804 | Calcium <= 5.490) | Fibrinogen >= 0.079) & SaO2 >= 0.209)
",9999999.000,9999999.000,0.000,1.000,0.000,0,0,0,20,20,0,0,20,0.0,0.0,0.0,0.0,0.0,1.0,1
"G[0,2](((Hgb <= 6.983 | Hct <= 3.344) -> WBC >= 0.017) & Platelets >= 4.988)
",9999999.000,9999999.000,0.000,1.000,0.000,0,0,0,20,20,0,0,20,0.0,0.0,0.0,0.0,0.0,1.0,1
"G[2,2](BUN <= 4.360 & Creatinine >= 0.021)
",-0.021,-0.021,0.000,1.000,0.000,0,0,20,0,0,20,20,0,0.0,0.0,1.0,0.0,0.0,1.0,1
"G[1,2](Platelets <= 20.987 -> WBC >= 0.080)
",9999999.000,9999999.000,0.000,1.000,0.000,0,0,1,19,19,1,1,19,0.0,0.0,1.0,0.0,0.0,1.0,1
"G[0,1](Platelets <= 184.476 -> WBC >= 0.080)
",9999999.000,9999999.000,0.000,1.000,0.000,0,0,0,20,20,0,0,20,0.0,0.0,0.0,0.0,0.0,1.0,1
"G[1,1]((Bilirubin_direct <= 0.000 & Potassium <= 0.809) & Glucose >= 0.012)
",-7100789194342340.000,-0.012,0.000,1.000,0.000,0,0,1,19,19,1,1,19,0.0,0.0,1.0,0.0,0.0,1.0,1
"G[0,2]((HR >= 0.501 -> Magnesium >= 0.000) & Platelets >= 0.000)
",9999999.000,9999999.000,0.000,1.000,0.000,0,0,20,0,0,20,20,0,0.0,0.0,1.0,0.0,0.0,1.0,1
"G[1,2](BUN <= 3.848 & Creatinine >= 0.014)
",9999999.000,9999999.000,0.000,1.000,0.000,0,0,1,19,19,1,1,19,0.0,0.0,1.0,0.0,0.0,1.0,1
"G[0,0](BUN <= 0.931 & Creatinine >= 0.022)
",-6380803166494338.000,-0.022,0.000,1.000,0.000,0,0,0,20,20,0,0,20,0.0,0.0,0.0,0.0,0.0,1.0,1
"G[2,2](Chloride >= 0.000 & HCO3 >= 0.000)
",0.000,0.000,0.000,1.000,0.000,0,0,20,0,0,20,20,0,0.0,0.0,1.0,0.0,0.0,1.0,1
"G[0,2]((HR <= 87.510 & TroponinI <= 0.001) -> O2Sat <= 0.005)
",9999999.000,9999999.000,0.000,1.000,0.000,0,0,14,6,6,14,14,6,0.0,0.0,1.0,0.0,0.0,1.0,1
"G[0,2](((Hgb <= 5.532 | Hct <= 25.897) -> WBC >= 0.007) & Platelets >= 4.470)
",9999999.000,9999999.000,0.000,1.000,0.000,0,0,0,20,20,0,0,20,0.0,0.0,0.0,0.0,0.0,1.0,1
"G[2,2](PTT <= 0.000 -> Phosphate <= 0.000)
",0.000,0.000,0.000,1.000,0.000,0,0,20,0,0,20,20,0,0.0,0.0,1.0,0.0,0.0,1.0,1
"G[0,2](((Hgb >= 0.076 | SBP >= 8.860) & Alkalinephos >= 16.613) | Phosphate >= 16.391)
",9999999.000,9999999.000,0.000,1.000,0.000,0,0,0,20,20,0,0,20,0.0,0.0,0.0,0.0,0.0,1.0,1
"G[2,2]((Resp <= 14.980 & BUN <= 13.959) & BUN >= 0.135)
",-4869362377834026.000,-0.135,0.000,1.000,0.000,0,0,20,0,0,20,20,0,0.0,0.0,1.0,0.0,0.0,1.0,1
"G[0,1](((Hgb <= 10.177 | Hct <= 34.567) -> WBC >= 0.148) & Platelets >= 3.711)
",9999999.000,9999999.000,0.000,1.000,0.000,0,0,0,20,20,0,0,20,0.0,0.0,0.0,0.0,0.0,1.0,1
"G[1,2]((Resp >= 0.088 & SBP <= 158.217) -> Temp <= 139.353)
",9999999.000,9999999.000,0.000,1.000,0.000,0,0,20,0,0,20,20,0,0.0,0.0,1.0,0.0,0.0,1.0,1
"G[1,2](((SepsisLabel >= 0.000 & Creatinine <= 0.609) & BaseExcess <= 0.130) | DBP <= 0.499)
",9999999.000,9999999.000,0.000,1.000,0.000,0,0,20,0,0,20,20,0,0.0,0.0,1.0,0.0,0.0,1.0,1
"G[0,2](((PaCO2 <= 0.000 & Bilirubin_total <= 0.000) & O2Sat <= 0.000) -> MAP >= 0.000)
",9999999.000,9999999.000,0.000,1.000,0.000,0,0,20,0,0,20,20,0,0.0,0.0,1.0,0.0,0.0,1.0,1
"G[1,2]((SepsisLabel <= 0.000 | SepsisLabel <= 0.000) -> Magnesium >= 0.000)
",9999999.000,9999999.000,0.000,1.000,0.000,0,0,20,0,0,20,20,0,0.0,0.0,1.0,0.0,0.0,1.0,1
"G[0,1]((WBC >= 0.046 -> Platelets >= 2.885) & PaCO2 >= 2.706)
",9999999.000,9999999.000,0.000,1.000,0.000,0,0,0,20,20,0,0,20,0.0,0.0,0.0,0.0,0.0,1.0,1
"G[2,2]((PaCO2 <= 0.000 | Hgb >= 0.320) | SBP >= 0.198)
",0.000,0.000,0.000,1.000,0.000,0,0,20,0,0,20,20,0,0.0,0.0,1.0,0.0,0.0,1.0,1
"G[2,2](Chloride >= 0.000 & HCO3 >= 0.000)
",0.000,0.000,0.000,1.000,0.000,0,0,20,0,0,20,20,0,0.0,0.0,1.0,0.0,0.0,1.0,1
"G[0,2](((Temp <= 23.497 -> Platelets <= 89.216) | Magnesium <= 154.967) | Glucose >= 1.985)
",9999999.000,9999999.000,0.000,1.000,0.000,0,0,20,0,0,20,20,0,0.0,0.0,1.0,0.0,0.0,1.0,1
"G[1,2]((Glucose <= 82.562 & WBC >= 0.040) & Phosphate <= 2.319)
",9999999.000,9999999.000,0.000,1.000,0.000,0,0,1,19,19,1,1,19,0.0,0.0,1.0,0.0,0.0,1.0,1
"G[2,2](Platelets <= 119.148 -> WBC >= 0.114)
",-8384281054004435.000,-119.148,0.000,1.000,0.000,0,0,20,0,0,20,20,0,0.0,0.0,1.0,0.0,0.0,1.0,1
"G[1,2](((Magnesium >= 0.000 & BaseExcess >= 0.000) | BaseExcess >= 0.000) | Chloride >= 0.000)
",9999999.000,9999999.000,0.000,1.000,0.000,0,0,20,0,0,20,20,0,0.0,0.0,1.0,0.0,0.0,1.0,1
"G[0,1](((Hgb <= 2.634 | Hct <= 35.942) -> WBC >= 0.118) & Platelets >= 2.361)
",9999999.000,9999999.000,0.000,1.000,0.000,0,0,0,20,20,0,0,20,0.0,0.0,0.0,0.0,0.0,1.0,1
"G[0,2](BUN <= 3.901 & Creatinine >= 0.002)
",9999999.000,9999999.000,0.000,1.000,0.000,0,0,0,20,20,0,0,20,0.0,0.0,0.0,0.0,0.0,1.0,1
"G[0,2]((Glucose <= 28.215 | Resp >= 1.200) & HR >= 0.491)
",9999999.000,9999999.000,0.000,1.000,0.000,0,0,0,20,20,0,0,20,0.0,0.0,0.0,0.0,0.0,1.0,1
"G[1,1](Platelets <= 90.993 -> WBC >= 0.143)
",-90.993,-90.993,0.000,1.000,0.000,0,0,1,19,19,1,1,19,0.0,0.0,1.0,0.0,0.0,1.0,1
"G[0,2](((Hgb <= 4.971 | Hct <= 12.796) -> WBC >= 0.010) & Platelets >= 1.664)
",9999999.000,9999999.000,0.000,1.000,0.000,0,0,0,20,20,0,0,20,0.0,0.0,0.0,0.0,0.0,1.0,1
"G[1,2](BaseExcess <= 0.000 -> SepsisLabel = 0.000)
",9999999.000,9999999.000,0.000,1.000,0.000,0,0,20,0,0,20,20,0,0.0,0.0,1.0,0.0,0.0,1.0,1
"G[1,2](((Fibrinogen >= 0.000 | HCO3 <= 0.000) & MAP <= 0.000) & Alkalinephos <= 0.000)
",9999999.000,9999999.000,0.000,1.000,0.000,0,0,19,1,1,19,19,1,0.0,0.0,1.0,0.0,0.0,1.0,1
"G[2,2](AST >= 0.000 | Alkalinephos <= 0.000)
",0.000,0.000,0.000,1.000,0.000,0,0,20,0,0,20,20,0,0.0,0.0,1.0,0.0,0.0,1.0,1
"G[0,2](Chloride >= 0.000 & HCO3 >= 0.000)
",9999999.000,9999999.000,0.000,1.000,0.000,0,0,20,0,0,20,20,0,0.0,0.0,1.0,0.0,0.0,1.0,1
"F[1,2]((Platelets <= 148.951 & Hgb >= 0.284) & Hgb >= 0.084)
",-9999999.000,-9999999.000,0.000,0.000,1.000,0,0,0,20,20,0,0,20,0.0,0.0,0.0,0.0,0.0,1.0,-1
"((Lactate >= 0.000) U[1,1] (TroponinI <= 0.005))
",6307808861025070.000,0.005,0.000,0.000,1.000,0,0,0,20,20,0,0,20,0.0,0.0,0.0,0.0,0.0,1.0,-1
"F[0,2]((Calcium <= 1.528 & FiO2 >= 0.000) & BaseExcess <= 0.000)
",-9999999.000,-9999999.000,0.000,0.000,1.000,0,0,0,20,20,0,0,20,0.0,0.0,0.0,0.0,0.0,1.0,-1
"((FiO2 <= 0.000) U[1,2] (Temp >= 5.822))
",-9999999.000,-9999999.000,0.000,0.000,1.000,0,0,0,20,20,0,0,20,0.0,0.0,0.0,0.0,0.0,1.0,-1
"F[1,1](((FiO2 >= 0.000 -> SepsisLabel <= 0.000) -> Hgb <= 0.000) -> Glucose <= 0.000)
",0.000,0.000,0.000,0.000,1.000,0,0,0,20,20,0,0,20,0.0,0.0,0.0,0.0,0.0,1.0,-1
"F[0,2]((pH <= 0.000 & Hgb >= 0.088) | BUN <= 10.694)
",-9999999.000,-9999999.000,0.000,0.000,1.000,0,0,0,20,20,0,0,20,0.0,0.0,0.0,0.0,0.0,1.0,-1
"F[1,2](((TroponinI >= 9.713350526633648e-05 | PaCO2 >= 0.000) & Hct >= 0.000) & Resp >= 0.000)
",-9999999.000,-9999999.000,0.000,0.000,1.000,0,0,0,20,20,0,0,20,0.0,0.0,0.0,0.0,0.0,1.0,-1
"((FiO2 >= 0.000) U[1,2] (Phosphate <= 0.000))
",-9999999.000,-9999999.000,0.000,0.000,1.000,0,0,0,20,20,0,0,20,0.0,0.0,0.0,0.0,0.0,1.0,-1
"F[0,0]((Resp >= 2.977 -> AST >= 0.000) & Hct >= 0.000)
",-0.343,-6.634,0.000,0.000,1.000,0,0,0,20,20,0,0,20,0.0,0.0,0.0,0.0,0.0,1.0,-1
"((SepsisLabel <= 0.000) U[0,1] (TroponinI >= 0.000))
",-9999999.000,-9999999.000,0.000,0.000,1.000,0,0,0,20,20,0,0,20,0.0,0.0,0.0,0.0,0.0,1.0,-1
"F[0,2]((Platelets <= 50.559 -> Glucose <= 19.887) -> Creatinine >= 3.344)
",-9999999.000,-9999999.000,0.000,0.000,1.000,0,0,0,20,20,0,0,20,0.0,0.0,0.0,0.0,0.0,1.0,-1
"F[1,2](Hgb <= 5.125 | Hct <= 26.773)
",-9999999.000,-9999999.000,0.000,0.000,1.000,0,0,0,20,20,0,0,20,0.0,0.0,0.0,0.0,0.0,1.0,-1
"F[0,2]((Potassium <= 1.887 | Phosphate >= 0.000) & MAP <= 0.000)
",-9999999.000,-9999999.000,0.000,0.000,1.000,0,0,0,20,20,0,0,20,0.0,0.0,0.0,0.0,0.0,1.0,-1
"F[0,2](((Lactate <= 0.000 -> MAP <= 84.793) & HCO3 <= 107.277) & SaO2 >= 3.108)
",-9999999.000,-9999999.000,0.000,0.000,1.000,0,0,0,20,20,0,0,20,0.0,0.0,0.0,0.0,0.0,1.0,-1
"F[0,1](((Chloride >= 0.000 & pH <= 0.000) -> Fibrinogen >= 0.000) & BaseExcess <= 0.000)
",-9999999.000,-9999999.000,0.000,0.000,1.000,0,0,0,20,20,0,0,20,0.0,0.0,0.0,0.0,0.0,1.0,-1
"F[0,0](Glucose >= 1.131 | pH <= 0.000)
",0.000,0.000,0.000,0.000,1.000,0,0,0,20,20,0,0,20,0.0,0.0,0.0,0.0,0.0,1.0,-1
"F[1,1]((O2Sat >= 11.273 -> Hct >= 0.728) | DBP >= 0.148)
",6560017253663796.000,0.728,0.000,0.000,1.000,0,0,0,20,20,0,0,20,0.0,0.0,0.0,0.0,0.0,1.0,-1
"F[0,2]((Platelets >= 0.180 -> Potassium >= 0.048) & HCO3 >= 0.059)
",-9999999.000,-9999999.000,0.000,0.000,1.000,0,0,0,20,20,0,0,20,0.0,0.0,0.0,0.0,0.0,1.0,-1
"F[1,2]((PaCO2 <= 0.000 -> Alkalinephos <= 0.000) -> Calcium >= 0.000)
",-9999999.000,-9999999.000,0.000,0.000,1.000,0,0,0,20,20,0,0,20,0.0,0.0,0.0,0.0,0.0,1.0,-1
"F[0,0]((DBP >= 6.925 | Potassium >= 0.074) | Bilirubin_total <= 1.201)
",0.296,5.931,0.000,0.000,1.000,0,0,0,20,20,0,0,20,0.0,0.0,0.0,0.0,0.0,1.0,-1
"F[1,2](PTT >= 0.000 -> Hgb >= 0.080)
",-9999999.000,-9999999.000,0.000,0.000,1.000,0,0,0,20,20,0,0,20,0.0,0.0,0.0,0.0,0.0,1.0,-1
"F[1,2](((pH <= 0.000 -> Chloride <= 0.000) -> Resp <= 0.000) & AST <= 0.000)
",-9999999.000,-9999999.000,0.000,0.000,1.000,0,0,0,20,20,0,0,20,0.0,0.0,0.0,0.0,0.0,1.0,-1
"F[1,2](((Resp <= 17.450 & Glucose >= 2.422) & Resp <= 88.391) | Platelets >= 0.425)
",-9999999.000,-9999999.000,0.000,0.000,1.000,0,0,0,20,20,0,0,20,0.0,0.0,0.0,0.0,0.0,1.0,-1
"F[1,2](Fibrinogen <= 0.000 | Bilirubin_direct >= 0.000)
",-9999999.000,-9999999.000,0.000,0.000,1.000,0,0,0,20,20,0,0,20,0.0,0.0,0.0,0.0,0.0,1.0,-1
"F[0,2]((Phosphate <= 0.000 & EtCO2 <= 0.000) | Magnesium <= 0.000)
",-9999999.000,-9999999.000,0.000,0.000,1.000,0,0,0,20,20,0,0,20,0.0,0.0,0.0,0.0,0.0,1.0,-1
"F[0,2](Resp >= 1.975 | Alkalinephos <= 0.000)
",-9999999.000,-9999999.000,0.000,0.000,1.000,0,0,0,20,20,0,0,20,0.0,0.0,0.0,0.0,0.0,1.0,-1
"G[0,2](Fibrinogen >= 0.000 -> Magnesium >= 0.000)
",9999999.000,9999999.000,0.000,1.000,0.000,0,0,20,0,0,20,20,0,0.0,0.0,1.0,0.0,0.0,1.0,1
"F[1,2](TroponinI >= 0.000 | Magnesium <= 0.000)
",-9999999.000,-9999999.000,0.000,0.000,1.000,0,0,0,20,20,0,0,20,0.0,0.0,0.0,0.0,0.0,1.0,-1
"F[0,1](((Bilirubin_total <= 0.000 & SaO2 >= 0.000) -> MAP <= 0.000) -> SaO2 <= 0.000)
",-9999999.000,-9999999.000,0.000,0.000,1.000,0,0,0,20,20,0,0,20,0.0,0.0,0.0,0.0,0.0,1.0,-1
"((Hct <= 22.955) U[1,2] (Creatinine >= 0.003))
",-9999999.000,-9999999.000,0.000,0.000,1.000,0,0,0,20,20,0,0,20,0.0,0.0,0.0,0.0,0.0,1.0,-1
"F[0,1](FiO2 <= 0.000 & TroponinI >= 0.000)
",-9999999.000,-9999999.000,0.000,0.000,1.000,0,0,0,20,20,0,0,20,0.0,0.0,0.0,0.0,0.0,1.0,-1
"F[1,2](((Chloride >= 0.000 & WBC >= 0.010) -> Hgb >= 0.092) & Glucose >= 0.057)
",-9999999.000,-9999999.000,0.000,0.000,1.000,0,0,0,20,20,0,0,20,0.0,0.0,0.0,0.0,0.0,1.0,-1
"((Platelets >= 4.421) U[2,2] (PTT >= 0.000))
",0.000,0.000,0.000,0.000,1.000,0,0,0,20,20,0,0,20,0.0,0.0,0.0,0.0,0.0,1.0,-1
"((Phosphate >= 0.000) U[0,2] (Bilirubin_direct >= 0.000))
",-9999999.000,-9999999.000,0.000,0.000,1.000,0,0,0,20,20,0,0,20,0.0,0.0,0.0,0.0,0.0,1.0,-1
"F[0,0](((Phosphate >= 0.000 | TroponinI >= 0.000) | Chloride <= 0.005) -> Magnesium <= 0.010)
",-0.010,-0.010,0.000,0.000,1.000,0,0,0,20,20,0,0,20,0.0,0.0,0.0,0.0,0.0,1.0,-1
"((Glucose <= 25.088) U[2,2] (Calcium <= 7.477))
",7061747536560706.000,25.088,0.000,0.000,1.000,0,0,0,20,20,0,0,20,0.0,0.0,0.0,0.0,0.0,1.0,-1
"F[0,2]((Potassium >= 0.004 -> BaseExcess <= 0.000) | Calcium >= 0.000)
",-9999999.000,-9999999.000,0.000,0.000,1.000,0,0,0,20,20,0,0,20,0.0,0.0,0.0,0.0,0.0,1.0,-1
"F[0,1](((FiO2 <= 0.000 -> Chloride <= 0.000) | Creatinine >= 0.000) & AST >= 0.000)
",-9999999.000,-9999999.000,0.000,0.000,1.000,0,0,0,20,20,0,0,20,0.0,0.0,0.0,0.0,0.0,1.0,-1
"F[2,2]((BUN >= 0.248 -> EtCO2 <= 0.000) & WBC <= 0.000)
",0.000,0.000,0.000,0.000,1.000,0,0,0,20,20,0,0,20,0.0,0.0,0.0,0.0,0.0,1.0,-1
"F[2,2]((PaCO2 >= 0.000 -> Fibrinogen <= 0.000) & MAP >= 0.000)
",0.000,0.000,0.000,0.000,1.000,0,0,0,20,20,0,0,20,0.0,0.0,0.0,0.0,0.0,1.0,-1
"F[1,2](((Creatinine >= 0.016 | SaO2 >= 0.000) | Magnesium <= 0.000) -> Glucose >= 0.000)
",-9999999.000,-9999999.000,0.000,0.000,1.000,0,0,0,20,20,0,0,20,0.0,0.0,0.0,0.0,0.0,1.0,-1
"F[0,2](((Platelets <= 186.280 & Temp <= 14.271) | Calcium <= 34.707) -> AST >= 6.133)
",-9999999.000,-9999999.000,0.000,0.000,1.000,0,0,0,20,20,0,0,20,0.0,0.0,0.0,0.0,0.0,1.0,-1
"F[0,1](((SaO2 <= 0.000 -> MAP >= 0.974) -> Chloride <= 72.949) | HR >= 5.933)
",-9999999.000,-9999999.000,0.000,0.000,1.000,0,0,0,20,20,0,0,20,0.0,0.0,0.0,0.0,0.0,1.0,-1
"F[1,2](((Bilirubin_direct >= 0.000 & SepsisLabel <= 0.000) & Creatinine >= 0.000) & pH >= 0.000)
",-9999999.000,-9999999.000,0.000,0.000,1.000,0,0,0,20,20,0,0,20,0.0,0.0,0.0,0.0,0.0,1.0,-1
"F[1,2](((TroponinI >= 4.2857707963951074e-05 | DBP >= 4.471) -> BaseExcess <= 62.704) -> Phosphate <= 52.299)
",-9999999.000,-9999999.000,0.000,0.000,1.000,0,0,0,20,20,0,0,20,0.0,0.0,0.0,0.0,0.0,1.0,-1
"((O2Sat >= 14.428) U[0,0] (pH <= 0.000))
",0.339,6.060,0.000,0.000,1.000,0,0,0,20,20,0,0,20,0.0,0.0,0.0,0.0,0.0,1.0,-1
"F[0,1](((FiO2 <= 0.000 -> Fibrinogen >= 0.000) -> Lactate >= 0.000) | Chloride >= 0.000)
",-9999999.000,-9999999.000,0.000,0.000,1.000,0,0,0,20,20,0,0,20,0.0,0.0,0.0,0.0,0.0,1.0,-1
"F[0,2](((SBP >= 7.922 -> O2Sat >= 12.856) | Fibrinogen <= 25.905) | PTT <= 88.210)
",-9999999.000,-9999999.000,0.000,0.000,1.000,0,0,0,20,20,0,0,20,0.0,0.0,0.0,0.0,0.0,1.0,-1
"((Creatinine <= 0.781) U[0,1] (HCO3 >= 0.000))
",-9999999.000,-9999999.000,0.000,0.000,1.000,0,0,0,20,20,0,0,20,0.0,0.0,0.0,0.0,0.0,1.0,-1
"F[1,2](((Glucose <= 15.918 -> AST <= 0.000) -> Hct >= 0.000) & Phosphate <= 0.000)
",-9999999.000,-9999999.000,0.000,0.000,1.000,0,0,0,20,20,0,0,20,0.0,0.0,0.0,0.0,0.0,1.0,-1
"F[1,2]((Resp <= 11.612 & SBP <= 83.676) -> Bilirubin_direct <= 69.620)
",-9999999.000,-9999999.000,0.000,0.000,1.000,0,0,0,20,20,0,0,20,0.0,0.0,0.0,0.0,0.0,1.0,-1
"F[0,1](TroponinI >= 2.3195231346941787e-05 | Glucose <= 20.837)
",-9999999.000,-9999999.000,0.000,0.000,1.000,0,0,0,20,20,0,0,20,0.0,0.0,0.0,0.0,0.0,1.0,-1
"F[0,2](((Platelets >= 3.511 & Creatinine <= 0.541) & Temp <= 0.322) & Fibrinogen >= 0.022)
",-9999999.000,-9999999.000,0.000,0.000,1.000,0,0,0,20,20,0,0,20,0.0,0.0,0.0,0.0,0.0,1.0,-1
"G[2,2](((HR >= 10.745 & Platelets >= 2.989) | Chloride >= 4.481) -> SepsisLabel >= 0.088)
",6359620759383778.000,0.088,0.000,1.000,0.000,0,0,20,0,0,20,20,0,0.0,0.0,1.0,0.0,0.0,1.0,1
"G[1,2](SBP >= 18.715 & Calcium <= 3.970)
",9999999.000,9999999.000,0.000,1.000,0.000,0,0,3,17,17,3,3,17,0.0,0.0,1.0,0.0,0.0,1.0,1
"G[1,2](((Hgb >= 0.081 | Resp <= 12.663) | Glucose <= 3.474) | Bilirubin_direct >= 2.495)
",9999999.000,9999999.000,0.000,1.000,0.000,0,0,20,0,0,20,20,0,0.0,0.0,1.0,0.0,0.0,1.0,1
"G[0,2](((BUN >= 0.312 | Fibrinogen >= 0.000) & O2Sat >= 0.000) -> O2Sat >= 0.000)
",9999999.000,9999999.000,0.000,1.000,0.000,0,0,20,0,0,20,20,0,0.0,0.0,1.0,0.0,0.0,1.0,1
"G[1,2](BUN <= 3.412 & Creatinine >= 0.004)
",9999999.000,9999999.000,0.000,1.000,0.000,0,0,1,19,19,1,1,19,0.0,0.0,1.0,0.0,0.0,1.0,1
"G[2,2]((PTT >= 0.000 -> SepsisLabel <= 0.000) & BUN >= 0.000)
",0.000,0.000,0.000,1.000,0.000,0,0,20,0,0,20,20,0,0.0,0.0,1.0,0.0,0.0,1.0,1
"G[2,2](((SBP <= 149.547 & BaseExcess >= 0.000) & Creatinine >= 0.000) -> Phosphate <= 0.000)
",0.000,0.000,0.000,1.000,0.000,0,0,20,0,0,20,20,0,0.0,0.0,1.0,0.0,0.0,1.0,1
"G[2,2](((MAP <= 101.495 | PaCO2 >= 0.000) | Calcium <= 0.000) & Bilirubin_total <= 0.000)
",0.000,0.000,0.000,1.000,0.000,0,0,20,0,0,20,20,0,0.0,0.0,1.0,0.0,0.0,1.0,1
"G[1,2]((Magnesium >= 0.000 & PaCO2 <= 0.000) & SepsisLabel >= 0.000)
",9999999.000,9999999.000,0.000,1.000,0.000,0,0,20,0,0,20,20,0,0.0,0.0,1.0,0.0,0.0,1.0,1
"G[0,2](((DBP >= 5.308 & Hct >= 0.800) | MAP >= 0.602) & Lactate >= 0.566)
",9999999.000,9999999.000,0.000,1.000,0.000,0,0,0,20,20,0,0,20,0.0,0.0,0.0,0.0,0.0,1.0,1
"G[0,2](BUN <= 2.306 & Creatinine >= 0.007)
",9999999.000,9999999.000,0.000,1.000,0.000,0,0,0,20,20,0,0,20,0.0,0.0,0.0,0.0,0.0,1.0,1
"G[2,2](Calcium >= 0.138 -> WBC >= 0.033)
",4754906448841982.000,0.033,0.000,1.000,0.000,0,0,20,0,0,20,20,0,0.0,0.0,1.0,0.0,0.0,1.0,1
"G[0,2](((WBC >= 0.107 -> Glucose >= 2.324) -> HCO3 <= 36.798) & FiO2 <= 66.135)
",9999999.000,9999999.000,0.000,1.000,0.000,0,0,20,0,0,20,20,0,0.0,0.0,1.0,0.0,0.0,1.0,1
"G[2,2]((AST <= 0.000 & PaCO2 >= 0.000) | pH >= 0.000)
",0.000,0.000,0.000,1.000,0.000,0,0,20,0,0,20,20,0,0.0,0.0,1.0,0.0,0.0,1.0,1
"G[0,2](Chloride >= 0.000 & HCO3 >= 0.000)
",9999999.000,9999999.000,0.000,1.000,0.000,0,0,20,0,0,20,20,0,0.0,0.0,1.0,0.0,0.0,1.0,1
"G[0,2]((BaseExcess >= 0.000 -> HCO3 >= 0.000) -> HCO3 >= 0.000)
",9999999.000,9999999.000,0.000,1.000,0.000,0,0,20,0,0,20,20,0,0.0,0.0,1.0,0.0,0.0,1.0,1
"G[2,2](Lactate >= 0.000 & Chloride <= 0.000)
",0.000,0.000,0.000,1.000,0.000,0,0,20,0,0,20,20,0,0.0,0.0,1.0,0.0,0.0,1.0,1
"G[1,2]((Platelets <= 34.532 -> PaCO2 >= 0.000) -> Phosphate >= 0.000)
",9999999.000,9999999.000,0.000,1.000,0.000,0,0,20,0,0,20,20,0,0.0,0.0,1.0,0.0,0.0,1.0,1
"G[2,2](DBP <= 13.827 & HR <= 27.482)
",13.827,13.827,0.000,1.000,0.000,0,0,20,0,0,20,20,0,0.0,0.0,1.0,0.0,0.0,1.0,1
"G[2,2](((Hct <= 31.464 | Platelets >= 2.833) | Hct <= 16.776) | Creatinine >= 0.615)
",8856414615412318.000,31.464,0.000,1.000,0.000,0,0,20,0,0,20,20,0,0.0,0.0,1.0,0.0,0.0,1.0,1
"G[1,2](((Hgb <= 0.811 -> Platelets >= 1.189) | FiO2 <= 144.607) -> WBC >= 4.178)
",9999999.000,9999999.000,0.000,1.000,0.000,0,0,1,19,19,1,1,19,0.0,0.0,1.0,0.0,0.0,1.0,1
"G[1,2](((TroponinI <= 0.007 -> MAP <= 22.733) | FiO2 >= 3.288) | Fibrinogen >= 2.594)
",9999999.000,9999999.000,0.000,1.000,0.000,0,0,19,1,1,19,19,1,0.0,0.0,1.0,0.0,0.0,1.0,1
"G[1,2](Chloride >= 0.000 -> PaCO2 <= 0.000)
",9999999.000,9999999.000,0.000,1.000,0.000,0,0,20,0,0,20,20,0,0.0,0.0,1.0,0.0,0.0,1.0,1
"G[2,2](SaO2 <= 0.000 | TroponinI >= 0.000)
",0.000,0.000,0.000,1.000,0.000,0,0,20,0,0,20,20,0,0.0,0.0,1.0,0.0,0.0,1.0,1
"G[0,2]((Creatinine >= 0.013 | Platelets >= 2.995) & BaseExcess >= 3.554)
",9999999.000,9999999.000,0.000,1.000,0.000,0,0,0,20,20,0,0,20,0.0,0.0,0.0,0.0,0.0,1.0,1
"G[0,2](Calcium >= 0.139 | DBP >= 0.277)
",9999999.000,9999999.000,0.000,1.000,0.000,0,0,1,19,19,1,1,19,0.0,0.0,1.0,0.0,0.0,1.0,1
"G[0,2](((Bilirubin_direct >= 0.000 & TroponinI >= 0.000) -> Calcium >= 0.000) -> WBC <= 0.004)
",9999999.000,9999999.000,0.000,1.000,0.000,0,0,19,1,1,19,19,1,0.0,0.0,1.0,0.0,0.0,1.0,1
"G[1,2]((BUN >= 0.006 | pH <= 0.000) -> Chloride <= 0.000)
",9999999.000,9999999.000,0.000,1.000,0.000,0,0,20,0,0,20,20,0,0.0,0.0,1.0,0.0,0.0,1.0,1
"G[1,2]((pH <= 0.000 | Hct <= 24.455) & HR >= 0.434)
",9999999.000,9999999.000,0.000,1.000,0.000,0,0,3,17,17,3,3,17,0.0,0.0,1.0,0.0,0.0,1.0,1
"G[1,2](((BUN <= 9.941 -> Hct <= 21.566) & BUN >= 0.798) & Chloride <= 5.353)
",9999999.000,9999999.000,0.000,1.000,0.000,0,0,1,19,19,1,1,19,0.0,0.0,1.0,0.0,0.0,1.0,1
"G[1,2](Magnesium >= 0.000 & SepsisLabel = 0.000)
",9999999.000,9999999.000,0.000,1.000,0.000,0,0,20,0,0,20,20,0,0.0,0.0,1.0,0.0,0.0,1.0,1
"G[1,1](((Hgb <= 5.956 | Hct <= 11.675) -> WBC >= 0.016) & Platelets >= 0.971)
",-6572508002371922.000,-11.675,0.000,1.000,0.000,0,0,1,19,19,1,1,19,0.0,0.0,1.0,0.0,0.0,1.0,1
"G[0,2]((Hgb >= 0.023 -> BUN >= 0.159) -> Creatinine <= 6.242)
",9999999.000,9999999.000,0.000,1.000,0.000,0,0,20,0,0,20,20,0,0.0,0.0,1.0,0.0,0.0,1.0,1
"G[0,0](BUN <= 5.804 & Creatinine >= 0.009)
",-5042087437471306.000,-0.009,0.000,1.000,0.000,0,0,0,20,20,0,0,20,0.0,0.0,0.0,0.0,0.0,1.0,1
"G[0,1](((DBP >= 9.612 & Hct >= 0.475) & BaseExcess <= 29.970) & SaO2 >= 0.361)
",9999999.000,9999999.000,0.000,1.000,0.000,0,0,0,20,20,0,0,20,0.0,0.0,0.0,0.0,0.0,1.0,1
"G[0,2](((Hgb <= 8.069 | Hct <= 14.081) -> WBC >= 0.019) & Platelets >= 4.992)
",9999999.000,9999999.000,0.000,1.000,0.000,0,0,0,20,20,0,0,20,0.0,0.0,0.0,0.0,0.0,1.0,1
"G[0,1](((EtCO2 <= 0.000 & Creatinine >= 0.002) | PTT <= 0.204) & PTT >= 0.011)
",9999999.000,9999999.000,0.000,1.000,0.000,0,0,0,20,20,0,0,20,0.0,0.0,0.0,0.0,0.0,1.0,1
"G[2,2](((Hct <= 2.061 & PTT <= 0.000) & BUN <= 0.000) & BUN >= 0.000)
",0.000,0.000,0.000,1.000,0.000,0,0,20,0,0,20,20,0,0.0,0.0,1.0,0.0,0.0,1.0,1
"G[1,2](DBP <= 12.521 | Magnesium <= 0.000)
",9999999.000,9999999.000,0.000,1.000,0.000,0,0,20,0,0,20,20,0,0.0,0.0,1.0,0.0,0.0,1.0,1
"G[1,1](((Potassium >= 0.042 | Temp >= 5.838) & HR <= 31.443) & Glucose <= 11.471)
",-6070244000861988.000,-0.042,0.000,1.000,0.000,0,0,1,19,19,1,1,19,0.0,0.0,1.0,0.0,0.0,1.0,1
"G[0,2](WBC >= 0.096 | Chloride >= 0.000)
",9999999.000,9999999.000,0.000,1.000,0.000,0,0,20,0,0,20,20,0,0.0,0.0,1.0,0.0,0.0,1.0,1
"G[0,2](Temp <= 8.952 -> Potassium >= 0.044)
",9999999.000,9999999.000,0.000,1.000,0.000,0,0,1,19,19,1,1,19,0.0,0.0,1.0,0.0,0.0,1.0,1
"G[1,2]((Chloride <= 0.000 | WBC >= 0.087) & EtCO2 >= 0.020)
",9999999.000,9999999.000,0.000,1.000,0.000,0,0,1,19,19,1,1,19,0.0,0.0,1.0,0.0,0.0,1.0,1
"G[0,2]((Bilirubin_total >= 0.000 | BaseExcess >= 0.000) -> WBC <= 0.000)
",9999999.000,9999999.000,0.000,1.000,0.000,0,0,19,1,1,19,19,1,0.0,0.0,1.0,0.0,0.0,1.0,1
"G[0,0](((DBP <= 79.699 | Platelets <= 174.517) & BaseExcess >= 2.104) | SepsisLabel >= 1.369)
",-6164142491705698.000,-1.369,0.000,1.000,0.000,0,0,0,20,20,0,0,20,0.0,0.0,0.0,0.0,0.0,1.0,1
"G[0,2]((Chloride >= 0.000 | Chloride <= 0.000) & SaO2 >= 0.000)
",9999999.000,9999999.000,0.000,1.000,0.000,0,0,20,0,0,20,20,0,0.0,0.0,1.0,0.0,0.0,1.0,1
"G[1,2](Platelets <= 135.563 -> WBC >= 0.146)
",9999999.000,9999999.000,0.000,1.000,0.000,0,0,1,19,19,1,1,19,0.0,0.0,1.0,0.0,0.0,1.0,1
"G[0,2](((Hgb <= 0.418 | Hct <= 18.498) -> WBC >= 0.095) & Platelets >= 1.825)
",9999999.000,9999999.000,0.000,1.000,0.000,0,0,0,20,20,0,0,20,0.0,0.0,0.0,0.0,0.0,1.0,1
"G[1,2](BUN <= 11.911 & Creatinine >= 0.020)
",9999999.000,9999999.000,0.000,1.000,0.000,0,0,1,19,19,1,1,19,0.0,0.0,1.0,0.0,0.0,1.0,1
"G[0,2](Phosphate <= 0.000 | Magnesium <= 0.000)
",9999999.000,9999999.000,0.000,1.000,0.000,0,0,20,0,0,20,20,0,0.0,0.0,1.0,0.0,0.0,1.0,1
"G[0,1]((HR >= 0.599 -> WBC >= 0.099) -> SaO2 >= 0.077)
",9999999.000,9999999.000,0.000,1.000,0.000,0,0,0,20,20,0,0,20,0.0,0.0,0.0,0.0,0.0,1.0,1
"G[0,2](Platelets <= 67.072 -> WBC >= 0.052)
",9999999.000,9999999.000,0.000,1.000,0.000,0,0,0,20,20,0,0,20,0.0,0.0,0.0,0.0,0.0,1.0,1
"G[2,2](HR >= 2.905 -> Platelets >= 2.649)
",2.649,2.649,0.000,1.000,0.000,0,0,20,0,0,20,20,0,0.0,0.0,1.0,0.0,0.0,1.0,1
"G[1,2]((SepsisLabel >= 0.000 & Alkalinephos >= 0.000) & Alkalinephos <= 0.000)
",9999999.000,9999999.000,0.000,1.000,0.000,0,0,20,0,0,20,20,0,0.0,0.0,1.0,0.0,0.0,1.0,1
"G[1,2]((Creatinine >= 0.016 & Fibrinogen >= 0.000) & Potassium >= 0.000)
",9999999.000,9999999.000,0.000,1.000,0.000,0,0,1,19,19,1,1,19,0.0,0.0,1.0,0.0,0.0,1.0,1
"G[1,2](((SBP >= 2.414 | Bilirubin_total <= 0.000) & HCO3 <= 0.000) & Glucose <= 0.000)
",9999999.000,9999999.000,0.000,1.000,0.000,0,0,20,0,0,20,20,0,0.0,0.0,1.0,0.0,0.0,1.0,1
"G[0,2]((EtCO2 <= 0.000 -> HR <= 38.281) & FiO2 <= 79.680)
",9999999.000,9999999.000,0.000,1.000,0.000,0,0,13,7,7,13,13,7,0.0,0.0,1.0,0.0,0.0,1.0,1
"F[1,2]((Temp >= 3.850 | Resp >= 2.906) & FiO2 >= 0.607)
",-9999999.000,-9999999.000,0.000,0.000,1.000,0,0,0,20,20,0,0,20,0.0,0.0,0.0,0.0,0.0,1.0,-1
