Rule,Discrimination Score,Pos Robustness,Neg Robustness,Percent Class +,Percent Class -,TP,TN,FP,FN,Actual Yes,Actual No,Predicted Yes,Predicted No,TPR/Sens,TNR/Spec,FPR,Precision,Accuracy,MCR
"G[0,0](DBP >= 1.866 | WBC <= 0.968)
",2.978,72.071,0.000,1.000,0.000,22,0,0,0,22,0,22,0,1.0,0.0,0.0,1.0,1.0232558139534884,-0.023255813953488413
"G[0,0]((Potassium >= 0.010 & SaO2 <= 84.589) | Creatinine <= 2.972)
",10.326,3.059,0.000,1.000,0.000,22,0,0,0,22,0,22,0,1.0,0.0,0.0,1.0,1.0232558139534884,-0.023255813953488413
"G[0,0](Magnesium <= 0.581 -> EtCO2 >= 0.000)
",-5.407,-17.500,0.000,1.000,0.000,22,0,0,0,22,0,22,0,1.0,0.0,0.0,1.0,1.0232558139534884,-0.023255813953488413
"G[0,0](HCO3 <= 0.000 & TroponinI >= 0.000)
",0.000,0.000,0.000,1.000,0.000,22,0,0,0,22,0,22,0,1.0,0.0,0.0,1.0,1.0232558139534884,-0.023255813953488413
"G[0,0](((HCO3 <= 0.000 -> Bilirubin_total >= 0.000) | PaCO2 >= 0.000) & BUN >= 0.000)
",0.000,0.000,0.000,1.000,0.000,22,0,0,0,22,0,22,0,1.0,0.0,0.0,1.0,1.0232558139534884,-0.023255813953488413
"G[0,0]((HR <= 126.287 | Potassium <= 1.708) | PTT <= 0.822)
",1.579,1.462,0.000,1.000,0.000,22,0,0,0,22,0,22,0,1.0,0.0,0.0,1.0,1.0232558139534884,-0.023255813953488413
"G[0,0](((Creatinine <= 0.553 -> Resp <= 17.286) & SepsisLabel >= 7.119) | FiO2 <= 22.005)
",22.005,22.005,0.000,1.000,0.000,22,0,0,0,22,0,22,0,1.0,0.0,0.0,1.0,1.0232558139534884,-0.023255813953488413
"G[0,0](((Magnesium >= 0.002 | SaO2 <= 65.392) & Alkalinephos >= 1.483) | Phosphate <= 84.018)
",146.403,83.833,0.000,1.000,0.000,22,0,0,0,22,0,22,0,1.0,0.0,0.0,1.0,1.0232558139534884,-0.023255813953488413
"G[0,0](((BUN >= 0.047 -> Glucose >= 5.650) -> BaseExcess <= 111.381) | TroponinI >= 7.375)
",-8303366687396861.000,-7.375,0.000,1.000,0.000,22,0,0,0,22,0,22,0,1.0,0.0,0.0,1.0,1.0232558139534884,-0.023255813953488413
"G[0,0](((DBP <= 68.519 | HR >= 17.424) & Calcium <= 111.603) | pH <= 119.884)
",8436076094474476.000,119.884,0.000,1.000,0.000,22,0,0,0,22,0,22,0,1.0,0.0,0.0,1.0,1.0232558139534884,-0.023255813953488413
"G[0,0](((Temp >= 5.700 | Potassium <= 0.414) -> FiO2 <= 0.273) | AST >= 0.010)
",-5663294941100238.000,-0.010,0.000,1.000,0.000,22,0,0,0,22,0,22,0,1.0,0.0,0.0,1.0,1.0232558139534884,-0.023255813953488413
"G[0,0]((PTT >= 0.000 -> TroponinI <= 0.000) -> Bilirubin_direct <= 0.000)
",0.224,0.033,0.000,1.000,0.000,22,0,0,0,22,0,22,0,1.0,0.0,0.0,1.0,1.0232558139534884,-0.023255813953488413
"G[0,0]((AST >= 0.000 -> Alkalinephos >= 0.000) -> BaseExcess <= 0.000)
",0.000,0.000,0.000,1.000,0.000,22,0,0,0,22,0,22,0,1.0,0.0,0.0,1.0,1.0232558139534884,-0.023255813953488413
"G[0,0](Chloride >= 0.000 & HCO3 >= 0.000)
",0.000,0.000,0.000,1.000,0.000,22,0,0,0,22,0,22,0,1.0,0.0,0.0,1.0,1.0232558139534884,-0.023255813953488413
"G[1,1](((FiO2 >= 0.001 -> SaO2 <= 76.240) & PaCO2 >= 0.902) | Chloride <= 77.194)
",5432024965759156.000,77.194,0.000,1.000,0.000,21,0,1,0,21,1,22,0,1.0,0.0,1.0,0.9545454545454546,0.9767441860465116,0.023255813953488413
"G[0,1](HR > 54.750 -> SepsisLabel = 0.000)
",9999999.000,9999999.000,0.000,1.000,0.000,21,0,1,0,21,1,22,0,1.0,0.0,1.0,0.9545454545454546,0.9767441860465116,0.023255813953488413
"G[0,1](O2Sat <= 95.376 -> SepsisLabel = 0.000)
",9999999.000,9999999.000,0.000,1.000,0.000,21,0,1,0,21,1,22,0,1.0,0.0,1.0,0.9545454545454546,0.9767441860465116,0.023255813953488413
"G[1,1](HR <= 109.687 -> SepsisLabel = 0.000)
",-109.687,-109.687,0.000,1.000,0.000,21,0,1,0,21,1,22,0,1.0,0.0,1.0,0.9545454545454546,0.9767441860465116,0.023255813953488413
"G[1,1](Lactate >= 0.000 & O2Sat >= 75.152)
",-75.152,-75.152,0.000,1.000,0.000,21,0,1,0,21,1,22,0,1.0,0.0,1.0,0.9545454545454546,0.9767441860465116,0.023255813953488413
"G[0,0]((PTT <= 0.000 & Bilirubin_total >= 0.000) -> Phosphate <= 0.000)
",0.224,0.090,0.000,1.000,0.000,21,0,0,1,22,0,21,1,0.9545454545454546,0.0,0.0,1.0,0.9767441860465116,0.023255813953488413
"G[0,1]((Resp <= 23.688 -> Bilirubin_direct >= 0.000) | Hgb <= 0.000)
",9999999.000,9999999.000,0.000,1.000,0.000,21,0,1,0,21,1,22,0,1.0,0.0,1.0,0.9545454545454546,0.9767441860465116,0.023255813953488413
"G[0,1](((BUN <= 15.993 & Bilirubin_direct >= 0.000) & FiO2 >= 0.000) | SepsisLabel >= 0.000)
",9999999.000,9999999.000,0.000,1.000,0.000,21,0,1,0,21,1,22,0,1.0,0.0,1.0,0.9545454545454546,0.9767441860465116,0.023255813953488413
"G[1,1](((PaCO2 <= 19.457 & Hct <= 40.195) & Resp <= 28.511) | Creatinine <= 10.235)
",5476742641367444.000,19.457,0.000,1.000,0.000,21,0,1,0,21,1,22,0,1.0,0.0,1.0,0.9545454545454546,0.9767441860465116,0.023255813953488413
"G[0,0](Hct <= 14.877 -> Potassium <= 4.114)
",-4187566420813178.500,-14.877,0.000,1.000,0.000,21,0,0,1,22,0,21,1,0.9545454545454546,0.0,0.0,1.0,0.9767441860465116,0.023255813953488413
"G[0,1](((O2Sat <= 97.493 & SBP <= 116.148) & Resp >= 54.358) -> Calcium <= 155.554)
",9999999.000,9999999.000,0.000,1.000,0.000,21,0,1,0,21,1,22,0,1.0,0.0,1.0,0.9545454545454546,0.9767441860465116,0.023255813953488413
"G[0,1](((AST <= 0.000 | O2Sat <= 99.650) -> Temp >= 1.247) -> O2Sat >= 50.764)
",9999999.000,9999999.000,0.000,1.000,0.000,21,0,1,0,21,1,22,0,1.0,0.0,1.0,0.9545454545454546,0.9767441860465116,0.023255813953488413
"G[0,0]((Hct <= 30.462 & PaCO2 >= 0.063) -> WBC >= 0.406)
",4534475698205595.000,0.063,0.000,1.000,0.000,21,0,0,1,22,0,21,1,0.9545454545454546,0.0,0.0,1.0,0.9767441860465116,0.023255813953488413
"G[1,1](((HR >= 24.629 -> SBP >= 67.670) & PaCO2 >= 17.119) -> AST <= 154.889)
",-5449687405686386.000,-154.889,0.000,1.000,0.000,21,0,1,0,21,1,22,0,1.0,0.0,1.0,0.9545454545454546,0.9767441860465116,0.023255813953488413
"G[0,0]((BUN >= 0.537 -> Hgb >= 0.170) -> HR >= 0.421)
",-2934126335962973.500,-21348.579,0.000,1.000,0.000,21,0,0,1,22,0,21,1,0.9545454545454546,0.0,0.0,1.0,0.9767441860465116,0.023255813953488413
"G[0,1](((Hct <= 36.121 | pH >= 0.139) -> FiO2 <= 4.091) | Temp >= 0.006)
",9999999.000,9999999.000,0.000,1.000,0.000,21,0,1,0,21,1,22,0,1.0,0.0,1.0,0.9545454545454546,0.9767441860465116,0.023255813953488413
"G[0,1](((Creatinine >= 0.007 & SaO2 <= 71.343) | Bilirubin_direct <= 90.714) -> Bilirubin_direct <= 84.228)
",9999999.000,9999999.000,0.000,1.000,0.000,21,0,1,0,21,1,22,0,1.0,0.0,1.0,0.9545454545454546,0.9767441860465116,0.023255813953488413
"G[1,1](Calcium <= 6.096 -> FiO2 <= 0.153)
",-6863181281306466.000,-6.096,0.000,1.000,0.000,21,0,1,0,21,1,22,0,1.0,0.0,1.0,0.9545454545454546,0.9767441860465116,0.023255813953488413
"G[0,1](((Bilirubin_total <= 0.000 -> O2Sat >= 50.794) & Fibrinogen <= 97.980) | EtCO2 <= 97.480)
",9999999.000,9999999.000,0.000,1.000,0.000,21,0,1,0,21,1,22,0,1.0,0.0,1.0,0.9545454545454546,0.9767441860465116,0.023255813953488413
"G[1,1]((MAP >= 47.597 & Platelets <= 131.261) | Chloride <= 220.716)
",220.716,220.716,0.000,1.000,0.000,21,0,1,0,21,1,22,0,1.0,0.0,1.0,0.9545454545454546,0.9767441860465116,0.023255813953488413
"G[1,1]((Creatinine >= 0.024 -> Resp <= 18.263) | WBC >= 3.238)
",-3.238,-3.238,0.000,1.000,0.000,21,0,1,0,21,1,22,0,1.0,0.0,1.0,0.9545454545454546,0.9767441860465116,0.023255813953488413
"G[1,1]((EtCO2 >= 0.000 -> PTT <= 0.000) & Calcium >= 0.000)
",0.000,0.000,0.000,1.000,0.000,21,0,1,0,21,1,22,0,1.0,0.0,1.0,0.9545454545454546,0.9767441860465116,0.023255813953488413
"G[0,1](((Lactate <= 0.000 & AST <= 0.000) | O2Sat <= 0.000) & HR >= 0.000)
",9999999.000,9999999.000,0.000,1.000,0.000,21,0,1,0,21,1,22,0,1.0,0.0,1.0,0.9545454545454546,0.9767441860465116,0.023255813953488413
"G[0,1](((Calcium >= 0.300 | Resp <= 22.758) & SBP <= 20.941) -> SaO2 <= 16.970)
",9999999.000,9999999.000,0.000,1.000,0.000,21,0,1,0,21,1,22,0,1.0,0.0,1.0,0.9545454545454546,0.9767441860465116,0.023255813953488413
"G[1,1]((DBP >= 42.942 | Temp <= 9.287) -> FiO2 <= 24.839)
",-24.839,-24.839,0.000,1.000,0.000,21,0,1,0,21,1,22,0,1.0,0.0,1.0,0.9545454545454546,0.9767441860465116,0.023255813953488413
"G[0,1](((DBP <= 78.944 | Potassium <= 4.037) | SBP <= 3.510) & AST <= 0.419)
",9999999.000,9999999.000,0.000,1.000,0.000,21,0,1,0,21,1,22,0,1.0,0.0,1.0,0.9545454545454546,0.9767441860465116,0.023255813953488413
"G[0,1](((PTT >= 0.000 & EtCO2 >= 0.000) | PaCO2 <= 0.000) -> HCO3 >= 0.000)
",9999999.000,9999999.000,0.000,1.000,0.000,21,0,1,0,21,1,22,0,1.0,0.0,1.0,0.9545454545454546,0.9767441860465116,0.023255813953488413
"G[1,1](((Bilirubin_direct >= 0.000 -> Resp <= 20.881) | TroponinI <= 24.531) & HR >= 0.643)
",-0.643,-0.643,0.000,1.000,0.000,21,0,1,0,21,1,22,0,1.0,0.0,1.0,0.9545454545454546,0.9767441860465116,0.023255813953488413
"G[0,1](Temp < 35.927 -> SepsisLabel = 0.000)
",9999999.000,9999999.000,0.000,1.000,0.000,21,0,1,0,21,1,22,0,1.0,0.0,1.0,0.9545454545454546,0.9767441860465116,0.023255813953488413
"G[0,0](Creatinine >= 0.001 -> SBP <= 113.514)
",-6.877,-104.980,0.000,1.000,0.000,21,0,0,1,22,0,21,1,0.9545454545454546,0.0,0.0,1.0,0.9767441860465116,0.023255813953488413
"G[1,1]((BaseExcess >= 0.000 -> Lactate >= 0.000) | Platelets <= 0.000)
",0.000,0.000,0.000,1.000,0.000,21,0,1,0,21,1,22,0,1.0,0.0,1.0,0.9545454545454546,0.9767441860465116,0.023255813953488413
"G[0,0]((HCO3 <= 0.000 | Magnesium <= 1.899) -> Creatinine <= 0.488)
",-2850934426532430.500,-1.899,0.000,1.000,0.000,21,0,0,1,22,0,21,1,0.9545454545454546,0.0,0.0,1.0,0.9767441860465116,0.023255813953488413
"G[1,1](Platelets <= 18.808 -> Alkalinephos >= 0.000)
",-18.808,-18.808,0.000,1.000,0.000,21,0,1,0,21,1,22,0,1.0,0.0,1.0,0.9545454545454546,0.9767441860465116,0.023255813953488413
"G[1,1](Chloride >= 0.000 & HCO3 >= 0.000)
",0.000,0.000,0.000,1.000,0.000,21,0,1,0,21,1,22,0,1.0,0.0,1.0,0.9545454545454546,0.9767441860465116,0.023255813953488413
"G[1,1](O2Sat <= 98.652 -> SepsisLabel = 0.000)
",-6941982433768034.000,-98.652,0.000,1.000,0.000,21,0,1,0,21,1,22,0,1.0,0.0,1.0,0.9545454545454546,0.9767441860465116,0.023255813953488413
"G[1,1](Chloride <= 0.000 | Temp <= 19.630)
",2762647893281955.000,19.630,0.000,1.000,0.000,21,0,1,0,21,1,22,0,1.0,0.0,1.0,0.9545454545454546,0.9767441860465116,0.023255813953488413
"G[0,1]((BaseExcess >= 0.000 & Creatinine <= 0.390) -> PTT <= 0.271)
",9999999.000,9999999.000,0.000,1.000,0.000,21,0,1,0,21,1,22,0,1.0,0.0,1.0,0.9545454545454546,0.9767441860465116,0.023255813953488413
"G[0,1]((FiO2 <= 0.026 & pH >= 0.048) -> AST >= 0.058)
",9999999.000,9999999.000,0.000,1.000,0.000,21,0,1,0,21,1,22,0,1.0,0.0,1.0,0.9545454545454546,0.9767441860465116,0.023255813953488413
"G[0,0](((Potassium >= 0.180 -> Resp <= 25.253) & O2Sat >= 0.464) | Glucose >= 11.373)
",-0.281,-0.742,0.000,1.000,0.000,21,0,0,1,22,0,21,1,0.9545454545454546,0.0,0.0,1.0,0.9767441860465116,0.023255813953488413
"G[0,1](((Hgb <= 10.736 & Glucose <= 205.205) & HCO3 >= 1.880) -> Temp <= 172.809)
",9999999.000,9999999.000,0.000,1.000,0.000,21,0,1,0,21,1,22,0,1.0,0.0,1.0,0.9545454545454546,0.9767441860465116,0.023255813953488413
"G[1,1](((AST >= 0.000 & SepsisLabel <= 0.000) -> Glucose <= 0.000) -> FiO2 >= 0.000)
",0.000,0.000,0.000,1.000,0.000,21,0,1,0,21,1,22,0,1.0,0.0,1.0,0.9545454545454546,0.9767441860465116,0.023255813953488413
"G[0,1](((Hgb >= 0.510 | WBC <= 9.645) | DBP >= 0.524) | O2Sat <= 7.885)
",9999999.000,9999999.000,0.000,1.000,0.000,21,0,1,0,21,1,22,0,1.0,0.0,1.0,0.9545454545454546,0.9767441860465116,0.023255813953488413
"G[0,1]((pH <= 5.325 & AST >= 0.000) | BaseExcess <= 0.000)
",9999999.000,9999999.000,0.000,1.000,0.000,21,0,1,0,21,1,22,0,1.0,0.0,1.0,0.9545454545454546,0.9767441860465116,0.023255813953488413
"G[0,1](AST >= 0.000 | Bilirubin_direct <= 0.000)
",9999999.000,9999999.000,0.000,1.000,0.000,21,0,1,0,21,1,22,0,1.0,0.0,1.0,0.9545454545454546,0.9767441860465116,0.023255813953488413
"G[0,1](AST >= 0.000 -> SepsisLabel = 0.000)
",9999999.000,9999999.000,0.000,1.000,0.000,21,0,1,0,21,1,22,0,1.0,0.0,1.0,0.9545454545454546,0.9767441860465116,0.023255813953488413
"G[1,1](pH < 4.668 -> SepsisLabel = 0.000)
",-2627829296397869.000,-4.668,0.000,1.000,0.000,21,0,1,0,21,1,22,0,1.0,0.0,1.0,0.9545454545454546,0.9767441860465116,0.023255813953488413
"G[0,1](((Bilirubin_total <= 0.000 & SepsisLabel >= 0.000) & Fibrinogen >= 0.000) | Alkalinephos >= 0.000)
",9999999.000,9999999.000,0.000,1.000,0.000,21,0,1,0,21,1,22,0,1.0,0.0,1.0,0.9545454545454546,0.9767441860465116,0.023255813953488413
"G[1,1](((Calcium <= 8.931 | Hct <= 21.682) | Phosphate <= 2.034) & Calcium <= 10.286)
",5790510451292324.000,10.286,0.000,1.000,0.000,20,0,1,1,21,1,21,1,0.9523809523809523,0.0,1.0,0.9523809523809523,0.9302325581395349,0.06976744186046513
"G[0,1](((MAP >= 9.773 -> PTT <= 0.000) -> SaO2 <= 0.000) & DBP >= 0.000)
",9999999.000,9999999.000,0.000,1.000,0.000,20,0,1,1,21,1,21,1,0.9523809523809523,0.0,1.0,0.9523809523809523,0.9302325581395349,0.06976744186046513
"G[0,1](Calcium >= 0.144 | Platelets <= 29.633)
",9999999.000,9999999.000,0.000,1.000,0.000,20,0,1,1,21,1,21,1,0.9523809523809523,0.0,1.0,0.9523809523809523,0.9302325581395349,0.06976744186046513
"G[1,1](((FiO2 >= 0.004 | Potassium >= 0.162) | Potassium >= 0.062) -> SepsisLabel >= 0.058)
",2322277850150426.500,0.004,0.000,1.000,0.000,20,0,1,1,21,1,21,1,0.9523809523809523,0.0,1.0,0.9523809523809523,0.9302325581395349,0.06976744186046513
"G[1,1](Hct <= 19.918 | Phosphate <= 0.346)
",5606453053682046.000,19.918,0.000,1.000,0.000,20,0,1,1,21,1,21,1,0.9523809523809523,0.0,1.0,0.9523809523809523,0.9302325581395349,0.06976744186046513
"G[0,1](Calcium <= 2.323 | Hgb >= 0.001)
",9999999.000,9999999.000,0.000,1.000,0.000,20,0,1,1,21,1,21,1,0.9523809523809523,0.0,1.0,0.9523809523809523,0.9302325581395349,0.06976744186046513
"G[1,1](Glucose <= 149.419 & SepsisLabel = 0.000)
",0.000,0.000,0.000,1.000,0.000,19,0,1,2,21,1,20,2,0.9047619047619048,0.0,1.0,0.95,0.8837209302325582,0.11627906976744184
"G[0,1](SaO2 <= 27.993 -> Hgb <= 3.607)
",9999999.000,9999999.000,0.000,1.000,0.000,19,0,1,2,21,1,20,2,0.9047619047619048,0.0,1.0,0.95,0.8837209302325582,0.11627906976744184
"G[0,1]((Phosphate <= 3.261 -> Temp >= 7.178) -> BUN <= 10.752)
",9999999.000,9999999.000,0.000,1.000,0.000,19,0,1,2,21,1,20,2,0.9047619047619048,0.0,1.0,0.95,0.8837209302325582,0.11627906976744184
"G[0,1](((MAP <= 85.886 -> Resp >= 16.001) -> Hct <= 24.237) & PTT <= 21.694)
",9999999.000,9999999.000,0.000,1.000,0.000,19,0,1,2,21,1,20,2,0.9047619047619048,0.0,1.0,0.95,0.8837209302325582,0.11627906976744184
"G[0,1](((BUN <= 14.258 -> Bilirubin_total >= 0.000) -> SepsisLabel >= 0.000) -> Creatinine <= 0.000)
",9999999.000,9999999.000,0.000,1.000,0.000,19,0,1,2,21,1,20,2,0.9047619047619048,0.0,1.0,0.95,0.8837209302325582,0.11627906976744184
"G[1,1](DBP <= 92.391 -> Hct <= 11.190)
",-92.391,-92.391,0.000,1.000,0.000,19,0,1,2,21,1,20,2,0.9047619047619048,0.0,1.0,0.95,0.8837209302325582,0.11627906976744184
"G[0,1]((Magnesium >= 0.074 & SBP <= 144.522) -> SaO2 >= 82.740)
",9999999.000,9999999.000,0.000,1.000,0.000,19,0,1,2,21,1,20,2,0.9047619047619048,0.0,1.0,0.95,0.8837209302325582,0.11627906976744184
"G[0,0](MAP >= 41.450 & Magnesium <= 1.004)
",-0.113,-1.018,0.000,1.000,0.000,19,0,0,3,22,0,19,3,0.8636363636363636,0.0,0.0,1.0,0.8837209302325582,0.11627906976744184
"G[0,1](BUN <= 25.204 & Creatinine <= 0.227)
",9999999.000,9999999.000,0.000,1.000,0.000,19,0,1,2,21,1,20,2,0.9047619047619048,0.0,1.0,0.95,0.8837209302325582,0.11627906976744184
"G[0,1](BUN >= 0.752 | SBP <= 149.764)
",9999999.000,9999999.000,0.000,1.000,0.000,19,0,1,2,21,1,20,2,0.9047619047619048,0.0,1.0,0.95,0.8837209302325582,0.11627906976744184
"G[0,1](((MAP <= 94.513 -> SBP >= 61.985) | EtCO2 >= 61.830) | Chloride >= 37.482)
",9999999.000,9999999.000,0.000,1.000,0.000,18,0,1,3,21,1,19,3,0.8571428571428571,0.0,1.0,0.9473684210526315,0.8372093023255814,0.16279069767441856
"G[0,1](Creatinine <= 0.594 & Hgb <= 6.811)
",9999999.000,9999999.000,0.000,1.000,0.000,18,0,1,3,21,1,19,3,0.8571428571428571,0.0,1.0,0.9473684210526315,0.8372093023255814,0.16279069767441856
"G[0,0](((Creatinine >= 0.030 | O2Sat <= 97.745) | SepsisLabel >= 92.621) & PaCO2 <= 98.140)
",0.352,10.107,0.000,1.000,0.000,13,0,0,9,22,0,13,9,0.5909090909090909,0.0,0.0,1.0,0.6046511627906976,0.39534883720930236
"G[0,1](SaO2 >= 0.118 | Glucose <= 76.547)
",9999999.000,9999999.000,0.000,1.000,0.000,12,0,0,10,22,0,12,10,0.5454545454545454,0.0,0.0,1.0,0.5581395348837209,0.4418604651162791
"G[0,1](Glucose >= 33.248 | SBP <= 116.836)
",9999999.000,9999999.000,0.000,1.000,0.000,12,0,1,9,21,1,13,9,0.5714285714285714,0.0,1.0,0.9230769230769231,0.5581395348837209,0.4418604651162791
"G[0,1]((Platelets >= 8.684 | SBP >= 103.369) & Platelets <= 144.005)
",9999999.000,9999999.000,0.000,1.000,0.000,9,0,1,12,21,1,10,12,0.42857142857142855,0.0,1.0,0.9,0.4186046511627907,0.5813953488372092
"G[0,1](DBP >= 56.039 & Phosphate <= 2.199)
",9999999.000,9999999.000,0.000,1.000,0.000,8,0,1,13,21,1,9,13,0.38095238095238093,0.0,1.0,0.8888888888888888,0.37209302325581395,0.627906976744186
"G[1,1](TroponinI >= 0.000 & Glucose >= 9.214)
",-9.214,-9.214,0.000,1.000,0.000,7,0,1,14,21,1,8,14,0.3333333333333333,0.0,1.0,0.875,0.32558139534883723,0.6744186046511628
"G[0,0](((Glucose >= 13.393 & MAP >= 5.122) & Calcium <= 102.469) & AST <= 86.568)
",-13.393,-13.393,0.000,1.000,0.000,5,0,0,17,22,0,5,17,0.22727272727272727,0.0,0.0,1.0,0.23255813953488372,0.7674418604651163
"G[1,1](((Glucose <= 197.645 -> Temp >= 0.597) & Alkalinephos <= 33.740) | Hct >= 0.008)
",-0.008,-0.008,0.000,1.000,0.000,4,0,1,17,21,1,5,17,0.19047619047619047,0.0,1.0,0.8,0.18604651162790697,0.813953488372093
"G[1,1]((Glucose >= 20.892 & pH >= 0.113) | MAP <= 1.883)
",2826773605167780.000,1.883,0.000,1.000,0.000,2,0,1,19,21,1,3,19,0.09523809523809523,0.0,1.0,0.6666666666666666,0.09302325581395349,0.9069767441860466
"G[0,0]((Alkalinephos >= 0.000 & PTT <= 0.000) & MAP <= 0.000)
",-4.270,-111.124,0.000,1.000,0.000,2,0,0,20,22,0,2,20,0.09090909090909091,0.0,0.0,1.0,0.09302325581395349,0.9069767441860466
"G[1,1](Platelets <= 126.600 -> WBC >= 0.077)
",-126.600,-126.600,0.000,1.000,0.000,2,0,1,19,21,1,3,19,0.09523809523809523,0.0,1.0,0.6666666666666666,0.09302325581395349,0.9069767441860466
"G[1,1]((O2Sat >= 73.652 & Alkalinephos <= 0.000) -> SBP <= 0.000)
",0.000,0.000,0.000,1.000,0.000,2,0,1,19,21,1,3,19,0.09523809523809523,0.0,1.0,0.6666666666666666,0.09302325581395349,0.9069767441860466
"G[1,1](((BUN <= 25.291 | BaseExcess <= 0.000) -> PaCO2 <= 0.000) & MAP <= 0.000)
",-25.291,-25.291,0.000,1.000,0.000,2,0,1,19,21,1,3,19,0.09523809523809523,0.0,1.0,0.6666666666666666,0.09302325581395349,0.9069767441860466
"G[1,1]((Calcium <= 5.360 -> Platelets <= 165.830) -> PTT >= 1.297)
",5839474801457132.000,1.297,0.000,1.000,0.000,1,0,1,20,21,1,2,20,0.047619047619047616,0.0,1.0,0.5,0.046511627906976744,0.9534883720930233
"G[0,1](((Glucose >= 17.044 -> HR <= 114.264) & SBP >= 44.626) -> PTT >= 67.831)
",9999999.000,9999999.000,0.000,1.000,0.000,1,0,1,20,21,1,2,20,0.047619047619047616,0.0,1.0,0.5,0.046511627906976744,0.9534883720930233
"G[0,0](Hct <= 15.704 -> Magnesium >= 0.065)
",-8840713449826210.000,-15.704,0.000,1.000,0.000,1,0,0,21,22,0,1,21,0.045454545454545456,0.0,0.0,1.0,0.046511627906976744,0.9534883720930233
"G[0,0]((PaCO2 <= 28.069 | Hct >= 0.110) & DBP <= 33.903)
",-1.726,-40.319,0.000,1.000,0.000,1,0,0,21,22,0,1,21,0.045454545454545456,0.0,0.0,1.0,0.046511627906976744,0.9534883720930233
"G[0,0]((HCO3 >= 0.000 -> Lactate <= 0.000) -> Resp <= 0.000)
",0.000,0.000,0.000,1.000,0.000,1,0,0,21,22,0,1,21,0.045454545454545456,0.0,0.0,1.0,0.046511627906976744,0.9534883720930233
"G[0,2]((O2Sat <= 99.593 -> Hgb >= 0.234) & Resp <= 2.858)
",9999999.000,9999999.000,0.000,1.000,0.000,0,0,0,22,22,0,0,22,0.0,0.0,0.0,0.0,0.0,1.0
"G[0,2](((FiO2 >= 0.003 -> O2Sat <= 97.410) & Temp >= 73.616) & Chloride <= 96.628)
",9999999.000,9999999.000,0.000,1.000,0.000,0,0,0,22,22,0,0,22,0.0,0.0,0.0,0.0,0.0,1.0
"G[1,2](Bilirubin_direct >= 0.000 | BUN >= 0.453)
",9999999.000,9999999.000,0.000,1.000,0.000,0,0,22,0,0,22,22,0,0.0,0.0,1.0,0.0,0.0,1.0
"G[2,2](((TroponinI >= 0.000 | SBP <= 147.311) -> Lactate <= 131.280) | Temp <= 145.897)
",2566649494011741.500,145.897,0.000,1.000,0.000,0,0,22,0,0,22,22,0,0.0,0.0,1.0,0.0,0.0,1.0
"G[1,2]((Platelets <= 57.122 & HCO3 <= 0.000) -> Resp >= 0.000)
",9999999.000,9999999.000,0.000,1.000,0.000,0,0,22,0,0,22,22,0,0.0,0.0,1.0,0.0,0.0,1.0
"G[1,2](((PaCO2 >= 0.118 | SepsisLabel >= 0.000) | EtCO2 <= 0.000) -> Potassium <= 0.000)
",9999999.000,9999999.000,0.000,1.000,0.000,0,0,21,1,1,21,21,1,0.0,0.0,1.0,0.0,0.0,1.0
"G[0,2]((Creatinine >= 0.009 -> pH >= 0.134) | Phosphate >= 0.049)
",9999999.000,9999999.000,0.000,1.000,0.000,0,0,22,0,0,22,22,0,0.0,0.0,1.0,0.0,0.0,1.0
"G[2,2]((SBP <= 152.411 & Fibrinogen >= 0.000) -> SBP <= 0.000)
",0.000,0.000,0.000,1.000,0.000,0,0,22,0,0,22,22,0,0.0,0.0,1.0,0.0,0.0,1.0
"G[2,2]((Magnesium <= 0.492 -> PaCO2 <= 19.850) | WBC >= 0.368)
",-0.368,-0.368,0.000,1.000,0.000,0,0,22,0,0,22,22,0,0.0,0.0,1.0,0.0,0.0,1.0
"G[0,1](((Bilirubin_total <= 0.000 -> Platelets <= 18.788) -> PTT >= 10.884) & Alkalinephos <= 220.573)
",9999999.000,9999999.000,0.000,1.000,0.000,0,0,0,22,22,0,0,22,0.0,0.0,0.0,0.0,0.0,1.0
"G[0,2](Lactate >= 0.000 & Hgb >= 0.363)
",9999999.000,9999999.000,0.000,1.000,0.000,0,0,0,22,22,0,0,22,0.0,0.0,0.0,0.0,0.0,1.0
"G[0,2](((Resp <= 22.799 -> SaO2 <= 91.452) | BUN >= 0.186) -> Alkalinephos >= 1.938)
",9999999.000,9999999.000,0.000,1.000,0.000,0,0,0,22,22,0,0,22,0.0,0.0,0.0,0.0,0.0,1.0
"G[1,2]((Glucose <= 207.480 & Potassium >= 0.068) & HR >= 0.105)
",9999999.000,9999999.000,0.000,1.000,0.000,0,0,2,20,20,2,2,20,0.0,0.0,1.0,0.0,0.0,1.0
"G[0,1]((Platelets <= 263.652 & Magnesium <= 1.407) -> BaseExcess >= 0.044)
",9999999.000,9999999.000,0.000,1.000,0.000,0,0,0,22,22,0,0,22,0.0,0.0,0.0,0.0,0.0,1.0
"G[2,2](AST <= 0.000 | Hct >= 1.422)
",0.000,0.000,0.000,1.000,0.000,0,0,22,0,0,22,22,0,0.0,0.0,1.0,0.0,0.0,1.0
"G[1,1](((Resp >= 4.748 -> HR <= 114.580) | Platelets >= 21.966) & Magnesium >= 17.394)
",-3091408609508322.000,-21.966,0.000,1.000,0.000,0,0,1,21,21,1,1,21,0.0,0.0,1.0,0.0,0.0,1.0
"G[1,2](((Alkalinephos >= 0.000 | Platelets >= 5.139) -> AST <= 109.251) & Fibrinogen >= 8.674)
",9999999.000,9999999.000,0.000,1.000,0.000,0,0,1,21,21,1,1,21,0.0,0.0,1.0,0.0,0.0,1.0
"G[0,2](((Creatinine <= 0.643 -> PaCO2 <= 33.798) & SepsisLabel >= 0.644) -> Hct >= 0.111)
",9999999.000,9999999.000,0.000,1.000,0.000,0,0,22,0,0,22,22,0,0.0,0.0,1.0,0.0,0.0,1.0
"G[1,2]((Potassium >= 0.174 | DBP >= 49.326) | Bilirubin_total <= 72.093)
",9999999.000,9999999.000,0.000,1.000,0.000,0,0,22,0,0,22,22,0,0.0,0.0,1.0,0.0,0.0,1.0
"G[2,2]((Lactate >= 0.000 -> DBP <= 63.338) | Calcium >= 41.586)
",-5852638957786107.000,-41.586,0.000,1.000,0.000,0,0,22,0,0,22,22,0,0.0,0.0,1.0,0.0,0.0,1.0
"G[0,1](((DBP <= 92.462 & Phosphate >= 0.106) -> FiO2 <= 3.933) & Resp <= 2.311)
",9999999.000,9999999.000,0.000,1.000,0.000,0,0,0,22,22,0,0,22,0.0,0.0,0.0,0.0,0.0,1.0
"G[1,2](((Creatinine <= 0.453 & Phosphate <= 3.888) -> MAP <= 4.158) & Potassium >= 0.124)
",9999999.000,9999999.000,0.000,1.000,0.000,0,0,2,20,20,2,2,20,0.0,0.0,1.0,0.0,0.0,1.0
"G[1,2](BaseExcess >= 0.000 & FiO2 >= 0.004)
",9999999.000,9999999.000,0.000,1.000,0.000,0,0,1,21,21,1,1,21,0.0,0.0,1.0,0.0,0.0,1.0
"G[1,2](BUN >= 0.830 -> Magnesium >= 0.072)
",9999999.000,9999999.000,0.000,1.000,0.000,0,0,22,0,0,22,22,0,0.0,0.0,1.0,0.0,0.0,1.0
"G[0,2]((Platelets >= 0.002 -> Platelets <= 211.384) -> PTT >= 11.124)
",9999999.000,9999999.000,0.000,1.000,0.000,0,0,0,22,22,0,0,22,0.0,0.0,0.0,0.0,0.0,1.0
"G[1,2](((HCO3 >= 0.000 & PaCO2 >= 0.022) | SepsisLabel >= 0.431) & Fibrinogen >= 0.714)
",9999999.000,9999999.000,0.000,1.000,0.000,0,0,1,21,21,1,1,21,0.0,0.0,1.0,0.0,0.0,1.0
"G[0,2](BaseExcess >= 0.000 -> WBC <= 3.318)
",9999999.000,9999999.000,0.000,1.000,0.000,0,0,20,2,2,20,20,2,0.0,0.0,1.0,0.0,0.0,1.0
"G[1,2]((AST >= 0.000 | HR <= 120.266) | O2Sat >= 2.188)
",9999999.000,9999999.000,0.000,1.000,0.000,0,0,22,0,0,22,22,0,0.0,0.0,1.0,0.0,0.0,1.0
"G[0,2]((FiO2 <= 0.076 | SBP <= 143.430) & Alkalinephos >= 98.466)
",9999999.000,9999999.000,0.000,1.000,0.000,0,0,0,22,22,0,0,22,0.0,0.0,0.0,0.0,0.0,1.0
"G[1,2]((MAP >= 1.884 -> Fibrinogen <= 0.000) | pH >= 0.000)
",9999999.000,9999999.000,0.000,1.000,0.000,0,0,22,0,0,22,22,0,0.0,0.0,1.0,0.0,0.0,1.0
"G[1,2](Chloride >= 0.000 | AST >= 0.000)
",9999999.000,9999999.000,0.000,1.000,0.000,0,0,22,0,0,22,22,0,0.0,0.0,1.0,0.0,0.0,1.0
"G[0,2]((Alkalinephos >= 0.000 & FiO2 >= 0.000) | pH >= 0.005)
",9999999.000,9999999.000,0.000,1.000,0.000,0,0,22,0,0,22,22,0,0.0,0.0,1.0,0.0,0.0,1.0
"G[0,2](BaseExcess <= 0.000 & Chloride >= 0.000)
",9999999.000,9999999.000,0.000,1.000,0.000,0,0,22,0,0,22,22,0,0.0,0.0,1.0,0.0,0.0,1.0
"G[0,1]((Platelets >= 6.867 & Lactate <= 0.000) & BUN >= 0.000)
",9999999.000,9999999.000,0.000,1.000,0.000,0,0,0,22,22,0,0,22,0.0,0.0,0.0,0.0,0.0,1.0
"G[0,2]((Calcium >= 0.152 -> Potassium <= 3.931) | BUN <= 1.593)
",9999999.000,9999999.000,0.000,1.000,0.000,0,0,20,2,2,20,20,2,0.0,0.0,1.0,0.0,0.0,1.0
"G[1,2](PaCO2 >= 0.538 | SepsisLabel <= 0.000)
",9999999.000,9999999.000,0.000,1.000,0.000,0,0,22,0,0,22,22,0,0.0,0.0,1.0,0.0,0.0,1.0
"G[1,1]((Bilirubin_total <= 0.000 & HR >= 58.097) -> WBC >= 32.630)
",2296108916646387.000,32.630,0.000,1.000,0.000,0,0,1,21,21,1,1,21,0.0,0.0,1.0,0.0,0.0,1.0
"G[2,2](Platelets <= 115.354 & WBC <= 11.406)
",3210618050492026.000,11.406,0.000,1.000,0.000,0,0,22,0,0,22,22,0,0.0,0.0,1.0,0.0,0.0,1.0
"G[1,2]((Alkalinephos >= 0.000 & EtCO2 >= 0.000) -> PTT <= 0.000)
",9999999.000,9999999.000,0.000,1.000,0.000,0,0,22,0,0,22,22,0,0.0,0.0,1.0,0.0,0.0,1.0
"G[0,1](SaO2 <= 74.102 -> Platelets >= 9.871)
",9999999.000,9999999.000,0.000,1.000,0.000,0,0,0,22,22,0,0,22,0.0,0.0,0.0,0.0,0.0,1.0
"G[2,2](HCO3 >= 0.000 | Creatinine <= 0.566)
",0.566,0.566,0.000,1.000,0.000,0,0,22,0,0,22,22,0,0.0,0.0,1.0,0.0,0.0,1.0
"G[0,2](((BUN <= 26.476 & Hct >= 1.165) -> Fibrinogen >= 0.821) -> Potassium >= 0.679)
",9999999.000,9999999.000,0.000,1.000,0.000,0,0,0,22,22,0,0,22,0.0,0.0,0.0,0.0,0.0,1.0
"G[2,2](((BUN <= 6.338 -> Bilirubin_total >= 0.000) | Magnesium <= 0.000) & Alkalinephos >= 0.000)
",0.000,0.000,0.000,1.000,0.000,0,0,22,0,0,22,22,0,0.0,0.0,1.0,0.0,0.0,1.0
"G[0,1](((Temp >= 5.664 | Resp <= 24.112) | Hct <= 21.497) & FiO2 >= 10.020)
",9999999.000,9999999.000,0.000,1.000,0.000,0,0,0,22,22,0,0,22,0.0,0.0,0.0,0.0,0.0,1.0
"G[1,2](DBP <= 60.256 -> PaCO2 <= 9.450)
",9999999.000,9999999.000,0.000,1.000,0.000,0,0,22,0,0,22,22,0,0.0,0.0,1.0,0.0,0.0,1.0
"G[1,2]((Hct <= 12.700 | TroponinI <= 0.000) | Fibrinogen >= 0.000)
",9999999.000,9999999.000,0.000,1.000,0.000,0,0,22,0,0,22,22,0,0.0,0.0,1.0,0.0,0.0,1.0
"G[2,2]((AST >= 0.000 | SaO2 <= 59.426) -> Hgb <= 44.832)
",-59.426,-59.426,0.000,1.000,0.000,0,0,22,0,0,22,22,0,0.0,0.0,1.0,0.0,0.0,1.0
"G[1,2]((TroponinI >= 0.000 -> Lactate <= 0.000) | PaCO2 >= 0.000)
",9999999.000,9999999.000,0.000,1.000,0.000,0,0,22,0,0,22,22,0,0.0,0.0,1.0,0.0,0.0,1.0
"G[0,0](((Chloride >= 0.000 | O2Sat >= 59.750) -> SepsisLabel >= 64.341) & Fibrinogen >= 74.258)
",-2.341,-86.153,0.000,1.000,0.000,0,0,0,22,22,0,0,22,0.0,0.0,0.0,0.0,0.0,1.0
"G[0,0](((BUN <= 10.036 | pH <= 6.295) | DBP <= 3.180) & Lactate >= 0.029)
",0.626,2.847,0.000,1.000,0.000,0,0,0,22,22,0,0,22,0.0,0.0,0.0,0.0,0.0,1.0
"G[0,2]((Resp <= 20.612 -> Hgb >= 0.110) -> HR >= 0.567)
",9999999.000,9999999.000,0.000,1.000,0.000,0,0,22,0,0,22,22,0,0.0,0.0,1.0,0.0,0.0,1.0
"G[1,2](((Magnesium >= 0.021 & DBP <= 86.955) -> Glucose <= 65.807) -> PaCO2 >= 28.014)
",9999999.000,9999999.000,0.000,1.000,0.000,0,0,2,20,20,2,2,20,0.0,0.0,1.0,0.0,0.0,1.0
"G[1,2](((Magnesium >= 0.030 | Glucose >= 1.957) | BaseExcess <= 120.193) -> Bilirubin_total <= 85.589)
",9999999.000,9999999.000,0.000,1.000,0.000,0,0,22,0,0,22,22,0,0.0,0.0,1.0,0.0,0.0,1.0
"G[2,2](TroponinI <= 0.000 | O2Sat <= 98.428)
",98.428,98.428,0.000,1.000,0.000,0,0,22,0,0,22,22,0,0.0,0.0,1.0,0.0,0.0,1.0
"G[0,2](AST >= 0.000 -> TroponinI >= 0.000)
",9999999.000,9999999.000,0.000,1.000,0.000,0,0,22,0,0,22,22,0,0.0,0.0,1.0,0.0,0.0,1.0
"G[0,1](((Potassium >= 0.028 | Potassium >= 0.094) -> Magnesium >= 0.137) -> BUN >= 0.204)
",9999999.000,9999999.000,0.000,1.000,0.000,0,0,0,22,22,0,0,22,0.0,0.0,0.0,0.0,0.0,1.0
"G[0,1](((BUN >= 1.253 | Platelets <= 60.026) & SaO2 >= 8.553) & HCO3 >= 4.190)
",9999999.000,9999999.000,0.000,1.000,0.000,0,0,0,22,22,0,0,22,0.0,0.0,0.0,0.0,0.0,1.0
"G[1,2]((Fibrinogen <= 0.000 & BUN <= 8.180) -> pH >= 0.923)
",9999999.000,9999999.000,0.000,1.000,0.000,0,0,2,20,20,2,2,20,0.0,0.0,1.0,0.0,0.0,1.0
"G[1,2]((FiO2 >= 0.002 -> FiO2 >= 0.004) -> Hct >= 0.002)
",9999999.000,9999999.000,0.000,1.000,0.000,0,0,3,19,19,3,3,19,0.0,0.0,1.0,0.0,0.0,1.0
"G[0,2](((PTT <= 0.000 & Resp <= 23.509) | MAP >= 14.031) -> pH <= 22.267)
",9999999.000,9999999.000,0.000,1.000,0.000,0,0,22,0,0,22,22,0,0.0,0.0,1.0,0.0,0.0,1.0
"G[1,2](HR <= 112.737 -> Glucose <= 143.340)
",9999999.000,9999999.000,0.000,1.000,0.000,0,0,21,1,1,21,21,1,0.0,0.0,1.0,0.0,0.0,1.0
"G[1,2](((pH >= 0.066 -> Bilirubin_total >= 0.000) | Temp >= 0.000) -> Potassium <= 0.000)
",9999999.000,9999999.000,0.000,1.000,0.000,0,0,21,1,1,21,21,1,0.0,0.0,1.0,0.0,0.0,1.0
"G[1,2](((PTT >= 0.000 | EtCO2 >= 0.000) -> MAP >= 0.000) -> PaCO2 >= 0.000)
",9999999.000,9999999.000,0.000,1.000,0.000,0,0,22,0,0,22,22,0,0.0,0.0,1.0,0.0,0.0,1.0
"G[1,2](Hgb >= 0.512 -> SepsisLabel <= 0.000)
",9999999.000,9999999.000,0.000,1.000,0.000,0,0,22,0,0,22,22,0,0.0,0.0,1.0,0.0,0.0,1.0
"G[0,2](((Calcium <= 7.758 | AST <= 0.000) | Phosphate >= 0.000) -> MAP <= 0.000)
",9999999.000,9999999.000,0.000,1.000,0.000,0,0,0,22,22,0,0,22,0.0,0.0,0.0,0.0,0.0,1.0
"G[1,2]((DBP <= 62.419 & FiO2 >= 0.001) & DBP <= 0.140)
",9999999.000,9999999.000,0.000,1.000,0.000,0,0,1,21,21,1,1,21,0.0,0.0,1.0,0.0,0.0,1.0
"G[1,2]((BUN <= 11.416 | FiO2 >= 0.003) -> SBP <= 0.122)
",9999999.000,9999999.000,0.000,1.000,0.000,0,0,4,18,18,4,4,18,0.0,0.0,1.0,0.0,0.0,1.0
"G[1,2](((EtCO2 >= 0.000 | O2Sat >= 25.849) | Creatinine >= 86.130) | Platelets <= 94.716)
",9999999.000,9999999.000,0.000,1.000,0.000,0,0,22,0,0,22,22,0,0.0,0.0,1.0,0.0,0.0,1.0
"G[1,2](((Potassium >= 0.004 -> Calcium <= 5.484) | PaCO2 <= 5.424) -> HCO3 <= 6.943)
",9999999.000,9999999.000,0.000,1.000,0.000,0,0,22,0,0,22,22,0,0.0,0.0,1.0,0.0,0.0,1.0
"G[0,2]((WBC <= 9.679 | HCO3 >= 0.000) & SaO2 >= 0.000)
",9999999.000,9999999.000,0.000,1.000,0.000,0,0,22,0,0,22,22,0,0.0,0.0,1.0,0.0,0.0,1.0
"G[1,2](SBP >= 51.695 | Platelets >= 12.186)
",9999999.000,9999999.000,0.000,1.000,0.000,0,0,21,1,1,21,21,1,0.0,0.0,1.0,0.0,0.0,1.0
"G[1,2]((BUN >= 0.725 | pH <= 5.439) -> WBC >= 0.023)
",9999999.000,9999999.000,0.000,1.000,0.000,0,0,3,19,19,3,3,19,0.0,0.0,1.0,0.0,0.0,1.0
"G[1,2](SaO2 <= 4.938 -> BaseExcess <= 0.000)
",9999999.000,9999999.000,0.000,1.000,0.000,0,0,22,0,0,22,22,0,0.0,0.0,1.0,0.0,0.0,1.0
"G[0,2](FiO2 <= 0.191 -> DBP <= 79.595)
",9999999.000,9999999.000,0.000,1.000,0.000,0,0,19,3,3,19,19,3,0.0,0.0,1.0,0.0,0.0,1.0
"G[0,2](((Platelets <= 45.276 & HCO3 >= 0.000) -> SaO2 >= 0.000) | BUN <= 0.000)
",9999999.000,9999999.000,0.000,1.000,0.000,0,0,22,0,0,22,22,0,0.0,0.0,1.0,0.0,0.0,1.0
"G[1,2](HR >= 59.634 & Creatinine <= 0.640)
",9999999.000,9999999.000,0.000,1.000,0.000,0,0,21,1,1,21,21,1,0.0,0.0,1.0,0.0,0.0,1.0
"G[0,2](Chloride >= 0.000 & HCO3 >= 0.000)
",9999999.000,9999999.000,0.000,1.000,0.000,0,0,22,0,0,22,22,0,0.0,0.0,1.0,0.0,0.0,1.0
"G[2,2](((pH >= 0.092 | WBC >= 0.371) -> Resp <= 7.307) -> Bilirubin_direct >= 0.395)
",7118994692194882.000,0.395,0.000,1.000,0.000,0,0,22,0,0,22,22,0,0.0,0.0,1.0,0.0,0.0,1.0
"G[0,2](((Resp >= 6.667 | Platelets >= 6.858) -> PTT <= 272.722) -> MAP >= 2.765)
",9999999.000,9999999.000,0.000,1.000,0.000,0,0,18,4,4,18,18,4,0.0,0.0,1.0,0.0,0.0,1.0
"G[2,2]((Creatinine <= 0.212 | Hct >= 1.455) -> HCO3 <= 13.502)
",-7601188704069515.000,-13.502,0.000,1.000,0.000,0,0,22,0,0,22,22,0,0.0,0.0,1.0,0.0,0.0,1.0
"G[0,2](Platelets <= 126.562 -> WBC >= 0.502)
",9999999.000,9999999.000,0.000,1.000,0.000,0,0,0,22,22,0,0,22,0.0,0.0,0.0,0.0,0.0,1.0
"G[0,1](((Hgb <= 3.268 | Hct <= 3.492) -> WBC >= 0.342) & Platelets >= 12.130)
",9999999.000,9999999.000,0.000,1.000,0.000,0,0,0,22,22,0,0,22,0.0,0.0,0.0,0.0,0.0,1.0
"G[0,2](BUN <= 21.821 & Creatinine >= 0.025)
",9999999.000,9999999.000,0.000,1.000,0.000,0,0,0,22,22,0,0,22,0.0,0.0,0.0,0.0,0.0,1.0
"G[2,2](Chloride >= 0.000 & HCO3 >= 0.000)
",0.000,0.000,0.000,1.000,0.000,0,0,22,0,0,22,22,0,0.0,0.0,1.0,0.0,0.0,1.0
"G[2,2](Platelets <= 222.924 -> WBC >= 0.087)
",-222.924,-222.924,0.000,1.000,0.000,0,0,22,0,0,22,22,0,0.0,0.0,1.0,0.0,0.0,1.0
"G[0,2](((Hgb <= 5.595 | Hct <= 34.619) -> WBC >= 0.335) & Platelets >= 10.532)
",9999999.000,9999999.000,0.000,1.000,0.000,0,0,0,22,22,0,0,22,0.0,0.0,0.0,0.0,0.0,1.0
"G[1,2](BUN <= 11.637 & Creatinine >= 0.032)
",9999999.000,9999999.000,0.000,1.000,0.000,0,0,1,21,21,1,1,21,0.0,0.0,1.0,0.0,0.0,1.0
"G[0,2](O2Sat <= 94.922 & SepsisLabel = 0.000)
",9999999.000,9999999.000,0.000,1.000,0.000,0,0,0,22,22,0,0,22,0.0,0.0,0.0,0.0,0.0,1.0
"G[0,1](Magnesium > 0.088 & SepsisLabel = 0.000)
",9999999.000,9999999.000,0.000,1.000,0.000,0,0,0,22,22,0,0,22,0.0,0.0,0.0,0.0,0.0,1.0
"G[2,2](Hgb < 12.377 & SepsisLabel = 0.000)
",0.000,0.000,0.000,1.000,0.000,0,0,22,0,0,22,22,0,0.0,0.0,1.0,0.0,0.0,1.0
"G[1,2](Creatinine >= 0.032 -> SepsisLabel = 0.000)
",9999999.000,9999999.000,0.000,1.000,0.000,0,0,22,0,0,22,22,0,0.0,0.0,1.0,0.0,0.0,1.0
"G[2,2](O2Sat < 99.912 -> SepsisLabel = 0.000)
",-7030654562515281.000,-99.912,0.000,1.000,0.000,0,0,22,0,0,22,22,0,0.0,0.0,1.0,0.0,0.0,1.0
"G[1,2](TroponinI <= 0.000 -> SepsisLabel = 0.000)
",9999999.000,9999999.000,0.000,1.000,0.000,0,0,22,0,0,22,22,0,0.0,0.0,1.0,0.0,0.0,1.0
"G[2,2](pH >= 0.145 & SepsisLabel = 0.000)
",-5208543592800302.000,-0.145,0.000,1.000,0.000,0,0,22,0,0,22,22,0,0.0,0.0,1.0,0.0,0.0,1.0
"G[1,2](Fibrinogen > 0.000 -> SepsisLabel = 0.000)
",9999999.000,9999999.000,0.000,1.000,0.000,0,0,22,0,0,22,22,0,0.0,0.0,1.0,0.0,0.0,1.0
"G[1,2](((PaCO2 <= 3.886 | PaCO2 >= 0.028) | SepsisLabel >= 0.173) & HCO3 >= 0.250)
",9999999.000,9999999.000,0.000,1.000,0.000,0,0,1,21,21,1,1,21,0.0,0.0,1.0,0.0,0.0,1.0
"G[0,2](((FiO2 >= 0.001 | SaO2 <= 42.470) & Hgb >= 1.791) -> TroponinI <= 90.221)
",9999999.000,9999999.000,0.000,1.000,0.000,0,0,22,0,0,22,22,0,0.0,0.0,1.0,0.0,0.0,1.0
"G[1,2](((Platelets <= 266.325 & WBC >= 0.415) & PaCO2 >= 0.113) & pH >= 0.112)
",9999999.000,9999999.000,0.000,1.000,0.000,0,0,1,21,21,1,1,21,0.0,0.0,1.0,0.0,0.0,1.0
"G[0,2](((Creatinine >= 0.011 & Magnesium <= 0.589) | HR <= 1.845) -> Potassium >= 0.049)
",9999999.000,9999999.000,0.000,1.000,0.000,0,0,21,1,1,21,21,1,0.0,0.0,1.0,0.0,0.0,1.0
"G[0,2]((Calcium <= 4.568 | Magnesium >= 0.032) | Magnesium >= 0.050)
",9999999.000,9999999.000,0.000,1.000,0.000,0,0,22,0,0,22,22,0,0.0,0.0,1.0,0.0,0.0,1.0
"G[1,1](((Hct >= 1.839 | WBC >= 0.298) -> FiO2 >= 0.206) & FiO2 >= 0.036)
",-5221604245498132.000,-0.036,0.000,1.000,0.000,0,0,1,21,21,1,1,21,0.0,0.0,1.0,0.0,0.0,1.0
"G[0,2]((Phosphate <= 3.430 & Potassium >= 0.183) & PTT <= 3.405)
",9999999.000,9999999.000,0.000,1.000,0.000,0,0,0,22,22,0,0,22,0.0,0.0,0.0,0.0,0.0,1.0
"G[0,2](((Creatinine <= 0.143 | Phosphate <= 1.462) & Phosphate >= 0.039) & MAP >= 0.022)
",9999999.000,9999999.000,0.000,1.000,0.000,0,0,0,22,22,0,0,22,0.0,0.0,0.0,0.0,0.0,1.0
"G[0,2](HR <= 116.297 -> O2Sat <= 97.738)
",9999999.000,9999999.000,0.000,1.000,0.000,0,0,10,12,12,10,10,12,0.0,0.0,1.0,0.0,0.0,1.0
"G[1,2](((DBP >= 48.698 -> MAP <= 98.492) -> Phosphate <= 107.926) | Temp >= 40.742)
",9999999.000,9999999.000,0.000,1.000,0.000,0,0,22,0,0,22,22,0,0.0,0.0,1.0,0.0,0.0,1.0
"G[1,2](Chloride >= 0.000 & HCO3 >= 0.000)
",9999999.000,9999999.000,0.000,1.000,0.000,0,0,22,0,0,22,22,0,0.0,0.0,1.0,0.0,0.0,1.0
"G[1,2](BUN <= 18.557 & Creatinine >= 0.018)
",9999999.000,9999999.000,0.000,1.000,0.000,0,0,1,21,21,1,1,21,0.0,0.0,1.0,0.0,0.0,1.0
"G[1,2](((Hgb <= 4.000 | Hct <= 20.368) -> WBC >= 0.207) & Platelets >= 0.530)
",9999999.000,9999999.000,0.000,1.000,0.000,0,0,3,19,19,3,3,19,0.0,0.0,1.0,0.0,0.0,1.0
"G[1,1](BUN <= 16.187 & Creatinine >= 0.002)
",-0.002,-0.002,0.000,1.000,0.000,0,0,1,21,21,1,1,21,0.0,0.0,1.0,0.0,0.0,1.0
"G[0,2](((Hgb <= 8.929 | Hct <= 24.066) -> WBC >= 0.105) & Platelets >= 9.855)
",9999999.000,9999999.000,0.000,1.000,0.000,0,0,0,22,22,0,0,22,0.0,0.0,0.0,0.0,0.0,1.0
"G[0,2](BUN <= 18.473 & Creatinine >= 0.011)
",9999999.000,9999999.000,0.000,1.000,0.000,0,0,0,22,22,0,0,22,0.0,0.0,0.0,0.0,0.0,1.0
"G[0,0](((Hgb <= 3.996 | Hct <= 10.139) -> WBC >= 0.085) & Platelets >= 7.645)
",-5707527739986068.000,-10.139,0.000,1.000,0.000,0,0,0,22,22,0,0,22,0.0,0.0,0.0,0.0,0.0,1.0
"G[0,1](BUN <= 3.798 & Creatinine >= 0.020)
",9999999.000,9999999.000,0.000,1.000,0.000,0,0,0,22,22,0,0,22,0.0,0.0,0.0,0.0,0.0,1.0
"G[0,2](Chloride >= 0.000 & HCO3 >= 0.000)
",9999999.000,9999999.000,0.000,1.000,0.000,0,0,22,0,0,22,22,0,0.0,0.0,1.0,0.0,0.0,1.0
"G[0,2](Platelets <= 127.079 -> WBC >= 0.546)
",9999999.000,9999999.000,0.000,1.000,0.000,0,0,0,22,22,0,0,22,0.0,0.0,0.0,0.0,0.0,1.0
"G[0,1](((Hgb <= 10.342 | Hct <= 13.959) -> WBC >= 0.290) & Platelets >= 8.656)
",9999999.000,9999999.000,0.000,1.000,0.000,0,0,0,22,22,0,0,22,0.0,0.0,0.0,0.0,0.0,1.0
"G[1,2](BUN <= 18.439 & Creatinine >= 0.015)
",9999999.000,9999999.000,0.000,1.000,0.000,0,0,1,21,21,1,1,21,0.0,0.0,1.0,0.0,0.0,1.0
"G[0,2](Chloride >= 0.000 & HCO3 >= 0.000)
",9999999.000,9999999.000,0.000,1.000,0.000,0,0,22,0,0,22,22,0,0.0,0.0,1.0,0.0,0.0,1.0
"G[2,2](Platelets <= 178.218 -> WBC >= 0.215)
",-178.218,-178.218,0.000,1.000,0.000,0,0,22,0,0,22,22,0,0.0,0.0,1.0,0.0,0.0,1.0
"G[1,2](((Hgb <= 4.908 | Hct <= 14.162) -> WBC >= 0.050) & Platelets >= 4.154)
",9999999.000,9999999.000,0.000,1.000,0.000,0,0,3,19,19,3,3,19,0.0,0.0,1.0,0.0,0.0,1.0
"G[1,2](Chloride >= 0.000 & HCO3 >= 0.000)
",9999999.000,9999999.000,0.000,1.000,0.000,0,0,22,0,0,22,22,0,0.0,0.0,1.0,0.0,0.0,1.0
"G[0,1](Platelets <= 28.512 -> WBC >= 0.140)
",9999999.000,9999999.000,0.000,1.000,0.000,0,0,0,22,22,0,0,22,0.0,0.0,0.0,0.0,0.0,1.0
"G[0,1](Platelets <= 138.720 -> WBC >= 0.471)
",9999999.000,9999999.000,0.000,1.000,0.000,0,0,0,22,22,0,0,22,0.0,0.0,0.0,0.0,0.0,1.0
"G[1,2](((Hgb <= 3.181 | Hct <= 18.636) -> WBC >= 0.013) & Platelets >= 10.764)
",9999999.000,9999999.000,0.000,1.000,0.000,0,0,3,19,19,3,3,19,0.0,0.0,1.0,0.0,0.0,1.0
"G[0,0](BUN <= 15.753 & Creatinine >= 0.018)
",-5109057952714514.000,-0.018,0.000,1.000,0.000,0,0,0,22,22,0,0,22,0.0,0.0,0.0,0.0,0.0,1.0
"G[0,2](Chloride >= 0.000 & HCO3 >= 0.000)
",9999999.000,9999999.000,0.000,1.000,0.000,0,0,22,0,0,22,22,0,0.0,0.0,1.0,0.0,0.0,1.0
"G[0,0](Platelets <= 59.278 -> WBC >= 0.359)
",-4171326122521422.500,-59.278,0.000,1.000,0.000,0,0,0,22,22,0,0,22,0.0,0.0,0.0,0.0,0.0,1.0
"G[0,2](((Hgb <= 7.726 | Hct <= 39.188) -> WBC >= 0.024) & Platelets >= 5.550)
",9999999.000,9999999.000,0.000,1.000,0.000,0,0,0,22,22,0,0,22,0.0,0.0,0.0,0.0,0.0,1.0
"G[1,2](BUN <= 23.460 & Creatinine >= 0.022)
",9999999.000,9999999.000,0.000,1.000,0.000,0,0,1,21,21,1,1,21,0.0,0.0,1.0,0.0,0.0,1.0
"G[1,2](Chloride >= 0.000 & HCO3 >= 0.000)
",9999999.000,9999999.000,0.000,1.000,0.000,0,0,22,0,0,22,22,0,0.0,0.0,1.0,0.0,0.0,1.0
"G[2,2](Platelets <= 251.382 -> WBC >= 0.444)
",-4422367626190170.000,-251.382,0.000,1.000,0.000,0,0,22,0,0,22,22,0,0.0,0.0,1.0,0.0,0.0,1.0
"G[0,2](((Hgb <= 3.902 | Hct <= 19.697) -> WBC >= 0.016) & Platelets >= 5.134)
",9999999.000,9999999.000,0.000,1.000,0.000,0,0,0,22,22,0,0,22,0.0,0.0,0.0,0.0,0.0,1.0
"G[0,0](BUN <= 9.918 & Creatinine >= 0.008)
",-0.008,-0.008,0.000,1.000,0.000,0,0,0,22,22,0,0,22,0.0,0.0,0.0,0.0,0.0,1.0
"G[1,2](O2Sat <= 95.811 & Resp <= 17.021)
",9999999.000,9999999.000,0.000,1.000,0.000,0,0,5,17,17,5,5,17,0.0,0.0,1.0,0.0,0.0,1.0
"G[0,1](((Hgb >= 0.525 | Magnesium >= 0.014) & BUN >= 0.084) & Bilirubin_direct <= 0.663)
",9999999.000,9999999.000,0.000,1.000,0.000,0,0,0,22,22,0,0,22,0.0,0.0,0.0,0.0,0.0,1.0
"G[0,1]((MAP >= 73.525 -> SaO2 >= 0.667) & Creatinine >= 0.854)
",9999999.000,9999999.000,0.000,1.000,0.000,0,0,0,22,22,0,0,22,0.0,0.0,0.0,0.0,0.0,1.0
"G[2,2]((Platelets <= 233.610 & Potassium >= 0.166) | Magnesium <= 4.172)
",2348796370946829.500,4.172,0.000,1.000,0.000,0,0,22,0,0,22,22,0,0.0,0.0,1.0,0.0,0.0,1.0
"G[0,2](Hgb >= 0.252 -> O2Sat >= 36.561)
",9999999.000,9999999.000,0.000,1.000,0.000,0,0,22,0,0,22,22,0,0.0,0.0,1.0,0.0,0.0,1.0
"G[1,2]((O2Sat <= 94.737 & Phosphate >= 0.018) & BaseExcess <= 4.143)
",9999999.000,9999999.000,0.000,1.000,0.000,0,0,1,21,21,1,1,21,0.0,0.0,1.0,0.0,0.0,1.0
"G[0,2](((Calcium <= 6.546 -> O2Sat <= 97.791) & Potassium >= 15.603) & O2Sat >= 52.941)
",9999999.000,9999999.000,0.000,1.000,0.000,0,0,0,22,22,0,0,22,0.0,0.0,0.0,0.0,0.0,1.0
"G[2,2](((pH >= 0.146 & Resp <= 22.527) -> Temp <= 20.218) -> BUN <= 23.298)
",-23.298,-23.298,0.000,1.000,0.000,0,0,22,0,0,22,22,0,0.0,0.0,1.0,0.0,0.0,1.0
"G[1,2]((FiO2 >= 0.004 -> Resp >= 3.528) | PaCO2 >= 7.834)
",9999999.000,9999999.000,0.000,1.000,0.000,0,0,22,0,0,22,22,0,0.0,0.0,1.0,0.0,0.0,1.0
"G[0,2]((PaCO2 >= 0.487 -> Resp >= 13.404) | AST <= 19.803)
",9999999.000,9999999.000,0.000,1.000,0.000,0,0,22,0,0,22,22,0,0.0,0.0,1.0,0.0,0.0,1.0
"G[0,2]((Calcium <= 4.109 -> pH <= 4.066) -> EtCO2 >= 0.068)
",9999999.000,9999999.000,0.000,1.000,0.000,0,0,0,22,22,0,0,22,0.0,0.0,0.0,0.0,0.0,1.0
"G[1,2](((Hgb <= 10.093 & pH <= 7.208) -> HCO3 <= 1.034) | TroponinI <= 5.252)
",9999999.000,9999999.000,0.000,1.000,0.000,0,0,22,0,0,22,22,0,0.0,0.0,1.0,0.0,0.0,1.0
"G[0,0]((Hgb <= 9.912 | PaCO2 <= 9.827) -> SepsisLabel >= 0.609)
",-0.457,-34.005,0.000,1.000,0.000,0,0,0,22,22,0,0,22,0.0,0.0,0.0,0.0,0.0,1.0
"G[1,2]((Hgb <= 6.975 -> SaO2 >= 1.411) | BaseExcess >= 0.253)
",9999999.000,9999999.000,0.000,1.000,0.000,0,0,3,19,19,3,3,19,0.0,0.0,1.0,0.0,0.0,1.0
"G[0,1](Platelets <= 193.749 -> WBC >= 0.256)
",9999999.000,9999999.000,0.000,1.000,0.000,0,0,0,22,22,0,0,22,0.0,0.0,0.0,0.0,0.0,1.0
"G[0,2](FiO2 <= 0.149 | Platelets <= 263.788)
",9999999.000,9999999.000,0.000,1.000,0.000,0,0,22,0,0,22,22,0,0.0,0.0,1.0,0.0,0.0,1.0
"G[0,2](((Platelets >= 4.945 & SaO2 <= 68.152) | Bilirubin_direct <= 94.741) -> Bilirubin_total <= 96.038)
",9999999.000,9999999.000,0.000,1.000,0.000,0,0,22,0,0,22,22,0,0.0,0.0,1.0,0.0,0.0,1.0
"G[1,2]((Glucose <= 141.841 | Hgb >= 0.546) -> MAP >= 0.492)
",9999999.000,9999999.000,0.000,1.000,0.000,0,0,20,2,2,20,20,2,0.0,0.0,1.0,0.0,0.0,1.0
"G[1,2](((FiO2 >= 0.004 & HR >= 74.877) & Potassium <= 120.170) | PaCO2 >= 35.687)
",9999999.000,9999999.000,0.000,1.000,0.000,0,0,1,21,21,1,1,21,0.0,0.0,1.0,0.0,0.0,1.0
"G[0,2](((O2Sat <= 95.792 | pH <= 2.169) & Phosphate >= 0.052) -> Magnesium >= 0.021)
",9999999.000,9999999.000,0.000,1.000,0.000,0,0,22,0,0,22,22,0,0.0,0.0,1.0,0.0,0.0,1.0
"G[0,2]((HR <= 109.790 | Platelets <= 154.752) -> MAP <= 190.504)
",9999999.000,9999999.000,0.000,1.000,0.000,0,0,22,0,0,22,22,0,0.0,0.0,1.0,0.0,0.0,1.0
"G[0,1](HR >= 97.591 & WBC >= 0.014)
",9999999.000,9999999.000,0.000,1.000,0.000,0,0,0,22,22,0,0,22,0.0,0.0,0.0,0.0,0.0,1.0
"G[2,2]((EtCO2 <= 0.000 -> HR <= 128.683) -> DBP <= 125.350)
",-4410370741671134.500,-125.350,0.000,1.000,0.000,0,0,22,0,0,22,22,0,0.0,0.0,1.0,0.0,0.0,1.0
"G[1,2]((Glucose <= 135.004 -> PTT >= 0.000) | WBC <= 0.000)
",9999999.000,9999999.000,0.000,1.000,0.000,0,0,22,0,0,22,22,0,0.0,0.0,1.0,0.0,0.0,1.0
"G[1,2]((MAP <= 98.939 | Bilirubin_direct <= 0.000) | Hct <= 0.000)
",9999999.000,9999999.000,0.000,1.000,0.000,0,0,22,0,0,22,22,0,0.0,0.0,1.0,0.0,0.0,1.0
"G[1,2](((Platelets >= 8.691 & pH >= 0.071) -> Lactate <= 6.135) & Fibrinogen >= 0.165)
",9999999.000,9999999.000,0.000,1.000,0.000,0,0,1,21,21,1,1,21,0.0,0.0,1.0,0.0,0.0,1.0
"G[1,1]((HR <= 119.886 & Magnesium <= 0.349) & Resp <= 1.315)
",6281539661864286.000,0.349,0.000,1.000,0.000,0,0,1,21,21,1,1,21,0.0,0.0,1.0,0.0,0.0,1.0
"G[0,2]((HCO3 <= 0.000 | Fibrinogen <= 0.000) | BUN >= 0.000)
",9999999.000,9999999.000,0.000,1.000,0.000,0,0,22,0,0,22,22,0,0.0,0.0,1.0,0.0,0.0,1.0
"G[0,2]((AST >= 0.000 | SepsisLabel >= 0.000) & PaCO2 <= 0.000)
",9999999.000,9999999.000,0.000,1.000,0.000,0,0,21,1,1,21,21,1,0.0,0.0,1.0,0.0,0.0,1.0
"G[1,2](BUN >= 0.282 -> DBP <= 63.941)
",9999999.000,9999999.000,0.000,1.000,0.000,0,0,22,0,0,22,22,0,0.0,0.0,1.0,0.0,0.0,1.0
"G[0,2](((HR <= 109.812 | Phosphate <= 0.529) -> pH <= 2.730) | BaseExcess <= 2.335)
",9999999.000,9999999.000,0.000,1.000,0.000,0,0,22,0,0,22,22,0,0.0,0.0,1.0,0.0,0.0,1.0
"G[0,1](((HR >= 10.112 -> Potassium >= 0.081) & pH >= 0.100) | Chloride >= 0.089)
",9999999.000,9999999.000,0.000,1.000,0.000,0,0,0,22,22,0,0,22,0.0,0.0,0.0,0.0,0.0,1.0
"G[2,2](((Hct >= 0.558 -> Resp <= 19.693) & Chloride >= 8.140) | SBP >= 3.597)
",-8098964164143947.000,-3.597,0.000,1.000,0.000,0,0,22,0,0,22,22,0,0.0,0.0,1.0,0.0,0.0,1.0
"G[0,0]((DBP >= 19.290 -> O2Sat >= 14.973) & Platelets >= 10.280)
",-9.984,-93.670,0.000,1.000,0.000,0,0,0,22,22,0,0,22,0.0,0.0,0.0,0.0,0.0,1.0
"G[0,2]((Calcium <= 6.173 -> WBC <= 1.485) & Hgb >= 0.060)
",9999999.000,9999999.000,0.000,1.000,0.000,0,0,0,22,22,0,0,22,0.0,0.0,0.0,0.0,0.0,1.0
"G[1,2]((MAP >= 54.970 & O2Sat <= 95.249) | HCO3 <= 95.295)
",9999999.000,9999999.000,0.000,1.000,0.000,0,0,22,0,0,22,22,0,0.0,0.0,1.0,0.0,0.0,1.0
"G[1,2]((BUN <= 9.648 | WBC <= 4.900) & AST <= 8.699)
",9999999.000,9999999.000,0.000,1.000,0.000,0,0,21,1,1,21,21,1,0.0,0.0,1.0,0.0,0.0,1.0
"G[1,2](((BUN >= 0.165 & Platelets >= 4.576) & PaCO2 <= 202.945) -> Potassium <= 219.342)
",9999999.000,9999999.000,0.000,1.000,0.000,0,0,22,0,0,22,22,0,0.0,0.0,1.0,0.0,0.0,1.0
"G[1,2](((Platelets >= 8.305 -> SBP >= 77.232) & PaCO2 >= 73.449) | WBC <= 152.001)
",9999999.000,9999999.000,0.000,1.000,0.000,0,0,22,0,0,22,22,0,0.0,0.0,1.0,0.0,0.0,1.0
"G[0,2](((Hgb >= 0.552 | SBP >= 80.808) | WBC <= 142.141) | Resp <= 141.505)
",9999999.000,9999999.000,0.000,1.000,0.000,0,0,22,0,0,22,22,0,0.0,0.0,1.0,0.0,0.0,1.0
"G[0,1]((Creatinine >= 0.006 | Glucose <= 72.088) & AST >= 3.002)
",9999999.000,9999999.000,0.000,1.000,0.000,0,0,0,22,22,0,0,22,0.0,0.0,0.0,0.0,0.0,1.0
"G[1,2](((Glucose <= 162.268 & Potassium <= 4.481) & Phosphate >= 0.020) & O2Sat >= 0.086)
",9999999.000,9999999.000,0.000,1.000,0.000,0,0,1,21,21,1,1,21,0.0,0.0,1.0,0.0,0.0,1.0
"G[0,1]((Glucose <= 95.613 -> Phosphate <= 3.050) & Hct >= 0.065)
",9999999.000,9999999.000,0.000,1.000,0.000,0,0,0,22,22,0,0,22,0.0,0.0,0.0,0.0,0.0,1.0
"G[2,2]((Platelets <= 23.911 & Resp >= 12.636) & FiO2 <= 24.960)
",-12.636,-12.636,0.000,1.000,0.000,0,0,22,0,0,22,22,0,0.0,0.0,1.0,0.0,0.0,1.0
"G[1,2](Creatinine >= 0.020 | Resp <= 20.491)
",9999999.000,9999999.000,0.000,1.000,0.000,0,0,20,2,2,20,20,2,0.0,0.0,1.0,0.0,0.0,1.0
"G[2,2]((Creatinine <= 0.522 | HR <= 129.109) & DBP <= 137.173)
",4542614103231810.000,129.109,0.000,1.000,0.000,0,0,22,0,0,22,22,0,0.0,0.0,1.0,0.0,0.0,1.0
"G[0,2]((Magnesium >= 0.071 & Resp >= 9.224) | pH >= 16.167)
",9999999.000,9999999.000,0.000,1.000,0.000,0,0,0,22,22,0,0,22,0.0,0.0,0.0,0.0,0.0,1.0
"G[0,2]((BUN >= 0.054 -> Resp <= 19.076) -> WBC >= 13.135)
",9999999.000,9999999.000,0.000,1.000,0.000,0,0,0,22,22,0,0,22,0.0,0.0,0.0,0.0,0.0,1.0
"G[0,2](FiO2 >= 0.003 | SBP >= 70.080)
",9999999.000,9999999.000,0.000,1.000,0.000,0,0,19,3,3,19,19,3,0.0,0.0,1.0,0.0,0.0,1.0
"G[1,2](pH <= 6.938 | SBP <= 124.444)
",9999999.000,9999999.000,0.000,1.000,0.000,0,0,22,0,0,22,22,0,0.0,0.0,1.0,0.0,0.0,1.0
"G[2,2](Magnesium <= 1.962 -> Temp <= 25.873)
",-7282676540865986.000,-25.873,0.000,1.000,0.000,0,0,22,0,0,22,22,0,0.0,0.0,1.0,0.0,0.0,1.0
"G[0,1](((Platelets >= 5.245 | Temp <= 18.115) | AST <= 36.339) -> HCO3 >= 4.758)
",9999999.000,9999999.000,0.000,1.000,0.000,0,0,0,22,22,0,0,22,0.0,0.0,0.0,0.0,0.0,1.0
"G[0,1](BUN >= 0.151 & Temp <= 9.015)
",9999999.000,9999999.000,0.000,1.000,0.000,0,0,0,22,22,0,0,22,0.0,0.0,0.0,0.0,0.0,1.0
"G[0,0]((MAP >= 36.942 | Phosphate >= 0.078) & DBP <= 3.699)
",-2.867,-70.147,0.000,1.000,0.000,0,0,0,22,22,0,0,22,0.0,0.0,0.0,0.0,0.0,1.0
"G[1,2]((Creatinine >= 0.032 -> MAP >= 73.650) -> PTT <= 86.891)
",9999999.000,9999999.000,0.000,1.000,0.000,0,0,22,0,0,22,22,0,0.0,0.0,1.0,0.0,0.0,1.0
"G[0,2](((FiO2 >= 0.003 -> Temp >= 4.407) & SaO2 <= 27.505) & Fibrinogen >= 6.142)
",9999999.000,9999999.000,0.000,1.000,0.000,0,0,0,22,22,0,0,22,0.0,0.0,0.0,0.0,0.0,1.0
"G[1,2](DBP >= 37.122 & FiO2 >= 0.003)
",9999999.000,9999999.000,0.000,1.000,0.000,0,0,1,21,21,1,1,21,0.0,0.0,1.0,0.0,0.0,1.0
"G[1,2](((PaCO2 >= 0.377 -> Hgb >= 0.194) & Calcium >= 0.421) | SBP <= 7.355)
",9999999.000,9999999.000,0.000,1.000,0.000,0,0,4,18,18,4,4,18,0.0,0.0,1.0,0.0,0.0,1.0
