Rule,Discrimination Score,Pos Robustness,Neg Robustness,Percent Class +,Percent Class -,TP,TN,FP,FN,Actual Yes,Actual No,Predicted Yes,Predicted No,TPR/Sens,TNR/Spec,FPR,Precision,Accuracy,MCR,Class
"G[0,0](Resp <= 27.378 | Bilirubin_direct <= 0.000)
",-0.293,-0.116,0.000,1.000,0.000,25,0,0,0,25,0,25,0,1.0,0.0,0.0,1.0,1.0,0.0,1
"F[0,1](((Magnesium >= 0.097 & pH <= 6.394) | SBP <= 3.991) & Temp >= 2.351)
",-9999999.000,-9999999.000,0.000,0.000,1.000,25,0,0,0,25,0,25,0,1.0,0.0,0.0,1.0,1.0,0.0,-1
"G[0,1]((SBP >= 102.087 -> Hgb >= 0.171) -> TroponinI <= 4.801)
",9999999.000,9999999.000,0.000,1.000,0.000,25,0,0,0,25,0,25,0,1.0,0.0,0.0,1.0,1.0,0.0,1
"G[0,1]((AST >= 0.015 & Fibrinogen >= 0.000) -> Phosphate <= 0.000)
",9999999.000,9999999.000,0.000,1.000,0.000,25,0,0,0,25,0,25,0,1.0,0.0,0.0,1.0,1.0,0.0,1
"G[0,1](((Resp <= 31.148 | Temp >= 0.163) | PaCO2 >= 27.204) -> Potassium <= 37.323)
",9999999.000,9999999.000,0.000,1.000,0.000,25,0,0,0,25,0,25,0,1.0,0.0,0.0,1.0,1.0,0.0,1
"F[0,0]((Phosphate <= 1.657 | SBP <= 137.811) & DBP >= 106.447)
",-5.323,-33.927,0.000,0.000,1.000,25,0,0,0,25,0,25,0,1.0,0.0,0.0,1.0,1.0,0.0,-1
"G[0,1](Creatinine <= 1.034 | FiO2 <= 0.836)
",9999999.000,9999999.000,0.000,1.000,0.000,25,0,0,0,25,0,25,0,1.0,0.0,0.0,1.0,1.0,0.0,1
"F[0,1]((Calcium <= 5.054 & Potassium <= 2.453) & Magnesium >= 0.198)
",-9999999.000,-9999999.000,0.000,0.000,1.000,25,0,0,0,25,0,25,0,1.0,0.0,0.0,1.0,1.0,0.0,-1
"((Phosphate >= 0.038) U[1,2] (SepsisLabel = 0.000))
",-9999999.000,-9999999.000,0.000,0.000,1.000,25,0,0,0,25,0,25,0,1.0,0.0,0.0,1.0,1.0,0.0,-1
"((EtCO2 <= 0.000) U[1,1] (Bilirubin_total >= 0.009))
",0.000,0.000,0.000,0.000,1.000,25,0,0,0,25,0,25,0,1.0,0.0,0.0,1.0,1.0,0.0,-1
"F[1,1]((Calcium <= 3.888 & Potassium <= 2.127) & Magnesium >= 0.164)
",-0.164,-0.164,0.000,0.000,1.000,25,0,0,0,25,0,25,0,1.0,0.0,0.0,1.0,1.0,0.0,-1
"F[0,0](((PaCO2 <= 52.765 & pH <= 4.002) & Bilirubin_direct >= 2.837) & Resp >= 1.291)
",-6.878,-2.721,0.000,0.000,1.000,25,0,0,0,25,0,25,0,1.0,0.0,0.0,1.0,1.0,0.0,-1
"F[0,1](((Potassium >= 0.245 & Resp <= 27.225) & pH <= 25.586) & DBP <= 27.356)
",-9999999.000,-9999999.000,0.000,0.000,1.000,25,0,0,0,25,0,25,0,1.0,0.0,0.0,1.0,1.0,0.0,-1
"((TroponinI > 0.000) U[1,1] (SepsisLabel = 0.000))
",0.000,0.000,0.000,0.000,1.000,25,0,0,0,25,0,25,0,1.0,0.0,0.0,1.0,1.0,0.0,-1
"F[1,1]((Calcium <= 5.757 & Potassium <= 4.094) & Magnesium >= 0.024)
",-6840539119709388.000,-0.024,0.000,0.000,1.000,25,0,0,0,25,0,25,0,1.0,0.0,0.0,1.0,1.0,0.0,-1
"G[1,1]((O2Sat <= 99.346 -> PaCO2 <= 40.467) -> Bilirubin_direct <= 43.648)
",-43.648,-43.648,0.000,1.000,0.000,25,0,0,0,25,0,25,0,1.0,0.0,0.0,1.0,1.0,0.0,1
"F[0,0](((EtCO2 <= 0.000 & HR >= 64.254) -> Temp >= 73.285) & BUN >= 61.492)
",-11.418,-60.412,0.000,0.000,1.000,25,0,0,0,25,0,25,0,1.0,0.0,0.0,1.0,1.0,0.0,-1
"F[1,1]((Temp >= 29.246 & WBC >= 0.641) & HR <= 22.980)
",-29.246,-29.246,0.000,0.000,1.000,25,0,0,0,25,0,25,0,1.0,0.0,0.0,1.0,1.0,0.0,-1
"F[0,0]((pH <= 7.055 & Temp <= 33.119) & Alkalinephos >= 11.376)
",-36.305,-65.001,0.000,0.000,1.000,25,0,0,0,25,0,25,0,1.0,0.0,0.0,1.0,1.0,0.0,-1
"((Calcium >= 0.166) U[1,2] (SepsisLabel = 0.000))
",-9999999.000,-9999999.000,0.000,0.000,1.000,25,0,0,0,25,0,25,0,1.0,0.0,0.0,1.0,1.0,0.0,-1
"F[0,1]((Lactate <= 2.450 & O2Sat >= 97.584) & SepsisLabel >= 95.184)
",-9999999.000,-9999999.000,0.000,0.000,1.000,25,0,0,0,25,0,25,0,1.0,0.0,0.0,1.0,1.0,0.0,-1
"F[0,0](((FiO2 <= 0.791 | Glucose <= 84.938) | Potassium >= 54.659) -> AST >= 30.875)
",-84.938,-84.938,0.000,0.000,1.000,25,0,0,0,25,0,25,0,1.0,0.0,0.0,1.0,1.0,0.0,-1
"F[0,1]((DBP <= 69.378 & WBC >= 1.256) & TroponinI >= 1.471)
",-9999999.000,-9999999.000,0.000,0.000,1.000,25,0,0,0,25,0,25,0,1.0,0.0,0.0,1.0,1.0,0.0,-1
"F[0,1](EtCO2 > 0.000 & SepsisLabel = 0.000)
",-9999999.000,-9999999.000,0.000,0.000,1.000,25,0,0,0,25,0,25,0,1.0,0.0,0.0,1.0,1.0,0.0,-1
"F[0,1]((Calcium <= 7.561 & Potassium <= 2.278) & Magnesium >= 0.003)
",-9999999.000,-9999999.000,0.000,0.000,1.000,25,0,0,0,25,0,25,0,1.0,0.0,0.0,1.0,1.0,0.0,-1
"F[0,1](((Creatinine <= 0.260 & MAP <= 83.876) -> HCO3 >= 71.957) & Resp >= 69.103)
",-9999999.000,-9999999.000,0.000,0.000,1.000,25,0,0,0,25,0,25,0,1.0,0.0,0.0,1.0,1.0,0.0,-1
"F[0,1](((DBP >= 56.935 | PaCO2 >= 11.650) | SaO2 >= 0.834) & BaseExcess >= 0.577)
",-9999999.000,-9999999.000,0.000,0.000,1.000,25,0,0,0,25,0,25,0,1.0,0.0,0.0,1.0,1.0,0.0,-1
"F[0,1]((Calcium <= 8.382 & Potassium <= 2.889) & Magnesium >= 0.213)
",-9999999.000,-9999999.000,0.000,0.000,1.000,25,0,0,0,25,0,25,0,1.0,0.0,0.0,1.0,1.0,0.0,-1
"G[0,1](((Magnesium <= 1.117 & SBP <= 125.623) | DBP <= 131.884) | Magnesium <= 124.953)
",9999999.000,9999999.000,0.000,1.000,0.000,25,0,0,0,25,0,25,0,1.0,0.0,0.0,1.0,1.0,0.0,1
"F[0,0]((AST <= 6.814 & BaseExcess <= -0.588) & PaCO2 <= -1.330)
",-0.878,-34.393,0.000,0.000,1.000,25,0,0,0,25,0,25,0,1.0,0.0,0.0,1.0,1.0,0.0,-1
"G[0,1](((HR >= 72.841 | pH <= 6.563) & BUN <= 5.481) -> FiO2 <= 5.890)
",9999999.000,9999999.000,0.000,1.000,0.000,25,0,0,0,25,0,25,0,1.0,0.0,0.0,1.0,1.0,0.0,1
"G[0,1](((HCO3 >= 1.071 | HR <= 94.835) & AST <= 88.848) -> Lactate <= 103.150)
",9999999.000,9999999.000,0.000,1.000,0.000,25,0,0,0,25,0,25,0,1.0,0.0,0.0,1.0,1.0,0.0,1
"G[0,1](FiO2 < 0.286 -> SepsisLabel = 0.000)
",9999999.000,9999999.000,0.000,1.000,0.000,25,0,0,0,25,0,25,0,1.0,0.0,0.0,1.0,1.0,0.0,1
"G[1,1]((Glucose <= 198.362 -> WBC <= 9.855) -> WBC <= 4.619)
",-4.619,-4.619,0.000,1.000,0.000,25,0,0,0,25,0,25,0,1.0,0.0,0.0,1.0,1.0,0.0,1
"G[0,0]((AST <= 5.915 & PTT >= 0.059) -> TroponinI <= 30.635)
",-312.460,-30.615,0.000,1.000,0.000,25,0,0,0,25,0,25,0,1.0,0.0,0.0,1.0,1.0,0.0,1
"G[0,0]((Glucose >= 12.443 & SBP <= 133.555) -> HCO3 <= 124.907)
",-42.868,-126.867,0.000,1.000,0.000,25,0,0,0,25,0,25,0,1.0,0.0,0.0,1.0,1.0,0.0,1
"G[0,1]((Alkalinephos <= 18.315 | AST <= 18.551) -> Fibrinogen <= 7.846)
",9999999.000,9999999.000,0.000,1.000,0.000,25,0,0,0,25,0,25,0,1.0,0.0,0.0,1.0,1.0,0.0,1
"G[0,1](Alkalinephos <= 27.980 -> Bilirubin_total <= 0.545)
",9999999.000,9999999.000,0.000,1.000,0.000,25,0,0,0,25,0,25,0,1.0,0.0,0.0,1.0,1.0,0.0,1
"G[0,0](((Magnesium <= 0.780 & MAP >= 64.686) | Phosphate <= 79.936) | PTT >= 69.164)
",122.359,79.744,0.000,1.000,0.000,25,0,0,0,25,0,25,0,1.0,0.0,0.0,1.0,1.0,0.0,1
"G[0,1](((PTT >= 0.923 & SaO2 <= 95.196) -> TroponinI >= 5.281) -> BUN <= 84.426)
",9999999.000,9999999.000,0.000,1.000,0.000,25,0,0,0,25,0,25,0,1.0,0.0,0.0,1.0,1.0,0.0,1
"G[0,0]((Hct <= 14.082 -> Hgb <= 7.321) | Hct <= 8.299)
",8.299,8.299,0.000,1.000,0.000,25,0,0,0,25,0,25,0,1.0,0.0,0.0,1.0,1.0,0.0,1
"G[1,1]((Hct <= 21.169 | Temp <= 33.898) | HR >= 2.585)
",33.898,33.898,0.000,1.000,0.000,25,0,0,0,25,0,25,0,1.0,0.0,0.0,1.0,1.0,0.0,1
"G[0,1](((HR <= 89.531 | MAP <= 77.574) & Hgb <= 77.489) | HCO3 <= 76.067)
",9999999.000,9999999.000,0.000,1.000,0.000,25,0,0,0,25,0,25,0,1.0,0.0,0.0,1.0,1.0,0.0,1
"G[0,1](((BUN <= 11.544 & Phosphate >= 0.014) -> O2Sat >= 0.063) | Lactate <= 1.715)
",9999999.000,9999999.000,0.000,1.000,0.000,25,0,0,0,25,0,25,0,1.0,0.0,0.0,1.0,1.0,0.0,1
"G[1,1](((BUN >= 0.432 & Hct <= 4.532) & SBP <= 22.383) -> Temp >= 0.326)
",0.326,0.326,0.000,1.000,0.000,25,0,0,0,25,0,25,0,1.0,0.0,0.0,1.0,1.0,0.0,1
"G[1,1](((MAP >= 68.020 | Platelets <= 346.373) -> BUN <= 231.976) | Potassium <= 273.374)
",4809249774279092.000,273.374,0.000,1.000,0.000,25,0,0,0,25,0,25,0,1.0,0.0,0.0,1.0,1.0,0.0,1
"G[0,1](((BaseExcess >= -5.519 & Glucose >= 8.343) & PTT >= 55.553) | BaseExcess <= 85.351)
",9999999.000,9999999.000,0.000,1.000,0.000,25,0,0,0,25,0,25,0,1.0,0.0,0.0,1.0,1.0,0.0,1
"G[0,1]((HCO3 <= 21.290 & Temp <= 34.750) | DBP >= 5.247)
",9999999.000,9999999.000,0.000,1.000,0.000,25,0,0,0,25,0,25,0,1.0,0.0,0.0,1.0,1.0,0.0,1
"G[0,1](Bilirubin_direct < 0.000 -> SepsisLabel = 0.000)
",9999999.000,9999999.000,0.000,1.000,0.000,25,0,0,0,25,0,25,0,1.0,0.0,0.0,1.0,1.0,0.0,1
"G[0,1]((BaseExcess >= -4.673 | SBP >= 98.921) | FiO2 <= 133.731)
",9999999.000,9999999.000,0.000,1.000,0.000,25,0,0,0,25,0,25,0,1.0,0.0,0.0,1.0,1.0,0.0,1
"G[0,0]((BUN <= 22.787 & Hgb <= 6.349) | Resp >= 0.078)
",5.699,56.902,0.000,1.000,0.000,25,0,0,0,25,0,25,0,1.0,0.0,0.0,1.0,1.0,0.0,1
"G[0,1]((Glucose <= 119.075 | HCO3 <= 21.267) | Calcium >= 1.098)
",9999999.000,9999999.000,0.000,1.000,0.000,25,0,0,0,25,0,25,0,1.0,0.0,0.0,1.0,1.0,0.0,1
"G[0,1](((pH <= 5.895 | Potassium >= 0.517) & EtCO2 <= 3.080) -> BaseExcess <= 1.795)
",9999999.000,9999999.000,0.000,1.000,0.000,25,0,0,0,25,0,25,0,1.0,0.0,0.0,1.0,1.0,0.0,1
"G[0,1]((HR >= 72.605 | SaO2 >= 9.367) | Fibrinogen <= 86.395)
",9999999.000,9999999.000,0.000,1.000,0.000,25,0,0,0,25,0,25,0,1.0,0.0,0.0,1.0,1.0,0.0,1
"G[1,1](((BaseExcess >= -4.263 -> Platelets <= 212.638) -> Platelets >= 25.113) -> HR <= 144.450)
",-144.450,-144.450,0.000,1.000,0.000,25,0,0,0,25,0,25,0,1.0,0.0,0.0,1.0,1.0,0.0,1
"G[0,1](Phosphate <= 1.085 -> SepsisLabel = 0.000)
",9999999.000,9999999.000,0.000,1.000,0.000,25,0,0,0,25,0,25,0,1.0,0.0,0.0,1.0,1.0,0.0,1
"G[1,1](((FiO2 >= 0.057 & O2Sat >= 96.391) & Phosphate <= 98.021) -> Hct <= 97.877)
",-6887508633485997.000,-97.877,0.000,1.000,0.000,25,0,0,0,25,0,25,0,1.0,0.0,0.0,1.0,1.0,0.0,1
"G[1,1]((Temp <= 35.083 -> WBC <= 27.066) & Resp >= 0.048)
",-35.083,-35.083,0.000,1.000,0.000,25,0,0,0,25,0,25,0,1.0,0.0,0.0,1.0,1.0,0.0,1
"F[0,1]((Calcium >= 0.163 & Resp <= 29.010) & Phosphate <= 25.801)
",-9999999.000,-9999999.000,0.000,0.000,1.000,24,0,0,1,25,0,24,1,0.96,0.0,0.0,1.0,0.96,0.040000000000000036,-1
"F[0,1]((Alkalinephos >= 1.102 & HCO3 >= 0.270) | TroponinI >= 1.072)
",-9999999.000,-9999999.000,0.000,0.000,1.000,24,0,0,1,25,0,24,1,0.96,0.0,0.0,1.0,0.96,0.040000000000000036,-1
"F[1,1](((Calcium <= 0.405 -> Hgb >= 0.597) -> FiO2 <= 4.283) & FiO2 >= 0.594)
",-4822638399400876.000,-4.283,0.000,0.000,1.000,24,0,0,1,25,0,24,1,0.96,0.0,0.0,1.0,0.96,0.040000000000000036,-1
"F[0,1]((Calcium <= 5.965 & Potassium <= 4.166) & Magnesium >= 0.211)
",-9999999.000,-9999999.000,0.000,0.000,1.000,24,0,0,1,25,0,24,1,0.96,0.0,0.0,1.0,0.96,0.040000000000000036,-1
"G[1,1](Lactate <= 3.709 & WBC <= 18.292)
",3.709,3.709,0.000,1.000,0.000,24,0,0,1,25,0,24,1,0.96,0.0,0.0,1.0,0.96,0.040000000000000036,1
"G[0,1](Calcium >= 0.061 -> Temp <= 33.289)
",9999999.000,9999999.000,0.000,1.000,0.000,24,0,0,1,25,0,24,1,0.96,0.0,0.0,1.0,0.96,0.040000000000000036,1
"G[0,0](Creatinine <= 0.974 -> Resp >= 18.409)
",-3.863,-38.571,0.000,1.000,0.000,24,0,0,1,25,0,24,1,0.96,0.0,0.0,1.0,0.96,0.040000000000000036,1
"G[0,1](((PaCO2 <= 20.039 | Calcium >= 0.122) & Hct >= 0.034) -> Glucose <= 2.305)
",9999999.000,9999999.000,0.000,1.000,0.000,24,0,0,1,25,0,24,1,0.96,0.0,0.0,1.0,0.96,0.040000000000000036,1
"G[0,1](WBC >= 0.457 -> BaseExcess <= -0.621)
",9999999.000,9999999.000,0.000,1.000,0.000,24,0,0,1,25,0,24,1,0.96,0.0,0.0,1.0,0.96,0.040000000000000036,1
"G[0,0](Resp < 31.576 & SepsisLabel = 0.000)
",-0.714,-40.170,0.000,1.000,0.000,24,0,0,1,25,0,24,1,0.96,0.0,0.0,1.0,0.96,0.040000000000000036,1
"F[0,1](((Alkalinephos <= 15.621 | FiO2 <= 0.391) & SepsisLabel <= 0.299) & Calcium >= 0.050)
",-9999999.000,-9999999.000,0.000,0.000,1.000,24,0,0,1,25,0,24,1,0.96,0.0,0.0,1.0,0.96,0.040000000000000036,-1
"F[0,0](Calcium >= 0.056 | Chloride >= 4.535)
",0.220,1.513,0.000,0.000,1.000,23,0,0,2,25,0,23,2,0.92,0.0,0.0,1.0,0.92,0.07999999999999996,-1
"((Calcium >= 0.140) U[1,2] (Glucose <= 192.168))
",-9999999.000,-9999999.000,0.000,0.000,1.000,23,0,0,2,25,0,23,2,0.92,0.0,0.0,1.0,0.92,0.07999999999999996,-1
"F[0,1]((Calcium <= 5.668 & Creatinine >= 0.033) & SaO2 <= 0.234)
",-9999999.000,-9999999.000,0.000,0.000,1.000,23,0,0,2,25,0,23,2,0.92,0.0,0.0,1.0,0.92,0.07999999999999996,-1
"G[1,1](((Glucose >= 13.710 | Phosphate <= 2.961) -> PaCO2 <= 4.240) | Hct <= 2.061)
",4640520574947044.000,2.061,0.000,1.000,0.000,23,0,0,2,25,0,23,2,0.92,0.0,0.0,1.0,0.92,0.07999999999999996,1
"G[0,1](Bilirubin_total <= 0.083 | Glucose <= 114.128)
",9999999.000,9999999.000,0.000,1.000,0.000,23,0,0,2,25,0,23,2,0.92,0.0,0.0,1.0,0.92,0.07999999999999996,1
"G[0,0](Alkalinephos <= 21.851 & O2Sat >= 93.464)
",-1.425,-14.304,0.000,1.000,0.000,23,0,0,2,25,0,23,2,0.92,0.0,0.0,1.0,0.92,0.07999999999999996,1
"G[1,1](Creatinine >= 0.078 | DBP >= 45.997)
",-0.078,-0.078,0.000,1.000,0.000,23,0,0,2,25,0,23,2,0.92,0.0,0.0,1.0,0.92,0.07999999999999996,1
"G[1,1](BUN < 10.142 & SepsisLabel = 0.000)
",0.000,0.000,0.000,1.000,0.000,23,0,0,2,25,0,23,2,0.92,0.0,0.0,1.0,0.92,0.07999999999999996,1
"G[0,0]((Creatinine >= 0.094 & PaCO2 >= 7.015) -> PTT <= 20.725)
",-7.360,-19.929,0.000,1.000,0.000,23,0,0,2,25,0,23,2,0.92,0.0,0.0,1.0,0.92,0.07999999999999996,1
"G[0,1](((WBC >= 1.076 | PTT <= 33.113) -> BUN >= 1.702) -> AST <= 7.081)
",9999999.000,9999999.000,0.000,1.000,0.000,23,0,0,2,25,0,23,2,0.92,0.0,0.0,1.0,0.92,0.07999999999999996,1
"G[0,0]((EtCO2 <= 0.000 & Bilirubin_total <= 0.042) | DBP <= 0.083)
",-6.183,-23.820,0.000,1.000,0.000,23,0,0,2,25,0,23,2,0.92,0.0,0.0,1.0,0.92,0.07999999999999996,1
"((Chloride >= 5.580) U[1,1] (HR >= 62.261))
",-6282566213825567.000,-5.580,0.000,0.000,1.000,23,0,0,2,25,0,23,2,0.92,0.0,0.0,1.0,0.92,0.07999999999999996,-1
"F[0,0](((BUN <= 8.510 & BUN >= 0.185) & Calcium <= 14.042) | Temp <= 5.686)
",-0.250,-1.016,0.000,0.000,1.000,23,0,0,2,25,0,23,2,0.92,0.0,0.0,1.0,0.92,0.07999999999999996,-1
"((AST >= 0.053) U[1,1] (DBP <= 59.636))
",59.636,59.636,0.000,0.000,1.000,23,0,0,2,25,0,23,2,0.92,0.0,0.0,1.0,0.92,0.07999999999999996,-1
"F[0,1]((PTT >= 0.750 -> Resp <= 29.474) -> Alkalinephos >= 19.081)
",-9999999.000,-9999999.000,0.000,0.000,1.000,23,0,0,2,25,0,23,2,0.92,0.0,0.0,1.0,0.92,0.07999999999999996,-1
"F[0,0](BUN >= 0.498 & WBC >= 0.114)
",0.110,0.582,0.000,0.000,1.000,23,0,0,2,25,0,23,2,0.92,0.0,0.0,1.0,0.92,0.07999999999999996,-1
"F[0,0]((Bilirubin_total >= 0.015 & Potassium >= 1.064) & Phosphate <= 1.261)
",-31.224,-1.071,0.000,0.000,1.000,23,0,0,2,25,0,23,2,0.92,0.0,0.0,1.0,0.92,0.07999999999999996,-1
"F[0,1](((O2Sat <= 99.131 & Resp <= 32.799) & Phosphate <= 30.349) & PTT >= 19.738)
",-9999999.000,-9999999.000,0.000,0.000,1.000,23,0,0,2,25,0,23,2,0.92,0.0,0.0,1.0,0.92,0.07999999999999996,-1
"F[0,1]((Hgb <= 6.627 | O2Sat >= 96.002) & HR >= 95.420)
",-9999999.000,-9999999.000,0.000,0.000,1.000,22,0,0,3,25,0,22,3,0.88,0.0,0.0,1.0,0.88,0.12,-1
"F[0,1]((Hgb <= 8.926 -> Phosphate <= 4.180) -> Temp <= 4.368)
",-9999999.000,-9999999.000,0.000,0.000,1.000,22,0,0,3,25,0,22,3,0.88,0.0,0.0,1.0,0.88,0.12,-1
"((Creatinine > 0.066) U[1,2] (SepsisLabel = 0.000))
",-9999999.000,-9999999.000,0.000,0.000,1.000,22,0,0,3,25,0,22,3,0.88,0.0,0.0,1.0,0.88,0.12,-1
"F[0,0](BUN >= 0.109 & PaCO2 >= 12.485)
",-2.355,-8.659,0.000,0.000,1.000,22,0,0,3,25,0,22,3,0.88,0.0,0.0,1.0,0.88,0.12,-1
"F[0,1]((Calcium <= 6.575 & Potassium <= 4.529) & Magnesium >= 0.143)
",-9999999.000,-9999999.000,0.000,0.000,1.000,22,0,0,3,25,0,22,3,0.88,0.0,0.0,1.0,0.88,0.12,-1
"G[1,1]((PaCO2 <= 20.107 -> Temp <= 35.666) -> Temp >= 22.797)
",6416914441417340.000,22.797,0.000,1.000,0.000,22,0,0,3,25,0,22,3,0.88,0.0,0.0,1.0,0.88,0.12,1
"G[0,0](Potassium >= 0.676 -> Creatinine <= 1.077)
",-1.717,-1.117,0.000,1.000,0.000,22,0,0,3,25,0,22,3,0.88,0.0,0.0,1.0,0.88,0.12,1
"G[0,0]((AST >= 0.044 & Hgb >= 0.563) | Hct <= 4.785)
",1.060,6.613,0.000,1.000,0.000,22,0,0,3,25,0,22,3,0.88,0.0,0.0,1.0,0.88,0.12,1
"((BaseExcess <= -1.205) U[1,1] (Temp <= 35.874))
",35.874,35.874,0.000,0.000,1.000,21,0,0,4,25,0,21,4,0.84,0.0,0.0,1.0,0.84,0.16000000000000003,-1
"((Hct >= 0.812) U[1,2] (Platelets <= 316.002))
",-9999999.000,-9999999.000,0.000,0.000,1.000,21,0,0,4,25,0,21,4,0.84,0.0,0.0,1.0,0.84,0.16000000000000003,-1
"((pH >= 3.369) U[1,1] (SaO2 >= 4.666))
",-3.369,-3.369,0.000,0.000,1.000,21,0,0,4,25,0,21,4,0.84,0.0,0.0,1.0,0.84,0.16000000000000003,-1
"((FiO2 <= 0.926) U[0,0] (Hct >= 2.173))
",0.806,0.678,0.000,0.000,1.000,21,0,0,4,25,0,21,4,0.84,0.0,0.0,1.0,0.84,0.16000000000000003,-1
"((Bilirubin_total >= 0.003) U[0,1] (Temp <= 34.114))
",-9999999.000,-9999999.000,0.000,0.000,1.000,21,0,0,4,25,0,21,4,0.84,0.0,0.0,1.0,0.84,0.16000000000000003,-1
"((PTT >= 0.147) U[1,2] (Lactate <= 1.261))
",-9999999.000,-9999999.000,0.000,0.000,1.000,21,0,0,4,25,0,21,4,0.84,0.0,0.0,1.0,0.84,0.16000000000000003,-1
"G[0,0](HR <= 90.844 & PTT <= 18.600)
",-2081.156,-2081.156,0.000,1.000,0.000,21,0,0,4,25,0,21,4,0.84,0.0,0.0,1.0,0.84,0.16000000000000003,1
"G[0,0](((FiO2 <= 0.960 & HCO3 <= 18.863) -> Phosphate <= 21.021) & Platelets <= 17.740)
",-31.961,-20.829,0.000,1.000,0.000,21,0,0,4,25,0,21,4,0.84,0.0,0.0,1.0,0.84,0.16000000000000003,1
"G[0,1]((Chloride <= 28.267 | Creatinine <= 0.357) & Magnesium <= 1.496)
",9999999.000,9999999.000,0.000,1.000,0.000,20,0,0,5,25,0,20,5,0.8,0.0,0.0,1.0,0.8,0.19999999999999996,1
"G[0,1](Chloride <= 19.311 & O2Sat >= 94.574)
",9999999.000,9999999.000,0.000,1.000,0.000,20,0,0,5,25,0,20,5,0.8,0.0,0.0,1.0,0.8,0.19999999999999996,1
"G[0,1]((O2Sat >= 97.688 -> PTT >= 1.815) | SaO2 <= 37.386)
",9999999.000,9999999.000,0.000,1.000,0.000,19,0,0,6,25,0,19,6,0.76,0.0,0.0,1.0,0.76,0.24,1
"G[0,0](FiO2 <= 0.612 & Potassium <= 4.030)
",-0.187,-1.068,0.000,1.000,0.000,19,0,0,6,25,0,19,6,0.76,0.0,0.0,1.0,0.76,0.24,1
"G[1,1](BUN >= 0.106 | MAP <= 75.193)
",5291234989409508.000,75.193,0.000,1.000,0.000,19,0,0,6,25,0,19,6,0.76,0.0,0.0,1.0,0.76,0.24,1
"F[0,1](BUN <= 15.900 -> Platelets >= 10.327)
",-9999999.000,-9999999.000,0.000,0.000,1.000,19,0,0,6,25,0,19,6,0.76,0.0,0.0,1.0,0.76,0.24,-1
"F[0,1](((HCO3 <= 3.962 -> MAP <= 78.647) & Hgb <= 77.589) -> AST >= 63.263)
",-9999999.000,-9999999.000,0.000,0.000,1.000,18,0,0,7,25,0,18,7,0.72,0.0,0.0,1.0,0.72,0.28,-1
"F[0,0](((Platelets <= 160.383 & Resp >= 21.203) & Creatinine <= 28.966) -> Creatinine >= 14.014)
",-1.849,-33.594,0.000,0.000,1.000,18,0,0,7,25,0,18,7,0.72,0.0,0.0,1.0,0.72,0.28,-1
"F[1,1]((BaseExcess <= -0.788 -> SaO2 <= 66.741) -> AST >= 29.094)
",29.094,29.094,0.000,0.000,1.000,18,0,0,7,25,0,18,7,0.72,0.0,0.0,1.0,0.72,0.28,-1
"((Chloride >= 2.963) U[1,2] (MAP >= 65.877))
",-9999999.000,-9999999.000,0.000,0.000,1.000,18,0,0,7,25,0,18,7,0.72,0.0,0.0,1.0,0.72,0.28,-1
"G[0,1](Lactate >= 0.226 -> Phosphate >= 0.025)
",9999999.000,9999999.000,0.000,1.000,0.000,18,0,0,7,25,0,18,7,0.72,0.0,0.0,1.0,0.72,0.28,1
"((DBP <= 60.539) U[1,1] (SBP >= 113.451))
",60.539,60.539,0.000,0.000,1.000,17,0,0,8,25,0,17,8,0.68,0.0,0.0,1.0,0.68,0.31999999999999995,-1
"G[1,1](((FiO2 >= 0.163 & Potassium >= 0.114) | pH >= 0.691) -> Glucose <= 4.431)
",-4.431,-4.431,0.000,1.000,0.000,16,0,0,9,25,0,16,9,0.64,0.0,0.0,1.0,0.64,0.36,1
"((BaseExcess < -1.133) U[1,1] (SepsisLabel = 0.000))
",0.000,0.000,0.000,0.000,1.000,15,0,0,10,25,0,15,10,0.6,0.0,0.0,1.0,0.6,0.4,-1
"F[1,1](Temp >= 21.995 & PaCO2 >= 10.692)
",-6191126135427249.000,-21.995,0.000,0.000,1.000,15,0,0,10,25,0,15,10,0.6,0.0,0.0,1.0,0.6,0.4,-1
"G[1,1]((AST <= 20.500 & WBC <= 21.062) & Resp <= 25.420)
",20.500,20.500,0.000,1.000,0.000,14,0,0,11,25,0,14,11,0.56,0.0,0.0,1.0,0.56,0.43999999999999995,1
"F[0,0](Lactate <= 3.217 -> pH >= 2.268)
",-0.184,-0.485,0.000,0.000,1.000,13,0,0,12,25,0,13,12,0.52,0.0,0.0,1.0,0.52,0.48,-1
"((BaseExcess <= -0.866) U[1,2] (HR >= 67.223))
",-9999999.000,-9999999.000,0.000,0.000,1.000,13,0,0,12,25,0,13,12,0.52,0.0,0.0,1.0,0.52,0.48,-1
"F[1,1](HCO3 >= 1.202 | pH >= 2.170)
",-1.202,-1.202,0.000,0.000,1.000,13,0,0,12,25,0,13,12,0.52,0.0,0.0,1.0,0.52,0.48,-1
"F[1,1](((FiO2 >= 0.029 | Hgb <= 7.902) | Hgb <= 0.979) -> PaCO2 <= 6.740)
",-7.902,-7.902,0.000,0.000,1.000,12,0,0,13,25,0,12,13,0.48,0.0,0.0,1.0,0.48,0.52,-1
"G[1,1](((Bilirubin_total <= 0.373 | pH <= 4.506) | Phosphate >= 1.776) -> PaCO2 >= 2.245)
",-4.506,-4.506,0.000,1.000,0.000,12,0,0,13,25,0,12,13,0.48,0.0,0.0,1.0,0.48,0.52,1
"((BUN <= 11.834) U[0,1] (O2Sat <= 97.929))
",-9999999.000,-9999999.000,0.000,0.000,1.000,11,0,0,14,25,0,11,14,0.44,0.0,0.0,1.0,0.44,0.56,-1
"F[1,1]((PaCO2 >= 15.381 & Resp <= 28.410) -> SepsisLabel >= 21.145)
",15.381,15.381,0.000,0.000,1.000,11,0,0,14,25,0,11,14,0.44,0.0,0.0,1.0,0.44,0.56,-1
"G[0,1](((Hct <= 5.780 -> MAP >= 70.487) -> PaCO2 >= 70.428) -> PTT >= 69.780)
",9999999.000,9999999.000,0.000,1.000,0.000,11,0,0,14,25,0,11,14,0.44,0.0,0.0,1.0,0.44,0.56,1
"G[0,1]((HR >= 71.089 & SBP <= 123.344) & Magnesium <= 121.916)
",9999999.000,9999999.000,0.000,1.000,0.000,10,0,0,15,25,0,10,15,0.4,0.0,0.0,1.0,0.4,0.6,1
"((HR < 81.672) U[1,2] (SepsisLabel = 0.000))
",-9999999.000,-9999999.000,0.000,0.000,1.000,10,0,0,15,25,0,10,15,0.4,0.0,0.0,1.0,0.4,0.6,-1
"F[0,1](Glucose >= 26.444 | Hgb >= 0.722)
",-9999999.000,-9999999.000,0.000,0.000,1.000,10,0,0,15,25,0,10,15,0.4,0.0,0.0,1.0,0.4,0.6,-1
"((MAP >= 71.901) U[1,2] (SBP <= 127.859))
",-9999999.000,-9999999.000,0.000,0.000,1.000,10,0,0,15,25,0,10,15,0.4,0.0,0.0,1.0,0.4,0.6,-1
"((MAP >= 72.562) U[0,0] (SBP <= 123.898))
",12.341,88.912,0.000,0.000,1.000,9,0,0,16,25,0,9,16,0.36,0.0,0.0,1.0,0.36,0.64,-1
"((Alkalinephos >= 1.105) U[1,2] (BaseExcess <= -0.631))
",-9999999.000,-9999999.000,0.000,0.000,1.000,9,0,0,16,25,0,9,16,0.36,0.0,0.0,1.0,0.36,0.64,-1
"F[1,1](((Creatinine <= 0.523 | Potassium >= 0.879) & TroponinI <= 1.981) -> SaO2 <= 3.560)
",-8017088150164887.000,-3.560,0.000,0.000,1.000,9,0,0,16,25,0,9,16,0.36,0.0,0.0,1.0,0.36,0.64,-1
"((SBP < 124.147) U[1,2] (SepsisLabel = 0.000))
",-9999999.000,-9999999.000,0.000,0.000,1.000,9,0,0,16,25,0,9,16,0.36,0.0,0.0,1.0,0.36,0.64,-1
"F[0,0](((Calcium < 3.867 & Potassium < 2.543) & Magnesium < 1.370) & Phosphate < 2.091)
",-0.072,-0.463,0.000,0.000,1.000,8,0,0,17,25,0,8,17,0.32,0.0,0.0,1.0,0.32,0.6799999999999999,-1
"((MAP >= 69.611) U[1,1] (SBP <= 131.983))
",131.983,131.983,0.000,0.000,1.000,8,0,0,17,25,0,8,17,0.32,0.0,0.0,1.0,0.32,0.6799999999999999,-1
"((BaseExcess <= -1.540) U[0,1] (PaCO2 >= 16.158))
",-9999999.000,-9999999.000,0.000,0.000,1.000,8,0,0,17,25,0,8,17,0.32,0.0,0.0,1.0,0.32,0.6799999999999999,-1
"F[0,0](((Calcium < 6.562 & Potassium < 3.081) & Magnesium < 0.460) & Phosphate < 3.865)
",-0.205,-1.171,0.000,0.000,1.000,8,0,0,17,25,0,8,17,0.32,0.0,0.0,1.0,0.32,0.6799999999999999,-1
"F[0,0](((Calcium < 3.086 & Potassium < 2.988) & Magnesium < 0.315) & Phosphate < 4.029)
",-0.228,-1.448,0.000,0.000,1.000,8,0,0,17,25,0,8,17,0.32,0.0,0.0,1.0,0.32,0.6799999999999999,-1
"((Platelets <= 238.023) U[1,1] (Potassium <= 2.530))
",8374691874809533.000,238.023,0.000,0.000,1.000,7,0,0,18,25,0,7,18,0.28,0.0,0.0,1.0,0.28,0.72,-1
"G[0,1]((DBP <= 62.851 & HR <= 85.578) -> Lactate >= 80.268)
",9999999.000,9999999.000,0.000,1.000,0.000,7,0,0,18,25,0,7,18,0.28,0.0,0.0,1.0,0.28,0.72,1
"G[0,0](((BaseExcess <= -0.328 -> Chloride >= 1.098) -> Alkalinephos >= 3.951) & SaO2 >= 1.278)
",-0.483,-2.082,0.000,1.000,0.000,7,0,0,18,25,0,7,18,0.28,0.0,0.0,1.0,0.28,0.72,1
"G[0,0]((pH <= 5.100 & O2Sat <= 98.976) & Creatinine <= 98.793)
",0.837,3.485,0.000,1.000,0.000,7,0,0,18,25,0,7,18,0.28,0.0,0.0,1.0,0.28,0.72,1
"G[0,1](pH >= 3.262 & SepsisLabel = 0.000)
",9999999.000,9999999.000,0.000,1.000,0.000,7,0,0,18,25,0,7,18,0.28,0.0,0.0,1.0,0.28,0.72,1
"F[0,1]((BaseExcess <= -0.774 | Phosphate >= 0.063) | SaO2 >= 0.035)
",-9999999.000,-9999999.000,0.000,0.000,1.000,7,0,0,18,25,0,7,18,0.28,0.0,0.0,1.0,0.28,0.72,-1
"F[1,1]((Hct <= 3.855 -> O2Sat >= 96.009) & Potassium <= 99.056)
",-3.855,-3.855,0.000,0.000,1.000,7,0,0,18,25,0,7,18,0.28,0.0,0.0,1.0,0.28,0.72,-1
"((Hgb >= 0.667) U[0,1] (pH <= 6.682))
",-9999999.000,-9999999.000,0.000,0.000,1.000,7,0,0,18,25,0,7,18,0.28,0.0,0.0,1.0,0.28,0.72,-1
"F[1,1](HR <= 99.106 & O2Sat <= 99.324)
",99.106,99.106,0.000,0.000,1.000,7,0,0,18,25,0,7,18,0.28,0.0,0.0,1.0,0.28,0.72,-1
"G[0,1]((Magnesium >= 0.031 -> PTT >= 1.356) & pH >= 0.998)
",9999999.000,9999999.000,0.000,1.000,0.000,6,0,0,19,25,0,6,19,0.24,0.0,0.0,1.0,0.24,0.76,1
"F[1,1](O2Sat <= 99.073 & O2Sat <= 99.191)
",99.073,99.073,0.000,0.000,1.000,6,0,0,19,25,0,6,19,0.24,0.0,0.0,1.0,0.24,0.76,-1
"F[0,1]((Glucose <= 186.833 -> O2Sat >= 95.751) -> Glucose <= 99.052)
",-9999999.000,-9999999.000,0.000,0.000,1.000,6,0,0,19,25,0,6,19,0.24,0.0,0.0,1.0,0.24,0.76,-1
"((Alkalinephos <= 16.996) U[1,1] (Temp >= 32.375))
",16.996,16.996,0.000,0.000,1.000,5,0,0,20,25,0,5,20,0.2,0.0,0.0,1.0,0.2,0.8,-1
"F[0,1]((Hct >= 1.213 & Lactate >= 0.022) | Glucose <= 2.689)
",-9999999.000,-9999999.000,0.000,0.000,1.000,5,0,0,20,25,0,5,20,0.2,0.0,0.0,1.0,0.2,0.8,-1
"G[0,0]((Calcium >= 0.166 | Phosphate <= 3.793) -> Lactate >= 0.087)
",-1.002,-80.156,0.000,1.000,0.000,5,0,0,20,25,0,5,20,0.2,0.0,0.0,1.0,0.2,0.8,1
"G[0,0](((BaseExcess >= -8.939 -> Resp <= 30.539) -> Platelets >= 12.049) & MAP >= 21.277)
",8.939,8.939,0.000,1.000,0.000,5,0,0,20,25,0,5,20,0.2,0.0,0.0,1.0,0.2,0.8,1
"G[0,1](DBP >= 46.646 & Temp <= 35.669)
",9999999.000,9999999.000,0.000,1.000,0.000,4,0,0,21,25,0,4,21,0.16,0.0,0.0,1.0,0.16,0.84,1
"G[0,1](HCO3 <= 12.163 & PaCO2 >= 3.757)
",9999999.000,9999999.000,0.000,1.000,0.000,4,0,0,21,25,0,4,21,0.16,0.0,0.0,1.0,0.16,0.84,1
"F[0,1]((MAP <= 74.608 & Resp <= 25.347) -> Phosphate >= 13.613)
",-9999999.000,-9999999.000,0.000,0.000,1.000,4,0,0,21,25,0,4,21,0.16,0.0,0.0,1.0,0.16,0.84,-1
"F[1,1](FiO2 >= 0.053 | SaO2 <= 39.244)
",39.244,39.244,0.000,0.000,1.000,4,0,0,21,25,0,4,21,0.16,0.0,0.0,1.0,0.16,0.84,-1
"((BUN <= 11.730) U[0,1] (DBP >= 51.540))
",-9999999.000,-9999999.000,0.000,0.000,1.000,4,0,0,21,25,0,4,21,0.16,0.0,0.0,1.0,0.16,0.84,-1
"F[0,0](((Calcium < 5.779 & Potassium < 4.350) & Magnesium < 2.217) & Phosphate < 2.899)
",0.075,0.465,0.000,0.000,1.000,4,0,0,21,25,0,4,21,0.16,0.0,0.0,1.0,0.16,0.84,-1
"((Glucose >= 54.535) U[0,1] (MAP <= 74.979))
",-9999999.000,-9999999.000,0.000,0.000,1.000,4,0,0,21,25,0,4,21,0.16,0.0,0.0,1.0,0.16,0.84,-1
"F[0,0](Glucose <= 121.607 | Lactate <= 0.869)
",8557325697975425.000,121.607,0.000,0.000,1.000,4,0,0,21,25,0,4,21,0.16,0.0,0.0,1.0,0.16,0.84,-1
"F[0,1](DBP <= 81.640 -> MAP <= 75.345)
",-9999999.000,-9999999.000,0.000,0.000,1.000,4,0,0,21,25,0,4,21,0.16,0.0,0.0,1.0,0.16,0.84,-1
"F[1,1](((Calcium < 0.499 & Potassium < 4.299) & Magnesium < 1.972) & Phosphate < 1.611)
",0.499,0.499,0.000,0.000,1.000,4,0,0,21,25,0,4,21,0.16,0.0,0.0,1.0,0.16,0.84,-1
"((Calcium <= 5.859) U[0,1] (SaO2 <= 56.185))
",-9999999.000,-9999999.000,0.000,0.000,1.000,4,0,0,21,25,0,4,21,0.16,0.0,0.0,1.0,0.16,0.84,-1
"G[0,0](((AST >= 1.043 -> FiO2 <= 0.550) & BUN <= 0.890) -> AST >= 0.110)
",-0.798,-35.050,0.000,1.000,0.000,3,0,0,22,25,0,3,22,0.12,0.0,0.0,1.0,0.12,0.88,1
"G[0,0](((Hct >= 0.243 | Magnesium <= 2.482) | Hgb <= 0.706) & BUN >= 0.095)
",-0.810,-0.076,0.000,1.000,0.000,3,0,0,22,25,0,3,22,0.12,0.0,0.0,1.0,0.12,0.88,1
"G[0,0](((Hgb <= 4.774 | Hct <= 9.310) -> WBC >= 0.959) & Platelets >= 3.296)
",-1.521,-11.548,0.000,1.000,0.000,3,0,0,22,25,0,3,22,0.12,0.0,0.0,1.0,0.12,0.88,1
"G[0,0]((Bilirubin_total >= 0.015 -> SaO2 >= 9.463) -> Magnesium >= 1.603)
",0.283,0.342,0.000,1.000,0.000,3,0,0,22,25,0,3,22,0.12,0.0,0.0,1.0,0.12,0.88,1
"F[0,1]((Chloride <= 45.051 -> HCO3 >= 0.116) | SaO2 <= 3.730)
",-9999999.000,-9999999.000,0.000,0.000,1.000,3,0,0,22,25,0,3,22,0.12,0.0,0.0,1.0,0.12,0.88,-1
"((MAP >= 62.261) U[1,1] (SBP <= 130.895))
",130.895,130.895,0.000,0.000,1.000,3,0,0,22,25,0,3,22,0.12,0.0,0.0,1.0,0.12,0.88,-1
"F[0,0](Hgb <= 2.203 | Hct <= 5.451)
",5.451,5.451,0.000,0.000,1.000,3,0,0,22,25,0,3,22,0.12,0.0,0.0,1.0,0.12,0.88,-1
"((HR <= 93.989) U[1,1] (Resp <= 32.420))
",93.989,93.989,0.000,0.000,1.000,3,0,0,22,25,0,3,22,0.12,0.0,0.0,1.0,0.12,0.88,-1
"((AST >= 0.832) U[0,0] (Creatinine <= 1.032))
",0.823,35.446,0.000,0.000,1.000,3,0,0,22,25,0,3,22,0.12,0.0,0.0,1.0,0.12,0.88,-1
"F[0,1]((Calcium <= 6.525 & PaCO2 <= 33.044) -> Glucose <= 40.345)
",-9999999.000,-9999999.000,0.000,0.000,1.000,3,0,0,22,25,0,3,22,0.12,0.0,0.0,1.0,0.12,0.88,-1
"F[0,0](Lactate <= 3.740 & Potassium <= 4.848)
",-0.913,-74.640,0.000,0.000,1.000,3,0,0,22,25,0,3,22,0.12,0.0,0.0,1.0,0.12,0.88,-1
"G[0,0](Platelets <= 320.179 -> WBC >= 0.105)
",-320.179,-320.179,0.000,1.000,0.000,3,0,0,22,25,0,3,22,0.12,0.0,0.0,1.0,0.12,0.88,1
"G[0,1]((Alkalinephos >= 0.459 -> WBC >= 0.020) & Temp <= 29.952)
",9999999.000,9999999.000,0.000,1.000,0.000,2,0,0,23,25,0,2,23,0.08,0.0,0.0,1.0,0.08,0.92,1
"G[0,1]((O2Sat >= 97.332 & pH <= 5.333) | SepsisLabel >= 2.172)
",9999999.000,9999999.000,0.000,1.000,0.000,2,0,0,23,25,0,2,23,0.08,0.0,0.0,1.0,0.08,0.92,1
"G[0,1]((FiO2 <= 0.329 -> O2Sat >= 96.409) -> WBC >= 97.644)
",9999999.000,9999999.000,0.000,1.000,0.000,2,0,0,23,25,0,2,23,0.08,0.0,0.0,1.0,0.08,0.92,1
"G[1,1]((BaseExcess >= -4.550 & Lactate >= 0.071) & Fibrinogen <= 2.752)
",-0.071,-0.071,0.000,1.000,0.000,2,0,0,23,25,0,2,23,0.08,0.0,0.0,1.0,0.08,0.92,1
"G[1,1](((BaseExcess >= -8.087 -> BaseExcess >= -3.337) | Resp <= -0.299) -> SepsisLabel <= -0.060)
",0.060,0.060,0.000,1.000,0.000,2,0,0,23,25,0,2,23,0.08,0.0,0.0,1.0,0.08,0.92,1
"G[0,0](Chloride >= 5.421 & HCO3 >= 0.137)
",-3.418,-5.644,0.000,1.000,0.000,2,0,0,23,25,0,2,23,0.08,0.0,0.0,1.0,0.08,0.92,1
"G[0,0](((Hct <= 12.171 | FiO2 <= 0.910) -> Bilirubin_total >= 0.090) & Hct >= 0.104)
",-12.171,-12.171,0.000,1.000,0.000,2,0,0,23,25,0,2,23,0.08,0.0,0.0,1.0,0.08,0.92,1
"G[0,0](Chloride >= 1.094 & Lactate <= 4.309)
",-0.967,-76.665,0.000,1.000,0.000,2,0,0,23,25,0,2,23,0.08,0.0,0.0,1.0,0.08,0.92,1
"F[1,1]((BUN >= 1.355 & O2Sat <= 98.894) -> Creatinine >= 94.828)
",6101398951717924.000,1.355,0.000,0.000,1.000,2,0,0,23,25,0,2,23,0.08,0.0,0.0,1.0,0.08,0.92,-1
"G[0,0](Chloride >= 2.767 & HCO3 >= 0.203)
",-1.650,-3.627,0.000,1.000,0.000,2,0,0,23,25,0,2,23,0.08,0.0,0.0,1.0,0.08,0.92,1
"G[0,0](Chloride >= 2.092 & BUN >= 1.541)
",-19.165,-2.070,0.000,1.000,0.000,2,0,0,23,25,0,2,23,0.08,0.0,0.0,1.0,0.08,0.92,1
"F[0,1](HR <= 89.691 -> MAP <= 79.413)
",-9999999.000,-9999999.000,0.000,0.000,1.000,2,0,0,23,25,0,2,23,0.08,0.0,0.0,1.0,0.08,0.92,-1
"((DBP >= 46.521) U[1,2] (HCO3 <= 9.162))
",-9999999.000,-9999999.000,0.000,0.000,1.000,2,0,0,23,25,0,2,23,0.08,0.0,0.0,1.0,0.08,0.92,-1
"((MAP >= 64.624) U[1,2] (SBP <= 117.911))
",-9999999.000,-9999999.000,0.000,0.000,1.000,2,0,0,23,25,0,2,23,0.08,0.0,0.0,1.0,0.08,0.92,-1
"F[0,1]((Bilirubin_total <= 0.562 -> BUN <= 3.029) -> Temp >= 0.833)
",-9999999.000,-9999999.000,0.000,0.000,1.000,2,0,0,23,25,0,2,23,0.08,0.0,0.0,1.0,0.08,0.92,-1
"F[1,1](((Magnesium >= 0.068 & SaO2 >= 12.335) & Resp <= 55.661) -> TroponinI >= 29.784)
",6943801751477148.000,12.335,0.000,0.000,1.000,2,0,0,23,25,0,2,23,0.08,0.0,0.0,1.0,0.08,0.92,-1
"((BUN <= 18.274) U[0,0] (Temp >= 17.241))
",45.173,80.879,0.000,0.000,1.000,2,0,0,23,25,0,2,23,0.08,0.0,0.0,1.0,0.08,0.92,-1
"((AST <= 9.640) U[1,2] (Calcium <= 0.385))
",-9999999.000,-9999999.000,0.000,0.000,1.000,2,0,0,23,25,0,2,23,0.08,0.0,0.0,1.0,0.08,0.92,-1
"((Lactate >= 0.155) U[0,1] (SBP >= 106.432))
",-9999999.000,-9999999.000,0.000,0.000,1.000,2,0,0,23,25,0,2,23,0.08,0.0,0.0,1.0,0.08,0.92,-1
"F[1,1]((Potassium >= 1.053 -> Temp >= 10.010) & Alkalinephos <= 34.210)
",1.053,1.053,0.000,0.000,1.000,2,0,0,23,25,0,2,23,0.08,0.0,0.0,1.0,0.08,0.92,-1
"G[0,1](Glucose <= 149.658 & Temp <= 34.848)
",9999999.000,9999999.000,0.000,1.000,0.000,1,0,0,24,25,0,1,24,0.04,0.0,0.0,1.0,0.04,0.96,1
"G[0,1]((Potassium >= 0.475 & SaO2 <= 92.816) & Bilirubin_direct <= 65.146)
",9999999.000,9999999.000,0.000,1.000,0.000,1,0,0,24,25,0,1,24,0.04,0.0,0.0,1.0,0.04,0.96,1
"((Phosphate <= 3.247) U[1,1] (Platelets <= 77.959))
",5485900854427340.000,77.959,0.000,0.000,1.000,1,0,0,24,25,0,1,24,0.04,0.0,0.0,1.0,0.04,0.96,-1
"F[1,1](Hgb <= 4.935 | Hct <= 4.627)
",4.935,4.935,0.000,0.000,1.000,1,0,0,24,25,0,1,24,0.04,0.0,0.0,1.0,0.04,0.96,-1
"((Bilirubin_total >= 0.002) U[1,2] (Platelets >= 18.464))
",-9999999.000,-9999999.000,0.000,0.000,1.000,1,0,0,24,25,0,1,24,0.04,0.0,0.0,1.0,0.04,0.96,-1
"F[1,1]((Phosphate >= 0.089 & Magnesium > 0.032) -> Calcium < 6.665)
",-7503653101721772.000,-6.665,0.000,0.000,1.000,1,0,0,24,25,0,1,24,0.04,0.0,0.0,1.0,0.04,0.96,-1
"F[1,1](HCO3 <= 12.289 -> Creatinine <= 0.366)
",-6918147082333953.000,-12.289,0.000,0.000,1.000,1,0,0,24,25,0,1,24,0.04,0.0,0.0,1.0,0.04,0.96,-1
"((Alkalinephos <= 7.058) U[1,2] (HR >= 71.904))
",-9999999.000,-9999999.000,0.000,0.000,1.000,1,0,0,24,25,0,1,24,0.04,0.0,0.0,1.0,0.04,0.96,-1
"((AST <= 17.804) U[0,1] (MAP <= 80.182))
",-9999999.000,-9999999.000,0.000,0.000,1.000,1,0,0,24,25,0,1,24,0.04,0.0,0.0,1.0,0.04,0.96,-1
"F[0,1](((Alkalinephos >= 1.234 | Resp <= 30.960) -> Temp >= 21.700) & O2Sat >= 14.818)
",-9999999.000,-9999999.000,0.000,0.000,1.000,1,0,0,24,25,0,1,24,0.04,0.0,0.0,1.0,0.04,0.96,-1
"F[0,1](((Potassium >= 0.394 & Resp >= 21.068) & Fibrinogen <= 27.639) -> BaseExcess >= 13.988)
",-9999999.000,-9999999.000,0.000,0.000,1.000,1,0,0,24,25,0,1,24,0.04,0.0,0.0,1.0,0.04,0.96,-1
"F[0,0](MAP <= 75.161 | Temp >= 20.272)
",43.480,77.848,0.000,0.000,1.000,1,0,0,24,25,0,1,24,0.04,0.0,0.0,1.0,0.04,0.96,-1
"((Resp > 14.262) U[1,2] (SepsisLabel = 0.000))
",-9999999.000,-9999999.000,0.000,0.000,1.000,1,0,0,24,25,0,1,24,0.04,0.0,0.0,1.0,0.04,0.96,-1
"F[0,0](Alkalinephos < 32.740 & SepsisLabel = 0.000)
",-0.295,-18.360,0.000,0.000,1.000,1,0,0,24,25,0,1,24,0.04,0.0,0.0,1.0,0.04,0.96,-1
"F[0,0]((Hct <= 9.224 & Phosphate <= 1.907) | Hgb >= 0.074)
",0.560,4.005,0.000,0.000,1.000,1,0,0,24,25,0,1,24,0.04,0.0,0.0,1.0,0.04,0.96,-1
"F[1,1](Hgb <= 8.341 | Hct <= 7.304)
",8.341,8.341,0.000,0.000,1.000,1,0,0,24,25,0,1,24,0.04,0.0,0.0,1.0,0.04,0.96,-1
"F[1,1]((BUN <= 13.229 -> HCO3 >= 0.451) | Hct <= 10.954)
",6166620906825924.000,10.954,0.000,0.000,1.000,1,0,0,24,25,0,1,24,0.04,0.0,0.0,1.0,0.04,0.96,-1
"G[1,1](Platelets <= 231.305 -> WBC >= 1.088)
",-231.305,-231.305,0.000,1.000,0.000,1,0,0,24,25,0,1,24,0.04,0.0,0.0,1.0,0.04,0.96,1
"G[1,1](((Hgb <= 6.579 | Hct <= 16.798) -> WBC >= 0.523) & Platelets >= 18.548)
",-18.548,-18.548,0.000,1.000,0.000,1,0,0,24,25,0,1,24,0.04,0.0,0.0,1.0,0.04,0.96,1
"G[1,1](Chloride >= 0.457 & HCO3 >= 0.635)
",-0.635,-0.635,0.000,1.000,0.000,1,0,0,24,25,0,1,24,0.04,0.0,0.0,1.0,0.04,0.96,1
"G[1,1](((Hgb <= 6.503 | Hct <= 4.922) -> WBC >= 0.472) & Platelets >= 0.365)
",-7321937594196067.000,-6.503,0.000,1.000,0.000,1,0,0,24,25,0,1,24,0.04,0.0,0.0,1.0,0.04,0.96,1
"G[1,1](Chloride >= 2.512 & Glucose >= 25.350)
",-25.350,-25.350,0.000,1.000,0.000,1,0,0,24,25,0,1,24,0.04,0.0,0.0,1.0,0.04,0.96,1
"G[0,0]((AST >= 0.138 & HCO3 >= 0.304) & AST >= 0.743)
",-0.866,-2.458,0.000,1.000,0.000,1,0,0,24,25,0,1,24,0.04,0.0,0.0,1.0,0.04,0.96,1
"G[1,2](((Creatinine <= 1.454 | Hct <= 20.461) | MAP >= 2.839) | EtCO2 >= 3.271)
",9999999.000,9999999.000,0.000,1.000,0.000,0,0,25,0,0,25,25,0,0.0,0.0,1.0,0.0,0.0,1.0,1
"F[0,1]((Phosphate >= 0.047 & Magnesium > 0.053) -> Calcium < 6.090)
",-9999999.000,-9999999.000,0.000,0.000,1.000,0,0,0,25,25,0,0,25,0.0,0.0,0.0,0.0,0.0,1.0,-1
"F[1,2]((Phosphate >= 0.070 & Magnesium > 0.089) -> Calcium < 3.719)
",-9999999.000,-9999999.000,0.000,0.000,1.000,0,0,0,25,25,0,0,25,0.0,0.0,0.0,0.0,0.0,1.0,-1
"F[0,2]((HCO3 <= 17.049 | Lactate <= 1.507) & SepsisLabel >= 0.442)
",-9999999.000,-9999999.000,0.000,0.000,1.000,0,0,0,25,25,0,0,25,0.0,0.0,0.0,0.0,0.0,1.0,-1
"((MAP >= 64.180) U[0,2] (SBP <= 125.323))
",-9999999.000,-9999999.000,0.000,0.000,1.000,0,0,0,25,25,0,0,25,0.0,0.0,0.0,0.0,0.0,1.0,-1
"((SaO2 >= 9.005) U[0,2] (SBP >= 107.846))
",-9999999.000,-9999999.000,0.000,0.000,1.000,0,0,0,25,25,0,0,25,0.0,0.0,0.0,0.0,0.0,1.0,-1
"F[0,2](Hgb <= 6.051 | Hct <= 26.535)
",-9999999.000,-9999999.000,0.000,0.000,1.000,0,0,0,25,25,0,0,25,0.0,0.0,0.0,0.0,0.0,1.0,-1
"F[0,2]((BUN <= 6.032 & SaO2 <= 89.754) -> Resp >= 12.255)
",-9999999.000,-9999999.000,0.000,0.000,1.000,0,0,0,25,25,0,0,25,0.0,0.0,0.0,0.0,0.0,1.0,-1
"F[1,2]((Calcium <= 4.619 & Potassium <= 1.563) & Magnesium >= 0.111)
",-9999999.000,-9999999.000,0.000,0.000,1.000,0,0,0,25,25,0,0,25,0.0,0.0,0.0,0.0,0.0,1.0,-1
"F[1,2](((Bilirubin_total >= 0.021 -> SepsisLabel <= 0.000) | Hct >= 0.000) -> Magnesium <= 0.000)
",-9999999.000,-9999999.000,0.000,0.000,1.000,0,0,0,25,25,0,0,25,0.0,0.0,0.0,0.0,0.0,1.0,-1
"F[0,2]((Phosphate >= 0.025 & Resp <= 32.433) -> Calcium >= 22.896)
",-9999999.000,-9999999.000,0.000,0.000,1.000,0,0,0,25,25,0,0,25,0.0,0.0,0.0,0.0,0.0,1.0,-1
"F[1,2](((Calcium < 2.543 & Potassium < 2.621) & Magnesium < 2.458) & Phosphate < 4.380)
",-9999999.000,-9999999.000,0.000,0.000,1.000,0,0,0,25,25,0,0,25,0.0,0.0,0.0,0.0,0.0,1.0,-1
"F[1,1]((Alkalinephos <= 20.961 | SaO2 <= 90.412) | FiO2 <= 63.924)
",90.412,90.412,0.000,0.000,1.000,0,0,0,25,25,0,0,25,0.0,0.0,0.0,0.0,0.0,1.0,-1
"((Resp >= 16.398) U[0,2] (SBP <= 125.144))
",-9999999.000,-9999999.000,0.000,0.000,1.000,0,0,0,25,25,0,0,25,0.0,0.0,0.0,0.0,0.0,1.0,-1
"F[0,2]((Hct <= 7.726 | SBP <= 134.847) -> SepsisLabel >= 102.396)
",-9999999.000,-9999999.000,0.000,0.000,1.000,0,0,0,25,25,0,0,25,0.0,0.0,0.0,0.0,0.0,1.0,-1
"((MAP >= 69.433) U[0,2] (SBP <= 126.302))
",-9999999.000,-9999999.000,0.000,0.000,1.000,0,0,0,25,25,0,0,25,0.0,0.0,0.0,0.0,0.0,1.0,-1
"F[0,0](((Temp >= 2.693 & Resp <= 27.580) & TroponinI >= 20.122) -> O2Sat >= 22.482)
",-5.647,-56.678,0.000,0.000,1.000,0,0,0,25,25,0,0,25,0.0,0.0,0.0,0.0,0.0,1.0,-1
"F[1,2](((AST >= 0.292 | Temp >= 11.629) & O2Sat >= 10.704) & pH <= 35.151)
",-9999999.000,-9999999.000,0.000,0.000,1.000,0,0,0,25,25,0,0,25,0.0,0.0,0.0,0.0,0.0,1.0,-1
"F[0,2]((Lactate >= 0.144 & PTT <= 14.872) -> Bilirubin_total <= 39.175)
",-9999999.000,-9999999.000,0.000,0.000,1.000,0,0,0,25,25,0,0,25,0.0,0.0,0.0,0.0,0.0,1.0,-1
"F[1,2](DBP >= 51.313 -> pH <= 5.811)
",-9999999.000,-9999999.000,0.000,0.000,1.000,0,0,0,25,25,0,0,25,0.0,0.0,0.0,0.0,0.0,1.0,-1
"((BaseExcess >= -3.467) U[0,2] (HCO3 >= 0.660))
",-9999999.000,-9999999.000,0.000,0.000,1.000,0,0,0,25,25,0,0,25,0.0,0.0,0.0,0.0,0.0,1.0,-1
"F[0,2]((SaO2 >= 13.881 -> Temp <= 37.587) & WBC <= 38.682)
",-9999999.000,-9999999.000,0.000,0.000,1.000,0,0,0,25,25,0,0,25,0.0,0.0,0.0,0.0,0.0,1.0,-1
"F[1,2](Hgb <= 9.710 | Hct <= 7.315)
",-9999999.000,-9999999.000,0.000,0.000,1.000,0,0,0,25,25,0,0,25,0.0,0.0,0.0,0.0,0.0,1.0,-1
"((BaseExcess >= -3.135) U[0,1] (Magnesium <= 2.472))
",-9999999.000,-9999999.000,0.000,0.000,1.000,0,0,0,25,25,0,0,25,0.0,0.0,0.0,0.0,0.0,1.0,-1
"F[0,1](((Alkalinephos <= 7.291 -> DBP >= 52.062) | Chloride >= 47.198) -> Potassium <= 86.707)
",-9999999.000,-9999999.000,0.000,0.000,1.000,0,0,0,25,25,0,0,25,0.0,0.0,0.0,0.0,0.0,1.0,-1
"F[0,2]((FiO2 <= 0.255 & Calcium >= 0.092) & Alkalinephos >= 0.140)
",-9999999.000,-9999999.000,0.000,0.000,1.000,0,0,0,25,25,0,0,25,0.0,0.0,0.0,0.0,0.0,1.0,-1
"((AST >= 0.979) U[0,1] (Phosphate <= 3.440))
",-9999999.000,-9999999.000,0.000,0.000,1.000,0,0,0,25,25,0,0,25,0.0,0.0,0.0,0.0,0.0,1.0,-1
"((MAP >= 65.512) U[0,2] (SBP <= 121.329))
",-9999999.000,-9999999.000,0.000,0.000,1.000,0,0,0,25,25,0,0,25,0.0,0.0,0.0,0.0,0.0,1.0,-1
"((PaCO2 <= 49.801) U[0,2] (Platelets >= 21.591))
",-9999999.000,-9999999.000,0.000,0.000,1.000,0,0,0,25,25,0,0,25,0.0,0.0,0.0,0.0,0.0,1.0,-1
"F[0,2](BUN >= 0.077 | Creatinine >= 0.029)
",-9999999.000,-9999999.000,0.000,0.000,1.000,0,0,0,25,25,0,0,25,0.0,0.0,0.0,0.0,0.0,1.0,-1
"F[0,2](((Hct >= 3.377 | Potassium >= 0.248) & AST >= 0.746) -> BUN <= 3.707)
",-9999999.000,-9999999.000,0.000,0.000,1.000,0,0,0,25,25,0,0,25,0.0,0.0,0.0,0.0,0.0,1.0,-1
"F[0,1]((Lactate >= 0.265 | Platelets <= 123.438) -> Hct <= 155.482)
",-9999999.000,-9999999.000,0.000,0.000,1.000,0,0,0,25,25,0,0,25,0.0,0.0,0.0,0.0,0.0,1.0,-1
"F[1,2](((HCO3 <= 9.612 -> PTT <= 10.418) & Glucose >= 0.054) | O2Sat >= 0.017)
",-9999999.000,-9999999.000,0.000,0.000,1.000,0,0,0,25,25,0,0,25,0.0,0.0,0.0,0.0,0.0,1.0,-1
"F[2,2](((Hgb >= 0.436 -> Platelets <= 288.762) | Temp <= 27.178) | Glucose >= 25.170)
",27.178,27.178,0.000,0.000,1.000,0,0,0,25,25,0,0,25,0.0,0.0,0.0,0.0,0.0,1.0,-1
"((Chloride <= 83.284) U[0,2] (Hgb >= 0.701))
",-9999999.000,-9999999.000,0.000,0.000,1.000,0,0,0,25,25,0,0,25,0.0,0.0,0.0,0.0,0.0,1.0,-1
"F[0,2](BUN <= 10.664 & Calcium >= 0.010)
",-9999999.000,-9999999.000,0.000,0.000,1.000,0,0,0,25,25,0,0,25,0.0,0.0,0.0,0.0,0.0,1.0,-1
"F[0,1]((Hgb >= 0.407 & Potassium >= 0.657) -> Lactate >= 0.473)
",-9999999.000,-9999999.000,0.000,0.000,1.000,0,0,0,25,25,0,0,25,0.0,0.0,0.0,0.0,0.0,1.0,-1
"F[1,2](Magnesium >= 0.052 -> Platelets <= 191.367)
",-9999999.000,-9999999.000,0.000,0.000,1.000,0,0,0,25,25,0,0,25,0.0,0.0,0.0,0.0,0.0,1.0,-1
"F[0,1]((Hgb <= 7.056 -> PTT <= 46.317) & Chloride <= 43.960)
",-9999999.000,-9999999.000,0.000,0.000,1.000,0,0,0,25,25,0,0,25,0.0,0.0,0.0,0.0,0.0,1.0,-1
"F[0,1](Calcium <= 4.091 | DBP <= 92.130)
",-9999999.000,-9999999.000,0.000,0.000,1.000,0,0,0,25,25,0,0,25,0.0,0.0,0.0,0.0,0.0,1.0,-1
"F[0,2]((Chloride <= 96.692 | WBC <= 13.881) -> Creatinine >= 0.625)
",-9999999.000,-9999999.000,0.000,0.000,1.000,0,0,0,25,25,0,0,25,0.0,0.0,0.0,0.0,0.0,1.0,-1
"F[0,2](Creatinine <= 0.839 & Phosphate <= 3.619)
",-9999999.000,-9999999.000,0.000,0.000,1.000,0,0,0,25,25,0,0,25,0.0,0.0,0.0,0.0,0.0,1.0,-1
"F[0,1](((Alkalinephos >= 0.248 & Chloride >= 4.876) | SepsisLabel <= 91.754) -> BaseExcess <= 44.552)
",-9999999.000,-9999999.000,0.000,0.000,1.000,0,0,0,25,25,0,0,25,0.0,0.0,0.0,0.0,0.0,1.0,-1
"F[0,1](((Creatinine >= 0.114 & SaO2 >= 0.735) | SepsisLabel <= 86.272) & Platelets <= 93.758)
",-9999999.000,-9999999.000,0.000,0.000,1.000,0,0,0,25,25,0,0,25,0.0,0.0,0.0,0.0,0.0,1.0,-1
"((AST >= 0.825) U[2,2] (BaseExcess >= -6.933))
",6.933,6.933,0.000,0.000,1.000,0,0,0,25,25,0,0,25,0.0,0.0,0.0,0.0,0.0,1.0,-1
"F[0,2](((Bilirubin_total >= 0.021 -> DBP <= 59.286) | Resp <= 87.968) | BaseExcess <= 66.264)
",-9999999.000,-9999999.000,0.000,0.000,1.000,0,0,0,25,25,0,0,25,0.0,0.0,0.0,0.0,0.0,1.0,-1
"F[0,0](((Creatinine >= 0.028 & SBP >= 100.306) | FiO2 <= 135.924) -> PTT <= 139.019)
",-51.048,-138.223,0.000,0.000,1.000,0,0,0,25,25,0,0,25,0.0,0.0,0.0,0.0,0.0,1.0,-1
"F[0,2](((Bilirubin_total >= 0.014 | Calcium <= 1.699) | BaseExcess <= 2.941) | Phosphate <= 8.450)
",-9999999.000,-9999999.000,0.000,0.000,1.000,0,0,0,25,25,0,0,25,0.0,0.0,0.0,0.0,0.0,1.0,-1
"F[1,2](((Alkalinephos <= 4.950 & Phosphate <= 2.387) & WBC >= 0.088) | Temp <= 0.961)
",-9999999.000,-9999999.000,0.000,0.000,1.000,0,0,0,25,25,0,0,25,0.0,0.0,0.0,0.0,0.0,1.0,-1
"F[1,2]((Platelets >= 7.509 -> Chloride >= 5.797) -> TroponinI <= 63.444)
",-9999999.000,-9999999.000,0.000,0.000,1.000,0,0,0,25,25,0,0,25,0.0,0.0,0.0,0.0,0.0,1.0,-1
"F[2,2](((Calcium <= 0.418 | Creatinine >= 0.047) & Hct >= 0.135) | Resp >= 0.082)
",-0.082,-0.082,0.000,0.000,1.000,0,0,0,25,25,0,0,25,0.0,0.0,0.0,0.0,0.0,1.0,-1
"F[1,2]((Potassium >= 0.117 | BUN <= 21.851) | SBP >= 1.057)
",-9999999.000,-9999999.000,0.000,0.000,1.000,0,0,0,25,25,0,0,25,0.0,0.0,0.0,0.0,0.0,1.0,-1
"F[0,2](((SepsisLabel <= 0.000 & SepsisLabel >= 0.000) & Creatinine >= 0.000) & Chloride >= 0.000)
",-9999999.000,-9999999.000,0.000,0.000,1.000,0,0,0,25,25,0,0,25,0.0,0.0,0.0,0.0,0.0,1.0,-1
"F[0,2](Hgb <= 3.300 | Resp >= 15.000)
",-9999999.000,-9999999.000,0.000,0.000,1.000,0,0,0,25,25,0,0,25,0.0,0.0,0.0,0.0,0.0,1.0,-1
"F[1,2]((BaseExcess <= -0.316 | Creatinine <= 0.609) & HR >= 0.003)
",-9999999.000,-9999999.000,0.000,0.000,1.000,0,0,0,25,25,0,0,25,0.0,0.0,0.0,0.0,0.0,1.0,-1
"F[0,1](Hgb <= 7.156 | Hct <= 9.187)
",-9999999.000,-9999999.000,0.000,0.000,1.000,0,0,0,25,25,0,0,25,0.0,0.0,0.0,0.0,0.0,1.0,-1
"F[2,2](((Bilirubin_total >= 0.020 | Resp >= 19.623) -> EtCO2 >= 13.751) -> EtCO2 >= 15.568)
",-5815349043613139.000,-0.020,0.000,0.000,1.000,0,0,0,25,25,0,0,25,0.0,0.0,0.0,0.0,0.0,1.0,-1
"((Magnesium >= 0.013) U[0,2] (Temp <= 35.259))
",-9999999.000,-9999999.000,0.000,0.000,1.000,0,0,0,25,25,0,0,25,0.0,0.0,0.0,0.0,0.0,1.0,-1
"F[0,2]((Magnesium >= 0.143 | EtCO2 >= 0.000) | Glucose <= 0.000)
",-9999999.000,-9999999.000,0.000,0.000,1.000,0,0,0,25,25,0,0,25,0.0,0.0,0.0,0.0,0.0,1.0,-1
"((DBP <= 83.008) U[1,2] (Hgb <= 9.774))
",-9999999.000,-9999999.000,0.000,0.000,1.000,0,0,0,25,25,0,0,25,0.0,0.0,0.0,0.0,0.0,1.0,-1
"F[0,1](((PaCO2 <= 31.181 & AST <= 22.214) & HR <= 8.280) -> AST >= 0.526)
",-9999999.000,-9999999.000,0.000,0.000,1.000,0,0,0,25,25,0,0,25,0.0,0.0,0.0,0.0,0.0,1.0,-1
"F[0,2](((Calcium < 5.328 & Potassium < 4.862) & Magnesium < 2.450) & Phosphate < 0.404)
",-9999999.000,-9999999.000,0.000,0.000,1.000,0,0,0,25,25,0,0,25,0.0,0.0,0.0,0.0,0.0,1.0,-1
"F[1,2](((Calcium < 7.212 & Potassium < 1.606) & Magnesium < 1.662) & Phosphate < 4.238)
",-9999999.000,-9999999.000,0.000,0.000,1.000,0,0,0,25,25,0,0,25,0.0,0.0,0.0,0.0,0.0,1.0,-1
"F[0,0]((DBP >= 51.620 -> Potassium >= 0.301) | Fibrinogen <= 3.646)
",0.774,2.642,0.000,0.000,1.000,0,0,0,25,25,0,0,25,0.0,0.0,0.0,0.0,0.0,1.0,-1
"F[1,2](SBP <= 135.481 -> WBC >= 1.211)
",-9999999.000,-9999999.000,0.000,0.000,1.000,0,0,0,25,25,0,0,25,0.0,0.0,0.0,0.0,0.0,1.0,-1
"F[0,2](((HCO3 <= 3.994 | Potassium >= 0.877) & SBP <= 3.925) | Hgb >= 0.920)
",-9999999.000,-9999999.000,0.000,0.000,1.000,0,0,0,25,25,0,0,25,0.0,0.0,0.0,0.0,0.0,1.0,-1
"F[0,2]((Phosphate >= 0.026 & Magnesium > 0.095) -> Calcium < 7.792)
",-9999999.000,-9999999.000,0.000,0.000,1.000,0,0,0,25,25,0,0,25,0.0,0.0,0.0,0.0,0.0,1.0,-1
"F[2,2](((Magnesium <= 0.498 & O2Sat >= 94.472) | Hct >= 97.380) & SBP >= 95.854)
",-6745115543001215.000,-95.854,0.000,0.000,1.000,0,0,0,25,25,0,0,25,0.0,0.0,0.0,0.0,0.0,1.0,-1
"((BUN >= 0.201) U[0,2] (FiO2 >= 0.059))
",-9999999.000,-9999999.000,0.000,0.000,1.000,0,0,0,25,25,0,0,25,0.0,0.0,0.0,0.0,0.0,1.0,-1
"((BaseExcess >= -1.901) U[0,2] (SepsisLabel <= 0.000))
",-9999999.000,-9999999.000,0.000,0.000,1.000,0,0,0,25,25,0,0,25,0.0,0.0,0.0,0.0,0.0,1.0,-1
"F[1,2](((DBP >= 44.704 -> Glucose <= 159.113) | pH >= 66.675) -> Creatinine >= 13.677)
",-9999999.000,-9999999.000,0.000,0.000,1.000,0,0,0,25,25,0,0,25,0.0,0.0,0.0,0.0,0.0,1.0,-1
"F[1,2](((Chloride <= 19.627 | FiO2 >= 0.204) -> Chloride >= 0.139) -> Calcium >= 0.198)
",-9999999.000,-9999999.000,0.000,0.000,1.000,0,0,0,25,25,0,0,25,0.0,0.0,0.0,0.0,0.0,1.0,-1
"F[0,2](pH <= 5.905 & Phosphate >= 0.015)
",-9999999.000,-9999999.000,0.000,0.000,1.000,0,0,0,25,25,0,0,25,0.0,0.0,0.0,0.0,0.0,1.0,-1
"((MAP >= 62.620) U[2,2] (SBP <= 135.497))
",4767380858108388.000,135.497,0.000,0.000,1.000,0,0,0,25,25,0,0,25,0.0,0.0,0.0,0.0,0.0,1.0,-1
"((AST >= 0.762) U[0,1] (SBP <= 140.039))
",-9999999.000,-9999999.000,0.000,0.000,1.000,0,0,0,25,25,0,0,25,0.0,0.0,0.0,0.0,0.0,1.0,-1
"((Alkalinephos <= 7.958) U[0,1] (SBP >= 95.854))
",-9999999.000,-9999999.000,0.000,0.000,1.000,0,0,0,25,25,0,0,25,0.0,0.0,0.0,0.0,0.0,1.0,-1
"F[0,0]((Phosphate >= 0.078 & Magnesium > 0.122) -> Calcium < 5.695)
",-7.615,-5.546,0.000,0.000,1.000,0,0,0,25,25,0,0,25,0.0,0.0,0.0,0.0,0.0,1.0,-1
"F[0,1]((Phosphate >= 0.018 & Magnesium > 0.207) -> Calcium < 5.428)
",-9999999.000,-9999999.000,0.000,0.000,1.000,0,0,0,25,25,0,0,25,0.0,0.0,0.0,0.0,0.0,1.0,-1
"F[1,1]((Calcium <= 2.901 -> Lactate <= 5.147) -> Lactate <= 3.280)
",-7385643905038963.000,-3.280,0.000,0.000,1.000,0,0,0,25,25,0,0,25,0.0,0.0,0.0,0.0,0.0,1.0,-1
"F[0,2](((Bilirubin_direct <= 0.000 | HCO3 <= 11.879) & SepsisLabel >= 0.921) & PTT >= 0.235)
",-9999999.000,-9999999.000,0.000,0.000,1.000,0,0,0,25,25,0,0,25,0.0,0.0,0.0,0.0,0.0,1.0,-1
"F[0,2]((WBC >= 1.112 -> pH >= 0.371) & PaCO2 <= 7.131)
",-9999999.000,-9999999.000,0.000,0.000,1.000,0,0,0,25,25,0,0,25,0.0,0.0,0.0,0.0,0.0,1.0,-1
"F[0,2](((Calcium < 3.249 & Potassium < 2.220) & Magnesium < 1.289) & Phosphate < 1.840)
",-9999999.000,-9999999.000,0.000,0.000,1.000,0,0,0,25,25,0,0,25,0.0,0.0,0.0,0.0,0.0,1.0,-1
"F[1,2](((Chloride <= 49.217 -> SaO2 >= 8.766) -> SepsisLabel >= 32.349) | Platelets <= 55.347)
",-9999999.000,-9999999.000,0.000,0.000,1.000,0,0,0,25,25,0,0,25,0.0,0.0,0.0,0.0,0.0,1.0,-1
"F[1,2]((Phosphate >= 0.071 & Magnesium > 0.131) -> Calcium < 1.764)
",-9999999.000,-9999999.000,0.000,0.000,1.000,0,0,0,25,25,0,0,25,0.0,0.0,0.0,0.0,0.0,1.0,-1
"F[0,1](((Alkalinephos <= 25.914 -> WBC <= 8.473) -> Chloride <= 8.856) & Platelets <= 2.719)
",-9999999.000,-9999999.000,0.000,0.000,1.000,0,0,0,25,25,0,0,25,0.0,0.0,0.0,0.0,0.0,1.0,-1
"F[1,2]((WBC >= 0.759 & SepsisLabel <= 0.000) & Potassium <= 0.000)
",-9999999.000,-9999999.000,0.000,0.000,1.000,0,0,0,25,25,0,0,25,0.0,0.0,0.0,0.0,0.0,1.0,-1
"F[2,2]((BaseExcess <= -0.852 -> Potassium >= 0.229) & SaO2 >= 0.881)
",-0.881,-0.881,0.000,0.000,1.000,0,0,0,25,25,0,0,25,0.0,0.0,0.0,0.0,0.0,1.0,-1
"F[1,1](((BUN >= 1.046 | TroponinI >= 0.000) & AST >= 0.000) -> Fibrinogen >= 0.000)
",0.000,0.000,0.000,0.000,1.000,0,0,0,25,25,0,0,25,0.0,0.0,0.0,0.0,0.0,1.0,-1
"F[0,1](BUN <= 17.503 | pH <= 7.174)
",-9999999.000,-9999999.000,0.000,0.000,1.000,0,0,0,25,25,0,0,25,0.0,0.0,0.0,0.0,0.0,1.0,-1
"F[0,1](Hgb <= 9.734 | Hct <= 14.623)
",-9999999.000,-9999999.000,0.000,0.000,1.000,0,0,0,25,25,0,0,25,0.0,0.0,0.0,0.0,0.0,1.0,-1
"F[1,2](((HCO3 >= 0.540 | SBP >= 96.887) -> Platelets >= 97.770) | DBP >= 98.950)
",-9999999.000,-9999999.000,0.000,0.000,1.000,0,0,0,25,25,0,0,25,0.0,0.0,0.0,0.0,0.0,1.0,-1
"F[0,1](PTT >= 0.038 -> SBP <= 133.279)
",-9999999.000,-9999999.000,0.000,0.000,1.000,0,0,0,25,25,0,0,25,0.0,0.0,0.0,0.0,0.0,1.0,-1
"F[0,2]((Chloride >= 1.710 & SBP >= 106.030) | TroponinI >= 117.265)
",-9999999.000,-9999999.000,0.000,0.000,1.000,0,0,0,25,25,0,0,25,0.0,0.0,0.0,0.0,0.0,1.0,-1
"((Bilirubin_total >= 0.011) U[0,2] (Magnesium >= 0.011))
",-9999999.000,-9999999.000,0.000,0.000,1.000,0,0,0,25,25,0,0,25,0.0,0.0,0.0,0.0,0.0,1.0,-1
"F[1,2](MAP <= 81.831 & WBC <= 7.670)
",-9999999.000,-9999999.000,0.000,0.000,1.000,0,0,0,25,25,0,0,25,0.0,0.0,0.0,0.0,0.0,1.0,-1
"F[1,2](Calcium >= 0.130 | SBP <= 129.484)
",-9999999.000,-9999999.000,0.000,0.000,1.000,0,0,0,25,25,0,0,25,0.0,0.0,0.0,0.0,0.0,1.0,-1
"F[1,2]((Calcium <= 7.685 & Potassium <= 1.456) & Magnesium >= 0.016)
",-9999999.000,-9999999.000,0.000,0.000,1.000,0,0,0,25,25,0,0,25,0.0,0.0,0.0,0.0,0.0,1.0,-1
"F[2,2](Resp <= 32.259 | SaO2 <= 63.215)
",63.215,63.215,0.000,0.000,1.000,0,0,0,25,25,0,0,25,0.0,0.0,0.0,0.0,0.0,1.0,-1
"F[1,2](((Calcium < 6.978 & Potassium < 3.338) & Magnesium < 1.638) & Phosphate < 0.355)
",-9999999.000,-9999999.000,0.000,0.000,1.000,0,0,0,25,25,0,0,25,0.0,0.0,0.0,0.0,0.0,1.0,-1
"F[2,2]((BUN <= 2.794 -> SBP <= 129.559) | Bilirubin_direct >= 98.347)
",-98.347,-98.347,0.000,0.000,1.000,0,0,0,25,25,0,0,25,0.0,0.0,0.0,0.0,0.0,1.0,-1
"F[1,2]((Calcium <= 7.743 & Potassium <= 2.960) & Magnesium >= 0.111)
",-9999999.000,-9999999.000,0.000,0.000,1.000,0,0,0,25,25,0,0,25,0.0,0.0,0.0,0.0,0.0,1.0,-1
"F[1,2](Glucose >= 42.736 & Hct >= 2.499)
",-9999999.000,-9999999.000,0.000,0.000,1.000,0,0,0,25,25,0,0,25,0.0,0.0,0.0,0.0,0.0,1.0,-1
"F[1,1]((Hgb <= 5.810 | SaO2 <= 52.219) | Chloride >= 9.159)
",52.219,52.219,0.000,0.000,1.000,0,0,0,25,25,0,0,25,0.0,0.0,0.0,0.0,0.0,1.0,-1
"((Magnesium >= 0.178) U[0,2] (Platelets >= 18.846))
",-9999999.000,-9999999.000,0.000,0.000,1.000,0,0,0,25,25,0,0,25,0.0,0.0,0.0,0.0,0.0,1.0,-1
"F[0,2](((MAP <= 76.715 & pH <= 6.470) & MAP >= 0.591) -> Temp >= 0.140)
",-9999999.000,-9999999.000,0.000,0.000,1.000,0,0,0,25,25,0,0,25,0.0,0.0,0.0,0.0,0.0,1.0,-1
"F[0,2](Hgb <= 5.069 -> PaCO2 <= 32.191)
",-9999999.000,-9999999.000,0.000,0.000,1.000,0,0,0,25,25,0,0,25,0.0,0.0,0.0,0.0,0.0,1.0,-1
"F[1,2]((DBP >= 52.178 & Lactate <= 4.779) | FiO2 <= 3.858)
",-9999999.000,-9999999.000,0.000,0.000,1.000,0,0,0,25,25,0,0,25,0.0,0.0,0.0,0.0,0.0,1.0,-1
"((Hct > 0.736) U[0,2] (SepsisLabel = 0.000))
",-9999999.000,-9999999.000,0.000,0.000,1.000,0,0,0,25,25,0,0,25,0.0,0.0,0.0,0.0,0.0,1.0,-1
"((EtCO2 <= 0.000) U[1,2] (SepsisLabel = 0.000))
",-9999999.000,-9999999.000,0.000,0.000,1.000,0,0,0,25,25,0,0,25,0.0,0.0,0.0,0.0,0.0,1.0,-1
"F[1,1](Bilirubin_total >= 0.009 -> O2Sat <= 98.720)
",-98.720,-98.720,0.000,0.000,1.000,0,0,0,25,25,0,0,25,0.0,0.0,0.0,0.0,0.0,1.0,-1
"F[1,2](((Lactate <= 0.749 -> Magnesium <= 2.370) & Resp >= 0.173) & Phosphate >= 0.049)
",-9999999.000,-9999999.000,0.000,0.000,1.000,0,0,0,25,25,0,0,25,0.0,0.0,0.0,0.0,0.0,1.0,-1
"F[1,2](((FiO2 <= 0.748 & MAP >= 63.729) -> Hgb >= 69.895) & DBP <= 80.378)
",-9999999.000,-9999999.000,0.000,0.000,1.000,0,0,0,25,25,0,0,25,0.0,0.0,0.0,0.0,0.0,1.0,-1
"((PaCO2 < 29.237) U[0,1] (SepsisLabel = 0.000))
",-9999999.000,-9999999.000,0.000,0.000,1.000,0,0,0,25,25,0,0,25,0.0,0.0,0.0,0.0,0.0,1.0,-1
"F[0,2](BUN <= 7.292 & PTT >= 2.325)
",-9999999.000,-9999999.000,0.000,0.000,1.000,0,0,0,25,25,0,0,25,0.0,0.0,0.0,0.0,0.0,1.0,-1
"F[1,2](((Bilirubin_total <= 0.502 | MAP <= 79.155) -> Hgb <= 81.660) & SaO2 <= 81.697)
",-9999999.000,-9999999.000,0.000,0.000,1.000,0,0,0,25,25,0,0,25,0.0,0.0,0.0,0.0,0.0,1.0,-1
"F[1,2]((PaCO2 >= 13.595 -> Phosphate >= 0.024) -> Potassium >= 0.035)
",-9999999.000,-9999999.000,0.000,0.000,1.000,0,0,0,25,25,0,0,25,0.0,0.0,0.0,0.0,0.0,1.0,-1
"((Calcium >= 0.139) U[0,2] (SepsisLabel = 0.000))
",-9999999.000,-9999999.000,0.000,0.000,1.000,0,0,0,25,25,0,0,25,0.0,0.0,0.0,0.0,0.0,1.0,-1
"((BaseExcess > -5.929) U[0,1] (SepsisLabel = 0.000))
",-9999999.000,-9999999.000,0.000,0.000,1.000,0,0,0,25,25,0,0,25,0.0,0.0,0.0,0.0,0.0,1.0,-1
"F[0,0](Glucose <= 84.036 -> Resp >= 16.264)
",-84.036,-84.036,0.000,0.000,1.000,0,0,0,25,25,0,0,25,0.0,0.0,0.0,0.0,0.0,1.0,-1
"F[0,2](((DBP <= 67.354 | Resp >= 21.547) & O2Sat >= 22.898) -> HCO3 >= 15.604)
",-9999999.000,-9999999.000,0.000,0.000,1.000,0,0,0,25,25,0,0,25,0.0,0.0,0.0,0.0,0.0,1.0,-1
"F[2,2](((AST >= 0.410 -> PaCO2 >= 6.340) | Resp >= 1.072) | PTT >= 11.797)
",0.410,0.410,0.000,0.000,1.000,0,0,0,25,25,0,0,25,0.0,0.0,0.0,0.0,0.0,1.0,-1
"F[0,1](((BaseExcess >= -6.592 | WBC <= 15.874) & BaseExcess <= 25.938) | pH >= 1.134)
",-9999999.000,-9999999.000,0.000,0.000,1.000,0,0,0,25,25,0,0,25,0.0,0.0,0.0,0.0,0.0,1.0,-1
"F[0,2](((FiO2 <= 0.265 & SBP >= 103.052) | PTT >= 95.510) -> DBP >= 104.265)
",-9999999.000,-9999999.000,0.000,0.000,1.000,0,0,0,25,25,0,0,25,0.0,0.0,0.0,0.0,0.0,1.0,-1
"F[2,2]((Alkalinephos >= 0.280 & MAP >= 62.577) | PTT >= 68.818)
",-62.577,-62.577,0.000,0.000,1.000,0,0,0,25,25,0,0,25,0.0,0.0,0.0,0.0,0.0,1.0,-1
"F[0,1](BUN <= 19.750 & SepsisLabel = 0.000)
",-9999999.000,-9999999.000,0.000,0.000,1.000,0,0,0,25,25,0,0,25,0.0,0.0,0.0,0.0,0.0,1.0,-1
"F[0,2]((O2Sat <= 98.499 -> Platelets >= 24.782) -> AST <= 47.179)
",-9999999.000,-9999999.000,0.000,0.000,1.000,0,0,0,25,25,0,0,25,0.0,0.0,0.0,0.0,0.0,1.0,-1
"((Resp < 31.171) U[2,2] (SepsisLabel = 0.000))
",8773844061004449.000,31.171,0.000,0.000,1.000,0,0,0,25,25,0,0,25,0.0,0.0,0.0,0.0,0.0,1.0,-1
"((Calcium <= 2.445) U[1,2] (FiO2 <= 0.854))
",-9999999.000,-9999999.000,0.000,0.000,1.000,0,0,0,25,25,0,0,25,0.0,0.0,0.0,0.0,0.0,1.0,-1
"((PaCO2 <= 39.816) U[2,2] (PTT >= 0.357))
",39.816,39.816,0.000,0.000,1.000,0,0,0,25,25,0,0,25,0.0,0.0,0.0,0.0,0.0,1.0,-1
"((PaCO2 > 16.307) U[0,1] (SepsisLabel = 0.000))
",-9999999.000,-9999999.000,0.000,0.000,1.000,0,0,0,25,25,0,0,25,0.0,0.0,0.0,0.0,0.0,1.0,-1
"F[2,2](pH <= 6.080 -> Platelets >= 18.745)
",-6.080,-6.080,0.000,0.000,1.000,0,0,0,25,25,0,0,25,0.0,0.0,0.0,0.0,0.0,1.0,-1
"((Bilirubin_total <= 0.267) U[0,2] (HCO3 <= 5.011))
",-9999999.000,-9999999.000,0.000,0.000,1.000,0,0,0,25,25,0,0,25,0.0,0.0,0.0,0.0,0.0,1.0,-1
"F[2,2](((Creatinine >= 0.093 & Lactate <= 3.983) | FiO2 <= 2.429) -> BaseExcess <= 2.896)
",-6520800132818292.000,-2.896,0.000,0.000,1.000,0,0,0,25,25,0,0,25,0.0,0.0,0.0,0.0,0.0,1.0,-1
"F[0,1]((Glucose >= 61.847 | SaO2 >= 14.141) | Creatinine <= 59.673)
",-9999999.000,-9999999.000,0.000,0.000,1.000,0,0,0,25,25,0,0,25,0.0,0.0,0.0,0.0,0.0,1.0,-1
"F[0,0](HCO3 <= 5.483 -> SepsisLabel = 0.000)
",-2.515,-7.443,0.000,0.000,1.000,0,0,0,25,25,0,0,25,0.0,0.0,0.0,0.0,0.0,1.0,-1
"F[2,2]((HR >= 71.169 -> Potassium <= 1.805) | HCO3 >= 0.946)
",-0.946,-0.946,0.000,0.000,1.000,0,0,0,25,25,0,0,25,0.0,0.0,0.0,0.0,0.0,1.0,-1
"F[0,0](SepsisLabel >= 0.000 -> SepsisLabel = 0.000)
",-0.295,-18.360,0.000,0.000,1.000,0,0,0,25,25,0,0,25,0.0,0.0,0.0,0.0,0.0,1.0,-1
"F[1,2](((Calcium <= 4.190 | WBC <= 6.077) & HCO3 <= 22.163) & PTT <= 19.050)
",-9999999.000,-9999999.000,0.000,0.000,1.000,0,0,0,25,25,0,0,25,0.0,0.0,0.0,0.0,0.0,1.0,-1
"F[0,2](((Phosphate >= 0.053 -> WBC >= 0.834) | Lactate >= 1.161) | SaO2 <= 28.712)
",-9999999.000,-9999999.000,0.000,0.000,1.000,0,0,0,25,25,0,0,25,0.0,0.0,0.0,0.0,0.0,1.0,-1
"F[0,2](WBC <= 24.978 -> SepsisLabel = 0.000)
",-9999999.000,-9999999.000,0.000,0.000,1.000,0,0,0,25,25,0,0,25,0.0,0.0,0.0,0.0,0.0,1.0,-1
"F[0,2]((Platelets >= 16.923 -> SaO2 <= 82.508) | Creatinine >= 18.503)
",-9999999.000,-9999999.000,0.000,0.000,1.000,0,0,0,25,25,0,0,25,0.0,0.0,0.0,0.0,0.0,1.0,-1
"((Hgb < 6.882) U[2,2] (SepsisLabel = 0.000))
",6.882,6.882,0.000,0.000,1.000,0,0,0,25,25,0,0,25,0.0,0.0,0.0,0.0,0.0,1.0,-1
"F[0,1](Magnesium < 2.279 & SepsisLabel = 0.000)
",-9999999.000,-9999999.000,0.000,0.000,1.000,0,0,0,25,25,0,0,25,0.0,0.0,0.0,0.0,0.0,1.0,-1
"((BaseExcess <= -0.224) U[0,2] (O2Sat <= 98.942))
",-9999999.000,-9999999.000,0.000,0.000,1.000,0,0,0,25,25,0,0,25,0.0,0.0,0.0,0.0,0.0,1.0,-1
"((AST <= 8.753) U[0,2] (SepsisLabel = 0.000))
",-9999999.000,-9999999.000,0.000,0.000,1.000,0,0,0,25,25,0,0,25,0.0,0.0,0.0,0.0,0.0,1.0,-1
"F[1,2]((Bilirubin_total <= 0.141 -> PTT <= 39.451) -> Bilirubin_total <= 22.871)
",-9999999.000,-9999999.000,0.000,0.000,1.000,0,0,0,25,25,0,0,25,0.0,0.0,0.0,0.0,0.0,1.0,-1
"F[0,2]((MAP <= 79.432 | Potassium >= 0.629) | Glucose <= 4.773)
",-9999999.000,-9999999.000,0.000,0.000,1.000,0,0,0,25,25,0,0,25,0.0,0.0,0.0,0.0,0.0,1.0,-1
"((HR <= 97.711) U[0,2] (PaCO2 <= 45.073))
",-9999999.000,-9999999.000,0.000,0.000,1.000,0,0,0,25,25,0,0,25,0.0,0.0,0.0,0.0,0.0,1.0,-1
"F[0,2]((AST >= 0.135 | Potassium >= 0.045) | HR <= 3.426)
",-9999999.000,-9999999.000,0.000,0.000,1.000,0,0,0,25,25,0,0,25,0.0,0.0,0.0,0.0,0.0,1.0,-1
"((TroponinI >= 0.000) U[0,2] (SepsisLabel = 0.000))
",-9999999.000,-9999999.000,0.000,0.000,1.000,0,0,0,25,25,0,0,25,0.0,0.0,0.0,0.0,0.0,1.0,-1
"F[0,2]((Alkalinephos <= 3.170 & Potassium >= 0.597) & Hct <= 3.298)
",-9999999.000,-9999999.000,0.000,0.000,1.000,0,0,0,25,25,0,0,25,0.0,0.0,0.0,0.0,0.0,1.0,-1
"F[0,2]((Chloride >= 2.242 -> SaO2 <= 87.831) & Hct >= 5.091)
",-9999999.000,-9999999.000,0.000,0.000,1.000,0,0,0,25,25,0,0,25,0.0,0.0,0.0,0.0,0.0,1.0,-1
"F[0,2](((HR >= 68.602 | Temp >= 13.249) & Calcium <= 38.157) & PTT <= 37.063)
",-9999999.000,-9999999.000,0.000,0.000,1.000,0,0,0,25,25,0,0,25,0.0,0.0,0.0,0.0,0.0,1.0,-1
"F[1,2](Hgb < 8.421 -> SepsisLabel = 0.000)
",-9999999.000,-9999999.000,0.000,0.000,1.000,0,0,0,25,25,0,0,25,0.0,0.0,0.0,0.0,0.0,1.0,-1
"F[1,2]((FiO2 <= 0.282 -> Phosphate <= 0.767) -> Calcium >= 0.079)
",-9999999.000,-9999999.000,0.000,0.000,1.000,0,0,0,25,25,0,0,25,0.0,0.0,0.0,0.0,0.0,1.0,-1
"((Phosphate > 0.059) U[2,2] (SepsisLabel = 0.000))
",0.000,0.000,0.000,0.000,1.000,0,0,0,25,25,0,0,25,0.0,0.0,0.0,0.0,0.0,1.0,-1
"F[2,2]((AST >= 0.900 & Bilirubin_total <= 0.189) & Glucose <= 0.510)
",-8109937589420109.000,-0.900,0.000,0.000,1.000,0,0,0,25,25,0,0,25,0.0,0.0,0.0,0.0,0.0,1.0,-1
"F[0,2](Potassium > 0.593 -> SepsisLabel = 0.000)
",-9999999.000,-9999999.000,0.000,0.000,1.000,0,0,0,25,25,0,0,25,0.0,0.0,0.0,0.0,0.0,1.0,-1
"F[1,2](((AST <= 2.880 -> BUN >= 0.908) & EtCO2 >= 0.472) & Platelets <= 6.587)
",-9999999.000,-9999999.000,0.000,0.000,1.000,0,0,0,25,25,0,0,25,0.0,0.0,0.0,0.0,0.0,1.0,-1
"F[1,1]((Creatinine <= 0.151 | HCO3 >= 0.481) -> Bilirubin_total <= 14.972)
",-8428575214902285.000,-14.972,0.000,0.000,1.000,0,0,0,25,25,0,0,25,0.0,0.0,0.0,0.0,0.0,1.0,-1
"F[0,2](Glucose <= 183.361 & PaCO2 <= 46.884)
",-9999999.000,-9999999.000,0.000,0.000,1.000,0,0,0,25,25,0,0,25,0.0,0.0,0.0,0.0,0.0,1.0,-1
"F[0,2](((HCO3 <= 21.376 | Hct <= 4.649) & HCO3 >= 2.960) & EtCO2 <= 23.438)
",-9999999.000,-9999999.000,0.000,0.000,1.000,0,0,0,25,25,0,0,25,0.0,0.0,0.0,0.0,0.0,1.0,-1
"F[0,0](((BaseExcess <= -1.359 | pH <= 6.229) & Lactate >= 3.075) -> pH >= 1.905)
",-0.591,-2.289,0.000,0.000,1.000,0,0,0,25,25,0,0,25,0.0,0.0,0.0,0.0,0.0,1.0,-1
"F[1,2]((PaCO2 >= 14.914 & SaO2 <= 85.321) & MAP <= 67.379)
",-9999999.000,-9999999.000,0.000,0.000,1.000,0,0,0,25,25,0,0,25,0.0,0.0,0.0,0.0,0.0,1.0,-1
"F[1,2](Chloride <= 56.847 | Platelets >= 24.347)
",-9999999.000,-9999999.000,0.000,0.000,1.000,0,0,0,25,25,0,0,25,0.0,0.0,0.0,0.0,0.0,1.0,-1
"F[2,2](Hct <= 9.398 & WBC <= 22.290)
",9.398,9.398,0.000,0.000,1.000,0,0,0,25,25,0,0,25,0.0,0.0,0.0,0.0,0.0,1.0,-1
"F[2,2](pH <= 5.807 -> SaO2 <= 88.159)
",-88.159,-88.159,0.000,0.000,1.000,0,0,0,25,25,0,0,25,0.0,0.0,0.0,0.0,0.0,1.0,-1
"F[1,2]((Creatinine <= 0.315 -> PTT >= 0.975) -> HCO3 <= 40.198)
",-9999999.000,-9999999.000,0.000,0.000,1.000,0,0,0,25,25,0,0,25,0.0,0.0,0.0,0.0,0.0,1.0,-1
"F[2,2]((Calcium >= 0.030 & Magnesium >= 0.002) -> Phosphate >= 0.125)
",0.030,0.030,0.000,0.000,1.000,0,0,0,25,25,0,0,25,0.0,0.0,0.0,0.0,0.0,1.0,-1
"((Magnesium >= 0.187) U[2,2] (Phosphate >= 0.074))
",-5315862736500444.000,-0.074,0.000,0.000,1.000,0,0,0,25,25,0,0,25,0.0,0.0,0.0,0.0,0.0,1.0,-1
"F[0,2](((Bilirubin_total >= 0.016 & Magnesium >= 0.020) | HCO3 <= 1.896) | BaseExcess >= 0.206)
",-9999999.000,-9999999.000,0.000,0.000,1.000,0,0,0,25,25,0,0,25,0.0,0.0,0.0,0.0,0.0,1.0,-1
"F[0,2](HCO3 <= 19.915 | WBC >= 0.361)
",-9999999.000,-9999999.000,0.000,0.000,1.000,0,0,0,25,25,0,0,25,0.0,0.0,0.0,0.0,0.0,1.0,-1
"F[0,2](((PaCO2 >= 2.219 & WBC >= 0.473) & SepsisLabel <= 18.067) -> Glucose <= 28.034)
",-9999999.000,-9999999.000,0.000,0.000,1.000,0,0,0,25,25,0,0,25,0.0,0.0,0.0,0.0,0.0,1.0,-1
"F[1,2]((Alkalinephos <= 14.649 -> PTT >= 1.999) -> HCO3 <= 3.789)
",-9999999.000,-9999999.000,0.000,0.000,1.000,0,0,0,25,25,0,0,25,0.0,0.0,0.0,0.0,0.0,1.0,-1
"F[0,2](Hct <= 11.839 -> SaO2 >= 10.142)
",-9999999.000,-9999999.000,0.000,0.000,1.000,0,0,0,25,25,0,0,25,0.0,0.0,0.0,0.0,0.0,1.0,-1
"((Magnesium <= 2.289) U[1,2] (PaCO2 >= 15.964))
",-9999999.000,-9999999.000,0.000,0.000,1.000,0,0,0,25,25,0,0,25,0.0,0.0,0.0,0.0,0.0,1.0,-1
"F[0,1](BaseExcess > -7.470 & SepsisLabel = 0.000)
",-9999999.000,-9999999.000,0.000,0.000,1.000,0,0,0,25,25,0,0,25,0.0,0.0,0.0,0.0,0.0,1.0,-1
"F[0,2]((Potassium >= 0.087 & WBC >= 0.346) -> SepsisLabel >= 1.360)
",-9999999.000,-9999999.000,0.000,0.000,1.000,0,0,0,25,25,0,0,25,0.0,0.0,0.0,0.0,0.0,1.0,-1
"F[2,2](Calcium > 0.089 -> SepsisLabel = 0.000)
",0.000,0.000,0.000,0.000,1.000,0,0,0,25,25,0,0,25,0.0,0.0,0.0,0.0,0.0,1.0,-1
"F[0,2]((BUN >= 1.760 -> Potassium <= 4.743) | SepsisLabel <= 4.480)
",-9999999.000,-9999999.000,0.000,0.000,1.000,0,0,0,25,25,0,0,25,0.0,0.0,0.0,0.0,0.0,1.0,-1
"((Glucose <= 196.429) U[2,2] (Magnesium >= 0.105))
",6911229894518390.000,196.429,0.000,0.000,1.000,0,0,0,25,25,0,0,25,0.0,0.0,0.0,0.0,0.0,1.0,-1
"F[1,2]((Alkalinephos <= 15.743 | BUN <= 19.331) & Temp <= 19.234)
",-9999999.000,-9999999.000,0.000,0.000,1.000,0,0,0,25,25,0,0,25,0.0,0.0,0.0,0.0,0.0,1.0,-1
"F[1,2]((AST >= 0.139 -> Platelets <= 303.713) & HCO3 <= 314.563)
",-9999999.000,-9999999.000,0.000,0.000,1.000,0,0,0,25,25,0,0,25,0.0,0.0,0.0,0.0,0.0,1.0,-1
"F[2,2]((Magnesium >= 0.193 | Potassium <= 1.455) & SepsisLabel >= 0.426)
",-0.426,-0.426,0.000,0.000,1.000,0,0,0,25,25,0,0,25,0.0,0.0,0.0,0.0,0.0,1.0,-1
"F[1,2]((AST <= 10.807 -> Lactate <= 2.883) & Glucose <= 4.172)
",-9999999.000,-9999999.000,0.000,0.000,1.000,0,0,0,25,25,0,0,25,0.0,0.0,0.0,0.0,0.0,1.0,-1
"F[1,2](FiO2 <= 0.487 & Platelets >= 0.972)
",-9999999.000,-9999999.000,0.000,0.000,1.000,0,0,0,25,25,0,0,25,0.0,0.0,0.0,0.0,0.0,1.0,-1
"F[0,2](Resp >= 19.304 & SepsisLabel = 0.000)
",-9999999.000,-9999999.000,0.000,0.000,1.000,0,0,0,25,25,0,0,25,0.0,0.0,0.0,0.0,0.0,1.0,-1
"F[2,2](Alkalinephos >= 1.022 & pH <= 4.587)
",-1.022,-1.022,0.000,0.000,1.000,0,0,0,25,25,0,0,25,0.0,0.0,0.0,0.0,0.0,1.0,-1
"((Bilirubin_direct <= 0.000) U[2,2] (SepsisLabel = 0.000))
",0.000,0.000,0.000,0.000,1.000,0,0,0,25,25,0,0,25,0.0,0.0,0.0,0.0,0.0,1.0,-1
"F[0,2](AST >= 0.647 & Glucose >= 28.858)
",-9999999.000,-9999999.000,0.000,0.000,1.000,0,0,0,25,25,0,0,25,0.0,0.0,0.0,0.0,0.0,1.0,-1
"F[0,2](BUN >= 2.067 & pH <= 5.060)
",-9999999.000,-9999999.000,0.000,0.000,1.000,0,0,0,25,25,0,0,25,0.0,0.0,0.0,0.0,0.0,1.0,-1
"F[0,2](((DBP <= 79.279 -> Magnesium <= 0.915) | HCO3 >= 0.064) | Platelets <= 1.146)
",-9999999.000,-9999999.000,0.000,0.000,1.000,0,0,0,25,25,0,0,25,0.0,0.0,0.0,0.0,0.0,1.0,-1
"F[2,2]((Alkalinephos <= 28.022 & Hgb >= 0.318) -> pH >= 0.685)
",0.318,0.318,0.000,0.000,1.000,0,0,0,25,25,0,0,25,0.0,0.0,0.0,0.0,0.0,1.0,-1
"((Lactate >= 0.290) U[2,2] (PaCO2 >= 0.228))
",-8215530674805021.000,-0.228,0.000,0.000,1.000,0,0,0,25,25,0,0,25,0.0,0.0,0.0,0.0,0.0,1.0,-1
"((AST >= 0.970) U[2,2] (Magnesium <= 1.945))
",8757939711515447.000,1.945,0.000,0.000,1.000,0,0,0,25,25,0,0,25,0.0,0.0,0.0,0.0,0.0,1.0,-1
"F[0,1]((Calcium <= 0.477 | PTT >= 0.150) | EtCO2 <= 30.899)
",-9999999.000,-9999999.000,0.000,0.000,1.000,0,0,0,25,25,0,0,25,0.0,0.0,0.0,0.0,0.0,1.0,-1
"((Platelets <= 305.847) U[1,2] (PTT >= 0.229))
",-9999999.000,-9999999.000,0.000,0.000,1.000,0,0,0,25,25,0,0,25,0.0,0.0,0.0,0.0,0.0,1.0,-1
"F[0,2]((BUN <= 12.750 | Magnesium >= 0.114) -> Creatinine <= 1.441)
",-9999999.000,-9999999.000,0.000,0.000,1.000,0,0,0,25,25,0,0,25,0.0,0.0,0.0,0.0,0.0,1.0,-1
"F[0,2](((Alkalinephos >= 0.656 -> Magnesium >= 0.074) | Bilirubin_total <= 1.742) & pH >= 0.019)
",-9999999.000,-9999999.000,0.000,0.000,1.000,0,0,0,25,25,0,0,25,0.0,0.0,0.0,0.0,0.0,1.0,-1
"F[0,2](((Creatinine >= 0.130 | Magnesium <= 1.544) | Hgb <= 1.525) & Lactate >= 0.027)
",-9999999.000,-9999999.000,0.000,0.000,1.000,0,0,0,25,25,0,0,25,0.0,0.0,0.0,0.0,0.0,1.0,-1
"F[2,2](Chloride >= 2.019 & Magnesium >= 0.125)
",-2.019,-2.019,0.000,0.000,1.000,0,0,0,25,25,0,0,25,0.0,0.0,0.0,0.0,0.0,1.0,-1
"F[0,0]((Chloride <= 45.175 -> Phosphate <= 0.294) | Resp <= 4.191)
",-22.140,-44.308,0.000,0.000,1.000,0,0,0,25,25,0,0,25,0.0,0.0,0.0,0.0,0.0,1.0,-1
"F[0,1]((Creatinine >= 0.086 & Platelets >= 15.287) -> Bilirubin_direct >= 13.602)
",-9999999.000,-9999999.000,0.000,0.000,1.000,0,0,0,25,25,0,0,25,0.0,0.0,0.0,0.0,0.0,1.0,-1
"F[0,1](((PaCO2 <= 40.778 | Potassium <= 4.581) | BUN <= 2.000) -> Platelets <= 1.226)
",-9999999.000,-9999999.000,0.000,0.000,1.000,0,0,0,25,25,0,0,25,0.0,0.0,0.0,0.0,0.0,1.0,-1
"F[2,2](((Lactate <= 1.438 & Potassium >= 0.382) -> HR <= 1.575) & Alkalinephos <= 1.376)
",-1.575,-1.575,0.000,0.000,1.000,0,0,0,25,25,0,0,25,0.0,0.0,0.0,0.0,0.0,1.0,-1
"F[0,2](Alkalinephos >= 0.285 | Creatinine >= 0.006)
",-9999999.000,-9999999.000,0.000,0.000,1.000,0,0,0,25,25,0,0,25,0.0,0.0,0.0,0.0,0.0,1.0,-1
"F[0,2](((Bilirubin_total >= 0.015 & Creatinine >= 0.020) & Resp >= 0.128) -> SepsisLabel <= 0.365)
",-9999999.000,-9999999.000,0.000,0.000,1.000,0,0,0,25,25,0,0,25,0.0,0.0,0.0,0.0,0.0,1.0,-1
"F[0,1](Hgb <= 3.872 | Hct <= 9.200)
",-9999999.000,-9999999.000,0.000,0.000,1.000,0,0,0,25,25,0,0,25,0.0,0.0,0.0,0.0,0.0,1.0,-1
"F[1,2](((BaseExcess <= -1.218 | Calcium <= 7.278) & SaO2 >= 0.145) -> AST <= 1.409)
",-9999999.000,-9999999.000,0.000,0.000,1.000,0,0,0,25,25,0,0,25,0.0,0.0,0.0,0.0,0.0,1.0,-1
"F[2,2](Hgb <= 7.079 | Hct <= 5.958)
",7.079,7.079,0.000,0.000,1.000,0,0,0,25,25,0,0,25,0.0,0.0,0.0,0.0,0.0,1.0,-1
"G[0,2](BUN <= 20.656 & Creatinine >= 0.017)
",9999999.000,9999999.000,0.000,1.000,0.000,0,0,0,25,25,0,0,25,0.0,0.0,0.0,0.0,0.0,1.0,1
"G[2,2](Chloride >= 1.670 & HCO3 >= 0.937)
",-7519816436009036.000,-1.670,0.000,1.000,0.000,0,0,25,0,0,25,25,0,0.0,0.0,1.0,0.0,0.0,1.0,1
"G[0,1](Platelets <= 312.772 -> WBC >= 0.276)
",9999999.000,9999999.000,0.000,1.000,0.000,0,0,0,25,25,0,0,25,0.0,0.0,0.0,0.0,0.0,1.0,1
"G[0,2](((Hgb <= 7.781 | Hct <= 17.343) -> WBC >= 1.459) & Platelets >= 15.524)
",9999999.000,9999999.000,0.000,1.000,0.000,0,0,0,25,25,0,0,25,0.0,0.0,0.0,0.0,0.0,1.0,1
"G[1,1](BUN <= 5.930 & Creatinine >= 0.037)
",-0.037,-0.037,0.000,1.000,0.000,0,0,0,25,25,0,0,25,0.0,0.0,0.0,0.0,0.0,1.0,1
"G[0,1](Chloride >= 4.368 & HCO3 >= 0.707)
",9999999.000,9999999.000,0.000,1.000,0.000,0,0,0,25,25,0,0,25,0.0,0.0,0.0,0.0,0.0,1.0,1
"G[1,2](((Hgb <= 2.363 | Hct <= 11.461) -> WBC >= 0.680) & Platelets >= 12.175)
",9999999.000,9999999.000,0.000,1.000,0.000,0,0,1,24,24,1,1,24,0.0,0.0,1.0,0.0,0.0,1.0,1
"G[0,2](Chloride >= 4.260 & HCO3 >= 0.638)
",9999999.000,9999999.000,0.000,1.000,0.000,0,0,0,25,25,0,0,25,0.0,0.0,0.0,0.0,0.0,1.0,1
"G[0,1](BUN <= 9.688 & Creatinine >= 0.037)
",9999999.000,9999999.000,0.000,1.000,0.000,0,0,0,25,25,0,0,25,0.0,0.0,0.0,0.0,0.0,1.0,1
"G[0,1](Platelets <= 166.292 -> WBC >= 1.052)
",9999999.000,9999999.000,0.000,1.000,0.000,0,0,0,25,25,0,0,25,0.0,0.0,0.0,0.0,0.0,1.0,1
"G[0,2](((Hgb <= 8.393 | Hct <= 13.518) -> WBC >= 0.795) & Platelets >= 1.342)
",9999999.000,9999999.000,0.000,1.000,0.000,0,0,0,25,25,0,0,25,0.0,0.0,0.0,0.0,0.0,1.0,1
"G[0,2](Chloride >= 4.588 & HCO3 >= 0.245)
",9999999.000,9999999.000,0.000,1.000,0.000,0,0,0,25,25,0,0,25,0.0,0.0,0.0,0.0,0.0,1.0,1
"G[1,2](Platelets <= 291.580 -> WBC >= 0.297)
",9999999.000,9999999.000,0.000,1.000,0.000,0,0,1,24,24,1,1,24,0.0,0.0,1.0,0.0,0.0,1.0,1
"G[0,1](Platelets <= 28.565 -> WBC >= 0.492)
",9999999.000,9999999.000,0.000,1.000,0.000,0,0,0,25,25,0,0,25,0.0,0.0,0.0,0.0,0.0,1.0,1
"G[0,1](((Hgb <= 7.210 | Hct <= 4.281) -> WBC >= 0.112) & Platelets >= 3.439)
",9999999.000,9999999.000,0.000,1.000,0.000,0,0,0,25,25,0,0,25,0.0,0.0,0.0,0.0,0.0,1.0,1
"G[0,1](BUN <= 13.866 & Creatinine >= 0.099)
",9999999.000,9999999.000,0.000,1.000,0.000,0,0,0,25,25,0,0,25,0.0,0.0,0.0,0.0,0.0,1.0,1
"G[2,2](Platelets <= 280.412 -> WBC >= 0.879)
",-280.412,-280.412,0.000,1.000,0.000,0,0,25,0,0,25,25,0,0.0,0.0,1.0,0.0,0.0,1.0,1
"G[1,2](((Hgb <= 5.483 | Hct <= 26.314) -> WBC >= 0.077) & Platelets >= 3.955)
",9999999.000,9999999.000,0.000,1.000,0.000,0,0,1,24,24,1,1,24,0.0,0.0,1.0,0.0,0.0,1.0,1
"G[2,2](BUN <= 11.795 & Creatinine >= 0.058)
",-8289063654322829.000,-0.058,0.000,1.000,0.000,0,0,25,0,0,25,25,0,0.0,0.0,1.0,0.0,0.0,1.0,1
"G[0,0](((Chloride >= 1.164 -> DBP >= 48.920) & Calcium >= 44.978) & Temp >= 51.060)
",-19.087,-44.502,0.000,1.000,0.000,0,0,0,25,25,0,0,25,0.0,0.0,0.0,0.0,0.0,1.0,1
"G[0,2](((SaO2 <= 79.481 -> WBC <= 15.191) & Platelets >= 0.550) -> pH <= 18.672)
",9999999.000,9999999.000,0.000,1.000,0.000,0,0,25,0,0,25,25,0,0.0,0.0,1.0,0.0,0.0,1.0,1
"G[1,2]((Calcium <= 6.676 | Hct >= 0.036) & HR <= 4.333)
",9999999.000,9999999.000,0.000,1.000,0.000,0,0,0,25,25,0,0,25,0.0,0.0,0.0,0.0,0.0,1.0,1
"G[0,2]((Chloride <= 26.103 | PaCO2 >= 7.819) & Lactate >= 15.791)
",9999999.000,9999999.000,0.000,1.000,0.000,0,0,0,25,25,0,0,25,0.0,0.0,0.0,0.0,0.0,1.0,1
"G[0,1](BUN <= 21.964 & Creatinine >= 0.019)
",9999999.000,9999999.000,0.000,1.000,0.000,0,0,0,25,25,0,0,25,0.0,0.0,0.0,0.0,0.0,1.0,1
"G[0,0](BUN <= 5.719 & Creatinine >= 0.048)
",-0.153,-0.666,0.000,1.000,0.000,0,0,0,25,25,0,0,25,0.0,0.0,0.0,0.0,0.0,1.0,1
"G[1,1]((AST >= 0.167 & Chloride <= 46.338) & Phosphate >= 3.726)
",-8391038379025565.000,-3.726,0.000,1.000,0.000,0,0,0,25,25,0,0,25,0.0,0.0,0.0,0.0,0.0,1.0,1
"G[2,2](((HCO3 <= 4.852 -> Hgb >= 0.720) | EtCO2 >= 0.036) -> HR <= 9.241)
",-9.241,-9.241,0.000,1.000,0.000,0,0,25,0,0,25,25,0,0.0,0.0,1.0,0.0,0.0,1.0,1
"G[1,2](AST <= 14.390 & SepsisLabel = 0.000)
",9999999.000,9999999.000,0.000,1.000,0.000,0,0,25,0,0,25,25,0,0.0,0.0,1.0,0.0,0.0,1.0,1
"G[2,2](HR <= 102.743 -> SepsisLabel = 0.000)
",-7229907310609597.000,-102.743,0.000,1.000,0.000,0,0,25,0,0,25,25,0,0.0,0.0,1.0,0.0,0.0,1.0,1
"G[1,2](pH >= 1.652 & SepsisLabel = 0.000)
",9999999.000,9999999.000,0.000,1.000,0.000,0,0,12,13,13,12,12,13,0.0,0.0,1.0,0.0,0.0,1.0,1
"G[2,2](AST > 0.624 -> SepsisLabel = 0.000)
",0.000,0.000,0.000,1.000,0.000,0,0,25,0,0,25,25,0,0.0,0.0,1.0,0.0,0.0,1.0,1
"G[0,1](Bilirubin_total > 0.009 & SepsisLabel = 0.000)
",9999999.000,9999999.000,0.000,1.000,0.000,0,0,0,25,25,0,0,25,0.0,0.0,0.0,0.0,0.0,1.0,1
"G[1,2](((Calcium >= 0.150 & Phosphate >= 0.062) -> BUN <= 0.354) -> AST >= 0.060)
",9999999.000,9999999.000,0.000,1.000,0.000,0,0,1,24,24,1,1,24,0.0,0.0,1.0,0.0,0.0,1.0,1
"G[0,2](Chloride <= 85.285 -> PTT >= 2.206)
",9999999.000,9999999.000,0.000,1.000,0.000,0,0,0,25,25,0,0,25,0.0,0.0,0.0,0.0,0.0,1.0,1
"G[2,2](Hgb <= 10.457 & WBC <= 24.931)
",5887009215253779.000,10.457,0.000,1.000,0.000,0,0,25,0,0,25,25,0,0.0,0.0,1.0,0.0,0.0,1.0,1
"G[2,2](Platelets <= 183.032 | WBC <= 3.817)
",183.032,183.032,0.000,1.000,0.000,0,0,25,0,0,25,25,0,0.0,0.0,1.0,0.0,0.0,1.0,1
"G[1,2](PTT >= 0.503 | WBC <= 1.877)
",9999999.000,9999999.000,0.000,1.000,0.000,0,0,25,0,0,25,25,0,0.0,0.0,1.0,0.0,0.0,1.0,1
"G[1,2]((BUN >= 0.496 -> Chloride <= 18.655) | BUN >= 5.238)
",9999999.000,9999999.000,0.000,1.000,0.000,0,0,25,0,0,25,25,0,0.0,0.0,1.0,0.0,0.0,1.0,1
"G[2,2](((Hgb <= 4.317 | Hct <= 30.676) -> WBC >= 0.685) & Platelets >= 14.585)
",-8634399735604278.000,-30.676,0.000,1.000,0.000,0,0,25,0,0,25,25,0,0.0,0.0,1.0,0.0,0.0,1.0,1
"G[1,2](((HCO3 <= 16.522 | Platelets <= 347.106) | Hct <= 318.107) | Lactate <= 253.525)
",9999999.000,9999999.000,0.000,1.000,0.000,0,0,25,0,0,25,25,0,0.0,0.0,1.0,0.0,0.0,1.0,1
"G[1,2]((MAP >= 62.479 -> SBP >= 97.844) & Resp >= 110.038)
",9999999.000,9999999.000,0.000,1.000,0.000,0,0,0,25,25,0,0,25,0.0,0.0,0.0,0.0,0.0,1.0,1
"G[1,2](Chloride >= 0.224 | Hct <= 16.529)
",9999999.000,9999999.000,0.000,1.000,0.000,0,0,24,1,1,24,24,1,0.0,0.0,1.0,0.0,0.0,1.0,1
"G[0,1]((Hct >= 2.201 | PTT >= 1.768) | MAP <= 25.100)
",9999999.000,9999999.000,0.000,1.000,0.000,0,0,0,25,25,0,0,25,0.0,0.0,0.0,0.0,0.0,1.0,1
"G[0,2](BUN <= 20.695 & Creatinine >= 0.067)
",9999999.000,9999999.000,0.000,1.000,0.000,0,0,0,25,25,0,0,25,0.0,0.0,0.0,0.0,0.0,1.0,1
"G[0,2](((Hgb <= 10.333 | Hct <= 17.475) -> WBC >= 1.352) & Platelets >= 14.313)
",9999999.000,9999999.000,0.000,1.000,0.000,0,0,0,25,25,0,0,25,0.0,0.0,0.0,0.0,0.0,1.0,1
"G[1,2](Platelets <= 333.814 -> WBC >= 0.126)
",9999999.000,9999999.000,0.000,1.000,0.000,0,0,1,24,24,1,1,24,0.0,0.0,1.0,0.0,0.0,1.0,1
"G[0,1](Platelets <= 252.308 -> WBC >= 0.358)
",9999999.000,9999999.000,0.000,1.000,0.000,0,0,0,25,25,0,0,25,0.0,0.0,0.0,0.0,0.0,1.0,1
"G[0,2](BUN <= 15.227 & Creatinine >= 0.049)
",9999999.000,9999999.000,0.000,1.000,0.000,0,0,0,25,25,0,0,25,0.0,0.0,0.0,0.0,0.0,1.0,1
"G[2,2](Chloride >= 6.510 & HCO3 >= 0.599)
",-6.510,-6.510,0.000,1.000,0.000,0,0,25,0,0,25,25,0,0.0,0.0,1.0,0.0,0.0,1.0,1
"G[0,2](Bilirubin_total >= 0.013 -> Chloride <= 22.963)
",9999999.000,9999999.000,0.000,1.000,0.000,0,0,24,1,1,24,24,1,0.0,0.0,1.0,0.0,0.0,1.0,1
"G[0,0](((BaseExcess <= -1.188 -> Potassium >= 0.553) | Creatinine <= 4.763) & SepsisLabel >= 0.950)
",-1.512,-1.010,0.000,1.000,0.000,0,0,0,25,25,0,0,25,0.0,0.0,0.0,0.0,0.0,1.0,1
"G[1,2](Hgb > 0.582 -> SepsisLabel = 0.000)
",9999999.000,9999999.000,0.000,1.000,0.000,0,0,25,0,0,25,25,0,0.0,0.0,1.0,0.0,0.0,1.0,1
"G[2,2]((Hgb >= 0.194 -> Lactate >= 0.071) -> BaseExcess <= 0.811)
",-7302409539982486.000,-0.811,0.000,1.000,0.000,0,0,25,0,0,25,25,0,0.0,0.0,1.0,0.0,0.0,1.0,1
"G[0,2]((AST <= 8.272 | pH >= 2.571) & Platelets <= 6.063)
",9999999.000,9999999.000,0.000,1.000,0.000,0,0,20,5,5,20,20,5,0.0,0.0,1.0,0.0,0.0,1.0,1
"G[0,2](Creatinine >= 0.061 & pH >= 0.280)
",9999999.000,9999999.000,0.000,1.000,0.000,0,0,0,25,25,0,0,25,0.0,0.0,0.0,0.0,0.0,1.0,1
"G[2,2](Bilirubin_total <= 0.041 | FiO2 <= 0.561)
",0.561,0.561,0.000,1.000,0.000,0,0,25,0,0,25,25,0,0.0,0.0,1.0,0.0,0.0,1.0,1
"G[2,2](((AST >= 0.087 -> O2Sat >= 96.353) -> HR >= 94.499) & TroponinI >= 94.893)
",-6677480027423759.000,-94.893,0.000,1.000,0.000,0,0,25,0,0,25,25,0,0.0,0.0,1.0,0.0,0.0,1.0,1
"G[0,2]((DBP >= 46.966 | PTT <= 33.504) -> HR <= 32.673)
",9999999.000,9999999.000,0.000,1.000,0.000,0,0,0,25,25,0,0,25,0.0,0.0,0.0,0.0,0.0,1.0,1
"G[0,2](((PTT >= 0.193 -> Resp >= 15.393) & O2Sat <= 25.777) | Fibrinogen <= 29.575)
",9999999.000,9999999.000,0.000,1.000,0.000,0,0,25,0,0,25,25,0,0.0,0.0,1.0,0.0,0.0,1.0,1
"G[1,2](((BaseExcess >= -3.749 -> DBP >= 52.583) -> Fibrinogen <= 80.051) -> Platelets <= 88.473)
",9999999.000,9999999.000,0.000,1.000,0.000,0,0,24,1,1,24,24,1,0.0,0.0,1.0,0.0,0.0,1.0,1
"G[1,2](Magnesium <= 1.742 & WBC >= 0.242)
",9999999.000,9999999.000,0.000,1.000,0.000,0,0,0,25,25,0,0,25,0.0,0.0,0.0,0.0,0.0,1.0,1
"G[1,2](((BUN <= 9.391 -> Lactate >= 0.416) | BUN >= 0.393) -> Temp >= 0.140)
",9999999.000,9999999.000,0.000,1.000,0.000,0,0,25,0,0,25,25,0,0.0,0.0,1.0,0.0,0.0,1.0,1
"G[0,2]((pH >= 3.105 & PTT <= 38.407) & Potassium >= 1.648)
",9999999.000,9999999.000,0.000,1.000,0.000,0,0,1,24,24,1,1,24,0.0,0.0,1.0,0.0,0.0,1.0,1
"G[1,2](((Chloride >= 3.080 & pH <= 4.753) -> BUN <= 7.426) -> SaO2 >= 0.850)
",9999999.000,9999999.000,0.000,1.000,0.000,0,0,9,16,16,9,9,16,0.0,0.0,1.0,0.0,0.0,1.0,1
"G[1,2]((MAP <= 77.813 | PaCO2 <= 20.468) & Creatinine <= 47.854)
",9999999.000,9999999.000,0.000,1.000,0.000,0,0,21,4,4,21,21,4,0.0,0.0,1.0,0.0,0.0,1.0,1
"G[1,2](((FiO2 >= 0.032 & Temp <= 37.913) | Bilirubin_direct <= 38.324) -> SepsisLabel >= 5.651)
",9999999.000,9999999.000,0.000,1.000,0.000,0,0,0,25,25,0,0,25,0.0,0.0,0.0,0.0,0.0,1.0,1
"G[0,2]((Phosphate >= 0.043 & Potassium >= 0.950) -> Resp <= 3.741)
",9999999.000,9999999.000,0.000,1.000,0.000,0,0,24,1,1,24,24,1,0.0,0.0,1.0,0.0,0.0,1.0,1
"G[0,2]((BaseExcess <= -0.911 -> Hct <= 11.484) -> PTT >= 2.404)
",9999999.000,9999999.000,0.000,1.000,0.000,0,0,0,25,25,0,0,25,0.0,0.0,0.0,0.0,0.0,1.0,1
"G[0,2](((pH >= 2.227 -> WBC >= 0.822) | Resp >= 0.545) & Magnesium <= 2.361)
",9999999.000,9999999.000,0.000,1.000,0.000,0,0,24,1,1,24,24,1,0.0,0.0,1.0,0.0,0.0,1.0,1
"G[2,2](((SBP >= 99.945 -> Temp <= 36.164) -> BUN >= 12.589) -> MAP >= 15.452)
",-7087114851104292.000,-12.589,0.000,1.000,0.000,0,0,25,0,0,25,25,0,0.0,0.0,1.0,0.0,0.0,1.0,1
"G[1,2](Creatinine <= 1.089 -> Glucose >= 46.301)
",9999999.000,9999999.000,0.000,1.000,0.000,0,0,13,12,12,13,13,12,0.0,0.0,1.0,0.0,0.0,1.0,1
"G[0,1](((Resp >= 14.297 | WBC <= 6.017) -> O2Sat >= 0.501) & O2Sat <= 15.865)
",9999999.000,9999999.000,0.000,1.000,0.000,0,0,0,25,25,0,0,25,0.0,0.0,0.0,0.0,0.0,1.0,1
"G[2,2](Glucose >= 51.655 & PTT <= 45.503)
",-7269821503487103.000,-51.655,0.000,1.000,0.000,0,0,25,0,0,25,25,0,0.0,0.0,1.0,0.0,0.0,1.0,1
"G[0,2]((Glucose >= 44.196 & pH >= 1.043) & PaCO2 >= 0.617)
",9999999.000,9999999.000,0.000,1.000,0.000,0,0,5,20,20,5,5,20,0.0,0.0,1.0,0.0,0.0,1.0,1
"G[1,2](Alkalinephos >= 0.346 & PaCO2 <= 43.108)
",9999999.000,9999999.000,0.000,1.000,0.000,0,0,0,25,25,0,0,25,0.0,0.0,0.0,0.0,0.0,1.0,1
"G[1,2]((Alkalinephos >= 0.614 | Glucose <= 90.660) | Fibrinogen >= 55.405)
",9999999.000,9999999.000,0.000,1.000,0.000,0,0,14,11,11,14,14,11,0.0,0.0,1.0,0.0,0.0,1.0,1
"G[1,2](Phosphate <= 1.397 & SaO2 >= 0.131)
",9999999.000,9999999.000,0.000,1.000,0.000,0,0,8,17,17,8,8,17,0.0,0.0,1.0,0.0,0.0,1.0,1
"G[2,2]((Hct <= 6.962 & pH >= 1.041) -> Bilirubin_direct <= 6.055)
",-6817805717895217.000,-6.055,0.000,1.000,0.000,0,0,25,0,0,25,25,0,0.0,0.0,1.0,0.0,0.0,1.0,1
"G[0,1]((AST <= 23.164 & Hct <= 28.477) -> DBP <= 4.941)
",9999999.000,9999999.000,0.000,1.000,0.000,0,0,0,25,25,0,0,25,0.0,0.0,0.0,0.0,0.0,1.0,1
"G[1,2]((Potassium >= 0.004 | PTT >= 1.870) & SBP <= 11.988)
",9999999.000,9999999.000,0.000,1.000,0.000,0,0,0,25,25,0,0,25,0.0,0.0,0.0,0.0,0.0,1.0,1
"G[2,2](Chloride >= 3.902 | Potassium <= 2.292)
",2.292,2.292,0.000,1.000,0.000,0,0,25,0,0,25,25,0,0.0,0.0,1.0,0.0,0.0,1.0,1
"G[1,1](((Glucose <= 145.170 & Platelets <= 315.943) | Hgb <= 211.447) -> pH >= 17.445)
",-7439643452073759.000,-211.447,0.000,1.000,0.000,0,0,0,25,25,0,0,25,0.0,0.0,0.0,0.0,0.0,1.0,1
"G[0,1]((Hct >= 1.645 | PaCO2 >= 11.428) & Fibrinogen >= 2.252)
",9999999.000,9999999.000,0.000,1.000,0.000,0,0,0,25,25,0,0,25,0.0,0.0,0.0,0.0,0.0,1.0,1
"G[0,2](((HCO3 <= 14.041 | SaO2 >= 15.517) | HCO3 >= 23.806) -> BUN >= 25.862)
",9999999.000,9999999.000,0.000,1.000,0.000,0,0,0,25,25,0,0,25,0.0,0.0,0.0,0.0,0.0,1.0,1
"G[0,2](Hgb <= 3.388 & Magnesium >= 0.090)
",9999999.000,9999999.000,0.000,1.000,0.000,0,0,0,25,25,0,0,25,0.0,0.0,0.0,0.0,0.0,1.0,1
"G[0,2](Alkalinephos <= 34.300 | Lactate <= 3.797)
",9999999.000,9999999.000,0.000,1.000,0.000,0,0,25,0,0,25,25,0,0.0,0.0,1.0,0.0,0.0,1.0,1
"G[1,2](Phosphate <= 4.273 -> PTT <= 17.004)
",9999999.000,9999999.000,0.000,1.000,0.000,0,0,25,0,0,25,25,0,0.0,0.0,1.0,0.0,0.0,1.0,1
"G[1,2](((Bilirubin_total <= 0.275 | Lactate <= 2.505) & BUN >= 0.429) | Platelets <= 3.537)
",9999999.000,9999999.000,0.000,1.000,0.000,0,0,25,0,0,25,25,0,0.0,0.0,1.0,0.0,0.0,1.0,1
"G[0,2](Bilirubin_total >= 0.008 -> Hct <= 29.755)
",9999999.000,9999999.000,0.000,1.000,0.000,0,0,24,1,1,24,24,1,0.0,0.0,1.0,0.0,0.0,1.0,1
"G[0,2](HCO3 >= 0.591 & Magnesium <= 2.429)
",9999999.000,9999999.000,0.000,1.000,0.000,0,0,0,25,25,0,0,25,0.0,0.0,0.0,0.0,0.0,1.0,1
"G[2,2](((BaseExcess >= -8.329 -> Bilirubin_total >= 0.005) | Platelets <= 0.142) & Bilirubin_direct <= 0.166)
",0.142,0.142,0.000,1.000,0.000,0,0,25,0,0,25,25,0,0.0,0.0,1.0,0.0,0.0,1.0,1
"G[0,2]((Alkalinephos <= 13.293 -> Hct >= 2.047) | Lactate <= 9.508)
",9999999.000,9999999.000,0.000,1.000,0.000,0,0,25,0,0,25,25,0,0.0,0.0,1.0,0.0,0.0,1.0,1
"G[0,2](((Glucose >= 55.383 | Potassium >= 0.206) -> TroponinI >= 0.023) -> MAP >= 0.391)
",9999999.000,9999999.000,0.000,1.000,0.000,0,0,25,0,0,25,25,0,0.0,0.0,1.0,0.0,0.0,1.0,1
"G[0,2]((Alkalinephos >= 1.101 | Platelets <= 114.834) -> AST >= 17.092)
",9999999.000,9999999.000,0.000,1.000,0.000,0,0,0,25,25,0,0,25,0.0,0.0,0.0,0.0,0.0,1.0,1
"G[0,2](HCO3 >= 0.385 & Phosphate >= 0.054)
",9999999.000,9999999.000,0.000,1.000,0.000,0,0,0,25,25,0,0,25,0.0,0.0,0.0,0.0,0.0,1.0,1
"G[0,2](((Calcium <= 0.636 -> HCO3 >= 0.107) | Bilirubin_total >= 0.814) -> AST <= 16.761)
",9999999.000,9999999.000,0.000,1.000,0.000,0,0,24,1,1,24,24,1,0.0,0.0,1.0,0.0,0.0,1.0,1
"G[1,2]((DBP >= 47.833 | Phosphate <= 1.233) -> BaseExcess <= 0.662)
",9999999.000,9999999.000,0.000,1.000,0.000,0,0,25,0,0,25,25,0,0.0,0.0,1.0,0.0,0.0,1.0,1
"G[0,2]((DBP >= 45.300 -> O2Sat >= 94.889) & Bilirubin_direct <= 99.753)
",9999999.000,9999999.000,0.000,1.000,0.000,0,0,23,2,2,23,23,2,0.0,0.0,1.0,0.0,0.0,1.0,1
"G[0,1]((Bilirubin_total >= 0.007 & Hgb <= 4.709) & Potassium <= 2.539)
",9999999.000,9999999.000,0.000,1.000,0.000,0,0,0,25,25,0,0,25,0.0,0.0,0.0,0.0,0.0,1.0,1
"G[1,2](((BUN <= 18.306 | Glucose <= 159.694) | HR >= 31.943) | BaseExcess >= 37.460)
",9999999.000,9999999.000,0.000,1.000,0.000,0,0,25,0,0,25,25,0,0.0,0.0,1.0,0.0,0.0,1.0,1
"G[0,2]((Bilirubin_total >= 0.005 & PaCO2 <= 52.294) -> MAP >= 15.133)
",9999999.000,9999999.000,0.000,1.000,0.000,0,0,25,0,0,25,25,0,0.0,0.0,1.0,0.0,0.0,1.0,1
"G[0,2](Magnesium < 1.108 -> SepsisLabel = 0.000)
",9999999.000,9999999.000,0.000,1.000,0.000,0,0,25,0,0,25,25,0,0.0,0.0,1.0,0.0,0.0,1.0,1
"G[2,2](DBP > 45.221 -> SepsisLabel = 0.000)
",0.000,0.000,0.000,1.000,0.000,0,0,25,0,0,25,25,0,0.0,0.0,1.0,0.0,0.0,1.0,1
"G[1,1](((Creatinine >= 0.030 | WBC <= 7.562) & Phosphate <= 13.233) -> Alkalinephos >= 0.309)
",-7.562,-7.562,0.000,1.000,0.000,0,0,0,25,25,0,0,25,0.0,0.0,0.0,0.0,0.0,1.0,1
"G[2,2](((Platelets >= 14.065 -> DBP >= 54.656) & AST >= 47.705) | Fibrinogen >= 47.032)
",-6619150206711409.000,-47.032,0.000,1.000,0.000,0,0,25,0,0,25,25,0,0.0,0.0,1.0,0.0,0.0,1.0,1
"G[2,2](((Calcium >= 0.014 -> pH >= 2.140) & pH >= 1.204) -> BaseExcess <= 3.591)
",-3.591,-3.591,0.000,1.000,0.000,0,0,25,0,0,25,25,0,0.0,0.0,1.0,0.0,0.0,1.0,1
"G[1,2]((BaseExcess <= -1.096 | Hgb <= 8.174) | O2Sat <= 5.534)
",9999999.000,9999999.000,0.000,1.000,0.000,0,0,24,1,1,24,24,1,0.0,0.0,1.0,0.0,0.0,1.0,1
"G[1,2](FiO2 >= 0.173 & pH <= 3.815)
",9999999.000,9999999.000,0.000,1.000,0.000,0,0,0,25,25,0,0,25,0.0,0.0,0.0,0.0,0.0,1.0,1
"G[2,2](((pH >= 1.856 -> Resp <= 30.695) | Chloride <= 27.412) | Temp <= 28.480)
",28.480,28.480,0.000,1.000,0.000,0,0,25,0,0,25,25,0,0.0,0.0,1.0,0.0,0.0,1.0,1
"G[1,2](BaseExcess <= -1.463 | SaO2 <= 56.854)
",9999999.000,9999999.000,0.000,1.000,0.000,0,0,22,3,3,22,22,3,0.0,0.0,1.0,0.0,0.0,1.0,1
"G[0,1]((HR >= 63.737 -> Magnesium <= 2.423) & HR <= 1.048)
",9999999.000,9999999.000,0.000,1.000,0.000,0,0,0,25,25,0,0,25,0.0,0.0,0.0,0.0,0.0,1.0,1
"G[0,2]((MAP >= 66.250 -> SaO2 >= 7.341) | TroponinI >= 27.532)
",9999999.000,9999999.000,0.000,1.000,0.000,0,0,6,19,19,6,6,19,0.0,0.0,1.0,0.0,0.0,1.0,1
"G[2,2]((O2Sat <= 97.952 -> WBC <= 29.282) -> EtCO2 >= 0.441)
",0.441,0.441,0.000,1.000,0.000,0,0,25,0,0,25,25,0,0.0,0.0,1.0,0.0,0.0,1.0,1
"G[1,2]((FiO2 <= 0.934 -> Resp >= 21.026) -> Bilirubin_total >= 14.088)
",9999999.000,9999999.000,0.000,1.000,0.000,0,0,3,22,22,3,3,22,0.0,0.0,1.0,0.0,0.0,1.0,1
"G[0,2](((DBP <= 86.336 -> Hct >= 3.329) | AST >= 1.630) | Fibrinogen >= 2.308)
",9999999.000,9999999.000,0.000,1.000,0.000,0,0,0,25,25,0,0,25,0.0,0.0,0.0,0.0,0.0,1.0,1
"G[0,2]((DBP >= 51.973 -> SaO2 <= 49.487) -> AST <= 92.811)
",9999999.000,9999999.000,0.000,1.000,0.000,0,0,25,0,0,25,25,0,0.0,0.0,1.0,0.0,0.0,1.0,1
"F[1,2](((Creatinine >= 0.112 | O2Sat <= 97.940) -> Creatinine <= 98.052) -> Resp >= 95.410)
",-9999999.000,-9999999.000,0.000,0.000,1.000,0,0,0,25,25,0,0,25,0.0,0.0,0.0,0.0,0.0,1.0,-1
"G[1,2](((Bilirubin_total >= 0.006 | SBP >= 110.120) -> BaseExcess >= 95.207) & BUN >= 108.077)
",9999999.000,9999999.000,0.000,1.000,0.000,0,0,0,25,25,0,0,25,0.0,0.0,0.0,0.0,0.0,1.0,1
"G[0,2](BUN >= 0.727 | Bilirubin_direct >= 0.000)
",9999999.000,9999999.000,0.000,1.000,0.000,0,0,25,0,0,25,25,0,0.0,0.0,1.0,0.0,0.0,1.0,1
"G[2,2](WBC >= 0.567 | Hgb <= 7.547)
",7.547,7.547,0.000,1.000,0.000,0,0,25,0,0,25,25,0,0.0,0.0,1.0,0.0,0.0,1.0,1
"G[2,2]((Alkalinephos <= 22.558 -> SepsisLabel <= 0.000) & Creatinine <= 0.000)
",-6349422000430404.000,-22.558,0.000,1.000,0.000,0,0,25,0,0,25,25,0,0.0,0.0,1.0,0.0,0.0,1.0,1
"G[1,2](((BaseExcess >= -2.593 & BUN >= 0.816) -> DBP <= 8.357) & Platelets <= 16.157)
",9999999.000,9999999.000,0.000,1.000,0.000,0,0,23,2,2,23,23,2,0.0,0.0,1.0,0.0,0.0,1.0,1
"G[2,2](((BaseExcess <= -1.357 | Fibrinogen <= 0.000) | Phosphate <= 0.000) & Hct >= 0.000)
",0.000,0.000,0.000,1.000,0.000,0,0,25,0,0,25,25,0,0.0,0.0,1.0,0.0,0.0,1.0,1
"G[2,2](((AST >= 0.609 -> Potassium <= 4.129) & PTT <= 2.197) -> Glucose <= 2.133)
",-2.133,-2.133,0.000,1.000,0.000,0,0,25,0,0,25,25,0,0.0,0.0,1.0,0.0,0.0,1.0,1
"G[1,2](FiO2 <= 0.328 -> PaCO2 <= 26.878)
",9999999.000,9999999.000,0.000,1.000,0.000,0,0,18,7,7,18,18,7,0.0,0.0,1.0,0.0,0.0,1.0,1
"G[0,2]((Bilirubin_total >= 0.006 -> WBC >= 1.248) -> TroponinI >= 0.868)
",9999999.000,9999999.000,0.000,1.000,0.000,0,0,0,25,25,0,0,25,0.0,0.0,0.0,0.0,0.0,1.0,1
"G[2,2](((Magnesium >= 0.010 & Resp >= 23.313) -> Resp <= 30.914) | Alkalinephos >= 12.307)
",-12.307,-12.307,0.000,1.000,0.000,0,0,25,0,0,25,25,0,0.0,0.0,1.0,0.0,0.0,1.0,1
"F[0,2]((Phosphate >= 0.059 & Magnesium > 0.088) -> Calcium < 3.803)
",-9999999.000,-9999999.000,0.000,0.000,1.000,0,0,0,25,25,0,0,25,0.0,0.0,0.0,0.0,0.0,1.0,-1
"F[0,1](((Creatinine <= 1.027 | Temp >= 7.660) & TroponinI <= 33.062) | HCO3 >= 24.638)
",-9999999.000,-9999999.000,0.000,0.000,1.000,0,0,0,25,25,0,0,25,0.0,0.0,0.0,0.0,0.0,1.0,-1
"G[0,2](Bilirubin_direct >= 0.000 | pH <= 3.685)
",9999999.000,9999999.000,0.000,1.000,0.000,0,0,25,0,0,25,25,0,0.0,0.0,1.0,0.0,0.0,1.0,1
"F[1,2](((pH <= 7.339 -> Magnesium <= 2.113) -> EtCO2 <= 2.123) -> EtCO2 <= 0.962)
",-9999999.000,-9999999.000,0.000,0.000,1.000,0,0,0,25,25,0,0,25,0.0,0.0,0.0,0.0,0.0,1.0,-1
"((O2Sat >= 93.679) U[0,2] (Potassium >= 0.536))
",-9999999.000,-9999999.000,0.000,0.000,1.000,0,0,0,25,25,0,0,25,0.0,0.0,0.0,0.0,0.0,1.0,-1
"F[0,1](Hgb <= 2.630 | Hct <= 24.715)
",-9999999.000,-9999999.000,0.000,0.000,1.000,0,0,0,25,25,0,0,25,0.0,0.0,0.0,0.0,0.0,1.0,-1
"F[0,2](((Hgb <= 1.836 & HR <= 101.252) | WBC >= 65.435) -> Lactate <= 101.677)
",-9999999.000,-9999999.000,0.000,0.000,1.000,0,0,0,25,25,0,0,25,0.0,0.0,0.0,0.0,0.0,1.0,-1
"F[0,2]((Lactate >= 0.283 | SaO2 >= 15.687) | Chloride >= 9.113)
",-9999999.000,-9999999.000,0.000,0.000,1.000,0,0,0,25,25,0,0,25,0.0,0.0,0.0,0.0,0.0,1.0,-1
"F[2,2]((Phosphate >= 0.081 & Magnesium > 0.001) -> Calcium < 6.524)
",-6.524,-6.524,0.000,0.000,1.000,0,0,0,25,25,0,0,25,0.0,0.0,0.0,0.0,0.0,1.0,-1
"F[1,2](AST <= 24.448 | SaO2 >= 8.182)
",-9999999.000,-9999999.000,0.000,0.000,1.000,0,0,0,25,25,0,0,25,0.0,0.0,0.0,0.0,0.0,1.0,-1
"F[2,2]((Calcium <= 3.513 & O2Sat <= 98.648) | Resp <= 98.490)
",98.490,98.490,0.000,0.000,1.000,0,0,0,25,25,0,0,25,0.0,0.0,0.0,0.0,0.0,1.0,-1
"((MAP >= 66.928) U[0,2] (SBP <= 139.954))
",-9999999.000,-9999999.000,0.000,0.000,1.000,0,0,0,25,25,0,0,25,0.0,0.0,0.0,0.0,0.0,1.0,-1
"F[0,2](O2Sat >= 93.964 & Temp <= 34.951)
",-9999999.000,-9999999.000,0.000,0.000,1.000,0,0,0,25,25,0,0,25,0.0,0.0,0.0,0.0,0.0,1.0,-1
"((PTT <= 6.419) U[0,1] (Temp <= 38.607))
",-9999999.000,-9999999.000,0.000,0.000,1.000,0,0,0,25,25,0,0,25,0.0,0.0,0.0,0.0,0.0,1.0,-1
"F[0,2](((Temp <= 34.822 & WBC <= 15.125) | SBP >= 0.227) -> BUN <= 31.378)
",-9999999.000,-9999999.000,0.000,0.000,1.000,0,0,0,25,25,0,0,25,0.0,0.0,0.0,0.0,0.0,1.0,-1
"F[1,1](HR >= 70.941 -> WBC <= 14.861)
",-14.861,-14.861,0.000,0.000,1.000,0,0,0,25,25,0,0,25,0.0,0.0,0.0,0.0,0.0,1.0,-1
"F[1,2]((Alkalinephos >= 1.254 | Glucose >= 3.340) & pH <= 170.734)
",-9999999.000,-9999999.000,0.000,0.000,1.000,0,0,0,25,25,0,0,25,0.0,0.0,0.0,0.0,0.0,1.0,-1
"F[1,2](((MAP <= 82.224 -> O2Sat <= 99.553) -> Potassium <= 99.612) -> BaseExcess <= 99.390)
",-9999999.000,-9999999.000,0.000,0.000,1.000,0,0,0,25,25,0,0,25,0.0,0.0,0.0,0.0,0.0,1.0,-1
"F[0,2](((HR >= 69.069 | Platelets <= 288.516) & AST <= 147.878) | HR >= 6.648)
",-9999999.000,-9999999.000,0.000,0.000,1.000,0,0,0,25,25,0,0,25,0.0,0.0,0.0,0.0,0.0,1.0,-1
"F[0,0]((Phosphate >= 0.037 & Magnesium > 0.168) -> Calcium < 0.500)
",-1.989,-0.558,0.000,0.000,1.000,0,0,0,25,25,0,0,25,0.0,0.0,0.0,0.0,0.0,1.0,-1
"F[2,2]((HR <= 89.550 -> Phosphate >= 0.059) & Fibrinogen >= 0.064)
",-89.550,-89.550,0.000,0.000,1.000,0,0,0,25,25,0,0,25,0.0,0.0,0.0,0.0,0.0,1.0,-1
"F[1,2]((Potassium <= 1.394 -> SBP >= 104.607) | Calcium >= 98.505)
",-9999999.000,-9999999.000,0.000,0.000,1.000,0,0,0,25,25,0,0,25,0.0,0.0,0.0,0.0,0.0,1.0,-1
"F[0,2](BUN >= 1.280 -> Resp >= 13.271)
",-9999999.000,-9999999.000,0.000,0.000,1.000,0,0,0,25,25,0,0,25,0.0,0.0,0.0,0.0,0.0,1.0,-1
"F[1,2](((BaseExcess >= -3.970 | FiO2 <= 0.717) | PaCO2 <= 0.723) -> Temp <= 0.303)
",-9999999.000,-9999999.000,0.000,0.000,1.000,0,0,0,25,25,0,0,25,0.0,0.0,0.0,0.0,0.0,1.0,-1
"F[0,2](((FiO2 >= 0.124 | HR <= 90.131) & Lactate >= 67.248) | PaCO2 >= 67.358)
",-9999999.000,-9999999.000,0.000,0.000,1.000,0,0,0,25,25,0,0,25,0.0,0.0,0.0,0.0,0.0,1.0,-1
"F[2,2](O2Sat >= 93.230 -> Bilirubin_total >= 0.012)
",0.012,0.012,0.000,0.000,1.000,0,0,0,25,25,0,0,25,0.0,0.0,0.0,0.0,0.0,1.0,-1
"G[0,2](((DBP >= 54.796 | FiO2 <= 0.997) | PTT <= 0.656) & BUN >= 0.056)
",9999999.000,9999999.000,0.000,1.000,0.000,0,0,0,25,25,0,0,25,0.0,0.0,0.0,0.0,0.0,1.0,1
"G[1,2](((pH <= 6.612 & TroponinI <= 0.000) | Resp >= 0.000) -> Temp >= 0.000)
",9999999.000,9999999.000,0.000,1.000,0.000,0,0,25,0,0,25,25,0,0.0,0.0,1.0,0.0,0.0,1.0,1
"G[0,2](Lactate >= 0.113 -> SepsisLabel = 0.000)
",9999999.000,9999999.000,0.000,1.000,0.000,0,0,25,0,0,25,25,0,0.0,0.0,1.0,0.0,0.0,1.0,1
"G[0,2]((Phosphate <= 4.454 -> Temp >= 29.579) & TroponinI <= 35.778)
",9999999.000,9999999.000,0.000,1.000,0.000,0,0,22,3,3,22,22,3,0.0,0.0,1.0,0.0,0.0,1.0,1
"G[1,2](Alkalinephos <= 9.885 & Calcium >= 0.047)
",9999999.000,9999999.000,0.000,1.000,0.000,0,0,1,24,24,1,1,24,0.0,0.0,1.0,0.0,0.0,1.0,1
"G[2,2](FiO2 >= 0.135 -> Lactate >= 0.018)
",0.018,0.018,0.000,1.000,0.000,0,0,25,0,0,25,25,0,0.0,0.0,1.0,0.0,0.0,1.0,1
"G[0,2](((Hct >= 0.139 -> HR >= 65.740) | Chloride >= 77.828) -> HCO3 <= 87.540)
",9999999.000,9999999.000,0.000,1.000,0.000,0,0,25,0,0,25,25,0,0.0,0.0,1.0,0.0,0.0,1.0,1
"G[0,2]((HR <= 88.843 -> Lactate <= 2.981) | Glucose <= 3.288)
",9999999.000,9999999.000,0.000,1.000,0.000,0,0,23,2,2,23,23,2,0.0,0.0,1.0,0.0,0.0,1.0,1
"G[2,2](((AST <= 20.166 -> Resp <= 27.228) | Hct <= 31.007) & DBP <= 24.609)
",6926941314606573.000,24.609,0.000,1.000,0.000,0,0,25,0,0,25,25,0,0.0,0.0,1.0,0.0,0.0,1.0,1
"G[2,2](((BaseExcess >= -6.639 & PTT >= 1.509) | Hgb <= 39.721) -> Lactate <= 8.534)
",-39.721,-39.721,0.000,1.000,0.000,0,0,25,0,0,25,25,0,0.0,0.0,1.0,0.0,0.0,1.0,1
"G[1,2]((AST >= 0.374 -> HR <= 93.283) | BaseExcess <= 89.547)
",9999999.000,9999999.000,0.000,1.000,0.000,0,0,25,0,0,25,25,0,0.0,0.0,1.0,0.0,0.0,1.0,1
"G[1,2]((Platelets <= 236.203 & SBP >= 102.571) & TroponinI <= 130.541)
",9999999.000,9999999.000,0.000,1.000,0.000,0,0,22,3,3,22,22,3,0.0,0.0,1.0,0.0,0.0,1.0,1
"G[0,2](((Glucose <= 110.714 & HR >= 76.469) & EtCO2 >= 60.093) & Alkalinephos <= 103.632)
",9999999.000,9999999.000,0.000,1.000,0.000,0,0,0,25,25,0,0,25,0.0,0.0,0.0,0.0,0.0,1.0,1
"G[2,2](O2Sat <= 98.079 -> SaO2 >= 18.092)
",-6901719237392604.000,-98.079,0.000,1.000,0.000,0,0,25,0,0,25,25,0,0.0,0.0,1.0,0.0,0.0,1.0,1
"G[1,2](((PaCO2 >= 12.220 | SBP >= 106.330) & SBP >= 114.293) | AST >= 102.121)
",9999999.000,9999999.000,0.000,1.000,0.000,0,0,15,10,10,15,15,10,0.0,0.0,1.0,0.0,0.0,1.0,1
"G[2,2]((Calcium >= 0.122 & HR >= 77.468) | Calcium >= 61.502)
",-8655673794490582.000,-61.502,0.000,1.000,0.000,0,0,25,0,0,25,25,0,0.0,0.0,1.0,0.0,0.0,1.0,1
"G[1,2](((BUN <= 8.505 | HR <= 83.058) -> SBP <= 97.325) & Glucose >= 66.675)
",9999999.000,9999999.000,0.000,1.000,0.000,0,0,1,24,24,1,1,24,0.0,0.0,1.0,0.0,0.0,1.0,1
"G[0,2](((MAP >= 72.052 & PTT <= 4.495) & Temp <= 20.275) -> Hct <= 39.924)
",9999999.000,9999999.000,0.000,1.000,0.000,0,0,25,0,0,25,25,0,0.0,0.0,1.0,0.0,0.0,1.0,1
"G[1,2](Chloride >= 1.808 & HCO3 >= 1.254)
",9999999.000,9999999.000,0.000,1.000,0.000,0,0,1,24,24,1,1,24,0.0,0.0,1.0,0.0,0.0,1.0,1
"G[2,2](((HCO3 >= 1.056 | Resp <= 26.909) -> Hct <= 24.430) -> TroponinI <= 30.314)
",-8532658403629514.000,-30.314,0.000,1.000,0.000,0,0,25,0,0,25,25,0,0.0,0.0,1.0,0.0,0.0,1.0,1
"G[0,2](((Creatinine <= 0.950 | Hgb >= 0.215) -> HCO3 <= 3.932) & Platelets >= 0.149)
",9999999.000,9999999.000,0.000,1.000,0.000,0,0,0,25,25,0,0,25,0.0,0.0,0.0,0.0,0.0,1.0,1
"G[0,2](Chloride >= 5.226 & HCO3 >= 0.132)
",9999999.000,9999999.000,0.000,1.000,0.000,0,0,0,25,25,0,0,25,0.0,0.0,0.0,0.0,0.0,1.0,1
"G[1,2](Platelets <= 203.818 -> WBC >= 1.037)
",9999999.000,9999999.000,0.000,1.000,0.000,0,0,1,24,24,1,1,24,0.0,0.0,1.0,0.0,0.0,1.0,1
"G[1,1](BUN <= 15.253 & Creatinine >= 0.069)
",-0.069,-0.069,0.000,1.000,0.000,0,0,0,25,25,0,0,25,0.0,0.0,0.0,0.0,0.0,1.0,1
"G[2,2](MAP <= 82.708 -> SepsisLabel = 0.000)
",-82.708,-82.708,0.000,1.000,0.000,0,0,25,0,0,25,25,0,0.0,0.0,1.0,0.0,0.0,1.0,1
"G[1,2](TroponinI >= 0.000 -> SepsisLabel = 0.000)
",9999999.000,9999999.000,0.000,1.000,0.000,0,0,25,0,0,25,25,0,0.0,0.0,1.0,0.0,0.0,1.0,1
"G[1,2](((Bilirubin_total >= 0.012 & Phosphate <= 3.643) | Platelets <= 3.208) | BaseExcess >= 0.001)
",9999999.000,9999999.000,0.000,1.000,0.000,0,0,24,1,1,24,24,1,0.0,0.0,1.0,0.0,0.0,1.0,1
"G[2,2](((O2Sat >= 93.469 & Phosphate >= 0.067) | Calcium >= 0.002) | Platelets <= 4.317)
",4.317,4.317,0.000,1.000,0.000,0,0,25,0,0,25,25,0,0.0,0.0,1.0,0.0,0.0,1.0,1
"G[0,2](Calcium <= 0.462 | MAP >= 68.072)
",9999999.000,9999999.000,0.000,1.000,0.000,0,0,25,0,0,25,25,0,0.0,0.0,1.0,0.0,0.0,1.0,1
"G[0,1](((Hct >= 3.243 -> Resp >= 23.168) & pH >= 21.228) & Hct >= 20.867)
",9999999.000,9999999.000,0.000,1.000,0.000,0,0,0,25,25,0,0,25,0.0,0.0,0.0,0.0,0.0,1.0,1
"G[2,2]((Chloride >= 3.585 | Resp >= 19.270) -> Hgb <= 29.910)
",-29.910,-29.910,0.000,1.000,0.000,0,0,25,0,0,25,25,0,0.0,0.0,1.0,0.0,0.0,1.0,1
"G[2,2](Lactate <= 4.579 -> MAP <= 81.106)
",-81.106,-81.106,0.000,1.000,0.000,0,0,25,0,0,25,25,0,0.0,0.0,1.0,0.0,0.0,1.0,1
"G[1,2](((FiO2 <= 0.881 | PTT >= 0.668) | WBC >= 1.673) & SaO2 <= 16.226)
",9999999.000,9999999.000,0.000,1.000,0.000,0,0,16,9,9,16,16,9,0.0,0.0,1.0,0.0,0.0,1.0,1
"G[0,1](((FiO2 <= 0.566 | Magnesium <= 0.310) & DBP >= 0.194) -> HCO3 >= 0.066)
",9999999.000,9999999.000,0.000,1.000,0.000,0,0,0,25,25,0,0,25,0.0,0.0,0.0,0.0,0.0,1.0,1
"G[2,2]((Lactate >= 0.278 -> Resp >= 21.105) & Magnesium >= 24.024)
",-6762113045838509.000,-24.024,0.000,1.000,0.000,0,0,25,0,0,25,25,0,0.0,0.0,1.0,0.0,0.0,1.0,1
"G[0,2]((Lactate >= 0.117 | Temp <= 35.429) | HCO3 >= 32.714)
",9999999.000,9999999.000,0.000,1.000,0.000,0,0,6,19,19,6,6,19,0.0,0.0,1.0,0.0,0.0,1.0,1
"G[2,2](((DBP <= 77.239 & Platelets >= 24.706) -> MAP <= 172.924) & SBP >= 16.788)
",-6084223235148242.000,-172.924,0.000,1.000,0.000,0,0,25,0,0,25,25,0,0.0,0.0,1.0,0.0,0.0,1.0,1
"G[1,2]((Hgb >= 0.529 & SBP >= 116.153) & Calcium >= 97.565)
",9999999.000,9999999.000,0.000,1.000,0.000,0,0,0,25,25,0,0,25,0.0,0.0,0.0,0.0,0.0,1.0,1
"G[1,2]((O2Sat <= 98.043 | SBP >= 117.345) -> Potassium >= 115.497)
",9999999.000,9999999.000,0.000,1.000,0.000,0,0,7,18,18,7,7,18,0.0,0.0,1.0,0.0,0.0,1.0,1
"G[0,2](((FiO2 >= 0.011 | PaCO2 <= 28.312) -> SepsisLabel <= 51.985) & Alkalinephos >= 13.140)
",9999999.000,9999999.000,0.000,1.000,0.000,0,0,0,25,25,0,0,25,0.0,0.0,0.0,0.0,0.0,1.0,1
"G[0,2](pH <= 7.311 & SBP >= 106.921)
",9999999.000,9999999.000,0.000,1.000,0.000,0,0,7,18,18,7,7,18,0.0,0.0,1.0,0.0,0.0,1.0,1
"G[1,2]((BaseExcess >= -3.412 -> MAP >= 61.886) & Lactate >= 68.553)
",9999999.000,9999999.000,0.000,1.000,0.000,0,0,0,25,25,0,0,25,0.0,0.0,0.0,0.0,0.0,1.0,1
"G[1,2](((Chloride >= 5.232 | Temp >= 2.719) & O2Sat <= 37.016) & HCO3 >= 21.896)
",9999999.000,9999999.000,0.000,1.000,0.000,0,0,0,25,25,0,0,25,0.0,0.0,0.0,0.0,0.0,1.0,1
"G[1,2](((FiO2 >= 0.180 -> WBC >= 1.093) -> Magnesium <= 15.059) -> PTT <= 30.105)
",9999999.000,9999999.000,0.000,1.000,0.000,0,0,24,1,1,24,24,1,0.0,0.0,1.0,0.0,0.0,1.0,1
"G[0,2](((HCO3 >= 1.248 & O2Sat >= 96.745) | pH <= 99.078) | HCO3 >= 95.451)
",9999999.000,9999999.000,0.000,1.000,0.000,0,0,25,0,0,25,25,0,0.0,0.0,1.0,0.0,0.0,1.0,1
"G[0,2](Alkalinephos >= 1.193 | SaO2 >= 13.583)
",9999999.000,9999999.000,0.000,1.000,0.000,0,0,4,21,21,4,4,21,0.0,0.0,1.0,0.0,0.0,1.0,1
"G[2,2](((O2Sat >= 95.210 | PTT <= 14.322) & Bilirubin_total <= 15.850) & BaseExcess >= 1.674)
",-7537771024901526.000,-1.674,0.000,1.000,0.000,0,0,25,0,0,25,25,0,0.0,0.0,1.0,0.0,0.0,1.0,1
"G[0,1]((Hgb <= 3.551 & MAP <= 82.358) & WBC >= 63.969)
",9999999.000,9999999.000,0.000,1.000,0.000,0,0,0,25,25,0,0,25,0.0,0.0,0.0,0.0,0.0,1.0,1
"G[0,1](Hgb >= 0.296 & Temp >= 28.958)
",9999999.000,9999999.000,0.000,1.000,0.000,0,0,0,25,25,0,0,25,0.0,0.0,0.0,0.0,0.0,1.0,1
"G[0,2](((Platelets <= 31.282 & Temp >= 12.255) | PaCO2 <= 33.904) -> Hgb <= 34.467)
",9999999.000,9999999.000,0.000,1.000,0.000,0,0,25,0,0,25,25,0,0.0,0.0,1.0,0.0,0.0,1.0,1
"G[0,2](((Creatinine >= 0.071 -> HR <= 84.819) & Fibrinogen >= 71.690) -> Bilirubin_total <= 81.986)
",9999999.000,9999999.000,0.000,1.000,0.000,0,0,25,0,0,25,25,0,0.0,0.0,1.0,0.0,0.0,1.0,1
"G[1,2](Bilirubin_total <= 0.273 -> HR <= 91.315)
",9999999.000,9999999.000,0.000,1.000,0.000,0,0,20,5,5,20,20,5,0.0,0.0,1.0,0.0,0.0,1.0,1
"F[2,2](SepsisLabel <= 0.000 -> Chloride <= 22.856)
",-6433478087581919.000,-22.856,0.000,0.000,1.000,0,0,0,25,25,0,0,25,0.0,0.0,0.0,0.0,0.0,1.0,-1
