Rule,Discrimination Score,Pos Robustness,Neg Robustness,Percent Class +,Percent Class -,TP,TN,FP,FN,Actual Yes,Actual No,Predicted Yes,Predicted No,TPR/Sens,TNR/Spec,FPR,Precision,Accuracy,MCR
"F[1,1]((Calcium >= 0.023 -> EtCO2 >= 4.788) & Lactate >= 9.568)
",-9.568,-9.568,0.000,0.000,1.000,26,0,0,1,27,0,26,1,0.9629629629629629,0,0,1.0,0.9811320754716981,0.018867924528301883
"F[1,1]((Glucose >= 14.745 & Temp >= 5.356) | SaO2 >= 0.514)
",-0.514,-0.514,0.000,0.000,1.000,26,0,0,1,27,0,26,1,0.9629629629629629,0,0,1.0,0.9811320754716981,0.018867924528301883
"F[0,1]((Calcium <= 6.023 & Potassium <= 2.749) & Magnesium >= 0.059)
",-9999999.000,-9999999.000,0.000,0.000,1.000,26,0,0,1,27,0,26,1,0.9629629629629629,0,0,1.0,0.9811320754716981,0.018867924528301883
"F[0,1](((EtCO2 <= 23.077 -> O2Sat <= 97.409) & O2Sat <= 98.300) & Alkalinephos >= 30.983)
",-9999999.000,-9999999.000,0.000,0.000,1.000,26,0,0,1,27,0,26,1,0.9629629629629629,0,0,1.0,0.9811320754716981,0.018867924528301883
"((Magnesium >= 0.094) U[0,0] (Magnesium >= 0.061))
",-0.061,-0.061,0.000,0.000,1.000,26,0,0,1,27,0,26,1,0.9629629629629629,0,0,1.0,0.9811320754716981,0.018867924528301883
"F[1,1](Fibrinogen < 0.000 & SepsisLabel = 0.000)
",0.000,0.000,0.000,0.000,1.000,26,0,0,1,27,0,26,1,0.9629629629629629,0,0,1.0,0.9811320754716981,0.018867924528301883
"F[1,1]((Bilirubin_direct >= 0.000 & Creatinine <= 0.837) -> Lactate >= 0.018)
",0.000,0.000,0.000,0.000,1.000,26,0,0,1,27,0,26,1,0.9629629629629629,0,0,1.0,0.9811320754716981,0.018867924528301883
"F[1,1]((Calcium <= 4.759 & AST >= 0.077) & BaseExcess >= 0.237)
",-8531968021490346.000,-0.237,0.000,0.000,1.000,26,0,0,1,27,0,26,1,0.9629629629629629,0,0,1.0,0.9811320754716981,0.018867924528301883
"((Calcium >= 0.112) U[1,1] (Hgb >= 0.183))
",-8042404954324042.000,-0.112,0.000,0.000,1.000,26,0,0,1,27,0,26,1,0.9629629629629629,0,0,1.0,0.9811320754716981,0.018867924528301883
"F[0,0]((Calcium <= 4.832 | Hgb <= 10.901) & DBP <= 3.503)
",-10.156,-97.497,0.000,0.000,1.000,26,0,0,1,27,0,26,1,0.9629629629629629,0,0,1.0,0.9811320754716981,0.018867924528301883
"((PaCO2 > 0.000) U[1,2] (SepsisLabel = 0.000))
",-9999999.000,-9999999.000,0.000,0.000,1.000,26,0,0,1,27,0,26,1,0.9629629629629629,0,0,1.0,0.9811320754716981,0.018867924528301883
"F[0,1]((Bilirubin_total >= 0.003 -> Bilirubin_total >= 0.012) -> SepsisLabel >= 0.007)
",-9999999.000,-9999999.000,0.000,0.000,1.000,26,0,0,1,27,0,26,1,0.9629629629629629,0,0,1.0,0.9811320754716981,0.018867924528301883
"F[0,0]((Alkalinephos >= 0.010 | AST <= 14.624) & Magnesium >= 0.062)
",-8962424550843198.000,-0.062,0.000,0.000,1.000,26,0,0,1,27,0,26,1,0.9629629629629629,0,0,1.0,0.9811320754716981,0.018867924528301883
"F[1,1]((Calcium <= 5.158 & Potassium <= 1.726) & Magnesium >= 0.022)
",-3197740281391783.000,-0.022,0.000,0.000,1.000,26,0,0,1,27,0,26,1,0.9629629629629629,0,0,1.0,0.9811320754716981,0.018867924528301883
"((Hct <= 9.147) U[0,0] (WBC >= 0.082))
",9.147,9.147,0.000,0.000,1.000,26,0,0,1,27,0,26,1,0.9629629629629629,0,0,1.0,0.9811320754716981,0.018867924528301883
"F[0,1](((Creatinine <= 0.760 -> Phosphate <= 2.270) | Hgb >= 0.040) -> Bilirubin_total >= 0.093)
",-9999999.000,-9999999.000,0.000,0.000,1.000,25,0,0,2,27,0,25,2,0.9259259259259259,0,0,1.0,0.9433962264150944,0.05660377358490565
"F[0,1]((Calcium <= 7.193 & Potassium <= 3.806) & Magnesium >= 0.010)
",-9999999.000,-9999999.000,0.000,0.000,1.000,25,0,0,2,27,0,25,2,0.9259259259259259,0,0,1.0,0.9433962264150944,0.05660377358490565
"((Magnesium >= 0.018) U[1,1] (MAP >= 21.641))
",-0.018,-0.018,0.000,0.000,1.000,25,0,0,2,27,0,25,2,0.9259259259259259,0,0,1.0,0.9433962264150944,0.05660377358490565
"F[0,1](((AST <= 10.649 & WBC <= 2.470) -> SepsisLabel >= 0.105) & Alkalinephos >= 0.022)
",-9999999.000,-9999999.000,0.000,0.000,1.000,25,0,0,2,27,0,25,2,0.9259259259259259,0,0,1.0,0.9433962264150944,0.05660377358490565
"((Creatinine > 0.002) U[1,1] (SepsisLabel = 0.000))
",0.000,0.000,0.000,0.000,1.000,25,0,0,2,27,0,25,2,0.9259259259259259,0,0,1.0,0.9433962264150944,0.05660377358490565
"F[1,1]((Hct <= 9.140 | Alkalinephos >= 0.130) -> Hgb >= 0.666)
",-9.140,-9.140,0.000,0.000,1.000,25,0,0,2,27,0,25,2,0.9259259259259259,0,0,1.0,0.9433962264150944,0.05660377358490565
"((Platelets >= 6.270) U[1,1] (Hgb <= 11.162))
",6283862667327243.000,11.162,0.000,0.000,1.000,25,0,0,2,27,0,25,2,0.9259259259259259,0,0,1.0,0.9433962264150944,0.05660377358490565
"((Magnesium >= 0.086) U[1,2] (PaCO2 <= 0.000))
",-9999999.000,-9999999.000,0.000,0.000,1.000,25,0,0,2,27,0,25,2,0.9259259259259259,0,0,1.0,0.9433962264150944,0.05660377358490565
"((DBP >= 51.221) U[0,1] (Phosphate >= 0.002))
",-9999999.000,-9999999.000,0.000,0.000,1.000,24,0,0,3,27,0,24,3,0.8888888888888888,0,0,1.0,0.9056603773584906,0.09433962264150941
"F[1,1](Potassium <= 2.341 & Temp >= 2.319)
",-2.319,-2.319,0.000,0.000,1.000,24,0,0,3,27,0,24,3,0.8888888888888888,0,0,1.0,0.9056603773584906,0.09433962264150941
"F[0,1](((Magnesium <= 2.183 -> Platelets <= 196.396) -> PTT >= 8.906) | WBC >= 1.498)
",-9999999.000,-9999999.000,0.000,0.000,1.000,24,0,0,3,27,0,24,3,0.8888888888888888,0,0,1.0,0.9056603773584906,0.09433962264150941
"((DBP <= 96.209) U[0,1] (Phosphate >= 0.058))
",-9999999.000,-9999999.000,0.000,0.000,1.000,24,0,0,3,27,0,24,3,0.8888888888888888,0,0,1.0,0.9056603773584906,0.09433962264150941
"((AST >= 0.017) U[0,1] (Magnesium >= 0.040))
",-9999999.000,-9999999.000,0.000,0.000,1.000,24,0,0,3,27,0,24,3,0.8888888888888888,0,0,1.0,0.9056603773584906,0.09433962264150941
"F[0,1](Glucose >= 23.896 & Phosphate >= 0.016)
",-9999999.000,-9999999.000,0.000,0.000,1.000,24,0,0,3,27,0,24,3,0.8888888888888888,0,0,1.0,0.9056603773584906,0.09433962264150941
"((TroponinI <= 0.000) U[0,1] (Hgb >= 0.325))
",-9999999.000,-9999999.000,0.000,0.000,1.000,24,0,0,3,27,0,24,3,0.8888888888888888,0,0,1.0,0.9056603773584906,0.09433962264150941
"F[1,1](((HR <= 76.923 -> Hgb <= 6.128) | pH >= 0.051) & Creatinine >= 0.168)
",-0.168,-0.168,0.000,0.000,1.000,24,0,0,3,27,0,24,3,0.8888888888888888,0,0,1.0,0.9056603773584906,0.09433962264150941
"F[0,1](DBP >= 60.328 & Platelets >= 4.462)
",-9999999.000,-9999999.000,0.000,0.000,1.000,24,0,0,3,27,0,24,3,0.8888888888888888,0,0,1.0,0.9056603773584906,0.09433962264150941
"F[0,1]((AST >= 0.080 -> Calcium >= 0.283) & Hct >= 0.417)
",-9999999.000,-9999999.000,0.000,0.000,1.000,24,0,0,3,27,0,24,3,0.8888888888888888,0,0,1.0,0.9056603773584906,0.09433962264150941
"((Bilirubin_total >= 0.003) U[1,2] (Creatinine <= 0.084))
",-9999999.000,-9999999.000,0.000,0.000,1.000,24,0,0,3,27,0,24,3,0.8888888888888888,0,0,1.0,0.9056603773584906,0.09433962264150941
"F[0,1](((HR >= 34.218 & Phosphate >= 0.097) & WBC >= 0.023) | pH >= 0.051)
",-9999999.000,-9999999.000,0.000,0.000,1.000,24,0,0,3,27,0,24,3,0.8888888888888888,0,0,1.0,0.9056603773584906,0.09433962264150941
"F[0,0](((Lactate >= 0.000 | Calcium <= 7.691) & EtCO2 >= 0.229) & Glucose <= 4.243)
",3.272,3.899,0.000,0.000,1.000,21,0,0,6,27,0,21,6,0.7777777777777778,0,0,1.0,0.7924528301886793,0.2075471698113207
"F[0,1]((Fibrinogen >= 0.000 -> Temp <= 20.799) & Glucose >= 7.237)
",-9999999.000,-9999999.000,0.000,0.000,1.000,19,0,0,8,27,0,19,8,0.7037037037037037,0,0,1.0,0.7169811320754716,0.28301886792452835
"F[1,1](((AST >= 0.011 | EtCO2 >= 7.474) -> HR <= 21.167) & Resp >= 11.257)
",-21.167,-21.167,0.000,0.000,1.000,14,0,0,13,27,0,14,13,0.5185185185185185,0,0,1.0,0.5283018867924528,0.4716981132075472
"F[0,1](((DBP >= 79.128 | EtCO2 >= 7.872) | DBP <= 35.242) & EtCO2 <= 27.384)
",-9999999.000,-9999999.000,0.000,0.000,1.000,13,0,0,14,27,0,13,14,0.48148148148148145,0,0,1.0,0.49056603773584906,0.5094339622641509
"F[0,1](Glucose >= 33.869 & SepsisLabel = 0.000)
",-9999999.000,-9999999.000,0.000,0.000,1.000,12,0,0,15,27,0,12,15,0.4444444444444444,0,0,1.0,0.4528301886792453,0.5471698113207547
"F[0,0]((SepsisLabel <= 0.000 & HR <= 78.074) & PaCO2 <= 82.775)
",-21721.926,-21721.926,0.000,0.000,1.000,11,0,0,16,27,0,11,16,0.4074074074074074,0,0,1.0,0.41509433962264153,0.5849056603773585
"((Resp <= 16.400) U[1,2] (SBP <= 131.002))
",-9999999.000,-9999999.000,0.000,0.000,1.000,8,0,0,19,27,0,8,19,0.2962962962962963,0,0,1.0,0.3018867924528302,0.6981132075471699
"F[0,1]((HR <= 78.468 -> Magnesium >= 0.027) -> EtCO2 <= 1.532)
",-9999999.000,-9999999.000,0.000,0.000,1.000,6,0,0,21,27,0,6,21,0.2222222222222222,0,0,1.0,0.22641509433962265,0.7735849056603774
"((MAP >= 27.750) U[1,1] (SBP <= 140.556))
",140.556,140.556,0.000,0.000,1.000,5,0,0,22,27,0,5,22,0.18518518518518517,0,0,1.0,0.18867924528301888,0.8113207547169812
"((MAP >= 90.851) U[1,2] (SBP <= 157.014))
",-9999999.000,-9999999.000,0.000,0.000,1.000,4,0,0,23,27,0,4,23,0.14814814814814814,0,0,1.0,0.1509433962264151,0.8490566037735849
"F[0,0](((FiO2 <= 0.000 | Alkalinephos <= 37.587) -> SBP >= 0.216) & Resp >= 0.156)
",-64.950,-37.471,0.000,0.000,1.000,4,0,0,23,27,0,4,23,0.14814814814814814,0,0,1.0,0.1509433962264151,0.8490566037735849
"F[0,1](Bilirubin_total <= 1.001 & Resp <= 18.034)
",-9999999.000,-9999999.000,0.000,0.000,1.000,3,0,0,24,27,0,3,24,0.1111111111111111,0,0,1.0,0.11320754716981132,0.8867924528301887
"F[1,1]((Alkalinephos <= 28.326 -> Potassium <= 2.848) & Hgb <= 2.153)
",-28.326,-28.326,0.000,0.000,1.000,3,0,0,24,27,0,3,24,0.1111111111111111,0,0,1.0,0.11320754716981132,0.8867924528301887
"F[0,1](((PaCO2 <= 0.000 -> BaseExcess <= 0.000) -> Glucose <= 0.000) | SBP <= 0.000)
",-9999999.000,-9999999.000,0.000,0.000,1.000,3,0,0,24,27,0,3,24,0.1111111111111111,0,0,1.0,0.11320754716981132,0.8867924528301887
"((MAP >= 19.293) U[1,1] (SBP <= 146.816))
",146.816,146.816,0.000,0.000,1.000,3,0,0,24,27,0,3,24,0.1111111111111111,0,0,1.0,0.11320754716981132,0.8867924528301887
"((MAP >= 82.136) U[0,1] (SBP <= 135.739))
",-9999999.000,-9999999.000,0.000,0.000,1.000,2,0,0,25,27,0,2,25,0.07407407407407407,0,0,1.0,0.07547169811320754,0.9245283018867925
"F[1,1](((Hgb >= 0.215 | MAP <= 100.995) | SaO2 >= 9.433) | HR >= 68.498)
",100.995,100.995,0.000,0.000,1.000,2,0,0,25,27,0,2,25,0.07407407407407407,0,0,1.0,0.07547169811320754,0.9245283018867925
"F[1,1](Creatinine <= 0.243 & SBP >= 32.815)
",-32.815,-32.815,0.000,0.000,1.000,2,0,0,25,27,0,2,25,0.07407407407407407,0,0,1.0,0.07547169811320754,0.9245283018867925
"F[0,1](Lactate >= 0.000 & HR >= 62.099)
",-9999999.000,-9999999.000,0.000,0.000,1.000,2,0,0,25,27,0,2,25,0.07407407407407407,0,0,1.0,0.07547169811320754,0.9245283018867925
"((AST >= 0.019) U[1,2] (Creatinine >= 0.040))
",-9999999.000,-9999999.000,0.000,0.000,1.000,2,0,0,25,27,0,2,25,0.07407407407407407,0,0,1.0,0.07547169811320754,0.9245283018867925
"((MAP >= 85.782) U[1,2] (SBP <= 136.414))
",-9999999.000,-9999999.000,0.000,0.000,1.000,2,0,0,25,27,0,2,25,0.07407407407407407,0,0,1.0,0.07547169811320754,0.9245283018867925
"((Hct >= 1.009) U[1,2] (Magnesium >= 0.103))
",-9999999.000,-9999999.000,0.000,0.000,1.000,1,0,0,26,27,0,1,26,0.037037037037037035,0,0,1.0,0.03773584905660377,0.9622641509433962
"((MAP >= 64.768) U[1,2] (SBP <= 156.469))
",-9999999.000,-9999999.000,0.000,0.000,1.000,1,0,0,26,27,0,1,26,0.037037037037037035,0,0,1.0,0.03773584905660377,0.9622641509433962
"F[1,1](Hgb <= 3.473 | Hct <= 21.147)
",5952326216353202.000,21.147,0.000,0.000,1.000,1,0,0,26,27,0,1,26,0.037037037037037035,0,0,1.0,0.03773584905660377,0.9622641509433962
"F[1,1](((AST <= 11.886 & BUN >= 0.023) | SBP <= 0.709) -> Glucose <= 2.865)
",-6451399860285220.000,-2.865,0.000,0.000,1.000,1,0,0,26,27,0,1,26,0.037037037037037035,0,0,1.0,0.03773584905660377,0.9622641509433962
"F[0,0](Creatinine <= 0.545 & Resp <= 25.153)
",-6.523,-57.386,0.000,0.000,1.000,1,0,0,26,27,0,1,26,0.037037037037037035,0,0,1.0,0.03773584905660377,0.9622641509433962
"((BUN <= 0.420) U[0,0] (MAP >= 39.753))
",7.532,89.093,0.000,0.000,1.000,1,0,0,26,27,0,1,26,0.037037037037037035,0,0,1.0,0.03773584905660377,0.9622641509433962
"((Hct >= 1.066) U[0,0] (Glucose <= 257.862))
",257.862,257.862,0.000,0.000,1.000,1,0,0,26,27,0,1,26,0.037037037037037035,0,0,1.0,0.03773584905660377,0.9622641509433962
"((Creatinine <= 0.748) U[1,2] (SaO2 <= 0.000))
",-9999999.000,-9999999.000,0.000,0.000,1.000,1,0,0,26,27,0,1,26,0.037037037037037035,0,0,1.0,0.03773584905660377,0.9622641509433962
"F[0,0](((EtCO2 >= 1.148 -> MAP >= 6.260) & SBP >= 17.275) | DBP >= 5.096)
",9.990,95.904,0.000,0.000,1.000,1,0,0,26,27,0,1,26,0.037037037037037035,0,0,1.0,0.03773584905660377,0.9622641509433962
"F[1,1]((PaCO2 >= 0.000 -> DBP <= 86.297) | EtCO2 >= 25.193)
",-25.193,-25.193,0.000,0.000,1.000,1,0,0,26,27,0,1,26,0.037037037037037035,0,0,1.0,0.03773584905660377,0.9622641509433962
"F[1,1]((Chloride <= 0.000 & Magnesium >= 0.004) -> Platelets >= 0.068)
",0.004,0.004,0.000,0.000,1.000,1,0,0,26,27,0,1,26,0.037037037037037035,0,0,1.0,0.03773584905660377,0.9622641509433962
"F[0,1](((Alkalinephos <= 3.147 | Lactate <= 0.000) -> Creatinine <= 0.000) & O2Sat >= 0.000)
",-9999999.000,-9999999.000,0.000,0.000,1.000,1,0,0,26,27,0,1,26,0.037037037037037035,0,0,1.0,0.03773584905660377,0.9622641509433962
"((Hgb <= 7.977) U[1,2] (SepsisLabel = 0.000))
",-9999999.000,-9999999.000,0.000,0.000,1.000,1,0,0,26,27,0,1,26,0.037037037037037035,0,0,1.0,0.03773584905660377,0.9622641509433962
"F[0,0]((PTT <= 0.000 & Resp >= 6.557) -> Hct <= 15.705)
",-4420545427494011.000,-15.705,0.000,0.000,1.000,1,0,0,26,27,0,1,26,0.037037037037037035,0,0,1.0,0.03773584905660377,0.9622641509433962
"F[0,1](((Calcium < 3.248 & Potassium < 3.771) & Magnesium < 1.363) & Phosphate < 0.517)
",-9999999.000,-9999999.000,0.000,0.000,1.000,1,0,0,26,27,0,1,26,0.037037037037037035,0,0,1.0,0.03773584905660377,0.9622641509433962
"F[0,1]((Phosphate >= 0.056 & Magnesium > 0.057) -> Calcium < 1.452)
",-9999999.000,-9999999.000,0.000,0.000,1.000,1,0,0,26,27,0,1,26,0.037037037037037035,0,0,1.0,0.03773584905660377,0.9622641509433962
"((Calcium < 4.810) U[1,1] (SepsisLabel = 0.000))
",4.810,4.810,0.000,0.000,1.000,1,0,0,26,27,0,1,26,0.037037037037037035,0,0,1.0,0.03773584905660377,0.9622641509433962
"F[0,0]((Phosphate >= 0.084 & Magnesium > 0.001) -> Calcium < 3.410)
",-4.999,-3.279,0.000,0.000,1.000,1,0,0,26,27,0,1,26,0.037037037037037035,0,0,1.0,0.03773584905660377,0.9622641509433962
"F[1,1](Hgb <= 0.398 | Hct <= 19.917)
",19.917,19.917,0.000,0.000,1.000,1,0,0,26,27,0,1,26,0.037037037037037035,0,0,1.0,0.03773584905660377,0.9622641509433962
"F[0,0](Hgb <= 5.125 | Hct <= 13.615)
",13.615,13.615,0.000,0.000,1.000,1,0,0,26,27,0,1,26,0.037037037037037035,0,0,1.0,0.03773584905660377,0.9622641509433962
"F[0,1]((Phosphate >= 0.082 & Magnesium > 0.093) -> Calcium < 3.679)
",-9999999.000,-9999999.000,0.000,0.000,1.000,1,0,0,26,27,0,1,26,0.037037037037037035,0,0,1.0,0.03773584905660377,0.9622641509433962
"F[0,1](((Calcium < 4.292 & Potassium < 2.317) & Magnesium < 1.868) & Phosphate < 0.999)
",-9999999.000,-9999999.000,0.000,0.000,1.000,1,0,0,26,27,0,1,26,0.037037037037037035,0,0,1.0,0.03773584905660377,0.9622641509433962
"F[0,1](((Calcium < 4.353 & Potassium < 2.583) & Magnesium < 0.374) & Phosphate < 2.327)
",-9999999.000,-9999999.000,0.000,0.000,1.000,1,0,0,26,27,0,1,26,0.037037037037037035,0,0,1.0,0.03773584905660377,0.9622641509433962
"F[0,1]((Phosphate >= 0.020 & Magnesium > 0.085) -> Calcium < 5.248)
",-9999999.000,-9999999.000,0.000,0.000,1.000,1,0,0,26,27,0,1,26,0.037037037037037035,0,0,1.0,0.03773584905660377,0.9622641509433962
"F[0,0](((Calcium < 1.968 & Potassium < 1.607) & Magnesium < 0.511) & Phosphate < 0.197)
",-0.176,-1.428,0.000,0.000,1.000,1,0,0,26,27,0,1,26,0.037037037037037035,0,0,1.0,0.03773584905660377,0.9622641509433962
"F[0,1](((Calcium < 2.369 & Potassium < 3.306) & Magnesium < 1.799) & Phosphate < 0.523)
",-9999999.000,-9999999.000,0.000,0.000,1.000,1,0,0,26,27,0,1,26,0.037037037037037035,0,0,1.0,0.03773584905660377,0.9622641509433962
"F[0,0]((Phosphate >= 0.096 & Magnesium > 0.080) -> Calcium < 2.521)
",-4.840,-2.421,0.000,0.000,1.000,1,0,0,26,27,0,1,26,0.037037037037037035,0,0,1.0,0.03773584905660377,0.9622641509433962
"F[0,0](((Calcium < 6.346 & Potassium < 0.475) & Magnesium < 1.663) & Phosphate < 1.838)
",-0.135,-0.991,0.000,0.000,1.000,1,0,0,26,27,0,1,26,0.037037037037037035,0,0,1.0,0.03773584905660377,0.9622641509433962
"F[0,0](((Calcium < 5.540 & Potassium < 1.408) & Magnesium < 0.379) & Phosphate < 0.156)
",-0.179,-1.329,0.000,0.000,1.000,1,0,0,26,27,0,1,26,0.037037037037037035,0,0,1.0,0.03773584905660377,0.9622641509433962
"F[1,2]((SBP >= 118.192 -> Creatinine <= 0.573) & TroponinI >= 0.014)
",-9999999.000,-9999999.000,0.000,0.000,1.000,0,0,0,27,27,0,0,27,0.0,0,0,0.0,0.0,1.0
"((Creatinine >= 0.003) U[0,2] (SaO2 <= 0.000))
",-9999999.000,-9999999.000,0.000,0.000,1.000,0,0,0,27,27,0,0,27,0.0,0,0,0.0,0.0,1.0
"F[1,2](AST <= 9.830 & pH >= 0.000)
",-9999999.000,-9999999.000,0.000,0.000,1.000,0,0,0,27,27,0,0,27,0.0,0,0,0.0,0.0,1.0
"F[1,2]((O2Sat <= 99.720 & pH <= 0.000) -> Chloride <= 0.000)
",-9999999.000,-9999999.000,0.000,0.000,1.000,0,0,0,27,27,0,0,27,0.0,0,0,0.0,0.0,1.0
"F[1,2](Hgb <= 9.390 | Hct <= 16.796)
",-9999999.000,-9999999.000,0.000,0.000,1.000,0,0,0,27,27,0,0,27,0.0,0,0,0.0,0.0,1.0
"((MAP >= 78.309) U[0,2] (SBP <= 128.421))
",-9999999.000,-9999999.000,0.000,0.000,1.000,0,0,0,27,27,0,0,27,0.0,0,0,0.0,0.0,1.0
"F[2,2](((Creatinine <= 0.367 & HR <= 76.386) | pH >= 8.528) | Glucose <= 87.537)
",6159866783089505.000,87.537,0.000,0.000,1.000,0,0,0,27,27,0,0,27,0.0,0,0,0.0,0.0,1.0
"((EtCO2 >= 4.740) U[0,1] (Chloride >= 0.000))
",-9999999.000,-9999999.000,0.000,0.000,1.000,0,0,0,27,27,0,0,27,0.0,0,0,0.0,0.0,1.0
"F[2,2](Alkalinephos <= 10.600 -> Potassium >= 0.238)
",-10.600,-10.600,0.000,0.000,1.000,0,0,0,27,27,0,0,27,0.0,0,0,0.0,0.0,1.0
"F[2,2](Chloride >= 0.000 & PTT <= 0.000)
",0.000,0.000,0.000,0.000,1.000,0,0,0,27,27,0,0,27,0.0,0,0,0.0,0.0,1.0
"F[0,2]((Phosphate >= 0.064 & Magnesium > 0.046) -> Calcium < 3.308)
",-9999999.000,-9999999.000,0.000,0.000,1.000,0,0,0,27,27,0,0,27,0.0,0,0,0.0,0.0,1.0
"F[0,2]((SaO2 <= 0.000 | Hgb >= 0.050) -> Lactate <= 7.338)
",-9999999.000,-9999999.000,0.000,0.000,1.000,0,0,0,27,27,0,0,27,0.0,0,0,0.0,0.0,1.0
"F[0,1](((Potassium <= 2.476 | DBP <= 101.596) & Resp <= 85.575) | WBC <= 93.069)
",-9999999.000,-9999999.000,0.000,0.000,1.000,0,0,0,27,27,0,0,27,0.0,0,0,0.0,0.0,1.0
"F[0,2](Chloride >= 0.000 | O2Sat >= 33.799)
",-9999999.000,-9999999.000,0.000,0.000,1.000,0,0,0,27,27,0,0,27,0.0,0,0,0.0,0.0,1.0
"F[2,2]((Calcium <= 6.918 & Potassium <= 0.497) & Magnesium >= 0.099)
",-7106620387741002.000,-0.099,0.000,0.000,1.000,0,0,0,27,27,0,0,27,0.0,0,0,0.0,0.0,1.0
"F[1,2]((SaO2 <= 0.000 | Hct >= 0.092) | Lactate >= 0.973)
",-9999999.000,-9999999.000,0.000,0.000,1.000,0,0,0,27,27,0,0,27,0.0,0,0,0.0,0.0,1.0
"F[1,2](Calcium <= 7.279 & SepsisLabel <= 0.000)
",-9999999.000,-9999999.000,0.000,0.000,1.000,0,0,0,27,27,0,0,27,0.0,0,0,0.0,0.0,1.0
"F[0,2](pH >= 0.000 -> Chloride >= 0.000)
",-9999999.000,-9999999.000,0.000,0.000,1.000,0,0,0,27,27,0,0,27,0.0,0,0,0.0,0.0,1.0
"F[1,1](Potassium <= 0.713 | PaCO2 <= 0.000)
",0.713,0.713,0.000,0.000,1.000,0,0,0,27,27,0,0,27,0.0,0,0,0.0,0.0,1.0
"F[0,1](EtCO2 >= 10.124 -> PTT >= 0.000)
",-9999999.000,-9999999.000,0.000,0.000,1.000,0,0,0,27,27,0,0,27,0.0,0,0,0.0,0.0,1.0
"F[0,2](((O2Sat <= 98.008 -> Bilirubin_total >= 0.011) -> HR >= 0.014) -> Magnesium >= 0.009)
",-9999999.000,-9999999.000,0.000,0.000,1.000,0,0,0,27,27,0,0,27,0.0,0,0,0.0,0.0,1.0
"F[0,2](AST <= 7.668 & DBP >= 39.233)
",-9999999.000,-9999999.000,0.000,0.000,1.000,0,0,0,27,27,0,0,27,0.0,0,0,0.0,0.0,1.0
"F[0,2](Phosphate <= 1.600 -> Chloride >= 0.000)
",-9999999.000,-9999999.000,0.000,0.000,1.000,0,0,0,27,27,0,0,27,0.0,0,0,0.0,0.0,1.0
"F[0,2]((WBC <= 5.735 | Lactate >= 0.000) | Calcium <= 0.000)
",-9999999.000,-9999999.000,0.000,0.000,1.000,0,0,0,27,27,0,0,27,0.0,0,0,0.0,0.0,1.0
"F[0,1](Fibrinogen >= 0.000 | Platelets >= 4.756)
",-9999999.000,-9999999.000,0.000,0.000,1.000,0,0,0,27,27,0,0,27,0.0,0,0,0.0,0.0,1.0
"F[1,1](FiO2 <= 0.000 & Lactate >= 0.000)
",0.000,0.000,0.000,0.000,1.000,0,0,0,27,27,0,0,27,0.0,0,0,0.0,0.0,1.0
"F[0,0](HCO3 <= 0.000 | SBP >= 10.184)
",0.607,7.174,0.000,0.000,1.000,0,0,0,27,27,0,0,27,0.0,0,0,0.0,0.0,1.0
"((Calcium <= 7.749) U[0,2] (SepsisLabel = 0.000))
",-9999999.000,-9999999.000,0.000,0.000,1.000,0,0,0,27,27,0,0,27,0.0,0,0,0.0,0.0,1.0
"F[0,2](((Phosphate >= 0.009 | Calcium >= 0.372) | Temp <= 4.556) | Chloride >= 0.311)
",-9999999.000,-9999999.000,0.000,0.000,1.000,0,0,0,27,27,0,0,27,0.0,0,0,0.0,0.0,1.0
"F[1,2](((PaCO2 <= 0.000 | BaseExcess <= 0.000) | WBC >= 0.000) & Hct >= 0.000)
",-9999999.000,-9999999.000,0.000,0.000,1.000,0,0,0,27,27,0,0,27,0.0,0,0,0.0,0.0,1.0
"F[2,2](((O2Sat <= 97.667 & Chloride >= 0.000) -> SepsisLabel >= 0.000) | Phosphate >= 0.000)
",0.000,0.000,0.000,0.000,1.000,0,0,0,27,27,0,0,27,0.0,0,0,0.0,0.0,1.0
"F[0,2]((Bilirubin_total >= 0.014 -> Hct <= 25.192) & Lactate <= 9.948)
",-9999999.000,-9999999.000,0.000,0.000,1.000,0,0,0,27,27,0,0,27,0.0,0,0,0.0,0.0,1.0
"((Hct >= 0.171) U[0,2] (HCO3 >= 0.000))
",-9999999.000,-9999999.000,0.000,0.000,1.000,0,0,0,27,27,0,0,27,0.0,0,0,0.0,0.0,1.0
"F[0,2]((Glucose >= 20.413 | Glucose >= 5.593) -> DBP <= 260.094)
",-9999999.000,-9999999.000,0.000,0.000,1.000,0,0,0,27,27,0,0,27,0.0,0,0,0.0,0.0,1.0
"F[0,2](Hgb <= 9.298 | Hct <= 32.314)
",-9999999.000,-9999999.000,0.000,0.000,1.000,0,0,0,27,27,0,0,27,0.0,0,0,0.0,0.0,1.0
"F[0,0]((Resp >= 2.101 & Hct >= 0.248) -> Creatinine <= 18.787)
",-5288185478412220.000,-18.787,0.000,0.000,1.000,0,0,0,27,27,0,0,27,0.0,0,0,0.0,0.0,1.0
"F[1,2](((Calcium < 2.094 & Potassium < 1.461) & Magnesium < 0.719) & Phosphate < 1.252)
",-9999999.000,-9999999.000,0.000,0.000,1.000,0,0,0,27,27,0,0,27,0.0,0,0,0.0,0.0,1.0
"F[0,2]((Phosphate >= 0.003 & Magnesium > 0.009) -> Calcium < 2.121)
",-9999999.000,-9999999.000,0.000,0.000,1.000,0,0,0,27,27,0,0,27,0.0,0,0,0.0,0.0,1.0
"F[1,2](Hgb <= 11.141 | Hct <= 6.966)
",-9999999.000,-9999999.000,0.000,0.000,1.000,0,0,0,27,27,0,0,27,0.0,0,0,0.0,0.0,1.0
"F[0,1](((Potassium <= 0.442 -> Platelets <= 62.788) | HR <= 161.880) & WBC <= 260.542)
",-9999999.000,-9999999.000,0.000,0.000,1.000,0,0,0,27,27,0,0,27,0.0,0,0,0.0,0.0,1.0
"((Fibrinogen <= 0.000) U[1,2] (O2Sat <= 98.719))
",-9999999.000,-9999999.000,0.000,0.000,1.000,0,0,0,27,27,0,0,27,0.0,0,0,0.0,0.0,1.0
"F[2,2](((TroponinI >= 0.000 | pH >= 0.000) & Bilirubin_direct <= 0.000) -> Alkalinephos <= 0.000)
",0.000,0.000,0.000,0.000,1.000,0,0,0,27,27,0,0,27,0.0,0,0,0.0,0.0,1.0
"F[0,2]((Calcium <= 8.339 | PaCO2 >= 0.000) -> HCO3 >= 0.000)
",-9999999.000,-9999999.000,0.000,0.000,1.000,0,0,0,27,27,0,0,27,0.0,0,0,0.0,0.0,1.0
"F[1,2]((HR >= 33.584 | Platelets <= 84.907) & Bilirubin_total >= 13.001)
",-9999999.000,-9999999.000,0.000,0.000,1.000,0,0,0,27,27,0,0,27,0.0,0,0,0.0,0.0,1.0
"F[0,1](((PTT <= 0.000 -> Bilirubin_direct >= 0.000) | PaCO2 >= 0.000) & Alkalinephos >= 0.000)
",-9999999.000,-9999999.000,0.000,0.000,1.000,0,0,0,27,27,0,0,27,0.0,0,0,0.0,0.0,1.0
"F[0,0]((Glucose <= 134.316 -> BUN >= 0.012) -> PaCO2 <= 2.041)
",-4595606906516476.000,-2.041,0.000,0.000,1.000,0,0,0,27,27,0,0,27,0.0,0,0,0.0,0.0,1.0
"((PTT <= 0.000) U[2,2] (Calcium <= 3.895))
",8770820142494282.000,3.895,0.000,0.000,1.000,0,0,0,27,27,0,0,27,0.0,0,0,0.0,0.0,1.0
"F[0,0](EtCO2 >= 2.258 | Resp <= 26.400)
",2.391,13.781,0.000,0.000,1.000,0,0,0,27,27,0,0,27,0.0,0,0,0.0,0.0,1.0
"F[0,1](((Magnesium <= 1.549 & Bilirubin_total <= 0.252) -> Chloride <= 0.791) -> Resp >= 0.003)
",-9999999.000,-9999999.000,0.000,0.000,1.000,0,0,0,27,27,0,0,27,0.0,0,0,0.0,0.0,1.0
"F[0,0]((Magnesium <= 1.138 -> PTT >= 0.000) | Resp >= 0.000)
",9.382,82.538,0.000,0.000,1.000,0,0,0,27,27,0,0,27,0.0,0,0,0.0,0.0,1.0
"F[1,2](WBC >= 0.220 | Magnesium >= 0.028)
",-9999999.000,-9999999.000,0.000,0.000,1.000,0,0,0,27,27,0,0,27,0.0,0,0,0.0,0.0,1.0
"F[2,2](((HCO3 <= 0.000 & Bilirubin_direct <= 0.000) -> HR <= 0.000) -> Lactate <= 0.000)
",0.000,0.000,0.000,0.000,1.000,0,0,0,27,27,0,0,27,0.0,0,0,0.0,0.0,1.0
"F[0,1](((pH <= 0.000 | HCO3 <= 0.000) | HR >= 0.000) | Potassium <= 0.000)
",-9999999.000,-9999999.000,0.000,0.000,1.000,0,0,0,27,27,0,0,27,0.0,0,0,0.0,0.0,1.0
"F[0,1]((Phosphate >= 0.016 & Magnesium > 0.035) -> Calcium < 7.192)
",-9999999.000,-9999999.000,0.000,0.000,1.000,0,0,0,27,27,0,0,27,0.0,0,0,0.0,0.0,1.0
"F[1,1](Bilirubin_direct <= 0.000 | Alkalinephos <= 19.307)
",19.307,19.307,0.000,0.000,1.000,0,0,0,27,27,0,0,27,0.0,0,0,0.0,0.0,1.0
"F[0,0](FiO2 >= 0.000 -> pH >= 0.000)
",0.000,0.000,0.000,0.000,1.000,0,0,0,27,27,0,0,27,0.0,0,0,0.0,0.0,1.0
"F[1,2]((Hct >= 0.404 & HR >= 11.581) | Potassium <= 82.796)
",-9999999.000,-9999999.000,0.000,0.000,1.000,0,0,0,27,27,0,0,27,0.0,0,0,0.0,0.0,1.0
"F[0,0]((PTT <= 0.000 & PaCO2 <= 0.000) & FiO2 <= 0.000)
",0.000,0.000,0.000,0.000,1.000,0,0,0,27,27,0,0,27,0.0,0,0,0.0,0.0,1.0
"((Bilirubin_total >= 0.019) U[0,1] (SepsisLabel >= 0.000))
",-9999999.000,-9999999.000,0.000,0.000,1.000,0,0,0,27,27,0,0,27,0.0,0,0,0.0,0.0,1.0
"F[0,2]((BaseExcess >= 0.000 & Fibrinogen <= 0.000) -> BaseExcess >= 0.000)
",-9999999.000,-9999999.000,0.000,0.000,1.000,0,0,0,27,27,0,0,27,0.0,0,0,0.0,0.0,1.0
"F[2,2](((Hct <= 30.486 & Calcium >= 0.407) & MAP >= 0.096) & Resp <= 5.210)
",-0.407,-0.407,0.000,0.000,1.000,0,0,0,27,27,0,0,27,0.0,0,0,0.0,0.0,1.0
"F[2,2](((PTT <= 0.000 -> WBC >= 0.209) & BUN >= 0.264) -> Platelets <= 5.846)
",-6582133278525380.000,-5.846,0.000,0.000,1.000,0,0,0,27,27,0,0,27,0.0,0,0,0.0,0.0,1.0
"F[0,0](((Magnesium >= 0.012 | MAP >= 58.464) | Calcium <= 100.682) | TroponinI <= 104.840)
",495.405,104.797,0.000,0.000,1.000,0,0,0,27,27,0,0,27,0.0,0,0,0.0,0.0,1.0
"F[1,2](Magnesium <= 0.999 | Alkalinephos <= 33.916)
",-9999999.000,-9999999.000,0.000,0.000,1.000,0,0,0,27,27,0,0,27,0.0,0,0,0.0,0.0,1.0
"F[0,2](((HCO3 <= 0.000 -> Alkalinephos >= 0.685) & Creatinine >= 0.044) | SBP >= 0.696)
",-9999999.000,-9999999.000,0.000,0.000,1.000,0,0,0,27,27,0,0,27,0.0,0,0,0.0,0.0,1.0
"F[0,2]((Phosphate >= 0.037 -> BaseExcess <= 0.000) -> AST <= 0.000)
",-9999999.000,-9999999.000,0.000,0.000,1.000,0,0,0,27,27,0,0,27,0.0,0,0,0.0,0.0,1.0
"((Calcium <= 5.209) U[0,2] (Resp >= 7.226))
",-9999999.000,-9999999.000,0.000,0.000,1.000,0,0,0,27,27,0,0,27,0.0,0,0,0.0,0.0,1.0
"F[0,2]((EtCO2 >= 13.928 | Lactate >= 0.000) | SepsisLabel >= 0.000)
",-9999999.000,-9999999.000,0.000,0.000,1.000,0,0,0,27,27,0,0,27,0.0,0,0,0.0,0.0,1.0
"((Calcium >= 0.394) U[2,2] (EtCO2 >= 13.105))
",-3550899471620010.000,-0.394,0.000,0.000,1.000,0,0,0,27,27,0,0,27,0.0,0,0,0.0,0.0,1.0
"((pH <= 0.000) U[0,0] (Bilirubin_direct <= 0.000))
",0.000,0.000,0.000,0.000,1.000,0,0,0,27,27,0,0,27,0.0,0,0,0.0,0.0,1.0
"F[1,2]((DBP >= 24.102 & Bilirubin_total >= 0.019) & Chloride >= 0.015)
",-9999999.000,-9999999.000,0.000,0.000,1.000,0,0,0,27,27,0,0,27,0.0,0,0,0.0,0.0,1.0
"F[0,1]((Phosphate <= 1.718 & WBC <= 4.969) | SepsisLabel <= 9.591)
",-9999999.000,-9999999.000,0.000,0.000,1.000,0,0,0,27,27,0,0,27,0.0,0,0,0.0,0.0,1.0
"((SepsisLabel >= 0.000) U[2,2] (HCO3 >= 0.000))
",0.000,0.000,0.000,0.000,1.000,0,0,0,27,27,0,0,27,0.0,0,0,0.0,0.0,1.0
"F[0,2](SaO2 >= 0.000 | Calcium >= 0.407)
",-9999999.000,-9999999.000,0.000,0.000,1.000,0,0,0,27,27,0,0,27,0.0,0,0,0.0,0.0,1.0
"((MAP >= 86.920) U[0,1] (SBP <= 153.396))
",-9999999.000,-9999999.000,0.000,0.000,1.000,0,0,0,27,27,0,0,27,0.0,0,0,0.0,0.0,1.0
"F[2,2](((Magnesium <= 1.089 -> BaseExcess <= 0.000) & DBP >= 0.000) -> Creatinine >= 0.000)
",0.000,0.000,0.000,0.000,1.000,0,0,0,27,27,0,0,27,0.0,0,0,0.0,0.0,1.0
"F[1,2](((Hgb <= 8.296 & Fibrinogen >= 0.000) & SepsisLabel >= 0.000) & Bilirubin_direct <= 0.000)
",-9999999.000,-9999999.000,0.000,0.000,1.000,0,0,0,27,27,0,0,27,0.0,0,0,0.0,0.0,1.0
"F[2,2]((pH >= 0.000 & EtCO2 >= 5.681) & Lactate >= 7.175)
",-8078299095648714.000,-7.175,0.000,0.000,1.000,0,0,0,27,27,0,0,27,0.0,0,0,0.0,0.0,1.0
"F[2,2](((MAP >= 54.665 -> Hgb >= 0.204) -> Hgb <= 7.232) -> Alkalinephos >= 0.067)
",0.067,0.067,0.000,0.000,1.000,0,0,0,27,27,0,0,27,0.0,0,0,0.0,0.0,1.0
"F[2,2](Hct <= 19.949 -> Calcium >= 0.345)
",-5615045353996132.000,-19.949,0.000,0.000,1.000,0,0,0,27,27,0,0,27,0.0,0,0,0.0,0.0,1.0
"F[1,1](((HCO3 >= 0.000 | Hgb >= 0.314) -> SBP <= 4.834) -> Creatinine <= 6.168)
",-6944587059559220.000,-6.168,0.000,0.000,1.000,0,0,0,27,27,0,0,27,0.0,0,0,0.0,0.0,1.0
"F[0,1](((AST >= 0.212 | Calcium >= 0.443) | Chloride <= 5.254) & pH <= 5.798)
",-9999999.000,-9999999.000,0.000,0.000,1.000,0,0,0,27,27,0,0,27,0.0,0,0,0.0,0.0,1.0
"F[0,2]((Calcium <= 2.070 & Potassium <= 1.265) & Magnesium >= 0.065)
",-9999999.000,-9999999.000,0.000,0.000,1.000,0,0,0,27,27,0,0,27,0.0,0,0,0.0,0.0,1.0
"F[0,2]((Calcium <= 2.735 & Potassium <= 0.573) & Magnesium >= 0.063)
",-9999999.000,-9999999.000,0.000,0.000,1.000,0,0,0,27,27,0,0,27,0.0,0,0,0.0,0.0,1.0
"F[1,2](((EtCO2 <= 30.580 | Phosphate >= 0.070) | EtCO2 >= 0.058) & Bilirubin_direct <= 2.044)
",-9999999.000,-9999999.000,0.000,0.000,1.000,0,0,0,27,27,0,0,27,0.0,0,0,0.0,0.0,1.0
"((SepsisLabel >= 0.000) U[1,2] (SepsisLabel >= 0.000))
",-9999999.000,-9999999.000,0.000,0.000,1.000,0,0,0,27,27,0,0,27,0.0,0,0,0.0,0.0,1.0
"F[1,2](((PTT >= 0.000 -> HCO3 <= 0.000) & SepsisLabel <= 0.000) -> Platelets <= 0.000)
",-9999999.000,-9999999.000,0.000,0.000,1.000,0,0,0,27,27,0,0,27,0.0,0,0,0.0,0.0,1.0
"F[0,0]((EtCO2 <= 30.262 -> SaO2 >= 0.000) -> TroponinI <= 0.000)
",0.200,0.042,0.000,0.000,1.000,0,0,0,27,27,0,0,27,0.0,0,0,0.0,0.0,1.0
"F[1,2](((Glucose >= 7.924 | SaO2 <= 0.000) | Temp <= 0.000) | TroponinI >= 0.000)
",-9999999.000,-9999999.000,0.000,0.000,1.000,0,0,0,27,27,0,0,27,0.0,0,0,0.0,0.0,1.0
"F[1,2]((MAP >= 63.490 -> TroponinI <= 0.000) | Phosphate <= 0.000)
",-9999999.000,-9999999.000,0.000,0.000,1.000,0,0,0,27,27,0,0,27,0.0,0,0,0.0,0.0,1.0
"F[0,2]((HCO3 <= 0.000 | DBP <= 87.418) -> Potassium <= 93.842)
",-9999999.000,-9999999.000,0.000,0.000,1.000,0,0,0,27,27,0,0,27,0.0,0,0,0.0,0.0,1.0
"F[1,1](Magnesium <= 1.664 | SBP <= 145.592)
",145.592,145.592,0.000,0.000,1.000,0,0,0,27,27,0,0,27,0.0,0,0,0.0,0.0,1.0
"F[0,1](((pH >= 0.000 | BaseExcess <= 0.000) -> Creatinine >= 0.000) | Bilirubin_direct >= 0.000)
",-9999999.000,-9999999.000,0.000,0.000,1.000,0,0,0,27,27,0,0,27,0.0,0,0,0.0,0.0,1.0
"F[2,2](Glucose >= 19.233 | Magnesium >= 0.043)
",-6239039094086389.000,-0.043,0.000,0.000,1.000,0,0,0,27,27,0,0,27,0.0,0,0,0.0,0.0,1.0
"F[0,2](Hgb <= 9.462 | Hct <= 33.602)
",-9999999.000,-9999999.000,0.000,0.000,1.000,0,0,0,27,27,0,0,27,0.0,0,0,0.0,0.0,1.0
"F[2,2](((TroponinI <= 0.000 & Bilirubin_total <= 0.403) -> Resp <= 1.085) & Glucose <= 0.370)
",-1.085,-1.085,0.000,0.000,1.000,0,0,0,27,27,0,0,27,0.0,0,0,0.0,0.0,1.0
"((Potassium >= 0.008) U[0,0] (SepsisLabel <= 0.000))
",0.200,0.061,0.000,0.000,1.000,0,0,0,27,27,0,0,27,0.0,0,0,0.0,0.0,1.0
"((Creatinine >= 0.020) U[0,2] (Chloride >= 0.000))
",-9999999.000,-9999999.000,0.000,0.000,1.000,0,0,0,27,27,0,0,27,0.0,0,0,0.0,0.0,1.0
"F[2,2]((Temp >= 4.598 & Alkalinephos <= 20.592) -> Platelets >= 0.337)
",0.337,0.337,0.000,0.000,1.000,0,0,0,27,27,0,0,27,0.0,0,0,0.0,0.0,1.0
"((HR >= 27.341) U[1,2] (Magnesium >= 0.100))
",-9999999.000,-9999999.000,0.000,0.000,1.000,0,0,0,27,27,0,0,27,0.0,0,0,0.0,0.0,1.0
"F[0,0]((TroponinI >= 0.000 -> EtCO2 >= 13.758) -> BaseExcess <= 22.197)
",-1.019,-12.515,0.000,0.000,1.000,0,0,0,27,27,0,0,27,0.0,0,0,0.0,0.0,1.0
"F[1,1](Hgb <= 1.393 | Hct <= 29.245)
",8231693805665729.000,29.245,0.000,0.000,1.000,0,0,0,27,27,0,0,27,0.0,0,0,0.0,0.0,1.0
"F[0,1](((DBP <= 80.973 | TroponinI >= 0.000) -> pH >= 0.000) | Lactate >= 0.000)
",-9999999.000,-9999999.000,0.000,0.000,1.000,0,0,0,27,27,0,0,27,0.0,0,0,0.0,0.0,1.0
"F[0,2](((PaCO2 <= 0.000 & BUN <= 0.200) -> TroponinI <= 2.185) -> AST >= 0.011)
",-9999999.000,-9999999.000,0.000,0.000,1.000,0,0,0,27,27,0,0,27,0.0,0,0,0.0,0.0,1.0
"F[2,2](Glucose <= 187.333 -> TroponinI <= 0.000)
",-187.333,-187.333,0.000,0.000,1.000,0,0,0,27,27,0,0,27,0.0,0,0,0.0,0.0,1.0
"F[0,2](((Lactate >= 0.000 -> FiO2 <= 0.000) -> HR >= 0.000) -> Temp >= 0.000)
",-9999999.000,-9999999.000,0.000,0.000,1.000,0,0,0,27,27,0,0,27,0.0,0,0,0.0,0.0,1.0
"F[1,2](Resp >= 11.497 -> BaseExcess <= 0.000)
",-9999999.000,-9999999.000,0.000,0.000,1.000,0,0,0,27,27,0,0,27,0.0,0,0,0.0,0.0,1.0
"F[1,2](((AST >= 0.096 | Chloride <= 0.000) & Hgb <= 0.000) & Potassium <= 0.000)
",-9999999.000,-9999999.000,0.000,0.000,1.000,0,0,0,27,27,0,0,27,0.0,0,0,0.0,0.0,1.0
"F[0,0]((BaseExcess >= 0.000 -> SaO2 >= 0.000) & AST <= 0.000)
",-0.789,-12.019,0.000,0.000,1.000,0,0,0,27,27,0,0,27,0.0,0,0,0.0,0.0,1.0
"F[0,2](((Chloride <= 0.000 & HR <= 93.983) -> Hct <= 83.987) -> Resp <= 86.075)
",-9999999.000,-9999999.000,0.000,0.000,1.000,0,0,0,27,27,0,0,27,0.0,0,0,0.0,0.0,1.0
"F[0,2](BaseExcess <= 0.000 -> AST >= 0.180)
",-9999999.000,-9999999.000,0.000,0.000,1.000,0,0,0,27,27,0,0,27,0.0,0,0,0.0,0.0,1.0
"((Phosphate >= 0.030) U[2,2] (Potassium >= 0.194))
",-8602970511070601.000,-0.030,0.000,0.000,1.000,0,0,0,27,27,0,0,27,0.0,0,0,0.0,0.0,1.0
"F[0,2](((Alkalinephos <= 23.987 -> BUN <= 0.564) & WBC <= 1.130) -> Bilirubin_direct >= 0.058)
",-9999999.000,-9999999.000,0.000,0.000,1.000,0,0,0,27,27,0,0,27,0.0,0,0,0.0,0.0,1.0
"F[0,2](BUN >= 0.100 | PaCO2 <= 0.000)
",-9999999.000,-9999999.000,0.000,0.000,1.000,0,0,0,27,27,0,0,27,0.0,0,0,0.0,0.0,1.0
"((HR <= 77.182) U[0,2] (Lactate <= 0.000))
",-9999999.000,-9999999.000,0.000,0.000,1.000,0,0,0,27,27,0,0,27,0.0,0,0,0.0,0.0,1.0
"F[0,2]((Calcium <= 4.767 & Potassium <= 2.031) & Magnesium >= 0.028)
",-9999999.000,-9999999.000,0.000,0.000,1.000,0,0,0,27,27,0,0,27,0.0,0,0,0.0,0.0,1.0
"F[0,2](Temp >= 5.029 & Fibrinogen >= 0.000)
",-9999999.000,-9999999.000,0.000,0.000,1.000,0,0,0,27,27,0,0,27,0.0,0,0,0.0,0.0,1.0
"F[1,2](((AST <= 9.932 | SBP <= 150.752) -> Creatinine >= 22.344) | WBC >= 29.959)
",-9999999.000,-9999999.000,0.000,0.000,1.000,0,0,0,27,27,0,0,27,0.0,0,0,0.0,0.0,1.0
"F[0,2](((PaCO2 <= 0.000 & HR >= 35.147) & Hgb >= 55.335) | SepsisLabel >= 31.112)
",-9999999.000,-9999999.000,0.000,0.000,1.000,0,0,0,27,27,0,0,27,0.0,0,0,0.0,0.0,1.0
"((AST <= 14.936) U[0,2] (Temp <= 12.362))
",-9999999.000,-9999999.000,0.000,0.000,1.000,0,0,0,27,27,0,0,27,0.0,0,0,0.0,0.0,1.0
"F[2,2]((HR >= 9.297 | Chloride >= 0.000) | O2Sat >= 0.000)
",0.000,0.000,0.000,0.000,1.000,0,0,0,27,27,0,0,27,0.0,0,0,0.0,0.0,1.0
"((MAP <= 122.684) U[0,2] (EtCO2 <= 17.299))
",-9999999.000,-9999999.000,0.000,0.000,1.000,0,0,0,27,27,0,0,27,0.0,0,0,0.0,0.0,1.0
"F[1,2](Magnesium >= 0.102 -> AST >= 0.094)
",-9999999.000,-9999999.000,0.000,0.000,1.000,0,0,0,27,27,0,0,27,0.0,0,0,0.0,0.0,1.0
"F[1,2](Hgb <= 7.021 | Hct <= 28.172)
",-9999999.000,-9999999.000,0.000,0.000,1.000,0,0,0,27,27,0,0,27,0.0,0,0,0.0,0.0,1.0
"F[2,2]((Potassium <= 2.132 | Hct >= 0.226) -> BUN <= 21.906)
",-6165877247006532.000,-21.906,0.000,0.000,1.000,0,0,0,27,27,0,0,27,0.0,0,0,0.0,0.0,1.0
"F[0,1](((EtCO2 >= 13.667 & Chloride <= 0.000) -> WBC <= 0.000) | Calcium <= 0.000)
",-9999999.000,-9999999.000,0.000,0.000,1.000,0,0,0,27,27,0,0,27,0.0,0,0,0.0,0.0,1.0
"F[0,1](((SepsisLabel >= 0.000 & AST <= 4.195) | HR <= 14.140) -> Resp >= 0.017)
",-9999999.000,-9999999.000,0.000,0.000,1.000,0,0,0,27,27,0,0,27,0.0,0,0,0.0,0.0,1.0
"F[0,2](Resp >= 6.851 -> Bilirubin_total <= 0.469)
",-9999999.000,-9999999.000,0.000,0.000,1.000,0,0,0,27,27,0,0,27,0.0,0,0,0.0,0.0,1.0
"((MAP >= 33.660) U[0,2] (SBP <= 138.324))
",-9999999.000,-9999999.000,0.000,0.000,1.000,0,0,0,27,27,0,0,27,0.0,0,0,0.0,0.0,1.0
"F[0,2]((Phosphate >= 0.086 & Magnesium > 0.082) -> Calcium < 2.255)
",-9999999.000,-9999999.000,0.000,0.000,1.000,0,0,0,27,27,0,0,27,0.0,0,0,0.0,0.0,1.0
"F[0,0](((BaseExcess >= 0.000 -> Fibrinogen <= 0.000) -> EtCO2 >= 0.000) -> Fibrinogen >= 0.000)
",0.000,0.000,0.000,0.000,1.000,0,0,0,27,27,0,0,27,0.0,0,0,0.0,0.0,1.0
"F[0,1](SaO2 <= 0.000 -> Fibrinogen >= 0.000)
",-9999999.000,-9999999.000,0.000,0.000,1.000,0,0,0,27,27,0,0,27,0.0,0,0,0.0,0.0,1.0
"F[0,1](((HR <= 86.890 | SaO2 <= 0.000) & Chloride <= 0.000) | HR <= 0.000)
",-9999999.000,-9999999.000,0.000,0.000,1.000,0,0,0,27,27,0,0,27,0.0,0,0,0.0,0.0,1.0
"F[1,2](((Temp <= 25.429 | Potassium <= 2.869) -> Alkalinephos <= 3.757) -> BUN >= 0.284)
",-9999999.000,-9999999.000,0.000,0.000,1.000,0,0,0,27,27,0,0,27,0.0,0,0,0.0,0.0,1.0
"F[0,2](Glucose >= 8.177 | Hct <= 17.331)
",-9999999.000,-9999999.000,0.000,0.000,1.000,0,0,0,27,27,0,0,27,0.0,0,0,0.0,0.0,1.0
"F[0,2](Bilirubin_total >= 0.005 -> Magnesium >= 0.041)
",-9999999.000,-9999999.000,0.000,0.000,1.000,0,0,0,27,27,0,0,27,0.0,0,0,0.0,0.0,1.0
"F[2,2](SBP < 147.525 -> SepsisLabel = 0.000)
",-5190584388163227.000,-147.525,0.000,0.000,1.000,0,0,0,27,27,0,0,27,0.0,0,0,0.0,0.0,1.0
"F[1,2](Phosphate <= 0.200 | Potassium <= 3.020)
",-9999999.000,-9999999.000,0.000,0.000,1.000,0,0,0,27,27,0,0,27,0.0,0,0,0.0,0.0,1.0
"F[0,2]((Creatinine >= 0.030 | Potassium <= 0.672) & SBP <= 4.022)
",-9999999.000,-9999999.000,0.000,0.000,1.000,0,0,0,27,27,0,0,27,0.0,0,0,0.0,0.0,1.0
"F[2,2](((Creatinine <= 0.424 -> Glucose <= 118.295) -> EtCO2 <= 113.564) -> Calcium <= 400.773)
",-7050467620642172.000,-400.773,0.000,0.000,1.000,0,0,0,27,27,0,0,27,0.0,0,0,0.0,0.0,1.0
"F[1,2]((Glucose >= 22.912 -> Hgb <= 2.667) | Platelets <= 8.603)
",-9999999.000,-9999999.000,0.000,0.000,1.000,0,0,0,27,27,0,0,27,0.0,0,0,0.0,0.0,1.0
"F[0,2](((Glucose >= 15.858 & Platelets >= 10.130) -> BUN >= 3.757) | Bilirubin_direct >= 9.439)
",-9999999.000,-9999999.000,0.000,0.000,1.000,0,0,0,27,27,0,0,27,0.0,0,0,0.0,0.0,1.0
"F[1,2](((Calcium >= 0.004 -> Glucose >= 23.480) & Temp >= 16.451) & EtCO2 <= 289.998)
",-9999999.000,-9999999.000,0.000,0.000,1.000,0,0,0,27,27,0,0,27,0.0,0,0,0.0,0.0,1.0
"F[1,2](((BUN <= 2.775 -> Platelets <= 348.953) | Hgb >= 13.387) | BaseExcess >= 8.188)
",-9999999.000,-9999999.000,0.000,0.000,1.000,0,0,0,27,27,0,0,27,0.0,0,0,0.0,0.0,1.0
"F[0,2](BUN <= 1.790 & WBC <= 8.643)
",-9999999.000,-9999999.000,0.000,0.000,1.000,0,0,0,27,27,0,0,27,0.0,0,0,0.0,0.0,1.0
"((Bilirubin_total <= 0.798) U[0,2] (BUN <= 2.192))
",-9999999.000,-9999999.000,0.000,0.000,1.000,0,0,0,27,27,0,0,27,0.0,0,0,0.0,0.0,1.0
"((Glucose <= 296.423) U[1,2] (WBC >= 0.210))
",-9999999.000,-9999999.000,0.000,0.000,1.000,0,0,0,27,27,0,0,27,0.0,0,0,0.0,0.0,1.0
"F[0,2](Magnesium <= 0.627 | WBC >= 0.258)
",-9999999.000,-9999999.000,0.000,0.000,1.000,0,0,0,27,27,0,0,27,0.0,0,0,0.0,0.0,1.0
"F[0,1](MAP >= 77.291 -> SepsisLabel = 0.000)
",-9999999.000,-9999999.000,0.000,0.000,1.000,0,0,0,27,27,0,0,27,0.0,0,0,0.0,0.0,1.0
"((EtCO2 >= 9.351) U[0,1] (SepsisLabel = 0.000))
",-9999999.000,-9999999.000,0.000,0.000,1.000,0,0,0,27,27,0,0,27,0.0,0,0,0.0,0.0,1.0
"F[1,2]((Glucose >= 18.483 -> Magnesium >= 0.026) -> Fibrinogen >= 0.013)
",-9999999.000,-9999999.000,0.000,0.000,1.000,0,0,0,27,27,0,0,27,0.0,0,0,0.0,0.0,1.0
"F[1,2]((Alkalinephos >= 0.730 & EtCO2 >= 2.723) -> Lactate >= 1.193)
",-9999999.000,-9999999.000,0.000,0.000,1.000,0,0,0,27,27,0,0,27,0.0,0,0,0.0,0.0,1.0
"F[0,2]((Bilirubin_total >= 0.012 -> Potassium >= 0.173) & BUN <= 1.214)
",-9999999.000,-9999999.000,0.000,0.000,1.000,0,0,0,27,27,0,0,27,0.0,0,0,0.0,0.0,1.0
"((HR < 81.805) U[0,2] (SepsisLabel = 0.000))
",-9999999.000,-9999999.000,0.000,0.000,1.000,0,0,0,27,27,0,0,27,0.0,0,0,0.0,0.0,1.0
"((Temp < 34.587) U[0,1] (SepsisLabel = 0.000))
",-9999999.000,-9999999.000,0.000,0.000,1.000,0,0,0,27,27,0,0,27,0.0,0,0,0.0,0.0,1.0
"F[0,2](EtCO2 <= 23.515 & HR <= 77.591)
",-9999999.000,-9999999.000,0.000,0.000,1.000,0,0,0,27,27,0,0,27,0.0,0,0,0.0,0.0,1.0
"F[0,0]((O2Sat >= 40.180 -> Resp >= 3.799) -> Hgb <= 23.976)
",-6748750838770737.000,-23.976,0.000,0.000,1.000,0,0,0,27,27,0,0,27,0.0,0,0,0.0,0.0,1.0
"F[0,1](AST < 2.672 & SepsisLabel = 0.000)
",-9999999.000,-9999999.000,0.000,0.000,1.000,0,0,0,27,27,0,0,27,0.0,0,0,0.0,0.0,1.0
"F[0,2](((DBP >= 41.212 -> Resp >= 14.055) | Alkalinephos <= 25.681) -> MAP >= 8.051)
",-9999999.000,-9999999.000,0.000,0.000,1.000,0,0,0,27,27,0,0,27,0.0,0,0,0.0,0.0,1.0
"((AST <= 14.548) U[1,2] (Potassium <= 2.585))
",-9999999.000,-9999999.000,0.000,0.000,1.000,0,0,0,27,27,0,0,27,0.0,0,0,0.0,0.0,1.0
"F[1,2](((Potassium <= 0.754 -> WBC >= 0.116) -> Fibrinogen >= 0.101) | Phosphate <= 8.642)
",-9999999.000,-9999999.000,0.000,0.000,1.000,0,0,0,27,27,0,0,27,0.0,0,0,0.0,0.0,1.0
"((Bilirubin_total >= 0.010) U[0,0] (SepsisLabel = 0.000))
",0.286,0.276,0.000,0.000,1.000,0,0,0,27,27,0,0,27,0.0,0,0,0.0,0.0,1.0
"F[0,1](Bilirubin_total >= 0.014 -> Phosphate <= 2.338)
",-9999999.000,-9999999.000,0.000,0.000,1.000,0,0,0,27,27,0,0,27,0.0,0,0,0.0,0.0,1.0
"F[1,2]((AST <= 15.802 & Phosphate >= 0.070) -> Potassium <= 0.869)
",-9999999.000,-9999999.000,0.000,0.000,1.000,0,0,0,27,27,0,0,27,0.0,0,0,0.0,0.0,1.0
"F[0,0](((DBP <= 91.979 | HR <= 81.075) & WBC >= 8.670) | Hgb <= 80.661)
",80.661,80.661,0.000,0.000,1.000,0,0,0,27,27,0,0,27,0.0,0,0,0.0,0.0,1.0
"F[0,2]((Alkalinephos >= 0.305 -> Creatinine >= 0.031) & O2Sat <= 0.170)
",-9999999.000,-9999999.000,0.000,0.000,1.000,0,0,0,27,27,0,0,27,0.0,0,0,0.0,0.0,1.0
"((Hgb < 0.683) U[0,1] (SepsisLabel = 0.000))
",-9999999.000,-9999999.000,0.000,0.000,1.000,0,0,0,27,27,0,0,27,0.0,0,0,0.0,0.0,1.0
"F[0,1](Calcium > 0.002 -> SepsisLabel = 0.000)
",-9999999.000,-9999999.000,0.000,0.000,1.000,0,0,0,27,27,0,0,27,0.0,0,0,0.0,0.0,1.0
"F[0,2](((Hgb >= 0.173 & Magnesium <= 0.783) -> SaO2 >= 0.094) & Hct >= 0.005)
",-9999999.000,-9999999.000,0.000,0.000,1.000,0,0,0,27,27,0,0,27,0.0,0,0,0.0,0.0,1.0
"F[1,2](((Calcium <= 2.821 -> Platelets <= 50.452) & Alkalinephos >= 6.117) & Calcium >= 0.969)
",-9999999.000,-9999999.000,0.000,0.000,1.000,0,0,0,27,27,0,0,27,0.0,0,0,0.0,0.0,1.0
"F[1,2](Bilirubin_total < 0.844 -> SepsisLabel = 0.000)
",-9999999.000,-9999999.000,0.000,0.000,1.000,0,0,0,27,27,0,0,27,0.0,0,0,0.0,0.0,1.0
"F[0,1](((Hct >= 0.088 & Platelets <= 198.556) -> Calcium <= 344.097) | Bilirubin_total <= 294.442)
",-9999999.000,-9999999.000,0.000,0.000,1.000,0,0,0,27,27,0,0,27,0.0,0,0,0.0,0.0,1.0
"((Alkalinephos >= 0.381) U[0,1] (Alkalinephos <= 7.688))
",-9999999.000,-9999999.000,0.000,0.000,1.000,0,0,0,27,27,0,0,27,0.0,0,0,0.0,0.0,1.0
"F[0,2](Chloride < 0.000 -> SepsisLabel = 0.000)
",-9999999.000,-9999999.000,0.000,0.000,1.000,0,0,0,27,27,0,0,27,0.0,0,0,0.0,0.0,1.0
"((Calcium < 6.142) U[0,1] (SepsisLabel = 0.000))
",-9999999.000,-9999999.000,0.000,0.000,1.000,0,0,0,27,27,0,0,27,0.0,0,0,0.0,0.0,1.0
"F[2,2](Calcium <= 6.134 -> SepsisLabel = 0.000)
",-6.134,-6.134,0.000,0.000,1.000,0,0,0,27,27,0,0,27,0.0,0,0,0.0,0.0,1.0
"F[1,2](SepsisLabel <= 0.000 -> SepsisLabel = 0.000)
",-9999999.000,-9999999.000,0.000,0.000,1.000,0,0,0,27,27,0,0,27,0.0,0,0,0.0,0.0,1.0
"((Magnesium >= 0.073) U[0,1] (SepsisLabel = 0.000))
",-9999999.000,-9999999.000,0.000,0.000,1.000,0,0,0,27,27,0,0,27,0.0,0,0,0.0,0.0,1.0
"F[1,2](((Calcium >= 0.362 -> Hct >= 1.148) -> Bilirubin_total <= 5.590) & SBP <= 25.160)
",-9999999.000,-9999999.000,0.000,0.000,1.000,0,0,0,27,27,0,0,27,0.0,0,0,0.0,0.0,1.0
"F[0,2](Calcium >= 0.026 -> SepsisLabel = 0.000)
",-9999999.000,-9999999.000,0.000,0.000,1.000,0,0,0,27,27,0,0,27,0.0,0,0,0.0,0.0,1.0
"F[2,2](Hct <= 34.024 -> SepsisLabel = 0.000)
",-34.024,-34.024,0.000,0.000,1.000,0,0,0,27,27,0,0,27,0.0,0,0,0.0,0.0,1.0
"((FiO2 > 0.000) U[0,2] (SepsisLabel = 0.000))
",-9999999.000,-9999999.000,0.000,0.000,1.000,0,0,0,27,27,0,0,27,0.0,0,0,0.0,0.0,1.0
"((Calcium >= 0.118) U[0,1] (SepsisLabel = 0.000))
",-9999999.000,-9999999.000,0.000,0.000,1.000,0,0,0,27,27,0,0,27,0.0,0,0,0.0,0.0,1.0
"F[2,2](O2Sat > 72.040 -> SepsisLabel = 0.000)
",0.000,0.000,0.000,0.000,1.000,0,0,0,27,27,0,0,27,0.0,0,0,0.0,0.0,1.0
"F[0,2](DBP < 93.518 & SepsisLabel = 0.000)
",-9999999.000,-9999999.000,0.000,0.000,1.000,0,0,0,27,27,0,0,27,0.0,0,0,0.0,0.0,1.0
"F[2,2](((Hgb >= 0.246 | Platelets >= 3.499) | HCO3 >= 7.074) -> Hct <= 200.120)
",-200.120,-200.120,0.000,0.000,1.000,0,0,0,27,27,0,0,27,0.0,0,0,0.0,0.0,1.0
"F[0,2](Platelets >= 1.111 & WBC <= 0.796)
",-9999999.000,-9999999.000,0.000,0.000,1.000,0,0,0,27,27,0,0,27,0.0,0,0,0.0,0.0,1.0
"F[0,2](BaseExcess > 0.000 -> SepsisLabel = 0.000)
",-9999999.000,-9999999.000,0.000,0.000,1.000,0,0,0,27,27,0,0,27,0.0,0,0,0.0,0.0,1.0
"F[2,2](((Hgb <= 2.231 & WBC <= 7.574) | Hgb >= 0.168) | TroponinI <= 9.890)
",5567608809844257.000,9.890,0.000,0.000,1.000,0,0,0,27,27,0,0,27,0.0,0,0,0.0,0.0,1.0
"((WBC <= 10.269) U[0,0] (SepsisLabel = 0.000))
",5780680236592956.000,10.269,0.000,0.000,1.000,0,0,0,27,27,0,0,27,0.0,0,0,0.0,0.0,1.0
"F[0,0](BUN <= 1.130 | Creatinine >= 0.017)
",4.922,1.086,0.000,0.000,1.000,0,0,0,27,27,0,0,27,0.0,0,0,0.0,0.0,1.0
"F[1,2](HCO3 <= 0.000 -> SepsisLabel = 0.000)
",-9999999.000,-9999999.000,0.000,0.000,1.000,0,0,0,27,27,0,0,27,0.0,0,0,0.0,0.0,1.0
"F[2,2]((Creatinine <= 0.351 & WBC <= 2.097) -> Temp >= 0.255)
",-6315361409578482.000,-0.351,0.000,0.000,1.000,0,0,0,27,27,0,0,27,0.0,0,0,0.0,0.0,1.0
"F[1,2](((MAP <= 112.222 | O2Sat >= 68.910) | Phosphate <= 98.026) -> Phosphate >= 93.385)
",-9999999.000,-9999999.000,0.000,0.000,1.000,0,0,0,27,27,0,0,27,0.0,0,0,0.0,0.0,1.0
"F[2,2]((Creatinine <= 0.730 -> Platelets >= 10.460) & Bilirubin_direct <= 286.666)
",-6572851098509692.000,-0.730,0.000,0.000,1.000,0,0,0,27,27,0,0,27,0.0,0,0,0.0,0.0,1.0
"((Creatinine <= 0.110) U[2,2] (Hgb <= 9.890))
",9.890,9.890,0.000,0.000,1.000,0,0,0,27,27,0,0,27,0.0,0,0,0.0,0.0,1.0
"F[0,2]((Hgb >= 0.227 -> Phosphate <= 1.499) -> Potassium >= 0.064)
",-9999999.000,-9999999.000,0.000,0.000,1.000,0,0,0,27,27,0,0,27,0.0,0,0,0.0,0.0,1.0
"F[0,2]((Hct >= 1.029 | Phosphate >= 0.004) -> Creatinine <= 1.847)
",-9999999.000,-9999999.000,0.000,0.000,1.000,0,0,0,27,27,0,0,27,0.0,0,0,0.0,0.0,1.0
"F[1,2]((Phosphate >= 0.084 -> Platelets <= 306.286) -> WBC >= 13.314)
",-9999999.000,-9999999.000,0.000,0.000,1.000,0,0,0,27,27,0,0,27,0.0,0,0,0.0,0.0,1.0
"((BUN <= 1.869) U[1,2] (Phosphate <= 1.522))
",-9999999.000,-9999999.000,0.000,0.000,1.000,0,0,0,27,27,0,0,27,0.0,0,0,0.0,0.0,1.0
"F[0,2]((Phosphate >= 0.078 | WBC >= 0.296) -> O2Sat >= 0.139)
",-9999999.000,-9999999.000,0.000,0.000,1.000,0,0,0,27,27,0,0,27,0.0,0,0,0.0,0.0,1.0
"((Bilirubin_direct > 0.000) U[0,1] (SepsisLabel = 0.000))
",-9999999.000,-9999999.000,0.000,0.000,1.000,0,0,0,27,27,0,0,27,0.0,0,0,0.0,0.0,1.0
"((MAP >= 27.059) U[0,2] (SBP <= 134.522))
",-9999999.000,-9999999.000,0.000,0.000,1.000,0,0,0,27,27,0,0,27,0.0,0,0,0.0,0.0,1.0
"F[0,1](((AST >= 0.259 | Glucose <= 323.946) | DBP >= 8.280) & O2Sat >= 13.448)
",-9999999.000,-9999999.000,0.000,0.000,1.000,0,0,0,27,27,0,0,27,0.0,0,0,0.0,0.0,1.0
"F[2,2](Hgb >= 0.260 | TroponinI <= 0.000)
",0.000,0.000,0.000,0.000,1.000,0,0,0,27,27,0,0,27,0.0,0,0,0.0,0.0,1.0
"F[0,1]((Alkalinephos >= 0.119 & Hgb >= 0.355) -> FiO2 >= 0.022)
",-9999999.000,-9999999.000,0.000,0.000,1.000,0,0,0,27,27,0,0,27,0.0,0,0,0.0,0.0,1.0
"((Alkalinephos >= 0.788) U[0,2] (Platelets <= 233.810))
",-9999999.000,-9999999.000,0.000,0.000,1.000,0,0,0,27,27,0,0,27,0.0,0,0,0.0,0.0,1.0
"F[2,2](((Bilirubin_total >= 0.001 -> Platelets >= 11.974) & AST >= 3.341) -> BUN <= 270.741)
",-270.741,-270.741,0.000,0.000,1.000,0,0,0,27,27,0,0,27,0.0,0,0,0.0,0.0,1.0
"F[0,0](((Bilirubin_total <= 0.789 -> Hct <= 15.407) & Chloride >= 0.476) -> HR >= 0.572)
",-21799.428,-21799.428,0.000,0.000,1.000,0,0,0,27,27,0,0,27,0.0,0,0,0.0,0.0,1.0
"F[1,1]((Alkalinephos >= 0.272 | Hct <= 30.224) | Lactate >= 0.008)
",8507351807421558.000,30.224,0.000,0.000,1.000,0,0,0,27,27,0,0,27,0.0,0,0,0.0,0.0,1.0
"F[0,1](((AST <= 8.993 & Hct >= 0.134) & HCO3 <= 33.474) -> MAP <= 20.351)
",-9999999.000,-9999999.000,0.000,0.000,1.000,0,0,0,27,27,0,0,27,0.0,0,0,0.0,0.0,1.0
"F[0,0](((AST <= 8.741 | Hgb >= 0.115) -> Lactate <= 6.658) -> Phosphate <= 4.347)
",-10.076,-4.263,0.000,0.000,1.000,0,0,0,27,27,0,0,27,0.0,0,0,0.0,0.0,1.0
"F[0,1](AST <= 6.604 | O2Sat <= 97.255)
",-9999999.000,-9999999.000,0.000,0.000,1.000,0,0,0,27,27,0,0,27,0.0,0,0,0.0,0.0,1.0
"((MAP >= 74.463) U[0,1] (SBP <= 149.874))
",-9999999.000,-9999999.000,0.000,0.000,1.000,0,0,0,27,27,0,0,27,0.0,0,0,0.0,0.0,1.0
"F[1,1](Hgb <= 10.908 | Hct <= 8.686)
",6140718092840626.000,10.908,0.000,0.000,1.000,0,0,0,27,27,0,0,27,0.0,0,0,0.0,0.0,1.0
"F[0,2]((Calcium <= 7.618 & Potassium <= 3.807) & Magnesium >= 0.024)
",-9999999.000,-9999999.000,0.000,0.000,1.000,0,0,0,27,27,0,0,27,0.0,0,0,0.0,0.0,1.0
"((Resp <= 24.084) U[1,2] (Temp >= 2.570))
",-9999999.000,-9999999.000,0.000,0.000,1.000,0,0,0,27,27,0,0,27,0.0,0,0,0.0,0.0,1.0
"F[1,2](((BUN >= 0.019 -> O2Sat <= 97.866) -> Creatinine >= 7.925) & MAP >= 37.269)
",-9999999.000,-9999999.000,0.000,0.000,1.000,0,0,0,27,27,0,0,27,0.0,0,0,0.0,0.0,1.0
"F[2,2](((Calcium < 2.988 & Potassium < 1.983) & Magnesium < 0.690) & Phosphate < 0.987)
",6210570401000174.000,0.690,0.000,0.000,1.000,0,0,0,27,27,0,0,27,0.0,0,0,0.0,0.0,1.0
"F[0,2]((MAP >= 0.686 -> WBC <= 7.674) | Hct <= 9.296)
",-9999999.000,-9999999.000,0.000,0.000,1.000,0,0,0,27,27,0,0,27,0.0,0,0,0.0,0.0,1.0
"F[0,2](((Alkalinephos >= 0.555 & WBC >= 0.166) | Chloride >= 0.214) -> Glucose <= 1.285)
",-9999999.000,-9999999.000,0.000,0.000,1.000,0,0,0,27,27,0,0,27,0.0,0,0,0.0,0.0,1.0
"F[2,2](((Bilirubin_total >= 0.010 -> WBC >= 0.078) -> Alkalinephos >= 0.270) & Potassium <= 5.163)
",-0.010,-0.010,0.000,0.000,1.000,0,0,0,27,27,0,0,27,0.0,0,0,0.0,0.0,1.0
"((Bilirubin_total <= 0.041) U[1,2] (Glucose <= 102.948))
",-9999999.000,-9999999.000,0.000,0.000,1.000,0,0,0,27,27,0,0,27,0.0,0,0,0.0,0.0,1.0
"F[0,2]((Calcium <= 8.091 & Potassium <= 1.829) & Magnesium >= 0.080)
",-9999999.000,-9999999.000,0.000,0.000,1.000,0,0,0,27,27,0,0,27,0.0,0,0,0.0,0.0,1.0
"F[2,2](EtCO2 < 31.983 & SepsisLabel = 0.000)
",0.000,0.000,0.000,0.000,1.000,0,0,0,27,27,0,0,27,0.0,0,0,0.0,0.0,1.0
"F[0,0](Magnesium <= 1.238 -> PaCO2 >= 0.000)
",-5575812647882236.000,-1.238,0.000,0.000,1.000,0,0,0,27,27,0,0,27,0.0,0,0,0.0,0.0,1.0
"F[1,2](Creatinine >= 0.016 -> MAP >= 1.104)
",-9999999.000,-9999999.000,0.000,0.000,1.000,0,0,0,27,27,0,0,27,0.0,0,0,0.0,0.0,1.0
"F[2,2]((Calcium <= 2.691 | DBP >= 35.760) & Temp >= 36.332)
",-36.332,-36.332,0.000,0.000,1.000,0,0,0,27,27,0,0,27,0.0,0,0,0.0,0.0,1.0
"F[2,2](((EtCO2 >= 11.065 -> Temp >= 5.153) | SBP >= 4.872) | BUN <= 19.820)
",19.820,19.820,0.000,0.000,1.000,0,0,0,27,27,0,0,27,0.0,0,0,0.0,0.0,1.0
"((Glucose <= 127.689) U[2,2] (Resp >= 14.049))
",8985314801180074.000,127.689,0.000,0.000,1.000,0,0,0,27,27,0,0,27,0.0,0,0,0.0,0.0,1.0
"F[0,2](((Creatinine >= 0.008 -> DBP <= 96.322) & MAP <= 86.483) | Bilirubin_total >= 70.197)
",-9999999.000,-9999999.000,0.000,0.000,1.000,0,0,0,27,27,0,0,27,0.0,0,0,0.0,0.0,1.0
"F[0,1]((O2Sat >= 58.240 -> WBC >= 0.124) | FiO2 <= 1.617)
",-9999999.000,-9999999.000,0.000,0.000,1.000,0,0,0,27,27,0,0,27,0.0,0,0,0.0,0.0,1.0
"F[1,2](((EtCO2 >= 4.123 & SBP >= 113.231) | Calcium >= 20.532) | Hct >= 72.400)
",-9999999.000,-9999999.000,0.000,0.000,1.000,0,0,0,27,27,0,0,27,0.0,0,0,0.0,0.0,1.0
"F[0,2](((Calcium < 1.895 & Potassium < 1.872) & Magnesium < 1.659) & Phosphate < 0.794)
",-9999999.000,-9999999.000,0.000,0.000,1.000,0,0,0,27,27,0,0,27,0.0,0,0,0.0,0.0,1.0
"F[0,1]((Phosphate >= 0.067 & Magnesium > 0.090) -> Calcium < 7.278)
",-9999999.000,-9999999.000,0.000,0.000,1.000,0,0,0,27,27,0,0,27,0.0,0,0,0.0,0.0,1.0
"F[0,1](((Hgb <= 7.348 & SBP >= 15.917) & FiO2 >= 81.763) -> PTT >= 12.708)
",-9999999.000,-9999999.000,0.000,0.000,1.000,0,0,0,27,27,0,0,27,0.0,0,0,0.0,0.0,1.0
"((Hct <= 10.857) U[0,2] (SBP <= 135.517))
",-9999999.000,-9999999.000,0.000,0.000,1.000,0,0,0,27,27,0,0,27,0.0,0,0,0.0,0.0,1.0
"F[1,2]((Platelets <= 76.419 | SBP <= 131.613) & Platelets <= 140.419)
",-9999999.000,-9999999.000,0.000,0.000,1.000,0,0,0,27,27,0,0,27,0.0,0,0,0.0,0.0,1.0
"F[0,2](Calcium <= 5.003 -> SBP <= 147.888)
",-9999999.000,-9999999.000,0.000,0.000,1.000,0,0,0,27,27,0,0,27,0.0,0,0,0.0,0.0,1.0
"F[1,1](EtCO2 <= 26.562 -> Hgb <= 9.903)
",-3738279419324501.500,-26.562,0.000,0.000,1.000,0,0,0,27,27,0,0,27,0.0,0,0,0.0,0.0,1.0
"F[2,2]((EtCO2 >= 4.577 -> Hct <= 26.866) | Resp <= 29.267)
",29.267,29.267,0.000,0.000,1.000,0,0,0,27,27,0,0,27,0.0,0,0,0.0,0.0,1.0
"F[0,0]((AST >= 0.279 -> SBP >= 113.861) | O2Sat <= 143.070)
",6.561,66.878,0.000,0.000,1.000,0,0,0,27,27,0,0,27,0.0,0,0,0.0,0.0,1.0
"((AST <= 7.810) U[1,2] (MAP >= 97.314))
",-9999999.000,-9999999.000,0.000,0.000,1.000,0,0,0,27,27,0,0,27,0.0,0,0,0.0,0.0,1.0
"F[2,2](Alkalinephos >= 0.190 -> MAP <= 115.543)
",-115.543,-115.543,0.000,0.000,1.000,0,0,0,27,27,0,0,27,0.0,0,0,0.0,0.0,1.0
"F[0,2]((EtCO2 <= 30.990 | Potassium >= 0.113) -> SaO2 <= 1.601)
",-9999999.000,-9999999.000,0.000,0.000,1.000,0,0,0,27,27,0,0,27,0.0,0,0,0.0,0.0,1.0
"((EtCO2 <= 34.755) U[2,2] (MAP <= 106.107))
",7466643488304394.000,106.107,0.000,0.000,1.000,0,0,0,27,27,0,0,27,0.0,0,0,0.0,0.0,1.0
"F[1,2](((Bilirubin_total >= 0.002 | SBP >= 106.616) -> WBC >= 80.505) | Lactate <= 143.977)
",-9999999.000,-9999999.000,0.000,0.000,1.000,0,0,0,27,27,0,0,27,0.0,0,0,0.0,0.0,1.0
"F[1,2](Alkalinephos >= 0.347 | SBP <= 134.082)
",-9999999.000,-9999999.000,0.000,0.000,1.000,0,0,0,27,27,0,0,27,0.0,0,0,0.0,0.0,1.0
"F[1,2](((Hct <= 6.454 -> Temp >= 5.049) | SaO2 >= 0.508) | Chloride >= 4.088)
",-9999999.000,-9999999.000,0.000,0.000,1.000,0,0,0,27,27,0,0,27,0.0,0,0,0.0,0.0,1.0
"F[0,2]((Calcium <= 3.967 & Potassium <= 3.165) & Magnesium >= 0.108)
",-9999999.000,-9999999.000,0.000,0.000,1.000,0,0,0,27,27,0,0,27,0.0,0,0,0.0,0.0,1.0
"F[0,0]((Hgb >= 0.230 & Temp >= 2.644) -> SepsisLabel <= 13.636)
",-7676490750155644.000,-13.636,0.000,0.000,1.000,0,0,0,27,27,0,0,27,0.0,0,0,0.0,0.0,1.0
"F[2,2]((Potassium <= 1.088 | Resp >= 10.421) -> HR >= 7.020)
",-4901323951690465.000,-1.088,0.000,0.000,1.000,0,0,0,27,27,0,0,27,0.0,0,0,0.0,0.0,1.0
"F[2,2](EtCO2 <= 14.950 & Magnesium >= 0.056)
",-0.056,-0.056,0.000,0.000,1.000,0,0,0,27,27,0,0,27,0.0,0,0,0.0,0.0,1.0
"F[1,2]((DBP >= 55.180 & Glucose >= 23.822) | SepsisLabel <= 378.529)
",-9999999.000,-9999999.000,0.000,0.000,1.000,0,0,0,27,27,0,0,27,0.0,0,0,0.0,0.0,1.0
"((Phosphate <= 1.109) U[2,2] (Temp >= 4.405))
",4993994354207313.000,1.109,0.000,0.000,1.000,0,0,0,27,27,0,0,27,0.0,0,0,0.0,0.0,1.0
"F[2,2](((Creatinine >= 0.011 | EtCO2 >= 10.871) -> HR <= 29.679) -> DBP >= 14.480)
",14.480,14.480,0.000,0.000,1.000,0,0,0,27,27,0,0,27,0.0,0,0,0.0,0.0,1.0
"F[0,0](Hct >= 0.924 -> Resp <= 25.759)
",0.924,0.924,0.000,0.000,1.000,0,0,0,27,27,0,0,27,0.0,0,0,0.0,0.0,1.0
"F[0,2](((Platelets >= 8.175 | Resp >= 12.618) & FiO2 >= 14.958) | Magnesium <= 16.829)
",-9999999.000,-9999999.000,0.000,0.000,1.000,0,0,0,27,27,0,0,27,0.0,0,0,0.0,0.0,1.0
"F[1,2](((O2Sat <= 99.319 & Temp >= 3.710) -> Bilirubin_total <= 16.308) & Magnesium >= 1.290)
",-9999999.000,-9999999.000,0.000,0.000,1.000,0,0,0,27,27,0,0,27,0.0,0,0,0.0,0.0,1.0
"F[0,2](AST <= 15.931 & DBP <= 89.798)
",-9999999.000,-9999999.000,0.000,0.000,1.000,0,0,0,27,27,0,0,27,0.0,0,0,0.0,0.0,1.0
"((Bilirubin_total <= 0.074) U[0,2] (DBP <= 84.764))
",-9999999.000,-9999999.000,0.000,0.000,1.000,0,0,0,27,27,0,0,27,0.0,0,0,0.0,0.0,1.0
"F[2,2]((DBP >= 75.002 | Temp >= 1.984) -> WBC <= 37.483)
",-37.483,-37.483,0.000,0.000,1.000,0,0,0,27,27,0,0,27,0.0,0,0,0.0,0.0,1.0
"F[0,2](((Alkalinephos >= 0.557 & Temp <= 37.151) & Phosphate >= 6.142) | Glucose >= 0.160)
",-9999999.000,-9999999.000,0.000,0.000,1.000,0,0,0,27,27,0,0,27,0.0,0,0,0.0,0.0,1.0
"F[0,2]((Bilirubin_total <= 0.249 | Temp >= 4.360) | Calcium >= 4.557)
",-9999999.000,-9999999.000,0.000,0.000,1.000,0,0,0,27,27,0,0,27,0.0,0,0,0.0,0.0,1.0
"((Glucose >= 9.870) U[0,2] (MAP >= 5.855))
",-9999999.000,-9999999.000,0.000,0.000,1.000,0,0,0,27,27,0,0,27,0.0,0,0,0.0,0.0,1.0
"F[0,1](DBP >= 35.145 | Platelets <= 332.339)
",-9999999.000,-9999999.000,0.000,0.000,1.000,0,0,0,27,27,0,0,27,0.0,0,0,0.0,0.0,1.0
"((EtCO2 >= 1.434) U[2,2] (Resp >= 0.146))
",-0.146,-0.146,0.000,0.000,1.000,0,0,0,27,27,0,0,27,0.0,0,0,0.0,0.0,1.0
"F[2,2]((DBP <= 84.407 & Hgb <= 5.066) -> Alkalinephos >= 0.345)
",-5703559736267428.000,-5.066,0.000,0.000,1.000,0,0,0,27,27,0,0,27,0.0,0,0,0.0,0.0,1.0
"F[0,2]((EtCO2 <= 31.606 & WBC <= 5.906) & Creatinine <= 10.185)
",-9999999.000,-9999999.000,0.000,0.000,1.000,0,0,0,27,27,0,0,27,0.0,0,0,0.0,0.0,1.0
"F[2,2]((EtCO2 <= 23.112 | Phosphate >= 0.015) -> Resp <= 1.632)
",-23.112,-23.112,0.000,0.000,1.000,0,0,0,27,27,0,0,27,0.0,0,0,0.0,0.0,1.0
"F[0,1](Bilirubin_total <= 0.506 -> HR >= 47.128)
",-9999999.000,-9999999.000,0.000,0.000,1.000,0,0,0,27,27,0,0,27,0.0,0,0,0.0,0.0,1.0
"F[1,1]((Magnesium >= 0.055 | SBP >= 44.298) | SaO2 <= 136.872)
",4815762512126369.000,136.872,0.000,0.000,1.000,0,0,0,27,27,0,0,27,0.0,0,0,0.0,0.0,1.0
"F[0,0]((HR >= 14.928 -> WBC <= 9.559) -> Hct <= 3.804)
",-3.804,-3.804,0.000,0.000,1.000,0,0,0,27,27,0,0,27,0.0,0,0,0.0,0.0,1.0
"F[1,2]((Hgb <= 8.903 -> HR >= 14.608) -> EtCO2 >= 8.849)
",-9999999.000,-9999999.000,0.000,0.000,1.000,0,0,0,27,27,0,0,27,0.0,0,0,0.0,0.0,1.0
