Rule,Discrimination Score,Pos Robustness,Neg Robustness,Percent Class +,Percent Class -,TP,TN,FP,FN,Actual Yes,Actual No,Predicted Yes,Predicted No,TPR/Sens,TNR/Spec,FPR,Precision,Accuracy,MCR,Class
"G[0,0]((WBC >= 0.039 | Hct <= 11.078) | Lactate <= 20.793)
",7.129,19.910,0.000,1.000,0.000,12,0,0,0,12,0,12,0,1.0,0.0,0.0,1.0,1.0434782608695652,-0.04347826086956519,1
"G[0,0](((SaO2 >= 0.000 | WBC >= 0.042) & Hgb <= 1.483) & Platelets <= 2.547)
",0.000,0.000,0.000,1.000,0.000,12,0,0,0,12,0,12,0,1.0,0.0,0.0,1.0,1.0434782608695652,-0.04347826086956519,1
"F[0,0]((Calcium <= 7.025 & Potassium <= 2.333) & Magnesium >= 4.361899412052633e-05)
",-22344.000,-22344.000,0.000,0.000,1.000,12,0,0,0,12,0,12,0,1.0,0.0,0.0,1.0,1.0434782608695652,-0.04347826086956519,-1
"((HR <= 93.788) U[0,0] (Hgb >= 0.057))
",-8199409815405583.000,-0.057,0.000,0.000,1.000,12,0,0,0,12,0,12,0,1.0,0.0,0.0,1.0,1.0434782608695652,-0.04347826086956519,-1
"F[0,0](((Bilirubin_direct >= 0.000 -> Temp <= 25.001) & Chloride >= 8.737) & WBC <= 35.855)
",-4918683165553585.000,-8.737,0.000,0.000,1.000,12,0,0,0,12,0,12,0,1.0,0.0,0.0,1.0,1.0434782608695652,-0.04347826086956519,-1
"G[0,0](((PTT >= 0.000 & Magnesium >= 0.038) & PaCO2 >= 0.036) -> DBP >= 0.035)
",-5.564,-102.238,0.000,1.000,0.000,12,0,0,0,12,0,12,0,1.0,0.0,0.0,1.0,1.0434782608695652,-0.04347826086956519,1
"F[0,0]((HCO3 >= 0.000 | DBP >= 35.879) -> Hct >= 52.449)
",-3.613,-66.394,0.000,0.000,1.000,12,0,0,0,12,0,12,0,1.0,0.0,0.0,1.0,1.0434782608695652,-0.04347826086956519,-1
"G[0,0](((PaCO2 >= 0.000 | TroponinI <= 0.000) | Glucose >= 0.000) & Chloride <= 0.000)
",0.000,0.000,0.000,1.000,0.000,12,0,0,0,12,0,12,0,1.0,0.0,0.0,1.0,1.0434782608695652,-0.04347826086956519,1
"G[0,0]((Alkalinephos >= 0.000 | Bilirubin_total >= 0.000) & Alkalinephos >= 0.000)
",0.000,0.000,0.000,1.000,0.000,12,0,0,0,12,0,12,0,1.0,0.0,0.0,1.0,1.0434782608695652,-0.04347826086956519,1
"G[0,0](Chloride >= 0.000 & HCO3 >= 0.000)
",0.000,0.000,0.000,1.000,0.000,12,0,0,0,12,0,12,0,1.0,0.0,0.0,1.0,1.0434782608695652,-0.04347826086956519,1
"G[0,0](((Calcium <= 7.448 | HR >= 69.867) & Phosphate >= 7.296) -> DBP <= 92.849)
",0.042,0.399,0.000,1.000,0.000,12,0,0,0,12,0,12,0,1.0,0.0,0.0,1.0,1.0434782608695652,-0.04347826086956519,1
"G[0,0](Temp >= 5.658 -> PaCO2 >= 0.000)
",-58.382,-92.615,0.000,1.000,0.000,12,0,0,0,12,0,12,0,1.0,0.0,0.0,1.0,1.0434782608695652,-0.04347826086956519,1
"G[0,0]((Calcium <= 0.703 | HCO3 <= 0.000) -> Creatinine <= 0.000)
",-6333312961551673.000,-0.703,0.000,1.000,0.000,12,0,0,0,12,0,12,0,1.0,0.0,0.0,1.0,1.0434782608695652,-0.04347826086956519,1
"F[0,0]((Creatinine <= 0.785 | HR >= 0.661) -> BaseExcess >= 52.419)
",-22343.339,-22343.339,0.000,0.000,1.000,12,0,0,0,12,0,12,0,1.0,0.0,0.0,1.0,1.0434782608695652,-0.04347826086956519,-1
"G[0,0](((MAP <= 131.467 & Chloride >= 0.000) | TroponinI >= 0.000) -> pH <= 0.000)
",0.000,0.000,0.000,1.000,0.000,12,0,0,0,12,0,12,0,1.0,0.0,0.0,1.0,1.0434782608695652,-0.04347826086956519,1
"G[0,0](((Platelets <= 100.276 & SBP <= 149.478) & AST >= 22.117) | HCO3 <= 147.117)
",5176214317556089.000,147.117,0.000,1.000,0.000,12,0,0,0,12,0,12,0,1.0,0.0,0.0,1.0,1.0434782608695652,-0.04347826086956519,1
"G[0,0](Chloride >= 0.000 & HCO3 >= 0.000)
",0.000,0.000,0.000,1.000,0.000,12,0,0,0,12,0,12,0,1.0,0.0,0.0,1.0,1.0434782608695652,-0.04347826086956519,1
"G[0,0]((BaseExcess >= 0.000 -> Resp >= 10.176) -> Chloride <= 21.967)
",-6183281116981319.000,-21.967,0.000,1.000,0.000,12,0,0,0,12,0,12,0,1.0,0.0,0.0,1.0,1.0434782608695652,-0.04347826086956519,1
"G[0,0]((Temp <= 34.601 & SepsisLabel <= 0.000) | Hgb <= 0.000)
",0.000,0.000,0.000,1.000,0.000,12,0,0,0,12,0,12,0,1.0,0.0,0.0,1.0,1.0434782608695652,-0.04347826086956519,1
"G[0,0]((Calcium >= 0.384 & PTT >= 0.000) | Fibrinogen >= 0.000)
",0.000,0.000,0.000,1.000,0.000,12,0,0,0,12,0,12,0,1.0,0.0,0.0,1.0,1.0434782608695652,-0.04347826086956519,1
"G[0,0](AST > 0.000 -> SepsisLabel = 0.000)
",0.000,0.000,0.000,1.000,0.000,12,0,0,0,12,0,12,0,1.0,0.0,0.0,1.0,1.0434782608695652,-0.04347826086956519,1
"G[0,0](HR < 84.625 -> SepsisLabel = 0.000)
",0.000,0.000,0.000,1.000,0.000,12,0,0,0,12,0,12,0,1.0,0.0,0.0,1.0,1.0434782608695652,-0.04347826086956519,1
"G[0,0]((Bilirubin_total >= 0.000 & Bilirubin_total >= 0.000) -> Chloride <= 0.000)
",0.000,0.000,0.000,1.000,0.000,12,0,0,0,12,0,12,0,1.0,0.0,0.0,1.0,1.0434782608695652,-0.04347826086956519,1
"G[0,0](FiO2 >= 0.000 | EtCO2 <= 0.000)
",0.000,0.000,0.000,1.000,0.000,12,0,0,0,12,0,12,0,1.0,0.0,0.0,1.0,1.0434782608695652,-0.04347826086956519,1
"G[0,0](Creatinine >= 0.124 | pH >= 0.000)
",0.000,0.000,0.000,1.000,0.000,12,0,0,0,12,0,12,0,1.0,0.0,0.0,1.0,1.0434782608695652,-0.04347826086956519,1
"G[0,1](((SBP >= 73.789 | Platelets >= 4.990) & SBP >= 5.351) | BUN <= 123.386)
",9999999.000,9999999.000,0.000,1.000,0.000,11,0,1,0,11,1,12,0,1.0,0.0,1.0,0.9166666666666666,0.9565217391304348,0.04347826086956519,1
"G[0,1](BaseExcess <= 0.000 -> PaCO2 >= 0.000)
",9999999.000,9999999.000,0.000,1.000,0.000,11,0,1,0,11,1,12,0,1.0,0.0,1.0,0.9166666666666666,0.9565217391304348,0.04347826086956519,1
"G[0,1](((pH >= 0.000 & DBP >= 15.401) | Bilirubin_total >= 59.379) -> Alkalinephos <= 94.668)
",9999999.000,9999999.000,0.000,1.000,0.000,11,0,1,0,11,1,12,0,1.0,0.0,1.0,0.9166666666666666,0.9565217391304348,0.04347826086956519,1
"G[1,1](BaseExcess <= 0.000 & SepsisLabel = 0.000)
",0.000,0.000,0.000,1.000,0.000,11,0,1,0,11,1,12,0,1.0,0.0,1.0,0.9166666666666666,0.9565217391304348,0.04347826086956519,1
"G[0,1](((WBC <= 0.737 & MAP >= 42.987) & PaCO2 >= 19.864) -> TroponinI >= 6.994)
",9999999.000,9999999.000,0.000,1.000,0.000,11,0,1,0,11,1,12,0,1.0,0.0,1.0,0.9166666666666666,0.9565217391304348,0.04347826086956519,1
"G[0,1](((PTT <= 0.000 -> EtCO2 >= 0.000) & WBC >= 0.000) & Resp >= 0.000)
",9999999.000,9999999.000,0.000,1.000,0.000,11,0,1,0,11,1,12,0,1.0,0.0,1.0,0.9166666666666666,0.9565217391304348,0.04347826086956519,1
"G[0,1]((EtCO2 >= 0.000 | Hgb >= 0.239) | Potassium >= 0.204)
",9999999.000,9999999.000,0.000,1.000,0.000,11,0,1,0,11,1,12,0,1.0,0.0,1.0,0.9166666666666666,0.9565217391304348,0.04347826086956519,1
"G[0,1](((FiO2 >= 0.000 & Fibrinogen <= 0.000) & Alkalinephos >= 0.000) & SepsisLabel >= 0.000)
",9999999.000,9999999.000,0.000,1.000,0.000,11,0,1,0,11,1,12,0,1.0,0.0,1.0,0.9166666666666666,0.9565217391304348,0.04347826086956519,1
"G[0,1](((BaseExcess <= 0.000 -> SepsisLabel <= 0.000) | HR >= 0.000) -> AST >= 0.000)
",9999999.000,9999999.000,0.000,1.000,0.000,11,0,1,0,11,1,12,0,1.0,0.0,1.0,0.9166666666666666,0.9565217391304348,0.04347826086956519,1
"G[0,1]((Chloride <= 0.000 -> pH >= 0.000) | TroponinI >= 0.000)
",9999999.000,9999999.000,0.000,1.000,0.000,11,0,1,0,11,1,12,0,1.0,0.0,1.0,0.9166666666666666,0.9565217391304348,0.04347826086956519,1
"G[0,1](PTT <= 0.000 | MAP <= 114.223)
",9999999.000,9999999.000,0.000,1.000,0.000,11,0,1,0,11,1,12,0,1.0,0.0,1.0,0.9166666666666666,0.9565217391304348,0.04347826086956519,1
"G[0,1](HR < 80.132 -> SepsisLabel = 0.000)
",9999999.000,9999999.000,0.000,1.000,0.000,11,0,1,0,11,1,12,0,1.0,0.0,1.0,0.9166666666666666,0.9565217391304348,0.04347826086956519,1
"G[0,1](SepsisLabel <= 0.000 -> SepsisLabel = 0.000)
",9999999.000,9999999.000,0.000,1.000,0.000,11,0,1,0,11,1,12,0,1.0,0.0,1.0,0.9166666666666666,0.9565217391304348,0.04347826086956519,1
"F[0,1]((Calcium <= 1.431 & Potassium <= 1.982) & Magnesium >= 0.075)
",-9999999.000,-9999999.000,0.000,0.000,1.000,11,0,0,1,12,0,11,1,0.9166666666666666,0.0,0.0,1.0,0.9565217391304348,0.04347826086956519,-1
"F[1,1]((PaCO2 >= 0.000 -> Glucose >= 1.677) & pH >= 3.816)
",-4296872932606485.000,-3.816,0.000,0.000,1.000,11,0,0,1,12,0,11,1,0.9166666666666666,0.0,0.0,1.0,0.9565217391304348,0.04347826086956519,-1
"((BUN >= 1.360) U[1,1] (Platelets >= 1.867))
",-1.360,-1.360,0.000,0.000,1.000,11,0,0,1,12,0,11,1,0.9166666666666666,0.0,0.0,1.0,0.9565217391304348,0.04347826086956519,-1
"F[0,1]((Glucose <= 54.408 | Phosphate >= 0.009) & pH >= 0.111)
",-9999999.000,-9999999.000,0.000,0.000,1.000,11,0,0,1,12,0,11,1,0.9166666666666666,0.0,0.0,1.0,0.9565217391304348,0.04347826086956519,-1
"F[1,1](((BaseExcess >= 0.000 & PaCO2 >= 0.000) -> MAP <= 0.000) & Lactate >= 0.000)
",0.000,0.000,0.000,0.000,1.000,11,0,0,1,12,0,11,1,0.9166666666666666,0.0,0.0,1.0,0.9565217391304348,0.04347826086956519,-1
"F[1,1](((Potassium >= 0.043 | SBP <= 156.260) -> O2Sat <= 166.639) -> Resp >= 27.625)
",27.625,27.625,0.000,0.000,1.000,11,0,0,1,12,0,11,1,0.9166666666666666,0.0,0.0,1.0,0.9565217391304348,0.04347826086956519,-1
"F[0,1](((Magnesium >= 0.040 | Platelets >= 3.853) & Bilirubin_direct >= 5.263) & AST <= 52.311)
",-9999999.000,-9999999.000,0.000,0.000,1.000,11,0,0,1,12,0,11,1,0.9166666666666666,0.0,0.0,1.0,0.9565217391304348,0.04347826086956519,-1
"F[0,1](((DBP >= 22.810 | Glucose <= 79.673) -> Alkalinephos <= 61.932) -> BaseExcess >= 5.487)
",-9999999.000,-9999999.000,0.000,0.000,1.000,11,0,0,1,12,0,11,1,0.9166666666666666,0.0,0.0,1.0,0.9565217391304348,0.04347826086956519,-1
"F[1,1]((Magnesium >= 0.008 -> Temp <= 13.826) -> Fibrinogen >= 12.545)
",7062342270575686.000,12.545,0.000,0.000,1.000,11,0,0,1,12,0,11,1,0.9166666666666666,0.0,0.0,1.0,0.9565217391304348,0.04347826086956519,-1
"F[0,1]((Calcium <= 8.329 & Potassium <= 3.915) & Magnesium >= 0.077)
",-9999999.000,-9999999.000,0.000,0.000,1.000,11,0,0,1,12,0,11,1,0.9166666666666666,0.0,0.0,1.0,0.9565217391304348,0.04347826086956519,-1
"F[0,1]((Calcium <= 3.786 & Potassium <= 3.023) & Magnesium >= 0.036)
",-9999999.000,-9999999.000,0.000,0.000,1.000,11,0,0,1,12,0,11,1,0.9166666666666666,0.0,0.0,1.0,0.9565217391304348,0.04347826086956519,-1
"F[1,1](((HR >= 29.567 | Resp <= 21.565) & Platelets <= 24.454) & Lactate >= 11.643)
",-6554352200829702.000,-11.643,0.000,0.000,1.000,11,0,0,1,12,0,11,1,0.9166666666666666,0.0,0.0,1.0,0.9565217391304348,0.04347826086956519,-1
"((pH > 0.000) U[1,2] (SepsisLabel = 0.000))
",-9999999.000,-9999999.000,0.000,0.000,1.000,11,0,0,1,12,0,11,1,0.9166666666666666,0.0,0.0,1.0,0.9565217391304348,0.04347826086956519,-1
"F[0,1](((TroponinI >= 0.000 -> WBC <= 3.021) -> Hct >= 0.075) & Alkalinephos >= 0.136)
",-9999999.000,-9999999.000,0.000,0.000,1.000,11,0,0,1,12,0,11,1,0.9166666666666666,0.0,0.0,1.0,0.9565217391304348,0.04347826086956519,-1
"F[0,1](HCO3 > 0.000 & SepsisLabel = 0.000)
",-9999999.000,-9999999.000,0.000,0.000,1.000,11,0,0,1,12,0,11,1,0.9166666666666666,0.0,0.0,1.0,0.9565217391304348,0.04347826086956519,-1
"G[0,1]((Resp <= 23.662 -> Temp >= 7.883) -> pH <= 15.422)
",9999999.000,9999999.000,0.000,1.000,0.000,11,0,1,0,11,1,12,0,1.0,0.0,1.0,0.9166666666666666,0.9565217391304348,0.04347826086956519,1
"((EtCO2 < 0.000) U[1,2] (SepsisLabel = 0.000))
",-9999999.000,-9999999.000,0.000,0.000,1.000,11,0,0,1,12,0,11,1,0.9166666666666666,0.0,0.0,1.0,0.9565217391304348,0.04347826086956519,-1
"G[0,1](((SBP >= 26.610 & BaseExcess <= 0.000) | FiO2 >= 0.000) & SepsisLabel >= 0.000)
",9999999.000,9999999.000,0.000,1.000,0.000,11,0,1,0,11,1,12,0,1.0,0.0,1.0,0.9166666666666666,0.9565217391304348,0.04347826086956519,1
"G[0,1](Glucose <= 69.987 | Chloride >= 0.000)
",9999999.000,9999999.000,0.000,1.000,0.000,11,0,1,0,11,1,12,0,1.0,0.0,1.0,0.9166666666666666,0.9565217391304348,0.04347826086956519,1
"G[1,1](DBP >= 62.164 -> Magnesium <= 0.391)
",-0.391,-0.391,0.000,1.000,0.000,11,0,1,0,11,1,12,0,1.0,0.0,1.0,0.9166666666666666,0.9565217391304348,0.04347826086956519,1
"G[0,1](Hgb >= 0.263 -> MAP <= 110.966)
",9999999.000,9999999.000,0.000,1.000,0.000,11,0,1,0,11,1,12,0,1.0,0.0,1.0,0.9166666666666666,0.9565217391304348,0.04347826086956519,1
"G[1,1]((Calcium <= 8.475 | Resp <= 20.012) -> HCO3 <= 19.569)
",-5632744236950358.000,-20.012,0.000,1.000,0.000,11,0,1,0,11,1,12,0,1.0,0.0,1.0,0.9166666666666666,0.9565217391304348,0.04347826086956519,1
"G[0,1](((Hgb <= 1.547 -> Bilirubin_total >= 0.000) -> Chloride >= 0.000) -> MAP >= 0.000)
",9999999.000,9999999.000,0.000,1.000,0.000,11,0,1,0,11,1,12,0,1.0,0.0,1.0,0.9166666666666666,0.9565217391304348,0.04347826086956519,1
"G[0,1]((Platelets <= 18.416 & Resp >= 9.032) | SepsisLabel <= 24.456)
",9999999.000,9999999.000,0.000,1.000,0.000,11,0,1,0,11,1,12,0,1.0,0.0,1.0,0.9166666666666666,0.9565217391304348,0.04347826086956519,1
"G[0,1](((Platelets <= 94.015 & pH >= 0.000) -> TroponinI >= 0.000) | EtCO2 >= 0.000)
",9999999.000,9999999.000,0.000,1.000,0.000,11,0,1,0,11,1,12,0,1.0,0.0,1.0,0.9166666666666666,0.9565217391304348,0.04347826086956519,1
"G[0,1](((DBP <= 93.850 & PTT <= 0.000) & FiO2 >= 0.000) | BUN >= 0.000)
",9999999.000,9999999.000,0.000,1.000,0.000,11,0,1,0,11,1,12,0,1.0,0.0,1.0,0.9166666666666666,0.9565217391304348,0.04347826086956519,1
"G[0,1](Bilirubin_total > 0.000 -> SepsisLabel = 0.000)
",9999999.000,9999999.000,0.000,1.000,0.000,11,0,1,0,11,1,12,0,1.0,0.0,1.0,0.9166666666666666,0.9565217391304348,0.04347826086956519,1
"G[1,1](DBP < 94.779 -> SepsisLabel = 0.000)
",-94.779,-94.779,0.000,1.000,0.000,11,0,1,0,11,1,12,0,1.0,0.0,1.0,0.9166666666666666,0.9565217391304348,0.04347826086956519,1
"G[0,1]((Hct >= 0.361 & PTT <= 0.000) | O2Sat >= 0.000)
",9999999.000,9999999.000,0.000,1.000,0.000,11,0,1,0,11,1,12,0,1.0,0.0,1.0,0.9166666666666666,0.9565217391304348,0.04347826086956519,1
"G[0,1]((DBP <= 107.364 | Alkalinephos <= 0.000) & AST >= 0.000)
",9999999.000,9999999.000,0.000,1.000,0.000,11,0,1,0,11,1,12,0,1.0,0.0,1.0,0.9166666666666666,0.9565217391304348,0.04347826086956519,1
"G[0,1](((BaseExcess <= 0.000 | BUN >= 1.154) -> WBC >= 0.494) | EtCO2 <= 26.006)
",9999999.000,9999999.000,0.000,1.000,0.000,11,0,1,0,11,1,12,0,1.0,0.0,1.0,0.9166666666666666,0.9565217391304348,0.04347826086956519,1
"G[1,1](((Calcium <= 1.175 | DBP >= 45.430) & PaCO2 <= 83.536) | Bilirubin_total <= 90.645)
",6378566968868727.000,90.645,0.000,1.000,0.000,11,0,1,0,11,1,12,0,1.0,0.0,1.0,0.9166666666666666,0.9565217391304348,0.04347826086956519,1
"G[1,1](((Calcium >= 0.369 | Platelets <= 26.658) -> HCO3 >= 3.005) | SBP >= 0.145)
",-0.145,-0.145,0.000,1.000,0.000,11,0,1,0,11,1,12,0,1.0,0.0,1.0,0.9166666666666666,0.9565217391304348,0.04347826086956519,1
"G[0,1](Temp >= 3.874 | HCO3 <= 0.000)
",9999999.000,9999999.000,0.000,1.000,0.000,11,0,1,0,11,1,12,0,1.0,0.0,1.0,0.9166666666666666,0.9565217391304348,0.04347826086956519,1
"G[0,1](BUN <= 27.435 | Calcium >= 0.304)
",9999999.000,9999999.000,0.000,1.000,0.000,11,0,1,0,11,1,12,0,1.0,0.0,1.0,0.9166666666666666,0.9565217391304348,0.04347826086956519,1
"G[0,1]((BUN >= 0.268 | SepsisLabel <= 0.000) -> PaCO2 <= 0.000)
",9999999.000,9999999.000,0.000,1.000,0.000,11,0,1,0,11,1,12,0,1.0,0.0,1.0,0.9166666666666666,0.9565217391304348,0.04347826086956519,1
"G[0,1](TroponinI >= 0.000 -> BaseExcess <= 0.000)
",9999999.000,9999999.000,0.000,1.000,0.000,11,0,1,0,11,1,12,0,1.0,0.0,1.0,0.9166666666666666,0.9565217391304348,0.04347826086956519,1
"G[0,1]((DBP <= 99.143 | Temp <= 26.079) | Bilirubin_direct <= 27.712)
",9999999.000,9999999.000,0.000,1.000,0.000,11,0,1,0,11,1,12,0,1.0,0.0,1.0,0.9166666666666666,0.9565217391304348,0.04347826086956519,1
"G[0,1](((Bilirubin_direct >= 0.000 | Bilirubin_direct >= 0.000) | Phosphate <= 0.000) -> BaseExcess <= 0.000)
",9999999.000,9999999.000,0.000,1.000,0.000,11,0,1,0,11,1,12,0,1.0,0.0,1.0,0.9166666666666666,0.9565217391304348,0.04347826086956519,1
"G[1,1](O2Sat >= 34.949 | BaseExcess <= 0.000)
",0.000,0.000,0.000,1.000,0.000,11,0,1,0,11,1,12,0,1.0,0.0,1.0,0.9166666666666666,0.9565217391304348,0.04347826086956519,1
"G[0,1]((Hgb >= 0.020 | Bilirubin_total >= 0.000) & Hgb >= 0.000)
",9999999.000,9999999.000,0.000,1.000,0.000,11,0,1,0,11,1,12,0,1.0,0.0,1.0,0.9166666666666666,0.9565217391304348,0.04347826086956519,1
"G[0,1](Chloride >= 0.000 & HCO3 >= 0.000)
",9999999.000,9999999.000,0.000,1.000,0.000,11,0,1,0,11,1,12,0,1.0,0.0,1.0,0.9166666666666666,0.9565217391304348,0.04347826086956519,1
"G[1,1](((HCO3 >= 0.000 & O2Sat >= 70.185) -> Temp >= 30.117) -> Lactate <= 98.763)
",-98.763,-98.763,0.000,1.000,0.000,11,0,1,0,11,1,12,0,1.0,0.0,1.0,0.9166666666666666,0.9565217391304348,0.04347826086956519,1
"G[1,1]((Hgb >= 0.069 | Bilirubin_direct >= 0.000) | Creatinine <= 0.000)
",0.000,0.000,0.000,1.000,0.000,11,0,1,0,11,1,12,0,1.0,0.0,1.0,0.9166666666666666,0.9565217391304348,0.04347826086956519,1
"G[0,1](((SepsisLabel >= 0.000 & EtCO2 >= 0.000) & Bilirubin_direct >= 0.000) -> O2Sat >= 0.000)
",9999999.000,9999999.000,0.000,1.000,0.000,11,0,1,0,11,1,12,0,1.0,0.0,1.0,0.9166666666666666,0.9565217391304348,0.04347826086956519,1
"G[0,1](((Lactate <= 0.000 -> Platelets >= 0.378) -> Temp >= 4.325) -> Hgb <= 101.423)
",9999999.000,9999999.000,0.000,1.000,0.000,11,0,1,0,11,1,12,0,1.0,0.0,1.0,0.9166666666666666,0.9565217391304348,0.04347826086956519,1
"G[0,1]((Bilirubin_total >= 0.000 | SBP >= 50.386) | BUN <= 155.831)
",9999999.000,9999999.000,0.000,1.000,0.000,11,0,1,0,11,1,12,0,1.0,0.0,1.0,0.9166666666666666,0.9565217391304348,0.04347826086956519,1
"G[0,1](Bilirubin_total < 0.000 -> SepsisLabel = 0.000)
",9999999.000,9999999.000,0.000,1.000,0.000,11,0,1,0,11,1,12,0,1.0,0.0,1.0,0.9166666666666666,0.9565217391304348,0.04347826086956519,1
"G[0,1](pH >= 0.000 -> EtCO2 <= 0.000)
",9999999.000,9999999.000,0.000,1.000,0.000,11,0,1,0,11,1,12,0,1.0,0.0,1.0,0.9166666666666666,0.9565217391304348,0.04347826086956519,1
"G[0,1](((BUN >= 1.040 -> Temp <= 20.525) & Lactate <= 26.377) -> Phosphate <= 25.193)
",9999999.000,9999999.000,0.000,1.000,0.000,11,0,1,0,11,1,12,0,1.0,0.0,1.0,0.9166666666666666,0.9565217391304348,0.04347826086956519,1
"G[0,1]((TroponinI >= 0.000 & PTT >= 0.000) | Glucose <= 0.000)
",9999999.000,9999999.000,0.000,1.000,0.000,11,0,1,0,11,1,12,0,1.0,0.0,1.0,0.9166666666666666,0.9565217391304348,0.04347826086956519,1
"G[0,1]((Magnesium <= 1.365 -> Lactate <= 0.000) -> Fibrinogen <= 0.000)
",9999999.000,9999999.000,0.000,1.000,0.000,11,0,1,0,11,1,12,0,1.0,0.0,1.0,0.9166666666666666,0.9565217391304348,0.04347826086956519,1
"G[0,1](TroponinI >= 0.000 & FiO2 <= 0.000)
",9999999.000,9999999.000,0.000,1.000,0.000,11,0,1,0,11,1,12,0,1.0,0.0,1.0,0.9166666666666666,0.9565217391304348,0.04347826086956519,1
"G[0,1](((pH <= 0.000 | HR >= 53.977) -> Fibrinogen <= 83.379) -> Temp <= 85.803)
",9999999.000,9999999.000,0.000,1.000,0.000,11,0,1,0,11,1,12,0,1.0,0.0,1.0,0.9166666666666666,0.9565217391304348,0.04347826086956519,1
"G[0,1](((Phosphate <= 0.437 -> pH >= 0.000) | HR <= 0.000) -> PTT >= 0.000)
",9999999.000,9999999.000,0.000,1.000,0.000,11,0,1,0,11,1,12,0,1.0,0.0,1.0,0.9166666666666666,0.9565217391304348,0.04347826086956519,1
"G[0,1]((AST >= 0.000 -> Temp >= 10.050) -> FiO2 <= 36.337)
",9999999.000,9999999.000,0.000,1.000,0.000,11,0,1,0,11,1,12,0,1.0,0.0,1.0,0.9166666666666666,0.9565217391304348,0.04347826086956519,1
"G[1,1]((Platelets <= 45.845 | SepsisLabel <= 0.000) | SBP <= 0.000)
",6452105659423503.000,45.845,0.000,1.000,0.000,11,0,1,0,11,1,12,0,1.0,0.0,1.0,0.9166666666666666,0.9565217391304348,0.04347826086956519,1
"G[0,1](((O2Sat <= 90.050 & AST <= 0.000) | BUN <= 0.000) | Potassium <= 0.000)
",9999999.000,9999999.000,0.000,1.000,0.000,10,0,1,1,11,1,11,1,0.9090909090909091,0.0,1.0,0.9090909090909091,0.8695652173913043,0.13043478260869568,1
"G[0,1](Platelets < 87.955 & SepsisLabel = 0.000)
",9999999.000,9999999.000,0.000,1.000,0.000,10,0,1,1,11,1,11,1,0.9090909090909091,0.0,1.0,0.9090909090909091,0.8695652173913043,0.13043478260869568,1
"G[1,1](((FiO2 >= 0.000 -> Potassium <= 1.130) -> HCO3 >= 0.059) -> FiO2 >= 0.022)
",-0.059,-0.059,0.000,1.000,0.000,10,0,1,1,11,1,11,1,0.9090909090909091,0.0,1.0,0.9090909090909091,0.8695652173913043,0.13043478260869568,1
"G[1,1](BUN <= 28.255 | BUN <= 34.409)
",4842679531330231.000,34.409,0.000,1.000,0.000,10,0,1,1,11,1,11,1,0.9090909090909091,0.0,1.0,0.9090909090909091,0.8695652173913043,0.13043478260869568,1
"G[0,0](MAP <= 116.283 | WBC >= 0.139)
",0.424,1.522,0.000,1.000,0.000,10,0,0,2,12,0,10,2,0.8333333333333334,0.0,0.0,1.0,0.8695652173913043,0.13043478260869568,1
"G[0,0]((Bilirubin_total >= 0.000 -> WBC >= 0.052) | O2Sat >= 0.027)
",11.151,87.200,0.000,1.000,0.000,10,0,0,2,12,0,10,2,0.8333333333333334,0.0,0.0,1.0,0.8695652173913043,0.13043478260869568,1
"((AST >= 0.000) U[1,1] (Creatinine >= 0.129))
",0.000,0.000,0.000,0.000,1.000,10,0,0,2,12,0,10,2,0.8333333333333334,0.0,0.0,1.0,0.8695652173913043,0.13043478260869568,-1
"F[1,1]((HCO3 <= 0.000 & Hgb >= 0.301) | Fibrinogen >= 0.297)
",-0.297,-0.297,0.000,0.000,1.000,10,0,0,2,12,0,10,2,0.8333333333333334,0.0,0.0,1.0,0.8695652173913043,0.13043478260869568,-1
"G[0,1](((DBP <= 100.765 & MAP <= 125.938) | BaseExcess >= 10.468) & Potassium <= 126.161)
",9999999.000,9999999.000,0.000,1.000,0.000,10,0,1,1,11,1,11,1,0.9090909090909091,0.0,1.0,0.9090909090909091,0.8695652173913043,0.13043478260869568,1
"G[1,1](((PTT >= 0.000 -> Alkalinephos >= 0.000) -> BaseExcess <= 0.000) & BUN <= 0.000)
",0.000,0.000,0.000,1.000,0.000,10,0,1,1,11,1,11,1,0.9090909090909091,0.0,1.0,0.9090909090909091,0.8695652173913043,0.13043478260869568,1
"G[0,0](Magnesium <= 1.830 & O2Sat >= 60.257)
",4120629889834029.000,1.830,0.000,1.000,0.000,10,0,0,2,12,0,10,2,0.8333333333333334,0.0,0.0,1.0,0.8695652173913043,0.13043478260869568,1
"((Creatinine <= 3.285) U[1,1] (WBC >= 0.193))
",3.285,3.285,0.000,0.000,1.000,10,0,0,2,12,0,10,2,0.8333333333333334,0.0,0.0,1.0,0.8695652173913043,0.13043478260869568,-1
"G[0,1]((Alkalinephos >= 0.000 | Calcium >= 0.200) -> Potassium <= 1.912)
",9999999.000,9999999.000,0.000,1.000,0.000,10,0,1,1,11,1,11,1,0.9090909090909091,0.0,1.0,0.9090909090909091,0.8695652173913043,0.13043478260869568,1
"F[0,0]((DBP >= 61.285 | Resp >= 19.475) -> SepsisLabel >= 7.211)
",-3.360,-60.661,0.000,0.000,1.000,10,0,0,2,12,0,10,2,0.8333333333333334,0.0,0.0,1.0,0.8695652173913043,0.13043478260869568,-1
"((Hct >= 0.971) U[0,1] (BUN >= 1.402))
",-9999999.000,-9999999.000,0.000,0.000,1.000,10,0,0,2,12,0,10,2,0.8333333333333334,0.0,0.0,1.0,0.8695652173913043,0.13043478260869568,-1
"F[1,1](Platelets > 0.006 & SepsisLabel = 0.000)
",-0.006,-0.006,0.000,0.000,1.000,10,0,0,2,12,0,10,2,0.8333333333333334,0.0,0.0,1.0,0.8695652173913043,0.13043478260869568,-1
"F[0,1](((Phosphate >= 0.100 | Hgb <= 2.991) | Glucose >= 0.212) -> Platelets >= 0.265)
",-9999999.000,-9999999.000,0.000,0.000,1.000,10,0,0,2,12,0,10,2,0.8333333333333334,0.0,0.0,1.0,0.8695652173913043,0.13043478260869568,-1
"F[1,1](DBP >= 44.149 & Potassium >= 0.116)
",-44.149,-44.149,0.000,0.000,1.000,10,0,0,2,12,0,10,2,0.8333333333333334,0.0,0.0,1.0,0.8695652173913043,0.13043478260869568,-1
"F[1,1](WBC >= 0.198 & SepsisLabel = 0.000)
",-7131964263990113.000,-0.198,0.000,0.000,1.000,10,0,0,2,12,0,10,2,0.8333333333333334,0.0,0.0,1.0,0.8695652173913043,0.13043478260869568,-1
"F[0,0]((PTT <= 0.000 -> Resp >= 18.771) -> Lactate >= 17.328)
",0.457,10.237,0.000,0.000,1.000,10,0,0,2,12,0,10,2,0.8333333333333334,0.0,0.0,1.0,0.8695652173913043,0.13043478260869568,-1
"((Glucose >= 9.638) U[0,1] (WBC >= 0.103))
",-9999999.000,-9999999.000,0.000,0.000,1.000,10,0,0,2,12,0,10,2,0.8333333333333334,0.0,0.0,1.0,0.8695652173913043,0.13043478260869568,-1
"F[0,1](Creatinine >= 0.283 & Resp >= 13.725)
",-9999999.000,-9999999.000,0.000,0.000,1.000,10,0,0,2,12,0,10,2,0.8333333333333334,0.0,0.0,1.0,0.8695652173913043,0.13043478260869568,-1
"F[1,1](Lactate <= 0.000 -> Platelets >= 4.887)
",0.000,0.000,0.000,0.000,1.000,10,0,0,2,12,0,10,2,0.8333333333333334,0.0,0.0,1.0,0.8695652173913043,0.13043478260869568,-1
"F[0,0](((Hct >= 0.013 -> DBP <= 106.497) & MAP <= 100.385) -> PaCO2 >= 59.642)
",3.343,42.995,0.000,0.000,1.000,9,0,0,3,12,0,9,3,0.75,0.0,0.0,1.0,0.782608695652174,0.21739130434782605,-1
"F[0,1](((Glucose >= 3.494 | SBP <= 163.309) & PTT >= 72.742) | Temp >= 37.232)
",-9999999.000,-9999999.000,0.000,0.000,1.000,9,0,0,3,12,0,9,3,0.75,0.0,0.0,1.0,0.782608695652174,0.21739130434782605,-1
"F[0,0]((Temp >= 1.086 & Chloride <= 0.000) & SepsisLabel >= 0.000)
",0.000,0.000,0.000,0.000,1.000,9,0,0,3,12,0,9,3,0.75,0.0,0.0,1.0,0.782608695652174,0.21739130434782605,-1
"G[0,1](O2Sat >= 2.034 -> SBP >= 113.019)
",9999999.000,9999999.000,0.000,1.000,0.000,9,0,0,3,12,0,9,3,0.75,0.0,0.0,1.0,0.782608695652174,0.21739130434782605,1
"G[0,1](O2Sat <= 91.921 -> Phosphate >= 0.085)
",9999999.000,9999999.000,0.000,1.000,0.000,9,0,1,2,11,1,10,2,0.8181818181818182,0.0,1.0,0.9,0.782608695652174,0.21739130434782605,1
"G[0,1](((Hct >= 0.887 & Hgb >= 0.273) -> Lactate <= 7.631) -> HR >= 0.380)
",9999999.000,9999999.000,0.000,1.000,0.000,9,0,1,2,11,1,10,2,0.8181818181818182,0.0,1.0,0.9,0.782608695652174,0.21739130434782605,1
"G[0,1]((EtCO2 >= 0.000 & HR >= 2.347) & Bilirubin_total <= 84.111)
",9999999.000,9999999.000,0.000,1.000,0.000,9,0,1,2,11,1,10,2,0.8181818181818182,0.0,1.0,0.9,0.782608695652174,0.21739130434782605,1
"G[0,1](((O2Sat <= 97.751 -> WBC <= 4.537) | PTT >= 0.010) & SBP >= 0.083)
",9999999.000,9999999.000,0.000,1.000,0.000,8,0,1,3,11,1,9,3,0.7272727272727273,0.0,1.0,0.8888888888888888,0.6956521739130435,0.30434782608695654,1
"G[1,1]((Glucose <= 30.208 & SBP >= 49.411) | Temp >= 119.215)
",-49.411,-49.411,0.000,1.000,0.000,7,0,1,4,11,1,8,4,0.6363636363636364,0.0,1.0,0.875,0.6086956521739131,0.3913043478260869,1
"F[0,1]((SBP <= 125.772 & DBP >= 24.273) | BUN >= 58.190)
",-9999999.000,-9999999.000,0.000,0.000,1.000,7,0,0,5,12,0,7,5,0.5833333333333334,0.0,0.0,1.0,0.6086956521739131,0.3913043478260869,-1
"G[0,1](MAP <= 112.559 | O2Sat <= 93.382)
",9999999.000,9999999.000,0.000,1.000,0.000,7,0,1,4,11,1,8,4,0.6363636363636364,0.0,1.0,0.875,0.6086956521739131,0.3913043478260869,1
"G[0,1](SBP <= 154.511 & SepsisLabel >= 0.000)
",9999999.000,9999999.000,0.000,1.000,0.000,7,0,1,4,11,1,8,4,0.6363636363636364,0.0,1.0,0.875,0.6086956521739131,0.3913043478260869,1
"((Bilirubin_direct >= 0.000) U[0,0] (MAP <= 90.198))
",0.000,0.000,0.000,0.000,1.000,6,0,0,6,12,0,6,6,0.5,0.0,0.0,1.0,0.5217391304347826,0.4782608695652174,-1
"F[0,1](Glucose <= 20.903 -> WBC >= 0.125)
",-9999999.000,-9999999.000,0.000,0.000,1.000,6,0,0,6,12,0,6,6,0.5,0.0,0.0,1.0,0.5217391304347826,0.4782608695652174,-1
"G[0,1]((MAP <= 100.506 & BaseExcess >= 0.000) & EtCO2 <= 0.000)
",9999999.000,9999999.000,0.000,1.000,0.000,6,0,1,5,11,1,7,5,0.5454545454545454,0.0,1.0,0.8571428571428571,0.5217391304347826,0.4782608695652174,1
"((pH <= 0.000) U[1,1] (DBP <= 71.229))
",5012263024559966.000,71.229,0.000,0.000,1.000,5,0,0,7,12,0,5,7,0.4166666666666667,0.0,0.0,1.0,0.43478260869565216,0.5652173913043479,-1
"((MAP >= 20.059) U[1,1] (SBP <= 139.644))
",4913275804220653.000,139.644,0.000,0.000,1.000,5,0,0,7,12,0,5,7,0.4166666666666667,0.0,0.0,1.0,0.43478260869565216,0.5652173913043479,-1
"F[0,1](MAP >= 51.284 & Temp >= 10.746)
",-9999999.000,-9999999.000,0.000,0.000,1.000,5,0,0,7,12,0,5,7,0.4166666666666667,0.0,0.0,1.0,0.43478260869565216,0.5652173913043479,-1
"F[0,1]((DBP >= 1.968 -> O2Sat >= 8.407) -> Temp >= 35.684)
",-9999999.000,-9999999.000,0.000,0.000,1.000,5,0,0,7,12,0,5,7,0.4166666666666667,0.0,0.0,1.0,0.43478260869565216,0.5652173913043479,-1
"((DBP <= 72.535) U[1,2] (DBP >= 32.025))
",-9999999.000,-9999999.000,0.000,0.000,1.000,5,0,0,7,12,0,5,7,0.4166666666666667,0.0,0.0,1.0,0.43478260869565216,0.5652173913043479,-1
"G[1,1](((Magnesium <= 1.074 -> Calcium <= 1.444) | TroponinI >= 0.210) & Temp >= 0.161)
",-7573539893188362.000,-0.210,0.000,1.000,0.000,5,0,1,6,11,1,6,6,0.45454545454545453,0.0,1.0,0.8333333333333334,0.43478260869565216,0.5652173913043479,1
"G[0,1](SepsisLabel >= 0.000 -> Temp <= 13.308)
",9999999.000,9999999.000,0.000,1.000,0.000,5,0,1,6,11,1,6,6,0.45454545454545453,0.0,1.0,0.8333333333333334,0.43478260869565216,0.5652173913043479,1
"G[0,1](SaO2 <= 0.000 -> Temp <= 29.709)
",9999999.000,9999999.000,0.000,1.000,0.000,5,0,1,6,11,1,6,6,0.45454545454545453,0.0,1.0,0.8333333333333334,0.43478260869565216,0.5652173913043479,1
"G[0,1](Resp <= 21.359 & AST <= 0.000)
",9999999.000,9999999.000,0.000,1.000,0.000,3,0,1,8,11,1,4,8,0.2727272727272727,0.0,1.0,0.75,0.2608695652173913,0.7391304347826086,1
"((Temp <= 32.205) U[1,2] (HR >= 61.062))
",-9999999.000,-9999999.000,0.000,0.000,1.000,3,0,0,9,12,0,3,9,0.25,0.0,0.0,1.0,0.2608695652173913,0.7391304347826086,-1
"F[1,1](TroponinI >= 0.000 -> MAP <= 113.536)
",-7989396253448087.000,-113.536,0.000,0.000,1.000,3,0,0,9,12,0,3,9,0.25,0.0,0.0,1.0,0.2608695652173913,0.7391304347826086,-1
"F[1,1](DBP <= 86.107 & DBP <= 108.797)
",6059240561378889.000,86.107,0.000,0.000,1.000,3,0,0,9,12,0,3,9,0.25,0.0,0.0,1.0,0.2608695652173913,0.7391304347826086,-1
"((MAP >= 76.476) U[0,1] (SBP <= 139.701))
",-9999999.000,-9999999.000,0.000,0.000,1.000,3,0,0,9,12,0,3,9,0.25,0.0,0.0,1.0,0.2608695652173913,0.7391304347826086,-1
"((Platelets <= 58.278) U[0,1] (Temp <= 16.476))
",-9999999.000,-9999999.000,0.000,0.000,1.000,2,0,0,10,12,0,2,10,0.16666666666666666,0.0,0.0,1.0,0.17391304347826086,0.8260869565217391,-1
"F[0,1]((Bilirubin_direct >= 0.000 -> HR <= 92.187) | HCO3 >= 70.959)
",-9999999.000,-9999999.000,0.000,0.000,1.000,2,0,0,10,12,0,2,10,0.16666666666666666,0.0,0.0,1.0,0.17391304347826086,0.8260869565217391,-1
"((MAP >= 63.746) U[1,2] (SBP <= 162.929))
",-9999999.000,-9999999.000,0.000,0.000,1.000,2,0,0,10,12,0,2,10,0.16666666666666666,0.0,0.0,1.0,0.17391304347826086,0.8260869565217391,-1
"((O2Sat >= 84.092) U[1,2] (FiO2 >= 0.000))
",-9999999.000,-9999999.000,0.000,0.000,1.000,2,0,0,10,12,0,2,10,0.16666666666666666,0.0,0.0,1.0,0.17391304347826086,0.8260869565217391,-1
"F[0,1](Temp <= 17.901 & EtCO2 <= 0.000)
",-9999999.000,-9999999.000,0.000,0.000,1.000,2,0,0,10,12,0,2,10,0.16666666666666666,0.0,0.0,1.0,0.17391304347826086,0.8260869565217391,-1
"F[0,0](((SBP <= 169.874 -> Hgb <= 1.848) & Creatinine <= 2.305) -> HR >= 0.044)
",-6141859973503537.000,-22343.956,0.000,0.000,1.000,2,0,0,10,12,0,2,10,0.16666666666666666,0.0,0.0,1.0,0.17391304347826086,0.8260869565217391,-1
"((DBP <= 95.507) U[1,2] (HR >= 71.500))
",-9999999.000,-9999999.000,0.000,0.000,1.000,2,0,0,10,12,0,2,10,0.16666666666666666,0.0,0.0,1.0,0.17391304347826086,0.8260869565217391,-1
"((MAP >= 60.797) U[0,1] (SBP <= 151.244))
",-9999999.000,-9999999.000,0.000,0.000,1.000,2,0,0,10,12,0,2,10,0.16666666666666666,0.0,0.0,1.0,0.17391304347826086,0.8260869565217391,-1
"F[0,0](((Glucose <= 30.965 -> Phosphate >= 0.117) & SepsisLabel <= 1.560) | Temp <= 1.499)
",-30.965,-30.965,0.000,0.000,1.000,2,0,0,10,12,0,2,10,0.16666666666666666,0.0,0.0,1.0,0.17391304347826086,0.8260869565217391,-1
"((DBP <= 109.289) U[0,0] (Resp >= 4.481))
",4.190,75.655,0.000,0.000,1.000,2,0,0,10,12,0,2,10,0.16666666666666666,0.0,0.0,1.0,0.17391304347826086,0.8260869565217391,-1
"((HR < 91.409) U[1,2] (SepsisLabel = 0.000))
",-9999999.000,-9999999.000,0.000,0.000,1.000,2,0,0,10,12,0,2,10,0.16666666666666666,0.0,0.0,1.0,0.17391304347826086,0.8260869565217391,-1
"G[0,1](BUN <= 26.550 -> SBP <= 125.923)
",9999999.000,9999999.000,0.000,1.000,0.000,2,0,1,9,11,1,3,9,0.18181818181818182,0.0,1.0,0.6666666666666666,0.17391304347826086,0.8260869565217391,1
"F[1,1](((Calcium < 6.411 & Potassium < 2.561) & Magnesium < 1.513) & Phosphate < 1.347)
",1.347,1.347,0.000,0.000,1.000,1,0,0,11,12,0,1,11,0.08333333333333333,0.0,0.0,1.0,0.08695652173913043,0.9130434782608696,-1
"F[1,1]((Phosphate >= 0.107 & Magnesium > 0.059) -> Calcium < 5.708)
",-6426779722789177.000,-5.708,0.000,0.000,1.000,1,0,0,11,12,0,1,11,0.08333333333333333,0.0,0.0,1.0,0.08695652173913043,0.9130434782608696,-1
"F[1,1](((Calcium < 8.540 & Potassium < 2.679) & Magnesium < 0.899) & Phosphate < 3.231)
",4049442514888467.000,0.899,0.000,0.000,1.000,1,0,0,11,12,0,1,11,0.08333333333333333,0.0,0.0,1.0,0.08695652173913043,0.9130434782608696,-1
"((Bilirubin_direct >= 0.000) U[1,1] (Hct <= 16.427))
",16.427,16.427,0.000,0.000,1.000,1,0,0,11,12,0,1,11,0.08333333333333333,0.0,0.0,1.0,0.08695652173913043,0.9130434782608696,-1
"F[1,1](((Calcium < 6.534 & Potassium < 3.550) & Magnesium < 1.984) & Phosphate < 3.464)
",1.984,1.984,0.000,0.000,1.000,1,0,0,11,12,0,1,11,0.08333333333333333,0.0,0.0,1.0,0.08695652173913043,0.9130434782608696,-1
"F[1,1](Alkalinephos >= 0.000 & Platelets <= 95.072)
",0.000,0.000,0.000,0.000,1.000,1,0,0,11,12,0,1,11,0.08333333333333333,0.0,0.0,1.0,0.08695652173913043,0.9130434782608696,-1
"F[1,1](Hgb <= 4.095 | Hct <= 6.997)
",6.997,6.997,0.000,0.000,1.000,1,0,0,11,12,0,1,11,0.08333333333333333,0.0,0.0,1.0,0.08695652173913043,0.9130434782608696,-1
"F[0,1](pH >= 0.000 & Resp <= 25.649)
",-9999999.000,-9999999.000,0.000,0.000,1.000,1,0,0,11,12,0,1,11,0.08333333333333333,0.0,0.0,1.0,0.08695652173913043,0.9130434782608696,-1
"((MAP >= 78.965) U[0,0] (SBP <= 163.865))
",8.513,150.501,0.000,0.000,1.000,1,0,0,11,12,0,1,11,0.08333333333333333,0.0,0.0,1.0,0.08695652173913043,0.9130434782608696,-1
"G[1,1](((Hgb <= 7.192 | Hct <= 8.741) -> WBC >= 0.123) & Platelets >= 2.043)
",-8.741,-8.741,0.000,1.000,0.000,1,0,1,10,11,1,2,10,0.09090909090909091,0.0,1.0,0.5,0.08695652173913043,0.9130434782608696,1
"G[0,0]((HR >= 75.749 | MAP <= 94.695) -> Calcium >= 48.222)
",-22268.251,-22268.251,0.000,1.000,0.000,1,0,0,11,12,0,1,11,0.08333333333333333,0.0,0.0,1.0,0.08695652173913043,0.9130434782608696,1
"G[1,1](((Hgb <= 2.304 | Hct <= 18.317) -> WBC >= 0.181) & Platelets >= 2.383)
",-18.317,-18.317,0.000,1.000,0.000,1,0,1,10,11,1,2,10,0.09090909090909091,0.0,1.0,0.5,0.08695652173913043,0.9130434782608696,1
"G[1,1](((Hgb <= 1.948 | Hct <= 26.807) -> WBC >= 0.199) & Platelets >= 3.949)
",-7545399892554735.000,-26.807,0.000,1.000,0.000,1,0,1,10,11,1,2,10,0.09090909090909091,0.0,1.0,0.5,0.08695652173913043,0.9130434782608696,1
"G[1,1]((Magnesium >= 0.009 | Platelets >= 2.520) & Potassium <= 59.024)
",-0.009,-0.009,0.000,1.000,0.000,1,0,1,10,11,1,2,10,0.09090909090909091,0.0,1.0,0.5,0.08695652173913043,0.9130434782608696,1
"G[1,1](Platelets <= 47.394 -> WBC >= 0.206)
",-6670180340756745.000,-47.394,0.000,1.000,0.000,1,0,1,10,11,1,2,10,0.09090909090909091,0.0,1.0,0.5,0.08695652173913043,0.9130434782608696,1
"((Creatinine <= 5.856) U[0,1] (AST <= 0.000))
",-9999999.000,-9999999.000,0.000,0.000,1.000,0,0,0,12,12,0,0,12,0.0,0.0,0.0,0.0,0.0,1.0,-1
"F[0,1](((PaCO2 <= 0.000 -> PTT >= 0.000) -> Platelets <= 0.000) & Chloride >= 0.000)
",-9999999.000,-9999999.000,0.000,0.000,1.000,0,0,0,12,12,0,0,12,0.0,0.0,0.0,0.0,0.0,1.0,-1
"((BaseExcess <= 0.000) U[1,2] (SepsisLabel = 0.000))
",-9999999.000,-9999999.000,0.000,0.000,1.000,0,0,0,12,12,0,0,12,0.0,0.0,0.0,0.0,0.0,1.0,-1
"F[0,1](Resp >= 11.567 -> SepsisLabel = 0.000)
",-9999999.000,-9999999.000,0.000,0.000,1.000,0,0,0,12,12,0,0,12,0.0,0.0,0.0,0.0,0.0,1.0,-1
"((SaO2 >= 0.000) U[1,2] (Glucose >= 15.345))
",-9999999.000,-9999999.000,0.000,0.000,1.000,0,0,0,12,12,0,0,12,0.0,0.0,0.0,0.0,0.0,1.0,-1
"F[1,2](O2Sat >= 47.664 & SepsisLabel = 0.000)
",-9999999.000,-9999999.000,0.000,0.000,1.000,0,0,0,12,12,0,0,12,0.0,0.0,0.0,0.0,0.0,1.0,-1
"((PaCO2 >= 0.000) U[1,2] (SepsisLabel = 0.000))
",-9999999.000,-9999999.000,0.000,0.000,1.000,0,0,0,12,12,0,0,12,0.0,0.0,0.0,0.0,0.0,1.0,-1
"F[2,2](Temp >= 4.399 | Hct >= 0.503)
",-4532069075767799.000,-0.503,0.000,0.000,1.000,0,0,0,12,12,0,0,12,0.0,0.0,0.0,0.0,0.0,1.0,-1
"((HCO3 >= 0.000) U[0,0] (SepsisLabel = 0.000))
",0.000,0.000,0.000,0.000,1.000,0,0,0,12,12,0,0,12,0.0,0.0,0.0,0.0,0.0,1.0,-1
"F[1,2](PaCO2 > 0.000 & SepsisLabel = 0.000)
",-9999999.000,-9999999.000,0.000,0.000,1.000,0,0,0,12,12,0,0,12,0.0,0.0,0.0,0.0,0.0,1.0,-1
"F[0,0](Glucose <= 79.354 -> SepsisLabel = 0.000)
",-5584016108042425.000,-79.354,0.000,0.000,1.000,0,0,0,12,12,0,0,12,0.0,0.0,0.0,0.0,0.0,1.0,-1
"((Temp >= 9.041) U[0,2] (SepsisLabel = 0.000))
",-9999999.000,-9999999.000,0.000,0.000,1.000,0,0,0,12,12,0,0,12,0.0,0.0,0.0,0.0,0.0,1.0,-1
"((Hct <= 11.505) U[1,2] (SepsisLabel = 0.000))
",-9999999.000,-9999999.000,0.000,0.000,1.000,0,0,0,12,12,0,0,12,0.0,0.0,0.0,0.0,0.0,1.0,-1
"((BaseExcess >= 0.000) U[1,2] (SepsisLabel = 0.000))
",-9999999.000,-9999999.000,0.000,0.000,1.000,0,0,0,12,12,0,0,12,0.0,0.0,0.0,0.0,0.0,1.0,-1
"F[1,2](MAP > 40.118 & SepsisLabel = 0.000)
",-9999999.000,-9999999.000,0.000,0.000,1.000,0,0,0,12,12,0,0,12,0.0,0.0,0.0,0.0,0.0,1.0,-1
"((MAP > 63.352) U[0,0] (SepsisLabel = 0.000))
",3.655,76.011,0.000,0.000,1.000,0,0,0,12,12,0,0,12,0.0,0.0,0.0,0.0,0.0,1.0,-1
"F[0,1]((Bilirubin_total >= 0.000 -> O2Sat >= 19.439) & Magnesium <= 99.730)
",-9999999.000,-9999999.000,0.000,0.000,1.000,0,0,0,12,12,0,0,12,0.0,0.0,0.0,0.0,0.0,1.0,-1
"F[1,2]((MAP >= 56.398 -> PaCO2 >= 0.000) | DBP >= 0.000)
",-9999999.000,-9999999.000,0.000,0.000,1.000,0,0,0,12,12,0,0,12,0.0,0.0,0.0,0.0,0.0,1.0,-1
"F[0,2]((Fibrinogen <= 0.000 & PaCO2 <= 0.000) & PTT >= 0.000)
",-9999999.000,-9999999.000,0.000,0.000,1.000,0,0,0,12,12,0,0,12,0.0,0.0,0.0,0.0,0.0,1.0,-1
"F[2,2]((pH <= 0.000 -> WBC >= 0.062) & AST <= 2.420)
",0.000,0.000,0.000,0.000,1.000,0,0,0,12,12,0,0,12,0.0,0.0,0.0,0.0,0.0,1.0,-1
"((Alkalinephos <= 0.000) U[0,1] (Alkalinephos <= 0.000))
",-9999999.000,-9999999.000,0.000,0.000,1.000,0,0,0,12,12,0,0,12,0.0,0.0,0.0,0.0,0.0,1.0,-1
"F[0,1](Hgb <= 2.333 -> SaO2 <= 0.000)
",-9999999.000,-9999999.000,0.000,0.000,1.000,0,0,0,12,12,0,0,12,0.0,0.0,0.0,0.0,0.0,1.0,-1
"F[0,1]((MAP <= 131.418 | BUN <= 26.394) | PTT <= 23.667)
",-9999999.000,-9999999.000,0.000,0.000,1.000,0,0,0,12,12,0,0,12,0.0,0.0,0.0,0.0,0.0,1.0,-1
"((PaCO2 <= 0.000) U[0,2] (SBP >= 122.023))
",-9999999.000,-9999999.000,0.000,0.000,1.000,0,0,0,12,12,0,0,12,0.0,0.0,0.0,0.0,0.0,1.0,-1
"F[2,2](((Chloride >= 0.000 | BaseExcess <= 0.000) -> SepsisLabel >= 0.000) & Glucose >= 0.000)
",0.000,0.000,0.000,0.000,1.000,0,0,0,12,12,0,0,12,0.0,0.0,0.0,0.0,0.0,1.0,-1
"F[2,2]((FiO2 >= 0.000 | FiO2 <= 0.000) & Bilirubin_total <= 0.000)
",0.000,0.000,0.000,0.000,1.000,0,0,0,12,12,0,0,12,0.0,0.0,0.0,0.0,0.0,1.0,-1
"F[0,2](((MAP <= 129.012 | Hgb <= 2.461) | Hct >= 0.370) -> Alkalinephos <= 3.049)
",-9999999.000,-9999999.000,0.000,0.000,1.000,0,0,0,12,12,0,0,12,0.0,0.0,0.0,0.0,0.0,1.0,-1
"F[1,2](((pH >= 0.000 | HCO3 >= 0.000) -> Fibrinogen >= 0.000) -> Lactate >= 0.000)
",-9999999.000,-9999999.000,0.000,0.000,1.000,0,0,0,12,12,0,0,12,0.0,0.0,0.0,0.0,0.0,1.0,-1
"F[1,2](((EtCO2 >= 0.000 & Platelets <= 56.941) -> Platelets <= 11.911) -> Bilirubin_direct >= 1.054)
",-9999999.000,-9999999.000,0.000,0.000,1.000,0,0,0,12,12,0,0,12,0.0,0.0,0.0,0.0,0.0,1.0,-1
"F[0,1]((Phosphate <= 0.373 | BaseExcess <= 0.000) -> pH >= 0.000)
",-9999999.000,-9999999.000,0.000,0.000,1.000,0,0,0,12,12,0,0,12,0.0,0.0,0.0,0.0,0.0,1.0,-1
"F[1,2](Hgb >= 0.171 -> Bilirubin_direct <= 0.000)
",-9999999.000,-9999999.000,0.000,0.000,1.000,0,0,0,12,12,0,0,12,0.0,0.0,0.0,0.0,0.0,1.0,-1
"F[1,2](((Creatinine <= 3.515 & Hgb <= 3.291) & BaseExcess >= 0.222) & Creatinine >= 0.001)
",-9999999.000,-9999999.000,0.000,0.000,1.000,0,0,0,12,12,0,0,12,0.0,0.0,0.0,0.0,0.0,1.0,-1
"F[2,2]((SBP <= 146.807 | HR <= 87.572) | Temp <= 81.624)
",5165306354267081.000,146.807,0.000,0.000,1.000,0,0,0,12,12,0,0,12,0.0,0.0,0.0,0.0,0.0,1.0,-1
"F[1,2](((Phosphate >= 0.150 | Bilirubin_total >= 0.000) -> Lactate <= 0.000) & Phosphate >= 0.000)
",-9999999.000,-9999999.000,0.000,0.000,1.000,0,0,0,12,12,0,0,12,0.0,0.0,0.0,0.0,0.0,1.0,-1
"F[2,2]((HR >= 27.706 & O2Sat >= 63.510) -> EtCO2 >= 17.997)
",5065797266061027.000,17.997,0.000,0.000,1.000,0,0,0,12,12,0,0,12,0.0,0.0,0.0,0.0,0.0,1.0,-1
"((DBP >= 50.688) U[2,2] (Fibrinogen >= 0.000))
",0.000,0.000,0.000,0.000,1.000,0,0,0,12,12,0,0,12,0.0,0.0,0.0,0.0,0.0,1.0,-1
"G[2,2](Hgb <= 4.258 & Hgb <= 6.403)
",4.258,4.258,0.000,1.000,0.000,0,0,12,0,0,12,12,0,0.0,0.0,1.0,0.0,0.0,1.0,1
"F[0,0]((BaseExcess >= 0.000 -> EtCO2 <= 0.000) | Phosphate >= 0.000)
",0.000,0.000,0.000,0.000,1.000,0,0,0,12,12,0,0,12,0.0,0.0,0.0,0.0,0.0,1.0,-1
"F[1,1](((Resp >= 5.702 -> FiO2 >= 0.000) -> BUN >= 0.000) & HCO3 <= 0.000)
",0.000,0.000,0.000,0.000,1.000,0,0,0,12,12,0,0,12,0.0,0.0,0.0,0.0,0.0,1.0,-1
"F[0,1](Alkalinephos >= 0.000 | Calcium >= 0.385)
",-9999999.000,-9999999.000,0.000,0.000,1.000,0,0,0,12,12,0,0,12,0.0,0.0,0.0,0.0,0.0,1.0,-1
"((Alkalinephos >= 0.000) U[2,2] (BUN >= 0.020))
",0.000,0.000,0.000,0.000,1.000,0,0,0,12,12,0,0,12,0.0,0.0,0.0,0.0,0.0,1.0,-1
"((Bilirubin_direct >= 0.000) U[0,2] (AST >= 0.000))
",-9999999.000,-9999999.000,0.000,0.000,1.000,0,0,0,12,12,0,0,12,0.0,0.0,0.0,0.0,0.0,1.0,-1
"F[0,1](((Platelets >= 0.139 -> FiO2 >= 0.000) & SBP <= 0.000) | BUN <= 0.000)
",-9999999.000,-9999999.000,0.000,0.000,1.000,0,0,0,12,12,0,0,12,0.0,0.0,0.0,0.0,0.0,1.0,-1
"F[2,2](Platelets <= 83.563 & Resp >= 3.898)
",-8777870110094436.000,-3.898,0.000,0.000,1.000,0,0,0,12,12,0,0,12,0.0,0.0,0.0,0.0,0.0,1.0,-1
"F[0,2]((Fibrinogen <= 0.000 | Potassium <= 0.732) & TroponinI <= 2.515)
",-9999999.000,-9999999.000,0.000,0.000,1.000,0,0,0,12,12,0,0,12,0.0,0.0,0.0,0.0,0.0,1.0,-1
"F[0,0](((Hct >= 0.884 | HCO3 <= 0.000) & Glucose <= 0.000) | Resp >= 0.000)
",4.439,80.136,0.000,0.000,1.000,0,0,0,12,12,0,0,12,0.0,0.0,0.0,0.0,0.0,1.0,-1
"F[0,1]((TroponinI <= 0.000 -> Glucose <= 48.853) | Lactate <= 39.965)
",-9999999.000,-9999999.000,0.000,0.000,1.000,0,0,0,12,12,0,0,12,0.0,0.0,0.0,0.0,0.0,1.0,-1
"F[0,1]((O2Sat >= 86.086 | Temp >= 0.122) & HR >= 7.084)
",-9999999.000,-9999999.000,0.000,0.000,1.000,0,0,0,12,12,0,0,12,0.0,0.0,0.0,0.0,0.0,1.0,-1
"F[1,2](Chloride <= 0.000 | EtCO2 >= 0.000)
",-9999999.000,-9999999.000,0.000,0.000,1.000,0,0,0,12,12,0,0,12,0.0,0.0,0.0,0.0,0.0,1.0,-1
"F[1,2](TroponinI <= 0.000 | SaO2 <= 0.000)
",-9999999.000,-9999999.000,0.000,0.000,1.000,0,0,0,12,12,0,0,12,0.0,0.0,0.0,0.0,0.0,1.0,-1
"((BaseExcess <= 0.000) U[0,2] (SBP >= 69.152))
",-9999999.000,-9999999.000,0.000,0.000,1.000,0,0,0,12,12,0,0,12,0.0,0.0,0.0,0.0,0.0,1.0,-1
"F[0,1](Bilirubin_total >= 0.000 | Magnesium >= 0.023)
",-9999999.000,-9999999.000,0.000,0.000,1.000,0,0,0,12,12,0,0,12,0.0,0.0,0.0,0.0,0.0,1.0,-1
"F[1,1]((pH <= 0.000 -> BaseExcess >= 0.000) & HR >= 0.000)
",0.000,0.000,0.000,0.000,1.000,0,0,0,12,12,0,0,12,0.0,0.0,0.0,0.0,0.0,1.0,-1
"F[0,2](Phosphate >= 0.060 | pH <= 0.000)
",-9999999.000,-9999999.000,0.000,0.000,1.000,0,0,0,12,12,0,0,12,0.0,0.0,0.0,0.0,0.0,1.0,-1
"F[0,2](Hct >= 0.761 | Creatinine <= 1.333)
",-9999999.000,-9999999.000,0.000,0.000,1.000,0,0,0,12,12,0,0,12,0.0,0.0,0.0,0.0,0.0,1.0,-1
"F[1,2](BUN >= 1.323 & BaseExcess >= 0.000)
",-9999999.000,-9999999.000,0.000,0.000,1.000,0,0,0,12,12,0,0,12,0.0,0.0,0.0,0.0,0.0,1.0,-1
"F[2,2](((WBC >= 0.214 & Calcium >= 0.140) & BUN >= 0.056) | Creatinine >= 0.175)
",-6301884627642937.000,-0.175,0.000,0.000,1.000,0,0,0,12,12,0,0,12,0.0,0.0,0.0,0.0,0.0,1.0,-1
"F[0,2](Hgb >= 0.126 -> TroponinI <= 0.000)
",-9999999.000,-9999999.000,0.000,0.000,1.000,0,0,0,12,12,0,0,12,0.0,0.0,0.0,0.0,0.0,1.0,-1
"F[0,1]((Alkalinephos >= 0.000 | Platelets <= 49.419) | HCO3 >= 0.424)
",-9999999.000,-9999999.000,0.000,0.000,1.000,0,0,0,12,12,0,0,12,0.0,0.0,0.0,0.0,0.0,1.0,-1
"((PaCO2 >= 0.000) U[1,2] (BaseExcess >= 0.000))
",-9999999.000,-9999999.000,0.000,0.000,1.000,0,0,0,12,12,0,0,12,0.0,0.0,0.0,0.0,0.0,1.0,-1
"F[0,2](((Phosphate >= 0.104 | TroponinI <= 0.000) -> BaseExcess >= 0.000) | Glucose <= 0.000)
",-9999999.000,-9999999.000,0.000,0.000,1.000,0,0,0,12,12,0,0,12,0.0,0.0,0.0,0.0,0.0,1.0,-1
"((PaCO2 <= 0.000) U[0,2] (Chloride >= 0.000))
",-9999999.000,-9999999.000,0.000,0.000,1.000,0,0,0,12,12,0,0,12,0.0,0.0,0.0,0.0,0.0,1.0,-1
"F[0,2](Lactate <= 0.000 -> Bilirubin_direct <= 0.000)
",-9999999.000,-9999999.000,0.000,0.000,1.000,0,0,0,12,12,0,0,12,0.0,0.0,0.0,0.0,0.0,1.0,-1
"F[0,2](SepsisLabel <= 0.000 -> Hgb >= 0.043)
",-9999999.000,-9999999.000,0.000,0.000,1.000,0,0,0,12,12,0,0,12,0.0,0.0,0.0,0.0,0.0,1.0,-1
"((Alkalinephos <= 0.000) U[1,1] (DBP >= 31.251))
",0.000,0.000,0.000,0.000,1.000,0,0,0,12,12,0,0,12,0.0,0.0,0.0,0.0,0.0,1.0,-1
"((Alkalinephos <= 0.000) U[1,2] (FiO2 <= 0.000))
",-9999999.000,-9999999.000,0.000,0.000,1.000,0,0,0,12,12,0,0,12,0.0,0.0,0.0,0.0,0.0,1.0,-1
"F[0,1](Bilirubin_total <= 0.000 & SBP >= 6.182)
",-9999999.000,-9999999.000,0.000,0.000,1.000,0,0,0,12,12,0,0,12,0.0,0.0,0.0,0.0,0.0,1.0,-1
"F[0,2](O2Sat <= 97.856 | Alkalinephos <= 0.000)
",-9999999.000,-9999999.000,0.000,0.000,1.000,0,0,0,12,12,0,0,12,0.0,0.0,0.0,0.0,0.0,1.0,-1
"F[0,2](HR <= 79.121 & Bilirubin_total <= 0.000)
",-9999999.000,-9999999.000,0.000,0.000,1.000,0,0,0,12,12,0,0,12,0.0,0.0,0.0,0.0,0.0,1.0,-1
"F[0,2]((BUN >= 0.222 -> MAP <= 109.627) & HCO3 >= 65.519)
",-9999999.000,-9999999.000,0.000,0.000,1.000,0,0,0,12,12,0,0,12,0.0,0.0,0.0,0.0,0.0,1.0,-1
"F[2,2](((HCO3 <= 0.000 -> Alkalinephos <= 0.000) -> SaO2 <= 0.000) & SaO2 <= 0.000)
",0.000,0.000,0.000,0.000,1.000,0,0,0,12,12,0,0,12,0.0,0.0,0.0,0.0,0.0,1.0,-1
"F[2,2](Hgb <= 1.326 -> Lactate <= 0.000)
",-5970573233808313.000,-1.326,0.000,0.000,1.000,0,0,0,12,12,0,0,12,0.0,0.0,0.0,0.0,0.0,1.0,-1
"F[1,2](((Lactate <= 0.000 | O2Sat >= 35.411) | Bilirubin_direct >= 13.498) & EtCO2 <= 94.098)
",-9999999.000,-9999999.000,0.000,0.000,1.000,0,0,0,12,12,0,0,12,0.0,0.0,0.0,0.0,0.0,1.0,-1
"F[0,1](((Temp <= 27.390 & Fibrinogen <= 0.000) | Magnesium <= 0.000) & BaseExcess <= 0.000)
",-9999999.000,-9999999.000,0.000,0.000,1.000,0,0,0,12,12,0,0,12,0.0,0.0,0.0,0.0,0.0,1.0,-1
"((AST >= 0.000) U[2,2] (Hct <= 1.372))
",6178553205814903.000,1.372,0.000,0.000,1.000,0,0,0,12,12,0,0,12,0.0,0.0,0.0,0.0,0.0,1.0,-1
"F[0,1](((FiO2 <= 0.000 & AST <= 0.000) | Resp <= 0.000) | Temp <= 0.000)
",-9999999.000,-9999999.000,0.000,0.000,1.000,0,0,0,12,12,0,0,12,0.0,0.0,0.0,0.0,0.0,1.0,-1
"F[0,0](((Fibrinogen <= 0.000 & Lactate >= 0.000) & AST >= 0.000) -> Glucose >= 0.000)
",0.000,0.000,0.000,0.000,1.000,0,0,0,12,12,0,0,12,0.0,0.0,0.0,0.0,0.0,1.0,-1
"F[0,1]((WBC >= 0.047 | FiO2 <= 0.000) | MAP <= 0.000)
",-9999999.000,-9999999.000,0.000,0.000,1.000,0,0,0,12,12,0,0,12,0.0,0.0,0.0,0.0,0.0,1.0,-1
"((Calcium <= 3.087) U[0,2] (Temp <= 23.777))
",-9999999.000,-9999999.000,0.000,0.000,1.000,0,0,0,12,12,0,0,12,0.0,0.0,0.0,0.0,0.0,1.0,-1
"F[0,2]((SepsisLabel <= 0.000 | Lactate <= 0.000) | Magnesium >= 0.000)
",-9999999.000,-9999999.000,0.000,0.000,1.000,0,0,0,12,12,0,0,12,0.0,0.0,0.0,0.0,0.0,1.0,-1
"F[1,1](((Hgb <= 1.176 | SepsisLabel >= 0.000) & SBP >= 0.000) -> SepsisLabel <= 0.000)
",0.000,0.000,0.000,0.000,1.000,0,0,0,12,12,0,0,12,0.0,0.0,0.0,0.0,0.0,1.0,-1
"F[0,2](((SaO2 <= 0.000 -> Fibrinogen >= 0.000) & PTT <= 0.000) -> Hct >= 0.000)
",-9999999.000,-9999999.000,0.000,0.000,1.000,0,0,0,12,12,0,0,12,0.0,0.0,0.0,0.0,0.0,1.0,-1
"F[0,1](((SepsisLabel >= 0.000 | SBP <= 167.458) | Chloride >= 52.261) | WBC >= 54.636)
",-9999999.000,-9999999.000,0.000,0.000,1.000,0,0,0,12,12,0,0,12,0.0,0.0,0.0,0.0,0.0,1.0,-1
"F[0,1]((Hct >= 1.002 | SBP <= 132.446) | Alkalinephos <= 170.192)
",-9999999.000,-9999999.000,0.000,0.000,1.000,0,0,0,12,12,0,0,12,0.0,0.0,0.0,0.0,0.0,1.0,-1
"((SaO2 >= 0.000) U[0,2] (Resp <= 20.848))
",-9999999.000,-9999999.000,0.000,0.000,1.000,0,0,0,12,12,0,0,12,0.0,0.0,0.0,0.0,0.0,1.0,-1
"F[1,2](((MAP <= 122.736 & Chloride >= 0.000) -> MAP >= 0.000) -> Phosphate >= 0.000)
",-9999999.000,-9999999.000,0.000,0.000,1.000,0,0,0,12,12,0,0,12,0.0,0.0,0.0,0.0,0.0,1.0,-1
"((PTT >= 0.000) U[1,2] (Platelets >= 1.929))
",-9999999.000,-9999999.000,0.000,0.000,1.000,0,0,0,12,12,0,0,12,0.0,0.0,0.0,0.0,0.0,1.0,-1
"F[1,2](((Hgb <= 8.090 -> Resp >= 7.946) & Fibrinogen <= 24.190) | Platelets <= 23.869)
",-9999999.000,-9999999.000,0.000,0.000,1.000,0,0,0,12,12,0,0,12,0.0,0.0,0.0,0.0,0.0,1.0,-1
"F[0,1](((Temp <= 31.878 | Alkalinephos >= 0.000) | Magnesium >= 0.000) | Calcium >= 0.000)
",-9999999.000,-9999999.000,0.000,0.000,1.000,0,0,0,12,12,0,0,12,0.0,0.0,0.0,0.0,0.0,1.0,-1
"((BaseExcess <= 0.000) U[0,0] (SepsisLabel = 0.000))
",0.000,0.000,0.000,0.000,1.000,0,0,0,12,12,0,0,12,0.0,0.0,0.0,0.0,0.0,1.0,-1
"((Platelets < 9.246) U[1,2] (SepsisLabel = 0.000))
",-9999999.000,-9999999.000,0.000,0.000,1.000,0,0,0,12,12,0,0,12,0.0,0.0,0.0,0.0,0.0,1.0,-1
"((FiO2 < 0.000) U[2,2] (SepsisLabel = 0.000))
",0.000,0.000,0.000,0.000,1.000,0,0,0,12,12,0,0,12,0.0,0.0,0.0,0.0,0.0,1.0,-1
"F[0,0](((HCO3 <= 0.000 & Chloride <= 0.000) & Calcium >= 0.000) -> PaCO2 >= 0.000)
",0.000,0.000,0.000,0.000,1.000,0,0,0,12,12,0,0,12,0.0,0.0,0.0,0.0,0.0,1.0,-1
"F[0,2](((Platelets >= 3.544 -> Fibrinogen <= 0.000) & Calcium <= 0.000) | PTT <= 0.000)
",-9999999.000,-9999999.000,0.000,0.000,1.000,0,0,0,12,12,0,0,12,0.0,0.0,0.0,0.0,0.0,1.0,-1
"F[1,2]((BUN <= 4.344 -> Creatinine <= 4.175) -> WBC >= 0.024)
",-9999999.000,-9999999.000,0.000,0.000,1.000,0,0,0,12,12,0,0,12,0.0,0.0,0.0,0.0,0.0,1.0,-1
"F[2,2](((TroponinI >= 0.000 | WBC <= 3.366) -> MAP <= 2.209) | Hct <= 0.362)
",0.362,0.362,0.000,0.000,1.000,0,0,0,12,12,0,0,12,0.0,0.0,0.0,0.0,0.0,1.0,-1
"F[0,2](((Fibrinogen <= 0.000 -> Calcium <= 1.859) & pH <= 4.172) -> Potassium >= 0.216)
",-9999999.000,-9999999.000,0.000,0.000,1.000,0,0,0,12,12,0,0,12,0.0,0.0,0.0,0.0,0.0,1.0,-1
"((PaCO2 <= 0.000) U[0,2] (Potassium <= 0.347))
",-9999999.000,-9999999.000,0.000,0.000,1.000,0,0,0,12,12,0,0,12,0.0,0.0,0.0,0.0,0.0,1.0,-1
"F[2,2]((Calcium >= 0.062 | Magnesium >= 0.039) | Fibrinogen >= 0.068)
",-0.039,-0.039,0.000,0.000,1.000,0,0,0,12,12,0,0,12,0.0,0.0,0.0,0.0,0.0,1.0,-1
"((Bilirubin_direct >= 0.000) U[1,2] (TroponinI >= 0.000))
",-9999999.000,-9999999.000,0.000,0.000,1.000,0,0,0,12,12,0,0,12,0.0,0.0,0.0,0.0,0.0,1.0,-1
"F[0,1]((WBC <= 2.736 | Alkalinephos >= 0.000) | Lactate >= 0.000)
",-9999999.000,-9999999.000,0.000,0.000,1.000,0,0,0,12,12,0,0,12,0.0,0.0,0.0,0.0,0.0,1.0,-1
"F[1,1](((Temp >= 1.344 & Potassium >= 0.156) & Calcium <= 2.651) -> Bilirubin_direct >= 0.066)
",0.066,0.066,0.000,0.000,1.000,0,0,0,12,12,0,0,12,0.0,0.0,0.0,0.0,0.0,1.0,-1
"((MAP >= 26.274) U[0,2] (Glucose >= 14.215))
",-9999999.000,-9999999.000,0.000,0.000,1.000,0,0,0,12,12,0,0,12,0.0,0.0,0.0,0.0,0.0,1.0,-1
"F[0,2](((SBP >= 116.195 | FiO2 >= 0.000) | SaO2 >= 0.000) | Bilirubin_direct >= 0.000)
",-9999999.000,-9999999.000,0.000,0.000,1.000,0,0,0,12,12,0,0,12,0.0,0.0,0.0,0.0,0.0,1.0,-1
"((PTT <= 0.000) U[2,2] (BaseExcess <= 0.000))
",0.000,0.000,0.000,0.000,1.000,0,0,0,12,12,0,0,12,0.0,0.0,0.0,0.0,0.0,1.0,-1
"F[1,2](((Hct <= 8.739 -> Temp <= 15.794) | TroponinI <= 15.414) | Platelets >= 11.224)
",-9999999.000,-9999999.000,0.000,0.000,1.000,0,0,0,12,12,0,0,12,0.0,0.0,0.0,0.0,0.0,1.0,-1
"F[1,2]((Hgb <= 7.238 -> Resp <= 20.407) | Fibrinogen <= 25.065)
",-9999999.000,-9999999.000,0.000,0.000,1.000,0,0,0,12,12,0,0,12,0.0,0.0,0.0,0.0,0.0,1.0,-1
"((Magnesium <= 1.674) U[0,0] (SaO2 <= 0.000))
",7539684583477302.000,1.674,0.000,0.000,1.000,0,0,0,12,12,0,0,12,0.0,0.0,0.0,0.0,0.0,1.0,-1
"F[2,2]((DBP >= 23.794 & MAP <= 121.328) & Bilirubin_direct >= 56.508)
",-56.508,-56.508,0.000,0.000,1.000,0,0,0,12,12,0,0,12,0.0,0.0,0.0,0.0,0.0,1.0,-1
"F[0,1](((Calcium >= 0.254 | BUN <= 6.080) -> SepsisLabel >= 1.303) | SaO2 <= 33.360)
",-9999999.000,-9999999.000,0.000,0.000,1.000,0,0,0,12,12,0,0,12,0.0,0.0,0.0,0.0,0.0,1.0,-1
"F[0,2]((SepsisLabel <= 0.000 & Hct <= 1.357) & Platelets >= 0.027)
",-9999999.000,-9999999.000,0.000,0.000,1.000,0,0,0,12,12,0,0,12,0.0,0.0,0.0,0.0,0.0,1.0,-1
"F[1,2](((Calcium <= 8.792 | Glucose <= 43.556) -> EtCO2 <= 63.860) & HCO3 >= 7.977)
",-9999999.000,-9999999.000,0.000,0.000,1.000,0,0,0,12,12,0,0,12,0.0,0.0,0.0,0.0,0.0,1.0,-1
"((Chloride >= 0.000) U[0,0] (Hgb <= 5.085))
",5724747054818509.000,5.085,0.000,0.000,1.000,0,0,0,12,12,0,0,12,0.0,0.0,0.0,0.0,0.0,1.0,-1
"F[2,2]((Bilirubin_direct <= 0.000 & Temp <= 34.179) & WBC >= 12.323)
",-6937308885075699.000,-12.323,0.000,0.000,1.000,0,0,0,12,12,0,0,12,0.0,0.0,0.0,0.0,0.0,1.0,-1
"F[1,1](((Alkalinephos <= 0.000 -> Phosphate >= 0.054) | Bilirubin_direct <= 3.509) -> O2Sat >= 0.139)
",-7900940077043497.000,-3.509,0.000,0.000,1.000,0,0,0,12,12,0,0,12,0.0,0.0,0.0,0.0,0.0,1.0,-1
"F[0,2]((Temp >= 1.049 -> FiO2 <= 0.000) | Platelets >= 0.000)
",-9999999.000,-9999999.000,0.000,0.000,1.000,0,0,0,12,12,0,0,12,0.0,0.0,0.0,0.0,0.0,1.0,-1
"F[1,2](Calcium <= 8.132 & SaO2 <= 0.000)
",-9999999.000,-9999999.000,0.000,0.000,1.000,0,0,0,12,12,0,0,12,0.0,0.0,0.0,0.0,0.0,1.0,-1
"F[1,2](Calcium >= 0.120 -> EtCO2 <= 0.000)
",-9999999.000,-9999999.000,0.000,0.000,1.000,0,0,0,12,12,0,0,12,0.0,0.0,0.0,0.0,0.0,1.0,-1
"F[1,2](BaseExcess <= 0.000 | Temp <= 25.332)
",-9999999.000,-9999999.000,0.000,0.000,1.000,0,0,0,12,12,0,0,12,0.0,0.0,0.0,0.0,0.0,1.0,-1
"F[0,0](((PaCO2 <= 0.000 & EtCO2 >= 0.000) & Lactate >= 0.000) -> BUN >= 0.000)
",0.000,0.000,0.000,0.000,1.000,0,0,0,12,12,0,0,12,0.0,0.0,0.0,0.0,0.0,1.0,-1
"F[1,1]((Phosphate <= 1.601 -> Platelets <= 15.834) | SBP <= 71.749)
",5048869208255869.000,71.749,0.000,0.000,1.000,0,0,0,12,12,0,0,12,0.0,0.0,0.0,0.0,0.0,1.0,-1
"F[2,2]((HR >= 22.501 | Platelets >= 2.777) | BUN <= 18.379)
",5173358216561731.000,18.379,0.000,0.000,1.000,0,0,0,12,12,0,0,12,0.0,0.0,0.0,0.0,0.0,1.0,-1
"((EtCO2 <= 0.000) U[0,1] (Lactate >= 0.000))
",-9999999.000,-9999999.000,0.000,0.000,1.000,0,0,0,12,12,0,0,12,0.0,0.0,0.0,0.0,0.0,1.0,-1
"F[0,2]((Calcium <= 8.465 & Potassium <= 2.154) & Magnesium >= 0.053)
",-9999999.000,-9999999.000,0.000,0.000,1.000,0,0,0,12,12,0,0,12,0.0,0.0,0.0,0.0,0.0,1.0,-1
"F[0,2](((Alkalinephos <= 0.000 | Glucose <= 64.332) -> TroponinI >= 2.710) & HCO3 >= 5.451)
",-9999999.000,-9999999.000,0.000,0.000,1.000,0,0,0,12,12,0,0,12,0.0,0.0,0.0,0.0,0.0,1.0,-1
"F[0,2](Creatinine >= 0.308 -> SBP <= 149.148)
",-9999999.000,-9999999.000,0.000,0.000,1.000,0,0,0,12,12,0,0,12,0.0,0.0,0.0,0.0,0.0,1.0,-1
"((HR <= 91.005) U[0,2] (WBC >= 0.085))
",-9999999.000,-9999999.000,0.000,0.000,1.000,0,0,0,12,12,0,0,12,0.0,0.0,0.0,0.0,0.0,1.0,-1
"F[0,2]((HR >= 14.006 & Platelets <= 84.038) -> Fibrinogen >= 5.668)
",-9999999.000,-9999999.000,0.000,0.000,1.000,0,0,0,12,12,0,0,12,0.0,0.0,0.0,0.0,0.0,1.0,-1
"F[1,2](WBC <= 0.970 & HCO3 >= 0.000)
",-9999999.000,-9999999.000,0.000,0.000,1.000,0,0,0,12,12,0,0,12,0.0,0.0,0.0,0.0,0.0,1.0,-1
"F[0,0]((Glucose <= 79.684 -> Glucose <= 94.958) | WBC >= 6.445)
",-6.445,-6.445,0.000,0.000,1.000,0,0,0,12,12,0,0,12,0.0,0.0,0.0,0.0,0.0,1.0,-1
"F[0,2]((HR <= 88.036 & HCO3 >= 0.000) | Hgb <= 0.000)
",-9999999.000,-9999999.000,0.000,0.000,1.000,0,0,0,12,12,0,0,12,0.0,0.0,0.0,0.0,0.0,1.0,-1
"F[0,2]((Phosphate <= 2.510 | O2Sat <= 92.143) -> Bilirubin_total <= 96.716)
",-9999999.000,-9999999.000,0.000,0.000,1.000,0,0,0,12,12,0,0,12,0.0,0.0,0.0,0.0,0.0,1.0,-1
"((BUN >= 0.399) U[0,1] (EtCO2 >= 0.000))
",-9999999.000,-9999999.000,0.000,0.000,1.000,0,0,0,12,12,0,0,12,0.0,0.0,0.0,0.0,0.0,1.0,-1
"F[0,1](Fibrinogen >= 0.000 -> SaO2 <= 0.000)
",-9999999.000,-9999999.000,0.000,0.000,1.000,0,0,0,12,12,0,0,12,0.0,0.0,0.0,0.0,0.0,1.0,-1
"((Creatinine <= 3.412) U[0,2] (TroponinI >= 0.000))
",-9999999.000,-9999999.000,0.000,0.000,1.000,0,0,0,12,12,0,0,12,0.0,0.0,0.0,0.0,0.0,1.0,-1
"F[0,2](WBC <= 0.844 & PaCO2 <= 0.000)
",-9999999.000,-9999999.000,0.000,0.000,1.000,0,0,0,12,12,0,0,12,0.0,0.0,0.0,0.0,0.0,1.0,-1
"F[0,1](((Hgb <= 3.966 -> O2Sat <= 95.776) & BUN >= 61.072) -> Bilirubin_direct <= 90.698)
",-9999999.000,-9999999.000,0.000,0.000,1.000,0,0,0,12,12,0,0,12,0.0,0.0,0.0,0.0,0.0,1.0,-1
"F[0,0](((Bilirubin_direct >= 0.000 & FiO2 >= 0.000) & Phosphate >= 0.000) | Bilirubin_total >= 0.000)
",0.000,0.000,0.000,0.000,1.000,0,0,0,12,12,0,0,12,0.0,0.0,0.0,0.0,0.0,1.0,-1
"F[0,2](((SBP <= 124.509 & Bilirubin_direct >= 0.000) & Fibrinogen >= 0.000) -> Calcium >= 0.000)
",-9999999.000,-9999999.000,0.000,0.000,1.000,0,0,0,12,12,0,0,12,0.0,0.0,0.0,0.0,0.0,1.0,-1
"F[0,1]((Lactate >= 0.000 | PaCO2 <= 0.000) -> DBP >= 0.000)
",-9999999.000,-9999999.000,0.000,0.000,1.000,0,0,0,12,12,0,0,12,0.0,0.0,0.0,0.0,0.0,1.0,-1
"F[2,2](((Bilirubin_total <= 0.000 -> Calcium <= 2.881) -> Lactate >= 0.361) -> Phosphate >= 0.197)
",-6499246350197047.000,-0.361,0.000,0.000,1.000,0,0,0,12,12,0,0,12,0.0,0.0,0.0,0.0,0.0,1.0,-1
"F[2,2](((PTT <= 0.000 -> EtCO2 >= 0.000) | TroponinI >= 0.000) | WBC >= 0.000)
",0.000,0.000,0.000,0.000,1.000,0,0,0,12,12,0,0,12,0.0,0.0,0.0,0.0,0.0,1.0,-1
"F[1,1](Potassium <= 2.981 -> Bilirubin_total <= 0.000)
",-6712746681168351.000,-2.981,0.000,0.000,1.000,0,0,0,12,12,0,0,12,0.0,0.0,0.0,0.0,0.0,1.0,-1
"F[0,2](((BUN <= 13.021 & Chloride >= 0.000) & Bilirubin_direct >= 0.000) & Calcium <= 0.000)
",-9999999.000,-9999999.000,0.000,0.000,1.000,0,0,0,12,12,0,0,12,0.0,0.0,0.0,0.0,0.0,1.0,-1
"F[1,2]((DBP <= 91.108 & Bilirubin_total <= 0.000) | Glucose <= 0.000)
",-9999999.000,-9999999.000,0.000,0.000,1.000,0,0,0,12,12,0,0,12,0.0,0.0,0.0,0.0,0.0,1.0,-1
"F[0,1]((HCO3 <= 0.000 & O2Sat <= 99.739) & Calcium <= 97.178)
",-9999999.000,-9999999.000,0.000,0.000,1.000,0,0,0,12,12,0,0,12,0.0,0.0,0.0,0.0,0.0,1.0,-1
"((Hct >= 0.618) U[0,1] (SBP >= 25.154))
",-9999999.000,-9999999.000,0.000,0.000,1.000,0,0,0,12,12,0,0,12,0.0,0.0,0.0,0.0,0.0,1.0,-1
"F[0,1](((SBP >= 57.838 -> WBC <= 1.320) | EtCO2 <= 2.630) | Potassium <= 3.892)
",-9999999.000,-9999999.000,0.000,0.000,1.000,0,0,0,12,12,0,0,12,0.0,0.0,0.0,0.0,0.0,1.0,-1
"F[1,2]((Temp >= 1.814 & WBC <= 3.222) | pH <= 1.120)
",-9999999.000,-9999999.000,0.000,0.000,1.000,0,0,0,12,12,0,0,12,0.0,0.0,0.0,0.0,0.0,1.0,-1
"F[1,2](((Calcium <= 7.778 -> Temp <= 23.290) | Chloride <= 20.226) | Calcium <= 27.952)
",-9999999.000,-9999999.000,0.000,0.000,1.000,0,0,0,12,12,0,0,12,0.0,0.0,0.0,0.0,0.0,1.0,-1
"F[1,2](((Glucose >= 11.504 -> O2Sat >= 71.860) -> BUN <= 98.585) | EtCO2 <= 93.870)
",-9999999.000,-9999999.000,0.000,0.000,1.000,0,0,0,12,12,0,0,12,0.0,0.0,0.0,0.0,0.0,1.0,-1
"((Glucose >= 15.799) U[0,2] (MAP <= 91.535))
",-9999999.000,-9999999.000,0.000,0.000,1.000,0,0,0,12,12,0,0,12,0.0,0.0,0.0,0.0,0.0,1.0,-1
"F[0,2]((DBP >= 57.464 | Phosphate <= 1.599) & Lactate <= 1.297)
",-9999999.000,-9999999.000,0.000,0.000,1.000,0,0,0,12,12,0,0,12,0.0,0.0,0.0,0.0,0.0,1.0,-1
"F[1,2](((Creatinine <= 6.113 | DBP <= 106.155) | SaO2 >= 4.560) | SaO2 >= 40.518)
",-9999999.000,-9999999.000,0.000,0.000,1.000,0,0,0,12,12,0,0,12,0.0,0.0,0.0,0.0,0.0,1.0,-1
"F[1,2](((DBP >= 67.758 -> Platelets >= 3.956) & SaO2 <= 125.964) -> Glucose <= 54.643)
",-9999999.000,-9999999.000,0.000,0.000,1.000,0,0,0,12,12,0,0,12,0.0,0.0,0.0,0.0,0.0,1.0,-1
"F[1,1](((AST <= 0.000 & O2Sat >= 32.919) | O2Sat <= 95.282) -> EtCO2 <= 96.026)
",-96.026,-96.026,0.000,0.000,1.000,0,0,0,12,12,0,0,12,0.0,0.0,0.0,0.0,0.0,1.0,-1
"F[1,1]((DBP >= 39.895 | Magnesium >= 0.086) | Potassium <= 0.162)
",0.162,0.162,0.000,0.000,1.000,0,0,0,12,12,0,0,12,0.0,0.0,0.0,0.0,0.0,1.0,-1
"((Creatinine >= 0.028) U[2,2] (Resp >= 0.863))
",-0.028,-0.028,0.000,0.000,1.000,0,0,0,12,12,0,0,12,0.0,0.0,0.0,0.0,0.0,1.0,-1
"F[0,1](((MAP <= 110.331 & Phosphate <= 0.254) & Glucose <= 2.175) | Bilirubin_total <= 2.658)
",-9999999.000,-9999999.000,0.000,0.000,1.000,0,0,0,12,12,0,0,12,0.0,0.0,0.0,0.0,0.0,1.0,-1
"F[1,2]((Creatinine <= 4.860 | MAP >= 64.590) -> pH >= 69.462)
",-9999999.000,-9999999.000,0.000,0.000,1.000,0,0,0,12,12,0,0,12,0.0,0.0,0.0,0.0,0.0,1.0,-1
"F[0,2](FiO2 >= 0.000 -> HCO3 <= 0.000)
",-9999999.000,-9999999.000,0.000,0.000,1.000,0,0,0,12,12,0,0,12,0.0,0.0,0.0,0.0,0.0,1.0,-1
"F[1,2](((O2Sat <= 96.235 | Chloride <= 0.000) | SaO2 >= 0.000) -> Chloride <= 0.000)
",-9999999.000,-9999999.000,0.000,0.000,1.000,0,0,0,12,12,0,0,12,0.0,0.0,0.0,0.0,0.0,1.0,-1
"((Lactate <= 0.000) U[1,2] (SepsisLabel = 0.000))
",-9999999.000,-9999999.000,0.000,0.000,1.000,0,0,0,12,12,0,0,12,0.0,0.0,0.0,0.0,0.0,1.0,-1
"F[0,1](Hgb <= 8.962 | Hct <= 8.708)
",-9999999.000,-9999999.000,0.000,0.000,1.000,0,0,0,12,12,0,0,12,0.0,0.0,0.0,0.0,0.0,1.0,-1
"F[1,2](((BUN <= 22.588 | Phosphate <= 1.579) -> WBC <= 3.052) & Glucose >= 0.007)
",-9999999.000,-9999999.000,0.000,0.000,1.000,0,0,0,12,12,0,0,12,0.0,0.0,0.0,0.0,0.0,1.0,-1
"F[0,1](((Phosphate >= 0.060 | Platelets <= 83.663) -> Hct >= 4.982) -> Platelets <= 22.214)
",-9999999.000,-9999999.000,0.000,0.000,1.000,0,0,0,12,12,0,0,12,0.0,0.0,0.0,0.0,0.0,1.0,-1
"F[1,2](((BUN >= 0.303 & Hgb <= 8.482) & Calcium >= 0.272) & Hct >= 0.064)
",-9999999.000,-9999999.000,0.000,0.000,1.000,0,0,0,12,12,0,0,12,0.0,0.0,0.0,0.0,0.0,1.0,-1
"((Potassium <= 3.044) U[1,1] (SepsisLabel = 0.000))
",6854633111602195.000,3.044,0.000,0.000,1.000,0,0,0,12,12,0,0,12,0.0,0.0,0.0,0.0,0.0,1.0,-1
"F[1,2](Alkalinephos > 0.000 & SepsisLabel = 0.000)
",-9999999.000,-9999999.000,0.000,0.000,1.000,0,0,0,12,12,0,0,12,0.0,0.0,0.0,0.0,0.0,1.0,-1
"((HCO3 <= 0.000) U[0,1] (SepsisLabel = 0.000))
",-9999999.000,-9999999.000,0.000,0.000,1.000,0,0,0,12,12,0,0,12,0.0,0.0,0.0,0.0,0.0,1.0,-1
"F[0,1]((Phosphate >= 0.065 & Magnesium > 0.030) -> Calcium < 3.550)
",-9999999.000,-9999999.000,0.000,0.000,1.000,0,0,0,12,12,0,0,12,0.0,0.0,0.0,0.0,0.0,1.0,-1
"F[2,2](Hct <= 6.165 & Potassium <= 0.386)
",6954883350021686.000,0.386,0.000,0.000,1.000,0,0,0,12,12,0,0,12,0.0,0.0,0.0,0.0,0.0,1.0,-1
"F[2,2](((Calcium < 5.141 & Potassium < 1.055) & Magnesium < 1.773) & Phosphate < 3.001)
",1.055,1.055,0.000,0.000,1.000,0,0,0,12,12,0,0,12,0.0,0.0,0.0,0.0,0.0,1.0,-1
"F[0,0](Hgb <= 0.660 | Hct <= 25.834)
",7271693566261025.000,25.834,0.000,0.000,1.000,0,0,0,12,12,0,0,12,0.0,0.0,0.0,0.0,0.0,1.0,-1
"F[1,2](((Calcium < 3.150 & Potassium < 0.961) & Magnesium < 0.523) & Phosphate < 1.493)
",-9999999.000,-9999999.000,0.000,0.000,1.000,0,0,0,12,12,0,0,12,0.0,0.0,0.0,0.0,0.0,1.0,-1
"F[2,2](Hgb <= 3.563 | Hct <= 1.936)
",8022837239064726.000,3.563,0.000,0.000,1.000,0,0,0,12,12,0,0,12,0.0,0.0,0.0,0.0,0.0,1.0,-1
"F[0,0]((Phosphate >= 0.033 & Magnesium > 0.004) -> Calcium < 7.500)
",-7.500,-7.500,0.000,0.000,1.000,0,0,0,12,12,0,0,12,0.0,0.0,0.0,0.0,0.0,1.0,-1
"F[0,2]((Calcium <= 1.901 & Potassium <= 3.946) & Magnesium >= 0.004)
",-9999999.000,-9999999.000,0.000,0.000,1.000,0,0,0,12,12,0,0,12,0.0,0.0,0.0,0.0,0.0,1.0,-1
"((Phosphate >= 0.014) U[0,2] (WBC <= 2.298))
",-9999999.000,-9999999.000,0.000,0.000,1.000,0,0,0,12,12,0,0,12,0.0,0.0,0.0,0.0,0.0,1.0,-1
"F[2,2](DBP >= 32.587 | MAP <= 109.738)
",7722120852597862.000,109.738,0.000,0.000,1.000,0,0,0,12,12,0,0,12,0.0,0.0,0.0,0.0,0.0,1.0,-1
"((Potassium <= 2.153) U[0,2] (TroponinI <= 0.000))
",-9999999.000,-9999999.000,0.000,0.000,1.000,0,0,0,12,12,0,0,12,0.0,0.0,0.0,0.0,0.0,1.0,-1
"F[1,2](((Glucose >= 16.634 | Potassium <= 3.508) & BaseExcess >= 0.154) & HCO3 <= 3.811)
",-9999999.000,-9999999.000,0.000,0.000,1.000,0,0,0,12,12,0,0,12,0.0,0.0,0.0,0.0,0.0,1.0,-1
"((HR <= 79.167) U[0,2] (SepsisLabel = 0.000))
",-9999999.000,-9999999.000,0.000,0.000,1.000,0,0,0,12,12,0,0,12,0.0,0.0,0.0,0.0,0.0,1.0,-1
"F[1,2](O2Sat < 91.460 & SepsisLabel = 0.000)
",-9999999.000,-9999999.000,0.000,0.000,1.000,0,0,0,12,12,0,0,12,0.0,0.0,0.0,0.0,0.0,1.0,-1
"F[1,1](((Hgb <= 5.250 & WBC >= 0.144) & Chloride >= 0.170) | SepsisLabel <= 3.379)
",7609287017035009.000,3.379,0.000,0.000,1.000,0,0,0,12,12,0,0,12,0.0,0.0,0.0,0.0,0.0,1.0,-1
"F[1,2]((TroponinI <= 0.000 & Glucose >= 2.238) & Calcium <= 30.621)
",-9999999.000,-9999999.000,0.000,0.000,1.000,0,0,0,12,12,0,0,12,0.0,0.0,0.0,0.0,0.0,1.0,-1
"F[1,1](((O2Sat <= 99.286 & Resp >= 18.969) -> Hct <= 23.774) & Calcium <= 25.077)
",-23.774,-23.774,0.000,0.000,1.000,0,0,0,12,12,0,0,12,0.0,0.0,0.0,0.0,0.0,1.0,-1
"F[1,2](((HR <= 82.189 | Temp >= 6.914) | BaseExcess >= 5.581) | Glucose >= 6.112)
",-9999999.000,-9999999.000,0.000,0.000,1.000,0,0,0,12,12,0,0,12,0.0,0.0,0.0,0.0,0.0,1.0,-1
"F[2,2](((Calcium <= 5.872 -> Glucose <= 64.801) -> Hgb >= 9.189) | pH <= 35.179)
",4950983942320647.000,35.179,0.000,0.000,1.000,0,0,0,12,12,0,0,12,0.0,0.0,0.0,0.0,0.0,1.0,-1
"F[1,2](((HR <= 89.231 -> O2Sat >= 10.446) | Hgb <= 99.148) -> Fibrinogen <= 93.826)
",-9999999.000,-9999999.000,0.000,0.000,1.000,0,0,0,12,12,0,0,12,0.0,0.0,0.0,0.0,0.0,1.0,-1
"F[0,2](BUN >= 0.709 & Glucose <= 95.486)
",-9999999.000,-9999999.000,0.000,0.000,1.000,0,0,0,12,12,0,0,12,0.0,0.0,0.0,0.0,0.0,1.0,-1
"((Glucose <= 28.576) U[0,2] (Hgb <= 6.738))
",-9999999.000,-9999999.000,0.000,0.000,1.000,0,0,0,12,12,0,0,12,0.0,0.0,0.0,0.0,0.0,1.0,-1
"F[0,0](((SBP <= 168.051 | Temp >= 8.988) -> EtCO2 <= 23.164) | Phosphate >= 3.489)
",-3.489,-3.489,0.000,0.000,1.000,0,0,0,12,12,0,0,12,0.0,0.0,0.0,0.0,0.0,1.0,-1
"F[0,2]((HR <= 88.052 -> SBP <= 161.773) | Chloride <= 144.297)
",-9999999.000,-9999999.000,0.000,0.000,1.000,0,0,0,12,12,0,0,12,0.0,0.0,0.0,0.0,0.0,1.0,-1
"((DBP >= 10.726) U[0,2] (SBP >= 66.774))
",-9999999.000,-9999999.000,0.000,0.000,1.000,0,0,0,12,12,0,0,12,0.0,0.0,0.0,0.0,0.0,1.0,-1
"F[0,0](Phosphate <= 0.219 -> Potassium <= 1.536)
",-6917352360136109.000,-1.536,0.000,0.000,1.000,0,0,0,12,12,0,0,12,0.0,0.0,0.0,0.0,0.0,1.0,-1
"((MAP >= 84.937) U[0,2] (SBP <= 154.863))
",-9999999.000,-9999999.000,0.000,0.000,1.000,0,0,0,12,12,0,0,12,0.0,0.0,0.0,0.0,0.0,1.0,-1
"F[0,0](Bilirubin_total > 0.000 -> SepsisLabel = 0.000)
",0.000,0.000,0.000,0.000,1.000,0,0,0,12,12,0,0,12,0.0,0.0,0.0,0.0,0.0,1.0,-1
"F[0,1]((Phosphate >= 0.133 & Magnesium > 0.050) -> Calcium < 2.636)
",-9999999.000,-9999999.000,0.000,0.000,1.000,0,0,0,12,12,0,0,12,0.0,0.0,0.0,0.0,0.0,1.0,-1
"F[0,1]((Phosphate >= 0.019 & Magnesium > 0.033) -> Calcium < 3.166)
",-9999999.000,-9999999.000,0.000,0.000,1.000,0,0,0,12,12,0,0,12,0.0,0.0,0.0,0.0,0.0,1.0,-1
"F[0,1]((Phosphate >= 0.058 & Magnesium > 0.034) -> Calcium < 7.362)
",-9999999.000,-9999999.000,0.000,0.000,1.000,0,0,0,12,12,0,0,12,0.0,0.0,0.0,0.0,0.0,1.0,-1
"F[0,2](((Calcium < 5.428 & Potassium < 2.860) & Magnesium < 0.586) & Phosphate < 2.806)
",-9999999.000,-9999999.000,0.000,0.000,1.000,0,0,0,12,12,0,0,12,0.0,0.0,0.0,0.0,0.0,1.0,-1
"F[2,2]((Calcium <= 5.625 & Potassium <= 1.918) & Magnesium >= 0.037)
",-5317415978508086.000,-0.037,0.000,0.000,1.000,0,0,0,12,12,0,0,12,0.0,0.0,0.0,0.0,0.0,1.0,-1
"F[0,0](Hgb <= 5.250 | Hct <= 24.808)
",24.808,24.808,0.000,0.000,1.000,0,0,0,12,12,0,0,12,0.0,0.0,0.0,0.0,0.0,1.0,-1
"F[0,0]((Phosphate >= 0.035 & Magnesium > 0.020) -> Calcium < 0.871)
",-0.871,-0.871,0.000,0.000,1.000,0,0,0,12,12,0,0,12,0.0,0.0,0.0,0.0,0.0,1.0,-1
"F[0,2](Hgb <= 8.228 | Hct <= 16.340)
",-9999999.000,-9999999.000,0.000,0.000,1.000,0,0,0,12,12,0,0,12,0.0,0.0,0.0,0.0,0.0,1.0,-1
"F[0,0](((Glucose >= 9.968 | Temp >= 0.842) | Potassium >= 6.848) -> Lactate <= 33.045)
",-61.418,-97.431,0.000,0.000,1.000,0,0,0,12,12,0,0,12,0.0,0.0,0.0,0.0,0.0,1.0,-1
"F[0,2](((Calcium < 3.389 & Potassium < 2.100) & Magnesium < 0.496) & Phosphate < 3.172)
",-9999999.000,-9999999.000,0.000,0.000,1.000,0,0,0,12,12,0,0,12,0.0,0.0,0.0,0.0,0.0,1.0,-1
"F[1,2]((O2Sat <= 95.078 & Temp <= 12.818) & Hgb >= 2.915)
",-9999999.000,-9999999.000,0.000,0.000,1.000,0,0,0,12,12,0,0,12,0.0,0.0,0.0,0.0,0.0,1.0,-1
"F[1,2]((Phosphate <= 0.323 & Temp >= 12.356) & MAP >= 4.886)
",-9999999.000,-9999999.000,0.000,0.000,1.000,0,0,0,12,12,0,0,12,0.0,0.0,0.0,0.0,0.0,1.0,-1
"F[2,2](((Glucose <= 99.189 & O2Sat <= 92.997) -> Calcium >= 31.398) -> Fibrinogen >= 7.671)
",8637119029765340.000,7.671,0.000,0.000,1.000,0,0,0,12,12,0,0,12,0.0,0.0,0.0,0.0,0.0,1.0,-1
"F[0,1]((Bilirubin_total <= 0.000 -> BUN <= 18.727) & Creatinine <= 32.054)
",-9999999.000,-9999999.000,0.000,0.000,1.000,0,0,0,12,12,0,0,12,0.0,0.0,0.0,0.0,0.0,1.0,-1
"F[0,1](Temp >= 1.289 -> TroponinI <= 0.000)
",-9999999.000,-9999999.000,0.000,0.000,1.000,0,0,0,12,12,0,0,12,0.0,0.0,0.0,0.0,0.0,1.0,-1
"F[1,2](((Calcium <= 8.590 & Alkalinephos >= 0.000) -> Resp <= 0.000) -> Alkalinephos >= 0.000)
",-9999999.000,-9999999.000,0.000,0.000,1.000,0,0,0,12,12,0,0,12,0.0,0.0,0.0,0.0,0.0,1.0,-1
"F[0,2](Hgb <= 5.936 | Hct <= 10.275)
",-9999999.000,-9999999.000,0.000,0.000,1.000,0,0,0,12,12,0,0,12,0.0,0.0,0.0,0.0,0.0,1.0,-1
"F[1,2]((Calcium <= 8.232 & Potassium <= 3.886) & Magnesium >= 0.026)
",-9999999.000,-9999999.000,0.000,0.000,1.000,0,0,0,12,12,0,0,12,0.0,0.0,0.0,0.0,0.0,1.0,-1
"F[2,2](((Calcium < 3.710 & Potassium < 1.511) & Magnesium < 1.039) & Phosphate < 1.438)
",4680113581587217.000,1.039,0.000,0.000,1.000,0,0,0,12,12,0,0,12,0.0,0.0,0.0,0.0,0.0,1.0,-1
"F[0,2]((Phosphate >= 0.028 & Magnesium > 0.037) -> Calcium < 1.228)
",-9999999.000,-9999999.000,0.000,0.000,1.000,0,0,0,12,12,0,0,12,0.0,0.0,0.0,0.0,0.0,1.0,-1
"((MAP >= 16.853) U[2,2] (SBP <= 142.004))
",4996318940565217.000,142.004,0.000,0.000,1.000,0,0,0,12,12,0,0,12,0.0,0.0,0.0,0.0,0.0,1.0,-1
"F[0,1](Hgb <= 8.309 | Hct <= 26.706)
",-9999999.000,-9999999.000,0.000,0.000,1.000,0,0,0,12,12,0,0,12,0.0,0.0,0.0,0.0,0.0,1.0,-1
"F[1,2]((Phosphate >= 0.145 & Magnesium > 0.030) -> Calcium < 0.998)
",-9999999.000,-9999999.000,0.000,0.000,1.000,0,0,0,12,12,0,0,12,0.0,0.0,0.0,0.0,0.0,1.0,-1
"((MAP >= 70.465) U[0,2] (SBP <= 149.868))
",-9999999.000,-9999999.000,0.000,0.000,1.000,0,0,0,12,12,0,0,12,0.0,0.0,0.0,0.0,0.0,1.0,-1
"F[1,2](((Calcium < 1.694 & Potassium < 0.361) & Magnesium < 0.596) & Phosphate < 2.364)
",-9999999.000,-9999999.000,0.000,0.000,1.000,0,0,0,12,12,0,0,12,0.0,0.0,0.0,0.0,0.0,1.0,-1
"F[1,2]((Calcium <= 5.857 & Potassium <= 1.613) & Magnesium >= 0.072)
",-9999999.000,-9999999.000,0.000,0.000,1.000,0,0,0,12,12,0,0,12,0.0,0.0,0.0,0.0,0.0,1.0,-1
"F[0,2](Hgb <= 1.939 | Hct <= 19.169)
",-9999999.000,-9999999.000,0.000,0.000,1.000,0,0,0,12,12,0,0,12,0.0,0.0,0.0,0.0,0.0,1.0,-1
"((MAP >= 75.022) U[2,2] (SBP <= 164.870))
",164.870,164.870,0.000,0.000,1.000,0,0,0,12,12,0,0,12,0.0,0.0,0.0,0.0,0.0,1.0,-1
"F[0,2](((Calcium < 4.705 & Potassium < 2.169) & Magnesium < 1.730) & Phosphate < 0.294)
",-9999999.000,-9999999.000,0.000,0.000,1.000,0,0,0,12,12,0,0,12,0.0,0.0,0.0,0.0,0.0,1.0,-1
"F[0,2]((Phosphate >= 0.077 & Magnesium > 0.079) -> Calcium < 3.878)
",-9999999.000,-9999999.000,0.000,0.000,1.000,0,0,0,12,12,0,0,12,0.0,0.0,0.0,0.0,0.0,1.0,-1
"((MAP >= 30.995) U[2,2] (SBP <= 141.591))
",4981801316283735.000,141.591,0.000,0.000,1.000,0,0,0,12,12,0,0,12,0.0,0.0,0.0,0.0,0.0,1.0,-1
"F[2,2](Hgb <= 7.480 | Hct <= 8.936)
",8.936,8.936,0.000,0.000,1.000,0,0,0,12,12,0,0,12,0.0,0.0,0.0,0.0,0.0,1.0,-1
"F[0,2]((Calcium <= 6.075 & Potassium <= 0.910) & Magnesium >= 0.012)
",-9999999.000,-9999999.000,0.000,0.000,1.000,0,0,0,12,12,0,0,12,0.0,0.0,0.0,0.0,0.0,1.0,-1
"F[0,2](PaCO2 <= 0.000 -> Platelets >= 1.653)
",-9999999.000,-9999999.000,0.000,0.000,1.000,0,0,0,12,12,0,0,12,0.0,0.0,0.0,0.0,0.0,1.0,-1
"((Potassium <= 1.683) U[0,1] (PaCO2 >= 0.000))
",-9999999.000,-9999999.000,0.000,0.000,1.000,0,0,0,12,12,0,0,12,0.0,0.0,0.0,0.0,0.0,1.0,-1
"((Resp >= 17.837) U[0,1] (FiO2 <= 0.000))
",-9999999.000,-9999999.000,0.000,0.000,1.000,0,0,0,12,12,0,0,12,0.0,0.0,0.0,0.0,0.0,1.0,-1
"G[0,2](DBP <= 72.464 -> HR <= 90.288)
",9999999.000,9999999.000,0.000,1.000,0.000,0,0,10,2,2,10,10,2,0.0,0.0,1.0,0.0,0.0,1.0,1
"G[0,1](BUN <= 22.102 & Creatinine >= 0.071)
",9999999.000,9999999.000,0.000,1.000,0.000,0,0,0,12,12,0,0,12,0.0,0.0,0.0,0.0,0.0,1.0,1
"G[0,1](((Hgb <= 7.195 | Hct <= 24.873) -> WBC >= 0.064) & Platelets >= 2.479)
",9999999.000,9999999.000,0.000,1.000,0.000,0,0,0,12,12,0,0,12,0.0,0.0,0.0,0.0,0.0,1.0,1
"G[0,2](Platelets <= 86.864 -> WBC >= 0.087)
",9999999.000,9999999.000,0.000,1.000,0.000,0,0,0,12,12,0,0,12,0.0,0.0,0.0,0.0,0.0,1.0,1
"G[2,2](Chloride >= 0.000 & HCO3 >= 0.000)
",0.000,0.000,0.000,1.000,0.000,0,0,12,0,0,12,12,0,0.0,0.0,1.0,0.0,0.0,1.0,1
"G[0,0](BUN <= 27.872 & Creatinine >= 0.105)
",-0.105,-0.105,0.000,1.000,0.000,0,0,0,12,12,0,0,12,0.0,0.0,0.0,0.0,0.0,1.0,1
"G[1,2](Chloride >= 0.000 & HCO3 >= 0.000)
",9999999.000,9999999.000,0.000,1.000,0.000,0,0,12,0,0,12,12,0,0.0,0.0,1.0,0.0,0.0,1.0,1
"G[0,1](Platelets <= 120.746 -> WBC >= 0.131)
",9999999.000,9999999.000,0.000,1.000,0.000,0,0,0,12,12,0,0,12,0.0,0.0,0.0,0.0,0.0,1.0,1
"G[0,2](((Hgb <= 8.005 | Hct <= 4.672) -> WBC >= 0.108) & Platelets >= 4.005)
",9999999.000,9999999.000,0.000,1.000,0.000,0,0,0,12,12,0,0,12,0.0,0.0,0.0,0.0,0.0,1.0,1
"G[0,1](BUN <= 28.313 & Creatinine >= 0.261)
",9999999.000,9999999.000,0.000,1.000,0.000,0,0,0,12,12,0,0,12,0.0,0.0,0.0,0.0,0.0,1.0,1
"G[2,2](((BUN <= 25.567 & Temp <= 36.902) & HR <= 35.383) & EtCO2 <= 14.719)
",14.719,14.719,0.000,1.000,0.000,0,0,12,0,0,12,12,0,0.0,0.0,1.0,0.0,0.0,1.0,1
"G[0,2](((Resp <= 21.707 | Temp <= 26.973) -> BaseExcess >= 1.328) | BaseExcess <= 25.877)
",9999999.000,9999999.000,0.000,1.000,0.000,0,0,12,0,0,12,12,0,0.0,0.0,1.0,0.0,0.0,1.0,1
"G[0,2](((Glucose <= 20.736 | Hct >= 0.975) -> EtCO2 >= 0.441) | O2Sat >= 0.216)
",9999999.000,9999999.000,0.000,1.000,0.000,0,0,10,2,2,10,10,2,0.0,0.0,1.0,0.0,0.0,1.0,1
"G[1,2](MAP <= 123.667 & Resp >= 7.221)
",9999999.000,9999999.000,0.000,1.000,0.000,0,0,12,0,0,12,12,0,0.0,0.0,1.0,0.0,0.0,1.0,1
"F[1,1](((MAP <= 113.150 | MAP <= 131.662) & Resp >= 70.665) -> BUN <= 113.988)
",-8021157969461247.000,-113.988,0.000,0.000,1.000,0,0,0,12,12,0,0,12,0.0,0.0,0.0,0.0,0.0,1.0,-1
"G[2,2](Resp >= 12.095 -> SBP >= 29.990)
",6808602759821343.000,12.095,0.000,1.000,0.000,0,0,12,0,0,12,12,0,0.0,0.0,1.0,0.0,0.0,1.0,1
"G[0,2]((MAP <= 117.243 & SBP <= 153.951) & FiO2 >= 4.286)
",9999999.000,9999999.000,0.000,1.000,0.000,0,0,0,12,12,0,0,12,0.0,0.0,0.0,0.0,0.0,1.0,1
"G[1,2]((BUN <= 2.963 -> Magnesium <= 1.639) -> EtCO2 >= 0.045)
",9999999.000,9999999.000,0.000,1.000,0.000,0,0,1,11,11,1,1,11,0.0,0.0,1.0,0.0,0.0,1.0,1
"G[0,2](Creatinine <= 2.164 | Hct >= 0.119)
",9999999.000,9999999.000,0.000,1.000,0.000,0,0,12,0,0,12,12,0,0.0,0.0,1.0,0.0,0.0,1.0,1
"G[0,2](((Calcium <= 2.284 & Potassium >= 0.025) -> DBP >= 0.142) | MAP <= 0.695)
",9999999.000,9999999.000,0.000,1.000,0.000,0,0,12,0,0,12,12,0,0.0,0.0,1.0,0.0,0.0,1.0,1
"G[1,2](Calcium < 8.037 & SepsisLabel = 0.000)
",9999999.000,9999999.000,0.000,1.000,0.000,0,0,11,1,1,11,11,1,0.0,0.0,1.0,0.0,0.0,1.0,1
"G[1,2](Potassium > 0.138 -> SepsisLabel = 0.000)
",9999999.000,9999999.000,0.000,1.000,0.000,0,0,12,0,0,12,12,0,0.0,0.0,1.0,0.0,0.0,1.0,1
"G[1,2](Bilirubin_direct >= 0.000 -> SepsisLabel = 0.000)
",9999999.000,9999999.000,0.000,1.000,0.000,0,0,12,0,0,12,12,0,0.0,0.0,1.0,0.0,0.0,1.0,1
"G[2,2](PaCO2 < 0.000 & SepsisLabel = 0.000)
",0.000,0.000,0.000,1.000,0.000,0,0,12,0,0,12,12,0,0.0,0.0,1.0,0.0,0.0,1.0,1
"G[0,2](TroponinI <= 0.000 & SepsisLabel = 0.000)
",9999999.000,9999999.000,0.000,1.000,0.000,0,0,12,0,0,12,12,0,0.0,0.0,1.0,0.0,0.0,1.0,1
"G[1,2](BaseExcess > 0.000 & SepsisLabel = 0.000)
",9999999.000,9999999.000,0.000,1.000,0.000,0,0,1,11,11,1,1,11,0.0,0.0,1.0,0.0,0.0,1.0,1
"G[1,2](DBP >= 46.398 -> SepsisLabel = 0.000)
",9999999.000,9999999.000,0.000,1.000,0.000,0,0,12,0,0,12,12,0,0.0,0.0,1.0,0.0,0.0,1.0,1
"G[0,2](Chloride >= 0.000 & HCO3 >= 0.000)
",9999999.000,9999999.000,0.000,1.000,0.000,0,0,12,0,0,12,12,0,0.0,0.0,1.0,0.0,0.0,1.0,1
"G[2,2](Platelets <= 6.036 -> WBC >= 0.065)
",-6795593202346634.000,-6.036,0.000,1.000,0.000,0,0,12,0,0,12,12,0,0.0,0.0,1.0,0.0,0.0,1.0,1
"G[0,1](((Hgb <= 6.739 | Hct <= 15.276) -> WBC >= 0.184) & Platelets >= 3.965)
",9999999.000,9999999.000,0.000,1.000,0.000,0,0,0,12,12,0,0,12,0.0,0.0,0.0,0.0,0.0,1.0,1
"G[0,0](BUN <= 32.264 & Creatinine >= 0.083)
",-5945959346211814.000,-0.083,0.000,1.000,0.000,0,0,0,12,12,0,0,12,0.0,0.0,0.0,0.0,0.0,1.0,1
"G[0,2](((Fibrinogen <= 0.000 -> Bilirubin_direct >= 0.000) & Platelets <= 0.000) -> Lactate >= 0.000)
",9999999.000,9999999.000,0.000,1.000,0.000,0,0,12,0,0,12,12,0,0.0,0.0,1.0,0.0,0.0,1.0,1
"G[2,2](((Phosphate >= 0.149 -> FiO2 >= 0.000) & BaseExcess <= 0.000) & SepsisLabel >= 0.000)
",0.000,0.000,0.000,1.000,0.000,0,0,12,0,0,12,12,0,0.0,0.0,1.0,0.0,0.0,1.0,1
"G[0,0](((Resp <= 21.517 & Temp >= 12.488) & Glucose <= 30.982) & pH >= 10.888)
",-3.247,-58.620,0.000,1.000,0.000,0,0,0,12,12,0,0,12,0.0,0.0,0.0,0.0,0.0,1.0,1
"G[0,2]((Hct >= 0.284 | FiO2 >= 0.000) & BaseExcess <= 0.000)
",9999999.000,9999999.000,0.000,1.000,0.000,0,0,12,0,0,12,12,0,0.0,0.0,1.0,0.0,0.0,1.0,1
"G[0,2]((Resp >= 16.282 & Glucose <= 96.118) -> Magnesium >= 0.460)
",9999999.000,9999999.000,0.000,1.000,0.000,0,0,0,12,12,0,0,12,0.0,0.0,0.0,0.0,0.0,1.0,1
"G[1,2]((PTT <= 0.000 & AST >= 0.000) -> Fibrinogen >= 0.000)
",9999999.000,9999999.000,0.000,1.000,0.000,0,0,12,0,0,12,12,0,0.0,0.0,1.0,0.0,0.0,1.0,1
"G[1,2]((Phosphate <= 1.663 -> Resp <= 22.389) & Bilirubin_total <= 24.368)
",9999999.000,9999999.000,0.000,1.000,0.000,0,0,9,3,3,9,9,3,0.0,0.0,1.0,0.0,0.0,1.0,1
"G[1,2](((BUN >= 0.867 & HR >= 7.386) & Platelets >= 56.742) | MAP >= 75.925)
",9999999.000,9999999.000,0.000,1.000,0.000,0,0,12,0,0,12,12,0,0.0,0.0,1.0,0.0,0.0,1.0,1
"G[0,2](((DBP <= 108.548 -> Hct <= 8.197) | Fibrinogen >= 1.120) & Bilirubin_direct >= 0.507)
",9999999.000,9999999.000,0.000,1.000,0.000,0,0,0,12,12,0,0,12,0.0,0.0,0.0,0.0,0.0,1.0,1
"G[2,2](Glucose >= 6.752 | HR >= 38.235)
",-6.752,-6.752,0.000,1.000,0.000,0,0,12,0,0,12,12,0,0.0,0.0,1.0,0.0,0.0,1.0,1
"G[0,2](((Hgb <= 6.014 | Hct <= 24.219) -> WBC >= 0.113) & Platelets >= 4.419)
",9999999.000,9999999.000,0.000,1.000,0.000,0,0,0,12,12,0,0,12,0.0,0.0,0.0,0.0,0.0,1.0,1
"G[2,2](Platelets <= 122.265 -> WBC >= 0.166)
",-122.265,-122.265,0.000,1.000,0.000,0,0,12,0,0,12,12,0,0.0,0.0,1.0,0.0,0.0,1.0,1
"G[0,2](Chloride >= 0.000 & HCO3 >= 0.000)
",9999999.000,9999999.000,0.000,1.000,0.000,0,0,12,0,0,12,12,0,0.0,0.0,1.0,0.0,0.0,1.0,1
"G[2,2](BUN <= 9.741 & Creatinine >= 0.335)
",-6036499457322353.000,-0.335,0.000,1.000,0.000,0,0,12,0,0,12,12,0,0.0,0.0,1.0,0.0,0.0,1.0,1
"G[1,2](Platelets <= 113.449 -> WBC >= 0.193)
",9999999.000,9999999.000,0.000,1.000,0.000,0,0,2,10,10,2,2,10,0.0,0.0,1.0,0.0,0.0,1.0,1
"G[0,2](Chloride >= 0.000 & HCO3 >= 0.000)
",9999999.000,9999999.000,0.000,1.000,0.000,0,0,12,0,0,12,12,0,0.0,0.0,1.0,0.0,0.0,1.0,1
"G[2,2](BUN <= 18.645 & Creatinine >= 0.293)
",-5275368952391775.000,-0.293,0.000,1.000,0.000,0,0,12,0,0,12,12,0,0.0,0.0,1.0,0.0,0.0,1.0,1
"G[0,2](((Hgb <= 8.447 | Hct <= 16.237) -> WBC >= 0.150) & Platelets >= 1.093)
",9999999.000,9999999.000,0.000,1.000,0.000,0,0,0,12,12,0,0,12,0.0,0.0,0.0,0.0,0.0,1.0,1
"G[1,2](Platelets <= 15.280 -> WBC >= 0.204)
",9999999.000,9999999.000,0.000,1.000,0.000,0,0,2,10,10,2,2,10,0.0,0.0,1.0,0.0,0.0,1.0,1
"G[2,2](BUN <= 32.985 & Creatinine >= 0.158)
",-5698638833926994.000,-0.158,0.000,1.000,0.000,0,0,12,0,0,12,12,0,0.0,0.0,1.0,0.0,0.0,1.0,1
"G[1,2](((Hgb <= 7.104 | Hct <= 25.122) -> WBC >= 0.185) & Platelets >= 2.949)
",9999999.000,9999999.000,0.000,1.000,0.000,0,0,2,10,10,2,2,10,0.0,0.0,1.0,0.0,0.0,1.0,1
"G[2,2](BUN <= 32.779 & Creatinine >= 0.300)
",-0.300,-0.300,0.000,1.000,0.000,0,0,12,0,0,12,12,0,0.0,0.0,1.0,0.0,0.0,1.0,1
"G[2,2](Platelets <= 69.460 -> WBC >= 0.012)
",-4887809287197581.000,-69.460,0.000,1.000,0.000,0,0,12,0,0,12,12,0,0.0,0.0,1.0,0.0,0.0,1.0,1
"G[1,1](BUN <= 18.107 & Creatinine >= 0.023)
",-0.023,-0.023,0.000,1.000,0.000,0,0,1,11,11,1,1,11,0.0,0.0,1.0,0.0,0.0,1.0,1
"G[0,1](((Hgb <= 8.380 | Hct <= 15.093) -> WBC >= 0.073) & Platelets >= 4.482)
",9999999.000,9999999.000,0.000,1.000,0.000,0,0,0,12,12,0,0,12,0.0,0.0,0.0,0.0,0.0,1.0,1
"G[2,2](AST > 0.000 -> SepsisLabel = 0.000)
",0.000,0.000,0.000,1.000,0.000,0,0,12,0,0,12,12,0,0.0,0.0,1.0,0.0,0.0,1.0,1
"G[2,2](EtCO2 >= 0.000 & SepsisLabel = 0.000)
",0.000,0.000,0.000,1.000,0.000,0,0,12,0,0,12,12,0,0.0,0.0,1.0,0.0,0.0,1.0,1
"G[2,2](Resp > 5.484 -> SepsisLabel = 0.000)
",0.000,0.000,0.000,1.000,0.000,0,0,12,0,0,12,12,0,0.0,0.0,1.0,0.0,0.0,1.0,1
"G[1,2](((Calcium <= 5.365 -> Hct >= 0.301) -> BUN >= 0.679) | Glucose >= 1.071)
",9999999.000,9999999.000,0.000,1.000,0.000,0,0,12,0,0,12,12,0,0.0,0.0,1.0,0.0,0.0,1.0,1
"G[1,2](Fibrinogen >= 0.000 -> FiO2 <= 0.000)
",9999999.000,9999999.000,0.000,1.000,0.000,0,0,12,0,0,12,12,0,0.0,0.0,1.0,0.0,0.0,1.0,1
"G[0,2](WBC >= 0.101 & Glucose >= 11.483)
",9999999.000,9999999.000,0.000,1.000,0.000,0,0,0,12,12,0,0,12,0.0,0.0,0.0,0.0,0.0,1.0,1
"G[2,2](((Hct <= 1.477 | SepsisLabel <= 0.000) & pH >= 0.000) | HR >= 0.000)
",0.000,0.000,0.000,1.000,0.000,0,0,12,0,0,12,12,0,0.0,0.0,1.0,0.0,0.0,1.0,1
"G[2,2](Phosphate >= 0.127 | HR >= 51.955)
",-0.127,-0.127,0.000,1.000,0.000,0,0,12,0,0,12,12,0,0.0,0.0,1.0,0.0,0.0,1.0,1
"G[0,2]((PaCO2 <= 0.000 | Platelets >= 1.416) -> HR >= 5.607)
",9999999.000,9999999.000,0.000,1.000,0.000,0,0,10,2,2,10,10,2,0.0,0.0,1.0,0.0,0.0,1.0,1
"G[1,2]((HR <= 82.509 & Fibrinogen >= 0.000) | pH <= 0.000)
",9999999.000,9999999.000,0.000,1.000,0.000,0,0,12,0,0,12,12,0,0.0,0.0,1.0,0.0,0.0,1.0,1
"G[1,2]((SaO2 <= 0.000 & Chloride <= 0.000) & Chloride >= 0.000)
",9999999.000,9999999.000,0.000,1.000,0.000,0,0,12,0,0,12,12,0,0.0,0.0,1.0,0.0,0.0,1.0,1
"G[1,2]((Chloride <= 0.000 | Bilirubin_total >= 0.000) -> AST <= 0.000)
",9999999.000,9999999.000,0.000,1.000,0.000,0,0,12,0,0,12,12,0,0.0,0.0,1.0,0.0,0.0,1.0,1
"G[0,2](((Temp <= 26.731 -> Potassium <= 3.988) -> pH >= 0.158) -> AST >= 0.155)
",9999999.000,9999999.000,0.000,1.000,0.000,0,0,11,1,1,11,11,1,0.0,0.0,1.0,0.0,0.0,1.0,1
"G[0,2]((SepsisLabel <= 0.000 & BUN >= 0.612) -> BaseExcess <= 18.562)
",9999999.000,9999999.000,0.000,1.000,0.000,0,0,12,0,0,12,12,0,0.0,0.0,1.0,0.0,0.0,1.0,1
"G[0,2](BaseExcess >= 0.000 | Creatinine >= 0.167)
",9999999.000,9999999.000,0.000,1.000,0.000,0,0,12,0,0,12,12,0,0.0,0.0,1.0,0.0,0.0,1.0,1
"G[0,1](((Alkalinephos >= 0.000 | Hct <= 6.031) | Alkalinephos <= 25.848) & Chloride >= 0.671)
",9999999.000,9999999.000,0.000,1.000,0.000,0,0,0,12,12,0,0,12,0.0,0.0,0.0,0.0,0.0,1.0,1
"G[1,2](((Hct >= 1.095 | SBP <= 125.530) -> EtCO2 <= 153.090) | pH <= 132.503)
",9999999.000,9999999.000,0.000,1.000,0.000,0,0,12,0,0,12,12,0,0.0,0.0,1.0,0.0,0.0,1.0,1
"G[1,2](((SepsisLabel >= 0.000 & Calcium <= 6.215) -> BUN >= 0.191) -> SaO2 <= 8.488)
",9999999.000,9999999.000,0.000,1.000,0.000,0,0,12,0,0,12,12,0,0.0,0.0,1.0,0.0,0.0,1.0,1
"G[1,2](((Creatinine >= 0.097 & Resp <= 24.992) & Temp <= 25.865) -> Chloride <= 22.031)
",9999999.000,9999999.000,0.000,1.000,0.000,0,0,12,0,0,12,12,0,0.0,0.0,1.0,0.0,0.0,1.0,1
"G[0,2](BUN >= 0.565 | EtCO2 >= 0.000)
",9999999.000,9999999.000,0.000,1.000,0.000,0,0,12,0,0,12,12,0,0.0,0.0,1.0,0.0,0.0,1.0,1
"G[1,2](Bilirubin_total <= 0.000 -> Fibrinogen <= 0.000)
",9999999.000,9999999.000,0.000,1.000,0.000,0,0,12,0,0,12,12,0,0.0,0.0,1.0,0.0,0.0,1.0,1
"G[0,1]((Resp <= 22.278 -> Phosphate >= 0.127) & Platelets >= 0.138)
",9999999.000,9999999.000,0.000,1.000,0.000,0,0,0,12,12,0,0,12,0.0,0.0,0.0,0.0,0.0,1.0,1
"G[2,2]((Platelets <= 44.565 & BUN <= 4.693) & Bilirubin_total <= 34.101)
",5283473224200343.000,4.693,0.000,1.000,0.000,0,0,12,0,0,12,12,0,0.0,0.0,1.0,0.0,0.0,1.0,1
"G[0,2](((SaO2 <= 0.000 & DBP >= 54.223) & Bilirubin_direct <= 90.601) | MAP >= 61.396)
",9999999.000,9999999.000,0.000,1.000,0.000,0,0,10,2,2,10,10,2,0.0,0.0,1.0,0.0,0.0,1.0,1
"G[1,2]((EtCO2 <= 0.000 -> BUN >= 1.094) & EtCO2 >= 0.155)
",9999999.000,9999999.000,0.000,1.000,0.000,0,0,1,11,11,1,1,11,0.0,0.0,1.0,0.0,0.0,1.0,1
"G[0,2]((WBC <= 1.937 -> PTT >= 0.000) | Glucose >= 0.000)
",9999999.000,9999999.000,0.000,1.000,0.000,0,0,12,0,0,12,12,0,0.0,0.0,1.0,0.0,0.0,1.0,1
"G[1,2]((DBP <= 100.117 | HCO3 <= 0.000) -> Potassium <= 0.000)
",9999999.000,9999999.000,0.000,1.000,0.000,0,0,11,1,1,11,11,1,0.0,0.0,1.0,0.0,0.0,1.0,1
"G[1,2]((SaO2 <= 0.000 | Resp >= 11.129) | PaCO2 >= 17.228)
",9999999.000,9999999.000,0.000,1.000,0.000,0,0,12,0,0,12,12,0,0.0,0.0,1.0,0.0,0.0,1.0,1
"G[1,2](((SaO2 >= 0.000 | EtCO2 >= 0.000) -> DBP >= 0.000) & Potassium >= 0.000)
",9999999.000,9999999.000,0.000,1.000,0.000,0,0,12,0,0,12,12,0,0.0,0.0,1.0,0.0,0.0,1.0,1
"G[0,2]((SBP <= 147.447 | AST <= 0.000) -> Lactate <= 0.000)
",9999999.000,9999999.000,0.000,1.000,0.000,0,0,12,0,0,12,12,0,0.0,0.0,1.0,0.0,0.0,1.0,1
"G[0,0]((TroponinI >= 0.000 -> Magnesium <= 1.017) -> EtCO2 >= 0.027)
",-12.226,-20.927,0.000,1.000,0.000,0,0,0,12,12,0,0,12,0.0,0.0,0.0,0.0,0.0,1.0,1
"G[1,2](Lactate >= 0.000 -> SepsisLabel = 0.000)
",9999999.000,9999999.000,0.000,1.000,0.000,0,0,12,0,0,12,12,0,0.0,0.0,1.0,0.0,0.0,1.0,1
"G[1,2](((HCO3 >= 0.000 -> Bilirubin_direct >= 0.000) -> SaO2 >= 0.000) | SaO2 <= 0.000)
",9999999.000,9999999.000,0.000,1.000,0.000,0,0,12,0,0,12,12,0,0.0,0.0,1.0,0.0,0.0,1.0,1
"G[0,2](SBP < 146.891 & SepsisLabel = 0.000)
",9999999.000,9999999.000,0.000,1.000,0.000,0,0,8,4,4,8,8,4,0.0,0.0,1.0,0.0,0.0,1.0,1
"G[0,2](BUN <= 5.595 & Creatinine >= 0.165)
",9999999.000,9999999.000,0.000,1.000,0.000,0,0,0,12,12,0,0,12,0.0,0.0,0.0,0.0,0.0,1.0,1
"G[0,2](Platelets <= 111.169 -> WBC >= 0.081)
",9999999.000,9999999.000,0.000,1.000,0.000,0,0,0,12,12,0,0,12,0.0,0.0,0.0,0.0,0.0,1.0,1
"G[0,2](Chloride >= 0.000 & HCO3 >= 0.000)
",9999999.000,9999999.000,0.000,1.000,0.000,0,0,12,0,0,12,12,0,0.0,0.0,1.0,0.0,0.0,1.0,1
"G[1,2]((Glucose >= 18.332 -> Resp <= 21.405) -> Temp <= 24.605)
",9999999.000,9999999.000,0.000,1.000,0.000,0,0,7,5,5,7,7,5,0.0,0.0,1.0,0.0,0.0,1.0,1
"G[1,2](((FiO2 <= 0.000 -> HCO3 >= 0.000) & Creatinine <= 0.000) | Platelets >= 0.000)
",9999999.000,9999999.000,0.000,1.000,0.000,0,0,12,0,0,12,12,0,0.0,0.0,1.0,0.0,0.0,1.0,1
"G[1,2](Chloride >= 0.000 & HCO3 >= 0.000)
",9999999.000,9999999.000,0.000,1.000,0.000,0,0,12,0,0,12,12,0,0.0,0.0,1.0,0.0,0.0,1.0,1
"G[0,2](((BUN >= 1.029 & O2Sat >= 53.762) & MAP >= 59.695) & SBP <= 98.535)
",9999999.000,9999999.000,0.000,1.000,0.000,0,0,0,12,12,0,0,12,0.0,0.0,0.0,0.0,0.0,1.0,1
"G[2,2](((Alkalinephos >= 0.000 & DBP >= 58.919) -> Fibrinogen >= 51.896) & Hgb <= 103.981)
",7303770017732865.000,51.896,0.000,1.000,0.000,0,0,12,0,0,12,12,0,0.0,0.0,1.0,0.0,0.0,1.0,1
"G[0,2](Potassium >= 0.093 | pH <= 0.000)
",9999999.000,9999999.000,0.000,1.000,0.000,0,0,12,0,0,12,12,0,0.0,0.0,1.0,0.0,0.0,1.0,1
"G[0,2]((Calcium <= 7.131 & HR >= 55.705) -> Glucose >= 19.821)
",9999999.000,9999999.000,0.000,1.000,0.000,0,0,0,12,12,0,0,12,0.0,0.0,0.0,0.0,0.0,1.0,1
"G[2,2]((Creatinine <= 1.110 | Temp <= 25.751) -> MAP <= 24.451)
",-7248386288814609.000,-25.751,0.000,1.000,0.000,0,0,12,0,0,12,12,0,0.0,0.0,1.0,0.0,0.0,1.0,1
"G[0,2](((Calcium <= 6.156 & AST >= 0.000) -> SaO2 <= 0.000) -> Glucose >= 0.000)
",9999999.000,9999999.000,0.000,1.000,0.000,0,0,12,0,0,12,12,0,0.0,0.0,1.0,0.0,0.0,1.0,1
"G[2,2](((DBP <= 105.084 & Magnesium >= 0.059) & Chloride <= 1.983) | DBP <= 1.309)
",1.309,1.309,0.000,1.000,0.000,0,0,12,0,0,12,12,0,0.0,0.0,1.0,0.0,0.0,1.0,1
"G[1,2](((Temp >= 12.148 & EtCO2 >= 0.000) | BUN >= 0.000) -> Lactate >= 0.000)
",9999999.000,9999999.000,0.000,1.000,0.000,0,0,12,0,0,12,12,0,0.0,0.0,1.0,0.0,0.0,1.0,1
"G[0,1](((MAP <= 99.795 & Hct <= 14.138) & Fibrinogen >= 0.292) | Fibrinogen >= 1.063)
",9999999.000,9999999.000,0.000,1.000,0.000,0,0,0,12,12,0,0,12,0.0,0.0,0.0,0.0,0.0,1.0,1
"G[2,2](FiO2 <= 0.000 & Hgb >= 0.045)
",-6549724398285233.000,-0.045,0.000,1.000,0.000,0,0,12,0,0,12,12,0,0.0,0.0,1.0,0.0,0.0,1.0,1
"G[2,2](((BUN >= 0.822 & Phosphate <= 0.772) & pH <= 2.582) -> AST >= 0.093)
",6703413761237194.000,0.093,0.000,1.000,0.000,0,0,12,0,0,12,12,0,0.0,0.0,1.0,0.0,0.0,1.0,1
"G[1,2](((WBC >= 0.129 & TroponinI >= 0.000) & Magnesium >= 0.000) & Fibrinogen >= 0.000)
",9999999.000,9999999.000,0.000,1.000,0.000,0,0,2,10,10,2,2,10,0.0,0.0,1.0,0.0,0.0,1.0,1
"G[0,2]((Calcium >= 0.085 -> Bilirubin_total >= 0.000) | HCO3 >= 0.000)
",9999999.000,9999999.000,0.000,1.000,0.000,0,0,12,0,0,12,12,0,0.0,0.0,1.0,0.0,0.0,1.0,1
"G[0,2](AST >= 0.000 | EtCO2 <= 0.000)
",9999999.000,9999999.000,0.000,1.000,0.000,0,0,12,0,0,12,12,0,0.0,0.0,1.0,0.0,0.0,1.0,1
"G[0,2]((BUN >= 0.252 | Fibrinogen >= 0.000) -> DBP <= 0.000)
",9999999.000,9999999.000,0.000,1.000,0.000,0,0,0,12,12,0,0,12,0.0,0.0,0.0,0.0,0.0,1.0,1
"G[1,2](((Hct <= 18.157 & SepsisLabel >= 0.000) -> SBP <= 0.000) | Magnesium <= 0.000)
",9999999.000,9999999.000,0.000,1.000,0.000,0,0,12,0,0,12,12,0,0.0,0.0,1.0,0.0,0.0,1.0,1
"G[0,2](((AST >= 0.000 | BaseExcess <= 0.000) | Fibrinogen <= 0.000) & SepsisLabel >= 0.000)
",9999999.000,9999999.000,0.000,1.000,0.000,0,0,12,0,0,12,12,0,0.0,0.0,1.0,0.0,0.0,1.0,1
"G[1,2]((BUN <= 18.704 -> PTT <= 0.000) | HCO3 >= 0.000)
",9999999.000,9999999.000,0.000,1.000,0.000,0,0,12,0,0,12,12,0,0.0,0.0,1.0,0.0,0.0,1.0,1
"G[1,2](((Alkalinephos <= 0.000 | Alkalinephos <= 0.000) | FiO2 >= 0.000) -> Bilirubin_direct <= 0.000)
",9999999.000,9999999.000,0.000,1.000,0.000,0,0,12,0,0,12,12,0,0.0,0.0,1.0,0.0,0.0,1.0,1
"G[0,1](BaseExcess >= 0.000 -> Platelets >= 2.985)
",9999999.000,9999999.000,0.000,1.000,0.000,0,0,0,12,12,0,0,12,0.0,0.0,0.0,0.0,0.0,1.0,1
"G[2,2](Platelets <= 113.595 -> WBC >= 0.179)
",-7993540110726519.000,-113.595,0.000,1.000,0.000,0,0,12,0,0,12,12,0,0.0,0.0,1.0,0.0,0.0,1.0,1
"((Creatinine >= 0.142) U[0,2] (PTT <= 0.000))
",-9999999.000,-9999999.000,0.000,0.000,1.000,0,0,0,12,12,0,0,12,0.0,0.0,0.0,0.0,0.0,1.0,-1
"((TroponinI >= 0.000) U[1,1] (Chloride >= 0.000))
",0.000,0.000,0.000,0.000,1.000,0,0,0,12,12,0,0,12,0.0,0.0,0.0,0.0,0.0,1.0,-1
"F[0,0](O2Sat >= 15.447 -> AST >= 0.000)
",-9.179,-71.781,0.000,0.000,1.000,0,0,0,12,12,0,0,12,0.0,0.0,0.0,0.0,0.0,1.0,-1
"F[0,0](Platelets >= 4.473 | Hgb <= 0.524)
",4723093967619731.000,0.524,0.000,0.000,1.000,0,0,0,12,12,0,0,12,0.0,0.0,0.0,0.0,0.0,1.0,-1
"((MAP <= 106.516) U[2,2] (Fibrinogen <= 0.000))
",106.516,106.516,0.000,0.000,1.000,0,0,0,12,12,0,0,12,0.0,0.0,0.0,0.0,0.0,1.0,-1
"F[0,2](Creatinine <= 6.563 & O2Sat >= 26.845)
",-9999999.000,-9999999.000,0.000,0.000,1.000,0,0,0,12,12,0,0,12,0.0,0.0,0.0,0.0,0.0,1.0,-1
"F[0,2](((Glucose <= 88.787 | TroponinI >= 0.000) | Chloride >= 0.000) | Creatinine <= 0.000)
",-9999999.000,-9999999.000,0.000,0.000,1.000,0,0,0,12,12,0,0,12,0.0,0.0,0.0,0.0,0.0,1.0,-1
"F[0,2](((EtCO2 <= 0.000 & Alkalinephos >= 0.000) & Glucose >= 0.000) & Glucose >= 0.000)
",-9999999.000,-9999999.000,0.000,0.000,1.000,0,0,0,12,12,0,0,12,0.0,0.0,0.0,0.0,0.0,1.0,-1
"F[1,2](SaO2 <= 0.000 -> PaCO2 >= 0.000)
",-9999999.000,-9999999.000,0.000,0.000,1.000,0,0,0,12,12,0,0,12,0.0,0.0,0.0,0.0,0.0,1.0,-1
"F[2,2](((TroponinI >= 0.000 | Fibrinogen <= 0.000) & Fibrinogen >= 0.000) -> PaCO2 >= 0.000)
",0.000,0.000,0.000,0.000,1.000,0,0,0,12,12,0,0,12,0.0,0.0,0.0,0.0,0.0,1.0,-1
"((Resp <= 19.768) U[0,2] (DBP >= 35.122))
",-9999999.000,-9999999.000,0.000,0.000,1.000,0,0,0,12,12,0,0,12,0.0,0.0,0.0,0.0,0.0,1.0,-1
"F[2,2]((Resp >= 11.669 & EtCO2 <= 0.000) | Platelets >= 0.000)
",0.000,0.000,0.000,0.000,1.000,0,0,0,12,12,0,0,12,0.0,0.0,0.0,0.0,0.0,1.0,-1
"F[0,1](((SepsisLabel <= 0.000 & SaO2 >= 0.000) | AST <= 0.000) | DBP >= 0.000)
",-9999999.000,-9999999.000,0.000,0.000,1.000,0,0,0,12,12,0,0,12,0.0,0.0,0.0,0.0,0.0,1.0,-1
"F[1,2](Glucose >= 4.506 & SepsisLabel >= 0.000)
",-9999999.000,-9999999.000,0.000,0.000,1.000,0,0,0,12,12,0,0,12,0.0,0.0,0.0,0.0,0.0,1.0,-1
"F[0,2](((TroponinI <= 0.000 -> HR >= 41.782) -> TroponinI >= 56.963) -> WBC >= 60.882)
",-9999999.000,-9999999.000,0.000,0.000,1.000,0,0,0,12,12,0,0,12,0.0,0.0,0.0,0.0,0.0,1.0,-1
"F[0,2](SepsisLabel >= 0.000 & TroponinI <= 0.000)
",-9999999.000,-9999999.000,0.000,0.000,1.000,0,0,0,12,12,0,0,12,0.0,0.0,0.0,0.0,0.0,1.0,-1
"F[0,2](((Glucose >= 19.074 & SepsisLabel >= 0.000) -> BaseExcess >= 0.000) -> pH >= 0.000)
",-9999999.000,-9999999.000,0.000,0.000,1.000,0,0,0,12,12,0,0,12,0.0,0.0,0.0,0.0,0.0,1.0,-1
"F[0,1](((Bilirubin_total >= 0.000 -> WBC >= 0.197) | PTT <= 3.061) & SBP >= 0.104)
",-9999999.000,-9999999.000,0.000,0.000,1.000,0,0,0,12,12,0,0,12,0.0,0.0,0.0,0.0,0.0,1.0,-1
"F[0,2](((TroponinI <= 0.000 -> Bilirubin_direct <= 0.000) -> Phosphate <= 0.000) -> TroponinI >= 0.000)
",-9999999.000,-9999999.000,0.000,0.000,1.000,0,0,0,12,12,0,0,12,0.0,0.0,0.0,0.0,0.0,1.0,-1
"F[1,2](WBC <= 2.522 -> SepsisLabel >= 0.000)
",-9999999.000,-9999999.000,0.000,0.000,1.000,0,0,0,12,12,0,0,12,0.0,0.0,0.0,0.0,0.0,1.0,-1
"F[0,1](((Phosphate <= 1.617 | Temp >= 2.307) & Bilirubin_total <= 33.348) & PTT <= 17.704)
",-9999999.000,-9999999.000,0.000,0.000,1.000,0,0,0,12,12,0,0,12,0.0,0.0,0.0,0.0,0.0,1.0,-1
"F[2,2](Fibrinogen <= 0.000 & WBC >= 0.004)
",-4810487944482199.000,-0.004,0.000,0.000,1.000,0,0,0,12,12,0,0,12,0.0,0.0,0.0,0.0,0.0,1.0,-1
"((Lactate >= 0.000) U[1,2] (BUN <= 12.080))
",-9999999.000,-9999999.000,0.000,0.000,1.000,0,0,0,12,12,0,0,12,0.0,0.0,0.0,0.0,0.0,1.0,-1
"G[2,2](((WBC <= 4.350 & Potassium <= 0.976) | Glucose <= 0.398) | PaCO2 >= 0.156)
",4396169777473181.000,0.976,0.000,1.000,0.000,0,0,12,0,0,12,12,0,0.0,0.0,1.0,0.0,0.0,1.0,1
"G[0,2]((Phosphate <= 2.306 & PTT <= 0.000) & Magnesium <= 0.000)
",9999999.000,9999999.000,0.000,1.000,0.000,0,0,11,1,1,11,11,1,0.0,0.0,1.0,0.0,0.0,1.0,1
"G[1,2](((BaseExcess >= 0.000 | Chloride >= 0.000) | WBC >= 0.000) | Bilirubin_direct <= 0.000)
",9999999.000,9999999.000,0.000,1.000,0.000,0,0,12,0,0,12,12,0,0.0,0.0,1.0,0.0,0.0,1.0,1
"F[1,2](((Lactate >= 0.000 & Bilirubin_direct <= 0.000) -> AST <= 0.000) -> Platelets >= 0.000)
",-9999999.000,-9999999.000,0.000,0.000,1.000,0,0,0,12,12,0,0,12,0.0,0.0,0.0,0.0,0.0,1.0,-1
"F[0,1](((Temp <= 21.060 -> Creatinine >= 0.340) -> Glucose <= 1.653) | DBP >= 0.263)
",-9999999.000,-9999999.000,0.000,0.000,1.000,0,0,0,12,12,0,0,12,0.0,0.0,0.0,0.0,0.0,1.0,-1
"G[0,2]((EtCO2 <= 0.000 | BaseExcess <= 0.000) -> BUN <= 0.000)
",9999999.000,9999999.000,0.000,1.000,0.000,0,0,11,1,1,11,11,1,0.0,0.0,1.0,0.0,0.0,1.0,1
"F[0,0](PaCO2 >= 0.000 & Phosphate <= 1.049)
",0.000,0.000,0.000,0.000,1.000,0,0,0,12,12,0,0,12,0.0,0.0,0.0,0.0,0.0,1.0,-1
"F[1,2]((Hgb >= 0.039 -> HR >= 2.578) & MAP >= 34.072)
",-9999999.000,-9999999.000,0.000,0.000,1.000,0,0,0,12,12,0,0,12,0.0,0.0,0.0,0.0,0.0,1.0,-1
"F[2,2](((SBP >= 81.356 -> Fibrinogen <= 0.000) & Glucose >= 0.000) -> TroponinI <= 0.000)
",0.000,0.000,0.000,0.000,1.000,0,0,0,12,12,0,0,12,0.0,0.0,0.0,0.0,0.0,1.0,-1
"F[0,0](((AST <= 0.000 & TroponinI >= 0.000) & SBP >= 0.000) | Phosphate >= 0.000)
",0.000,0.000,0.000,0.000,1.000,0,0,0,12,12,0,0,12,0.0,0.0,0.0,0.0,0.0,1.0,-1
"((Lactate >= 0.000) U[1,2] (Hgb >= 0.065))
",-9999999.000,-9999999.000,0.000,0.000,1.000,0,0,0,12,12,0,0,12,0.0,0.0,0.0,0.0,0.0,1.0,-1
"F[0,0](BaseExcess <= 0.000 | Platelets <= 127.544)
",127.544,127.544,0.000,0.000,1.000,0,0,0,12,12,0,0,12,0.0,0.0,0.0,0.0,0.0,1.0,-1
"F[0,0](((Lactate >= 0.000 -> AST <= 0.000) | SepsisLabel <= 0.000) | SaO2 <= 0.000)
",0.000,0.000,0.000,0.000,1.000,0,0,0,12,12,0,0,12,0.0,0.0,0.0,0.0,0.0,1.0,-1
"F[0,1](((PaCO2 >= 0.000 -> Creatinine <= 4.297) | Alkalinephos <= 7.492) & Hgb <= 1.545)
",-9999999.000,-9999999.000,0.000,0.000,1.000,0,0,0,12,12,0,0,12,0.0,0.0,0.0,0.0,0.0,1.0,-1
"F[0,2](((pH <= 0.000 & pH <= 0.000) -> HR <= 0.000) | Phosphate <= 0.000)
",-9999999.000,-9999999.000,0.000,0.000,1.000,0,0,0,12,12,0,0,12,0.0,0.0,0.0,0.0,0.0,1.0,-1
"F[0,0](((Lactate >= 0.000 -> PaCO2 <= 0.000) | BaseExcess <= 0.000) -> Phosphate <= 0.000)
",0.000,0.000,0.000,0.000,1.000,0,0,0,12,12,0,0,12,0.0,0.0,0.0,0.0,0.0,1.0,-1
"F[0,1]((PaCO2 <= 0.000 | BaseExcess >= 0.000) -> FiO2 >= 0.000)
",-9999999.000,-9999999.000,0.000,0.000,1.000,0,0,0,12,12,0,0,12,0.0,0.0,0.0,0.0,0.0,1.0,-1
"F[1,2](((PTT <= 0.000 | Resp <= 21.139) | PTT >= 14.648) -> Fibrinogen >= 8.735)
",-9999999.000,-9999999.000,0.000,0.000,1.000,0,0,0,12,12,0,0,12,0.0,0.0,0.0,0.0,0.0,1.0,-1
"F[0,1]((Chloride >= 0.000 & Fibrinogen <= 0.000) & DBP >= 0.000)
",-9999999.000,-9999999.000,0.000,0.000,1.000,0,0,0,12,12,0,0,12,0.0,0.0,0.0,0.0,0.0,1.0,-1
"F[0,2](PTT <= 0.000 | FiO2 >= 0.000)
",-9999999.000,-9999999.000,0.000,0.000,1.000,0,0,0,12,12,0,0,12,0.0,0.0,0.0,0.0,0.0,1.0,-1
"F[0,1](((Resp >= 0.176 -> SepsisLabel <= 0.000) & Glucose <= 0.000) & Bilirubin_direct <= 0.000)
",-9999999.000,-9999999.000,0.000,0.000,1.000,0,0,0,12,12,0,0,12,0.0,0.0,0.0,0.0,0.0,1.0,-1
"F[0,0](((WBC >= 0.113 -> BUN >= 1.360) | HR <= 29.737) -> Resp <= 27.705)
",-8176799442220399.000,-0.113,0.000,0.000,1.000,0,0,0,12,12,0,0,12,0.0,0.0,0.0,0.0,0.0,1.0,-1
"F[2,2](((O2Sat <= 93.098 & DBP >= 38.765) | TroponinI >= 63.067) & Temp <= 100.506)
",-38.765,-38.765,0.000,0.000,1.000,0,0,0,12,12,0,0,12,0.0,0.0,0.0,0.0,0.0,1.0,-1
"F[0,0]((Chloride >= 0.000 | FiO2 >= 0.000) & Temp >= 0.000)
",0.000,0.000,0.000,0.000,1.000,0,0,0,12,12,0,0,12,0.0,0.0,0.0,0.0,0.0,1.0,-1
"((pH >= 0.000) U[0,2] (Bilirubin_direct <= 0.000))
",-9999999.000,-9999999.000,0.000,0.000,1.000,0,0,0,12,12,0,0,12,0.0,0.0,0.0,0.0,0.0,1.0,-1
"((DBP <= 99.444) U[2,2] (Hgb >= 0.322))
",6997728271788425.000,99.444,0.000,0.000,1.000,0,0,0,12,12,0,0,12,0.0,0.0,0.0,0.0,0.0,1.0,-1
"F[0,1](Platelets <= 108.618 | Temp >= 4.715)
",-9999999.000,-9999999.000,0.000,0.000,1.000,0,0,0,12,12,0,0,12,0.0,0.0,0.0,0.0,0.0,1.0,-1
"F[0,1](((Resp <= 20.275 | TroponinI >= 0.000) | AST >= 0.000) -> Creatinine >= 0.000)
",-9999999.000,-9999999.000,0.000,0.000,1.000,0,0,0,12,12,0,0,12,0.0,0.0,0.0,0.0,0.0,1.0,-1
"F[0,2](((SepsisLabel >= 0.000 | BaseExcess >= 0.000) & Glucose >= 0.000) & pH >= 0.000)
",-9999999.000,-9999999.000,0.000,0.000,1.000,0,0,0,12,12,0,0,12,0.0,0.0,0.0,0.0,0.0,1.0,-1
"F[0,1]((O2Sat <= 90.298 -> AST >= 0.000) -> DBP >= 0.000)
",-9999999.000,-9999999.000,0.000,0.000,1.000,0,0,0,12,12,0,0,12,0.0,0.0,0.0,0.0,0.0,1.0,-1
"F[0,2]((SBP <= 168.113 & Hgb <= 6.463) | Phosphate <= 3.139)
",-9999999.000,-9999999.000,0.000,0.000,1.000,0,0,0,12,12,0,0,12,0.0,0.0,0.0,0.0,0.0,1.0,-1
"G[1,2](((TroponinI >= 0.000 -> AST >= 0.000) | Magnesium >= 0.000) -> MAP <= 0.000)
",9999999.000,9999999.000,0.000,1.000,0.000,0,0,1,11,11,1,1,11,0.0,0.0,1.0,0.0,0.0,1.0,1
"G[2,2](((Glucose >= 11.708 | Phosphate >= 0.152) -> pH <= 2.438) & Calcium <= 1.380)
",-5489833912186473.000,-2.438,0.000,1.000,0.000,0,0,12,0,0,12,12,0,0.0,0.0,1.0,0.0,0.0,1.0,1
"G[1,2]((pH <= 0.000 -> HCO3 >= 0.000) & Hct >= 0.000)
",9999999.000,9999999.000,0.000,1.000,0.000,0,0,12,0,0,12,12,0,0.0,0.0,1.0,0.0,0.0,1.0,1
"G[1,2](((Platelets <= 89.465 | AST <= 0.000) -> PaCO2 <= 0.000) -> PTT <= 0.000)
",9999999.000,9999999.000,0.000,1.000,0.000,0,0,12,0,0,12,12,0,0.0,0.0,1.0,0.0,0.0,1.0,1
"G[0,2]((BUN <= 15.744 -> O2Sat <= 93.464) | BUN >= 44.123)
",9999999.000,9999999.000,0.000,1.000,0.000,0,0,0,12,12,0,0,12,0.0,0.0,0.0,0.0,0.0,1.0,1
"G[1,2](((Calcium <= 2.228 | O2Sat >= 11.949) & SepsisLabel <= 98.406) & PaCO2 <= 94.315)
",9999999.000,9999999.000,0.000,1.000,0.000,0,0,12,0,0,12,12,0,0.0,0.0,1.0,0.0,0.0,1.0,1
"G[0,2](Magnesium >= 0.039 | O2Sat >= 68.381)
",9999999.000,9999999.000,0.000,1.000,0.000,0,0,10,2,2,10,10,2,0.0,0.0,1.0,0.0,0.0,1.0,1
"G[0,1](((Calcium <= 6.430 & MAP <= 114.546) -> Creatinine <= 98.516) & BUN >= 28.846)
",9999999.000,9999999.000,0.000,1.000,0.000,0,0,0,12,12,0,0,12,0.0,0.0,0.0,0.0,0.0,1.0,1
"G[0,2]((Hct <= 12.124 | MAP <= 110.075) | Alkalinephos >= 30.248)
",9999999.000,9999999.000,0.000,1.000,0.000,0,0,12,0,0,12,12,0,0.0,0.0,1.0,0.0,0.0,1.0,1
"G[1,2](Glucose >= 18.730 | SBP >= 6.753)
",9999999.000,9999999.000,0.000,1.000,0.000,0,0,12,0,0,12,12,0,0.0,0.0,1.0,0.0,0.0,1.0,1
"G[1,2](Platelets <= 120.439 | Resp <= 20.672)
",9999999.000,9999999.000,0.000,1.000,0.000,0,0,12,0,0,12,12,0,0.0,0.0,1.0,0.0,0.0,1.0,1
"G[0,2]((BUN >= 1.232 -> HR <= 78.071) -> pH >= 46.237)
",9999999.000,9999999.000,0.000,1.000,0.000,0,0,0,12,12,0,0,12,0.0,0.0,0.0,0.0,0.0,1.0,1
"G[1,1]((Creatinine >= 0.202 & WBC <= 4.257) & TroponinI <= 3.295)
",-0.202,-0.202,0.000,1.000,0.000,0,0,1,11,11,1,1,11,0.0,0.0,1.0,0.0,0.0,1.0,1
"G[2,2](Hct <= 10.518 & HCO3 <= 0.000)
",0.000,0.000,0.000,1.000,0.000,0,0,12,0,0,12,12,0,0.0,0.0,1.0,0.0,0.0,1.0,1
"G[0,2]((Glucose >= 0.363 & SepsisLabel <= 0.000) | BUN <= 0.000)
",9999999.000,9999999.000,0.000,1.000,0.000,0,0,12,0,0,12,12,0,0.0,0.0,1.0,0.0,0.0,1.0,1
"G[1,2]((SBP <= 163.765 | Calcium >= 0.304) & Fibrinogen <= 6.065)
",9999999.000,9999999.000,0.000,1.000,0.000,0,0,12,0,0,12,12,0,0.0,0.0,1.0,0.0,0.0,1.0,1
"G[0,2]((DBP >= 47.051 & Calcium >= 0.073) & FiO2 >= 0.250)
",9999999.000,9999999.000,0.000,1.000,0.000,0,0,0,12,12,0,0,12,0.0,0.0,0.0,0.0,0.0,1.0,1
"G[0,2](((Bilirubin_direct >= 0.000 -> Phosphate >= 0.156) & FiO2 >= 0.026) | PTT >= 0.107)
",9999999.000,9999999.000,0.000,1.000,0.000,0,0,0,12,12,0,0,12,0.0,0.0,0.0,0.0,0.0,1.0,1
"G[0,0](((HR <= 83.580 -> Calcium <= 7.076) -> Alkalinephos >= 0.256) & Hgb >= 0.332)
",-5978181658099347.000,-0.332,0.000,1.000,0.000,0,0,0,12,12,0,0,12,0.0,0.0,0.0,0.0,0.0,1.0,1
"G[2,2](((Phosphate >= 0.115 -> Hgb <= 0.801) & O2Sat >= 0.065) -> TroponinI >= 0.210)
",7568821895857679.000,0.210,0.000,1.000,0.000,0,0,12,0,0,12,12,0,0.0,0.0,1.0,0.0,0.0,1.0,1
"G[2,2](((SaO2 >= 0.000 | Lactate <= 0.000) & Glucose <= 0.000) & Hct >= 0.000)
",0.000,0.000,0.000,1.000,0.000,0,0,12,0,0,12,12,0,0.0,0.0,1.0,0.0,0.0,1.0,1
"G[1,2](((DBP <= 86.224 | SBP >= 42.199) & AST <= 141.082) & Resp <= 146.921)
",9999999.000,9999999.000,0.000,1.000,0.000,0,0,12,0,0,12,12,0,0.0,0.0,1.0,0.0,0.0,1.0,1
"G[2,2](((Creatinine >= 0.059 & PTT <= 0.000) -> WBC >= 0.000) | pH >= 0.000)
",0.000,0.000,0.000,1.000,0.000,0,0,12,0,0,12,12,0,0.0,0.0,1.0,0.0,0.0,1.0,1
"G[0,2](Magnesium >= 0.050 -> Resp <= 22.831)
",9999999.000,9999999.000,0.000,1.000,0.000,0,0,12,0,0,12,12,0,0.0,0.0,1.0,0.0,0.0,1.0,1
"G[0,0]((Platelets <= 132.448 | MAP >= 16.359) & Lactate >= 49.198)
",-1.878,-42.107,0.000,1.000,0.000,0,0,0,12,12,0,0,12,0.0,0.0,0.0,0.0,0.0,1.0,1
"G[0,2](((Glucose >= 6.439 & Fibrinogen >= 0.000) & Potassium <= 0.000) | Chloride <= 0.000)
",9999999.000,9999999.000,0.000,1.000,0.000,0,0,12,0,0,12,12,0,0.0,0.0,1.0,0.0,0.0,1.0,1
"G[1,2]((Temp <= 27.142 | SBP >= 112.516) -> Bilirubin_total <= 139.947)
",9999999.000,9999999.000,0.000,1.000,0.000,0,0,12,0,0,12,12,0,0.0,0.0,1.0,0.0,0.0,1.0,1
"G[2,2](((Phosphate >= 0.052 | TroponinI >= 0.000) & Creatinine >= 0.000) & Lactate >= 0.000)
",0.000,0.000,0.000,1.000,0.000,0,0,12,0,0,12,12,0,0.0,0.0,1.0,0.0,0.0,1.0,1
"G[0,2]((Magnesium <= 1.575 & Fibrinogen >= 0.000) -> Potassium >= 0.000)
",9999999.000,9999999.000,0.000,1.000,0.000,0,0,12,0,0,12,12,0,0.0,0.0,1.0,0.0,0.0,1.0,1
"G[1,2](((PTT >= 0.000 & Bilirubin_total <= 0.000) -> BUN >= 0.000) -> Magnesium >= 0.000)
",9999999.000,9999999.000,0.000,1.000,0.000,0,0,12,0,0,12,12,0,0.0,0.0,1.0,0.0,0.0,1.0,1
"G[0,1](((Hct >= 0.025 & O2Sat <= 99.588) & Bilirubin_direct <= 90.189) & Bilirubin_direct >= 39.348)
",9999999.000,9999999.000,0.000,1.000,0.000,0,0,0,12,12,0,0,12,0.0,0.0,0.0,0.0,0.0,1.0,1
"G[1,2]((HR <= 85.567 & Phosphate <= 1.823) -> Glucose <= 0.742)
",9999999.000,9999999.000,0.000,1.000,0.000,0,0,11,1,1,11,11,1,0.0,0.0,1.0,0.0,0.0,1.0,1
"G[1,2](AST >= 0.000 & HCO3 >= 0.000)
",9999999.000,9999999.000,0.000,1.000,0.000,0,0,12,0,0,12,12,0,0.0,0.0,1.0,0.0,0.0,1.0,1
"G[2,2]((HR <= 85.955 & Magnesium <= 0.681) & Platelets <= 0.880)
",6133586609662113.000,0.681,0.000,1.000,0.000,0,0,12,0,0,12,12,0,0.0,0.0,1.0,0.0,0.0,1.0,1
"G[0,2](Resp >= 10.647 & Alkalinephos <= 0.000)
",9999999.000,9999999.000,0.000,1.000,0.000,0,0,10,2,2,10,10,2,0.0,0.0,1.0,0.0,0.0,1.0,1
"G[1,2]((HR <= 80.595 | Creatinine >= 0.134) & Calcium >= 0.187)
",9999999.000,9999999.000,0.000,1.000,0.000,0,0,2,10,10,2,2,10,0.0,0.0,1.0,0.0,0.0,1.0,1
"G[0,2]((Creatinine <= 3.486 | Temp >= 7.929) & HCO3 <= 24.738)
",9999999.000,9999999.000,0.000,1.000,0.000,0,0,11,1,1,11,11,1,0.0,0.0,1.0,0.0,0.0,1.0,1
"G[1,2](((WBC <= 2.415 -> Calcium <= 6.879) | Bilirubin_total >= 0.007) | SepsisLabel >= 0.334)
",9999999.000,9999999.000,0.000,1.000,0.000,0,0,12,0,0,12,12,0,0.0,0.0,1.0,0.0,0.0,1.0,1
"G[2,2](Fibrinogen >= 0.000 | TroponinI <= 0.000)
",0.000,0.000,0.000,1.000,0.000,0,0,12,0,0,12,12,0,0.0,0.0,1.0,0.0,0.0,1.0,1
"G[0,2]((PTT <= 0.000 -> Platelets >= 3.548) | Alkalinephos >= 0.442)
",9999999.000,9999999.000,0.000,1.000,0.000,0,0,0,12,12,0,0,12,0.0,0.0,0.0,0.0,0.0,1.0,1
"G[0,0](((HR <= 77.290 -> Magnesium <= 0.503) | Hgb <= 0.711) & HCO3 >= 0.032)
",-4642019504906146.000,-0.032,0.000,1.000,0.000,0,0,0,12,12,0,0,12,0.0,0.0,0.0,0.0,0.0,1.0,1
"G[0,2]((PTT >= 0.000 | Platelets <= 40.012) -> Magnesium <= 100.167)
",9999999.000,9999999.000,0.000,1.000,0.000,0,0,12,0,0,12,12,0,0.0,0.0,1.0,0.0,0.0,1.0,1
"G[1,2](((HCO3 <= 0.000 | DBP >= 33.194) | EtCO2 >= 14.453) | Temp <= 68.882)
",9999999.000,9999999.000,0.000,1.000,0.000,0,0,12,0,0,12,12,0,0.0,0.0,1.0,0.0,0.0,1.0,1
"G[0,2]((Potassium >= 0.121 -> Lactate >= 0.000) & EtCO2 <= 0.000)
",9999999.000,9999999.000,0.000,1.000,0.000,0,0,12,0,0,12,12,0,0.0,0.0,1.0,0.0,0.0,1.0,1
"G[0,2]((DBP >= 40.607 | FiO2 <= 0.000) & Chloride >= 0.000)
",9999999.000,9999999.000,0.000,1.000,0.000,0,0,12,0,0,12,12,0,0.0,0.0,1.0,0.0,0.0,1.0,1
"G[0,2]((EtCO2 <= 0.000 & Resp >= 16.349) & O2Sat <= 25.894)
",9999999.000,9999999.000,0.000,1.000,0.000,0,0,0,12,12,0,0,12,0.0,0.0,0.0,0.0,0.0,1.0,1
"G[2,2](Bilirubin_direct >= 0.000 -> Temp <= 30.226)
",-4253976377766723.000,-30.226,0.000,1.000,0.000,0,0,12,0,0,12,12,0,0.0,0.0,1.0,0.0,0.0,1.0,1
"G[1,2](((BaseExcess <= 0.000 -> BaseExcess >= 0.000) -> MAP >= 0.000) & SaO2 >= 0.000)
",9999999.000,9999999.000,0.000,1.000,0.000,0,0,12,0,0,12,12,0,0.0,0.0,1.0,0.0,0.0,1.0,1
"G[0,0]((Fibrinogen >= 0.000 -> Hgb >= 0.266) & BaseExcess >= 0.304)
",-0.304,-0.304,0.000,1.000,0.000,0,0,0,12,12,0,0,12,0.0,0.0,0.0,0.0,0.0,1.0,1
"G[0,2](((Hct >= 1.037 & O2Sat >= 76.413) -> FiO2 <= 97.490) | Chloride >= 21.546)
",9999999.000,9999999.000,0.000,1.000,0.000,0,0,12,0,0,12,12,0,0.0,0.0,1.0,0.0,0.0,1.0,1
"G[0,2](((AST >= 0.000 | AST >= 0.000) -> Magnesium >= 0.000) -> Potassium >= 0.000)
",9999999.000,9999999.000,0.000,1.000,0.000,0,0,12,0,0,12,12,0,0.0,0.0,1.0,0.0,0.0,1.0,1
"G[0,2]((Chloride <= 0.000 -> Hgb >= 0.291) & Bilirubin_total <= 8.118)
",9999999.000,9999999.000,0.000,1.000,0.000,0,0,0,12,12,0,0,12,0.0,0.0,0.0,0.0,0.0,1.0,1
"G[0,2]((Bilirubin_direct >= 0.000 & BaseExcess >= 0.000) & Bilirubin_total >= 0.000)
",9999999.000,9999999.000,0.000,1.000,0.000,0,0,12,0,0,12,12,0,0.0,0.0,1.0,0.0,0.0,1.0,1
"G[1,1]((Calcium >= 0.335 & Magnesium <= 0.280) & HCO3 >= 0.069)
",-0.335,-0.335,0.000,1.000,0.000,0,0,1,11,11,1,1,11,0.0,0.0,1.0,0.0,0.0,1.0,1
"G[2,2](((SaO2 <= 0.000 & Hgb <= 5.855) | Chloride >= 0.015) -> Hct >= 0.089)
",0.000,0.000,0.000,1.000,0.000,0,0,12,0,0,12,12,0,0.0,0.0,1.0,0.0,0.0,1.0,1
"G[1,2](((FiO2 >= 0.000 -> Glucose <= 87.382) -> Calcium <= 62.925) -> HCO3 >= 17.278)
",9999999.000,9999999.000,0.000,1.000,0.000,0,0,1,11,11,1,1,11,0.0,0.0,1.0,0.0,0.0,1.0,1
"G[1,2](((AST <= 0.000 & WBC <= 2.891) | Bilirubin_direct <= 2.313) -> DBP <= 1.771)
",9999999.000,9999999.000,0.000,1.000,0.000,0,0,1,11,11,1,1,11,0.0,0.0,1.0,0.0,0.0,1.0,1
"G[2,2](((pH <= 0.000 -> PTT <= 0.000) | WBC <= 0.000) & Resp >= 0.000)
",0.000,0.000,0.000,1.000,0.000,0,0,12,0,0,12,12,0,0.0,0.0,1.0,0.0,0.0,1.0,1
"G[0,1](((Calcium >= 0.196 | HR >= 47.803) & BaseExcess >= 49.147) | Hct >= 54.077)
",9999999.000,9999999.000,0.000,1.000,0.000,0,0,0,12,12,0,0,12,0.0,0.0,0.0,0.0,0.0,1.0,1
"F[0,2](((WBC >= 0.138 | HCO3 <= 0.000) | Creatinine >= 0.000) | HCO3 >= 0.000)
",-9999999.000,-9999999.000,0.000,0.000,1.000,0,0,0,12,12,0,0,12,0.0,0.0,0.0,0.0,0.0,1.0,-1
