Rule,Discrimination Score,Pos Robustness,Neg Robustness,Percent Class +,Percent Class -,TP,TN,FP,FN,Actual Yes,Actual No,Predicted Yes,Predicted No,TPR/Sens,TNR/Spec,FPR,Precision,Accuracy,MCR,Class
"G[1,1]((Creatinine >= 0.042 -> Glucose <= 80.994) | EtCO2 <= 69.212)
",69.212,69.212,0.000,1.000,0.000,11,0,0,0,11,0,11,0,1.0,0.0,0.0,1.0,1.0,0.0,1
"G[0,1]((AST <= 18.315 | DBP <= 89.755) & Bilirubin_total <= 83.285)
",9999999.000,9999999.000,0.000,1.000,0.000,11,0,0,0,11,0,11,0,1.0,0.0,0.0,1.0,1.0,0.0,1
"F[0,0]((Chloride <= 0.000 & Hgb >= 0.724) | PaCO2 >= 0.112)
",-3.162,-0.102,0.000,0.000,1.000,11,0,0,0,11,0,11,0,1.0,0.0,0.0,1.0,1.0,0.0,-1
"F[0,1](((Resp <= 28.919 & HR <= 89.245) & O2Sat <= 94.944) & pH >= 70.564)
",-9999999.000,-9999999.000,0.000,0.000,1.000,11,0,0,0,11,0,11,0,1.0,0.0,0.0,1.0,1.0,0.0,-1
"G[0,1](BaseExcess <= 0.000 & SaO2 <= 0.000)
",9999999.000,9999999.000,0.000,1.000,0.000,11,0,0,0,11,0,11,0,1.0,0.0,0.0,1.0,1.0,0.0,1
"G[0,1](Fibrinogen >= 0.000 | Temp <= 15.344)
",9999999.000,9999999.000,0.000,1.000,0.000,11,0,0,0,11,0,11,0,1.0,0.0,0.0,1.0,1.0,0.0,1
"G[1,1]((Temp <= 35.153 & Calcium >= 0.128) | FiO2 <= 3.887)
",8751910490631354.000,3.887,0.000,1.000,0.000,11,0,0,0,11,0,11,0,1.0,0.0,0.0,1.0,1.0,0.0,1
"G[0,1](((Magnesium >= 0.026 -> SBP >= 83.953) -> Temp >= 110.174) | Bilirubin_total <= 202.026)
",9999999.000,9999999.000,0.000,1.000,0.000,11,0,0,0,11,0,11,0,1.0,0.0,0.0,1.0,1.0,0.0,1
"G[1,1](HR >= 52.826 -> O2Sat >= 29.853)
",8402809569958417.000,29.853,0.000,1.000,0.000,11,0,0,0,11,0,11,0,1.0,0.0,0.0,1.0,1.0,0.0,1
"G[0,1](Chloride >= 0.000 & HCO3 >= 0.000)
",9999999.000,9999999.000,0.000,1.000,0.000,11,0,0,0,11,0,11,0,1.0,0.0,0.0,1.0,1.0,0.0,1
"G[0,0]((PTT <= 2.652 & pH <= 0.000) | TroponinI >= 0.000)
",0.000,0.000,0.000,1.000,0.000,11,0,0,0,11,0,11,0,1.0,0.0,0.0,1.0,1.0,0.0,1
"G[0,1]((Chloride <= 0.000 & PaCO2 <= 0.000) & pH >= 0.000)
",9999999.000,9999999.000,0.000,1.000,0.000,11,0,0,0,11,0,11,0,1.0,0.0,0.0,1.0,1.0,0.0,1
"G[0,1](Chloride >= 0.000 & HCO3 >= 0.000)
",9999999.000,9999999.000,0.000,1.000,0.000,11,0,0,0,11,0,11,0,1.0,0.0,0.0,1.0,1.0,0.0,1
"G[0,0](Magnesium <= 0.514 | Temp >= 1.586)
",2.132,76.524,0.000,1.000,0.000,11,0,0,0,11,0,11,0,1.0,0.0,0.0,1.0,1.0,0.0,1
"G[0,1]((pH <= 0.000 & PaCO2 >= 0.000) | Phosphate >= 0.000)
",9999999.000,9999999.000,0.000,1.000,0.000,11,0,0,0,11,0,11,0,1.0,0.0,0.0,1.0,1.0,0.0,1
"G[0,1]((MAP <= 115.871 & HR >= 55.978) -> BaseExcess <= 89.848)
",9999999.000,9999999.000,0.000,1.000,0.000,11,0,0,0,11,0,11,0,1.0,0.0,0.0,1.0,1.0,0.0,1
"G[0,1]((HCO3 >= 0.000 & PaCO2 >= 0.000) -> DBP >= 0.000)
",9999999.000,9999999.000,0.000,1.000,0.000,11,0,0,0,11,0,11,0,1.0,0.0,0.0,1.0,1.0,0.0,1
"F[0,0](((Bilirubin_total <= 0.213 -> PTT >= 0.621) -> Creatinine <= 17.223) -> Calcium >= 0.303)
",5449939766638513.000,0.303,0.000,0.000,1.000,11,0,0,0,11,0,11,0,1.0,0.0,0.0,1.0,1.0,0.0,-1
"F[0,1]((Calcium <= 2.230 & Potassium <= 1.375) & Magnesium >= 0.003)
",-9999999.000,-9999999.000,0.000,0.000,1.000,11,0,0,0,11,0,11,0,1.0,0.0,0.0,1.0,1.0,0.0,-1
"((Phosphate >= 0.306) U[1,2] (Lactate >= 0.000))
",-9999999.000,-9999999.000,0.000,0.000,1.000,11,0,0,0,11,0,11,0,1.0,0.0,0.0,1.0,1.0,0.0,-1
"F[0,1](Phosphate <= 2.733 & Potassium >= 0.041)
",-9999999.000,-9999999.000,0.000,0.000,1.000,11,0,0,0,11,0,11,0,1.0,0.0,0.0,1.0,1.0,0.0,-1
"F[0,0](Calcium >= 0.474 & PaCO2 >= 0.000)
",-8547324613583338.000,-0.474,0.000,0.000,1.000,11,0,0,0,11,0,11,0,1.0,0.0,0.0,1.0,1.0,0.0,-1
"F[0,0]((Calcium <= 3.732 & Potassium <= 0.593) & Magnesium >= 0.030)
",-0.356,-0.274,0.000,0.000,1.000,11,0,0,0,11,0,11,0,1.0,0.0,0.0,1.0,1.0,0.0,-1
"((Creatinine >= 0.027) U[1,1] (O2Sat <= 92.006))
",6474350692384737.000,92.006,0.000,0.000,1.000,11,0,0,0,11,0,11,0,1.0,0.0,0.0,1.0,1.0,0.0,-1
"((Creatinine >= 0.068) U[1,1] (SaO2 <= 0.000))
",0.000,0.000,0.000,0.000,1.000,11,0,0,0,11,0,11,0,1.0,0.0,0.0,1.0,1.0,0.0,-1
"F[0,1](((TroponinI >= 0.328 & O2Sat >= 29.651) & Creatinine <= 95.350) & Magnesium >= 56.331)
",-9999999.000,-9999999.000,0.000,0.000,1.000,11,0,0,0,11,0,11,0,1.0,0.0,0.0,1.0,1.0,0.0,-1
"((BaseExcess <= 0.000) U[0,0] (Alkalinephos >= 0.703))
",0.316,3.391,0.000,0.000,1.000,11,0,0,0,11,0,11,0,1.0,0.0,0.0,1.0,1.0,0.0,-1
"F[0,0]((O2Sat >= 60.961 & TroponinI >= 0.330) & MAP >= 0.225)
",-0.486,-11.354,0.000,0.000,1.000,11,0,0,0,11,0,11,0,1.0,0.0,0.0,1.0,1.0,0.0,-1
"((Calcium >= 0.383) U[1,1] (TroponinI <= 2.442))
",5498902110375229.000,2.442,0.000,0.000,1.000,11,0,0,0,11,0,11,0,1.0,0.0,0.0,1.0,1.0,0.0,-1
"F[1,1]((Calcium <= 1.101 & Potassium <= 3.443) & Magnesium >= 0.057)
",-8198326772950470.000,-0.057,0.000,0.000,1.000,11,0,0,0,11,0,11,0,1.0,0.0,0.0,1.0,1.0,0.0,-1
"F[0,1]((Calcium <= 6.510 & Potassium <= 2.264) & Magnesium >= 0.099)
",-9999999.000,-9999999.000,0.000,0.000,1.000,11,0,0,0,11,0,11,0,1.0,0.0,0.0,1.0,1.0,0.0,-1
"F[1,1](Alkalinephos >= 0.075 & Magnesium <= 0.469)
",-5423900865962830.000,-0.075,0.000,0.000,1.000,11,0,0,0,11,0,11,0,1.0,0.0,0.0,1.0,1.0,0.0,-1
"F[0,0](((O2Sat <= 89.303 & MAP <= 115.344) -> Phosphate >= 53.987) & EtCO2 >= 73.744)
",-4.838,-62.209,0.000,0.000,1.000,11,0,0,0,11,0,11,0,1.0,0.0,0.0,1.0,1.0,0.0,-1
"F[1,1]((Calcium <= 3.113 & Potassium <= 0.706) & Magnesium >= 0.020)
",-5819905812269350.000,-0.020,0.000,0.000,1.000,11,0,0,0,11,0,11,0,1.0,0.0,0.0,1.0,1.0,0.0,-1
"F[0,1]((AST <= 1.415 & Hct <= 22.863) & Hct >= 0.033)
",-9999999.000,-9999999.000,0.000,0.000,1.000,11,0,0,0,11,0,11,0,1.0,0.0,0.0,1.0,1.0,0.0,-1
"F[0,0](((DBP <= 89.965 & Temp <= 34.870) | BaseExcess >= 6.805) & Potassium >= 2.271)
",-3.420,-5.981,0.000,0.000,1.000,11,0,0,0,11,0,11,0,1.0,0.0,0.0,1.0,1.0,0.0,-1
"G[0,1](MAP <= 120.394 | TroponinI <= 2.510)
",9999999.000,9999999.000,0.000,1.000,0.000,11,0,0,0,11,0,11,0,1.0,0.0,0.0,1.0,1.0,0.0,1
"G[0,0](((Magnesium <= 1.386 -> Lactate <= 0.000) | Calcium <= 0.000) -> Magnesium <= 0.000)
",0.000,0.000,0.000,1.000,0.000,11,0,0,0,11,0,11,0,1.0,0.0,0.0,1.0,1.0,0.0,1
"G[1,1](((BUN >= 0.895 -> Resp >= 9.837) | pH <= 30.087) | DBP <= 40.486)
",40.486,40.486,0.000,1.000,0.000,11,0,0,0,11,0,11,0,1.0,0.0,0.0,1.0,1.0,0.0,1
"G[1,1](Alkalinephos <= 22.532 | Bilirubin_total >= 0.014)
",6342140890982433.000,22.532,0.000,1.000,0.000,11,0,0,0,11,0,11,0,1.0,0.0,0.0,1.0,1.0,0.0,1
"G[0,1](((BUN >= 1.863 -> Hgb <= 5.217) & Magnesium <= 4.541) | EtCO2 <= 10.274)
",9999999.000,9999999.000,0.000,1.000,0.000,11,0,0,0,11,0,11,0,1.0,0.0,0.0,1.0,1.0,0.0,1
"G[0,1](AST <= 28.088 -> FiO2 <= 0.000)
",9999999.000,9999999.000,0.000,1.000,0.000,11,0,0,0,11,0,11,0,1.0,0.0,0.0,1.0,1.0,0.0,1
"G[0,1]((Resp >= 9.783 | SBP >= 60.522) -> O2Sat <= 147.292)
",9999999.000,9999999.000,0.000,1.000,0.000,11,0,0,0,11,0,11,0,1.0,0.0,0.0,1.0,1.0,0.0,1
"G[0,1](Phosphate >= 0.137 -> SepsisLabel = 0.000)
",9999999.000,9999999.000,0.000,1.000,0.000,11,0,0,0,11,0,11,0,1.0,0.0,0.0,1.0,1.0,0.0,1
"G[0,1](TroponinI >= 0.141 -> SepsisLabel = 0.000)
",9999999.000,9999999.000,0.000,1.000,0.000,11,0,0,0,11,0,11,0,1.0,0.0,0.0,1.0,1.0,0.0,1
"G[0,0](BaseExcess <= 0.000 -> SepsisLabel = 0.000)
",0.000,0.000,0.000,1.000,0.000,11,0,0,0,11,0,11,0,1.0,0.0,0.0,1.0,1.0,0.0,1
"G[0,0](FiO2 >= 0.000 -> BUN <= 18.970)
",-18.970,-18.970,0.000,1.000,0.000,11,0,0,0,11,0,11,0,1.0,0.0,0.0,1.0,1.0,0.0,1
"G[0,0]((Hct >= 2.798 & TroponinI <= 0.856) -> Phosphate <= 1.205)
",-2.678,-1.078,0.000,1.000,0.000,11,0,0,0,11,0,11,0,1.0,0.0,0.0,1.0,1.0,0.0,1
"G[0,1](Glucose < 42.789 -> SepsisLabel = 0.000)
",9999999.000,9999999.000,0.000,1.000,0.000,11,0,0,0,11,0,11,0,1.0,0.0,0.0,1.0,1.0,0.0,1
"G[0,0](((BUN >= 1.216 & Hgb <= 6.168) | PaCO2 >= 0.887) -> BUN <= 6.070)
",-6.070,-6.070,0.000,1.000,0.000,11,0,0,0,11,0,11,0,1.0,0.0,0.0,1.0,1.0,0.0,1
"G[0,1](((Fibrinogen <= 0.000 & WBC <= 9.628) -> HR >= 0.447) -> MAP >= 0.729)
",9999999.000,9999999.000,0.000,1.000,0.000,11,0,0,0,11,0,11,0,1.0,0.0,0.0,1.0,1.0,0.0,1
"G[0,1](WBC >= 0.332 | FiO2 >= 0.000)
",9999999.000,9999999.000,0.000,1.000,0.000,11,0,0,0,11,0,11,0,1.0,0.0,0.0,1.0,1.0,0.0,1
"G[0,0]((SBP >= 56.049 & Calcium <= 4.170) | Creatinine <= 8.367)
",4710011218531949.000,8.367,0.000,1.000,0.000,11,0,0,0,11,0,11,0,1.0,0.0,0.0,1.0,1.0,0.0,1
"G[0,0](((Calcium <= 1.029 -> pH >= 0.000) -> SaO2 >= 0.000) & Hgb <= 0.000)
",-0.471,-5.882,0.000,1.000,0.000,11,0,0,0,11,0,11,0,1.0,0.0,0.0,1.0,1.0,0.0,1
"G[1,1](((BUN <= 6.403 | Phosphate <= 0.428) | Resp <= 3.513) | Resp >= 0.080)
",6.403,6.403,0.000,1.000,0.000,11,0,0,0,11,0,11,0,1.0,0.0,0.0,1.0,1.0,0.0,1
"G[0,1](Chloride >= 0.000 & HCO3 >= 0.000)
",9999999.000,9999999.000,0.000,1.000,0.000,11,0,0,0,11,0,11,0,1.0,0.0,0.0,1.0,1.0,0.0,1
"G[0,0]((Resp >= 13.848 -> AST <= 25.104) -> Hct <= 9.103)
",-8.229,-8.400,0.000,1.000,0.000,11,0,0,0,11,0,11,0,1.0,0.0,0.0,1.0,1.0,0.0,1
"G[0,1](Bilirubin_direct <= 0.000 -> FiO2 >= 0.000)
",9999999.000,9999999.000,0.000,1.000,0.000,11,0,0,0,11,0,11,0,1.0,0.0,0.0,1.0,1.0,0.0,1
"G[1,1](TroponinI >= 0.335 | EtCO2 >= 0.000)
",0.000,0.000,0.000,1.000,0.000,11,0,0,0,11,0,11,0,1.0,0.0,0.0,1.0,1.0,0.0,1
"G[0,1]((O2Sat >= 82.652 | Bilirubin_direct >= 0.000) | PaCO2 <= 0.000)
",9999999.000,9999999.000,0.000,1.000,0.000,11,0,0,0,11,0,11,0,1.0,0.0,0.0,1.0,1.0,0.0,1
"G[0,0]((O2Sat <= 92.570 & Magnesium >= 0.081) -> MAP <= 0.429)
",-0.060,-0.012,0.000,1.000,0.000,11,0,0,0,11,0,11,0,1.0,0.0,0.0,1.0,1.0,0.0,1
"G[0,0](Bilirubin_total <= 1.013 & WBC <= 3.212)
",0.565,0.650,0.000,1.000,0.000,11,0,0,0,11,0,11,0,1.0,0.0,0.0,1.0,1.0,0.0,1
"G[0,1](Chloride >= 0.000 & HCO3 >= 0.000)
",9999999.000,9999999.000,0.000,1.000,0.000,11,0,0,0,11,0,11,0,1.0,0.0,0.0,1.0,1.0,0.0,1
"G[0,1]((BUN <= 12.209 & HR <= 82.111) -> Hgb <= 78.290)
",9999999.000,9999999.000,0.000,1.000,0.000,11,0,0,0,11,0,11,0,1.0,0.0,0.0,1.0,1.0,0.0,1
"G[0,0]((DBP >= 47.842 -> WBC <= 2.629) & Lactate <= 4.494)
",-1.672,-48.366,0.000,1.000,0.000,11,0,0,0,11,0,11,0,1.0,0.0,0.0,1.0,1.0,0.0,1
"G[0,0](Chloride >= 0.000 & HCO3 >= 0.000)
",0.000,0.000,0.000,1.000,0.000,11,0,0,0,11,0,11,0,1.0,0.0,0.0,1.0,1.0,0.0,1
"G[0,0](Hgb <= 3.363 -> WBC <= 5.778)
",-5.778,-5.778,0.000,1.000,0.000,11,0,0,0,11,0,11,0,1.0,0.0,0.0,1.0,1.0,0.0,1
"G[1,1]((BaseExcess <= 0.000 -> SepsisLabel >= 0.000) & SepsisLabel >= 0.000)
",0.000,0.000,0.000,1.000,0.000,11,0,0,0,11,0,11,0,1.0,0.0,0.0,1.0,1.0,0.0,1
"G[0,0](((Alkalinephos >= 0.129 -> Phosphate <= 3.578) | EtCO2 <= 0.920) | AST >= 0.160)
",0.088,0.037,0.000,1.000,0.000,11,0,0,0,11,0,11,0,1.0,0.0,0.0,1.0,1.0,0.0,1
"G[0,1](((Hct >= 1.478 | Hgb >= 0.261) -> Alkalinephos <= 10.566) | BaseExcess <= 1.739)
",9999999.000,9999999.000,0.000,1.000,0.000,11,0,0,0,11,0,11,0,1.0,0.0,0.0,1.0,1.0,0.0,1
"G[0,1]((Bilirubin_total >= 0.031 -> Calcium <= 3.915) | Hgb <= 1.524)
",9999999.000,9999999.000,0.000,1.000,0.000,11,0,0,0,11,0,11,0,1.0,0.0,0.0,1.0,1.0,0.0,1
"G[0,1](((Resp >= 6.731 | O2Sat >= 73.018) & HR >= 27.779) | SepsisLabel <= 94.204)
",9999999.000,9999999.000,0.000,1.000,0.000,11,0,0,0,11,0,11,0,1.0,0.0,0.0,1.0,1.0,0.0,1
"((Bilirubin_total <= 1.032) U[0,0] (Magnesium >= 0.090))
",2.884,0.930,0.000,0.000,1.000,11,0,0,0,11,0,11,0,1.0,0.0,0.0,1.0,1.0,0.0,-1
"((AST >= 0.424) U[1,2] (Hgb <= 10.547))
",-9999999.000,-9999999.000,0.000,0.000,1.000,10,0,0,1,11,0,10,1,0.9090909090909091,0.0,0.0,1.0,0.9090909090909091,0.09090909090909094,-1
"F[0,0](Resp >= 15.452 & Glucose >= 9.928)
",-5.131,-10.933,0.000,0.000,1.000,10,0,0,1,11,0,10,1,0.9090909090909091,0.0,0.0,1.0,0.9090909090909091,0.09090909090909094,-1
"F[1,1]((TroponinI <= 2.026 & WBC <= 6.938) & Alkalinephos >= 0.525)
",-0.525,-0.525,0.000,0.000,1.000,10,0,0,1,11,0,10,1,0.9090909090909091,0.0,0.0,1.0,0.9090909090909091,0.09090909090909094,-1
"((Bilirubin_total >= 0.008) U[1,2] (MAP >= 20.545))
",-9999999.000,-9999999.000,0.000,0.000,1.000,10,0,0,1,11,0,10,1,0.9090909090909091,0.0,0.0,1.0,0.9090909090909091,0.09090909090909094,-1
"F[0,0]((Phosphate <= 2.581 | TroponinI >= 0.107) & MAP <= 2.455)
",-2.027,-126.454,0.000,0.000,1.000,10,0,0,1,11,0,10,1,0.9090909090909091,0.0,0.0,1.0,0.9090909090909091,0.09090909090909094,-1
"G[0,1](Temp >= 0.550 -> Resp >= 16.055)
",9999999.000,9999999.000,0.000,1.000,0.000,10,0,0,1,11,0,10,1,0.9090909090909091,0.0,0.0,1.0,0.9090909090909091,0.09090909090909094,1
"G[0,1]((Hct <= 22.280 & SepsisLabel <= 0.000) -> Potassium <= 0.000)
",9999999.000,9999999.000,0.000,1.000,0.000,10,0,0,1,11,0,10,1,0.9090909090909091,0.0,0.0,1.0,0.9090909090909091,0.09090909090909094,1
"G[0,1]((AST <= 5.565 | PTT <= 17.533) | FiO2 >= 0.063)
",9999999.000,9999999.000,0.000,1.000,0.000,10,0,0,1,11,0,10,1,0.9090909090909091,0.0,0.0,1.0,0.9090909090909091,0.09090909090909094,1
"G[0,1](((Hgb <= 10.074 -> Phosphate <= 0.556) & AST <= 2.753) -> Potassium <= 1.100)
",9999999.000,9999999.000,0.000,1.000,0.000,10,0,0,1,11,0,10,1,0.9090909090909091,0.0,0.0,1.0,0.9090909090909091,0.09090909090909094,1
"G[0,1](BUN <= 14.789 | Platelets >= 4.951)
",9999999.000,9999999.000,0.000,1.000,0.000,10,0,0,1,11,0,10,1,0.9090909090909091,0.0,0.0,1.0,0.9090909090909091,0.09090909090909094,1
"G[0,0](HR > 40.839 & SepsisLabel = 0.000)
",-0.470,-34.182,0.000,1.000,0.000,10,0,0,1,11,0,10,1,0.9090909090909091,0.0,0.0,1.0,0.9090909090909091,0.09090909090909094,1
"G[1,1](Resp <= 45.004 & Temp <= 20.691)
",5823965146267198.000,20.691,0.000,1.000,0.000,10,0,0,1,11,0,10,1,0.9090909090909091,0.0,0.0,1.0,0.9090909090909091,0.09090909090909094,1
"G[0,1]((Bilirubin_direct <= 0.000 & Resp <= 58.334) & FiO2 <= 44.274)
",9999999.000,9999999.000,0.000,1.000,0.000,10,0,0,1,11,0,10,1,0.9090909090909091,0.0,0.0,1.0,0.9090909090909091,0.09090909090909094,1
"G[0,1]((Calcium <= 8.223 | Hgb <= 4.452) | BUN <= 1.652)
",9999999.000,9999999.000,0.000,1.000,0.000,10,0,0,1,11,0,10,1,0.9090909090909091,0.0,0.0,1.0,0.9090909090909091,0.09090909090909094,1
"G[0,1](Alkalinephos <= 28.080 -> Creatinine <= 0.254)
",9999999.000,9999999.000,0.000,1.000,0.000,10,0,0,1,11,0,10,1,0.9090909090909091,0.0,0.0,1.0,0.9090909090909091,0.09090909090909094,1
"G[0,1](((Alkalinephos <= 15.995 & PTT <= 27.860) & Potassium <= 18.693) -> Resp >= 1.062)
",9999999.000,9999999.000,0.000,1.000,0.000,9,0,0,2,11,0,9,2,0.8181818181818182,0.0,0.0,1.0,0.8181818181818182,0.18181818181818177,1
"G[0,1]((MAP >= 4.067 -> PTT <= 29.301) -> Hgb <= 4.410)
",9999999.000,9999999.000,0.000,1.000,0.000,9,0,0,2,11,0,9,2,0.8181818181818182,0.0,0.0,1.0,0.8181818181818182,0.18181818181818177,1
"F[1,1](WBC >= 0.681 & Fibrinogen <= 0.000)
",-6131303358029137.000,-0.681,0.000,0.000,1.000,9,0,0,2,11,0,9,2,0.8181818181818182,0.0,0.0,1.0,0.8181818181818182,0.18181818181818177,-1
"((Alkalinephos >= 1.454) U[0,1] (WBC >= 0.361))
",-9999999.000,-9999999.000,0.000,0.000,1.000,9,0,0,2,11,0,9,2,0.8181818181818182,0.0,0.0,1.0,0.8181818181818182,0.18181818181818177,-1
"((Bilirubin_total >= 0.038) U[1,2] (MAP <= 115.635))
",-9999999.000,-9999999.000,0.000,0.000,1.000,9,0,0,2,11,0,9,2,0.8181818181818182,0.0,0.0,1.0,0.8181818181818182,0.18181818181818177,-1
"((PaCO2 >= 0.000) U[0,1] (Magnesium >= 0.107))
",-9999999.000,-9999999.000,0.000,0.000,1.000,9,0,0,2,11,0,9,2,0.8181818181818182,0.0,0.0,1.0,0.8181818181818182,0.18181818181818177,-1
"((Hgb >= 0.061) U[1,2] (Potassium <= 3.817))
",-9999999.000,-9999999.000,0.000,0.000,1.000,9,0,0,2,11,0,9,2,0.8181818181818182,0.0,0.0,1.0,0.8181818181818182,0.18181818181818177,-1
"F[0,1]((Potassium >= 0.217 & HCO3 >= 0.000) & Fibrinogen >= 0.000)
",-9999999.000,-9999999.000,0.000,0.000,1.000,9,0,0,2,11,0,9,2,0.8181818181818182,0.0,0.0,1.0,0.8181818181818182,0.18181818181818177,-1
"((Hgb >= 0.425) U[1,2] (Magnesium <= 1.203))
",-9999999.000,-9999999.000,0.000,0.000,1.000,9,0,0,2,11,0,9,2,0.8181818181818182,0.0,0.0,1.0,0.8181818181818182,0.18181818181818177,-1
"((Magnesium >= 0.104) U[0,1] (WBC >= 0.133))
",-9999999.000,-9999999.000,0.000,0.000,1.000,9,0,0,2,11,0,9,2,0.8181818181818182,0.0,0.0,1.0,0.8181818181818182,0.18181818181818177,-1
"F[0,1](WBC >= 0.567 & SepsisLabel = 0.000)
",-9999999.000,-9999999.000,0.000,0.000,1.000,9,0,0,2,11,0,9,2,0.8181818181818182,0.0,0.0,1.0,0.8181818181818182,0.18181818181818177,-1
"F[0,1](Glucose >= 4.883 & SBP <= 181.680)
",-9999999.000,-9999999.000,0.000,0.000,1.000,9,0,0,2,11,0,9,2,0.8181818181818182,0.0,0.0,1.0,0.8181818181818182,0.18181818181818177,-1
"((SaO2 <= 0.000) U[0,1] (Magnesium >= 0.122))
",-9999999.000,-9999999.000,0.000,0.000,1.000,9,0,0,2,11,0,9,2,0.8181818181818182,0.0,0.0,1.0,0.8181818181818182,0.18181818181818177,-1
"F[0,1]((pH >= 0.000 -> O2Sat <= 87.596) | PaCO2 >= 25.360)
",-9999999.000,-9999999.000,0.000,0.000,1.000,9,0,0,2,11,0,9,2,0.8181818181818182,0.0,0.0,1.0,0.8181818181818182,0.18181818181818177,-1
"F[1,1]((Bilirubin_total <= 1.052 | TroponinI <= 1.945) -> Magnesium >= 0.234)
",-1.945,-1.945,0.000,0.000,1.000,9,0,0,2,11,0,9,2,0.8181818181818182,0.0,0.0,1.0,0.8181818181818182,0.18181818181818177,-1
"F[1,1](EtCO2 >= 0.000 & Platelets >= 1.000)
",-4505392024173139.000,-1.000,0.000,0.000,1.000,9,0,0,2,11,0,9,2,0.8181818181818182,0.0,0.0,1.0,0.8181818181818182,0.18181818181818177,-1
"G[0,1](Creatinine < 0.732 & SepsisLabel = 0.000)
",9999999.000,9999999.000,0.000,1.000,0.000,9,0,0,2,11,0,9,2,0.8181818181818182,0.0,0.0,1.0,0.8181818181818182,0.18181818181818177,1
"G[0,1]((DBP <= 88.640 & pH >= 0.000) & FiO2 <= 0.000)
",9999999.000,9999999.000,0.000,1.000,0.000,9,0,0,2,11,0,9,2,0.8181818181818182,0.0,0.0,1.0,0.8181818181818182,0.18181818181818177,1
"G[0,1](((WBC <= 7.364 | Bilirubin_total <= 0.611) -> WBC <= 0.502) | Bilirubin_total >= 0.010)
",9999999.000,9999999.000,0.000,1.000,0.000,9,0,0,2,11,0,9,2,0.8181818181818182,0.0,0.0,1.0,0.8181818181818182,0.18181818181818177,1
"G[0,1]((Fibrinogen <= 0.000 | Bilirubin_total <= 0.641) & WBC <= 0.464)
",9999999.000,9999999.000,0.000,1.000,0.000,9,0,0,2,11,0,9,2,0.8181818181818182,0.0,0.0,1.0,0.8181818181818182,0.18181818181818177,1
"G[0,1](PTT <= 28.401 -> SBP >= 113.176)
",9999999.000,9999999.000,0.000,1.000,0.000,9,0,0,2,11,0,9,2,0.8181818181818182,0.0,0.0,1.0,0.8181818181818182,0.18181818181818177,1
"G[0,1](((SBP >= 15.195 | Temp <= 29.615) | BUN <= 30.988) -> SBP >= 0.558)
",9999999.000,9999999.000,0.000,1.000,0.000,9,0,0,2,11,0,9,2,0.8181818181818182,0.0,0.0,1.0,0.8181818181818182,0.18181818181818177,1
"G[0,1](Creatinine <= 0.492 & SaO2 >= 0.000)
",9999999.000,9999999.000,0.000,1.000,0.000,9,0,0,2,11,0,9,2,0.8181818181818182,0.0,0.0,1.0,0.8181818181818182,0.18181818181818177,1
"G[0,1](TroponinI >= 0.013 -> Hct <= 23.046)
",9999999.000,9999999.000,0.000,1.000,0.000,9,0,0,2,11,0,9,2,0.8181818181818182,0.0,0.0,1.0,0.8181818181818182,0.18181818181818177,1
"G[0,1](((Glucose >= 5.271 | Potassium >= 0.361) | Calcium >= 0.105) | DBP >= 0.049)
",9999999.000,9999999.000,0.000,1.000,0.000,9,0,0,2,11,0,9,2,0.8181818181818182,0.0,0.0,1.0,0.8181818181818182,0.18181818181818177,1
"((AST >= 0.821) U[0,1] (Calcium >= 0.808))
",-9999999.000,-9999999.000,0.000,0.000,1.000,9,0,0,2,11,0,9,2,0.8181818181818182,0.0,0.0,1.0,0.8181818181818182,0.18181818181818177,-1
"((TroponinI >= 0.247) U[1,2] (SBP <= 160.441))
",-9999999.000,-9999999.000,0.000,0.000,1.000,8,0,0,3,11,0,8,3,0.7272727272727273,0.0,0.0,1.0,0.7272727272727273,0.2727272727272727,-1
"F[0,1](((EtCO2 >= 0.000 | HR <= 84.213) | BaseExcess >= 7.327) & Glucose >= 47.450)
",-9999999.000,-9999999.000,0.000,0.000,1.000,8,0,0,3,11,0,8,3,0.7272727272727273,0.0,0.0,1.0,0.7272727272727273,0.2727272727272727,-1
"F[0,1]((Resp <= 53.811 & WBC >= 0.315) | Creatinine >= 0.637)
",-9999999.000,-9999999.000,0.000,0.000,1.000,8,0,0,3,11,0,8,3,0.7272727272727273,0.0,0.0,1.0,0.7272727272727273,0.2727272727272727,-1
"F[1,1]((Platelets >= 3.123 & SepsisLabel <= 0.000) | DBP <= 0.000)
",0.000,0.000,0.000,0.000,1.000,8,0,0,3,11,0,8,3,0.7272727272727273,0.0,0.0,1.0,0.7272727272727273,0.2727272727272727,-1
"F[0,1]((DBP <= 97.886 & Magnesium >= 0.025) | O2Sat <= 0.243)
",-9999999.000,-9999999.000,0.000,0.000,1.000,8,0,0,3,11,0,8,3,0.7272727272727273,0.0,0.0,1.0,0.7272727272727273,0.2727272727272727,-1
"F[0,1](Hct <= 17.604 -> Phosphate >= 0.079)
",-9999999.000,-9999999.000,0.000,0.000,1.000,8,0,0,3,11,0,8,3,0.7272727272727273,0.0,0.0,1.0,0.7272727272727273,0.2727272727272727,-1
"G[1,1]((Magnesium >= 0.088 | Temp >= 1.648) -> EtCO2 >= 7.111)
",6340466932157305.000,0.088,0.000,1.000,0.000,8,0,0,3,11,0,8,3,0.7272727272727273,0.0,0.0,1.0,0.7272727272727273,0.2727272727272727,1
"G[0,1](((SepsisLabel <= 0.000 -> Glucose >= 5.507) -> TroponinI >= 3.601) | Bilirubin_direct >= 10.257)
",9999999.000,9999999.000,0.000,1.000,0.000,8,0,0,3,11,0,8,3,0.7272727272727273,0.0,0.0,1.0,0.7272727272727273,0.2727272727272727,1
"G[0,1](FiO2 <= 0.000 -> Glucose <= 44.602)
",9999999.000,9999999.000,0.000,1.000,0.000,8,0,0,3,11,0,8,3,0.7272727272727273,0.0,0.0,1.0,0.7272727272727273,0.2727272727272727,1
"F[1,1](AST >= 1.325 | WBC >= 0.148)
",-5349858648562919.000,-0.148,0.000,0.000,1.000,8,0,0,3,11,0,8,3,0.7272727272727273,0.0,0.0,1.0,0.7272727272727273,0.2727272727272727,-1
"G[0,1](((HR <= 88.183 -> Platelets >= 9.640) & Phosphate <= 101.547) -> Calcium >= 15.021)
",9999999.000,9999999.000,0.000,1.000,0.000,6,0,0,5,11,0,6,5,0.5454545454545454,0.0,0.0,1.0,0.5454545454545454,0.4545454545454546,1
"G[0,1](Creatinine >= 0.094 | Temp <= 13.946)
",9999999.000,9999999.000,0.000,1.000,0.000,6,0,0,5,11,0,6,5,0.5454545454545454,0.0,0.0,1.0,0.5454545454545454,0.4545454545454546,1
"G[0,1]((DBP <= 72.245 & Fibrinogen >= 0.000) & Bilirubin_total <= 0.000)
",9999999.000,9999999.000,0.000,1.000,0.000,6,0,0,5,11,0,6,5,0.5454545454545454,0.0,0.0,1.0,0.5454545454545454,0.4545454545454546,1
"F[0,1](Glucose <= 66.316 -> TroponinI >= 0.095)
",-9999999.000,-9999999.000,0.000,0.000,1.000,6,0,0,5,11,0,6,5,0.5454545454545454,0.0,0.0,1.0,0.5454545454545454,0.4545454545454546,-1
"G[0,1](PaCO2 >= 0.000 & Temp <= 18.660)
",9999999.000,9999999.000,0.000,1.000,0.000,6,0,0,5,11,0,6,5,0.5454545454545454,0.0,0.0,1.0,0.5454545454545454,0.4545454545454546,1
"((AST <= 10.509) U[0,1] (O2Sat <= 92.207))
",-9999999.000,-9999999.000,0.000,0.000,1.000,6,0,0,5,11,0,6,5,0.5454545454545454,0.0,0.0,1.0,0.5454545454545454,0.4545454545454546,-1
"((Glucose <= 39.365) U[1,1] (O2Sat <= 95.003))
",6685209926014554.000,95.003,0.000,0.000,1.000,5,0,0,6,11,0,5,6,0.45454545454545453,0.0,0.0,1.0,0.45454545454545453,0.5454545454545454,-1
"F[1,1]((SBP >= 9.833 | Calcium >= 0.610) -> TroponinI >= 0.300)
",5404720916994409.000,0.300,0.000,0.000,1.000,5,0,0,6,11,0,5,6,0.45454545454545453,0.0,0.0,1.0,0.45454545454545453,0.5454545454545454,-1
"((MAP >= 27.894) U[1,1] (SBP <= 157.192))
",157.192,157.192,0.000,0.000,1.000,5,0,0,6,11,0,5,6,0.45454545454545453,0.0,0.0,1.0,0.45454545454545453,0.5454545454545454,-1
"G[0,0](Temp >= 1.625 & SepsisLabel = 0.000)
",-0.475,-34.477,0.000,1.000,0.000,5,0,0,6,11,0,5,6,0.45454545454545453,0.0,0.0,1.0,0.45454545454545453,0.5454545454545454,1
"((Resp >= 17.984) U[1,2] (HCO3 <= 0.000))
",-9999999.000,-9999999.000,0.000,0.000,1.000,4,0,0,7,11,0,4,7,0.36363636363636365,0.0,0.0,1.0,0.36363636363636365,0.6363636363636364,-1
"((MAP >= 50.274) U[1,1] (SBP <= 181.456))
",6384430667858343.000,181.456,0.000,0.000,1.000,3,0,0,8,11,0,3,8,0.2727272727272727,0.0,0.0,1.0,0.2727272727272727,0.7272727272727273,-1
"((SBP <= 182.730) U[1,1] (TroponinI <= 1.821))
",182.730,182.730,0.000,0.000,1.000,3,0,0,8,11,0,3,8,0.2727272727272727,0.0,0.0,1.0,0.2727272727272727,0.7272727272727273,-1
"((MAP >= 42.218) U[0,1] (SBP <= 151.887))
",-9999999.000,-9999999.000,0.000,0.000,1.000,3,0,0,8,11,0,3,8,0.2727272727272727,0.0,0.0,1.0,0.2727272727272727,0.7272727272727273,-1
"G[0,1](O2Sat <= 95.378 & Temp <= 31.327)
",9999999.000,9999999.000,0.000,1.000,0.000,3,0,0,8,11,0,3,8,0.2727272727272727,0.0,0.0,1.0,0.2727272727272727,0.7272727272727273,1
"G[1,1]((HR >= 63.308 -> Magnesium <= 0.339) -> HCO3 >= 0.060)
",0.060,0.060,0.000,1.000,0.000,2,0,0,9,11,0,2,9,0.18181818181818182,0.0,0.0,1.0,0.18181818181818182,0.8181818181818181,1
"G[1,1](((Alkalinephos >= 0.214 -> Creatinine >= 0.009) | Hgb >= 0.021) & Creatinine >= 0.011)
",-6463085690335807.000,-0.011,0.000,1.000,0.000,2,0,0,9,11,0,2,9,0.18181818181818182,0.0,0.0,1.0,0.18181818181818182,0.8181818181818181,1
"G[1,1](BUN >= 0.467 & EtCO2 <= 0.000)
",-0.467,-0.467,0.000,1.000,0.000,2,0,0,9,11,0,2,9,0.18181818181818182,0.0,0.0,1.0,0.18181818181818182,0.8181818181818181,1
"G[1,1](((EtCO2 >= 0.000 & PTT >= 0.412) | Hgb <= 15.691) & Hct >= 1.238)
",-1.238,-1.238,0.000,1.000,0.000,2,0,0,9,11,0,2,9,0.18181818181818182,0.0,0.0,1.0,0.18181818181818182,0.8181818181818181,1
"G[1,1]((MAP >= 65.653 & Resp <= 36.590) -> HCO3 >= 15.940)
",8973431380584831.000,15.940,0.000,1.000,0.000,2,0,0,9,11,0,2,9,0.18181818181818182,0.0,0.0,1.0,0.18181818181818182,0.8181818181818181,1
"G[1,1]((SaO2 >= 0.000 -> BUN >= 1.145) & Phosphate <= 24.806)
",0.000,0.000,0.000,1.000,0.000,2,0,0,9,11,0,2,9,0.18181818181818182,0.0,0.0,1.0,0.18181818181818182,0.8181818181818181,1
"G[1,1]((Magnesium <= 1.035 | Calcium >= 0.308) & WBC >= 0.734)
",-6614594440875962.000,-0.734,0.000,1.000,0.000,2,0,0,9,11,0,2,9,0.18181818181818182,0.0,0.0,1.0,0.18181818181818182,0.8181818181818181,1
"G[1,1](Platelets <= 111.461 -> WBC >= 0.090)
",-7843367667511798.000,-111.461,0.000,1.000,0.000,2,0,0,9,11,0,2,9,0.18181818181818182,0.0,0.0,1.0,0.18181818181818182,0.8181818181818181,1
"G[1,1](Platelets <= 121.338 -> WBC >= 0.127)
",-8538411021187935.000,-121.338,0.000,1.000,0.000,2,0,0,9,11,0,2,9,0.18181818181818182,0.0,0.0,1.0,0.18181818181818182,0.8181818181818181,1
"F[1,1]((Phosphate >= 0.092 & Magnesium > 0.076) -> Calcium < 4.612)
",-4.612,-4.612,0.000,0.000,1.000,2,0,0,9,11,0,2,9,0.18181818181818182,0.0,0.0,1.0,0.18181818181818182,0.8181818181818181,-1
"((SBP >= 14.649) U[1,1] (Potassium <= 3.418))
",7696813899503878.000,3.418,0.000,0.000,1.000,2,0,0,9,11,0,2,9,0.18181818181818182,0.0,0.0,1.0,0.18181818181818182,0.8181818181818181,-1
"F[0,1](((Chloride <= 0.000 | WBC >= 0.529) -> O2Sat >= 0.295) & Temp <= 9.267)
",-9999999.000,-9999999.000,0.000,0.000,1.000,2,0,0,9,11,0,2,9,0.18181818181818182,0.0,0.0,1.0,0.18181818181818182,0.8181818181818181,-1
"F[0,0]((MAP >= 57.876 & SaO2 <= 0.000) & BaseExcess <= 0.000)
",-0.471,-10.523,0.000,0.000,1.000,1,0,0,10,11,0,1,10,0.09090909090909091,0.0,0.0,1.0,0.09090909090909091,0.9090909090909091,-1
"F[0,1]((Phosphate <= 1.863 | Bilirubin_total <= 0.478) & MAP >= 0.045)
",-9999999.000,-9999999.000,0.000,0.000,1.000,1,0,0,10,11,0,1,10,0.09090909090909091,0.0,0.0,1.0,0.09090909090909091,0.9090909090909091,-1
"F[0,0](((MAP >= 3.064 & DBP >= 7.259) | BUN <= 68.284) -> Glucose <= 69.697)
",-6.862,-88.733,0.000,0.000,1.000,1,0,0,10,11,0,1,10,0.09090909090909091,0.0,0.0,1.0,0.09090909090909091,0.9090909090909091,-1
"F[1,1](DBP <= 103.741 -> Resp <= 52.841)
",-7300134252411039.000,-103.741,0.000,0.000,1.000,1,0,0,10,11,0,1,10,0.09090909090909091,0.0,0.0,1.0,0.09090909090909091,0.9090909090909091,-1
"F[0,1](Calcium <= 4.317 & HR >= 10.821)
",-9999999.000,-9999999.000,0.000,0.000,1.000,1,0,0,10,11,0,1,10,0.09090909090909091,0.0,0.0,1.0,0.09090909090909091,0.9090909090909091,-1
"((O2Sat > 82.832) U[1,1] (SepsisLabel = 0.000))
",0.000,0.000,0.000,0.000,1.000,1,0,0,10,11,0,1,10,0.09090909090909091,0.0,0.0,1.0,0.09090909090909091,0.9090909090909091,-1
"((Calcium >= 0.668) U[0,1] (O2Sat <= 96.198))
",-9999999.000,-9999999.000,0.000,0.000,1.000,1,0,0,10,11,0,1,10,0.09090909090909091,0.0,0.0,1.0,0.09090909090909091,0.9090909090909091,-1
"F[0,0]((Hgb <= 1.730 -> MAP >= 59.992) | Platelets >= 22.687)
",-2.335,-18.877,0.000,0.000,1.000,1,0,0,10,11,0,1,10,0.09090909090909091,0.0,0.0,1.0,0.09090909090909091,0.9090909090909091,-1
"((AST <= 26.581) U[1,1] (MAP >= 5.752))
",26.581,26.581,0.000,0.000,1.000,1,0,0,10,11,0,1,10,0.09090909090909091,0.0,0.0,1.0,0.09090909090909091,0.9090909090909091,-1
"((HR >= 60.693) U[0,1] (Temp <= 25.131))
",-9999999.000,-9999999.000,0.000,0.000,1.000,1,0,0,10,11,0,1,10,0.09090909090909091,0.0,0.0,1.0,0.09090909090909091,0.9090909090909091,-1
"((MAP >= 0.292) U[1,2] (SBP <= 170.693))
",-9999999.000,-9999999.000,0.000,0.000,1.000,1,0,0,10,11,0,1,10,0.09090909090909091,0.0,0.0,1.0,0.09090909090909091,0.9090909090909091,-1
"F[0,1]((Creatinine >= 0.091 -> Hgb >= 0.401) & O2Sat >= 0.364)
",-9999999.000,-9999999.000,0.000,0.000,1.000,1,0,0,10,11,0,1,10,0.09090909090909091,0.0,0.0,1.0,0.09090909090909091,0.9090909090909091,-1
"F[0,0]((HR >= 9.809 & WBC <= 2.030) & Platelets <= 6.679)
",2.030,2.030,0.000,0.000,1.000,1,0,0,10,11,0,1,10,0.09090909090909091,0.0,0.0,1.0,0.09090909090909091,0.9090909090909091,-1
"F[1,1](Magnesium <= 1.393 | O2Sat <= 95.892)
",6747774258560109.000,95.892,0.000,0.000,1.000,1,0,0,10,11,0,1,10,0.09090909090909091,0.0,0.0,1.0,0.09090909090909091,0.9090909090909091,-1
"F[1,1]((Calcium <= 8.320 | PTT <= 5.375) | Hct >= 1.006)
",4683497848414282.000,8.320,0.000,0.000,1.000,1,0,0,10,11,0,1,10,0.09090909090909091,0.0,0.0,1.0,0.09090909090909091,0.9090909090909091,-1
"F[0,0](((DBP >= 31.548 -> Hgb >= 0.039) -> Potassium >= 0.330) & Platelets <= 1.796)
",-0.039,-0.037,0.000,0.000,1.000,1,0,0,10,11,0,1,10,0.09090909090909091,0.0,0.0,1.0,0.09090909090909091,0.9090909090909091,-1
"G[1,1](((Creatinine <= 0.879 -> Resp >= 12.971) -> Alkalinephos >= 12.511) & Alkalinephos >= 11.574)
",-6515803686989567.000,-11.574,0.000,1.000,0.000,1,0,0,10,11,0,1,10,0.09090909090909091,0.0,0.0,1.0,0.09090909090909091,0.9090909090909091,1
"G[1,1]((AST <= 8.595 & Calcium >= 0.242) | Fibrinogen >= 0.734)
",-0.242,-0.242,0.000,1.000,0.000,1,0,0,10,11,0,1,10,0.09090909090909091,0.0,0.0,1.0,0.09090909090909091,0.9090909090909091,1
"G[0,0](DBP >= 45.871 & Glucose >= 12.587)
",-1.452,-18.638,0.000,1.000,0.000,1,0,0,10,11,0,1,10,0.09090909090909091,0.0,0.0,1.0,0.09090909090909091,0.9090909090909091,1
"G[1,1]((AST <= 2.805 & BUN >= 0.996) & Glucose >= 0.997)
",-4490358756072557.000,-0.997,0.000,1.000,0.000,1,0,0,10,11,0,1,10,0.09090909090909091,0.0,0.0,1.0,0.09090909090909091,0.9090909090909091,1
"G[1,1](((AST <= 21.047 | Platelets >= 5.135) & HR <= 19.286) & Resp <= 35.795)
",5428559058990366.000,19.286,0.000,1.000,0.000,1,0,0,10,11,0,1,10,0.09090909090909091,0.0,0.0,1.0,0.09090909090909091,0.9090909090909091,1
"G[1,2](EtCO2 <= 0.000 & HR >= 69.570)
",9999999.000,9999999.000,0.000,1.000,0.000,0,0,10,1,1,10,10,1,0.0,0.0,1.0,0.0,0.0,1.0,1
"F[1,2]((Chloride >= 0.000 -> Potassium <= 3.537) & TroponinI <= 3.843)
",-9999999.000,-9999999.000,0.000,0.000,1.000,0,0,0,11,11,0,0,11,0.0,0.0,0.0,0.0,0.0,1.0,-1
"F[0,2](((AST <= 10.317 -> MAP <= 117.564) -> Hct >= 52.856) | Bilirubin_direct >= 38.969)
",-9999999.000,-9999999.000,0.000,0.000,1.000,0,0,0,11,11,0,0,11,0.0,0.0,0.0,0.0,0.0,1.0,-1
"F[1,1](((Calcium <= 3.612 -> PaCO2 >= 0.000) | Creatinine >= 0.000) -> PTT >= 0.000)
",0.000,0.000,0.000,0.000,1.000,0,0,0,11,11,0,0,11,0.0,0.0,0.0,0.0,0.0,1.0,-1
"F[2,2](Glucose <= 105.263 & O2Sat <= 90.004)
",90.004,90.004,0.000,0.000,1.000,0,0,0,11,11,0,0,11,0.0,0.0,0.0,0.0,0.0,1.0,-1
"F[0,2](((Temp <= 21.498 & Chloride >= 0.000) -> Temp >= 0.000) & Hct >= 0.000)
",-9999999.000,-9999999.000,0.000,0.000,1.000,0,0,0,11,11,0,0,11,0.0,0.0,0.0,0.0,0.0,1.0,-1
"F[0,2](((HCO3 >= 0.000 & Hct <= 6.682) -> Magnesium >= 0.593) & Creatinine >= 1.488)
",-9999999.000,-9999999.000,0.000,0.000,1.000,0,0,0,11,11,0,0,11,0.0,0.0,0.0,0.0,0.0,1.0,-1
"F[0,2](((FiO2 >= 0.000 | Alkalinephos <= 23.292) & Calcium >= 0.404) & Alkalinephos >= 1.772)
",-9999999.000,-9999999.000,0.000,0.000,1.000,0,0,0,11,11,0,0,11,0.0,0.0,0.0,0.0,0.0,1.0,-1
"F[2,2]((Chloride <= 0.000 -> Calcium <= 1.936) -> Fibrinogen <= 4.025)
",-4.025,-4.025,0.000,0.000,1.000,0,0,0,11,11,0,0,11,0.0,0.0,0.0,0.0,0.0,1.0,-1
"F[0,1](((Hgb <= 6.535 -> Calcium >= 0.642) -> SaO2 >= 0.012) | PTT <= 5.503)
",-9999999.000,-9999999.000,0.000,0.000,1.000,0,0,0,11,11,0,0,11,0.0,0.0,0.0,0.0,0.0,1.0,-1
"((Glucose <= 95.199) U[2,2] (Bilirubin_total >= 0.030))
",95.199,95.199,0.000,0.000,1.000,0,0,0,11,11,0,0,11,0.0,0.0,0.0,0.0,0.0,1.0,-1
"F[0,2](TroponinI <= 2.577 | pH <= 0.000)
",-9999999.000,-9999999.000,0.000,0.000,1.000,0,0,0,11,11,0,0,11,0.0,0.0,0.0,0.0,0.0,1.0,-1
"F[1,1]((Platelets <= 69.440 & Potassium <= 2.836) | TroponinI <= 1.926)
",6386346318343087.000,2.836,0.000,0.000,1.000,0,0,0,11,11,0,0,11,0.0,0.0,0.0,0.0,0.0,1.0,-1
"F[0,2]((O2Sat >= 1.224 -> Chloride >= 0.000) -> Creatinine >= 0.000)
",-9999999.000,-9999999.000,0.000,0.000,1.000,0,0,0,11,11,0,0,11,0.0,0.0,0.0,0.0,0.0,1.0,-1
"F[0,1](((PTT >= 0.560 & Potassium >= 0.038) & EtCO2 <= 0.600) -> Platelets >= 0.211)
",-9999999.000,-9999999.000,0.000,0.000,1.000,0,0,0,11,11,0,0,11,0.0,0.0,0.0,0.0,0.0,1.0,-1
"F[1,2](Creatinine <= 0.790 -> AST <= 17.558)
",-9999999.000,-9999999.000,0.000,0.000,1.000,0,0,0,11,11,0,0,11,0.0,0.0,0.0,0.0,0.0,1.0,-1
"((Bilirubin_total <= 0.515) U[0,1] (BUN <= 29.666))
",-9999999.000,-9999999.000,0.000,0.000,1.000,0,0,0,11,11,0,0,11,0.0,0.0,0.0,0.0,0.0,1.0,-1
"F[2,2]((FiO2 <= 0.000 & O2Sat >= 52.550) -> HR >= 7.077)
",7.077,7.077,0.000,0.000,1.000,0,0,0,11,11,0,0,11,0.0,0.0,0.0,0.0,0.0,1.0,-1
"F[1,1](FiO2 <= 0.000 & HCO3 >= 0.000)
",0.000,0.000,0.000,0.000,1.000,0,0,0,11,11,0,0,11,0.0,0.0,0.0,0.0,0.0,1.0,-1
"((pH <= 0.000) U[1,2] (MAP <= 118.058))
",-9999999.000,-9999999.000,0.000,0.000,1.000,0,0,0,11,11,0,0,11,0.0,0.0,0.0,0.0,0.0,1.0,-1
"F[1,2](Creatinine <= 0.457 -> PaCO2 >= 0.000)
",-9999999.000,-9999999.000,0.000,0.000,1.000,0,0,0,11,11,0,0,11,0.0,0.0,0.0,0.0,0.0,1.0,-1
"F[0,2]((Lactate >= 0.000 & PTT >= 0.193) | PaCO2 >= 0.880)
",-9999999.000,-9999999.000,0.000,0.000,1.000,0,0,0,11,11,0,0,11,0.0,0.0,0.0,0.0,0.0,1.0,-1
"F[2,2](((HCO3 >= 0.000 | O2Sat >= 85.623) -> Magnesium <= 92.455) -> Platelets >= 74.248)
",74.248,74.248,0.000,0.000,1.000,0,0,0,11,11,0,0,11,0.0,0.0,0.0,0.0,0.0,1.0,-1
"F[0,2](Creatinine >= 0.026 & SBP >= 108.987)
",-9999999.000,-9999999.000,0.000,0.000,1.000,0,0,0,11,11,0,0,11,0.0,0.0,0.0,0.0,0.0,1.0,-1
"F[1,2]((Glucose <= 44.125 & pH >= 0.000) -> SepsisLabel <= 0.000)
",-9999999.000,-9999999.000,0.000,0.000,1.000,0,0,0,11,11,0,0,11,0.0,0.0,0.0,0.0,0.0,1.0,-1
"F[0,2]((Creatinine <= 0.676 & DBP <= 100.821) | EtCO2 <= 66.142)
",-9999999.000,-9999999.000,0.000,0.000,1.000,0,0,0,11,11,0,0,11,0.0,0.0,0.0,0.0,0.0,1.0,-1
"F[0,1](PTT <= 16.857 -> WBC <= 9.506)
",-9999999.000,-9999999.000,0.000,0.000,1.000,0,0,0,11,11,0,0,11,0.0,0.0,0.0,0.0,0.0,1.0,-1
"((Hgb <= 8.187) U[0,2] (SepsisLabel = 0.000))
",-9999999.000,-9999999.000,0.000,0.000,1.000,0,0,0,11,11,0,0,11,0.0,0.0,0.0,0.0,0.0,1.0,-1
"F[0,2](HR <= 90.733 -> SepsisLabel = 0.000)
",-9999999.000,-9999999.000,0.000,0.000,1.000,0,0,0,11,11,0,0,11,0.0,0.0,0.0,0.0,0.0,1.0,-1
"((TroponinI > 0.198) U[0,0] (SepsisLabel = 0.000))
",-0.471,-0.036,0.000,0.000,1.000,0,0,0,11,11,0,0,11,0.0,0.0,0.0,0.0,0.0,1.0,-1
"F[2,2](Bilirubin_direct >= 0.000 & SepsisLabel = 0.000)
",0.000,0.000,0.000,0.000,1.000,0,0,0,11,11,0,0,11,0.0,0.0,0.0,0.0,0.0,1.0,-1
"F[0,2](Hct < 28.770 & SepsisLabel = 0.000)
",-9999999.000,-9999999.000,0.000,0.000,1.000,0,0,0,11,11,0,0,11,0.0,0.0,0.0,0.0,0.0,1.0,-1
"((DBP < 104.227) U[0,0] (SepsisLabel = 0.000))
",0.648,24.550,0.000,0.000,1.000,0,0,0,11,11,0,0,11,0.0,0.0,0.0,0.0,0.0,1.0,-1
"((Phosphate >= 0.176) U[0,2] (SepsisLabel = 0.000))
",-9999999.000,-9999999.000,0.000,0.000,1.000,0,0,0,11,11,0,0,11,0.0,0.0,0.0,0.0,0.0,1.0,-1
"((Bilirubin_direct < 0.000) U[0,2] (SepsisLabel = 0.000))
",-9999999.000,-9999999.000,0.000,0.000,1.000,0,0,0,11,11,0,0,11,0.0,0.0,0.0,0.0,0.0,1.0,-1
"F[0,2](EtCO2 > 0.000 & SepsisLabel = 0.000)
",-9999999.000,-9999999.000,0.000,0.000,1.000,0,0,0,11,11,0,0,11,0.0,0.0,0.0,0.0,0.0,1.0,-1
"F[1,2](((DBP >= 62.504 -> DBP <= 81.331) | Glucose <= 76.513) & Calcium >= 26.549)
",-9999999.000,-9999999.000,0.000,0.000,1.000,0,0,0,11,11,0,0,11,0.0,0.0,0.0,0.0,0.0,1.0,-1
"F[2,2](((AST <= 29.214 | Bilirubin_total >= 0.001) | Hgb >= 0.022) & BaseExcess <= 0.461)
",0.461,0.461,0.000,0.000,1.000,0,0,0,11,11,0,0,11,0.0,0.0,0.0,0.0,0.0,1.0,-1
"F[0,2](FiO2 <= 0.000 -> SepsisLabel = 0.000)
",-9999999.000,-9999999.000,0.000,0.000,1.000,0,0,0,11,11,0,0,11,0.0,0.0,0.0,0.0,0.0,1.0,-1
"F[0,1]((Phosphate >= 0.215 & Magnesium > 0.046) -> Calcium < 6.061)
",-9999999.000,-9999999.000,0.000,0.000,1.000,0,0,0,11,11,0,0,11,0.0,0.0,0.0,0.0,0.0,1.0,-1
"((Resp <= 33.162) U[0,2] (SepsisLabel = 0.000))
",-9999999.000,-9999999.000,0.000,0.000,1.000,0,0,0,11,11,0,0,11,0.0,0.0,0.0,0.0,0.0,1.0,-1
"F[0,0](Bilirubin_direct >= 0.000 & SepsisLabel = 0.000)
",-0.470,-34.182,0.000,0.000,1.000,0,0,0,11,11,0,0,11,0.0,0.0,0.0,0.0,0.0,1.0,-1
"F[0,2](pH < 0.000 & SepsisLabel = 0.000)
",-9999999.000,-9999999.000,0.000,0.000,1.000,0,0,0,11,11,0,0,11,0.0,0.0,0.0,0.0,0.0,1.0,-1
"((Calcium > 0.532) U[0,0] (SepsisLabel = 0.000))
",-0.471,-0.097,0.000,0.000,1.000,0,0,0,11,11,0,0,11,0.0,0.0,0.0,0.0,0.0,1.0,-1
"((EtCO2 <= 0.000) U[0,2] (SepsisLabel = 0.000))
",-9999999.000,-9999999.000,0.000,0.000,1.000,0,0,0,11,11,0,0,11,0.0,0.0,0.0,0.0,0.0,1.0,-1
"F[1,2](AST <= 14.673 & SepsisLabel = 0.000)
",-9999999.000,-9999999.000,0.000,0.000,1.000,0,0,0,11,11,0,0,11,0.0,0.0,0.0,0.0,0.0,1.0,-1
"((Lactate < 0.000) U[0,1] (SepsisLabel = 0.000))
",-9999999.000,-9999999.000,0.000,0.000,1.000,0,0,0,11,11,0,0,11,0.0,0.0,0.0,0.0,0.0,1.0,-1
"F[0,0](Phosphate < 3.372 & SepsisLabel = 0.000)
",-0.470,-34.182,0.000,0.000,1.000,0,0,0,11,11,0,0,11,0.0,0.0,0.0,0.0,0.0,1.0,-1
"F[0,1](SBP < 155.582 -> SepsisLabel = 0.000)
",-9999999.000,-9999999.000,0.000,0.000,1.000,0,0,0,11,11,0,0,11,0.0,0.0,0.0,0.0,0.0,1.0,-1
"((Chloride <= 0.000) U[0,2] (SepsisLabel = 0.000))
",-9999999.000,-9999999.000,0.000,0.000,1.000,0,0,0,11,11,0,0,11,0.0,0.0,0.0,0.0,0.0,1.0,-1
"((WBC < 6.668) U[0,1] (SepsisLabel = 0.000))
",-9999999.000,-9999999.000,0.000,0.000,1.000,0,0,0,11,11,0,0,11,0.0,0.0,0.0,0.0,0.0,1.0,-1
"((Bilirubin_direct >= 0.000) U[0,0] (SepsisLabel = 0.000))
",0.316,0.104,0.000,0.000,1.000,0,0,0,11,11,0,0,11,0.0,0.0,0.0,0.0,0.0,1.0,-1
"F[2,2](Fibrinogen < 0.000 -> SepsisLabel = 0.000)
",0.000,0.000,0.000,0.000,1.000,0,0,0,11,11,0,0,11,0.0,0.0,0.0,0.0,0.0,1.0,-1
"F[1,1](MAP > 15.330 -> SepsisLabel = 0.000)
",0.000,0.000,0.000,0.000,1.000,0,0,0,11,11,0,0,11,0.0,0.0,0.0,0.0,0.0,1.0,-1
"F[1,2](O2Sat >= 10.628 -> SepsisLabel = 0.000)
",-9999999.000,-9999999.000,0.000,0.000,1.000,0,0,0,11,11,0,0,11,0.0,0.0,0.0,0.0,0.0,1.0,-1
"F[1,2](TroponinI < 0.822 -> SepsisLabel = 0.000)
",-9999999.000,-9999999.000,0.000,0.000,1.000,0,0,0,11,11,0,0,11,0.0,0.0,0.0,0.0,0.0,1.0,-1
"F[0,0]((SBP <= 146.386 | Platelets >= 3.726) | SBP >= 12.913)
",13.711,143.086,0.000,0.000,1.000,0,0,0,11,11,0,0,11,0.0,0.0,0.0,0.0,0.0,1.0,-1
"F[0,1](((pH <= 0.000 -> SepsisLabel >= 0.000) -> Hct >= 0.000) -> PTT >= 0.000)
",-9999999.000,-9999999.000,0.000,0.000,1.000,0,0,0,11,11,0,0,11,0.0,0.0,0.0,0.0,0.0,1.0,-1
"F[0,1]((Fibrinogen <= 0.000 -> Magnesium <= 0.760) | Calcium >= 0.105)
",-9999999.000,-9999999.000,0.000,0.000,1.000,0,0,0,11,11,0,0,11,0.0,0.0,0.0,0.0,0.0,1.0,-1
"F[1,2]((Hgb >= 0.031 -> Lactate >= 0.000) -> Hgb <= 0.000)
",-9999999.000,-9999999.000,0.000,0.000,1.000,0,0,0,11,11,0,0,11,0.0,0.0,0.0,0.0,0.0,1.0,-1
"((Potassium <= 1.907) U[1,2] (Phosphate <= 3.217))
",-9999999.000,-9999999.000,0.000,0.000,1.000,0,0,0,11,11,0,0,11,0.0,0.0,0.0,0.0,0.0,1.0,-1
"F[1,2](((EtCO2 <= 0.000 -> Creatinine >= 0.007) & Temp <= 0.828) -> Hct <= 0.720)
",-9999999.000,-9999999.000,0.000,0.000,1.000,0,0,0,11,11,0,0,11,0.0,0.0,0.0,0.0,0.0,1.0,-1
"F[0,1]((HCO3 >= 0.000 | MAP >= 2.260) -> Bilirubin_direct <= 98.704)
",-9999999.000,-9999999.000,0.000,0.000,1.000,0,0,0,11,11,0,0,11,0.0,0.0,0.0,0.0,0.0,1.0,-1
"F[0,2](AST >= 0.495 & Resp <= 44.031)
",-9999999.000,-9999999.000,0.000,0.000,1.000,0,0,0,11,11,0,0,11,0.0,0.0,0.0,0.0,0.0,1.0,-1
"F[0,1](((MAP <= 94.749 -> Hct <= 8.334) & DBP >= 2.936) -> Resp >= 0.794)
",-9999999.000,-9999999.000,0.000,0.000,1.000,0,0,0,11,11,0,0,11,0.0,0.0,0.0,0.0,0.0,1.0,-1
"((Phosphate <= 1.436) U[1,2] (TroponinI >= 0.204))
",-9999999.000,-9999999.000,0.000,0.000,1.000,0,0,0,11,11,0,0,11,0.0,0.0,0.0,0.0,0.0,1.0,-1
"F[0,2](((SaO2 <= 0.000 & Alkalinephos <= 38.845) | DBP <= 23.415) | Chloride >= 1.040)
",-9999999.000,-9999999.000,0.000,0.000,1.000,0,0,0,11,11,0,0,11,0.0,0.0,0.0,0.0,0.0,1.0,-1
"F[1,2](HCO3 <= 0.000 | TroponinI <= 0.540)
",-9999999.000,-9999999.000,0.000,0.000,1.000,0,0,0,11,11,0,0,11,0.0,0.0,0.0,0.0,0.0,1.0,-1
"F[1,2](((PaCO2 <= 0.000 & DBP <= 107.524) -> FiO2 <= 69.526) -> MAP <= 93.113)
",-9999999.000,-9999999.000,0.000,0.000,1.000,0,0,0,11,11,0,0,11,0.0,0.0,0.0,0.0,0.0,1.0,-1
"F[1,1](((pH >= 0.000 -> pH <= 0.000) | PaCO2 <= 0.000) | SaO2 >= 0.000)
",0.000,0.000,0.000,0.000,1.000,0,0,0,11,11,0,0,11,0.0,0.0,0.0,0.0,0.0,1.0,-1
"F[0,2]((EtCO2 <= 0.000 -> SaO2 <= 0.000) -> SBP >= 0.000)
",-9999999.000,-9999999.000,0.000,0.000,1.000,0,0,0,11,11,0,0,11,0.0,0.0,0.0,0.0,0.0,1.0,-1
"F[1,2](((PaCO2 >= 0.000 -> Calcium <= 8.682) & HR >= 0.531) -> Calcium <= 4.441)
",-9999999.000,-9999999.000,0.000,0.000,1.000,0,0,0,11,11,0,0,11,0.0,0.0,0.0,0.0,0.0,1.0,-1
"((TroponinI <= 1.841) U[0,0] (Chloride >= 0.000))
",1.223,2.483,0.000,0.000,1.000,0,0,0,11,11,0,0,11,0.0,0.0,0.0,0.0,0.0,1.0,-1
"F[2,2](Chloride <= 0.000 | Bilirubin_direct >= 0.000)
",0.000,0.000,0.000,0.000,1.000,0,0,0,11,11,0,0,11,0.0,0.0,0.0,0.0,0.0,1.0,-1
"F[0,2](((FiO2 >= 0.000 & Lactate <= 0.000) | AST >= 0.000) -> HR <= 0.000)
",-9999999.000,-9999999.000,0.000,0.000,1.000,0,0,0,11,11,0,0,11,0.0,0.0,0.0,0.0,0.0,1.0,-1
"F[0,1](PTT <= 25.118 -> Calcium <= 3.361)
",-9999999.000,-9999999.000,0.000,0.000,1.000,0,0,0,11,11,0,0,11,0.0,0.0,0.0,0.0,0.0,1.0,-1
"((Hgb <= 4.341) U[0,2] (TroponinI >= 0.198))
",-9999999.000,-9999999.000,0.000,0.000,1.000,0,0,0,11,11,0,0,11,0.0,0.0,0.0,0.0,0.0,1.0,-1
"F[0,0](((Potassium <= 2.473 & DBP <= 69.277) -> Hgb >= 20.234) | Phosphate <= 90.134)
",223.636,90.007,0.000,0.000,1.000,0,0,0,11,11,0,0,11,0.0,0.0,0.0,0.0,0.0,1.0,-1
"((HR >= 1.897) U[0,1] (Creatinine <= 0.642))
",-9999999.000,-9999999.000,0.000,0.000,1.000,0,0,0,11,11,0,0,11,0.0,0.0,0.0,0.0,0.0,1.0,-1
"((HR >= 16.213) U[1,2] (Hct >= 0.667))
",-9999999.000,-9999999.000,0.000,0.000,1.000,0,0,0,11,11,0,0,11,0.0,0.0,0.0,0.0,0.0,1.0,-1
"F[1,2](Calcium <= 3.648 & Chloride >= 0.000)
",-9999999.000,-9999999.000,0.000,0.000,1.000,0,0,0,11,11,0,0,11,0.0,0.0,0.0,0.0,0.0,1.0,-1
"F[0,1](Hgb <= 4.677 | Hct <= 14.735)
",-9999999.000,-9999999.000,0.000,0.000,1.000,0,0,0,11,11,0,0,11,0.0,0.0,0.0,0.0,0.0,1.0,-1
"F[2,2]((HR <= 99.267 & BaseExcess >= 0.000) & Hgb <= 0.000)
",0.000,0.000,0.000,0.000,1.000,0,0,0,11,11,0,0,11,0.0,0.0,0.0,0.0,0.0,1.0,-1
"((Hgb <= 10.538) U[2,2] (Alkalinephos >= 1.383))
",5932305923863393.000,10.538,0.000,0.000,1.000,0,0,0,11,11,0,0,11,0.0,0.0,0.0,0.0,0.0,1.0,-1
"F[0,1](((Resp >= 14.452 & BaseExcess >= 0.000) -> Calcium <= 0.000) | Glucose <= 0.000)
",-9999999.000,-9999999.000,0.000,0.000,1.000,0,0,0,11,11,0,0,11,0.0,0.0,0.0,0.0,0.0,1.0,-1
"F[2,2](Hct <= 10.847 | Potassium <= 2.762)
",6106366889799025.000,10.847,0.000,0.000,1.000,0,0,0,11,11,0,0,11,0.0,0.0,0.0,0.0,0.0,1.0,-1
"F[1,2](((PTT >= 1.339 | HR <= 79.243) -> DBP >= 51.043) | Bilirubin_total <= 80.947)
",-9999999.000,-9999999.000,0.000,0.000,1.000,0,0,0,11,11,0,0,11,0.0,0.0,0.0,0.0,0.0,1.0,-1
"((EtCO2 <= 0.000) U[1,1] (Fibrinogen >= 0.000))
",0.000,0.000,0.000,0.000,1.000,0,0,0,11,11,0,0,11,0.0,0.0,0.0,0.0,0.0,1.0,-1
"F[0,1]((Temp >= 3.945 & O2Sat >= 31.894) | Platelets <= 95.167)
",-9999999.000,-9999999.000,0.000,0.000,1.000,0,0,0,11,11,0,0,11,0.0,0.0,0.0,0.0,0.0,1.0,-1
"F[1,2](Hct >= 0.840 | DBP <= 71.599)
",-9999999.000,-9999999.000,0.000,0.000,1.000,0,0,0,11,11,0,0,11,0.0,0.0,0.0,0.0,0.0,1.0,-1
"((Alkalinephos <= 12.057) U[0,0] (AST <= 15.335))
",15.335,15.335,0.000,0.000,1.000,0,0,0,11,11,0,0,11,0.0,0.0,0.0,0.0,0.0,1.0,-1
"F[0,2](((HR <= 98.830 -> Hct >= 1.018) | MAP <= 10.926) -> Chloride <= 4.716)
",-9999999.000,-9999999.000,0.000,0.000,1.000,0,0,0,11,11,0,0,11,0.0,0.0,0.0,0.0,0.0,1.0,-1
"F[0,2](((Phosphate <= 2.265 & Resp <= 60.108) & Platelets >= 11.874) -> Hct <= 46.912)
",-9999999.000,-9999999.000,0.000,0.000,1.000,0,0,0,11,11,0,0,11,0.0,0.0,0.0,0.0,0.0,1.0,-1
"F[0,2]((DBP >= 58.120 | MAP >= 7.806) | DBP >= 26.123)
",-9999999.000,-9999999.000,0.000,0.000,1.000,0,0,0,11,11,0,0,11,0.0,0.0,0.0,0.0,0.0,1.0,-1
"F[0,0]((PTT <= 14.749 -> MAP <= 101.547) | HR <= 121.115)
",-0.826,-28.603,0.000,0.000,1.000,0,0,0,11,11,0,0,11,0.0,0.0,0.0,0.0,0.0,1.0,-1
"F[0,2](((Potassium <= 2.740 & Platelets <= 47.759) & BUN >= 13.330) & pH >= 1.163)
",-9999999.000,-9999999.000,0.000,0.000,1.000,0,0,0,11,11,0,0,11,0.0,0.0,0.0,0.0,0.0,1.0,-1
"F[0,2]((SBP >= 4.429 -> Resp >= 7.063) | EtCO2 <= 56.970)
",-9999999.000,-9999999.000,0.000,0.000,1.000,0,0,0,11,11,0,0,11,0.0,0.0,0.0,0.0,0.0,1.0,-1
"F[1,2](Phosphate >= 0.086 & MAP <= 114.979)
",-9999999.000,-9999999.000,0.000,0.000,1.000,0,0,0,11,11,0,0,11,0.0,0.0,0.0,0.0,0.0,1.0,-1
"F[0,0]((Calcium <= 8.268 & SaO2 <= 0.000) -> DBP >= 0.000)
",-2.062,-82.000,0.000,0.000,1.000,0,0,0,11,11,0,0,11,0.0,0.0,0.0,0.0,0.0,1.0,-1
"F[0,2]((Magnesium <= 1.111 -> Hgb >= 0.106) -> Phosphate >= 0.923)
",-9999999.000,-9999999.000,0.000,0.000,1.000,0,0,0,11,11,0,0,11,0.0,0.0,0.0,0.0,0.0,1.0,-1
"F[2,2](pH <= 0.000 -> SBP >= 0.718)
",0.000,0.000,0.000,0.000,1.000,0,0,0,11,11,0,0,11,0.0,0.0,0.0,0.0,0.0,1.0,-1
"F[0,1]((SBP <= 188.103 -> Resp >= 5.689) | BUN <= 22.988)
",-9999999.000,-9999999.000,0.000,0.000,1.000,0,0,0,11,11,0,0,11,0.0,0.0,0.0,0.0,0.0,1.0,-1
"F[1,2](PTT >= 0.747 | BUN <= 37.572)
",-9999999.000,-9999999.000,0.000,0.000,1.000,0,0,0,11,11,0,0,11,0.0,0.0,0.0,0.0,0.0,1.0,-1
"F[0,1]((HR <= 76.087 -> Chloride <= 0.000) -> Bilirubin_direct >= 0.000)
",-9999999.000,-9999999.000,0.000,0.000,1.000,0,0,0,11,11,0,0,11,0.0,0.0,0.0,0.0,0.0,1.0,-1
"F[0,1]((Alkalinephos >= 1.462 | Glucose <= 20.356) | AST <= 84.560)
",-9999999.000,-9999999.000,0.000,0.000,1.000,0,0,0,11,11,0,0,11,0.0,0.0,0.0,0.0,0.0,1.0,-1
"F[2,2](EtCO2 >= 0.000 | O2Sat <= 90.188)
",90.188,90.188,0.000,0.000,1.000,0,0,0,11,11,0,0,11,0.0,0.0,0.0,0.0,0.0,1.0,-1
"F[0,0](((HR >= 73.458 -> DBP <= 112.249) & Bilirubin_direct >= 46.440) -> O2Sat >= 35.642)
",-0.962,-29.994,0.000,0.000,1.000,0,0,0,11,11,0,0,11,0.0,0.0,0.0,0.0,0.0,1.0,-1
"F[0,0](((O2Sat >= 27.375 | SaO2 >= 0.000) & Potassium >= 0.000) | MAP >= 0.000)
",2.066,128.909,0.000,0.000,1.000,0,0,0,11,11,0,0,11,0.0,0.0,0.0,0.0,0.0,1.0,-1
"F[1,2]((Phosphate <= 2.371 | MAP >= 47.271) | Calcium >= 13.906)
",-9999999.000,-9999999.000,0.000,0.000,1.000,0,0,0,11,11,0,0,11,0.0,0.0,0.0,0.0,0.0,1.0,-1
"F[1,2](((pH <= 0.000 & Glucose <= 25.293) & PaCO2 <= 124.566) & Lactate >= 15.867)
",-9999999.000,-9999999.000,0.000,0.000,1.000,0,0,0,11,11,0,0,11,0.0,0.0,0.0,0.0,0.0,1.0,-1
"F[0,2](((BUN <= 31.048 | Fibrinogen <= 0.000) & pH <= 0.000) & SaO2 <= 0.000)
",-9999999.000,-9999999.000,0.000,0.000,1.000,0,0,0,11,11,0,0,11,0.0,0.0,0.0,0.0,0.0,1.0,-1
"((Creatinine <= 0.193) U[0,2] (DBP >= 16.705))
",-9999999.000,-9999999.000,0.000,0.000,1.000,0,0,0,11,11,0,0,11,0.0,0.0,0.0,0.0,0.0,1.0,-1
"F[1,2](O2Sat <= 91.963 & Alkalinephos <= 34.937)
",-9999999.000,-9999999.000,0.000,0.000,1.000,0,0,0,11,11,0,0,11,0.0,0.0,0.0,0.0,0.0,1.0,-1
"F[0,1](SBP < 168.863 -> SepsisLabel = 0.000)
",-9999999.000,-9999999.000,0.000,0.000,1.000,0,0,0,11,11,0,0,11,0.0,0.0,0.0,0.0,0.0,1.0,-1
"F[2,2](pH >= 0.000 & SepsisLabel = 0.000)
",0.000,0.000,0.000,0.000,1.000,0,0,0,11,11,0,0,11,0.0,0.0,0.0,0.0,0.0,1.0,-1
"((PTT <= 20.675) U[0,2] (SepsisLabel = 0.000))
",-9999999.000,-9999999.000,0.000,0.000,1.000,0,0,0,11,11,0,0,11,0.0,0.0,0.0,0.0,0.0,1.0,-1
"F[0,1](((DBP <= 82.994 & Potassium <= 0.547) -> pH >= 0.045) -> Hgb >= 0.329)
",-9999999.000,-9999999.000,0.000,0.000,1.000,0,0,0,11,11,0,0,11,0.0,0.0,0.0,0.0,0.0,1.0,-1
"F[1,2](((Creatinine >= 0.073 & Glucose <= 110.253) | Calcium >= 4.034) | Alkalinephos <= 115.363)
",-9999999.000,-9999999.000,0.000,0.000,1.000,0,0,0,11,11,0,0,11,0.0,0.0,0.0,0.0,0.0,1.0,-1
"F[2,2](BUN <= 24.918 -> Glucose <= 38.153)
",-38.153,-38.153,0.000,0.000,1.000,0,0,0,11,11,0,0,11,0.0,0.0,0.0,0.0,0.0,1.0,-1
"F[0,0]((Bilirubin_total >= 0.014 -> Phosphate <= 1.474) | DBP <= 2.345)
",-0.581,-1.008,0.000,0.000,1.000,0,0,0,11,11,0,0,11,0.0,0.0,0.0,0.0,0.0,1.0,-1
"F[0,2](((Hgb <= 10.350 | TroponinI <= 2.345) | Bilirubin_direct <= 0.600) | Resp >= 6.958283551535272e-05)
",-9999999.000,-9999999.000,0.000,0.000,1.000,0,0,0,11,11,0,0,11,0.0,0.0,0.0,0.0,0.0,1.0,-1
"F[1,2](((Glucose >= 11.563 | Hgb <= 8.980) | Hct <= 2.799) | MAP <= 2.683)
",-9999999.000,-9999999.000,0.000,0.000,1.000,0,0,0,11,11,0,0,11,0.0,0.0,0.0,0.0,0.0,1.0,-1
"F[1,2]((Creatinine >= 0.074 | TroponinI <= 2.069) & Glucose >= 0.307)
",-9999999.000,-9999999.000,0.000,0.000,1.000,0,0,0,11,11,0,0,11,0.0,0.0,0.0,0.0,0.0,1.0,-1
"F[1,1](((Magnesium <= 0.544 | TroponinI >= 0.247) & SepsisLabel >= 0.294) -> HCO3 >= 0.323)
",0.294,0.294,0.000,0.000,1.000,0,0,0,11,11,0,0,11,0.0,0.0,0.0,0.0,0.0,1.0,-1
"F[0,2]((HR >= 40.982 | TroponinI >= 0.016) & Hct <= 0.938)
",-9999999.000,-9999999.000,0.000,0.000,1.000,0,0,0,11,11,0,0,11,0.0,0.0,0.0,0.0,0.0,1.0,-1
"F[1,2](((Hct <= 4.191 -> SBP >= 42.590) -> Chloride >= 100.291) | DBP <= 157.214)
",-9999999.000,-9999999.000,0.000,0.000,1.000,0,0,0,11,11,0,0,11,0.0,0.0,0.0,0.0,0.0,1.0,-1
"F[0,2]((Calcium <= 7.844 & Potassium <= 3.213) & Magnesium >= 0.055)
",-9999999.000,-9999999.000,0.000,0.000,1.000,0,0,0,11,11,0,0,11,0.0,0.0,0.0,0.0,0.0,1.0,-1
"F[1,2](DBP <= 75.970 -> Magnesium <= 0.155)
",-9999999.000,-9999999.000,0.000,0.000,1.000,0,0,0,11,11,0,0,11,0.0,0.0,0.0,0.0,0.0,1.0,-1
"F[0,2](Calcium <= 4.935 | DBP <= 92.575)
",-9999999.000,-9999999.000,0.000,0.000,1.000,0,0,0,11,11,0,0,11,0.0,0.0,0.0,0.0,0.0,1.0,-1
"F[0,2](((Alkalinephos >= 0.531 & MAP <= 111.800) -> Chloride <= 116.591) | BUN <= 100.438)
",-9999999.000,-9999999.000,0.000,0.000,1.000,0,0,0,11,11,0,0,11,0.0,0.0,0.0,0.0,0.0,1.0,-1
"F[0,1]((Calcium >= 0.733 | Glucose >= 3.546) | SepsisLabel <= 91.702)
",-9999999.000,-9999999.000,0.000,0.000,1.000,0,0,0,11,11,0,0,11,0.0,0.0,0.0,0.0,0.0,1.0,-1
"F[0,1](((SBP >= 72.928 | WBC <= 6.263) | Phosphate >= 0.122) | MAP <= 8.198)
",-9999999.000,-9999999.000,0.000,0.000,1.000,0,0,0,11,11,0,0,11,0.0,0.0,0.0,0.0,0.0,1.0,-1
"F[2,2](Alkalinephos >= 1.500 & TroponinI <= 0.962)
",-6756142903982607.000,-1.500,0.000,0.000,1.000,0,0,0,11,11,0,0,11,0.0,0.0,0.0,0.0,0.0,1.0,-1
"((Bilirubin_total <= 0.290) U[0,2] (SBP <= 179.368))
",-9999999.000,-9999999.000,0.000,0.000,1.000,0,0,0,11,11,0,0,11,0.0,0.0,0.0,0.0,0.0,1.0,-1
"F[0,2](AST >= 0.335 -> SBP >= 51.197)
",-9999999.000,-9999999.000,0.000,0.000,1.000,0,0,0,11,11,0,0,11,0.0,0.0,0.0,0.0,0.0,1.0,-1
"F[2,2](((Bilirubin_total <= 0.503 & Hgb <= 3.767) -> WBC >= 0.336) & SBP <= 4.403)
",-4529825712189107.000,-0.503,0.000,0.000,1.000,0,0,0,11,11,0,0,11,0.0,0.0,0.0,0.0,0.0,1.0,-1
"F[2,2](((Alkalinephos <= 27.259 | Hgb >= 0.030) -> PaCO2 >= 0.288) -> Magnesium >= 0.658)
",0.658,0.658,0.000,0.000,1.000,0,0,0,11,11,0,0,11,0.0,0.0,0.0,0.0,0.0,1.0,-1
"F[0,2]((Alkalinephos >= 1.621 | Hct <= 30.874) & Chloride >= 2.020)
",-9999999.000,-9999999.000,0.000,0.000,1.000,0,0,0,11,11,0,0,11,0.0,0.0,0.0,0.0,0.0,1.0,-1
"F[1,2](((Bilirubin_total >= 0.028 -> Hct >= 0.547) & FiO2 >= 2.573) & BaseExcess <= 18.811)
",-9999999.000,-9999999.000,0.000,0.000,1.000,0,0,0,11,11,0,0,11,0.0,0.0,0.0,0.0,0.0,1.0,-1
"((Hgb >= 0.841) U[0,2] (O2Sat >= 52.891))
",-9999999.000,-9999999.000,0.000,0.000,1.000,0,0,0,11,11,0,0,11,0.0,0.0,0.0,0.0,0.0,1.0,-1
"F[1,1](Creatinine >= 0.055 -> Potassium >= 0.182)
",7904601722753798.000,0.055,0.000,0.000,1.000,0,0,0,11,11,0,0,11,0.0,0.0,0.0,0.0,0.0,1.0,-1
"F[2,2]((HR >= 7.841 -> Potassium <= 3.544) -> Hgb <= 2.355)
",-5303666652904205.000,-2.355,0.000,0.000,1.000,0,0,0,11,11,0,0,11,0.0,0.0,0.0,0.0,0.0,1.0,-1
"F[0,2](((O2Sat >= 78.939 -> Potassium >= 0.275) & PTT <= 2.029) & BUN >= 0.093)
",-9999999.000,-9999999.000,0.000,0.000,1.000,0,0,0,11,11,0,0,11,0.0,0.0,0.0,0.0,0.0,1.0,-1
"F[0,2]((Glucose >= 2.141 & Phosphate <= 2.146) -> Phosphate <= 0.322)
",-9999999.000,-9999999.000,0.000,0.000,1.000,0,0,0,11,11,0,0,11,0.0,0.0,0.0,0.0,0.0,1.0,-1
"F[0,2](DBP <= 73.821 | O2Sat <= 92.628)
",-9999999.000,-9999999.000,0.000,0.000,1.000,0,0,0,11,11,0,0,11,0.0,0.0,0.0,0.0,0.0,1.0,-1
"((Magnesium > 0.112) U[0,1] (SepsisLabel = 0.000))
",-9999999.000,-9999999.000,0.000,0.000,1.000,0,0,0,11,11,0,0,11,0.0,0.0,0.0,0.0,0.0,1.0,-1
"F[1,1](((BUN <= 12.848 & WBC >= 0.402) | HR >= 0.741) -> SepsisLabel <= 6.141)
",-6.141,-6.141,0.000,0.000,1.000,0,0,0,11,11,0,0,11,0.0,0.0,0.0,0.0,0.0,1.0,-1
"F[0,2](((BUN <= 17.276 & PTT <= 9.733) & HCO3 >= 0.028) -> FiO2 <= 2.235)
",-9999999.000,-9999999.000,0.000,0.000,1.000,0,0,0,11,11,0,0,11,0.0,0.0,0.0,0.0,0.0,1.0,-1
"F[2,2](((Creatinine <= 0.517 & PTT >= 0.474) -> SBP <= 5.128) -> PTT <= 14.175)
",-7979830323333679.000,-14.175,0.000,0.000,1.000,0,0,0,11,11,0,0,11,0.0,0.0,0.0,0.0,0.0,1.0,-1
"F[1,2](((Alkalinephos >= 0.383 -> BUN >= 0.974) & BaseExcess >= 1.637) | AST >= 2.409)
",-9999999.000,-9999999.000,0.000,0.000,1.000,0,0,0,11,11,0,0,11,0.0,0.0,0.0,0.0,0.0,1.0,-1
"F[0,2](Glucose >= 0.373 | PTT <= 29.439)
",-9999999.000,-9999999.000,0.000,0.000,1.000,0,0,0,11,11,0,0,11,0.0,0.0,0.0,0.0,0.0,1.0,-1
"((O2Sat <= 95.805) U[0,2] (Resp >= 8.699))
",-9999999.000,-9999999.000,0.000,0.000,1.000,0,0,0,11,11,0,0,11,0.0,0.0,0.0,0.0,0.0,1.0,-1
"F[0,1](((Calcium >= 0.811 | Hct <= 31.898) | Hct <= 11.721) & Hgb <= 28.631)
",-9999999.000,-9999999.000,0.000,0.000,1.000,0,0,0,11,11,0,0,11,0.0,0.0,0.0,0.0,0.0,1.0,-1
"F[1,2]((Alkalinephos >= 0.228 -> Potassium >= 0.113) -> TroponinI <= 1.770)
",-9999999.000,-9999999.000,0.000,0.000,1.000,0,0,0,11,11,0,0,11,0.0,0.0,0.0,0.0,0.0,1.0,-1
"((Calcium <= 5.310) U[0,2] (Hgb >= 0.018))
",-9999999.000,-9999999.000,0.000,0.000,1.000,0,0,0,11,11,0,0,11,0.0,0.0,0.0,0.0,0.0,1.0,-1
"F[0,1](Magnesium <= 0.518 & Platelets <= 25.471)
",-9999999.000,-9999999.000,0.000,0.000,1.000,0,0,0,11,11,0,0,11,0.0,0.0,0.0,0.0,0.0,1.0,-1
"((HR <= 84.905) U[0,1] (Resp <= 39.952))
",-9999999.000,-9999999.000,0.000,0.000,1.000,0,0,0,11,11,0,0,11,0.0,0.0,0.0,0.0,0.0,1.0,-1
"F[0,2]((Platelets <= 98.000 | Potassium <= 2.898) & Platelets >= 0.126)
",-9999999.000,-9999999.000,0.000,0.000,1.000,0,0,0,11,11,0,0,11,0.0,0.0,0.0,0.0,0.0,1.0,-1
"((Phosphate >= 0.310) U[0,2] (Platelets <= 28.662))
",-9999999.000,-9999999.000,0.000,0.000,1.000,0,0,0,11,11,0,0,11,0.0,0.0,0.0,0.0,0.0,1.0,-1
"F[0,0](((Potassium <= 1.838 & WBC <= 4.298) & Bilirubin_total <= 7.224) | Hgb >= 0.433)
",0.630,7.307,0.000,0.000,1.000,0,0,0,11,11,0,0,11,0.0,0.0,0.0,0.0,0.0,1.0,-1
"((HR <= 97.203) U[0,1] (MAP >= 25.288))
",-9999999.000,-9999999.000,0.000,0.000,1.000,0,0,0,11,11,0,0,11,0.0,0.0,0.0,0.0,0.0,1.0,-1
"F[1,1]((Creatinine >= 0.048 -> Platelets <= 182.681) | PaCO2 >= 2.617)
",-5893436900290263.000,-2.617,0.000,0.000,1.000,0,0,0,11,11,0,0,11,0.0,0.0,0.0,0.0,0.0,1.0,-1
"F[0,1](((Potassium <= 3.154 -> PTT >= 0.664) & Phosphate >= 1.328) | O2Sat >= 0.406)
",-9999999.000,-9999999.000,0.000,0.000,1.000,0,0,0,11,11,0,0,11,0.0,0.0,0.0,0.0,0.0,1.0,-1
"F[1,1]((Bilirubin_total <= 0.691 & Potassium >= 0.245) -> MAP >= 0.233)
",8380868105019428.000,0.233,0.000,0.000,1.000,0,0,0,11,11,0,0,11,0.0,0.0,0.0,0.0,0.0,1.0,-1
"F[0,1]((AST >= 0.714 | Phosphate >= 0.198) | HR >= 0.311)
",-9999999.000,-9999999.000,0.000,0.000,1.000,0,0,0,11,11,0,0,11,0.0,0.0,0.0,0.0,0.0,1.0,-1
"F[0,0](((BUN <= 17.107 -> Potassium >= 0.001) & SBP <= 3.624) -> SBP <= 0.688)
",0.244,2.345,0.000,0.000,1.000,0,0,0,11,11,0,0,11,0.0,0.0,0.0,0.0,0.0,1.0,-1
"F[0,0]((Magnesium <= 0.303 & Phosphate >= 0.312) | WBC <= 2.100)
",4728207345018273.000,2.100,0.000,0.000,1.000,0,0,0,11,11,0,0,11,0.0,0.0,0.0,0.0,0.0,1.0,-1
"F[2,2](Hgb >= 0.143 -> Platelets <= 76.223)
",-5363736445174017.000,-76.223,0.000,0.000,1.000,0,0,0,11,11,0,0,11,0.0,0.0,0.0,0.0,0.0,1.0,-1
"F[2,2](((Creatinine >= 0.082 | Phosphate >= 0.016) & Temp <= 1.233) | MAP <= 1.493)
",1.493,1.493,0.000,0.000,1.000,0,0,0,11,11,0,0,11,0.0,0.0,0.0,0.0,0.0,1.0,-1
"F[0,1](((DBP >= 24.029 & MAP <= 105.842) -> BaseExcess >= 14.420) | MAP >= 39.596)
",-9999999.000,-9999999.000,0.000,0.000,1.000,0,0,0,11,11,0,0,11,0.0,0.0,0.0,0.0,0.0,1.0,-1
"F[0,0](MAP >= 80.313 -> O2Sat >= 19.324)
",-1.516,-60.591,0.000,0.000,1.000,0,0,0,11,11,0,0,11,0.0,0.0,0.0,0.0,0.0,1.0,-1
"F[0,2]((HR <= 93.806 & SBP <= 187.592) & Alkalinephos <= 159.701)
",-9999999.000,-9999999.000,0.000,0.000,1.000,0,0,0,11,11,0,0,11,0.0,0.0,0.0,0.0,0.0,1.0,-1
"F[1,2](((O2Sat <= 95.986 -> SBP <= 175.305) | Chloride <= 198.028) | Chloride <= 193.421)
",-9999999.000,-9999999.000,0.000,0.000,1.000,0,0,0,11,11,0,0,11,0.0,0.0,0.0,0.0,0.0,1.0,-1
"F[0,2](Potassium >= 0.347 & TroponinI >= 0.307)
",-9999999.000,-9999999.000,0.000,0.000,1.000,0,0,0,11,11,0,0,11,0.0,0.0,0.0,0.0,0.0,1.0,-1
"F[0,1](Glucose <= 111.523 | Platelets <= 116.378)
",-9999999.000,-9999999.000,0.000,0.000,1.000,0,0,0,11,11,0,0,11,0.0,0.0,0.0,0.0,0.0,1.0,-1
"F[0,0](((Glucose <= 122.434 & Temp >= 0.966) -> BaseExcess <= 30.103) | HR <= 32.055)
",-3.331,-82.410,0.000,0.000,1.000,0,0,0,11,11,0,0,11,0.0,0.0,0.0,0.0,0.0,1.0,-1
"F[0,1]((Phosphate >= 0.287 & Magnesium > 0.113) -> Calcium < 2.362)
",-9999999.000,-9999999.000,0.000,0.000,1.000,0,0,0,11,11,0,0,11,0.0,0.0,0.0,0.0,0.0,1.0,-1
"F[0,1]((Phosphate >= 0.049 & Magnesium > 0.112) -> Calcium < 6.801)
",-9999999.000,-9999999.000,0.000,0.000,1.000,0,0,0,11,11,0,0,11,0.0,0.0,0.0,0.0,0.0,1.0,-1
"F[1,2](((Calcium < 2.741 & Potassium < 2.141) & Magnesium < 0.858) & Phosphate < 1.414)
",-9999999.000,-9999999.000,0.000,0.000,1.000,0,0,0,11,11,0,0,11,0.0,0.0,0.0,0.0,0.0,1.0,-1
"F[0,1](Hgb <= 1.633 | Hct <= 9.299)
",-9999999.000,-9999999.000,0.000,0.000,1.000,0,0,0,11,11,0,0,11,0.0,0.0,0.0,0.0,0.0,1.0,-1
"F[0,2](Hgb <= 3.739 | Hct <= 3.003)
",-9999999.000,-9999999.000,0.000,0.000,1.000,0,0,0,11,11,0,0,11,0.0,0.0,0.0,0.0,0.0,1.0,-1
"F[0,2](((Calcium < 6.240 & Potassium < 2.077) & Magnesium < 1.020) & Phosphate < 2.286)
",-9999999.000,-9999999.000,0.000,0.000,1.000,0,0,0,11,11,0,0,11,0.0,0.0,0.0,0.0,0.0,1.0,-1
"F[0,1](((Calcium < 7.558 & Potassium < 2.481) & Magnesium < 1.388) & Phosphate < 1.345)
",-9999999.000,-9999999.000,0.000,0.000,1.000,0,0,0,11,11,0,0,11,0.0,0.0,0.0,0.0,0.0,1.0,-1
"F[0,1]((Phosphate >= 0.056 & Magnesium > 0.104) -> Calcium < 3.164)
",-9999999.000,-9999999.000,0.000,0.000,1.000,0,0,0,11,11,0,0,11,0.0,0.0,0.0,0.0,0.0,1.0,-1
"F[1,2](Hgb <= 4.656 | Hct <= 29.007)
",-9999999.000,-9999999.000,0.000,0.000,1.000,0,0,0,11,11,0,0,11,0.0,0.0,0.0,0.0,0.0,1.0,-1
"F[0,1](((Calcium < 1.209 & Potassium < 2.334) & Magnesium < 1.240) & Phosphate < 2.804)
",-9999999.000,-9999999.000,0.000,0.000,1.000,0,0,0,11,11,0,0,11,0.0,0.0,0.0,0.0,0.0,1.0,-1
"F[1,2]((Phosphate >= 0.212 & Magnesium > 0.036) -> Calcium < 5.663)
",-9999999.000,-9999999.000,0.000,0.000,1.000,0,0,0,11,11,0,0,11,0.0,0.0,0.0,0.0,0.0,1.0,-1
"F[0,0](Hgb <= 4.911 | Hct <= 29.944)
",28.644,29.241,0.000,0.000,1.000,0,0,0,11,11,0,0,11,0.0,0.0,0.0,0.0,0.0,1.0,-1
"F[0,0](((Calcium < 5.889 & Potassium < 2.184) & Magnesium < 0.496) & Phosphate < 2.083)
",0.753,0.349,0.000,0.000,1.000,0,0,0,11,11,0,0,11,0.0,0.0,0.0,0.0,0.0,1.0,-1
"((MAP >= 33.962) U[0,2] (SBP <= 195.413))
",-9999999.000,-9999999.000,0.000,0.000,1.000,0,0,0,11,11,0,0,11,0.0,0.0,0.0,0.0,0.0,1.0,-1
"((Glucose >= 15.105) U[0,0] (WBC <= 2.778))
",6255629246724207.000,2.778,0.000,0.000,1.000,0,0,0,11,11,0,0,11,0.0,0.0,0.0,0.0,0.0,1.0,-1
"F[1,2](Hgb <= 5.230 | Hct <= 31.607)
",-9999999.000,-9999999.000,0.000,0.000,1.000,0,0,0,11,11,0,0,11,0.0,0.0,0.0,0.0,0.0,1.0,-1
"F[0,1](((Calcium < 8.255 & Potassium < 1.703) & Magnesium < 1.088) & Phosphate < 3.003)
",-9999999.000,-9999999.000,0.000,0.000,1.000,0,0,0,11,11,0,0,11,0.0,0.0,0.0,0.0,0.0,1.0,-1
"F[1,2]((Phosphate >= 0.268 & Magnesium > 0.034) -> Calcium < 1.217)
",-9999999.000,-9999999.000,0.000,0.000,1.000,0,0,0,11,11,0,0,11,0.0,0.0,0.0,0.0,0.0,1.0,-1
"((MAP >= 71.554) U[0,2] (SBP <= 181.075))
",-9999999.000,-9999999.000,0.000,0.000,1.000,0,0,0,11,11,0,0,11,0.0,0.0,0.0,0.0,0.0,1.0,-1
"F[0,2](Hgb <= 10.573 | Hct <= 8.343)
",-9999999.000,-9999999.000,0.000,0.000,1.000,0,0,0,11,11,0,0,11,0.0,0.0,0.0,0.0,0.0,1.0,-1
"F[0,2]((Calcium <= 2.610 & Potassium <= 4.024) & Magnesium >= 0.030)
",-9999999.000,-9999999.000,0.000,0.000,1.000,0,0,0,11,11,0,0,11,0.0,0.0,0.0,0.0,0.0,1.0,-1
"F[0,2]((Phosphate >= 0.114 & Magnesium > 0.043) -> Calcium < 4.944)
",-9999999.000,-9999999.000,0.000,0.000,1.000,0,0,0,11,11,0,0,11,0.0,0.0,0.0,0.0,0.0,1.0,-1
"F[1,1]((Platelets >= 5.442 & PTT >= 0.258) -> FiO2 <= 8.291)
",-4667594975094391.000,-8.291,0.000,0.000,1.000,0,0,0,11,11,0,0,11,0.0,0.0,0.0,0.0,0.0,1.0,-1
"F[0,2](((Calcium < 7.556 & Potassium < 1.110) & Magnesium < 0.154) & Phosphate < 2.961)
",-9999999.000,-9999999.000,0.000,0.000,1.000,0,0,0,11,11,0,0,11,0.0,0.0,0.0,0.0,0.0,1.0,-1
"((MAP >= 66.494) U[2,2] (SBP <= 183.786))
",6466378168509725.000,183.786,0.000,0.000,1.000,0,0,0,11,11,0,0,11,0.0,0.0,0.0,0.0,0.0,1.0,-1
"((Potassium > 0.092) U[0,2] (SepsisLabel = 0.000))
",-9999999.000,-9999999.000,0.000,0.000,1.000,0,0,0,11,11,0,0,11,0.0,0.0,0.0,0.0,0.0,1.0,-1
"F[1,1](Fibrinogen >= 0.000 -> SepsisLabel = 0.000)
",0.000,0.000,0.000,0.000,1.000,0,0,0,11,11,0,0,11,0.0,0.0,0.0,0.0,0.0,1.0,-1
"F[0,1](((Calcium < 8.136 & Potassium < 2.119) & Magnesium < 0.299) & Phosphate < 2.116)
",-9999999.000,-9999999.000,0.000,0.000,1.000,0,0,0,11,11,0,0,11,0.0,0.0,0.0,0.0,0.0,1.0,-1
"F[1,2]((Calcium <= 5.000 & Potassium <= 1.807) & Magnesium >= 0.061)
",-9999999.000,-9999999.000,0.000,0.000,1.000,0,0,0,11,11,0,0,11,0.0,0.0,0.0,0.0,0.0,1.0,-1
"F[1,2](Hgb <= 5.689 | Hct <= 20.142)
",-9999999.000,-9999999.000,0.000,0.000,1.000,0,0,0,11,11,0,0,11,0.0,0.0,0.0,0.0,0.0,1.0,-1
"((MAP >= 2.682) U[0,1] (SBP <= 190.662))
",-9999999.000,-9999999.000,0.000,0.000,1.000,0,0,0,11,11,0,0,11,0.0,0.0,0.0,0.0,0.0,1.0,-1
"F[0,2](Potassium >= 0.233 -> Temp <= 15.499)
",-9999999.000,-9999999.000,0.000,0.000,1.000,0,0,0,11,11,0,0,11,0.0,0.0,0.0,0.0,0.0,1.0,-1
"F[0,2]((Glucose <= 45.444 -> MAP <= 121.628) | Chloride >= 59.166)
",-9999999.000,-9999999.000,0.000,0.000,1.000,0,0,0,11,11,0,0,11,0.0,0.0,0.0,0.0,0.0,1.0,-1
"F[0,2](((DBP <= 88.019 -> TroponinI >= 0.296) | SBP >= 0.076) & Glucose <= 1.742)
",-9999999.000,-9999999.000,0.000,0.000,1.000,0,0,0,11,11,0,0,11,0.0,0.0,0.0,0.0,0.0,1.0,-1
"F[1,2](BUN >= 2.668 -> SBP <= 159.869)
",-9999999.000,-9999999.000,0.000,0.000,1.000,0,0,0,11,11,0,0,11,0.0,0.0,0.0,0.0,0.0,1.0,-1
"F[1,2]((PTT <= 23.637 -> Temp <= 13.653) -> Creatinine <= 23.178)
",-9999999.000,-9999999.000,0.000,0.000,1.000,0,0,0,11,11,0,0,11,0.0,0.0,0.0,0.0,0.0,1.0,-1
"F[0,2]((Calcium >= 0.690 | SBP >= 98.144) | SepsisLabel >= 104.631)
",-9999999.000,-9999999.000,0.000,0.000,1.000,0,0,0,11,11,0,0,11,0.0,0.0,0.0,0.0,0.0,1.0,-1
"F[1,1](Creatinine >= 0.084 | MAP <= 125.627)
",8840207923594620.000,125.627,0.000,0.000,1.000,0,0,0,11,11,0,0,11,0.0,0.0,0.0,0.0,0.0,1.0,-1
"F[2,2]((MAP >= 75.415 | Potassium >= 0.158) & Bilirubin_total <= 1.607)
",-5680280259983911.000,-0.158,0.000,0.000,1.000,0,0,0,11,11,0,0,11,0.0,0.0,0.0,0.0,0.0,1.0,-1
"F[1,2](((MAP <= 96.768 | Phosphate >= 0.061) | Phosphate >= 0.246) | AST <= 1.711)
",-9999999.000,-9999999.000,0.000,0.000,1.000,0,0,0,11,11,0,0,11,0.0,0.0,0.0,0.0,0.0,1.0,-1
"F[1,2]((HR >= 47.955 -> PTT >= 0.133) | BaseExcess >= 1.353)
",-9999999.000,-9999999.000,0.000,0.000,1.000,0,0,0,11,11,0,0,11,0.0,0.0,0.0,0.0,0.0,1.0,-1
"F[1,2]((AST >= 1.265 -> HR >= 22.220) -> SaO2 <= 80.423)
",-9999999.000,-9999999.000,0.000,0.000,1.000,0,0,0,11,11,0,0,11,0.0,0.0,0.0,0.0,0.0,1.0,-1
"F[2,2](((O2Sat >= 46.883 & Phosphate <= 0.620) | Alkalinephos <= 1.816) & Resp <= 1.196)
",5387373923739681.000,1.196,0.000,0.000,1.000,0,0,0,11,11,0,0,11,0.0,0.0,0.0,0.0,0.0,1.0,-1
"((Calcium <= 7.113) U[2,2] (Phosphate >= 0.157))
",8009078710228172.000,7.113,0.000,0.000,1.000,0,0,0,11,11,0,0,11,0.0,0.0,0.0,0.0,0.0,1.0,-1
"((Calcium <= 7.563) U[2,2] (Creatinine <= 0.817))
",8514850433671793.000,7.563,0.000,0.000,1.000,0,0,0,11,11,0,0,11,0.0,0.0,0.0,0.0,0.0,1.0,-1
"F[1,2](((Calcium <= 2.313 | Potassium >= 0.214) -> O2Sat <= 1.260) -> Bilirubin_total >= 0.184)
",-9999999.000,-9999999.000,0.000,0.000,1.000,0,0,0,11,11,0,0,11,0.0,0.0,0.0,0.0,0.0,1.0,-1
"F[0,2]((Phosphate >= 0.087 & Magnesium > 0.027) -> Calcium < 5.098)
",-9999999.000,-9999999.000,0.000,0.000,1.000,0,0,0,11,11,0,0,11,0.0,0.0,0.0,0.0,0.0,1.0,-1
"((MAP >= 34.922) U[0,2] (SBP <= 153.305))
",-9999999.000,-9999999.000,0.000,0.000,1.000,0,0,0,11,11,0,0,11,0.0,0.0,0.0,0.0,0.0,1.0,-1
"F[0,1](Hgb <= 7.032 | Hct <= 10.462)
",-9999999.000,-9999999.000,0.000,0.000,1.000,0,0,0,11,11,0,0,11,0.0,0.0,0.0,0.0,0.0,1.0,-1
"F[0,2]((Calcium <= 7.002 & Potassium <= 3.472) & Magnesium >= 0.043)
",-9999999.000,-9999999.000,0.000,0.000,1.000,0,0,0,11,11,0,0,11,0.0,0.0,0.0,0.0,0.0,1.0,-1
"F[2,2](((Calcium < 6.273 & Potassium < 2.989) & Magnesium < 1.305) & Phosphate < 1.173)
",1.173,1.173,0.000,0.000,1.000,0,0,0,11,11,0,0,11,0.0,0.0,0.0,0.0,0.0,1.0,-1
"((MAP >= 17.479) U[0,2] (SBP <= 181.921))
",-9999999.000,-9999999.000,0.000,0.000,1.000,0,0,0,11,11,0,0,11,0.0,0.0,0.0,0.0,0.0,1.0,-1
"F[0,1](Hgb <= 4.760 | Hct <= 20.022)
",-9999999.000,-9999999.000,0.000,0.000,1.000,0,0,0,11,11,0,0,11,0.0,0.0,0.0,0.0,0.0,1.0,-1
"F[2,2]((Calcium <= 6.634 & Potassium <= 2.326) & Magnesium >= 0.034)
",-0.034,-0.034,0.000,0.000,1.000,0,0,0,11,11,0,0,11,0.0,0.0,0.0,0.0,0.0,1.0,-1
"F[0,1](((Calcium < 7.366 & Potassium < 2.029) & Magnesium < 1.390) & Phosphate < 2.223)
",-9999999.000,-9999999.000,0.000,0.000,1.000,0,0,0,11,11,0,0,11,0.0,0.0,0.0,0.0,0.0,1.0,-1
"F[1,2]((Phosphate >= 0.248 & Magnesium > 0.084) -> Calcium < 8.900)
",-9999999.000,-9999999.000,0.000,0.000,1.000,0,0,0,11,11,0,0,11,0.0,0.0,0.0,0.0,0.0,1.0,-1
"F[0,0]((FiO2 <= 0.000 -> Calcium <= 0.990) | Hct <= 4.598)
",3.815,3.895,0.000,0.000,1.000,0,0,0,11,11,0,0,11,0.0,0.0,0.0,0.0,0.0,1.0,-1
"F[0,2](Resp >= 8.790 -> Resp <= 45.393)
",-9999999.000,-9999999.000,0.000,0.000,1.000,0,0,0,11,11,0,0,11,0.0,0.0,0.0,0.0,0.0,1.0,-1
"((Fibrinogen <= 0.000) U[0,1] (Fibrinogen >= 0.000))
",-9999999.000,-9999999.000,0.000,0.000,1.000,0,0,0,11,11,0,0,11,0.0,0.0,0.0,0.0,0.0,1.0,-1
"G[1,2](((HR >= 59.673 | Phosphate <= 3.284) -> Hct <= 2.388) | Phosphate >= 0.066)
",9999999.000,9999999.000,0.000,1.000,0.000,0,0,10,1,1,10,10,1,0.0,0.0,1.0,0.0,0.0,1.0,1
"G[0,2]((Alkalinephos <= 9.397 | Platelets <= 185.468) & Magnesium >= 9.892)
",9999999.000,9999999.000,0.000,1.000,0.000,0,0,0,11,11,0,0,11,0.0,0.0,0.0,0.0,0.0,1.0,1
"G[2,2]((Hgb <= 9.378 & PTT <= 17.370) & Creatinine >= 0.571)
",-5145383944667574.000,-0.571,0.000,1.000,0.000,0,0,11,0,0,11,11,0,0.0,0.0,1.0,0.0,0.0,1.0,1
"G[0,2](Alkalinephos >= 1.216 -> SBP <= 162.754)
",9999999.000,9999999.000,0.000,1.000,0.000,0,0,11,0,0,11,11,0,0.0,0.0,1.0,0.0,0.0,1.0,1
"G[1,2](Hct <= 13.041 | HR <= 88.043)
",9999999.000,9999999.000,0.000,1.000,0.000,0,0,10,1,1,10,10,1,0.0,0.0,1.0,0.0,0.0,1.0,1
"G[0,0](((PTT >= 1.319 | TroponinI >= 0.108) & Lactate <= 0.955) & Alkalinephos <= 2.535)
",-0.316,-10.460,0.000,1.000,0.000,0,0,0,11,11,0,0,11,0.0,0.0,0.0,0.0,0.0,1.0,1
"G[1,2](BUN <= 23.927 & DBP <= 68.719)
",9999999.000,9999999.000,0.000,1.000,0.000,0,0,5,6,6,5,5,6,0.0,0.0,1.0,0.0,0.0,1.0,1
"G[1,2]((Platelets >= 11.959 -> SBP <= 183.863) | Fibrinogen <= 201.578)
",9999999.000,9999999.000,0.000,1.000,0.000,0,0,11,0,0,11,11,0,0.0,0.0,1.0,0.0,0.0,1.0,1
"G[1,2]((Hgb >= 0.492 & SBP >= 46.126) -> Hgb <= 159.461)
",9999999.000,9999999.000,0.000,1.000,0.000,0,0,11,0,0,11,11,0,0.0,0.0,1.0,0.0,0.0,1.0,1
"G[2,2](((O2Sat >= 9.368 & WBC <= 7.594) -> Platelets <= 9.151) | Creatinine <= 6.701)
",7545133243048602.000,6.701,0.000,1.000,0.000,0,0,11,0,0,11,11,0,0.0,0.0,1.0,0.0,0.0,1.0,1
"G[1,2](((O2Sat <= 90.163 & Platelets >= 11.207) -> HCO3 >= 15.764) -> Chloride >= 15.287)
",9999999.000,9999999.000,0.000,1.000,0.000,0,0,0,11,11,0,0,11,0.0,0.0,0.0,0.0,0.0,1.0,1
"G[0,2](((Hct >= 0.359 & O2Sat >= 50.982) | Platelets >= 6.484) -> Resp >= 7.803)
",9999999.000,9999999.000,0.000,1.000,0.000,0,0,11,0,0,11,11,0,0.0,0.0,1.0,0.0,0.0,1.0,1
"G[0,1](Creatinine >= 0.063 & HR >= 14.166)
",9999999.000,9999999.000,0.000,1.000,0.000,0,0,0,11,11,0,0,11,0.0,0.0,0.0,0.0,0.0,1.0,1
"G[1,2](((BUN <= 28.256 & O2Sat >= 55.230) & SepsisLabel <= 95.684) & HCO3 >= 73.166)
",9999999.000,9999999.000,0.000,1.000,0.000,0,0,0,11,11,0,0,11,0.0,0.0,0.0,0.0,0.0,1.0,1
"F[0,1](((AST >= 1.359 & Platelets <= 102.410) & TroponinI <= 182.403) -> EtCO2 >= 14.795)
",-9999999.000,-9999999.000,0.000,0.000,1.000,0,0,0,11,11,0,0,11,0.0,0.0,0.0,0.0,0.0,1.0,-1
"G[2,2](((Alkalinephos <= 27.136 -> HR <= 79.866) | Phosphate >= 16.810) | HCO3 <= 76.937)
",76.937,76.937,0.000,1.000,0.000,0,0,11,0,0,11,11,0,0.0,0.0,1.0,0.0,0.0,1.0,1
"G[1,2]((Bilirubin_total >= 0.009 & HR <= 80.485) | Magnesium >= 0.177)
",9999999.000,9999999.000,0.000,1.000,0.000,0,0,2,9,9,2,2,9,0.0,0.0,1.0,0.0,0.0,1.0,1
"G[2,2](Calcium <= 1.271 | MAP >= 13.365)
",5724008438137206.000,1.271,0.000,1.000,0.000,0,0,11,0,0,11,11,0,0.0,0.0,1.0,0.0,0.0,1.0,1
"G[1,2]((DBP >= 33.325 -> Phosphate >= 0.169) & Potassium >= 0.086)
",9999999.000,9999999.000,0.000,1.000,0.000,0,0,2,9,9,2,2,9,0.0,0.0,1.0,0.0,0.0,1.0,1
"G[2,2](AST <= 18.813 -> Magnesium >= 0.039)
",-5295385917032291.000,-18.813,0.000,1.000,0.000,0,0,11,0,0,11,11,0,0.0,0.0,1.0,0.0,0.0,1.0,1
"G[2,2](((Magnesium >= 0.005 | PTT <= 2.187) & Platelets >= 0.886) & Calcium <= 16.669)
",-7982422947240353.000,-0.886,0.000,1.000,0.000,0,0,11,0,0,11,11,0,0.0,0.0,1.0,0.0,0.0,1.0,1
"G[0,2](((AST <= 23.034 & Potassium >= 0.196) -> BUN <= 3.060) | WBC >= 0.047)
",9999999.000,9999999.000,0.000,1.000,0.000,0,0,11,0,0,11,11,0,0.0,0.0,1.0,0.0,0.0,1.0,1
"G[0,1](Platelets <= 112.836 -> WBC >= 0.646)
",9999999.000,9999999.000,0.000,1.000,0.000,0,0,0,11,11,0,0,11,0.0,0.0,0.0,0.0,0.0,1.0,1
"G[0,1](BUN <= 24.966 & Creatinine >= 0.016)
",9999999.000,9999999.000,0.000,1.000,0.000,0,0,0,11,11,0,0,11,0.0,0.0,0.0,0.0,0.0,1.0,1
"G[2,2](((Hgb <= 2.100 | Hct <= 4.809) -> WBC >= 0.036) & Platelets >= 7.976)
",-8980643771549567.000,-7.976,0.000,1.000,0.000,0,0,11,0,0,11,11,0,0.0,0.0,1.0,0.0,0.0,1.0,1
"G[1,2](Platelets <= 62.279 -> WBC >= 0.570)
",9999999.000,9999999.000,0.000,1.000,0.000,0,0,2,9,9,2,2,9,0.0,0.0,1.0,0.0,0.0,1.0,1
"G[0,1](BUN <= 26.040 & Creatinine >= 0.019)
",9999999.000,9999999.000,0.000,1.000,0.000,0,0,0,11,11,0,0,11,0.0,0.0,0.0,0.0,0.0,1.0,1
"G[1,2]((Bilirubin_total <= 0.361 | Platelets <= 80.066) | Creatinine >= 4.096)
",9999999.000,9999999.000,0.000,1.000,0.000,0,0,11,0,0,11,11,0,0.0,0.0,1.0,0.0,0.0,1.0,1
"G[1,1](((Bilirubin_total >= 0.008 & Resp >= 7.014) | Platelets >= 12.701) & Magnesium >= 15.355)
",-8643951255653889.000,-15.355,0.000,1.000,0.000,0,0,0,11,11,0,0,11,0.0,0.0,0.0,0.0,0.0,1.0,1
"G[1,2]((Alkalinephos >= 0.038 -> O2Sat >= 74.989) & O2Sat >= 35.945)
",9999999.000,9999999.000,0.000,1.000,0.000,0,0,10,1,1,10,10,1,0.0,0.0,1.0,0.0,0.0,1.0,1
"G[0,2](Bilirubin_total <= 0.147 -> O2Sat <= 89.404)
",9999999.000,9999999.000,0.000,1.000,0.000,0,0,1,10,10,1,1,10,0.0,0.0,1.0,0.0,0.0,1.0,1
"G[1,1](((Calcium >= 0.804 | TroponinI >= 0.337) & pH >= 0.027) & FiO2 >= 0.207)
",-6079248761775415.000,-0.337,0.000,1.000,0.000,0,0,0,11,11,0,0,11,0.0,0.0,0.0,0.0,0.0,1.0,1
"G[1,2](((BUN <= 13.056 | TroponinI <= 1.715) -> Creatinine <= 2.465) | pH <= 2.142)
",9999999.000,9999999.000,0.000,1.000,0.000,0,0,11,0,0,11,11,0,0.0,0.0,1.0,0.0,0.0,1.0,1
"G[1,2]((Phosphate >= 0.274 -> SBP >= 110.726) & TroponinI >= 54.696)
",9999999.000,9999999.000,0.000,1.000,0.000,0,0,0,11,11,0,0,11,0.0,0.0,0.0,0.0,0.0,1.0,1
"G[1,2]((Temp >= 4.982 -> TroponinI <= 0.696) -> Glucose <= 1.089)
",9999999.000,9999999.000,0.000,1.000,0.000,0,0,9,2,2,9,9,2,0.0,0.0,1.0,0.0,0.0,1.0,1
"G[0,2](Platelets >= 10.035 | TroponinI <= 1.629)
",9999999.000,9999999.000,0.000,1.000,0.000,0,0,9,2,2,9,9,2,0.0,0.0,1.0,0.0,0.0,1.0,1
"G[1,2](((Phosphate <= 0.896 | WBC >= 0.367) & AST >= 0.010) -> MAP >= 0.558)
",9999999.000,9999999.000,0.000,1.000,0.000,0,0,11,0,0,11,11,0,0.0,0.0,1.0,0.0,0.0,1.0,1
"G[0,2](((Calcium >= 0.594 -> WBC <= 2.307) | Hgb >= 0.108) -> TroponinI >= 0.020)
",9999999.000,9999999.000,0.000,1.000,0.000,0,0,0,11,11,0,0,11,0.0,0.0,0.0,0.0,0.0,1.0,1
"G[1,2](((Creatinine >= 0.006 -> WBC <= 6.770) & pH >= 0.576) & Lactate >= 0.335)
",9999999.000,9999999.000,0.000,1.000,0.000,0,0,0,11,11,0,0,11,0.0,0.0,0.0,0.0,0.0,1.0,1
"G[1,2]((Calcium >= 0.465 | Platelets >= 4.741) & Bilirubin_direct >= 12.202)
",9999999.000,9999999.000,0.000,1.000,0.000,0,0,0,11,11,0,0,11,0.0,0.0,0.0,0.0,0.0,1.0,1
"G[2,2](((Hct >= 0.394 & Potassium <= 0.945) -> Hgb >= 0.158) & Bilirubin_total >= 0.028)
",-0.028,-0.028,0.000,1.000,0.000,0,0,11,0,0,11,11,0,0.0,0.0,1.0,0.0,0.0,1.0,1
"G[0,1](((Hct >= 0.462 -> Magnesium <= 1.382) & WBC >= 0.054) & WBC >= 0.125)
",9999999.000,9999999.000,0.000,1.000,0.000,0,0,0,11,11,0,0,11,0.0,0.0,0.0,0.0,0.0,1.0,1
"G[1,2](((BUN >= 1.856 | Hct >= 2.534) -> pH <= 20.388) -> Chloride >= 1.119)
",9999999.000,9999999.000,0.000,1.000,0.000,0,0,0,11,11,0,0,11,0.0,0.0,0.0,0.0,0.0,1.0,1
"G[0,2](((Creatinine <= 0.552 | Hct <= 17.815) -> Bilirubin_total >= 1.169) & Creatinine >= 2.263)
",9999999.000,9999999.000,0.000,1.000,0.000,0,0,0,11,11,0,0,11,0.0,0.0,0.0,0.0,0.0,1.0,1
"G[0,0]((AST <= 17.725 | Glucose <= 89.319) -> Potassium >= 15.521)
",-6285245681158399.000,-89.319,0.000,1.000,0.000,0,0,0,11,11,0,0,11,0.0,0.0,0.0,0.0,0.0,1.0,1
"G[0,2]((Bilirubin_total <= 1.032 & Glucose >= 8.309) & BaseExcess >= 0.025)
",9999999.000,9999999.000,0.000,1.000,0.000,0,0,0,11,11,0,0,11,0.0,0.0,0.0,0.0,0.0,1.0,1
"G[2,2](((AST <= 18.610 | Creatinine <= 0.280) & HR <= 0.908) | MAP >= 0.081)
",4090167446280093.000,0.908,0.000,1.000,0.000,0,0,11,0,0,11,11,0,0.0,0.0,1.0,0.0,0.0,1.0,1
"G[1,2]((Glucose >= 0.526 & Hct >= 0.259) & Calcium <= 22.776)
",9999999.000,9999999.000,0.000,1.000,0.000,0,0,1,10,10,1,1,10,0.0,0.0,1.0,0.0,0.0,1.0,1
"G[1,2]((Bilirubin_total <= 0.323 | BUN <= 28.208) -> Bilirubin_direct >= 2.523)
",9999999.000,9999999.000,0.000,1.000,0.000,0,0,1,10,10,1,1,10,0.0,0.0,1.0,0.0,0.0,1.0,1
"G[0,2](((Hgb <= 9.321 -> HR <= 85.334) & HR >= 47.769) | Fibrinogen >= 48.684)
",9999999.000,9999999.000,0.000,1.000,0.000,0,0,6,5,5,6,6,5,0.0,0.0,1.0,0.0,0.0,1.0,1
"G[1,2]((Magnesium <= 1.046 | MAP <= 123.329) | AST <= 125.920)
",9999999.000,9999999.000,0.000,1.000,0.000,0,0,11,0,0,11,11,0,0.0,0.0,1.0,0.0,0.0,1.0,1
"G[1,2]((MAP <= 109.060 | Temp <= 36.255) & PTT <= 33.377)
",9999999.000,9999999.000,0.000,1.000,0.000,0,0,11,0,0,11,11,0,0.0,0.0,1.0,0.0,0.0,1.0,1
"G[1,2]((MAP <= 118.357 -> WBC >= 0.324) | BaseExcess >= 0.337)
",9999999.000,9999999.000,0.000,1.000,0.000,0,0,4,7,7,4,4,7,0.0,0.0,1.0,0.0,0.0,1.0,1
"G[0,2]((Alkalinephos <= 7.090 & DBP >= 64.133) | BaseExcess >= 29.583)
",9999999.000,9999999.000,0.000,1.000,0.000,0,0,6,5,5,6,6,5,0.0,0.0,1.0,0.0,0.0,1.0,1
"G[2,2](((Hct >= 1.940 & Resp >= 12.930) | Lactate >= 3.284) | Alkalinephos >= 14.410)
",-7395917569440598.000,-3.284,0.000,1.000,0.000,0,0,11,0,0,11,11,0,0.0,0.0,1.0,0.0,0.0,1.0,1
"G[0,2](((Hgb >= 0.438 -> Resp <= 45.070) & Bilirubin_direct >= 14.002) & Hgb >= 11.685)
",9999999.000,9999999.000,0.000,1.000,0.000,0,0,0,11,11,0,0,11,0.0,0.0,0.0,0.0,0.0,1.0,1
"G[0,1](((Hgb <= 6.724 | Hct <= 27.974) -> WBC >= 0.153) & Platelets >= 16.160)
",9999999.000,9999999.000,0.000,1.000,0.000,0,0,0,11,11,0,0,11,0.0,0.0,0.0,0.0,0.0,1.0,1
"G[0,2](Platelets <= 144.344 -> WBC >= 0.694)
",9999999.000,9999999.000,0.000,1.000,0.000,0,0,0,11,11,0,0,11,0.0,0.0,0.0,0.0,0.0,1.0,1
"G[1,2](BUN <= 14.055 & Creatinine >= 0.071)
",9999999.000,9999999.000,0.000,1.000,0.000,0,0,0,11,11,0,0,11,0.0,0.0,0.0,0.0,0.0,1.0,1
"G[1,2](Hct <= 26.286 & WBC >= 0.167)
",9999999.000,9999999.000,0.000,1.000,0.000,0,0,0,11,11,0,0,11,0.0,0.0,0.0,0.0,0.0,1.0,1
"G[2,2](((Hct <= 29.218 | Platelets <= 189.811) | BaseExcess <= 147.847) | WBC >= 12.713)
",189.811,189.811,0.000,1.000,0.000,0,0,11,0,0,11,11,0,0.0,0.0,1.0,0.0,0.0,1.0,1
"G[0,2](((BUN <= 19.096 -> Calcium <= 5.111) -> Bilirubin_total <= 4.298) & Hct >= 0.794)
",9999999.000,9999999.000,0.000,1.000,0.000,0,0,0,11,11,0,0,11,0.0,0.0,0.0,0.0,0.0,1.0,1
"G[1,2](Phosphate <= 2.220 | Potassium >= 0.330)
",9999999.000,9999999.000,0.000,1.000,0.000,0,0,11,0,0,11,11,0,0.0,0.0,1.0,0.0,0.0,1.0,1
"G[0,2]((Creatinine >= 0.032 -> Magnesium <= 0.750) | Chloride >= 0.002)
",9999999.000,9999999.000,0.000,1.000,0.000,0,0,9,2,2,9,9,2,0.0,0.0,1.0,0.0,0.0,1.0,1
"G[1,2](((BUN <= 12.320 & Magnesium >= 0.083) -> Magnesium >= 0.119) & PTT >= 0.045)
",9999999.000,9999999.000,0.000,1.000,0.000,0,0,1,10,10,1,1,10,0.0,0.0,1.0,0.0,0.0,1.0,1
"G[1,2]((Magnesium <= 0.453 | Potassium <= 3.751) & pH >= 0.186)
",9999999.000,9999999.000,0.000,1.000,0.000,0,0,0,11,11,0,0,11,0.0,0.0,0.0,0.0,0.0,1.0,1
"G[0,1](((Calcium <= 6.129 & Magnesium <= 1.261) & BUN >= 0.000) -> Bilirubin_total >= 0.012)
",9999999.000,9999999.000,0.000,1.000,0.000,0,0,0,11,11,0,0,11,0.0,0.0,0.0,0.0,0.0,1.0,1
"G[1,2](((BUN <= 31.217 -> Creatinine <= 0.301) & BaseExcess >= 0.037) -> Bilirubin_direct <= 0.679)
",9999999.000,9999999.000,0.000,1.000,0.000,0,0,11,0,0,11,11,0,0.0,0.0,1.0,0.0,0.0,1.0,1
"G[1,2](((AST <= 23.407 & PTT >= 0.297) & pH >= 0.709) & Temp >= 0.160)
",9999999.000,9999999.000,0.000,1.000,0.000,0,0,0,11,11,0,0,11,0.0,0.0,0.0,0.0,0.0,1.0,1
"G[0,2](Phosphate <= 2.291 & SepsisLabel = 0.000)
",9999999.000,9999999.000,0.000,1.000,0.000,0,0,9,2,2,9,9,2,0.0,0.0,1.0,0.0,0.0,1.0,1
"G[2,2](pH <= 0.000 & SepsisLabel = 0.000)
",0.000,0.000,0.000,1.000,0.000,0,0,11,0,0,11,11,0,0.0,0.0,1.0,0.0,0.0,1.0,1
"G[1,2](Bilirubin_direct > 0.000 -> SepsisLabel = 0.000)
",9999999.000,9999999.000,0.000,1.000,0.000,0,0,11,0,0,11,11,0,0.0,0.0,1.0,0.0,0.0,1.0,1
"G[2,2](MAP >= 49.206 -> SepsisLabel = 0.000)
",0.000,0.000,0.000,1.000,0.000,0,0,11,0,0,11,11,0,0.0,0.0,1.0,0.0,0.0,1.0,1
"G[0,2](Bilirubin_total <= 1.000 -> SepsisLabel = 0.000)
",9999999.000,9999999.000,0.000,1.000,0.000,0,0,11,0,0,11,11,0,0.0,0.0,1.0,0.0,0.0,1.0,1
"G[1,1](FiO2 < 0.000 & SepsisLabel = 0.000)
",0.000,0.000,0.000,1.000,0.000,0,0,0,11,11,0,0,11,0.0,0.0,0.0,0.0,0.0,1.0,1
"G[2,2](Potassium >= 0.056 -> SepsisLabel = 0.000)
",0.000,0.000,0.000,1.000,0.000,0,0,11,0,0,11,11,0,0.0,0.0,1.0,0.0,0.0,1.0,1
"G[1,2](HR >= 47.740 & SepsisLabel = 0.000)
",9999999.000,9999999.000,0.000,1.000,0.000,0,0,10,1,1,10,10,1,0.0,0.0,1.0,0.0,0.0,1.0,1
"G[1,1](BUN <= 34.081 & Creatinine >= 0.029)
",-0.029,-0.029,0.000,1.000,0.000,0,0,0,11,11,0,0,11,0.0,0.0,0.0,0.0,0.0,1.0,1
"G[2,2](((Hgb <= 3.016 | Hct <= 7.523) -> WBC >= 0.358) & Platelets >= 2.144)
",-8469824318041862.000,-7.523,0.000,1.000,0.000,0,0,11,0,0,11,11,0,0.0,0.0,1.0,0.0,0.0,1.0,1
"G[1,2](((Creatinine >= 0.043 | Resp <= 42.201) -> Lactate >= 1.070) -> BaseExcess >= 4.982)
",9999999.000,9999999.000,0.000,1.000,0.000,0,0,10,1,1,10,10,1,0.0,0.0,1.0,0.0,0.0,1.0,1
"G[1,2](Temp >= 2.720 & Calcium >= 0.097)
",9999999.000,9999999.000,0.000,1.000,0.000,0,0,0,11,11,0,0,11,0.0,0.0,0.0,0.0,0.0,1.0,1
"G[0,2](Chloride >= 0.000 & HCO3 >= 0.000)
",9999999.000,9999999.000,0.000,1.000,0.000,0,0,11,0,0,11,11,0,0.0,0.0,1.0,0.0,0.0,1.0,1
"G[0,2]((Temp <= 31.031 -> PTT >= 0.189) | BaseExcess >= 0.839)
",9999999.000,9999999.000,0.000,1.000,0.000,0,0,1,10,10,1,1,10,0.0,0.0,1.0,0.0,0.0,1.0,1
"G[0,2](Glucose <= 38.448 -> Bilirubin_direct <= 0.000)
",9999999.000,9999999.000,0.000,1.000,0.000,0,0,11,0,0,11,11,0,0.0,0.0,1.0,0.0,0.0,1.0,1
"G[0,2](Hct <= 26.013 & SaO2 <= 0.000)
",9999999.000,9999999.000,0.000,1.000,0.000,0,0,9,2,2,9,9,2,0.0,0.0,1.0,0.0,0.0,1.0,1
"G[1,2](Platelets >= 4.811 & WBC >= 0.519)
",9999999.000,9999999.000,0.000,1.000,0.000,0,0,2,9,9,2,2,9,0.0,0.0,1.0,0.0,0.0,1.0,1
"G[0,2]((MAP <= 118.355 & SBP <= 153.622) & FiO2 >= 81.208)
",9999999.000,9999999.000,0.000,1.000,0.000,0,0,0,11,11,0,0,11,0.0,0.0,0.0,0.0,0.0,1.0,1
"G[2,2](((Hgb <= 10.570 | Hct <= 5.448) -> WBC >= 0.465) & Platelets >= 5.731)
",-10.570,-10.570,0.000,1.000,0.000,0,0,11,0,0,11,11,0,0.0,0.0,1.0,0.0,0.0,1.0,1
"G[0,2](HR <= 99.708 -> O2Sat <= 96.189)
",9999999.000,9999999.000,0.000,1.000,0.000,0,0,6,5,5,6,6,5,0.0,0.0,1.0,0.0,0.0,1.0,1
"G[1,2](Platelets <= 160.283 -> WBC >= 0.207)
",9999999.000,9999999.000,0.000,1.000,0.000,0,0,2,9,9,2,2,9,0.0,0.0,1.0,0.0,0.0,1.0,1
"G[1,2](Chloride >= 0.000 & HCO3 >= 0.000)
",9999999.000,9999999.000,0.000,1.000,0.000,0,0,11,0,0,11,11,0,0.0,0.0,1.0,0.0,0.0,1.0,1
"G[0,1](BUN <= 22.091 & Creatinine >= 0.046)
",9999999.000,9999999.000,0.000,1.000,0.000,0,0,0,11,11,0,0,11,0.0,0.0,0.0,0.0,0.0,1.0,1
"G[0,0](((Hgb <= 8.836 | Hct <= 31.053) -> WBC >= 0.182) & Platelets >= 8.365)
",-29.730,-30.350,0.000,1.000,0.000,0,0,0,11,11,0,0,11,0.0,0.0,0.0,0.0,0.0,1.0,1
"G[0,2](((Hgb <= 9.431 | Hct <= 29.762) -> WBC >= 0.426) & Platelets >= 5.510)
",9999999.000,9999999.000,0.000,1.000,0.000,0,0,0,11,11,0,0,11,0.0,0.0,0.0,0.0,0.0,1.0,1
"G[1,2](BUN <= 27.868 & Creatinine >= 0.094)
",9999999.000,9999999.000,0.000,1.000,0.000,0,0,0,11,11,0,0,11,0.0,0.0,0.0,0.0,0.0,1.0,1
"G[1,2](((Hgb <= 9.656 | Hct <= 31.872) -> WBC >= 0.263) & Platelets >= 10.867)
",9999999.000,9999999.000,0.000,1.000,0.000,0,0,2,9,9,2,2,9,0.0,0.0,1.0,0.0,0.0,1.0,1
"G[2,2](Chloride >= 0.000 & HCO3 >= 0.000)
",0.000,0.000,0.000,1.000,0.000,0,0,11,0,0,11,11,0,0.0,0.0,1.0,0.0,0.0,1.0,1
"G[0,1](BUN <= 28.077 & Creatinine >= 0.048)
",9999999.000,9999999.000,0.000,1.000,0.000,0,0,0,11,11,0,0,11,0.0,0.0,0.0,0.0,0.0,1.0,1
"G[1,2](((Hgb <= 2.874 | Hct <= 4.694) -> WBC >= 0.694) & Platelets >= 1.362)
",9999999.000,9999999.000,0.000,1.000,0.000,0,0,2,9,9,2,2,9,0.0,0.0,1.0,0.0,0.0,1.0,1
"G[1,2](Platelets <= 132.734 -> WBC >= 0.193)
",9999999.000,9999999.000,0.000,1.000,0.000,0,0,2,9,9,2,2,9,0.0,0.0,1.0,0.0,0.0,1.0,1
"G[0,2](Chloride >= 0.000 & HCO3 >= 0.000)
",9999999.000,9999999.000,0.000,1.000,0.000,0,0,11,0,0,11,11,0,0.0,0.0,1.0,0.0,0.0,1.0,1
"G[0,0](BUN <= 18.636 & Creatinine >= 0.099)
",-0.099,-0.099,0.000,1.000,0.000,0,0,0,11,11,0,0,11,0.0,0.0,0.0,0.0,0.0,1.0,1
"G[0,2](((Hgb <= 2.904 | Hct <= 27.366) -> WBC >= 0.688) & Platelets >= 3.342)
",9999999.000,9999999.000,0.000,1.000,0.000,0,0,0,11,11,0,0,11,0.0,0.0,0.0,0.0,0.0,1.0,1
"G[0,1](Platelets <= 45.863 -> WBC >= 0.183)
",9999999.000,9999999.000,0.000,1.000,0.000,0,0,0,11,11,0,0,11,0.0,0.0,0.0,0.0,0.0,1.0,1
"G[0,1](BUN <= 10.231 & Creatinine >= 0.031)
",9999999.000,9999999.000,0.000,1.000,0.000,0,0,0,11,11,0,0,11,0.0,0.0,0.0,0.0,0.0,1.0,1
"G[0,2](((Hgb <= 7.890 | Hct <= 17.573) -> WBC >= 0.135) & Platelets >= 3.757)
",9999999.000,9999999.000,0.000,1.000,0.000,0,0,0,11,11,0,0,11,0.0,0.0,0.0,0.0,0.0,1.0,1
"G[0,0](Platelets <= 137.371 -> WBC >= 0.282)
",-4833319706878222.000,-137.371,0.000,1.000,0.000,0,0,0,11,11,0,0,11,0.0,0.0,0.0,0.0,0.0,1.0,1
"G[0,1](BUN <= 12.430 & Creatinine >= 0.080)
",9999999.000,9999999.000,0.000,1.000,0.000,0,0,0,11,11,0,0,11,0.0,0.0,0.0,0.0,0.0,1.0,1
"G[0,2](Chloride >= 0.000 & HCO3 >= 0.000)
",9999999.000,9999999.000,0.000,1.000,0.000,0,0,11,0,0,11,11,0,0.0,0.0,1.0,0.0,0.0,1.0,1
"G[1,2](Platelets <= 72.243 -> WBC >= 0.423)
",9999999.000,9999999.000,0.000,1.000,0.000,0,0,2,9,9,2,2,9,0.0,0.0,1.0,0.0,0.0,1.0,1
"G[0,2](((Phosphate >= 0.216 | PTT <= 12.702) -> Fibrinogen <= 6.242) | Bilirubin_total <= 23.066)
",9999999.000,9999999.000,0.000,1.000,0.000,0,0,11,0,0,11,11,0,0.0,0.0,1.0,0.0,0.0,1.0,1
"G[0,0](Glucose >= 15.886 & Magnesium >= 0.064)
",-15.886,-15.886,0.000,1.000,0.000,0,0,0,11,11,0,0,11,0.0,0.0,0.0,0.0,0.0,1.0,1
"G[0,2](DBP <= 72.609 & HR >= 41.966)
",9999999.000,9999999.000,0.000,1.000,0.000,0,0,5,6,6,5,5,6,0.0,0.0,1.0,0.0,0.0,1.0,1
"G[0,2]((DBP <= 68.700 | SBP >= 13.722) | WBC >= 20.337)
",9999999.000,9999999.000,0.000,1.000,0.000,0,0,11,0,0,11,11,0,0.0,0.0,1.0,0.0,0.0,1.0,1
"G[2,2](Calcium <= 5.132 | Temp >= 0.431)
",5.132,5.132,0.000,1.000,0.000,0,0,11,0,0,11,11,0,0.0,0.0,1.0,0.0,0.0,1.0,1
"G[0,1]((Hgb >= 0.566 & Temp <= 35.194) & Creatinine <= 30.806)
",9999999.000,9999999.000,0.000,1.000,0.000,0,0,0,11,11,0,0,11,0.0,0.0,0.0,0.0,0.0,1.0,1
"G[0,2](((Hct >= 2.227 -> Temp >= 5.437) -> Hgb <= 32.891) -> WBC >= 5.537)
",9999999.000,9999999.000,0.000,1.000,0.000,0,0,0,11,11,0,0,11,0.0,0.0,0.0,0.0,0.0,1.0,1
"F[1,2](((TroponinI <= 1.997 -> Chloride <= 0.000) | Alkalinephos <= 0.000) -> O2Sat >= 0.000)
",-9999999.000,-9999999.000,0.000,0.000,1.000,0,0,0,11,11,0,0,11,0.0,0.0,0.0,0.0,0.0,1.0,-1
"F[0,1](((Bilirubin_total <= 0.617 -> BUN >= 1.035) | BUN >= 1.581) -> WBC >= 1.387)
",-9999999.000,-9999999.000,0.000,0.000,1.000,0,0,0,11,11,0,0,11,0.0,0.0,0.0,0.0,0.0,1.0,-1
"((PaCO2 <= 0.000) U[0,2] (WBC <= 2.948))
",-9999999.000,-9999999.000,0.000,0.000,1.000,0,0,0,11,11,0,0,11,0.0,0.0,0.0,0.0,0.0,1.0,-1
"F[0,2]((BaseExcess >= 0.000 -> Calcium <= 5.198) | Bilirubin_total <= 5.023)
",-9999999.000,-9999999.000,0.000,0.000,1.000,0,0,0,11,11,0,0,11,0.0,0.0,0.0,0.0,0.0,1.0,-1
"((Hgb <= 5.137) U[1,2] (PTT <= 17.865))
",-9999999.000,-9999999.000,0.000,0.000,1.000,0,0,0,11,11,0,0,11,0.0,0.0,0.0,0.0,0.0,1.0,-1
"G[2,2](AST <= 7.053 -> TroponinI >= 0.304)
",-7.053,-7.053,0.000,1.000,0.000,0,0,11,0,0,11,11,0,0.0,0.0,1.0,0.0,0.0,1.0,1
"G[1,2](EtCO2 <= 0.000 & pH <= 0.000)
",9999999.000,9999999.000,0.000,1.000,0.000,0,0,11,0,0,11,11,0,0.0,0.0,1.0,0.0,0.0,1.0,1
"G[0,2](Potassium >= 0.315 & Lactate <= 0.000)
",9999999.000,9999999.000,0.000,1.000,0.000,0,0,0,11,11,0,0,11,0.0,0.0,0.0,0.0,0.0,1.0,1
"G[0,2]((WBC <= 6.748 & HCO3 >= 0.000) -> HCO3 >= 0.000)
",9999999.000,9999999.000,0.000,1.000,0.000,0,0,11,0,0,11,11,0,0.0,0.0,1.0,0.0,0.0,1.0,1
"G[0,2](((pH >= 0.000 | Bilirubin_total >= 0.032) & FiO2 <= 0.438) -> DBP >= 0.028)
",9999999.000,9999999.000,0.000,1.000,0.000,0,0,9,2,2,9,9,2,0.0,0.0,1.0,0.0,0.0,1.0,1
"G[1,2](((FiO2 <= 0.000 | pH <= 0.000) | PTT >= 0.000) | PaCO2 <= 0.000)
",9999999.000,9999999.000,0.000,1.000,0.000,0,0,11,0,0,11,11,0,0.0,0.0,1.0,0.0,0.0,1.0,1
"G[0,2](((MAP <= 103.056 | Bilirubin_total <= 1.036) -> Fibrinogen <= 0.727) -> HR >= 0.043)
",9999999.000,9999999.000,0.000,1.000,0.000,0,0,9,2,2,9,9,2,0.0,0.0,1.0,0.0,0.0,1.0,1
"G[0,1](PTT >= 0.458 & PaCO2 <= 0.000)
",9999999.000,9999999.000,0.000,1.000,0.000,0,0,0,11,11,0,0,11,0.0,0.0,0.0,0.0,0.0,1.0,1
"G[0,1]((SepsisLabel >= 0.000 & Platelets <= 111.189) & Magnesium >= 9.193)
",9999999.000,9999999.000,0.000,1.000,0.000,0,0,0,11,11,0,0,11,0.0,0.0,0.0,0.0,0.0,1.0,1
"G[0,2](((HCO3 >= 0.000 & PTT >= 0.504) & Potassium >= 0.632) -> O2Sat >= 1.341)
",9999999.000,9999999.000,0.000,1.000,0.000,0,0,11,0,0,11,11,0,0.0,0.0,1.0,0.0,0.0,1.0,1
"G[0,2]((FiO2 >= 0.000 -> Bilirubin_total >= 0.027) & BaseExcess >= 0.044)
",9999999.000,9999999.000,0.000,1.000,0.000,0,0,0,11,11,0,0,11,0.0,0.0,0.0,0.0,0.0,1.0,1
"G[0,2](((O2Sat >= 40.430 & HCO3 >= 0.000) -> DBP <= 0.000) -> MAP >= 0.000)
",9999999.000,9999999.000,0.000,1.000,0.000,0,0,11,0,0,11,11,0,0.0,0.0,1.0,0.0,0.0,1.0,1
"G[1,2](((HCO3 >= 0.000 & Platelets >= 3.446) & SaO2 <= 42.586) & MAP >= 1.025)
",9999999.000,9999999.000,0.000,1.000,0.000,0,0,2,9,9,2,2,9,0.0,0.0,1.0,0.0,0.0,1.0,1
"G[0,2]((SaO2 <= 0.000 & Alkalinephos >= 0.131) | BUN >= 1.487)
",9999999.000,9999999.000,0.000,1.000,0.000,0,0,0,11,11,0,0,11,0.0,0.0,0.0,0.0,0.0,1.0,1
"G[2,2](Fibrinogen <= 0.000 -> BUN <= 33.180)
",-4669623872851258.000,-33.180,0.000,1.000,0.000,0,0,11,0,0,11,11,0,0.0,0.0,1.0,0.0,0.0,1.0,1
"G[0,2](Bilirubin_direct >= 0.000 | Platelets <= 182.379)
",9999999.000,9999999.000,0.000,1.000,0.000,0,0,11,0,0,11,11,0,0.0,0.0,1.0,0.0,0.0,1.0,1
"G[1,2]((MAP <= 101.886 | Magnesium <= 1.209) -> Glucose >= 0.027)
",9999999.000,9999999.000,0.000,1.000,0.000,0,0,2,9,9,2,2,9,0.0,0.0,1.0,0.0,0.0,1.0,1
"G[0,2]((Fibrinogen <= 0.000 | WBC >= 0.559) | Bilirubin_direct >= 0.496)
",9999999.000,9999999.000,0.000,1.000,0.000,0,0,11,0,0,11,11,0,0.0,0.0,1.0,0.0,0.0,1.0,1
"G[1,2]((BaseExcess <= 0.000 | Calcium <= 1.327) & TroponinI >= 0.432)
",9999999.000,9999999.000,0.000,1.000,0.000,0,0,5,6,6,5,5,6,0.0,0.0,1.0,0.0,0.0,1.0,1
"G[0,2](((BUN >= 1.036 -> Potassium <= 1.347) -> Hgb <= 1.858) & Phosphate <= 1.730)
",9999999.000,9999999.000,0.000,1.000,0.000,0,0,8,3,3,8,8,3,0.0,0.0,1.0,0.0,0.0,1.0,1
"G[2,2]((Phosphate <= 1.251 | AST <= 4.714) & HR <= 25.943)
",5306974566475679.000,4.714,0.000,1.000,0.000,0,0,11,0,0,11,11,0,0.0,0.0,1.0,0.0,0.0,1.0,1
"((FiO2 >= 0.000) U[0,0] (SaO2 >= 0.000))
",0.000,0.000,0.000,0.000,1.000,0,0,0,11,11,0,0,11,0.0,0.0,0.0,0.0,0.0,1.0,-1
"F[1,1]((WBC >= 0.691 & Lactate <= 0.000) | HCO3 <= 0.000)
",0.000,0.000,0.000,0.000,1.000,0,0,0,11,11,0,0,11,0.0,0.0,0.0,0.0,0.0,1.0,-1
"G[2,2](Resp >= 2.546 | BaseExcess >= 0.000)
",0.000,0.000,0.000,1.000,0.000,0,0,11,0,0,11,11,0,0.0,0.0,1.0,0.0,0.0,1.0,1
"((PaCO2 >= 0.000) U[0,1] (Resp <= 42.805))
",-9999999.000,-9999999.000,0.000,0.000,1.000,0,0,0,11,11,0,0,11,0.0,0.0,0.0,0.0,0.0,1.0,-1
"G[1,2](((AST <= 17.760 -> Phosphate >= 0.055) & FiO2 <= 2.368) -> SBP <= 0.880)
",9999999.000,9999999.000,0.000,1.000,0.000,0,0,9,2,2,9,9,2,0.0,0.0,1.0,0.0,0.0,1.0,1
"F[1,2]((Temp <= 28.648 | FiO2 >= 0.000) -> Potassium >= 0.000)
",-9999999.000,-9999999.000,0.000,0.000,1.000,0,0,0,11,11,0,0,11,0.0,0.0,0.0,0.0,0.0,1.0,-1
"F[0,2](O2Sat >= 53.177 & SepsisLabel <= 0.000)
",-9999999.000,-9999999.000,0.000,0.000,1.000,0,0,0,11,11,0,0,11,0.0,0.0,0.0,0.0,0.0,1.0,-1
"F[0,1](((Lactate <= 0.000 | DBP >= 7.798) -> Chloride <= 100.648) | PaCO2 <= 72.832)
",-9999999.000,-9999999.000,0.000,0.000,1.000,0,0,0,11,11,0,0,11,0.0,0.0,0.0,0.0,0.0,1.0,-1
"F[1,2]((Temp <= 17.237 & FiO2 >= 0.000) & Chloride <= 0.000)
",-9999999.000,-9999999.000,0.000,0.000,1.000,0,0,0,11,11,0,0,11,0.0,0.0,0.0,0.0,0.0,1.0,-1
"((BUN >= 3.077) U[0,2] (Hct >= 0.013))
",-9999999.000,-9999999.000,0.000,0.000,1.000,0,0,0,11,11,0,0,11,0.0,0.0,0.0,0.0,0.0,1.0,-1
"F[0,0](Resp <= 22.447 | TroponinI <= 2.611)
",0.813,6.218,0.000,0.000,1.000,0,0,0,11,11,0,0,11,0.0,0.0,0.0,0.0,0.0,1.0,-1
"F[1,2](DBP >= 2.463 & Platelets <= 28.470)
",-9999999.000,-9999999.000,0.000,0.000,1.000,0,0,0,11,11,0,0,11,0.0,0.0,0.0,0.0,0.0,1.0,-1
"F[0,0](((DBP >= 55.896 -> Hct <= 13.811) & BUN <= 22.506) | Calcium <= 10.666)
",6004683007979273.000,10.666,0.000,0.000,1.000,0,0,0,11,11,0,0,11,0.0,0.0,0.0,0.0,0.0,1.0,-1
"F[0,1](((Glucose <= 101.068 -> Resp <= 53.192) | SaO2 <= 42.415) & AST <= 39.933)
",-9999999.000,-9999999.000,0.000,0.000,1.000,0,0,0,11,11,0,0,11,0.0,0.0,0.0,0.0,0.0,1.0,-1
"((Bilirubin_total <= 0.687) U[0,2] (DBP >= 16.189))
",-9999999.000,-9999999.000,0.000,0.000,1.000,0,0,0,11,11,0,0,11,0.0,0.0,0.0,0.0,0.0,1.0,-1
"((DBP <= 77.245) U[1,2] (PTT >= 0.365))
",-9999999.000,-9999999.000,0.000,0.000,1.000,0,0,0,11,11,0,0,11,0.0,0.0,0.0,0.0,0.0,1.0,-1
"F[1,2](((Platelets >= 0.915 & Resp >= 1.913) | Calcium <= 60.046) | Resp >= 12.375)
",-9999999.000,-9999999.000,0.000,0.000,1.000,0,0,0,11,11,0,0,11,0.0,0.0,0.0,0.0,0.0,1.0,-1
"F[1,2]((MAP >= 6.062 & Platelets <= 102.871) | Lactate >= 1.524)
",-9999999.000,-9999999.000,0.000,0.000,1.000,0,0,0,11,11,0,0,11,0.0,0.0,0.0,0.0,0.0,1.0,-1
"F[1,2]((Hct >= 1.098 & MAP >= 6.688) -> HR >= 37.077)
",-9999999.000,-9999999.000,0.000,0.000,1.000,0,0,0,11,11,0,0,11,0.0,0.0,0.0,0.0,0.0,1.0,-1
"F[2,2]((O2Sat >= 7.116 -> PTT >= 0.148) & Resp >= 0.579)
",-5213560283999126.000,-0.579,0.000,0.000,1.000,0,0,0,11,11,0,0,11,0.0,0.0,0.0,0.0,0.0,1.0,-1
"F[0,1]((AST <= 27.157 | Resp >= 0.697) | Fibrinogen >= 8.385)
",-9999999.000,-9999999.000,0.000,0.000,1.000,0,0,0,11,11,0,0,11,0.0,0.0,0.0,0.0,0.0,1.0,-1
"F[1,1]((Alkalinephos <= 20.961 | Resp <= 54.215) | Bilirubin_direct <= 31.139)
",7630119699389249.000,54.215,0.000,0.000,1.000,0,0,0,11,11,0,0,11,0.0,0.0,0.0,0.0,0.0,1.0,-1
"F[0,0](Magnesium <= 0.417 | Resp <= 51.581)
",0.493,9.720,0.000,0.000,1.000,0,0,0,11,11,0,0,11,0.0,0.0,0.0,0.0,0.0,1.0,-1
"F[1,2](Calcium >= 0.102 | Resp >= 3.373)
",-9999999.000,-9999999.000,0.000,0.000,1.000,0,0,0,11,11,0,0,11,0.0,0.0,0.0,0.0,0.0,1.0,-1
"((Potassium <= 1.951) U[1,2] (Resp >= 0.293))
",-9999999.000,-9999999.000,0.000,0.000,1.000,0,0,0,11,11,0,0,11,0.0,0.0,0.0,0.0,0.0,1.0,-1
"F[0,2](((Platelets >= 15.657 | MAP >= 69.077) -> Creatinine >= 4.393) & Bilirubin_total >= 75.697)
",-9999999.000,-9999999.000,0.000,0.000,1.000,0,0,0,11,11,0,0,11,0.0,0.0,0.0,0.0,0.0,1.0,-1
"F[2,2](((HR >= 11.645 -> Calcium >= 0.037) -> FiO2 >= 0.355) & Magnesium >= 0.076)
",-0.076,-0.076,0.000,0.000,1.000,0,0,0,11,11,0,0,11,0.0,0.0,0.0,0.0,0.0,1.0,-1
"F[0,2](((AST <= 8.444 | Calcium <= 4.947) & EtCO2 <= 6.638) & Potassium >= 0.381)
",-9999999.000,-9999999.000,0.000,0.000,1.000,0,0,0,11,11,0,0,11,0.0,0.0,0.0,0.0,0.0,1.0,-1
"((Alkalinephos >= 0.184) U[0,1] (Fibrinogen <= 0.000))
",-9999999.000,-9999999.000,0.000,0.000,1.000,0,0,0,11,11,0,0,11,0.0,0.0,0.0,0.0,0.0,1.0,-1
"G[0,2](((Chloride <= 0.000 -> AST >= 0.028) -> Bilirubin_total >= 1.341) | Creatinine >= 1.174)
",9999999.000,9999999.000,0.000,1.000,0.000,0,0,10,1,1,10,10,1,0.0,0.0,1.0,0.0,0.0,1.0,1
"G[0,1](((PaCO2 <= 0.000 | Potassium >= 0.367) -> pH <= 3.726) & Hct >= 0.297)
",9999999.000,9999999.000,0.000,1.000,0.000,0,0,0,11,11,0,0,11,0.0,0.0,0.0,0.0,0.0,1.0,1
"G[0,1]((Phosphate <= 0.745 -> Temp >= 0.811) & SepsisLabel >= 0.758)
",9999999.000,9999999.000,0.000,1.000,0.000,0,0,0,11,11,0,0,11,0.0,0.0,0.0,0.0,0.0,1.0,1
"G[2,2](EtCO2 >= 0.000 | SepsisLabel <= 0.000)
",0.000,0.000,0.000,1.000,0.000,0,0,11,0,0,11,11,0,0.0,0.0,1.0,0.0,0.0,1.0,1
"G[1,2]((Bilirubin_direct >= 0.000 | Creatinine <= 0.789) -> Potassium >= 0.015)
",9999999.000,9999999.000,0.000,1.000,0.000,0,0,2,9,9,2,2,9,0.0,0.0,1.0,0.0,0.0,1.0,1
"G[1,2](((DBP <= 80.465 -> EtCO2 <= 0.000) & Fibrinogen <= 0.000) & WBC <= 0.000)
",9999999.000,9999999.000,0.000,1.000,0.000,0,0,9,2,2,9,9,2,0.0,0.0,1.0,0.0,0.0,1.0,1
"G[1,2](((Creatinine >= 0.051 & Lactate >= 0.000) -> O2Sat <= 0.000) -> SaO2 >= 0.000)
",9999999.000,9999999.000,0.000,1.000,0.000,0,0,11,0,0,11,11,0,0.0,0.0,1.0,0.0,0.0,1.0,1
"G[1,2](((Chloride <= 0.000 & Temp >= 7.529) -> Bilirubin_direct >= 4.159) | Glucose <= 13.206)
",9999999.000,9999999.000,0.000,1.000,0.000,0,0,11,0,0,11,11,0,0.0,0.0,1.0,0.0,0.0,1.0,1
"G[0,2](((PaCO2 <= 0.000 & FiO2 <= 0.000) | Potassium >= 0.000) | WBC >= 0.000)
",9999999.000,9999999.000,0.000,1.000,0.000,0,0,11,0,0,11,11,0,0.0,0.0,1.0,0.0,0.0,1.0,1
"G[2,2]((PaCO2 >= 0.000 & AST >= 1.263) & FiO2 >= 1.145)
",-5689232562112697.000,-1.263,0.000,1.000,0.000,0,0,11,0,0,11,11,0,0.0,0.0,1.0,0.0,0.0,1.0,1
"G[2,2](MAP >= 89.075 & Glucose >= 9.785)
",-6268093168486193.000,-89.075,0.000,1.000,0.000,0,0,11,0,0,11,11,0,0.0,0.0,1.0,0.0,0.0,1.0,1
"G[0,1](((WBC >= 0.490 -> WBC >= 0.279) -> Alkalinephos <= 9.577) & HR <= 7.934)
",9999999.000,9999999.000,0.000,1.000,0.000,0,0,0,11,11,0,0,11,0.0,0.0,0.0,0.0,0.0,1.0,1
"G[0,2]((Temp <= 17.105 -> Glucose <= 114.625) & Phosphate >= 1.825)
",9999999.000,9999999.000,0.000,1.000,0.000,0,0,0,11,11,0,0,11,0.0,0.0,0.0,0.0,0.0,1.0,1
"G[0,2](((DBP <= 90.838 -> Fibrinogen <= 0.000) & HR >= 0.000) | PTT >= 0.000)
",9999999.000,9999999.000,0.000,1.000,0.000,0,0,11,0,0,11,11,0,0.0,0.0,1.0,0.0,0.0,1.0,1
"G[1,2]((Alkalinephos <= 4.193 -> EtCO2 <= 0.000) & MAP <= 0.000)
",9999999.000,9999999.000,0.000,1.000,0.000,0,0,1,10,10,1,1,10,0.0,0.0,1.0,0.0,0.0,1.0,1
"G[1,2](DBP <= 109.441 & SBP >= 83.759)
",9999999.000,9999999.000,0.000,1.000,0.000,0,0,10,1,1,10,10,1,0.0,0.0,1.0,0.0,0.0,1.0,1
"G[0,2]((TroponinI <= 2.122 -> Magnesium <= 1.302) | Temp <= 0.569)
",9999999.000,9999999.000,0.000,1.000,0.000,0,0,11,0,0,11,11,0,0.0,0.0,1.0,0.0,0.0,1.0,1
"G[0,1]((Phosphate >= 0.146 -> AST >= 0.851) -> Calcium >= 0.747)
",9999999.000,9999999.000,0.000,1.000,0.000,0,0,0,11,11,0,0,11,0.0,0.0,0.0,0.0,0.0,1.0,1
"G[0,2]((Fibrinogen <= 0.000 | Phosphate <= 3.245) & Hgb <= 3.426)
",9999999.000,9999999.000,0.000,1.000,0.000,0,0,9,2,2,9,9,2,0.0,0.0,1.0,0.0,0.0,1.0,1
"G[1,2]((EtCO2 <= 0.000 -> pH >= 0.000) -> EtCO2 >= 0.000)
",9999999.000,9999999.000,0.000,1.000,0.000,0,0,11,0,0,11,11,0,0.0,0.0,1.0,0.0,0.0,1.0,1
"G[1,2](((FiO2 >= 0.000 -> Phosphate >= 0.133) -> Chloride >= 0.061) -> Hgb <= 0.342)
",9999999.000,9999999.000,0.000,1.000,0.000,0,0,10,1,1,10,10,1,0.0,0.0,1.0,0.0,0.0,1.0,1
"G[0,2](Creatinine >= 0.073 -> PaCO2 <= 0.000)
",9999999.000,9999999.000,0.000,1.000,0.000,0,0,11,0,0,11,11,0,0.0,0.0,1.0,0.0,0.0,1.0,1
"G[1,2]((Temp <= 35.819 | Resp <= 39.388) -> Temp <= 37.443)
",9999999.000,9999999.000,0.000,1.000,0.000,0,0,11,0,0,11,11,0,0.0,0.0,1.0,0.0,0.0,1.0,1
"G[0,2]((Potassium <= 3.385 & SBP >= 57.972) -> Alkalinephos <= 160.246)
",9999999.000,9999999.000,0.000,1.000,0.000,0,0,11,0,0,11,11,0,0.0,0.0,1.0,0.0,0.0,1.0,1
"G[0,0](Alkalinephos >= 0.973 & Temp >= 1.188)
",0.223,2.442,0.000,1.000,0.000,0,0,0,11,11,0,0,11,0.0,0.0,0.0,0.0,0.0,1.0,1
"G[0,2](((AST >= 0.794 | Temp >= 8.443) | Alkalinephos >= 9.560) | SepsisLabel <= 25.660)
",9999999.000,9999999.000,0.000,1.000,0.000,0,0,11,0,0,11,11,0,0.0,0.0,1.0,0.0,0.0,1.0,1
"G[0,2](((Glucose <= 86.631 & HR >= 45.174) -> Creatinine <= 93.037) -> Platelets <= 99.533)
",9999999.000,9999999.000,0.000,1.000,0.000,0,0,9,2,2,9,9,2,0.0,0.0,1.0,0.0,0.0,1.0,1
"G[2,2](Temp >= 7.413 & WBC >= 0.150)
",-7.413,-7.413,0.000,1.000,0.000,0,0,11,0,0,11,11,0,0.0,0.0,1.0,0.0,0.0,1.0,1
"G[0,2](((Platelets <= 118.132 -> Temp <= 19.892) & AST <= 16.984) & Phosphate <= 24.710)
",9999999.000,9999999.000,0.000,1.000,0.000,0,0,5,6,6,5,5,6,0.0,0.0,1.0,0.0,0.0,1.0,1
"G[0,2]((Lactate <= 0.000 -> DBP >= 64.014) & AST >= 30.127)
",9999999.000,9999999.000,0.000,1.000,0.000,0,0,0,11,11,0,0,11,0.0,0.0,0.0,0.0,0.0,1.0,1
"G[1,2](((Phosphate >= 0.242 & PTT >= 1.249) -> Bilirubin_total >= 1.081) & WBC <= 17.997)
",9999999.000,9999999.000,0.000,1.000,0.000,0,0,11,0,0,11,11,0,0.0,0.0,1.0,0.0,0.0,1.0,1
"G[0,2](((HCO3 <= 0.000 -> Calcium >= 0.491) -> Hgb >= 0.506) & Phosphate <= 2.302)
",9999999.000,9999999.000,0.000,1.000,0.000,0,0,9,2,2,9,9,2,0.0,0.0,1.0,0.0,0.0,1.0,1
"G[1,2](((Creatinine <= 0.504 & EtCO2 >= 0.000) -> EtCO2 <= 0.000) -> pH <= 0.000)
",9999999.000,9999999.000,0.000,1.000,0.000,0,0,11,0,0,11,11,0,0.0,0.0,1.0,0.0,0.0,1.0,1
"G[2,2](((FiO2 >= 0.000 & PTT <= 21.088) & FiO2 <= 18.175) | Resp <= 5.729)
",6449753016333623.000,5.729,0.000,1.000,0.000,0,0,11,0,0,11,11,0,0.0,0.0,1.0,0.0,0.0,1.0,1
"G[0,2]((AST >= 0.090 -> Hct >= 1.710) -> Bilirubin_direct >= 2.341)
",9999999.000,9999999.000,0.000,1.000,0.000,0,0,0,11,11,0,0,11,0.0,0.0,0.0,0.0,0.0,1.0,1
"G[0,1](((SepsisLabel <= 0.000 -> Calcium >= 0.644) & Chloride >= 0.198) | BUN >= 0.374)
",9999999.000,9999999.000,0.000,1.000,0.000,0,0,0,11,11,0,0,11,0.0,0.0,0.0,0.0,0.0,1.0,1
"G[1,2]((BaseExcess >= 0.000 -> SepsisLabel <= 0.000) | Magnesium <= 0.000)
",9999999.000,9999999.000,0.000,1.000,0.000,0,0,11,0,0,11,11,0,0.0,0.0,1.0,0.0,0.0,1.0,1
"G[0,2](TroponinI <= 1.857 & EtCO2 >= 0.000)
",9999999.000,9999999.000,0.000,1.000,0.000,0,0,9,2,2,9,9,2,0.0,0.0,1.0,0.0,0.0,1.0,1
"G[1,2]((HCO3 >= 0.000 -> Calcium <= 3.149) | FiO2 <= 2.542)
",9999999.000,9999999.000,0.000,1.000,0.000,0,0,11,0,0,11,11,0,0.0,0.0,1.0,0.0,0.0,1.0,1
"G[0,2]((PTT >= 1.120 -> Creatinine >= 0.011) | SepsisLabel <= 1.072)
",9999999.000,9999999.000,0.000,1.000,0.000,0,0,11,0,0,11,11,0,0.0,0.0,1.0,0.0,0.0,1.0,1
"G[0,2]((Alkalinephos >= 0.299 & HR >= 59.547) -> FiO2 <= 88.127)
",9999999.000,9999999.000,0.000,1.000,0.000,0,0,11,0,0,11,11,0,0.0,0.0,1.0,0.0,0.0,1.0,1
"G[0,2](MAP >= 21.945 -> Resp >= 10.536)
",9999999.000,9999999.000,0.000,1.000,0.000,0,0,11,0,0,11,11,0,0.0,0.0,1.0,0.0,0.0,1.0,1
"G[1,2]((Platelets >= 12.520 & BUN >= 3.258) & Hgb >= 2.611)
",9999999.000,9999999.000,0.000,1.000,0.000,0,0,1,10,10,1,1,10,0.0,0.0,1.0,0.0,0.0,1.0,1
"G[2,2](((Chloride <= 0.000 & PaCO2 >= 0.000) | Potassium >= 0.000) | DBP >= 0.000)
",0.000,0.000,0.000,1.000,0.000,0,0,11,0,0,11,11,0,0.0,0.0,1.0,0.0,0.0,1.0,1
"G[0,2](EtCO2 <= 0.000 -> MAP <= 101.343)
",9999999.000,9999999.000,0.000,1.000,0.000,0,0,5,6,6,5,5,6,0.0,0.0,1.0,0.0,0.0,1.0,1
"G[2,2]((O2Sat <= 86.750 -> SaO2 >= 0.000) & FiO2 >= 0.000)
",-6104521212148689.000,-86.750,0.000,1.000,0.000,0,0,11,0,0,11,11,0,0.0,0.0,1.0,0.0,0.0,1.0,1
"G[0,2]((Potassium >= 0.182 -> WBC <= 1.978) -> Temp <= 0.826)
",9999999.000,9999999.000,0.000,1.000,0.000,0,0,6,5,5,6,6,5,0.0,0.0,1.0,0.0,0.0,1.0,1
"G[0,1](((DBP >= 16.662 -> Bilirubin_total <= 0.662) & DBP <= 0.656) & HCO3 <= 0.986)
",9999999.000,9999999.000,0.000,1.000,0.000,0,0,0,11,11,0,0,11,0.0,0.0,0.0,0.0,0.0,1.0,1
"G[0,2](((PaCO2 >= 0.000 & Chloride <= 0.000) -> PaCO2 <= 0.000) & WBC >= 0.000)
",9999999.000,9999999.000,0.000,1.000,0.000,0,0,11,0,0,11,11,0,0.0,0.0,1.0,0.0,0.0,1.0,1
"G[2,2]((Potassium <= 1.103 & SBP <= 170.733) & Lactate >= 83.654)
",-5886607119049603.000,-83.654,0.000,1.000,0.000,0,0,11,0,0,11,11,0,0.0,0.0,1.0,0.0,0.0,1.0,1
"G[0,0]((Creatinine <= 0.567 | Potassium >= 0.112) & Lactate >= 0.020)
",0.295,0.272,0.000,1.000,0.000,0,0,0,11,11,0,0,11,0.0,0.0,0.0,0.0,0.0,1.0,1
"G[0,2]((HCO3 <= 0.000 -> Glucose >= 14.231) -> Bilirubin_direct >= 7.008)
",9999999.000,9999999.000,0.000,1.000,0.000,0,0,8,3,3,8,8,3,0.0,0.0,1.0,0.0,0.0,1.0,1
"G[0,0]((Magnesium >= 0.102 & FiO2 >= 0.000) & AST >= 0.000)
",-7351795763241494.000,-0.102,0.000,1.000,0.000,0,0,0,11,11,0,0,11,0.0,0.0,0.0,0.0,0.0,1.0,1
"G[0,2](SepsisLabel >= 0.000 -> HCO3 <= 0.000)
",9999999.000,9999999.000,0.000,1.000,0.000,0,0,11,0,0,11,11,0,0.0,0.0,1.0,0.0,0.0,1.0,1
"G[2,2](((Potassium <= 2.875 -> BUN <= 34.592) -> PaCO2 >= 0.502) & DBP >= 3.267)
",-7355754820898505.000,-3.267,0.000,1.000,0.000,0,0,11,0,0,11,11,0,0.0,0.0,1.0,0.0,0.0,1.0,1
"G[0,2](((Magnesium >= 0.006 | BUN >= 0.296) & Fibrinogen <= 7.232) | HR >= 2.472)
",9999999.000,9999999.000,0.000,1.000,0.000,0,0,9,2,2,9,9,2,0.0,0.0,1.0,0.0,0.0,1.0,1
"G[1,2]((HCO3 >= 0.000 | Bilirubin_direct >= 0.000) -> Lactate <= 0.000)
",9999999.000,9999999.000,0.000,1.000,0.000,0,0,11,0,0,11,11,0,0.0,0.0,1.0,0.0,0.0,1.0,1
"G[1,2]((Potassium >= 0.279 & DBP <= 104.987) -> BaseExcess <= 84.839)
",9999999.000,9999999.000,0.000,1.000,0.000,0,0,11,0,0,11,11,0,0.0,0.0,1.0,0.0,0.0,1.0,1
"F[0,1](FiO2 >= 0.000 | Temp >= 5.005)
",-9999999.000,-9999999.000,0.000,0.000,1.000,0,0,0,11,11,0,0,11,0.0,0.0,0.0,0.0,0.0,1.0,-1
