Rule,Discrimination Score,Pos Robustness,Neg Robustness,Percent Class +,Percent Class -,TP,TN,FP,FN,Actual Yes,Actual No,Predicted Yes,Predicted No,TPR/Sens,TNR/Spec,FPR,Precision,Accuracy,MCR
"F[0,1]((Calcium <= 6.089 & Potassium <= 1.202) & Magnesium >= 0.173)
",-9999999.000,-9999999.000,0.000,0.000,1.000,18,0,0,0,18,0,18,0,1.0,0,0,1.0,1.0,0.0
"F[0,1]((Calcium <= 5.340 & Potassium <= 0.755) & Magnesium >= 0.121)
",-9999999.000,-9999999.000,0.000,0.000,1.000,18,0,0,0,18,0,18,0,1.0,0,0,1.0,1.0,0.0
"((WBC >= 0.007) U[1,1] (Lactate <= 0.000))
",0.000,0.000,0.000,0.000,1.000,18,0,0,0,18,0,18,0,1.0,0,0,1.0,1.0,0.0
"F[0,1]((Potassium >= 0.483 -> Fibrinogen <= 193.581) & FiO2 >= 15.807)
",-9999999.000,-9999999.000,0.000,0.000,1.000,18,0,0,0,18,0,18,0,1.0,0,0,1.0,1.0,0.0
"((PaCO2 > 0.000) U[1,1] (SepsisLabel = 0.000))
",0.000,0.000,0.000,0.000,1.000,18,0,0,0,18,0,18,0,1.0,0,0,1.0,1.0,0.0
"F[0,1]((Calcium <= 2.653 & Potassium <= 1.206) & Magnesium >= 0.039)
",-9999999.000,-9999999.000,0.000,0.000,1.000,18,0,0,0,18,0,18,0,1.0,0,0,1.0,1.0,0.0
"F[0,1]((Calcium <= 6.303 & Potassium <= 1.940) & Magnesium >= 0.083)
",-9999999.000,-9999999.000,0.000,0.000,1.000,18,0,0,0,18,0,18,0,1.0,0,0,1.0,1.0,0.0
"F[0,1](((Magnesium <= 1.179 | PTT >= 3.536) -> HR >= 3.994) & Magnesium >= 2.230)
",-9999999.000,-9999999.000,0.000,0.000,1.000,18,0,0,0,18,0,18,0,1.0,0,0,1.0,1.0,0.0
"F[1,1]((Creatinine <= 0.338 & Magnesium >= 0.102) & O2Sat <= 1.254)
",-7366749001101036.000,-0.102,0.000,0.000,1.000,18,0,0,0,18,0,18,0,1.0,0,0,1.0,1.0,0.0
"F[1,1](((BUN <= 8.353 | WBC >= 0.379) -> BaseExcess <= 0.957) -> EtCO2 >= 0.508)
",0.508,0.508,0.000,0.000,1.000,18,0,0,0,18,0,18,0,1.0,0,0,1.0,1.0,0.0
"F[1,1]((DBP <= 88.888 & HR >= 60.434) & SepsisLabel >= 1.458)
",-8505323296129916.000,-60.434,0.000,0.000,1.000,18,0,0,0,18,0,18,0,1.0,0,0,1.0,1.0,0.0
"F[0,0]((Glucose <= 35.315 & Hgb >= 1.344) | Magnesium >= 0.860)
",0.274,2.948,0.000,0.000,1.000,18,0,0,0,18,0,18,0,1.0,0,0,1.0,1.0,0.0
"F[0,0]((TroponinI >= 0.000 | O2Sat >= 6.272) & Chloride >= 90.669)
",-31.558,-89.402,0.000,0.000,1.000,18,0,0,0,18,0,18,0,1.0,0,0,1.0,1.0,0.0
"((AST >= 512.847) U[1,1] (Temp >= 7.485))
",-7.485,-7.485,0.000,0.000,1.000,18,0,0,0,18,0,18,0,1.0,0,0,1.0,1.0,0.0
"F[0,1]((Calcium <= 2.475 & Potassium <= 2.653) & Magnesium >= 0.108)
",-9999999.000,-9999999.000,0.000,0.000,1.000,18,0,0,0,18,0,18,0,1.0,0,0,1.0,1.0,0.0
"F[0,0](((O2Sat <= 97.007 | Potassium >= 0.186) | Potassium >= 0.435) & Lactate >= 0.323)
",-0.237,-0.128,0.000,0.000,1.000,18,0,0,0,18,0,18,0,1.0,0,0,1.0,1.0,0.0
"F[0,1](((Calcium <= 7.718 & FiO2 >= 0.001) & SepsisLabel <= 0.175) & PTT >= 0.003)
",-9999999.000,-9999999.000,0.000,0.000,1.000,18,0,0,0,18,0,18,0,1.0,0,0,1.0,1.0,0.0
"F[0,0](((HR <= 106.497 | Magnesium <= 2.080) | Temp <= 1.218) & FiO2 >= 0.092)
",-0.092,-0.092,0.000,0.000,1.000,18,0,0,0,18,0,18,0,1.0,0,0,1.0,1.0,0.0
"((WBC > 0.694) U[1,1] (SepsisLabel = 0.000))
",0.000,0.000,0.000,0.000,1.000,18,0,0,0,18,0,18,0,1.0,0,0,1.0,1.0,0.0
"((SBP <= 119.560) U[0,0] (Bilirubin_total >= 0.225))
",8.029,113.255,0.000,0.000,1.000,17,0,0,1,18,0,17,1,0.9444444444444444,0,0,1.0,0.9444444444444444,0.05555555555555558
"((PaCO2 <= 0.000) U[0,0] (AST >= 369.849))
",0.000,0.000,0.000,0.000,1.000,17,0,0,1,18,0,17,1,0.9444444444444444,0,0,1.0,0.9444444444444444,0.05555555555555558
"((AST >= 897.046) U[1,1] (SaO2 >= 0.000))
",0.000,0.000,0.000,0.000,1.000,17,0,0,1,18,0,17,1,0.9444444444444444,0,0,1.0,0.9444444444444444,0.05555555555555558
"((Creatinine >= 0.030) U[1,1] (Potassium <= 3.858))
",3.858,3.858,0.000,0.000,1.000,17,0,0,1,18,0,17,1,0.9444444444444444,0,0,1.0,0.9444444444444444,0.05555555555555558
"F[1,1]((TroponinI <= 0.000 & DBP <= 88.389) -> Hgb >= 53.820)
",0.000,0.000,0.000,0.000,1.000,17,0,0,1,18,0,17,1,0.9444444444444444,0,0,1.0,0.9444444444444444,0.05555555555555558
"((Calcium >= 0.598) U[1,1] (Hct <= 12.398))
",12.398,12.398,0.000,0.000,1.000,17,0,0,1,18,0,17,1,0.9444444444444444,0,0,1.0,0.9444444444444444,0.05555555555555558
"((DBP <= 79.273) U[0,0] (PTT >= 1.249))
",0.486,11.991,0.000,0.000,1.000,17,0,0,1,18,0,17,1,0.9444444444444444,0,0,1.0,0.9444444444444444,0.05555555555555558
"F[0,0](((Bilirubin_direct >= 0.080 & Resp >= 15.505) -> Alkalinephos <= 24.285) -> PTT >= 8.493)
",1.763,7.076,0.000,0.000,1.000,17,0,0,1,18,0,17,1,0.9444444444444444,0,0,1.0,0.9444444444444444,0.05555555555555558
"F[1,1]((Hgb <= 14.586 | O2Sat <= 99.827) -> WBC >= 67.046)
",-7024725308527868.000,-99.827,0.000,0.000,1.000,17,0,0,1,18,0,17,1,0.9444444444444444,0,0,1.0,0.9444444444444444,0.05555555555555558
"F[0,0](Creatinine >= 0.077 & EtCO2 >= 0.000)
",-0.077,-0.077,0.000,0.000,1.000,17,0,0,1,18,0,17,1,0.9444444444444444,0,0,1.0,0.9444444444444444,0.05555555555555558
"((Glucose <= 87.056) U[1,1] (Bilirubin_direct >= 0.045))
",87.056,87.056,0.000,0.000,1.000,16,0,0,2,18,0,16,2,0.8888888888888888,0,0,1.0,0.8888888888888888,0.11111111111111116
"F[0,0](((Bilirubin_total >= 0.077 | Hgb >= 0.400) | O2Sat <= 8.181) | Resp <= 3.394)
",0.447,5.177,0.000,0.000,1.000,16,0,0,2,18,0,16,2,0.8888888888888888,0,0,1.0,0.8888888888888888,0.11111111111111116
"((SaO2 <= 0.000) U[1,1] (Bilirubin_direct >= 0.046))
",0.000,0.000,0.000,0.000,1.000,16,0,0,2,18,0,16,2,0.8888888888888888,0,0,1.0,0.8888888888888888,0.11111111111111116
"F[0,1]((Potassium >= 0.358 | Magnesium <= 0.730) -> O2Sat <= 1.642)
",-9999999.000,-9999999.000,0.000,0.000,1.000,16,0,0,2,18,0,16,2,0.8888888888888888,0,0,1.0,0.8888888888888888,0.11111111111111116
"((SepsisLabel <= 0.000) U[0,1] (Bilirubin_direct >= 0.054))
",-9999999.000,-9999999.000,0.000,0.000,1.000,16,0,0,2,18,0,16,2,0.8888888888888888,0,0,1.0,0.8888888888888888,0.11111111111111116
"((O2Sat >= 48.808) U[1,1] (WBC >= 0.720))
",-6483108072676292.000,-0.720,0.000,0.000,1.000,15,0,0,3,18,0,15,3,0.8333333333333334,0,0,1.0,0.8333333333333334,0.16666666666666663
"F[0,1](((BUN <= 2.171 | Fibrinogen <= 47.944) & WBC <= 110.019) -> BUN >= 8.718)
",-9999999.000,-9999999.000,0.000,0.000,1.000,14,0,0,4,18,0,14,4,0.7777777777777778,0,0,1.0,0.7777777777777778,0.2222222222222222
"F[1,1](((Creatinine <= 1.036 -> FiO2 >= 0.004) | Chloride >= 0.000) -> WBC >= 0.005)
",0.000,0.000,0.000,0.000,1.000,14,0,0,4,18,0,14,4,0.7777777777777778,0,0,1.0,0.7777777777777778,0.2222222222222222
"F[1,1](WBC >= 0.089 & SBP >= 44.500)
",-6262770421295140.000,-44.500,0.000,0.000,1.000,14,0,0,4,18,0,14,4,0.7777777777777778,0,0,1.0,0.7777777777777778,0.2222222222222222
"((Creatinine >= 0.100) U[0,1] (Phosphate >= 0.104))
",-9999999.000,-9999999.000,0.000,0.000,1.000,14,0,0,4,18,0,14,4,0.7777777777777778,0,0,1.0,0.7777777777777778,0.2222222222222222
"((Hct >= 3.180) U[1,2] (Potassium <= 0.892))
",-9999999.000,-9999999.000,0.000,0.000,1.000,14,0,0,4,18,0,14,4,0.7777777777777778,0,0,1.0,0.7777777777777778,0.2222222222222222
"((Glucose >= 17.740) U[1,1] (SepsisLabel = 0.000))
",0.000,0.000,0.000,0.000,1.000,14,0,0,4,18,0,14,4,0.7777777777777778,0,0,1.0,0.7777777777777778,0.2222222222222222
"((Temp <= 27.246) U[0,1] (PTT >= 0.941))
",-9999999.000,-9999999.000,0.000,0.000,1.000,13,0,0,5,18,0,13,5,0.7222222222222222,0,0,1.0,0.7222222222222222,0.2777777777777778
"F[0,1](((Chloride >= 0.000 | Calcium >= 0.079) -> Fibrinogen <= 6.528) -> AST >= 0.308)
",-9999999.000,-9999999.000,0.000,0.000,1.000,13,0,0,5,18,0,13,5,0.7222222222222222,0,0,1.0,0.7222222222222222,0.2777777777777778
"((Calcium <= 2.272) U[0,1] (Potassium >= 0.373))
",-9999999.000,-9999999.000,0.000,0.000,1.000,13,0,0,5,18,0,13,5,0.7222222222222222,0,0,1.0,0.7222222222222222,0.2777777777777778
"F[0,1]((BaseExcess >= 0.000 & AST >= 108.457) | pH >= 492.049)
",-9999999.000,-9999999.000,0.000,0.000,1.000,13,0,0,5,18,0,13,5,0.7222222222222222,0,0,1.0,0.7222222222222222,0.2777777777777778
"F[0,1](((Hgb <= 10.560 & Phosphate >= 0.052) | Hct <= 0.968) -> Calcium >= 0.086)
",-9999999.000,-9999999.000,0.000,0.000,1.000,13,0,0,5,18,0,13,5,0.7222222222222222,0,0,1.0,0.7222222222222222,0.2777777777777778
"((Creatinine >= 0.049) U[0,1] (AST >= 837.454))
",-9999999.000,-9999999.000,0.000,0.000,1.000,13,0,0,5,18,0,13,5,0.7222222222222222,0,0,1.0,0.7222222222222222,0.2777777777777778
"((Platelets >= 14.380) U[0,1] (PTT >= 4.315))
",-9999999.000,-9999999.000,0.000,0.000,1.000,13,0,0,5,18,0,13,5,0.7222222222222222,0,0,1.0,0.7222222222222222,0.2777777777777778
"F[0,1]((Phosphate <= 2.255 -> Potassium >= 0.262) | TroponinI >= 0.309)
",-9999999.000,-9999999.000,0.000,0.000,1.000,13,0,0,5,18,0,13,5,0.7222222222222222,0,0,1.0,0.7222222222222222,0.2777777777777778
"F[0,0](((SaO2 <= 0.000 & Hgb <= 6.422) & Creatinine <= 14.883) -> Temp >= 1.292)
",-2.826,-86.546,0.000,0.000,1.000,10,0,0,8,18,0,10,8,0.5555555555555556,0,0,1.0,0.5555555555555556,0.4444444444444444
"F[0,1](((Platelets <= 72.723 -> Potassium >= 0.113) -> O2Sat >= 0.354) & Glucose >= 0.148)
",-9999999.000,-9999999.000,0.000,0.000,1.000,9,0,0,9,18,0,9,9,0.5,0,0,1.0,0.5,0.5
"((Bilirubin_total >= 0.260) U[1,2] (DBP <= 70.548))
",-9999999.000,-9999999.000,0.000,0.000,1.000,9,0,0,9,18,0,9,9,0.5,0,0,1.0,0.5,0.5
"((Magnesium >= 0.073) U[0,0] (Resp <= 17.016))
",0.340,1.826,0.000,0.000,1.000,9,0,0,9,18,0,9,9,0.5,0,0,1.0,0.5,0.5
"F[0,0]((DBP <= 75.501 & Potassium <= 2.688) -> HR <= 3.560)
",0.822,12.275,0.000,0.000,1.000,8,0,0,10,18,0,8,10,0.4444444444444444,0,0,1.0,0.4444444444444444,0.5555555555555556
"F[0,0](Resp <= 20.829 & Temp <= 11.264)
",-2.463,-76.430,0.000,0.000,1.000,8,0,0,10,18,0,8,10,0.4444444444444444,0,0,1.0,0.4444444444444444,0.5555555555555556
"F[0,0](FiO2 <= 0.106 & MAP <= 100.491)
",-1.498,-21.907,0.000,0.000,1.000,7,0,0,11,18,0,7,11,0.3888888888888889,0,0,1.0,0.3888888888888889,0.6111111111111112
"((HR <= 108.196) U[1,1] (SBP >= 66.330))
",7613595597582804.000,108.196,0.000,0.000,1.000,6,0,0,12,18,0,6,12,0.3333333333333333,0,0,1.0,0.3333333333333333,0.6666666666666667
"((Hgb >= 0.991) U[0,1] (MAP <= 94.076))
",-9999999.000,-9999999.000,0.000,0.000,1.000,6,0,0,12,18,0,6,12,0.3333333333333333,0,0,1.0,0.3333333333333333,0.6666666666666667
"((MAP >= 30.691) U[0,1] (SBP <= 129.427))
",-9999999.000,-9999999.000,0.000,0.000,1.000,6,0,0,12,18,0,6,12,0.3333333333333333,0,0,1.0,0.3333333333333333,0.6666666666666667
"((MAP >= 80.575) U[0,1] (SBP <= 131.481))
",-9999999.000,-9999999.000,0.000,0.000,1.000,5,0,0,13,18,0,5,13,0.2777777777777778,0,0,1.0,0.2777777777777778,0.7222222222222222
"((Calcium <= 5.245) U[0,1] (MAP <= 99.563))
",-9999999.000,-9999999.000,0.000,0.000,1.000,5,0,0,13,18,0,5,13,0.2777777777777778,0,0,1.0,0.2777777777777778,0.7222222222222222
"F[1,1](((Fibrinogen >= 8.966 | WBC >= 0.385) | SaO2 <= 6.914) & Platelets <= 0.849)
",0.849,0.849,0.000,0.000,1.000,4,0,0,14,18,0,4,14,0.2222222222222222,0,0,1.0,0.2222222222222222,0.7777777777777778
"((Hgb >= 0.865) U[1,2] (WBC >= 0.360))
",-9999999.000,-9999999.000,0.000,0.000,1.000,4,0,0,14,18,0,4,14,0.2222222222222222,0,0,1.0,0.2222222222222222,0.7777777777777778
"F[1,1](((Fibrinogen <= 61.256 | Resp <= 24.983) & Phosphate <= 22.483) & AST <= 20.700)
",20.700,20.700,0.000,0.000,1.000,4,0,0,14,18,0,4,14,0.2222222222222222,0,0,1.0,0.2222222222222222,0.7777777777777778
"F[1,1](((BUN >= 0.822 | Hgb <= 9.792) | Magnesium <= 11.712) -> AST <= 5.774)
",-11.712,-11.712,0.000,0.000,1.000,4,0,0,14,18,0,4,14,0.2222222222222222,0,0,1.0,0.2222222222222222,0.7777777777777778
"F[1,1](((Bilirubin_total >= 0.370 | Calcium <= 4.503) & SepsisLabel >= 0.355) | Hct <= 8.066)
",8.066,8.066,0.000,0.000,1.000,4,0,0,14,18,0,4,14,0.2222222222222222,0,0,1.0,0.2222222222222222,0.7777777777777778
"F[1,1]((Phosphate >= 0.169 & Magnesium > 0.135) -> Calcium < 4.698)
",-4.698,-4.698,0.000,0.000,1.000,4,0,0,14,18,0,4,14,0.2222222222222222,0,0,1.0,0.2222222222222222,0.7777777777777778
"F[1,1](FiO2 <= 0.020 & WBC <= 7.294)
",0.020,0.020,0.000,0.000,1.000,4,0,0,14,18,0,4,14,0.2222222222222222,0,0,1.0,0.2222222222222222,0.7777777777777778
"F[1,1](HCO3 <= 0.000 -> Alkalinephos <= 11.155)
",-11.155,-11.155,0.000,0.000,1.000,4,0,0,14,18,0,4,14,0.2222222222222222,0,0,1.0,0.2222222222222222,0.7777777777777778
"F[1,1](Hgb <= 2.356 | Hct <= 32.349)
",4552692768764923.000,32.349,0.000,0.000,1.000,4,0,0,14,18,0,4,14,0.2222222222222222,0,0,1.0,0.2222222222222222,0.7777777777777778
"F[0,0](Glucose <= 108.549 & O2Sat >= 82.145)
",0.413,14.133,0.000,0.000,1.000,3,0,0,15,18,0,3,15,0.16666666666666666,0,0,1.0,0.16666666666666666,0.8333333333333334
"((MAP >= 73.181) U[1,2] (SBP <= 127.332))
",-9999999.000,-9999999.000,0.000,0.000,1.000,3,0,0,15,18,0,3,15,0.16666666666666666,0,0,1.0,0.16666666666666666,0.8333333333333334
"F[1,1](Chloride <= 0.000 -> Resp <= 21.276)
",-21.276,-21.276,0.000,0.000,1.000,3,0,0,15,18,0,3,15,0.16666666666666666,0,0,1.0,0.16666666666666666,0.8333333333333334
"((Fibrinogen >= 1.314) U[1,2] (Bilirubin_direct >= 0.082))
",-9999999.000,-9999999.000,0.000,0.000,1.000,2,0,0,16,18,0,2,16,0.1111111111111111,0,0,1.0,0.1111111111111111,0.8888888888888888
"((MAP >= 25.321) U[0,1] (SBP <= 136.159))
",-9999999.000,-9999999.000,0.000,0.000,1.000,2,0,0,16,18,0,2,16,0.1111111111111111,0,0,1.0,0.1111111111111111,0.8888888888888888
"F[1,1](((Bilirubin_direct >= 0.042 -> Glucose <= 27.795) | SBP <= 44.210) -> Platelets <= 33.718)
",-6222071526817284.000,-44.210,0.000,0.000,1.000,2,0,0,16,18,0,2,16,0.1111111111111111,0,0,1.0,0.1111111111111111,0.8888888888888888
"((O2Sat <= 99.213) U[0,0] (SBP >= 99.359))
",0.086,2.935,0.000,0.000,1.000,2,0,0,16,18,0,2,16,0.1111111111111111,0,0,1.0,0.1111111111111111,0.8888888888888888
"F[1,1]((HCO3 <= 0.000 -> O2Sat >= 42.623) & TroponinI <= 95.622)
",0.000,0.000,0.000,0.000,1.000,1,0,0,17,18,0,1,17,0.05555555555555555,0,0,1.0,0.05555555555555555,0.9444444444444444
"((MAP >= 23.550) U[1,2] (SBP <= 142.599))
",-9999999.000,-9999999.000,0.000,0.000,1.000,1,0,0,17,18,0,1,17,0.05555555555555555,0,0,1.0,0.05555555555555555,0.9444444444444444
"((Glucose <= 109.665) U[0,0] (Fibrinogen <= 193.181))
",85.093,192.387,0.000,0.000,1.000,1,0,0,17,18,0,1,17,0.05555555555555555,0,0,1.0,0.05555555555555555,0.9444444444444444
"F[1,1]((HR >= 45.661 & Lactate >= 0.000) & Magnesium >= 0.000)
",-6426206934842524.000,-45.661,0.000,0.000,1.000,1,0,0,17,18,0,1,17,0.05555555555555555,0,0,1.0,0.05555555555555555,0.9444444444444444
"((MAP <= 106.175) U[0,0] (Potassium <= 2.481))
",0.456,14.807,0.000,0.000,1.000,1,0,0,17,18,0,1,17,0.05555555555555555,0,0,1.0,0.05555555555555555,0.9444444444444444
"((Potassium <= 1.936) U[1,2] (WBC <= 6.934))
",-9999999.000,-9999999.000,0.000,0.000,1.000,1,0,0,17,18,0,1,17,0.05555555555555555,0,0,1.0,0.05555555555555555,0.9444444444444444
"F[1,1](Hgb <= 9.241 | Hct <= 40.172)
",5653747331908459.000,40.172,0.000,0.000,1.000,1,0,0,17,18,0,1,17,0.05555555555555555,0,0,1.0,0.05555555555555555,0.9444444444444444
"((O2Sat >= 3.406) U[0,0] (Resp >= 10.998))
",2.715,92.872,0.000,0.000,1.000,1,0,0,17,18,0,1,17,0.05555555555555555,0,0,1.0,0.05555555555555555,0.9444444444444444
"F[1,1](Resp <= 21.302 | Platelets <= 36.373)
",36.373,36.373,0.000,0.000,1.000,1,0,0,17,18,0,1,17,0.05555555555555555,0,0,1.0,0.05555555555555555,0.9444444444444444
"((MAP >= 75.321) U[0,1] (SBP <= 139.840))
",-9999999.000,-9999999.000,0.000,0.000,1.000,1,0,0,17,18,0,1,17,0.05555555555555555,0,0,1.0,0.05555555555555555,0.9444444444444444
"F[0,0](((Calcium < 5.309 & Potassium < 1.429) & Magnesium < 0.441) & Phosphate < 1.057)
",-0.429,-10.192,0.000,0.000,1.000,1,0,0,17,18,0,1,17,0.05555555555555555,0,0,1.0,0.05555555555555555,0.9444444444444444
"((Bilirubin_total <= 1.232) U[1,2] (BaseExcess <= 0.000))
",-9999999.000,-9999999.000,0.000,0.000,1.000,1,0,0,17,18,0,1,17,0.05555555555555555,0,0,1.0,0.05555555555555555,0.9444444444444444
"F[0,0](((Platelets <= 88.167 | SBP >= 111.690) -> HR >= 16.509) | Bilirubin_direct >= 111.282)
",-246.258,-111.082,0.000,0.000,1.000,1,0,0,17,18,0,1,17,0.05555555555555555,0,0,1.0,0.05555555555555555,0.9444444444444444
"F[1,1](FiO2 <= 0.166 & SepsisLabel = 0.000)
",0.000,0.000,0.000,0.000,1.000,1,0,0,17,18,0,1,17,0.05555555555555555,0,0,1.0,0.05555555555555555,0.9444444444444444
"F[0,0](((Calcium < 3.073 & Potassium < 1.709) & Magnesium < 1.656) & Phosphate < 2.278)
",-0.381,-9.552,0.000,0.000,1.000,1,0,0,17,18,0,1,17,0.05555555555555555,0,0,1.0,0.05555555555555555,0.9444444444444444
"F[0,2]((Lactate <= 0.000 & Hct <= 28.019) -> Temp <= 36.696)
",-9999999.000,-9999999.000,0.000,0.000,1.000,0,0,0,18,18,0,0,18,0.0,0,0,0.0,0.0,1.0
"F[2,2](FiO2 <= 0.060 | PTT <= 31.029)
",31.029,31.029,0.000,0.000,1.000,0,0,0,18,18,0,0,18,0.0,0,0,0.0,0.0,1.0
"F[1,2](Bilirubin_direct >= 0.050 -> O2Sat <= 97.809)
",-9999999.000,-9999999.000,0.000,0.000,1.000,0,0,0,18,18,0,0,18,0.0,0,0,0.0,0.0,1.0
"F[1,2]((FiO2 >= 0.004 -> Hct <= 31.850) & Magnesium >= 2.348)
",-9999999.000,-9999999.000,0.000,0.000,1.000,0,0,0,18,18,0,0,18,0.0,0,0,0.0,0.0,1.0
"F[0,1]((PaCO2 <= 0.000 -> BaseExcess >= 0.000) & Creatinine >= 0.000)
",-9999999.000,-9999999.000,0.000,0.000,1.000,0,0,0,18,18,0,0,18,0.0,0,0,0.0,0.0,1.0
"((FiO2 >= 0.001) U[0,1] (O2Sat >= 81.274))
",-9999999.000,-9999999.000,0.000,0.000,1.000,0,0,0,18,18,0,0,18,0.0,0,0,0.0,0.0,1.0
"F[0,2](((MAP >= 38.399 | Platelets >= 2.340) & Creatinine >= 5.116) & Bilirubin_total >= 3.132)
",-9999999.000,-9999999.000,0.000,0.000,1.000,0,0,0,18,18,0,0,18,0.0,0,0,0.0,0.0,1.0
"((FiO2 <= 0.101) U[1,2] (SBP >= 101.024))
",-9999999.000,-9999999.000,0.000,0.000,1.000,0,0,0,18,18,0,0,18,0.0,0,0,0.0,0.0,1.0
"F[1,2](((Hct >= 0.683 -> SBP >= 6.837) | SepsisLabel <= 127.345) & Calcium >= 109.823)
",-9999999.000,-9999999.000,0.000,0.000,1.000,0,0,0,18,18,0,0,18,0.0,0,0,0.0,0.0,1.0
"F[0,2]((FiO2 >= 0.001 -> HR >= 8.790) -> Lactate <= 115.310)
",-9999999.000,-9999999.000,0.000,0.000,1.000,0,0,0,18,18,0,0,18,0.0,0,0,0.0,0.0,1.0
"F[2,2]((Bilirubin_direct <= 2.375 | MAP >= 30.457) | FiO2 >= 79.104)
",5348880107926629.000,2.375,0.000,0.000,1.000,0,0,0,18,18,0,0,18,0.0,0,0,0.0,0.0,1.0
"((Chloride >= 0.000) U[2,2] (HCO3 >= 0.000))
",0.000,0.000,0.000,0.000,1.000,0,0,0,18,18,0,0,18,0.0,0,0,0.0,0.0,1.0
"F[1,2]((Hct <= 25.351 & MAP >= 64.040) & Lactate <= 102.601)
",-9999999.000,-9999999.000,0.000,0.000,1.000,0,0,0,18,18,0,0,18,0.0,0,0,0.0,0.0,1.0
"F[1,2]((Alkalinephos <= 59.974 | SBP >= 95.788) -> Calcium <= 141.681)
",-9999999.000,-9999999.000,0.000,0.000,1.000,0,0,0,18,18,0,0,18,0.0,0,0,0.0,0.0,1.0
"F[0,2]((EtCO2 >= 0.000 | HR >= 40.573) & Hgb <= 100.099)
",-9999999.000,-9999999.000,0.000,0.000,1.000,0,0,0,18,18,0,0,18,0.0,0,0,0.0,0.0,1.0
"F[2,2](Potassium >= 0.149 -> PaCO2 >= 0.000)
",0.000,0.000,0.000,0.000,1.000,0,0,0,18,18,0,0,18,0.0,0,0,0.0,0.0,1.0
"F[0,2](BUN <= 5.749 & FiO2 <= 0.164)
",-9999999.000,-9999999.000,0.000,0.000,1.000,0,0,0,18,18,0,0,18,0.0,0,0,0.0,0.0,1.0
"F[1,2]((Hct <= 18.321 -> MAP >= 28.070) & Bilirubin_direct >= 16.062)
",-9999999.000,-9999999.000,0.000,0.000,1.000,0,0,0,18,18,0,0,18,0.0,0,0,0.0,0.0,1.0
"F[1,2](((EtCO2 >= 0.000 | FiO2 <= 0.133) | pH <= 0.136) -> PTT >= 0.003)
",-9999999.000,-9999999.000,0.000,0.000,1.000,0,0,0,18,18,0,0,18,0.0,0,0,0.0,0.0,1.0
"F[0,1]((Fibrinogen <= 154.029 & O2Sat <= 98.869) -> Temp <= 97.392)
",-9999999.000,-9999999.000,0.000,0.000,1.000,0,0,0,18,18,0,0,18,0.0,0,0,0.0,0.0,1.0
"F[0,2]((Alkalinephos <= 45.644 | MAP <= 101.366) & Lactate <= 84.690)
",-9999999.000,-9999999.000,0.000,0.000,1.000,0,0,0,18,18,0,0,18,0.0,0,0,0.0,0.0,1.0
"F[1,2](((Fibrinogen <= 142.509 & FiO2 >= 0.005) | MAP >= 0.005) & Lactate >= 0.002)
",-9999999.000,-9999999.000,0.000,0.000,1.000,0,0,0,18,18,0,0,18,0.0,0,0,0.0,0.0,1.0
"F[1,2](((Magnesium >= 0.009 | MAP >= 22.528) | DBP <= 110.394) -> SepsisLabel <= 91.772)
",-9999999.000,-9999999.000,0.000,0.000,1.000,0,0,0,18,18,0,0,18,0.0,0,0,0.0,0.0,1.0
"F[0,2](((Platelets <= 80.966 | Temp >= 2.521) & AST >= 7.051) | Hgb <= 26.003)
",-9999999.000,-9999999.000,0.000,0.000,1.000,0,0,0,18,18,0,0,18,0.0,0,0,0.0,0.0,1.0
"F[1,2]((Chloride >= 0.000 | O2Sat >= 31.202) -> Resp <= 95.517)
",-9999999.000,-9999999.000,0.000,0.000,1.000,0,0,0,18,18,0,0,18,0.0,0,0,0.0,0.0,1.0
"F[1,2]((Platelets >= 4.864 | Calcium >= 0.650) | Alkalinephos <= 3.296)
",-9999999.000,-9999999.000,0.000,0.000,1.000,0,0,0,18,18,0,0,18,0.0,0,0,0.0,0.0,1.0
"F[0,2](Phosphate >= 0.130 -> Temp >= 3.863)
",-9999999.000,-9999999.000,0.000,0.000,1.000,0,0,0,18,18,0,0,18,0.0,0,0,0.0,0.0,1.0
"F[0,2]((Bilirubin_direct >= 0.097 | DBP >= 20.487) -> Calcium >= 36.398)
",-9999999.000,-9999999.000,0.000,0.000,1.000,0,0,0,18,18,0,0,18,0.0,0,0,0.0,0.0,1.0
"((BUN <= 7.112) U[0,1] (FiO2 <= 0.159))
",-9999999.000,-9999999.000,0.000,0.000,1.000,0,0,0,18,18,0,0,18,0.0,0,0,0.0,0.0,1.0
"F[1,2]((Fibrinogen >= 16.460 | SBP >= 75.794) & EtCO2 <= 140.773)
",-9999999.000,-9999999.000,0.000,0.000,1.000,0,0,0,18,18,0,0,18,0.0,0,0,0.0,0.0,1.0
"F[2,2]((Hct >= 0.860 & Temp <= 22.624) -> Alkalinephos >= 0.330)
",0.330,0.330,0.000,0.000,1.000,0,0,0,18,18,0,0,18,0.0,0,0,0.0,0.0,1.0
"F[1,2](((Creatinine <= 0.641 & DBP <= 71.325) -> MAP <= 78.387) -> Platelets >= 24.009)
",-9999999.000,-9999999.000,0.000,0.000,1.000,0,0,0,18,18,0,0,18,0.0,0,0,0.0,0.0,1.0
"F[0,0](((Bilirubin_direct >= 0.027 | FiO2 <= 0.128) | Bilirubin_direct >= 0.005) | Fibrinogen >= 0.001)
",0.438,0.971,0.000,0.000,1.000,0,0,0,18,18,0,0,18,0.0,0,0,0.0,0.0,1.0
"F[1,2]((AST >= 451.099 & FiO2 <= 0.186) -> Potassium <= 0.170)
",-9999999.000,-9999999.000,0.000,0.000,1.000,0,0,0,18,18,0,0,18,0.0,0,0,0.0,0.0,1.0
"F[0,2](DBP <= 78.382 -> Magnesium >= 0.057)
",-9999999.000,-9999999.000,0.000,0.000,1.000,0,0,0,18,18,0,0,18,0.0,0,0,0.0,0.0,1.0
"F[1,2]((Bilirubin_direct <= 0.957 -> SBP <= 132.727) & MAP >= 95.899)
",-9999999.000,-9999999.000,0.000,0.000,1.000,0,0,0,18,18,0,0,18,0.0,0,0,0.0,0.0,1.0
"F[0,1](DBP >= 9.839 | FiO2 <= 0.024)
",-9999999.000,-9999999.000,0.000,0.000,1.000,0,0,0,18,18,0,0,18,0.0,0,0,0.0,0.0,1.0
"F[0,2](((Creatinine >= 0.002 -> MAP >= 67.240) | Magnesium <= 85.817) | Fibrinogen <= 99.087)
",-9999999.000,-9999999.000,0.000,0.000,1.000,0,0,0,18,18,0,0,18,0.0,0,0,0.0,0.0,1.0
"F[0,2](Calcium >= 0.821 & SBP >= 72.707)
",-9999999.000,-9999999.000,0.000,0.000,1.000,0,0,0,18,18,0,0,18,0.0,0,0,0.0,0.0,1.0
"F[0,2](((DBP >= 32.547 -> Hgb <= 15.480) -> AST <= 6.010) -> Alkalinephos <= 2.946)
",-9999999.000,-9999999.000,0.000,0.000,1.000,0,0,0,18,18,0,0,18,0.0,0,0,0.0,0.0,1.0
"F[0,1](((Bilirubin_total <= 1.963 -> FiO2 <= 0.047) -> AST >= 0.004) -> BaseExcess <= 0.007)
",-9999999.000,-9999999.000,0.000,0.000,1.000,0,0,0,18,18,0,0,18,0.0,0,0,0.0,0.0,1.0
"F[1,2]((FiO2 <= 0.142 -> WBC >= 0.476) -> O2Sat >= 0.743)
",-9999999.000,-9999999.000,0.000,0.000,1.000,0,0,0,18,18,0,0,18,0.0,0,0,0.0,0.0,1.0
"F[0,0](AST <= 3923.175 | MAP >= 33.896)
",4313576870570343.000,3923.175,0.000,0.000,1.000,0,0,0,18,18,0,0,18,0.0,0,0,0.0,0.0,1.0
"F[1,2]((O2Sat >= 21.997 -> Hct <= 38.575) & WBC <= 19.159)
",-9999999.000,-9999999.000,0.000,0.000,1.000,0,0,0,18,18,0,0,18,0.0,0,0,0.0,0.0,1.0
"F[1,2](((MAP <= 111.107 & WBC <= 2.571) & DBP <= 3.086) | AST <= 6.307)
",-9999999.000,-9999999.000,0.000,0.000,1.000,0,0,0,18,18,0,0,18,0.0,0,0,0.0,0.0,1.0
"F[2,2](((FiO2 <= 0.110 -> Resp >= 1.956) | Bilirubin_direct <= 23.945) -> PTT <= 16.270)
",-23.945,-23.945,0.000,0.000,1.000,0,0,0,18,18,0,0,18,0.0,0,0,0.0,0.0,1.0
"F[0,2](((pH <= 0.000 | Glucose <= 82.994) -> SepsisLabel <= 42.362) -> BUN >= 24.425)
",-9999999.000,-9999999.000,0.000,0.000,1.000,0,0,0,18,18,0,0,18,0.0,0,0,0.0,0.0,1.0
"F[0,2](((Phosphate >= 0.149 -> PTT <= 7.947) | TroponinI >= 4.458) & Glucose >= 1.780)
",-9999999.000,-9999999.000,0.000,0.000,1.000,0,0,0,18,18,0,0,18,0.0,0,0,0.0,0.0,1.0
"F[1,2](((Alkalinephos <= 48.594 & O2Sat <= 96.353) | SepsisLabel <= 95.596) -> HCO3 >= 8.058)
",-9999999.000,-9999999.000,0.000,0.000,1.000,0,0,0,18,18,0,0,18,0.0,0,0,0.0,0.0,1.0
"F[1,2](TroponinI <= 0.000 | DBP >= 8.336)
",-9999999.000,-9999999.000,0.000,0.000,1.000,0,0,0,18,18,0,0,18,0.0,0,0,0.0,0.0,1.0
"F[2,2](((Chloride <= 0.000 & Hgb <= 10.153) & Potassium <= 5.876) -> Glucose <= 11.435)
",-11.435,-11.435,0.000,0.000,1.000,0,0,0,18,18,0,0,18,0.0,0,0,0.0,0.0,1.0
"F[2,2]((Lactate >= 0.000 | TroponinI <= 0.000) & Lactate <= 0.000)
",0.000,0.000,0.000,0.000,1.000,0,0,0,18,18,0,0,18,0.0,0,0,0.0,0.0,1.0
"F[0,0](((WBC <= 5.936 & EtCO2 >= 0.000) | SaO2 >= 0.000) | SaO2 >= 0.000)
",1.414,3.958,0.000,0.000,1.000,0,0,0,18,18,0,0,18,0.0,0,0,0.0,0.0,1.0
"F[1,2]((Resp <= 23.675 & SaO2 >= 0.000) & Glucose <= 0.000)
",-9999999.000,-9999999.000,0.000,0.000,1.000,0,0,0,18,18,0,0,18,0.0,0,0,0.0,0.0,1.0
"F[2,2]((MAP <= 91.792 -> HR >= 74.136) | Fibrinogen <= 106.174)
",7471298739981204.000,106.174,0.000,0.000,1.000,0,0,0,18,18,0,0,18,0.0,0,0,0.0,0.0,1.0
"F[2,2]((Magnesium >= 0.021 | SBP >= 80.809) -> WBC >= 61.945)
",0.021,0.021,0.000,0.000,1.000,0,0,0,18,18,0,0,18,0.0,0,0,0.0,0.0,1.0
"F[0,1](PaCO2 <= 0.000 | Platelets >= 11.525)
",-9999999.000,-9999999.000,0.000,0.000,1.000,0,0,0,18,18,0,0,18,0.0,0,0,0.0,0.0,1.0
"F[0,1]((Temp <= 23.535 | Bilirubin_direct >= 0.066) | TroponinI <= 2.324)
",-9999999.000,-9999999.000,0.000,0.000,1.000,0,0,0,18,18,0,0,18,0.0,0,0,0.0,0.0,1.0
"F[2,2](Calcium <= 2.020 | Chloride <= 0.000)
",2.020,2.020,0.000,0.000,1.000,0,0,0,18,18,0,0,18,0.0,0,0,0.0,0.0,1.0
"((PaCO2 <= 0.000) U[0,2] (BaseExcess <= 0.000))
",-9999999.000,-9999999.000,0.000,0.000,1.000,0,0,0,18,18,0,0,18,0.0,0,0,0.0,0.0,1.0
"F[1,2](((Glucose <= 104.034 & PaCO2 >= 0.000) -> Magnesium >= 0.000) | Calcium <= 0.000)
",-9999999.000,-9999999.000,0.000,0.000,1.000,0,0,0,18,18,0,0,18,0.0,0,0,0.0,0.0,1.0
"((BaseExcess >= 0.000) U[0,0] (pH >= 0.000))
",0.243,0.012,0.000,0.000,1.000,0,0,0,18,18,0,0,18,0.0,0,0,0.0,0.0,1.0
"F[1,1](SepsisLabel >= 0.000 -> pH >= 0.000)
",0.000,0.000,0.000,0.000,1.000,0,0,0,18,18,0,0,18,0.0,0,0,0.0,0.0,1.0
"F[0,2](SepsisLabel >= 0.000 & Alkalinephos >= 3.919)
",-9999999.000,-9999999.000,0.000,0.000,1.000,0,0,0,18,18,0,0,18,0.0,0,0,0.0,0.0,1.0
"F[0,1](Magnesium <= 1.751 -> HCO3 >= 0.000)
",-9999999.000,-9999999.000,0.000,0.000,1.000,0,0,0,18,18,0,0,18,0.0,0,0,0.0,0.0,1.0
"F[1,2]((Hct >= 2.195 | Alkalinephos <= 50.558) & Lactate <= 55.907)
",-9999999.000,-9999999.000,0.000,0.000,1.000,0,0,0,18,18,0,0,18,0.0,0,0,0.0,0.0,1.0
"F[2,2]((Lactate <= 0.000 | FiO2 <= 0.069) | Potassium >= 0.003)
",0.069,0.069,0.000,0.000,1.000,0,0,0,18,18,0,0,18,0.0,0,0,0.0,0.0,1.0
"F[0,0]((HR >= 30.753 & Phosphate >= 0.008) -> PTT >= 0.015)
",-0.351,-1.408,0.000,0.000,1.000,0,0,0,18,18,0,0,18,0.0,0,0,0.0,0.0,1.0
"F[1,2](SepsisLabel <= 0.000 | HCO3 <= 0.000)
",-9999999.000,-9999999.000,0.000,0.000,1.000,0,0,0,18,18,0,0,18,0.0,0,0,0.0,0.0,1.0
"F[1,1](((PaCO2 >= 0.000 | FiO2 <= 0.042) -> Bilirubin_direct >= 0.004) | SepsisLabel <= 0.207)
",0.207,0.207,0.000,0.000,1.000,0,0,0,18,18,0,0,18,0.0,0,0,0.0,0.0,1.0
"F[0,1](((MAP >= 23.805 & DBP <= 72.142) & Calcium >= 3.076) | Hct <= 87.123)
",-9999999.000,-9999999.000,0.000,0.000,1.000,0,0,0,18,18,0,0,18,0.0,0,0,0.0,0.0,1.0
"F[0,2](((Alkalinephos <= 75.767 -> HCO3 >= 0.000) | O2Sat <= 0.000) & TroponinI <= 0.000)
",-9999999.000,-9999999.000,0.000,0.000,1.000,0,0,0,18,18,0,0,18,0.0,0,0,0.0,0.0,1.0
"F[0,1]((MAP >= 45.179 -> SaO2 >= 0.000) -> FiO2 >= 0.000)
",-9999999.000,-9999999.000,0.000,0.000,1.000,0,0,0,18,18,0,0,18,0.0,0,0,0.0,0.0,1.0
"F[0,1](((SBP <= 145.171 | Platelets >= 13.528) & Lactate <= 26.797) -> DBP >= 12.654)
",-9999999.000,-9999999.000,0.000,0.000,1.000,0,0,0,18,18,0,0,18,0.0,0,0,0.0,0.0,1.0
"F[0,2](((BaseExcess >= 0.000 | DBP >= 42.367) & BUN <= 89.989) -> AST >= 18.619)
",-9999999.000,-9999999.000,0.000,0.000,1.000,0,0,0,18,18,0,0,18,0.0,0,0,0.0,0.0,1.0
"F[0,2](Creatinine <= 0.170 | O2Sat <= 96.828)
",-9999999.000,-9999999.000,0.000,0.000,1.000,0,0,0,18,18,0,0,18,0.0,0,0,0.0,0.0,1.0
"F[0,1](Magnesium <= 0.240 | Hct >= 2.997)
",-9999999.000,-9999999.000,0.000,0.000,1.000,0,0,0,18,18,0,0,18,0.0,0,0,0.0,0.0,1.0
"F[0,2](((PaCO2 <= 0.000 -> Potassium >= 0.382) -> Glucose <= 1.862) & Fibrinogen >= 0.252)
",-9999999.000,-9999999.000,0.000,0.000,1.000,0,0,0,18,18,0,0,18,0.0,0,0,0.0,0.0,1.0
"F[1,2](((EtCO2 >= 0.000 -> TroponinI <= 0.000) | AST >= 0.000) -> Lactate >= 0.000)
",-9999999.000,-9999999.000,0.000,0.000,1.000,0,0,0,18,18,0,0,18,0.0,0,0,0.0,0.0,1.0
"F[1,2]((Resp >= 4.906 -> Chloride >= 0.000) -> Hct <= 0.000)
",-9999999.000,-9999999.000,0.000,0.000,1.000,0,0,0,18,18,0,0,18,0.0,0,0,0.0,0.0,1.0
"F[0,2]((Phosphate <= 1.472 -> FiO2 >= 0.003) -> O2Sat <= 0.151)
",-9999999.000,-9999999.000,0.000,0.000,1.000,0,0,0,18,18,0,0,18,0.0,0,0,0.0,0.0,1.0
"F[2,2](Potassium >= 0.243 | Phosphate <= 0.421)
",0.421,0.421,0.000,0.000,1.000,0,0,0,18,18,0,0,18,0.0,0,0,0.0,0.0,1.0
"F[1,2](((O2Sat <= 94.573 | Alkalinephos <= 41.566) -> HR <= 39.995) -> Creatinine <= 48.566)
",-9999999.000,-9999999.000,0.000,0.000,1.000,0,0,0,18,18,0,0,18,0.0,0,0,0.0,0.0,1.0
"F[0,1](((Fibrinogen <= 56.306 | Hgb <= 7.802) -> FiO2 >= 1.201) -> Hgb >= 0.379)
",-9999999.000,-9999999.000,0.000,0.000,1.000,0,0,0,18,18,0,0,18,0.0,0,0,0.0,0.0,1.0
"F[0,0](Calcium <= 8.165 & BaseExcess >= 0.000)
",-0.447,-10.084,0.000,0.000,1.000,0,0,0,18,18,0,0,18,0.0,0,0,0.0,0.0,1.0
"F[1,2](((Magnesium <= 1.194 & PTT >= 0.349) -> Hgb <= 9.424) & BUN <= 5.732)
",-9999999.000,-9999999.000,0.000,0.000,1.000,0,0,0,18,18,0,0,18,0.0,0,0,0.0,0.0,1.0
"F[0,2]((Fibrinogen <= 30.894 -> Glucose <= 72.520) | Hgb <= 79.180)
",-9999999.000,-9999999.000,0.000,0.000,1.000,0,0,0,18,18,0,0,18,0.0,0,0,0.0,0.0,1.0
"((Phosphate >= 0.140) U[0,2] (BaseExcess <= 0.000))
",-9999999.000,-9999999.000,0.000,0.000,1.000,0,0,0,18,18,0,0,18,0.0,0,0,0.0,0.0,1.0
"F[1,2](O2Sat >= 40.959 -> BUN >= 0.346)
",-9999999.000,-9999999.000,0.000,0.000,1.000,0,0,0,18,18,0,0,18,0.0,0,0,0.0,0.0,1.0
"F[1,2]((BUN <= 3.163 & DBP <= 68.811) | Phosphate <= 83.617)
",-9999999.000,-9999999.000,0.000,0.000,1.000,0,0,0,18,18,0,0,18,0.0,0,0,0.0,0.0,1.0
"F[0,2](((Calcium <= 5.620 & Calcium <= 5.159) & FiO2 <= 2.026) | AST >= 1.027)
",-9999999.000,-9999999.000,0.000,0.000,1.000,0,0,0,18,18,0,0,18,0.0,0,0,0.0,0.0,1.0
"F[0,1]((MAP >= 40.349 | Bilirubin_direct >= 0.017) | Lactate <= 1.782)
",-9999999.000,-9999999.000,0.000,0.000,1.000,0,0,0,18,18,0,0,18,0.0,0,0,0.0,0.0,1.0
"((EtCO2 <= 0.000) U[1,2] (Temp >= 7.045))
",-9999999.000,-9999999.000,0.000,0.000,1.000,0,0,0,18,18,0,0,18,0.0,0,0,0.0,0.0,1.0
"F[1,2]((Creatinine <= 0.547 | AST >= 898.335) -> PTT >= 486.444)
",-9999999.000,-9999999.000,0.000,0.000,1.000,0,0,0,18,18,0,0,18,0.0,0,0,0.0,0.0,1.0
"F[0,0]((BaseExcess <= 0.000 & SaO2 <= 0.000) -> EtCO2 <= 0.000)
",0.000,0.000,0.000,0.000,1.000,0,0,0,18,18,0,0,18,0.0,0,0,0.0,0.0,1.0
"F[2,2](((HR <= 113.404 | Magnesium <= 1.877) -> Phosphate <= 1.782) & BUN <= 1.789)
",-7980070927144036.000,-113.404,0.000,0.000,1.000,0,0,0,18,18,0,0,18,0.0,0,0,0.0,0.0,1.0
"F[2,2](((Glucose <= 70.818 | SepsisLabel >= 0.000) -> Resp <= 0.000) | TroponinI <= 0.000)
",0.000,0.000,0.000,0.000,1.000,0,0,0,18,18,0,0,18,0.0,0,0,0.0,0.0,1.0
"F[2,2]((Fibrinogen <= 83.305 -> Chloride >= 0.000) & Chloride <= 0.000)
",-83.305,-83.305,0.000,0.000,1.000,0,0,0,18,18,0,0,18,0.0,0,0,0.0,0.0,1.0
"F[1,1](PaCO2 >= 0.000 -> EtCO2 >= 0.000)
",0.000,0.000,0.000,0.000,1.000,0,0,0,18,18,0,0,18,0.0,0,0,0.0,0.0,1.0
"F[0,1](SepsisLabel >= 0.000 | Hgb <= 7.878)
",-9999999.000,-9999999.000,0.000,0.000,1.000,0,0,0,18,18,0,0,18,0.0,0,0,0.0,0.0,1.0
"F[0,0](((Bilirubin_direct >= 0.011 | TroponinI <= 0.000) | Creatinine >= 0.000) -> Temp >= 0.000)
",-2.826,-87.694,0.000,0.000,1.000,0,0,0,18,18,0,0,18,0.0,0,0,0.0,0.0,1.0
"F[0,2](((PaCO2 <= 0.000 & Calcium >= 0.468) -> Creatinine >= 0.342) | Glucose <= 8.078)
",-9999999.000,-9999999.000,0.000,0.000,1.000,0,0,0,18,18,0,0,18,0.0,0,0,0.0,0.0,1.0
"F[0,1](((Fibrinogen >= 14.926 -> Glucose <= 128.115) -> Bilirubin_total <= 49.821) & Hct <= 117.361)
",-9999999.000,-9999999.000,0.000,0.000,1.000,0,0,0,18,18,0,0,18,0.0,0,0,0.0,0.0,1.0
"F[2,2](((Glucose <= 48.613 | SBP >= 12.698) -> Bilirubin_direct >= 43.801) | Alkalinephos >= 93.512)
",-48.613,-48.613,0.000,0.000,1.000,0,0,0,18,18,0,0,18,0.0,0,0,0.0,0.0,1.0
"F[1,1](((FiO2 <= 0.208 | pH <= 0.000) -> Alkalinephos >= 0.000) -> SaO2 <= 0.000)
",0.000,0.000,0.000,0.000,1.000,0,0,0,18,18,0,0,18,0.0,0,0,0.0,0.0,1.0
"F[1,2](((Bilirubin_direct <= 0.499 | Hct <= 35.516) & Glucose >= 3.063) & Fibrinogen <= 23.581)
",-9999999.000,-9999999.000,0.000,0.000,1.000,0,0,0,18,18,0,0,18,0.0,0,0,0.0,0.0,1.0
"F[1,2](DBP >= 40.759 -> Resp <= 22.647)
",-9999999.000,-9999999.000,0.000,0.000,1.000,0,0,0,18,18,0,0,18,0.0,0,0,0.0,0.0,1.0
"F[0,2]((Temp <= 11.784 -> MAP >= 35.588) | TroponinI <= 100.480)
",-9999999.000,-9999999.000,0.000,0.000,1.000,0,0,0,18,18,0,0,18,0.0,0,0,0.0,0.0,1.0
"F[1,2]((Lactate >= 0.000 | Lactate >= 0.000) & DBP <= 0.000)
",-9999999.000,-9999999.000,0.000,0.000,1.000,0,0,0,18,18,0,0,18,0.0,0,0,0.0,0.0,1.0
"F[0,2](((Resp <= 23.923 -> Phosphate <= 1.799) | PaCO2 <= 0.831) | BaseExcess >= 0.170)
",-9999999.000,-9999999.000,0.000,0.000,1.000,0,0,0,18,18,0,0,18,0.0,0,0,0.0,0.0,1.0
"F[1,2]((Hct <= 34.340 -> HR >= 51.452) | Bilirubin_direct <= 115.515)
",-9999999.000,-9999999.000,0.000,0.000,1.000,0,0,0,18,18,0,0,18,0.0,0,0,0.0,0.0,1.0
"F[1,2](Hgb <= 8.841 | Hct <= 8.879)
",-9999999.000,-9999999.000,0.000,0.000,1.000,0,0,0,18,18,0,0,18,0.0,0,0,0.0,0.0,1.0
"F[1,2]((Hgb <= 8.234 | HR <= 113.425) | Temp >= 46.089)
",-9999999.000,-9999999.000,0.000,0.000,1.000,0,0,0,18,18,0,0,18,0.0,0,0,0.0,0.0,1.0
"F[2,2](WBC < 2.211 & SepsisLabel = 0.000)
",0.000,0.000,0.000,0.000,1.000,0,0,0,18,18,0,0,18,0.0,0,0,0.0,0.0,1.0
"((Calcium <= 2.401) U[0,0] (SepsisLabel = 0.000))
",-0.249,-5.399,0.000,0.000,1.000,0,0,0,18,18,0,0,18,0.0,0,0,0.0,0.0,1.0
"((TroponinI > 0.000) U[0,2] (SepsisLabel = 0.000))
",-9999999.000,-9999999.000,0.000,0.000,1.000,0,0,0,18,18,0,0,18,0.0,0,0,0.0,0.0,1.0
"F[1,2](Phosphate > 0.007 -> SepsisLabel = 0.000)
",-9999999.000,-9999999.000,0.000,0.000,1.000,0,0,0,18,18,0,0,18,0.0,0,0,0.0,0.0,1.0
"F[0,1](MAP > 43.131 & SepsisLabel = 0.000)
",-9999999.000,-9999999.000,0.000,0.000,1.000,0,0,0,18,18,0,0,18,0.0,0,0,0.0,0.0,1.0
"((FiO2 <= 0.175) U[0,2] (SepsisLabel = 0.000))
",-9999999.000,-9999999.000,0.000,0.000,1.000,0,0,0,18,18,0,0,18,0.0,0,0,0.0,0.0,1.0
"((Temp < 31.118) U[2,2] (SepsisLabel = 0.000))
",4379528061088103.000,31.118,0.000,0.000,1.000,0,0,0,18,18,0,0,18,0.0,0,0,0.0,0.0,1.0
"F[1,2](BUN <= 8.939 & SepsisLabel = 0.000)
",-9999999.000,-9999999.000,0.000,0.000,1.000,0,0,0,18,18,0,0,18,0.0,0,0,0.0,0.0,1.0
"F[1,2](PTT > 1.690 -> SepsisLabel = 0.000)
",-9999999.000,-9999999.000,0.000,0.000,1.000,0,0,0,18,18,0,0,18,0.0,0,0,0.0,0.0,1.0
"F[0,1](Fibrinogen <= 177.541 & SepsisLabel = 0.000)
",-9999999.000,-9999999.000,0.000,0.000,1.000,0,0,0,18,18,0,0,18,0.0,0,0,0.0,0.0,1.0
"((PaCO2 < 0.000) U[0,0] (SepsisLabel = 0.000))
",0.000,0.000,0.000,0.000,1.000,0,0,0,18,18,0,0,18,0.0,0,0,0.0,0.0,1.0
"((TroponinI <= 0.000) U[0,0] (SepsisLabel = 0.000))
",-0.353,-0.322,0.000,0.000,1.000,0,0,0,18,18,0,0,18,0.0,0,0,0.0,0.0,1.0
"F[0,1](Alkalinephos <= 15.281 & SepsisLabel = 0.000)
",-9999999.000,-9999999.000,0.000,0.000,1.000,0,0,0,18,18,0,0,18,0.0,0,0,0.0,0.0,1.0
"F[1,2](DBP <= 84.253 -> SepsisLabel = 0.000)
",-9999999.000,-9999999.000,0.000,0.000,1.000,0,0,0,18,18,0,0,18,0.0,0,0,0.0,0.0,1.0
"F[1,1](Resp <= 24.084 -> SepsisLabel = 0.000)
",-24.084,-24.084,0.000,0.000,1.000,0,0,0,18,18,0,0,18,0.0,0,0,0.0,0.0,1.0
"((FiO2 < 0.134) U[0,1] (SepsisLabel = 0.000))
",-9999999.000,-9999999.000,0.000,0.000,1.000,0,0,0,18,18,0,0,18,0.0,0,0,0.0,0.0,1.0
"F[0,0](Hct < 14.884 -> SepsisLabel = 0.000)
",-14.884,-14.884,0.000,0.000,1.000,0,0,0,18,18,0,0,18,0.0,0,0,0.0,0.0,1.0
"F[0,1](Potassium > 0.306 -> SepsisLabel = 0.000)
",-9999999.000,-9999999.000,0.000,0.000,1.000,0,0,0,18,18,0,0,18,0.0,0,0,0.0,0.0,1.0
"((BaseExcess <= 0.000) U[1,2] (SepsisLabel = 0.000))
",-9999999.000,-9999999.000,0.000,0.000,1.000,0,0,0,18,18,0,0,18,0.0,0,0,0.0,0.0,1.0
"((PTT < 13.190) U[0,0] (SepsisLabel = 0.000))
",2.934,11.774,0.000,0.000,1.000,0,0,0,18,18,0,0,18,0.0,0,0,0.0,0.0,1.0
"F[1,2](AST >= 204.796 -> Calcium <= 5.509)
",-9999999.000,-9999999.000,0.000,0.000,1.000,0,0,0,18,18,0,0,18,0.0,0,0,0.0,0.0,1.0
"((Alkalinephos >= 4.729) U[0,2] (AST >= 864.790))
",-9999999.000,-9999999.000,0.000,0.000,1.000,0,0,0,18,18,0,0,18,0.0,0,0,0.0,0.0,1.0
"F[0,2](Phosphate <= 1.587 & Platelets >= 5.245)
",-9999999.000,-9999999.000,0.000,0.000,1.000,0,0,0,18,18,0,0,18,0.0,0,0,0.0,0.0,1.0
"((Hct >= 2.786) U[0,2] (Phosphate <= 2.286))
",-9999999.000,-9999999.000,0.000,0.000,1.000,0,0,0,18,18,0,0,18,0.0,0,0,0.0,0.0,1.0
"F[1,1](Bilirubin_total >= 0.357 | Potassium <= 2.702)
",6084746319922700.000,2.702,0.000,0.000,1.000,0,0,0,18,18,0,0,18,0.0,0,0,0.0,0.0,1.0
"F[0,1]((Bilirubin_total <= 1.612 | Creatinine >= 0.028) | Lactate <= 1.053)
",-9999999.000,-9999999.000,0.000,0.000,1.000,0,0,0,18,18,0,0,18,0.0,0,0,0.0,0.0,1.0
"F[0,2](((Alkalinephos >= 4.498 & Creatinine <= 0.942) & HR <= 0.865) | Lactate <= 1.058)
",-9999999.000,-9999999.000,0.000,0.000,1.000,0,0,0,18,18,0,0,18,0.0,0,0,0.0,0.0,1.0
"F[0,2](((DBP <= 85.688 & MAP <= 96.103) -> PaCO2 >= 3.615) | Glucose <= 102.270)
",-9999999.000,-9999999.000,0.000,0.000,1.000,0,0,0,18,18,0,0,18,0.0,0,0,0.0,0.0,1.0
"F[2,2]((Bilirubin_total <= 0.816 & PTT >= 1.900) -> Lactate >= 3.390)
",8556989108522251.000,1.900,0.000,0.000,1.000,0,0,0,18,18,0,0,18,0.0,0,0,0.0,0.0,1.0
"F[1,2](Alkalinephos <= 57.562 & Potassium <= 3.325)
",-9999999.000,-9999999.000,0.000,0.000,1.000,0,0,0,18,18,0,0,18,0.0,0,0,0.0,0.0,1.0
"F[0,1](((Platelets <= 39.636 | WBC >= 0.464) & Hgb >= 0.034) | WBC <= 1.342)
",-9999999.000,-9999999.000,0.000,0.000,1.000,0,0,0,18,18,0,0,18,0.0,0,0,0.0,0.0,1.0
"((Hct >= 2.988) U[0,2] (Platelets <= 141.720))
",-9999999.000,-9999999.000,0.000,0.000,1.000,0,0,0,18,18,0,0,18,0.0,0,0,0.0,0.0,1.0
"F[1,2]((Hgb >= 0.439 & Platelets >= 6.657) -> TroponinI <= 104.813)
",-9999999.000,-9999999.000,0.000,0.000,1.000,0,0,0,18,18,0,0,18,0.0,0,0,0.0,0.0,1.0
"F[0,2](Alkalinephos <= 46.735 & PTT <= 30.415)
",-9999999.000,-9999999.000,0.000,0.000,1.000,0,0,0,18,18,0,0,18,0.0,0,0,0.0,0.0,1.0
"F[0,2](Alkalinephos >= 6.618 | Calcium <= 2.289)
",-9999999.000,-9999999.000,0.000,0.000,1.000,0,0,0,18,18,0,0,18,0.0,0,0,0.0,0.0,1.0
"((PaCO2 >= 0.000) U[0,1] (SepsisLabel = 0.000))
",-9999999.000,-9999999.000,0.000,0.000,1.000,0,0,0,18,18,0,0,18,0.0,0,0,0.0,0.0,1.0
"((FiO2 >= 0.003) U[0,0] (SepsisLabel = 0.000))
",-0.354,-0.000,0.000,0.000,1.000,0,0,0,18,18,0,0,18,0.0,0,0,0.0,0.0,1.0
"F[0,0](((BUN >= 0.161 & PTT <= 16.896) | Magnesium >= 1.581) | Calcium <= 21.893)
",3.507,19.644,0.000,0.000,1.000,0,0,0,18,18,0,0,18,0.0,0,0,0.0,0.0,1.0
"F[0,2](Hgb <= 8.150 | Hct <= 20.633)
",-9999999.000,-9999999.000,0.000,0.000,1.000,0,0,0,18,18,0,0,18,0.0,0,0,0.0,0.0,1.0
"F[1,2](((Calcium < 2.834 & Potassium < 3.650) & Magnesium < 1.787) & Phosphate < 1.963)
",-9999999.000,-9999999.000,0.000,0.000,1.000,0,0,0,18,18,0,0,18,0.0,0,0,0.0,0.0,1.0
"F[0,2]((Calcium <= 3.543 & Potassium <= 1.993) & Magnesium >= 0.155)
",-9999999.000,-9999999.000,0.000,0.000,1.000,0,0,0,18,18,0,0,18,0.0,0,0,0.0,0.0,1.0
"F[0,0](Hgb <= 10.508 | Hct <= 25.802)
",25.802,25.802,0.000,0.000,1.000,0,0,0,18,18,0,0,18,0.0,0,0,0.0,0.0,1.0
"((MAP >= 1.959) U[1,2] (SBP <= 124.834))
",-9999999.000,-9999999.000,0.000,0.000,1.000,0,0,0,18,18,0,0,18,0.0,0,0,0.0,0.0,1.0
"F[1,2]((Phosphate >= 0.182 & Magnesium > 0.083) -> Calcium < 4.489)
",-9999999.000,-9999999.000,0.000,0.000,1.000,0,0,0,18,18,0,0,18,0.0,0,0,0.0,0.0,1.0
"F[0,1](((Calcium < 1.324 & Potassium < 2.342) & Magnesium < 2.128) & Phosphate < 0.283)
",-9999999.000,-9999999.000,0.000,0.000,1.000,0,0,0,18,18,0,0,18,0.0,0,0,0.0,0.0,1.0
"F[1,2]((Calcium <= 2.476 & Potassium <= 3.451) & Magnesium >= 0.115)
",-9999999.000,-9999999.000,0.000,0.000,1.000,0,0,0,18,18,0,0,18,0.0,0,0,0.0,0.0,1.0
"F[1,2](Hgb <= 10.682 | Hct <= 7.114)
",-9999999.000,-9999999.000,0.000,0.000,1.000,0,0,0,18,18,0,0,18,0.0,0,0,0.0,0.0,1.0
"((MAP >= 40.311) U[0,2] (SBP <= 127.460))
",-9999999.000,-9999999.000,0.000,0.000,1.000,0,0,0,18,18,0,0,18,0.0,0,0,0.0,0.0,1.0
"F[0,1]((Phosphate >= 0.058 & Magnesium > 0.060) -> Calcium < 3.092)
",-9999999.000,-9999999.000,0.000,0.000,1.000,0,0,0,18,18,0,0,18,0.0,0,0,0.0,0.0,1.0
"F[0,2](((Calcium < 4.755 & Potassium < 1.141) & Magnesium < 2.172) & Phosphate < 1.292)
",-9999999.000,-9999999.000,0.000,0.000,1.000,0,0,0,18,18,0,0,18,0.0,0,0,0.0,0.0,1.0
"F[0,2]((Calcium <= 7.087 & Potassium <= 3.397) & Magnesium >= 0.098)
",-9999999.000,-9999999.000,0.000,0.000,1.000,0,0,0,18,18,0,0,18,0.0,0,0,0.0,0.0,1.0
"F[0,0](Hgb <= 5.036 | Hct <= 9.207)
",5182819228407093.000,9.207,0.000,0.000,1.000,0,0,0,18,18,0,0,18,0.0,0,0,0.0,0.0,1.0
"F[0,2]((Phosphate >= 0.011 & Magnesium > 0.219) -> Calcium < 6.297)
",-9999999.000,-9999999.000,0.000,0.000,1.000,0,0,0,18,18,0,0,18,0.0,0,0,0.0,0.0,1.0
"F[2,2](((Calcium < 3.483 & Potassium < 1.232) & Magnesium < 2.032) & Phosphate < 1.498)
",5550199711287525.000,1.232,0.000,0.000,1.000,0,0,0,18,18,0,0,18,0.0,0,0,0.0,0.0,1.0
"F[1,2]((Phosphate >= 0.004 & Magnesium > 0.057) -> Calcium < 5.989)
",-9999999.000,-9999999.000,0.000,0.000,1.000,0,0,0,18,18,0,0,18,0.0,0,0,0.0,0.0,1.0
"F[0,2]((Phosphate >= 0.125 & Magnesium > 0.164) -> Calcium < 5.820)
",-9999999.000,-9999999.000,0.000,0.000,1.000,0,0,0,18,18,0,0,18,0.0,0,0,0.0,0.0,1.0
"F[1,2](HCO3 < 0.000 -> SepsisLabel = 0.000)
",-9999999.000,-9999999.000,0.000,0.000,1.000,0,0,0,18,18,0,0,18,0.0,0,0,0.0,0.0,1.0
"((MAP >= 15.469) U[0,2] (SBP <= 123.135))
",-9999999.000,-9999999.000,0.000,0.000,1.000,0,0,0,18,18,0,0,18,0.0,0,0,0.0,0.0,1.0
"((AST > 359.618) U[0,1] (SepsisLabel = 0.000))
",-9999999.000,-9999999.000,0.000,0.000,1.000,0,0,0,18,18,0,0,18,0.0,0,0,0.0,0.0,1.0
"F[1,2](Magnesium < 1.099 -> SepsisLabel = 0.000)
",-9999999.000,-9999999.000,0.000,0.000,1.000,0,0,0,18,18,0,0,18,0.0,0,0,0.0,0.0,1.0
"F[0,2]((Phosphate >= 0.113 & Magnesium > 0.157) -> Calcium < 5.067)
",-9999999.000,-9999999.000,0.000,0.000,1.000,0,0,0,18,18,0,0,18,0.0,0,0,0.0,0.0,1.0
"F[1,2](((Calcium < 7.213 & Potassium < 3.306) & Magnesium < 1.921) & Phosphate < 0.485)
",-9999999.000,-9999999.000,0.000,0.000,1.000,0,0,0,18,18,0,0,18,0.0,0,0,0.0,0.0,1.0
"((MAP >= 3.610) U[0,2] (SBP <= 146.142))
",-9999999.000,-9999999.000,0.000,0.000,1.000,0,0,0,18,18,0,0,18,0.0,0,0,0.0,0.0,1.0
"F[0,1](((Calcium < 5.677 & Potassium < 4.004) & Magnesium < 0.773) & Phosphate < 1.421)
",-9999999.000,-9999999.000,0.000,0.000,1.000,0,0,0,18,18,0,0,18,0.0,0,0,0.0,0.0,1.0
"F[1,2](Hgb <= 6.223 | Hct <= 9.617)
",-9999999.000,-9999999.000,0.000,0.000,1.000,0,0,0,18,18,0,0,18,0.0,0,0,0.0,0.0,1.0
"F[0,2]((Phosphate >= 0.041 & Magnesium > 0.189) -> Calcium < 5.914)
",-9999999.000,-9999999.000,0.000,0.000,1.000,0,0,0,18,18,0,0,18,0.0,0,0,0.0,0.0,1.0
"F[2,2](((Calcium < 7.123 & Potassium < 1.785) & Magnesium < 1.333) & Phosphate < 0.453)
",8163834607801252.000,0.453,0.000,0.000,1.000,0,0,0,18,18,0,0,18,0.0,0,0,0.0,0.0,1.0
"F[0,0](Hgb <= 3.874 | Hct <= 27.284)
",7679863503869996.000,27.284,0.000,0.000,1.000,0,0,0,18,18,0,0,18,0.0,0,0,0.0,0.0,1.0
"F[0,2]((Phosphate >= 0.138 & Magnesium > 0.148) -> Calcium < 3.109)
",-9999999.000,-9999999.000,0.000,0.000,1.000,0,0,0,18,18,0,0,18,0.0,0,0,0.0,0.0,1.0
"F[1,2]((Calcium <= 6.857 & Potassium <= 1.315) & Magnesium >= 0.187)
",-9999999.000,-9999999.000,0.000,0.000,1.000,0,0,0,18,18,0,0,18,0.0,0,0,0.0,0.0,1.0
"F[0,0](Hgb <= 5.115 | Hct <= 4.957)
",102.543,5.097,0.000,0.000,1.000,0,0,0,18,18,0,0,18,0.0,0,0,0.0,0.0,1.0
"F[0,1]((Phosphate >= 0.084 & Magnesium > 0.218) -> Calcium < 6.884)
",-9999999.000,-9999999.000,0.000,0.000,1.000,0,0,0,18,18,0,0,18,0.0,0,0,0.0,0.0,1.0
"F[1,2](((Calcium < 1.236 & Potassium < 3.269) & Magnesium < 0.834) & Phosphate < 0.908)
",-9999999.000,-9999999.000,0.000,0.000,1.000,0,0,0,18,18,0,0,18,0.0,0,0,0.0,0.0,1.0
"F[1,2](((Magnesium <= 1.571 & Phosphate >= 0.121) | O2Sat <= 1.936) -> Alkalinephos <= 0.937)
",-9999999.000,-9999999.000,0.000,0.000,1.000,0,0,0,18,18,0,0,18,0.0,0,0,0.0,0.0,1.0
"((MAP >= 29.990) U[2,2] (SBP <= 131.737))
",131.737,131.737,0.000,0.000,1.000,0,0,0,18,18,0,0,18,0.0,0,0,0.0,0.0,1.0
"F[0,2]((HR <= 108.454 -> WBC >= 0.377) -> Creatinine >= 0.726)
",-9999999.000,-9999999.000,0.000,0.000,1.000,0,0,0,18,18,0,0,18,0.0,0,0,0.0,0.0,1.0
"F[0,1](((Calcium >= 0.020 | Temp >= 6.752) | Bilirubin_total <= 10.511) -> Platelets <= 9.668)
",-9999999.000,-9999999.000,0.000,0.000,1.000,0,0,0,18,18,0,0,18,0.0,0,0,0.0,0.0,1.0
"F[0,1]((Glucose <= 29.436 -> HR <= 105.951) -> Resp <= 111.872)
",-9999999.000,-9999999.000,0.000,0.000,1.000,0,0,0,18,18,0,0,18,0.0,0,0,0.0,0.0,1.0
"F[1,2]((Calcium <= 4.702 & Potassium <= 1.267) & Magnesium >= 0.083)
",-9999999.000,-9999999.000,0.000,0.000,1.000,0,0,0,18,18,0,0,18,0.0,0,0,0.0,0.0,1.0
"F[1,2](O2Sat >= 64.669 & Temp >= 7.321)
",-9999999.000,-9999999.000,0.000,0.000,1.000,0,0,0,18,18,0,0,18,0.0,0,0,0.0,0.0,1.0
"F[0,0]((Phosphate >= 0.100 | Resp >= 9.312) | SepsisLabel <= 21.672)
",3.016,56.130,0.000,0.000,1.000,0,0,0,18,18,0,0,18,0.0,0,0,0.0,0.0,1.0
"F[1,2](((Hgb >= 0.016 | Resp >= 4.297) -> Resp <= 16.251) & Chloride >= 6.556)
",-9999999.000,-9999999.000,0.000,0.000,1.000,0,0,0,18,18,0,0,18,0.0,0,0,0.0,0.0,1.0
"F[0,2](BUN >= 0.604 & Resp >= 7.447)
",-9999999.000,-9999999.000,0.000,0.000,1.000,0,0,0,18,18,0,0,18,0.0,0,0,0.0,0.0,1.0
"F[0,2](((Potassium <= 1.362 | Resp <= 20.576) -> Fibrinogen <= 16.289) & BaseExcess >= 1.018)
",-9999999.000,-9999999.000,0.000,0.000,1.000,0,0,0,18,18,0,0,18,0.0,0,0,0.0,0.0,1.0
"F[0,2]((Creatinine <= 0.805 & Resp >= 13.166) | Alkalinephos <= 19.815)
",-9999999.000,-9999999.000,0.000,0.000,1.000,0,0,0,18,18,0,0,18,0.0,0,0,0.0,0.0,1.0
"((Alkalinephos <= 24.755) U[0,2] (Resp >= 8.388))
",-9999999.000,-9999999.000,0.000,0.000,1.000,0,0,0,18,18,0,0,18,0.0,0,0,0.0,0.0,1.0
"((Calcium >= 0.602) U[0,2] (Resp <= 16.430))
",-9999999.000,-9999999.000,0.000,0.000,1.000,0,0,0,18,18,0,0,18,0.0,0,0,0.0,0.0,1.0
"((Glucose <= 106.489) U[0,2] (Temp <= 31.258))
",-9999999.000,-9999999.000,0.000,0.000,1.000,0,0,0,18,18,0,0,18,0.0,0,0,0.0,0.0,1.0
"F[0,2]((Fibrinogen <= 173.194 & Magnesium >= 0.168) & HR <= 1.578)
",-9999999.000,-9999999.000,0.000,0.000,1.000,0,0,0,18,18,0,0,18,0.0,0,0,0.0,0.0,1.0
"F[0,0](Bilirubin_direct <= 0.575 & Phosphate <= 0.377)
",0.141,0.093,0.000,0.000,1.000,0,0,0,18,18,0,0,18,0.0,0,0,0.0,0.0,1.0
"F[1,2]((Bilirubin_direct >= 0.044 -> PTT >= 4.205) & Phosphate <= 18.101)
",-9999999.000,-9999999.000,0.000,0.000,1.000,0,0,0,18,18,0,0,18,0.0,0,0,0.0,0.0,1.0
"F[0,1](((Bilirubin_direct >= 0.021 & Calcium >= 0.350) -> SepsisLabel >= 0.846) & O2Sat >= 0.495)
",-9999999.000,-9999999.000,0.000,0.000,1.000,0,0,0,18,18,0,0,18,0.0,0,0,0.0,0.0,1.0
"F[1,2]((Bilirubin_direct >= 0.013 | Temp <= 20.839) | DBP <= 13.611)
",-9999999.000,-9999999.000,0.000,0.000,1.000,0,0,0,18,18,0,0,18,0.0,0,0,0.0,0.0,1.0
"F[1,2](((Creatinine <= 1.156 -> HR >= 29.238) & EtCO2 <= 103.246) -> Resp <= 110.477)
",-9999999.000,-9999999.000,0.000,0.000,1.000,0,0,0,18,18,0,0,18,0.0,0,0,0.0,0.0,1.0
"F[2,2](Glucose <= 68.782 & Phosphate >= 0.089)
",-6446233788068709.000,-0.089,0.000,0.000,1.000,0,0,0,18,18,0,0,18,0.0,0,0,0.0,0.0,1.0
"F[1,2]((HR <= 103.717 & Potassium >= 0.475) | Resp <= 3.103)
",-9999999.000,-9999999.000,0.000,0.000,1.000,0,0,0,18,18,0,0,18,0.0,0,0,0.0,0.0,1.0
"((Magnesium <= 2.038) U[0,2] (O2Sat >= 55.087))
",-9999999.000,-9999999.000,0.000,0.000,1.000,0,0,0,18,18,0,0,18,0.0,0,0,0.0,0.0,1.0
"((O2Sat <= 98.669) U[2,2] (Platelets <= 67.483))
",6943213060049868.000,98.669,0.000,0.000,1.000,0,0,0,18,18,0,0,18,0.0,0,0,0.0,0.0,1.0
"((DBP >= 5.590) U[0,2] (Fibrinogen <= 173.208))
",-9999999.000,-9999999.000,0.000,0.000,1.000,0,0,0,18,18,0,0,18,0.0,0,0,0.0,0.0,1.0
"F[0,1](((FiO2 <= 0.011 & Glucose >= 13.186) -> Chloride >= 4.290) | EtCO2 >= 26.359)
",-9999999.000,-9999999.000,0.000,0.000,1.000,0,0,0,18,18,0,0,18,0.0,0,0,0.0,0.0,1.0
"((FiO2 <= 0.183) U[1,2] (Temp <= 32.894))
",-9999999.000,-9999999.000,0.000,0.000,1.000,0,0,0,18,18,0,0,18,0.0,0,0,0.0,0.0,1.0
"F[0,2]((MAP >= 18.231 | Temp <= 36.053) -> MAP >= 6.432)
",-9999999.000,-9999999.000,0.000,0.000,1.000,0,0,0,18,18,0,0,18,0.0,0,0,0.0,0.0,1.0
"F[0,2](HR >= 70.026 -> Temp <= 20.787)
",-9999999.000,-9999999.000,0.000,0.000,1.000,0,0,0,18,18,0,0,18,0.0,0,0,0.0,0.0,1.0
"F[0,2](Fibrinogen >= 2.910 | HR >= 51.923)
",-9999999.000,-9999999.000,0.000,0.000,1.000,0,0,0,18,18,0,0,18,0.0,0,0,0.0,0.0,1.0
"F[1,1]((Bilirubin_total <= 0.865 -> O2Sat >= 71.718) -> EtCO2 <= 98.849)
",-98.849,-98.849,0.000,0.000,1.000,0,0,0,18,18,0,0,18,0.0,0,0,0.0,0.0,1.0
"F[0,2]((O2Sat <= 98.779 & PTT <= 17.510) | O2Sat >= 1.525)
",-9999999.000,-9999999.000,0.000,0.000,1.000,0,0,0,18,18,0,0,18,0.0,0,0,0.0,0.0,1.0
"((Alkalinephos >= 3.287) U[0,2] (O2Sat <= 93.758))
",-9999999.000,-9999999.000,0.000,0.000,1.000,0,0,0,18,18,0,0,18,0.0,0,0,0.0,0.0,1.0
"F[0,2](((AST <= 5662.864 | HR >= 15.084) & HR >= 68.036) | Hct <= 114.585)
",-9999999.000,-9999999.000,0.000,0.000,1.000,0,0,0,18,18,0,0,18,0.0,0,0,0.0,0.0,1.0
"F[0,2](((BUN <= 8.135 & HR >= 27.047) | Fibrinogen >= 25.796) | Glucose >= 97.421)
",-9999999.000,-9999999.000,0.000,0.000,1.000,0,0,0,18,18,0,0,18,0.0,0,0,0.0,0.0,1.0
"F[1,2]((HR >= 87.379 & PTT <= 23.893) & Fibrinogen >= 2.552)
",-9999999.000,-9999999.000,0.000,0.000,1.000,0,0,0,18,18,0,0,18,0.0,0,0,0.0,0.0,1.0
"F[1,2](((Bilirubin_total <= 2.406 & Temp >= 1.553) | HR >= 2.112) | FiO2 >= 2.711)
",-9999999.000,-9999999.000,0.000,0.000,1.000,0,0,0,18,18,0,0,18,0.0,0,0,0.0,0.0,1.0
"F[2,2]((Fibrinogen <= 128.160 | Hgb >= 0.304) -> Fibrinogen <= 5.001)
",-128.160,-128.160,0.000,0.000,1.000,0,0,0,18,18,0,0,18,0.0,0,0,0.0,0.0,1.0
"F[0,2](((Bilirubin_direct >= 0.022 & WBC <= 4.971) & PaCO2 >= 0.605) | Bilirubin_total <= 4.815)
",-9999999.000,-9999999.000,0.000,0.000,1.000,0,0,0,18,18,0,0,18,0.0,0,0,0.0,0.0,1.0
"F[0,2](BUN >= 0.682 -> Calcium <= 7.367)
",-9999999.000,-9999999.000,0.000,0.000,1.000,0,0,0,18,18,0,0,18,0.0,0,0,0.0,0.0,1.0
"((BUN <= 1.788) U[0,2] (Magnesium >= 0.044))
",-9999999.000,-9999999.000,0.000,0.000,1.000,0,0,0,18,18,0,0,18,0.0,0,0,0.0,0.0,1.0
"F[1,2](((AST >= 406.851 -> Magnesium <= 0.324) -> SepsisLabel <= 1.544) & DBP >= 0.203)
",-9999999.000,-9999999.000,0.000,0.000,1.000,0,0,0,18,18,0,0,18,0.0,0,0,0.0,0.0,1.0
"F[0,2](((AST <= 5088.860 & WBC >= 0.356) & Magnesium >= 0.644) | Temp >= 0.606)
",-9999999.000,-9999999.000,0.000,0.000,1.000,0,0,0,18,18,0,0,18,0.0,0,0,0.0,0.0,1.0
"F[0,0](((Alkalinephos >= 0.347 & Phosphate <= 0.342) | Calcium <= 1.430) -> BaseExcess <= 1.013)
",-8.768,-1.360,0.000,0.000,1.000,0,0,0,18,18,0,0,18,0.0,0,0,0.0,0.0,1.0
"F[0,1](((Calcium >= 0.389 -> Phosphate >= 0.036) | SaO2 <= 1.889) -> PTT <= 1.262)
",-9999999.000,-9999999.000,0.000,0.000,1.000,0,0,0,18,18,0,0,18,0.0,0,0,0.0,0.0,1.0
"F[1,2]((Magnesium <= 0.834 | Potassium <= 3.570) & PTT >= 0.201)
",-9999999.000,-9999999.000,0.000,0.000,1.000,0,0,0,18,18,0,0,18,0.0,0,0,0.0,0.0,1.0
"((Hct <= 21.845) U[0,2] (PTT >= 1.224))
",-9999999.000,-9999999.000,0.000,0.000,1.000,0,0,0,18,18,0,0,18,0.0,0,0,0.0,0.0,1.0
"F[0,2]((PTT >= 2.605 | WBC >= 0.552) & Hgb >= 0.525)
",-9999999.000,-9999999.000,0.000,0.000,1.000,0,0,0,18,18,0,0,18,0.0,0,0,0.0,0.0,1.0
"F[2,2](((Alkalinephos <= 66.374 | WBC <= 6.327) & Chloride >= 0.368) | BUN <= 3.085)
",3.085,3.085,0.000,0.000,1.000,0,0,0,18,18,0,0,18,0.0,0,0,0.0,0.0,1.0
"F[1,2](((Alkalinephos <= 15.826 -> Hgb <= 11.631) & Platelets <= 8.828) -> PTT >= 1.072)
",-9999999.000,-9999999.000,0.000,0.000,1.000,0,0,0,18,18,0,0,18,0.0,0,0,0.0,0.0,1.0
"F[0,2]((Alkalinephos >= 7.242 & Hct <= 42.364) -> Resp >= 3.484)
",-9999999.000,-9999999.000,0.000,0.000,1.000,0,0,0,18,18,0,0,18,0.0,0,0,0.0,0.0,1.0
"((Bilirubin_total >= 0.042) U[0,2] (Magnesium <= 1.077))
",-9999999.000,-9999999.000,0.000,0.000,1.000,0,0,0,18,18,0,0,18,0.0,0,0,0.0,0.0,1.0
"F[0,2](((Bilirubin_total <= 0.771 -> WBC <= 7.661) -> Hct <= 2.245) & WBC >= 0.000)
",-9999999.000,-9999999.000,0.000,0.000,1.000,0,0,0,18,18,0,0,18,0.0,0,0,0.0,0.0,1.0
"((AST <= 4960.444) U[2,2] (Fibrinogen <= 180.380))
",4960.444,4960.444,0.000,0.000,1.000,0,0,0,18,18,0,0,18,0.0,0,0,0.0,0.0,1.0
"((DBP >= 57.261) U[0,1] (SBP >= 31.655))
",-9999999.000,-9999999.000,0.000,0.000,1.000,0,0,0,18,18,0,0,18,0.0,0,0,0.0,0.0,1.0
"F[2,2]((Bilirubin_total <= 0.799 | BUN <= 6.313) -> SaO2 >= 0.173)
",-6.313,-6.313,0.000,0.000,1.000,0,0,0,18,18,0,0,18,0.0,0,0,0.0,0.0,1.0
"F[2,2](((Bilirubin_total >= 0.243 | Fibrinogen >= 12.362) -> O2Sat >= 6.979) | Phosphate >= 3.984)
",8746352987602123.000,0.243,0.000,0.000,1.000,0,0,0,18,18,0,0,18,0.0,0,0,0.0,0.0,1.0
"F[0,1]((Fibrinogen <= 55.863 -> PTT >= 2.147) -> SaO2 >= 1.580)
",-9999999.000,-9999999.000,0.000,0.000,1.000,0,0,0,18,18,0,0,18,0.0,0,0,0.0,0.0,1.0
"((Bilirubin_direct <= 1.787) U[0,1] (Hct <= 36.836))
",-9999999.000,-9999999.000,0.000,0.000,1.000,0,0,0,18,18,0,0,18,0.0,0,0,0.0,0.0,1.0
"F[0,0]((Calcium <= 4.651 -> Fibrinogen <= 124.572) & PTT <= 41.370)
",-54.747,-123.778,0.000,0.000,1.000,0,0,0,18,18,0,0,18,0.0,0,0,0.0,0.0,1.0
"F[0,1](((Bilirubin_direct >= 0.002 | Hgb >= 1.343) & SBP <= 6.201) -> pH <= 10.470)
",-9999999.000,-9999999.000,0.000,0.000,1.000,0,0,0,18,18,0,0,18,0.0,0,0,0.0,0.0,1.0
"F[0,2](((Glucose >= 14.476 -> Platelets >= 5.810) | Lactate >= 8.303) -> Resp >= 11.010)
",-9999999.000,-9999999.000,0.000,0.000,1.000,0,0,0,18,18,0,0,18,0.0,0,0,0.0,0.0,1.0
"F[1,2](AST <= 1433.452 | Glucose >= 7.977)
",-9999999.000,-9999999.000,0.000,0.000,1.000,0,0,0,18,18,0,0,18,0.0,0,0,0.0,0.0,1.0
"F[1,1](((BUN >= 0.815 | Glucose >= 19.947) & Hct <= 118.522) | Alkalinephos <= 86.583)
",86.583,86.583,0.000,0.000,1.000,0,0,0,18,18,0,0,18,0.0,0,0,0.0,0.0,1.0
"F[1,2](((Fibrinogen <= 160.654 & Phosphate >= 0.030) | TroponinI <= 1.202) & DBP <= 0.570)
",-9999999.000,-9999999.000,0.000,0.000,1.000,0,0,0,18,18,0,0,18,0.0,0,0,0.0,0.0,1.0
"F[1,2]((MAP >= 0.898 & Resp >= 1.397) | Hct <= 23.980)
",-9999999.000,-9999999.000,0.000,0.000,1.000,0,0,0,18,18,0,0,18,0.0,0,0,0.0,0.0,1.0
"F[0,2](Creatinine >= 0.132 & Glucose <= 59.620)
",-9999999.000,-9999999.000,0.000,0.000,1.000,0,0,0,18,18,0,0,18,0.0,0,0,0.0,0.0,1.0
"F[0,2](((Glucose >= 23.547 | Potassium <= 3.516) -> Chloride >= 0.030) | WBC >= 0.014)
",-9999999.000,-9999999.000,0.000,0.000,1.000,0,0,0,18,18,0,0,18,0.0,0,0,0.0,0.0,1.0
"F[2,2]((BUN >= 0.622 & Phosphate >= 0.004) & FiO2 >= 0.169)
",-0.622,-0.622,0.000,0.000,1.000,0,0,0,18,18,0,0,18,0.0,0,0,0.0,0.0,1.0
"F[1,2](((Resp <= 23.417 -> SBP <= 134.921) | DBP <= 126.427) | EtCO2 >= 84.900)
",-9999999.000,-9999999.000,0.000,0.000,1.000,0,0,0,18,18,0,0,18,0.0,0,0,0.0,0.0,1.0
"F[2,2](((Glucose >= 18.804 | PTT <= 18.007) -> Hgb >= 0.890) -> Chloride <= 20.287)
",-20.287,-20.287,0.000,0.000,1.000,0,0,0,18,18,0,0,18,0.0,0,0,0.0,0.0,1.0
"F[2,2]((Calcium <= 7.977 -> Glucose <= 112.253) & Phosphate >= 21.170)
",-112.253,-112.253,0.000,0.000,1.000,0,0,0,18,18,0,0,18,0.0,0,0,0.0,0.0,1.0
"((DBP >= 2.281) U[2,2] (HR <= 112.576))
",7921812954145157.000,112.576,0.000,0.000,1.000,0,0,0,18,18,0,0,18,0.0,0,0,0.0,0.0,1.0
"F[1,2]((BUN >= 0.812 | Hct <= 7.619) | DBP >= 2.105)
",-9999999.000,-9999999.000,0.000,0.000,1.000,0,0,0,18,18,0,0,18,0.0,0,0,0.0,0.0,1.0
"F[1,2](((BUN <= 8.500 | Platelets >= 8.147) & Resp >= 2.751) -> Creatinine >= 10.466)
",-9999999.000,-9999999.000,0.000,0.000,1.000,0,0,0,18,18,0,0,18,0.0,0,0,0.0,0.0,1.0
"F[0,2]((BUN <= 2.116 | Temp >= 3.043) | Creatinine >= 7.988)
",-9999999.000,-9999999.000,0.000,0.000,1.000,0,0,0,18,18,0,0,18,0.0,0,0,0.0,0.0,1.0
