Rule,Discrimination Score,Pos Robustness,Neg Robustness,Percent Class +,Percent Class -,TP,TN,FP,FN,Actual Yes,Actual No,Predicted Yes,Predicted No,TPR/Sens,TNR/Spec,FPR,Precision,Accuracy,MCR,Class
"G[0,0]((Magnesium >= 0.059 | Platelets <= 235.453) | DBP <= 65.087)
",235.453,235.453,0.000,1.000,0.000,26,0,0,0,26,0,26,0,1.0,0.0,0.0,1.0,1.0196078431372548,-0.019607843137254832,1
"G[0,0]((Phosphate >= 0.015 | PTT <= 0.000) -> Alkalinephos <= 0.000)
",-0.295,-0.155,0.000,1.000,0.000,26,0,0,0,26,0,26,0,1.0,0.0,0.0,1.0,1.0196078431372548,-0.019607843137254832,1
"F[0,0]((Calcium <= 5.045 & Potassium <= 3.563) & Magnesium >= 0.061)
",-8771073751656598.000,-0.061,0.000,0.000,1.000,26,0,0,0,26,0,26,0,1.0,0.0,0.0,1.0,1.0196078431372548,-0.019607843137254832,-1
"F[0,0](((BaseExcess >= 0.000 | TroponinI <= 0.584) | HR <= 0.084) -> HCO3 >= 0.008)
",-0.540,-7.647,0.000,0.000,1.000,26,0,0,0,26,0,26,0,1.0,0.0,0.0,1.0,1.0196078431372548,-0.019607843137254832,-1
"F[0,0]((Calcium <= 2.223 -> SBP <= 107.429) & Fibrinogen >= 29.184)
",-5.267,-94.039,0.000,0.000,1.000,26,0,0,0,26,0,26,0,1.0,0.0,0.0,1.0,1.0196078431372548,-0.019607843137254832,-1
"G[0,0]((Bilirubin_total >= 0.018 & Calcium <= 4.799) | SaO2 <= 1.761)
",3.420,1.927,0.000,1.000,0.000,26,0,0,0,26,0,26,0,1.0,0.0,0.0,1.0,1.0196078431372548,-0.019607843137254832,1
"F[0,0](((Creatinine >= 0.047 -> HR >= 17.885) & Hgb >= 33.231) | BaseExcess >= 44.029)
",-2.561,-36.849,0.000,0.000,1.000,26,0,0,0,26,0,26,0,1.0,0.0,0.0,1.0,1.0196078431372548,-0.019607843137254832,-1
"G[0,0](BUN >= 0.992 | Calcium <= 1.190)
",1.190,1.190,0.000,1.000,0.000,26,0,0,0,26,0,26,0,1.0,0.0,0.0,1.0,1.0196078431372548,-0.019607843137254832,1
"G[0,0](((Glucose >= 6.414 -> pH >= 0.011) | Creatinine <= 6.312) | BUN >= 0.094)
",6.312,6.312,0.000,1.000,0.000,26,0,0,0,26,0,26,0,1.0,0.0,0.0,1.0,1.0196078431372548,-0.019607843137254832,1
"G[0,0]((DBP >= 52.443 | SBP >= 54.325) | AST <= 108.235)
",108.235,108.235,0.000,1.000,0.000,26,0,0,0,26,0,26,0,1.0,0.0,0.0,1.0,1.0196078431372548,-0.019607843137254832,1
"F[0,0]((BUN <= 12.402 -> Glucose <= 142.178) & Alkalinephos >= 24.173)
",-142.178,-142.178,0.000,0.000,1.000,26,0,0,0,26,0,26,0,1.0,0.0,0.0,1.0,1.0196078431372548,-0.019607843137254832,-1
"G[0,0](((Creatinine >= 0.000 | MAP >= 55.190) & pH >= 31.696) | Calcium <= 80.227)
",80.227,80.227,0.000,1.000,0.000,26,0,0,0,26,0,26,0,1.0,0.0,0.0,1.0,1.0196078431372548,-0.019607843137254832,1
"G[0,0](((Lactate >= 0.015 & Potassium >= 0.101) -> BUN >= 0.444) | AST >= 0.261)
",1.222,0.087,0.000,1.000,0.000,26,0,0,0,26,0,26,0,1.0,0.0,0.0,1.0,1.0196078431372548,-0.019607843137254832,1
"G[0,0](pH <= 7.172 & BaseExcess >= 0.000)
",0.500,1.434,0.000,1.000,0.000,26,0,0,0,26,0,26,0,1.0,0.0,0.0,1.0,1.0196078431372548,-0.019607843137254832,1
"G[0,0](((WBC >= 0.347 | O2Sat <= 95.650) | PTT <= 92.954) -> BaseExcess <= 98.091)
",-47.244,-97.063,0.000,1.000,0.000,26,0,0,0,26,0,26,0,1.0,0.0,0.0,1.0,1.0196078431372548,-0.019607843137254832,1
"G[0,0](Resp >= 8.327 | Alkalinephos <= 10.663)
",4.779,53.813,0.000,1.000,0.000,26,0,0,0,26,0,26,0,1.0,0.0,0.0,1.0,1.0196078431372548,-0.019607843137254832,1
"G[0,0]((Alkalinephos >= 0.243 & BUN <= 13.964) | BaseExcess <= 12.385)
",1.949,9.938,0.000,1.000,0.000,26,0,0,0,26,0,26,0,1.0,0.0,0.0,1.0,1.0196078431372548,-0.019607843137254832,1
"G[0,0](((Magnesium <= 1.760 | Temp <= 32.455) & Bilirubin_direct <= 37.292) & Hgb <= 22.164)
",0.564,2.332,0.000,1.000,0.000,26,0,0,0,26,0,26,0,1.0,0.0,0.0,1.0,1.0196078431372548,-0.019607843137254832,1
"G[0,0](BaseExcess < 0.000 -> SepsisLabel = 0.000)
",0.000,0.000,0.000,1.000,0.000,26,0,0,0,26,0,26,0,1.0,0.0,0.0,1.0,1.0196078431372548,-0.019607843137254832,1
"G[0,0]((FiO2 >= 0.004 & MAP <= 80.190) -> HCO3 <= 89.463)
",-89.463,-89.463,0.000,1.000,0.000,26,0,0,0,26,0,26,0,1.0,0.0,0.0,1.0,1.0196078431372548,-0.019607843137254832,1
"((HCO3 < 0.000) U[1,2] (SepsisLabel = 0.000))
",-9999999.000,-9999999.000,0.000,0.000,1.000,25,0,0,1,26,0,25,1,0.9615384615384616,0.0,0.0,1.0,0.9803921568627451,0.019607843137254943,-1
"G[0,1]((SBP <= 126.104 & Creatinine >= 0.019) | PTT <= 0.187)
",9999999.000,9999999.000,0.000,1.000,0.000,25,0,1,0,25,1,26,0,1.0,0.0,1.0,0.9615384615384616,0.9803921568627451,0.019607843137254943,1
"G[1,1](AST <= 15.115 | Potassium >= 0.151)
",15.115,15.115,0.000,1.000,0.000,25,0,1,0,25,1,26,0,1.0,0.0,1.0,0.9615384615384616,0.9803921568627451,0.019607843137254943,1
"G[0,1](Chloride >= 0.568 -> SBP <= 117.724)
",9999999.000,9999999.000,0.000,1.000,0.000,25,0,1,0,25,1,26,0,1.0,0.0,1.0,0.9615384615384616,0.9803921568627451,0.019607843137254943,1
"G[0,1]((BaseExcess >= 0.000 -> SepsisLabel <= 0.000) -> SepsisLabel <= 0.000)
",9999999.000,9999999.000,0.000,1.000,0.000,25,0,1,0,25,1,26,0,1.0,0.0,1.0,0.9615384615384616,0.9803921568627451,0.019607843137254943,1
"F[0,1]((Calcium <= 5.198 & Potassium <= 1.170) & Magnesium >= 0.096)
",-9999999.000,-9999999.000,0.000,0.000,1.000,25,0,0,1,26,0,25,1,0.9615384615384616,0.0,0.0,1.0,0.9803921568627451,0.019607843137254943,-1
"G[1,1](((Calcium <= 3.616 & MAP >= 36.181) -> Calcium >= 17.733) -> Platelets >= 75.481)
",-17.733,-17.733,0.000,1.000,0.000,25,0,1,0,25,1,26,0,1.0,0.0,1.0,0.9615384615384616,0.9803921568627451,0.019607843137254943,1
"F[0,0]((Glucose <= 118.452 | Magnesium <= 2.146) -> SaO2 >= 0.186)
",-118.452,-118.452,0.000,0.000,1.000,25,0,0,1,26,0,25,1,0.9615384615384616,0.0,0.0,1.0,0.9803921568627451,0.019607843137254943,-1
"F[0,1](((Chloride >= 1.036 -> WBC <= 9.688) | EtCO2 >= 0.053) -> SepsisLabel >= 0.126)
",-9999999.000,-9999999.000,0.000,0.000,1.000,25,0,0,1,26,0,25,1,0.9615384615384616,0.0,0.0,1.0,0.9803921568627451,0.019607843137254943,-1
"F[0,1](SepsisLabel > 0.000 & SepsisLabel = 0.000)
",-9999999.000,-9999999.000,0.000,0.000,1.000,25,0,0,1,26,0,25,1,0.9615384615384616,0.0,0.0,1.0,0.9803921568627451,0.019607843137254943,-1
"F[1,1](((TroponinI <= 0.317 | HR >= 42.864) -> Lactate <= 96.048) -> SepsisLabel >= 33.158)
",33.158,33.158,0.000,0.000,1.000,25,0,0,1,26,0,25,1,0.9615384615384616,0.0,0.0,1.0,0.9803921568627451,0.019607843137254943,-1
"F[0,1](BUN <= 2.912 & WBC >= 0.505)
",-9999999.000,-9999999.000,0.000,0.000,1.000,25,0,0,1,26,0,25,1,0.9615384615384616,0.0,0.0,1.0,0.9803921568627451,0.019607843137254943,-1
"F[1,1](((Bilirubin_total >= 0.011 & O2Sat <= 97.888) -> Alkalinephos >= 92.059) & BUN >= 75.981)
",-75.981,-75.981,0.000,0.000,1.000,25,0,0,1,26,0,25,1,0.9615384615384616,0.0,0.0,1.0,0.9803921568627451,0.019607843137254943,-1
"F[0,1]((Hct >= 0.542 & SBP >= 2.609) & Calcium >= 67.463)
",-9999999.000,-9999999.000,0.000,0.000,1.000,25,0,0,1,26,0,25,1,0.9615384615384616,0.0,0.0,1.0,0.9803921568627451,0.019607843137254943,-1
"F[0,1]((Calcium <= 4.099 & Potassium <= 2.156) & Magnesium >= 0.057)
",-9999999.000,-9999999.000,0.000,0.000,1.000,25,0,0,1,26,0,25,1,0.9615384615384616,0.0,0.0,1.0,0.9803921568627451,0.019607843137254943,-1
"F[0,1]((Bilirubin_total >= 0.023 & Calcium <= 5.094) & Resp >= 0.705)
",-9999999.000,-9999999.000,0.000,0.000,1.000,25,0,0,1,26,0,25,1,0.9615384615384616,0.0,0.0,1.0,0.9803921568627451,0.019607843137254943,-1
"F[0,1]((Calcium <= 1.654 & Potassium <= 3.367) & Magnesium >= 0.151)
",-9999999.000,-9999999.000,0.000,0.000,1.000,25,0,0,1,26,0,25,1,0.9615384615384616,0.0,0.0,1.0,0.9803921568627451,0.019607843137254943,-1
"F[0,1]((Calcium <= 5.945 & Potassium <= 3.064) & Magnesium >= 0.021)
",-9999999.000,-9999999.000,0.000,0.000,1.000,25,0,0,1,26,0,25,1,0.9615384615384616,0.0,0.0,1.0,0.9803921568627451,0.019607843137254943,-1
"F[1,1](((BUN <= 3.105 | Hgb >= 0.469) -> Phosphate >= 0.543) & Temp <= 1.373)
",-6992618422603443.000,-3.105,0.000,0.000,1.000,25,0,0,1,26,0,25,1,0.9615384615384616,0.0,0.0,1.0,0.9803921568627451,0.019607843137254943,-1
"G[1,1](Alkalinephos <= 42.689 | HR <= 132.966)
",132.966,132.966,0.000,1.000,0.000,25,0,1,0,25,1,26,0,1.0,0.0,1.0,0.9615384615384616,0.9803921568627451,0.019607843137254943,1
"G[1,1]((TroponinI <= 1.113 | SepsisLabel <= 0.000) -> Bilirubin_total >= 0.000)
",-1.113,-1.113,0.000,1.000,0.000,25,0,1,0,25,1,26,0,1.0,0.0,1.0,0.9615384615384616,0.9803921568627451,0.019607843137254943,1
"G[0,1](((Creatinine <= 0.499 & O2Sat <= 94.451) & Bilirubin_total <= 96.091) | MAP >= 8.894)
",9999999.000,9999999.000,0.000,1.000,0.000,25,0,1,0,25,1,26,0,1.0,0.0,1.0,0.9615384615384616,0.9803921568627451,0.019607843137254943,1
"G[0,1](((Hct >= 0.871 -> WBC <= 2.449) | Resp >= 0.025) & Phosphate <= 3.343)
",9999999.000,9999999.000,0.000,1.000,0.000,25,0,1,0,25,1,26,0,1.0,0.0,1.0,0.9615384615384616,0.9803921568627451,0.019607843137254943,1
"G[0,0](Magnesium >= 0.088 -> WBC >= 0.056)
",0.056,0.056,0.000,1.000,0.000,25,0,0,1,26,0,25,1,0.9615384615384616,0.0,0.0,1.0,0.9803921568627451,0.019607843137254943,1
"G[0,1](((Chloride <= 46.801 & Magnesium >= 0.081) -> Glucose >= 0.167) | HCO3 <= 0.478)
",9999999.000,9999999.000,0.000,1.000,0.000,25,0,1,0,25,1,26,0,1.0,0.0,1.0,0.9615384615384616,0.9803921568627451,0.019607843137254943,1
"G[0,1]((Hgb >= 0.537 -> WBC >= 0.170) | Glucose <= 0.939)
",9999999.000,9999999.000,0.000,1.000,0.000,25,0,1,0,25,1,26,0,1.0,0.0,1.0,0.9615384615384616,0.9803921568627451,0.019607843137254943,1
"G[0,1](MAP >= 1.082 | Resp <= 23.883)
",9999999.000,9999999.000,0.000,1.000,0.000,25,0,1,0,25,1,26,0,1.0,0.0,1.0,0.9615384615384616,0.9803921568627451,0.019607843137254943,1
"G[1,1]((Lactate >= 0.020 & HR >= 61.507) -> BUN <= 99.005)
",-99.005,-99.005,0.000,1.000,0.000,25,0,1,0,25,1,26,0,1.0,0.0,1.0,0.9615384615384616,0.9803921568627451,0.019607843137254943,1
"G[1,1](AST <= 6.085 | WBC >= 0.420)
",6.085,6.085,0.000,1.000,0.000,25,0,1,0,25,1,26,0,1.0,0.0,1.0,0.9615384615384616,0.9803921568627451,0.019607843137254943,1
"G[0,1](((HR <= 92.212 & SBP >= 74.186) | FiO2 >= 10.208) | Resp <= 115.625)
",9999999.000,9999999.000,0.000,1.000,0.000,25,0,1,0,25,1,26,0,1.0,0.0,1.0,0.9615384615384616,0.9803921568627451,0.019607843137254943,1
"G[1,1]((Calcium <= 4.179 -> EtCO2 <= 27.289) -> Bilirubin_direct <= 35.442)
",-35.442,-35.442,0.000,1.000,0.000,25,0,1,0,25,1,26,0,1.0,0.0,1.0,0.9615384615384616,0.9803921568627451,0.019607843137254943,1
"G[1,1]((Alkalinephos <= 40.979 & pH >= 0.119) -> MAP >= 0.122)
",0.119,0.119,0.000,1.000,0.000,25,0,1,0,25,1,26,0,1.0,0.0,1.0,0.9615384615384616,0.9803921568627451,0.019607843137254943,1
"G[0,1]((Bilirubin_total <= 0.871 | Hgb >= 0.083) & PTT <= 6.474)
",9999999.000,9999999.000,0.000,1.000,0.000,25,0,1,0,25,1,26,0,1.0,0.0,1.0,0.9615384615384616,0.9803921568627451,0.019607843137254943,1
"G[0,1](BaseExcess <= 0.000 & SepsisLabel = 0.000)
",9999999.000,9999999.000,0.000,1.000,0.000,25,0,1,0,25,1,26,0,1.0,0.0,1.0,0.9615384615384616,0.9803921568627451,0.019607843137254943,1
"G[0,1]((FiO2 >= 0.001 -> Hgb <= 7.027) & Bilirubin_total <= 3.618)
",9999999.000,9999999.000,0.000,1.000,0.000,25,0,1,0,25,1,26,0,1.0,0.0,1.0,0.9615384615384616,0.9803921568627451,0.019607843137254943,1
"G[0,1]((Bilirubin_total >= 0.006 | Phosphate >= 0.065) -> Bilirubin_direct <= 2.726)
",9999999.000,9999999.000,0.000,1.000,0.000,25,0,1,0,25,1,26,0,1.0,0.0,1.0,0.9615384615384616,0.9803921568627451,0.019607843137254943,1
"G[0,1](WBC >= 0.358 -> SepsisLabel = 0.000)
",9999999.000,9999999.000,0.000,1.000,0.000,25,0,1,0,25,1,26,0,1.0,0.0,1.0,0.9615384615384616,0.9803921568627451,0.019607843137254943,1
"G[0,1]((FiO2 >= 0.000 | Hct >= 1.056) -> BaseExcess <= 10.427)
",9999999.000,9999999.000,0.000,1.000,0.000,25,0,1,0,25,1,26,0,1.0,0.0,1.0,0.9615384615384616,0.9803921568627451,0.019607843137254943,1
"G[0,1](((Resp <= 20.429 & PTT <= 0.000) -> BUN <= 0.000) -> HCO3 >= 0.000)
",9999999.000,9999999.000,0.000,1.000,0.000,25,0,1,0,25,1,26,0,1.0,0.0,1.0,0.9615384615384616,0.9803921568627451,0.019607843137254943,1
"G[0,1]((FiO2 <= 0.255 | HCO3 <= 0.000) | FiO2 >= 0.000)
",9999999.000,9999999.000,0.000,1.000,0.000,25,0,1,0,25,1,26,0,1.0,0.0,1.0,0.9615384615384616,0.9803921568627451,0.019607843137254943,1
"G[0,1](((Chloride <= 55.603 -> HR <= 99.375) | Alkalinephos >= 1.327) | Platelets <= 135.340)
",9999999.000,9999999.000,0.000,1.000,0.000,25,0,1,0,25,1,26,0,1.0,0.0,1.0,0.9615384615384616,0.9803921568627451,0.019607843137254943,1
"G[1,1](PTT >= 0.000 -> SepsisLabel = 0.000)
",0.000,0.000,0.000,1.000,0.000,25,0,1,0,25,1,26,0,1.0,0.0,1.0,0.9615384615384616,0.9803921568627451,0.019607843137254943,1
"G[1,1](BaseExcess <= 0.000 -> SepsisLabel = 0.000)
",0.000,0.000,0.000,1.000,0.000,25,0,1,0,25,1,26,0,1.0,0.0,1.0,0.9615384615384616,0.9803921568627451,0.019607843137254943,1
"G[0,1](((SBP <= 113.205 -> SaO2 >= 0.000) | SBP >= 0.000) | Hgb >= 0.000)
",9999999.000,9999999.000,0.000,1.000,0.000,25,0,1,0,25,1,26,0,1.0,0.0,1.0,0.9615384615384616,0.9803921568627451,0.019607843137254943,1
"G[0,1](((BaseExcess <= 0.000 | HR <= 118.449) -> DBP <= 95.244) | Lactate >= 0.599)
",9999999.000,9999999.000,0.000,1.000,0.000,25,0,1,0,25,1,26,0,1.0,0.0,1.0,0.9615384615384616,0.9803921568627451,0.019607843137254943,1
"G[0,1](((Platelets <= 133.455 | Potassium >= 0.479) & SaO2 >= 0.003) -> EtCO2 <= 3.544)
",9999999.000,9999999.000,0.000,1.000,0.000,25,0,1,0,25,1,26,0,1.0,0.0,1.0,0.9615384615384616,0.9803921568627451,0.019607843137254943,1
"G[1,1](((EtCO2 >= 4.790 | Potassium <= 2.128) & TroponinI >= 0.267) -> DBP >= 0.247)
",0.247,0.247,0.000,1.000,0.000,25,0,1,0,25,1,26,0,1.0,0.0,1.0,0.9615384615384616,0.9803921568627451,0.019607843137254943,1
"F[1,1]((HR >= 78.259 | Phosphate <= 2.827) -> O2Sat <= 1.979)
",-2.827,-2.827,0.000,0.000,1.000,24,0,0,2,26,0,24,2,0.9230769230769231,0.0,0.0,1.0,0.9411764705882353,0.05882352941176472,-1
"((Magnesium <= 2.084) U[0,1] (TroponinI >= 0.019))
",-9999999.000,-9999999.000,0.000,0.000,1.000,24,0,0,2,26,0,24,2,0.9230769230769231,0.0,0.0,1.0,0.9411764705882353,0.05882352941176472,-1
"F[0,1]((Glucose >= 3.347 | Hct >= 1.735) & pH >= 0.964)
",-9999999.000,-9999999.000,0.000,0.000,1.000,24,0,0,2,26,0,24,2,0.9230769230769231,0.0,0.0,1.0,0.9411764705882353,0.05882352941176472,-1
"F[0,1]((Alkalinephos <= 31.282 -> Chloride <= 25.968) -> Chloride >= 0.810)
",-9999999.000,-9999999.000,0.000,0.000,1.000,24,0,0,2,26,0,24,2,0.9230769230769231,0.0,0.0,1.0,0.9411764705882353,0.05882352941176472,-1
"F[1,1]((Bilirubin_total >= 0.020 & Creatinine >= 0.044) & SepsisLabel <= 0.593)
",-0.044,-0.044,0.000,0.000,1.000,24,0,0,2,26,0,24,2,0.9230769230769231,0.0,0.0,1.0,0.9411764705882353,0.05882352941176472,-1
"((BUN <= 3.967) U[0,1] (TroponinI >= 0.020))
",-9999999.000,-9999999.000,0.000,0.000,1.000,24,0,0,2,26,0,24,2,0.9230769230769231,0.0,0.0,1.0,0.9411764705882353,0.05882352941176472,-1
"((Temp >= 5.010) U[0,0] (WBC >= 0.659))
",4.831,87.144,0.000,0.000,1.000,24,0,0,2,26,0,24,2,0.9230769230769231,0.0,0.0,1.0,0.9411764705882353,0.05882352941176472,-1
"F[0,1](((Hct >= 0.672 -> O2Sat <= 96.452) & MAP <= 94.362) & Platelets >= 89.996)
",-9999999.000,-9999999.000,0.000,0.000,1.000,24,0,0,2,26,0,24,2,0.9230769230769231,0.0,0.0,1.0,0.9411764705882353,0.05882352941176472,-1
"((MAP >= 44.386) U[0,1] (PaCO2 >= 0.300))
",-9999999.000,-9999999.000,0.000,0.000,1.000,24,0,0,2,26,0,24,2,0.9230769230769231,0.0,0.0,1.0,0.9411764705882353,0.05882352941176472,-1
"((MAP <= 83.076) U[0,1] (TroponinI >= 0.011))
",-9999999.000,-9999999.000,0.000,0.000,1.000,24,0,0,2,26,0,24,2,0.9230769230769231,0.0,0.0,1.0,0.9411764705882353,0.05882352941176472,-1
"F[0,1](HCO3 <= 0.000 & pH >= 0.020)
",-9999999.000,-9999999.000,0.000,0.000,1.000,24,0,0,2,26,0,24,2,0.9230769230769231,0.0,0.0,1.0,0.9411764705882353,0.05882352941176472,-1
"F[0,0](Bilirubin_total >= 0.020 | Platelets >= 14.048)
",0.276,0.288,0.000,0.000,1.000,24,0,0,2,26,0,24,2,0.9230769230769231,0.0,0.0,1.0,0.9411764705882353,0.05882352941176472,-1
"((Glucose <= 140.217) U[0,0] (Platelets >= 12.563))
",140.217,140.217,0.000,0.000,1.000,24,0,0,2,26,0,24,2,0.9230769230769231,0.0,0.0,1.0,0.9411764705882353,0.05882352941176472,-1
"((AST <= 15.448) U[0,0] (Hgb >= 0.589))
",7.932,16.041,0.000,0.000,1.000,24,0,0,2,26,0,24,2,0.9230769230769231,0.0,0.0,1.0,0.9411764705882353,0.05882352941176472,-1
"((Bilirubin_total <= 0.764) U[1,1] (Chloride >= 1.115))
",6881826565459853.000,0.764,0.000,0.000,1.000,24,0,0,2,26,0,24,2,0.9230769230769231,0.0,0.0,1.0,0.9411764705882353,0.05882352941176472,-1
"G[0,1](((SepsisLabel >= 0.000 | Hct <= 7.799) & Lactate >= 0.365) | AST <= 3.368)
",9999999.000,9999999.000,0.000,1.000,0.000,24,0,1,1,25,1,25,1,0.96,0.0,1.0,0.96,0.9411764705882353,0.05882352941176472,1
"G[0,0]((SepsisLabel >= 0.000 | FiO2 <= 0.260) -> O2Sat >= 0.001)
",-2.806,-86.630,0.000,1.000,0.000,24,0,0,2,26,0,24,2,0.9230769230769231,0.0,0.0,1.0,0.9411764705882353,0.05882352941176472,1
"G[1,1](((Bilirubin_total <= 0.841 | Potassium >= 0.211) & PTT <= 3.597) & Chloride <= 3.389)
",7572446617818804.000,0.841,0.000,1.000,0.000,24,0,1,1,25,1,25,1,0.96,0.0,1.0,0.96,0.9411764705882353,0.05882352941176472,1
"G[0,1]((PTT >= 0.000 & SaO2 <= 0.000) & AST <= 0.000)
",9999999.000,9999999.000,0.000,1.000,0.000,24,0,1,1,25,1,25,1,0.96,0.0,1.0,0.96,0.9411764705882353,0.05882352941176472,1
"G[0,1](SaO2 >= 0.000 & FiO2 <= 0.340)
",9999999.000,9999999.000,0.000,1.000,0.000,24,0,1,1,25,1,25,1,0.96,0.0,1.0,0.96,0.9411764705882353,0.05882352941176472,1
"G[1,1](Bilirubin_total <= 0.220 | PaCO2 >= 0.282)
",0.220,0.220,0.000,1.000,0.000,24,0,1,1,25,1,25,1,0.96,0.0,1.0,0.96,0.9411764705882353,0.05882352941176472,1
"G[1,1](((BUN >= 0.742 & Alkalinephos <= 36.819) -> Chloride >= 0.386) | Hct <= 13.504)
",13.504,13.504,0.000,1.000,0.000,24,0,1,1,25,1,25,1,0.96,0.0,1.0,0.96,0.9411764705882353,0.05882352941176472,1
"G[1,1](((Lactate <= 0.947 & PaCO2 >= 0.132) -> HCO3 >= 0.181) -> Alkalinephos <= 3.308)
",-3.308,-3.308,0.000,1.000,0.000,24,0,1,1,25,1,25,1,0.96,0.0,1.0,0.96,0.9411764705882353,0.05882352941176472,1
"((Bilirubin_total >= 0.018) U[1,2] (Magnesium <= 0.714))
",-9999999.000,-9999999.000,0.000,0.000,1.000,23,0,0,3,26,0,23,3,0.8846153846153846,0.0,0.0,1.0,0.9019607843137255,0.0980392156862745,-1
"((Hgb >= 0.006) U[1,2] (SBP >= 7.212))
",-9999999.000,-9999999.000,0.000,0.000,1.000,23,0,0,3,26,0,23,3,0.8846153846153846,0.0,0.0,1.0,0.9019607843137255,0.0980392156862745,-1
"F[1,1]((Platelets <= 27.983 | WBC >= 0.620) -> Hgb >= 0.684)
",-7876490142322979.000,-27.983,0.000,0.000,1.000,23,0,0,3,26,0,23,3,0.8846153846153846,0.0,0.0,1.0,0.9019607843137255,0.0980392156862745,-1
"((Hgb >= 0.484) U[1,2] (MAP >= 29.213))
",-9999999.000,-9999999.000,0.000,0.000,1.000,23,0,0,3,26,0,23,3,0.8846153846153846,0.0,0.0,1.0,0.9019607843137255,0.0980392156862745,-1
"F[1,1]((DBP >= 7.590 | Calcium <= 6.296) -> Hgb >= 0.684)
",-6.296,-6.296,0.000,0.000,1.000,23,0,0,3,26,0,23,3,0.8846153846153846,0.0,0.0,1.0,0.9019607843137255,0.0980392156862745,-1
"F[1,1](Hct <= 5.240 -> Platelets >= 9.261)
",-5.240,-5.240,0.000,0.000,1.000,23,0,0,3,26,0,23,3,0.8846153846153846,0.0,0.0,1.0,0.9019607843137255,0.0980392156862745,-1
"F[0,0](((Potassium <= 1.709 | TroponinI >= 0.003) & SepsisLabel <= 0.050) -> Hgb >= 0.011)
",-0.303,-1.921,0.000,0.000,1.000,23,0,0,3,26,0,23,3,0.8846153846153846,0.0,0.0,1.0,0.9019607843137255,0.0980392156862745,-1
"G[1,1](Hct >= 1.710 -> Platelets <= 208.964)
",-208.964,-208.964,0.000,1.000,0.000,23,0,1,2,25,1,24,2,0.92,0.0,1.0,0.9583333333333334,0.9019607843137255,0.0980392156862745,1
"G[0,0]((SaO2 >= 0.000 -> BUN <= 6.602) & Hct <= 8.043)
",-7433092740028884.000,-6.602,0.000,1.000,0.000,23,0,0,3,26,0,23,3,0.8846153846153846,0.0,0.0,1.0,0.9019607843137255,0.0980392156862745,1
"G[0,1](((Calcium >= 0.327 -> PaCO2 >= 0.304) -> DBP >= 0.026) | TroponinI >= 0.364)
",9999999.000,9999999.000,0.000,1.000,0.000,23,0,1,2,25,1,24,2,0.92,0.0,1.0,0.9583333333333334,0.9019607843137255,0.0980392156862745,1
"G[1,1](O2Sat >= 17.235 & WBC <= 7.127)
",-17.235,-17.235,0.000,1.000,0.000,23,0,1,2,25,1,24,2,0.92,0.0,1.0,0.9583333333333334,0.9019607843137255,0.0980392156862745,1
"G[1,1](((Phosphate <= 2.030 & WBC <= 3.421) | Hct >= 0.416) & Calcium <= 2.982)
",2.030,2.030,0.000,1.000,0.000,23,0,1,2,25,1,24,2,0.92,0.0,1.0,0.9583333333333334,0.9019607843137255,0.0980392156862745,1
"G[0,1](EtCO2 <= 36.139 | TroponinI >= 0.012)
",9999999.000,9999999.000,0.000,1.000,0.000,22,0,1,3,25,1,23,3,0.88,0.0,1.0,0.9565217391304348,0.8627450980392157,0.13725490196078427,1
"G[1,1](DBP >= 13.761 & Potassium <= 3.127)
",-13.761,-13.761,0.000,1.000,0.000,22,0,1,3,25,1,23,3,0.88,0.0,1.0,0.9565217391304348,0.8627450980392157,0.13725490196078427,1
"F[0,1]((SaO2 >= 0.000 & Phosphate >= 0.035) & Fibrinogen <= 2.805)
",-9999999.000,-9999999.000,0.000,0.000,1.000,22,0,0,4,26,0,22,4,0.8461538461538461,0.0,0.0,1.0,0.8627450980392157,0.13725490196078427,-1
"F[0,1]((TroponinI <= 0.412 | Temp <= 22.487) -> HR <= 22.714)
",-9999999.000,-9999999.000,0.000,0.000,1.000,22,0,0,4,26,0,22,4,0.8461538461538461,0.0,0.0,1.0,0.8627450980392157,0.13725490196078427,-1
"F[0,1](Phosphate >= 0.081 & TroponinI <= 0.417)
",-9999999.000,-9999999.000,0.000,0.000,1.000,22,0,0,4,26,0,22,4,0.8461538461538461,0.0,0.0,1.0,0.8627450980392157,0.13725490196078427,-1
"G[1,1](HCO3 >= 0.000 -> Resp <= 23.681)
",-23.681,-23.681,0.000,1.000,0.000,21,0,1,4,25,1,22,4,0.84,0.0,1.0,0.9545454545454546,0.8235294117647058,0.17647058823529416,1
"((Magnesium >= 0.101) U[0,1] (Hct >= 0.507))
",-9999999.000,-9999999.000,0.000,0.000,1.000,21,0,0,5,26,0,21,5,0.8076923076923077,0.0,0.0,1.0,0.8235294117647058,0.17647058823529416,-1
"G[1,1](Glucose <= 160.443 | WBC >= 0.190)
",5645084914757700.000,160.443,0.000,1.000,0.000,21,0,1,4,25,1,22,4,0.84,0.0,1.0,0.9545454545454546,0.8235294117647058,0.17647058823529416,1
"G[0,1](Magnesium <= 0.483 | Potassium <= 1.889)
",9999999.000,9999999.000,0.000,1.000,0.000,20,0,1,5,25,1,21,5,0.8,0.0,1.0,0.9523809523809523,0.7843137254901961,0.21568627450980393,1
"G[0,1](((AST <= 6.656 -> pH <= 3.194) -> EtCO2 <= 4.158) -> Resp >= 0.065)
",9999999.000,9999999.000,0.000,1.000,0.000,20,0,1,5,25,1,21,5,0.8,0.0,1.0,0.9523809523809523,0.7843137254901961,0.21568627450980393,1
"F[0,1](Hgb >= 0.525 | Magnesium >= 0.179)
",-9999999.000,-9999999.000,0.000,0.000,1.000,20,0,0,6,26,0,20,6,0.7692307692307693,0.0,0.0,1.0,0.7843137254901961,0.21568627450980393,-1
"G[1,1](WBC <= 9.457 & Resp <= 22.723)
",9.457,9.457,0.000,1.000,0.000,20,0,1,5,25,1,21,5,0.8,0.0,1.0,0.9523809523809523,0.7843137254901961,0.21568627450980393,1
"F[0,1](BUN >= 0.774 | Creatinine >= 0.023)
",-9999999.000,-9999999.000,0.000,0.000,1.000,20,0,0,6,26,0,20,6,0.7692307692307693,0.0,0.0,1.0,0.7843137254901961,0.21568627450980393,-1
"G[0,1](((BUN <= 3.226 & Magnesium <= 0.783) & Bilirubin_total >= 0.195) | Magnesium <= 1.833)
",9999999.000,9999999.000,0.000,1.000,0.000,20,0,1,5,25,1,21,5,0.8,0.0,1.0,0.9523809523809523,0.7843137254901961,0.21568627450980393,1
"F[0,1](Calcium <= 3.070 -> AST >= 0.292)
",-9999999.000,-9999999.000,0.000,0.000,1.000,20,0,0,6,26,0,20,6,0.7692307692307693,0.0,0.0,1.0,0.7843137254901961,0.21568627450980393,-1
"F[0,1](Creatinine >= 0.044 & Glucose >= 37.669)
",-9999999.000,-9999999.000,0.000,0.000,1.000,20,0,0,6,26,0,20,6,0.7692307692307693,0.0,0.0,1.0,0.7843137254901961,0.21568627450980393,-1
"G[0,1]((Phosphate <= 2.293 | PTT <= 0.000) -> Potassium <= 0.000)
",9999999.000,9999999.000,0.000,1.000,0.000,19,0,1,6,25,1,20,6,0.76,0.0,1.0,0.95,0.7450980392156863,0.2549019607843137,1
"F[0,0](Glucose >= 30.381 & pH <= 5.684)
",-30.381,-30.381,0.000,0.000,1.000,18,0,0,8,26,0,18,8,0.6923076923076923,0.0,0.0,1.0,0.7058823529411765,0.2941176470588235,-1
"G[0,1](Glucose <= 155.289 | Potassium >= 0.409)
",9999999.000,9999999.000,0.000,1.000,0.000,18,0,1,7,25,1,19,7,0.72,0.0,1.0,0.9473684210526315,0.7058823529411765,0.2941176470588235,1
"G[0,1](EtCO2 <= 28.330 | Glucose >= 38.469)
",9999999.000,9999999.000,0.000,1.000,0.000,18,0,1,7,25,1,19,7,0.72,0.0,1.0,0.9473684210526315,0.7058823529411765,0.2941176470588235,1
"F[1,1](((DBP <= 69.900 & Platelets <= 17.953) -> Potassium >= 2.150) & AST <= 171.240)
",-17.953,-17.953,0.000,0.000,1.000,18,0,0,8,26,0,18,8,0.6923076923076923,0.0,0.0,1.0,0.7058823529411765,0.2941176470588235,-1
"G[1,1](O2Sat <= 92.974 | DBP <= 66.743)
",92.974,92.974,0.000,1.000,0.000,17,0,1,8,25,1,18,8,0.68,0.0,1.0,0.9444444444444444,0.6666666666666666,0.33333333333333337,1
"G[0,1]((Alkalinephos >= 0.260 | EtCO2 >= 7.636) -> SepsisLabel >= 0.482)
",9999999.000,9999999.000,0.000,1.000,0.000,17,0,1,8,25,1,18,8,0.68,0.0,1.0,0.9444444444444444,0.6666666666666666,0.33333333333333337,1
"F[1,1]((EtCO2 >= 3.412 -> Temp <= 25.905) -> O2Sat <= 16.574)
",-16.574,-16.574,0.000,0.000,1.000,17,0,0,9,26,0,17,9,0.6538461538461539,0.0,0.0,1.0,0.6666666666666666,0.33333333333333337,-1
"G[0,1](((DBP <= 67.353 & Glucose <= 184.857) & Bilirubin_total <= 148.357) & Bilirubin_total <= 183.842)
",9999999.000,9999999.000,0.000,1.000,0.000,15,0,0,11,26,0,15,11,0.5769230769230769,0.0,0.0,1.0,0.5882352941176471,0.4117647058823529,1
"G[0,1](((BUN <= 5.808 & HR <= 90.592) & WBC <= 128.953) & O2Sat <= 130.557)
",9999999.000,9999999.000,0.000,1.000,0.000,15,0,1,10,25,1,16,10,0.6,0.0,1.0,0.9375,0.5882352941176471,0.4117647058823529,1
"G[1,1](Bilirubin_total <= 0.104 & DBP <= 65.118)
",0.104,0.104,0.000,1.000,0.000,15,0,1,10,25,1,16,10,0.6,0.0,1.0,0.9375,0.5882352941176471,0.4117647058823529,1
"F[0,1]((Glucose <= 191.753 & Resp <= 21.311) -> PTT >= 2.054)
",-9999999.000,-9999999.000,0.000,0.000,1.000,14,0,0,12,26,0,14,12,0.5384615384615384,0.0,0.0,1.0,0.5490196078431373,0.4509803921568627,-1
"F[0,1]((Hgb >= 0.083 -> O2Sat <= 98.558) -> MAP >= 81.306)
",-9999999.000,-9999999.000,0.000,0.000,1.000,14,0,0,12,26,0,14,12,0.5384615384615384,0.0,0.0,1.0,0.5490196078431373,0.4509803921568627,-1
"F[1,1](((AST <= 13.966 -> Glucose <= 73.067) & SBP >= 17.712) | Potassium >= 59.107)
",-59.107,-59.107,0.000,0.000,1.000,14,0,0,12,26,0,14,12,0.5384615384615384,0.0,0.0,1.0,0.5490196078431373,0.4509803921568627,-1
"G[0,1]((HCO3 <= 0.000 & DBP <= 64.605) | Alkalinephos >= 30.735)
",9999999.000,9999999.000,0.000,1.000,0.000,14,0,0,12,26,0,14,12,0.5384615384615384,0.0,0.0,1.0,0.5490196078431373,0.4509803921568627,1
"G[0,1](((EtCO2 <= 22.241 & HR <= 110.734) & pH <= 112.163) | Potassium >= 63.731)
",9999999.000,9999999.000,0.000,1.000,0.000,13,0,1,12,25,1,14,12,0.52,0.0,1.0,0.9285714285714286,0.5098039215686274,0.4901960784313726,1
"G[1,1]((Potassium <= 3.735 & WBC <= 2.546) -> Temp >= 0.292)
",-2.546,-2.546,0.000,1.000,0.000,13,0,1,12,25,1,14,12,0.52,0.0,1.0,0.9285714285714286,0.5098039215686274,0.4901960784313726,1
"F[1,1](PaCO2 <= 15.109 -> Temp >= 2.207)
",-8505513731468707.000,-15.109,0.000,0.000,1.000,12,0,0,14,26,0,12,14,0.46153846153846156,0.0,0.0,1.0,0.47058823529411764,0.5294117647058824,-1
"G[0,0](DBP <= 65.172 -> Phosphate >= 0.039)
",-0.214,-2.726,0.000,1.000,0.000,11,0,0,15,26,0,11,15,0.4230769230769231,0.0,0.0,1.0,0.43137254901960786,0.5686274509803921,1
"G[0,1]((Calcium >= 0.100 | Magnesium >= 0.045) | Glucose <= 1.164)
",9999999.000,9999999.000,0.000,1.000,0.000,9,0,1,16,25,1,10,16,0.36,0.0,1.0,0.9,0.35294117647058826,0.6470588235294117,1
"F[0,1](HR <= 93.617 & MAP <= 81.937)
",-9999999.000,-9999999.000,0.000,0.000,1.000,8,0,0,18,26,0,8,18,0.3076923076923077,0.0,0.0,1.0,0.3137254901960784,0.6862745098039216,-1
"((FiO2 <= 0.095) U[0,1] (Temp <= 36.141))
",-9999999.000,-9999999.000,0.000,0.000,1.000,8,0,0,18,26,0,8,18,0.3076923076923077,0.0,0.0,1.0,0.3137254901960784,0.6862745098039216,-1
"F[0,0](((Hgb >= 0.250 -> Resp >= 4.323) -> MAP <= 25.272) | Glucose <= 23.487)
",5.837,58.170,0.000,0.000,1.000,8,0,0,18,26,0,8,18,0.3076923076923077,0.0,0.0,1.0,0.3137254901960784,0.6862745098039216,-1
"F[0,0]((Platelets >= 5.572 | MAP <= 80.035) | BUN >= 69.065)
",-0.128,-2.147,0.000,0.000,1.000,8,0,0,18,26,0,8,18,0.3076923076923077,0.0,0.0,1.0,0.3137254901960784,0.6862745098039216,-1
"G[0,1](((pH >= 0.097 & Hct >= 1.776) | Lactate >= 1.183) | Temp >= 1.765)
",9999999.000,9999999.000,0.000,1.000,0.000,8,0,0,18,26,0,8,18,0.3076923076923077,0.0,0.0,1.0,0.3137254901960784,0.6862745098039216,1
"F[0,1](Glucose >= 29.176 & SBP <= 123.160)
",-9999999.000,-9999999.000,0.000,0.000,1.000,6,0,0,20,26,0,6,20,0.23076923076923078,0.0,0.0,1.0,0.23529411764705882,0.7647058823529411,-1
"F[0,1](EtCO2 <= 24.781 & SepsisLabel = 0.000)
",-9999999.000,-9999999.000,0.000,0.000,1.000,6,0,0,20,26,0,6,20,0.23076923076923078,0.0,0.0,1.0,0.23529411764705882,0.7647058823529411,-1
"((O2Sat <= 97.017) U[1,2] (SepsisLabel = 0.000))
",-9999999.000,-9999999.000,0.000,0.000,1.000,5,0,0,21,26,0,5,21,0.19230769230769232,0.0,0.0,1.0,0.19607843137254902,0.803921568627451,-1
"((MAP >= 58.206) U[1,1] (SBP <= 115.111))
",115.111,115.111,0.000,0.000,1.000,5,0,0,21,26,0,5,21,0.19230769230769232,0.0,0.0,1.0,0.19607843137254902,0.803921568627451,-1
"((MAP >= 13.380) U[0,1] (SBP <= 111.005))
",-9999999.000,-9999999.000,0.000,0.000,1.000,4,0,0,22,26,0,4,22,0.15384615384615385,0.0,0.0,1.0,0.1568627450980392,0.8431372549019608,-1
"((O2Sat <= 97.862) U[1,2] (Resp >= 13.192))
",-9999999.000,-9999999.000,0.000,0.000,1.000,4,0,0,22,26,0,4,22,0.15384615384615385,0.0,0.0,1.0,0.1568627450980392,0.8431372549019608,-1
"F[0,1](Bilirubin_total <= 0.973 -> Glucose >= 21.416)
",-9999999.000,-9999999.000,0.000,0.000,1.000,4,0,0,22,26,0,4,22,0.15384615384615385,0.0,0.0,1.0,0.1568627450980392,0.8431372549019608,-1
"((Alkalinephos <= 42.818) U[0,1] (Glucose >= 5.993))
",-9999999.000,-9999999.000,0.000,0.000,1.000,4,0,0,22,26,0,4,22,0.15384615384615385,0.0,0.0,1.0,0.1568627450980392,0.8431372549019608,-1
"((SBP <= 121.302) U[0,1] (Glucose >= 61.829))
",-9999999.000,-9999999.000,0.000,0.000,1.000,4,0,0,22,26,0,4,22,0.15384615384615385,0.0,0.0,1.0,0.1568627450980392,0.8431372549019608,-1
"G[0,1](MAP <= 86.206 & Temp >= 12.938)
",9999999.000,9999999.000,0.000,1.000,0.000,4,0,0,22,26,0,4,22,0.15384615384615385,0.0,0.0,1.0,0.1568627450980392,0.8431372549019608,1
"((MAP >= 60.896) U[1,1] (SBP <= 125.528))
",125.528,125.528,0.000,0.000,1.000,4,0,0,22,26,0,4,22,0.15384615384615385,0.0,0.0,1.0,0.1568627450980392,0.8431372549019608,-1
"G[1,1](((Resp <= 23.022 | Hct >= 1.650) | SaO2 >= 0.186) -> Fibrinogen >= 0.573)
",-23.022,-23.022,0.000,1.000,0.000,4,0,1,21,25,1,5,21,0.16,0.0,1.0,0.8,0.1568627450980392,0.8431372549019608,1
"G[0,1]((BUN <= 13.039 | EtCO2 <= 22.561) & Glucose <= 23.776)
",9999999.000,9999999.000,0.000,1.000,0.000,4,0,1,21,25,1,5,21,0.16,0.0,1.0,0.8,0.1568627450980392,0.8431372549019608,1
"((MAP >= 29.890) U[1,1] (SBP <= 128.282))
",128.282,128.282,0.000,0.000,1.000,3,0,0,23,26,0,3,23,0.11538461538461539,0.0,0.0,1.0,0.11764705882352941,0.8823529411764706,-1
"F[0,0](((Calcium < 7.262 & Potassium < 1.286) & Magnesium < 0.705) & Phosphate < 0.655)
",0.834,0.484,0.000,0.000,1.000,3,0,0,23,26,0,3,23,0.11538461538461539,0.0,0.0,1.0,0.11764705882352941,0.8823529411764706,-1
"F[0,0](((Calcium < 2.806 & Potassium < 3.550) & Magnesium < 1.630) & Phosphate < 0.379)
",0.422,0.223,0.000,0.000,1.000,3,0,0,23,26,0,3,23,0.11538461538461539,0.0,0.0,1.0,0.11764705882352941,0.8823529411764706,-1
"F[0,1]((AST >= 0.167 | HR <= 109.139) & BUN <= 98.606)
",-9999999.000,-9999999.000,0.000,0.000,1.000,3,0,0,23,26,0,3,23,0.11538461538461539,0.0,0.0,1.0,0.11764705882352941,0.8823529411764706,-1
"F[0,0](((Calcium < 6.224 & Potassium < 1.819) & Magnesium < 1.182) & Phosphate < 0.215)
",0.112,0.059,0.000,0.000,1.000,3,0,0,23,26,0,3,23,0.11538461538461539,0.0,0.0,1.0,0.11764705882352941,0.8823529411764706,-1
"G[0,0](Creatinine >= 0.012 | WBC >= 0.076)
",-0.012,-0.012,0.000,1.000,0.000,3,0,0,23,26,0,3,23,0.11538461538461539,0.0,0.0,1.0,0.11764705882352941,0.8823529411764706,1
"F[0,0](Hgb <= 1.194 | Hct <= 15.061)
",8478819862837341.000,15.061,0.000,0.000,1.000,2,0,0,24,26,0,2,24,0.07692307692307693,0.0,0.0,1.0,0.0784313725490196,0.9215686274509804,-1
"F[1,1](SaO2 >= 0.000 -> BUN <= 4.713)
",-4.713,-4.713,0.000,0.000,1.000,2,0,0,24,26,0,2,24,0.07692307692307693,0.0,0.0,1.0,0.0784313725490196,0.9215686274509804,-1
"F[0,0]((Phosphate >= 0.054 & Magnesium > 0.054) -> Calcium < 1.346)
",-1.346,-1.346,0.000,0.000,1.000,2,0,0,24,26,0,2,24,0.07692307692307693,0.0,0.0,1.0,0.0784313725490196,0.9215686274509804,-1
"((MAP >= 19.935) U[1,2] (SepsisLabel >= 0.000))
",-9999999.000,-9999999.000,0.000,0.000,1.000,2,0,0,24,26,0,2,24,0.07692307692307693,0.0,0.0,1.0,0.0784313725490196,0.9215686274509804,-1
"((SBP > 69.337) U[1,2] (SepsisLabel = 0.000))
",-9999999.000,-9999999.000,0.000,0.000,1.000,2,0,0,24,26,0,2,24,0.07692307692307693,0.0,0.0,1.0,0.0784313725490196,0.9215686274509804,-1
"((MAP >= 16.613) U[1,2] (SBP <= 117.564))
",-9999999.000,-9999999.000,0.000,0.000,1.000,2,0,0,24,26,0,2,24,0.07692307692307693,0.0,0.0,1.0,0.0784313725490196,0.9215686274509804,-1
"((MAP >= 68.739) U[1,1] (SepsisLabel = 0.000))
",0.000,0.000,0.000,0.000,1.000,2,0,0,24,26,0,2,24,0.07692307692307693,0.0,0.0,1.0,0.0784313725490196,0.9215686274509804,-1
"((SBP > 31.976) U[1,2] (SepsisLabel = 0.000))
",-9999999.000,-9999999.000,0.000,0.000,1.000,2,0,0,24,26,0,2,24,0.07692307692307693,0.0,0.0,1.0,0.0784313725490196,0.9215686274509804,-1
"((MAP >= 69.407) U[1,2] (SBP <= 124.967))
",-9999999.000,-9999999.000,0.000,0.000,1.000,2,0,0,24,26,0,2,24,0.07692307692307693,0.0,0.0,1.0,0.0784313725490196,0.9215686274509804,-1
"F[0,0]((Alkalinephos <= 31.131 & Phosphate <= 1.137) | BaseExcess >= 0.086)
",0.571,7.974,0.000,0.000,1.000,2,0,0,24,26,0,2,24,0.07692307692307693,0.0,0.0,1.0,0.0784313725490196,0.9215686274509804,-1
"F[1,1](O2Sat <= 95.944 -> Temp <= 27.353)
",-95.944,-95.944,0.000,0.000,1.000,2,0,0,24,26,0,2,24,0.07692307692307693,0.0,0.0,1.0,0.0784313725490196,0.9215686274509804,-1
"G[0,0](Platelets <= 34.543 -> WBC >= 0.085)
",-34.543,-34.543,0.000,1.000,0.000,2,0,0,24,26,0,2,24,0.07692307692307693,0.0,0.0,1.0,0.0784313725490196,0.9215686274509804,1
"((Hct <= 7.180) U[1,2] (Lactate <= 1.176))
",-9999999.000,-9999999.000,0.000,0.000,1.000,2,0,0,24,26,0,2,24,0.07692307692307693,0.0,0.0,1.0,0.0784313725490196,0.9215686274509804,-1
"((Creatinine >= 0.040) U[1,2] (Hct >= 1.447))
",-9999999.000,-9999999.000,0.000,0.000,1.000,2,0,0,24,26,0,2,24,0.07692307692307693,0.0,0.0,1.0,0.0784313725490196,0.9215686274509804,-1
"F[0,1]((Bilirubin_direct >= 0.000 -> O2Sat >= 80.972) -> Glucose <= 93.174)
",-9999999.000,-9999999.000,0.000,0.000,1.000,2,0,0,24,26,0,2,24,0.07692307692307693,0.0,0.0,1.0,0.0784313725490196,0.9215686274509804,-1
"G[1,1](FiO2 >= 0.004 | Phosphate >= 0.138)
",-0.004,-0.004,0.000,1.000,0.000,2,0,1,23,25,1,3,23,0.08,0.0,1.0,0.6666666666666666,0.0784313725490196,0.9215686274509804,1
"G[1,1](FiO2 <= 0.229 & Magnesium >= 0.174)
",-6254511398508722.000,-0.174,0.000,1.000,0.000,2,0,1,23,25,1,3,23,0.08,0.0,1.0,0.6666666666666666,0.0784313725490196,0.9215686274509804,1
"G[1,1](BUN <= 13.761 & Creatinine >= 0.053)
",-7591422058483180.000,-0.053,0.000,1.000,0.000,2,0,1,23,25,1,3,23,0.08,0.0,1.0,0.6666666666666666,0.0784313725490196,0.9215686274509804,1
"G[1,1](Platelets <= 195.937 -> WBC >= 0.018)
",-195.937,-195.937,0.000,1.000,0.000,2,0,1,23,25,1,3,23,0.08,0.0,1.0,0.6666666666666666,0.0784313725490196,0.9215686274509804,1
"G[0,0](Platelets <= 139.302 -> WBC >= 0.619)
",-139.302,-139.302,0.000,1.000,0.000,2,0,0,24,26,0,2,24,0.07692307692307693,0.0,0.0,1.0,0.0784313725490196,0.9215686274509804,1
"G[0,0](SBP <= 128.061 & WBC >= 0.140)
",-0.140,-0.140,0.000,1.000,0.000,2,0,0,24,26,0,2,24,0.07692307692307693,0.0,0.0,1.0,0.0784313725490196,0.9215686274509804,1
"G[0,0](((Potassium >= 0.038 & O2Sat <= 96.994) | BaseExcess >= 77.294) & Bilirubin_total <= 98.676)
",-0.181,-0.721,0.000,1.000,0.000,2,0,0,24,26,0,2,24,0.07692307692307693,0.0,0.0,1.0,0.0784313725490196,0.9215686274509804,1
"F[1,1](Hct >= 0.226 -> Temp <= 32.680)
",-32.680,-32.680,0.000,0.000,1.000,2,0,0,24,26,0,2,24,0.07692307692307693,0.0,0.0,1.0,0.0784313725490196,0.9215686274509804,-1
"((Hgb < 1.699) U[1,2] (SepsisLabel = 0.000))
",-9999999.000,-9999999.000,0.000,0.000,1.000,2,0,0,24,26,0,2,24,0.07692307692307693,0.0,0.0,1.0,0.0784313725490196,0.9215686274509804,-1
"F[1,1](FiO2 >= 0.002 -> Potassium <= 2.118)
",-2.118,-2.118,0.000,0.000,1.000,1,0,0,25,26,0,1,25,0.038461538461538464,0.0,0.0,1.0,0.0392156862745098,0.9607843137254902,-1
"F[1,1](Chloride < 85.213 & SepsisLabel = 0.000)
",0.000,0.000,0.000,0.000,1.000,1,0,0,25,26,0,1,25,0.038461538461538464,0.0,0.0,1.0,0.0392156862745098,0.9607843137254902,-1
"G[1,1](Chloride >= 1.228 & HCO3 >= 0.000)
",-5530633836618036.000,-1.228,0.000,1.000,0.000,1,0,1,24,25,1,2,24,0.04,0.0,1.0,0.5,0.0392156862745098,0.9607843137254902,1
"G[1,1](Chloride >= 0.568 & HCO3 >= 0.000)
",-0.568,-0.568,0.000,1.000,0.000,1,0,1,24,25,1,2,24,0.04,0.0,1.0,0.5,0.0392156862745098,0.9607843137254902,1
"G[0,0](Calcium >= 0.711 & Glucose <= 123.388)
",-0.711,-0.711,0.000,1.000,0.000,1,0,0,25,26,0,1,25,0.038461538461538464,0.0,0.0,1.0,0.0392156862745098,0.9607843137254902,1
"G[1,1](((AST <= 7.221 -> TroponinI >= 0.013) & WBC <= 0.149) & BUN <= 1.069)
",-8130155918604599.000,-7.221,0.000,1.000,0.000,1,0,1,24,25,1,2,24,0.04,0.0,1.0,0.5,0.0392156862745098,0.9607843137254902,1
"((Lactate <= 0.760) U[1,1] (Phosphate <= 2.987))
",2.987,2.987,0.000,0.000,1.000,1,0,0,25,26,0,1,25,0.038461538461538464,0.0,0.0,1.0,0.0392156862745098,0.9607843137254902,-1
"G[1,1](SBP >= 77.682 & TroponinI >= 0.018)
",-77.682,-77.682,0.000,1.000,0.000,1,0,1,24,25,1,2,24,0.04,0.0,1.0,0.5,0.0392156862745098,0.9607843137254902,1
"F[1,1]((Bilirubin_total >= 0.016 -> Hct <= 11.180) & BUN <= 21.692)
",-11.180,-11.180,0.000,0.000,1.000,1,0,0,25,26,0,1,25,0.038461538461538464,0.0,0.0,1.0,0.0392156862745098,0.9607843137254902,-1
"F[1,1]((Phosphate >= 0.076 & Magnesium > 0.074) -> Calcium < 6.063)
",-6.063,-6.063,0.000,0.000,1.000,1,0,0,25,26,0,1,25,0.038461538461538464,0.0,0.0,1.0,0.0392156862745098,0.9607843137254902,-1
"F[1,1]((Hgb <= 1.330 & Lactate <= 0.386) | Magnesium >= 0.021)
",6945706588814428.000,0.386,0.000,0.000,1.000,1,0,0,25,26,0,1,25,0.038461538461538464,0.0,0.0,1.0,0.0392156862745098,0.9607843137254902,-1
"F[0,1]((EtCO2 >= 1.006 & Resp >= 3.466) | Resp <= 24.428)
",-9999999.000,-9999999.000,0.000,0.000,1.000,1,0,0,25,26,0,1,25,0.038461538461538464,0.0,0.0,1.0,0.0392156862745098,0.9607843137254902,-1
"((Phosphate <= 2.072) U[1,1] (HCO3 <= 0.000))
",2.072,2.072,0.000,0.000,1.000,1,0,0,25,26,0,1,25,0.038461538461538464,0.0,0.0,1.0,0.0392156862745098,0.9607843137254902,-1
"((Phosphate <= 2.833) U[1,2] (Resp >= 3.968))
",-9999999.000,-9999999.000,0.000,0.000,1.000,1,0,0,25,26,0,1,25,0.038461538461538464,0.0,0.0,1.0,0.0392156862745098,0.9607843137254902,-1
"F[1,2](((Magnesium <= 1.000 -> SBP <= 124.438) | Fibrinogen >= 91.052) & Magnesium <= 106.223)
",-9999999.000,-9999999.000,0.000,0.000,1.000,0,0,0,26,26,0,0,26,0.0,0.0,0.0,0.0,0.0,1.0,-1
"F[0,1](WBC <= 1.032 & SepsisLabel = 0.000)
",-9999999.000,-9999999.000,0.000,0.000,1.000,0,0,0,26,26,0,0,26,0.0,0.0,0.0,0.0,0.0,1.0,-1
"F[1,2](SBP <= 126.500 & SepsisLabel = 0.000)
",-9999999.000,-9999999.000,0.000,0.000,1.000,0,0,0,26,26,0,0,26,0.0,0.0,0.0,0.0,0.0,1.0,-1
"((Bilirubin_direct > 0.000) U[0,1] (SepsisLabel = 0.000))
",-9999999.000,-9999999.000,0.000,0.000,1.000,0,0,0,26,26,0,0,26,0.0,0.0,0.0,0.0,0.0,1.0,-1
"((Creatinine <= 0.283) U[0,2] (SBP >= 84.326))
",-9999999.000,-9999999.000,0.000,0.000,1.000,0,0,0,26,26,0,0,26,0.0,0.0,0.0,0.0,0.0,1.0,-1
"F[1,2]((Calcium <= 2.094 -> pH <= 5.877) | Potassium >= 0.091)
",-9999999.000,-9999999.000,0.000,0.000,1.000,0,0,0,26,26,0,0,26,0.0,0.0,0.0,0.0,0.0,1.0,-1
"F[1,2](((Calcium <= 8.156 & FiO2 <= 0.024) -> Hgb <= 0.270) | Creatinine >= 0.001)
",-9999999.000,-9999999.000,0.000,0.000,1.000,0,0,0,26,26,0,0,26,0.0,0.0,0.0,0.0,0.0,1.0,-1
"F[0,2]((Calcium <= 6.987 & Chloride >= 0.783) | Bilirubin_direct <= 73.427)
",-9999999.000,-9999999.000,0.000,0.000,1.000,0,0,0,26,26,0,0,26,0.0,0.0,0.0,0.0,0.0,1.0,-1
"F[0,1]((Calcium >= 0.316 -> Lactate >= 0.009) -> HCO3 <= 1.079)
",-9999999.000,-9999999.000,0.000,0.000,1.000,0,0,0,26,26,0,0,26,0.0,0.0,0.0,0.0,0.0,1.0,-1
"((TroponinI >= 0.019) U[0,1] (SepsisLabel = 0.000))
",-9999999.000,-9999999.000,0.000,0.000,1.000,0,0,0,26,26,0,0,26,0.0,0.0,0.0,0.0,0.0,1.0,-1
"F[0,1]((AST <= 4.585 -> Lactate <= 0.575) -> AST <= 0.480)
",-9999999.000,-9999999.000,0.000,0.000,1.000,0,0,0,26,26,0,0,26,0.0,0.0,0.0,0.0,0.0,1.0,-1
"F[0,1](Alkalinephos <= 11.969 -> PaCO2 <= 14.251)
",-9999999.000,-9999999.000,0.000,0.000,1.000,0,0,0,26,26,0,0,26,0.0,0.0,0.0,0.0,0.0,1.0,-1
"((AST <= 22.189) U[1,2] (FiO2 >= 0.005))
",-9999999.000,-9999999.000,0.000,0.000,1.000,0,0,0,26,26,0,0,26,0.0,0.0,0.0,0.0,0.0,1.0,-1
"((Bilirubin_total <= 0.979) U[0,2] (FiO2 >= 0.007))
",-9999999.000,-9999999.000,0.000,0.000,1.000,0,0,0,26,26,0,0,26,0.0,0.0,0.0,0.0,0.0,1.0,-1
"F[2,2]((Alkalinephos <= 28.049 -> Lactate <= 0.350) -> Creatinine >= 0.010)
",0.010,0.010,0.000,0.000,1.000,0,0,0,26,26,0,0,26,0.0,0.0,0.0,0.0,0.0,1.0,-1
"F[1,2](((Calcium >= 0.045 & Temp <= 26.270) | Fibrinogen >= 14.880) -> Resp >= 0.995)
",-9999999.000,-9999999.000,0.000,0.000,1.000,0,0,0,26,26,0,0,26,0.0,0.0,0.0,0.0,0.0,1.0,-1
"F[2,2](Phosphate <= 1.564 -> Temp >= 15.292)
",-7043956355480001.000,-1.564,0.000,0.000,1.000,0,0,0,26,26,0,0,26,0.0,0.0,0.0,0.0,0.0,1.0,-1
"F[2,2](Hgb > 0.069 & SepsisLabel = 0.000)
",-0.069,-0.069,0.000,0.000,1.000,0,0,0,26,26,0,0,26,0.0,0.0,0.0,0.0,0.0,1.0,-1
"F[0,1](((MAP >= 29.982 | pH <= 4.038) & Magnesium >= 0.052) -> BUN <= 0.198)
",-9999999.000,-9999999.000,0.000,0.000,1.000,0,0,0,26,26,0,0,26,0.0,0.0,0.0,0.0,0.0,1.0,-1
"((Alkalinephos >= 0.695) U[0,0] (Bilirubin_total <= 0.253))
",0.361,1.337,0.000,0.000,1.000,0,0,0,26,26,0,0,26,0.0,0.0,0.0,0.0,0.0,1.0,-1
"F[0,1](BUN >= 1.073 -> Fibrinogen >= 0.000)
",-9999999.000,-9999999.000,0.000,0.000,1.000,0,0,0,26,26,0,0,26,0.0,0.0,0.0,0.0,0.0,1.0,-1
"F[0,2](Resp >= 13.034 -> Temp <= 32.179)
",-9999999.000,-9999999.000,0.000,0.000,1.000,0,0,0,26,26,0,0,26,0.0,0.0,0.0,0.0,0.0,1.0,-1
"F[2,2]((Alkalinephos <= 24.409 | Resp >= 10.796) & TroponinI >= 4.482)
",-4.482,-4.482,0.000,0.000,1.000,0,0,0,26,26,0,0,26,0.0,0.0,0.0,0.0,0.0,1.0,-1
"((Lactate >= 0.010) U[2,2] (Resp >= 11.346))
",-5557089959041548.000,-0.010,0.000,0.000,1.000,0,0,0,26,26,0,0,26,0.0,0.0,0.0,0.0,0.0,1.0,-1
"F[1,2](Resp >= 14.811 | Lactate >= 0.011)
",-9999999.000,-9999999.000,0.000,0.000,1.000,0,0,0,26,26,0,0,26,0.0,0.0,0.0,0.0,0.0,1.0,-1
"F[2,2](((Resp >= 2.614 | TroponinI >= 0.019) & WBC <= 0.054) & AST <= 0.577)
",-0.019,-0.019,0.000,0.000,1.000,0,0,0,26,26,0,0,26,0.0,0.0,0.0,0.0,0.0,1.0,-1
"F[0,2]((Chloride <= 91.445 & Resp <= 24.263) & AST <= 25.341)
",-9999999.000,-9999999.000,0.000,0.000,1.000,0,0,0,26,26,0,0,26,0.0,0.0,0.0,0.0,0.0,1.0,-1
"F[1,2]((Bilirubin_total >= 0.018 -> Resp >= 13.849) -> Hgb >= 12.767)
",-9999999.000,-9999999.000,0.000,0.000,1.000,0,0,0,26,26,0,0,26,0.0,0.0,0.0,0.0,0.0,1.0,-1
"F[1,2]((Bilirubin_direct >= 0.000 & Hct <= 19.625) | O2Sat <= 16.879)
",-9999999.000,-9999999.000,0.000,0.000,1.000,0,0,0,26,26,0,0,26,0.0,0.0,0.0,0.0,0.0,1.0,-1
"F[0,1](Lactate >= 0.013 -> PTT <= 0.000)
",-9999999.000,-9999999.000,0.000,0.000,1.000,0,0,0,26,26,0,0,26,0.0,0.0,0.0,0.0,0.0,1.0,-1
"F[1,1](((Chloride <= 103.766 & BaseExcess >= 0.000) | Platelets >= 0.000) -> Alkalinephos >= 0.000)
",0.000,0.000,0.000,0.000,1.000,0,0,0,26,26,0,0,26,0.0,0.0,0.0,0.0,0.0,1.0,-1
"F[0,2](((Lactate <= 0.062 -> TroponinI <= 0.746) -> Bilirubin_direct >= 0.015) & Chloride <= 0.842)
",-9999999.000,-9999999.000,0.000,0.000,1.000,0,0,0,26,26,0,0,26,0.0,0.0,0.0,0.0,0.0,1.0,-1
"F[1,1](TroponinI >= 0.014 -> MAP >= 8.734)
",8159470854761769.000,0.014,0.000,0.000,1.000,0,0,0,26,26,0,0,26,0.0,0.0,0.0,0.0,0.0,1.0,-1
"F[1,2](((BaseExcess <= 0.000 & Potassium <= 1.880) & HR >= 0.106) -> Phosphate <= 2.741)
",-9999999.000,-9999999.000,0.000,0.000,1.000,0,0,0,26,26,0,0,26,0.0,0.0,0.0,0.0,0.0,1.0,-1
"F[0,2](((SaO2 >= 0.000 & Platelets >= 10.710) & DBP >= 1.923) & FiO2 >= 0.187)
",-9999999.000,-9999999.000,0.000,0.000,1.000,0,0,0,26,26,0,0,26,0.0,0.0,0.0,0.0,0.0,1.0,-1
"F[0,2](((BUN >= 0.679 & SBP <= 111.610) -> PaCO2 <= 126.216) | Potassium <= 123.970)
",-9999999.000,-9999999.000,0.000,0.000,1.000,0,0,0,26,26,0,0,26,0.0,0.0,0.0,0.0,0.0,1.0,-1
"((PaCO2 >= 0.465) U[2,2] (Bilirubin_total >= 0.001))
",-0.001,-0.001,0.000,0.000,1.000,0,0,0,26,26,0,0,26,0.0,0.0,0.0,0.0,0.0,1.0,-1
"F[2,2]((Chloride >= 0.972 & PTT >= 0.000) -> Bilirubin_direct <= 0.000)
",0.000,0.000,0.000,0.000,1.000,0,0,0,26,26,0,0,26,0.0,0.0,0.0,0.0,0.0,1.0,-1
"F[0,1](BUN >= 0.307 | SBP >= 71.548)
",-9999999.000,-9999999.000,0.000,0.000,1.000,0,0,0,26,26,0,0,26,0.0,0.0,0.0,0.0,0.0,1.0,-1
"F[1,2](BUN <= 6.867 -> Temp <= 37.452)
",-9999999.000,-9999999.000,0.000,0.000,1.000,0,0,0,26,26,0,0,26,0.0,0.0,0.0,0.0,0.0,1.0,-1
"((Lactate >= 0.005) U[0,1] (SepsisLabel = 0.000))
",-9999999.000,-9999999.000,0.000,0.000,1.000,0,0,0,26,26,0,0,26,0.0,0.0,0.0,0.0,0.0,1.0,-1
"((Hgb >= 0.478) U[0,2] (Hgb <= 2.709))
",-9999999.000,-9999999.000,0.000,0.000,1.000,0,0,0,26,26,0,0,26,0.0,0.0,0.0,0.0,0.0,1.0,-1
"G[0,2](HR >= 11.715 & Potassium <= 1.083)
",9999999.000,9999999.000,0.000,1.000,0.000,0,0,18,8,8,18,18,8,0.0,0.0,1.0,0.0,0.0,1.0,1
"((BUN <= 9.006) U[0,2] (Alkalinephos <= 36.351))
",-9999999.000,-9999999.000,0.000,0.000,1.000,0,0,0,26,26,0,0,26,0.0,0.0,0.0,0.0,0.0,1.0,-1
"((O2Sat <= 96.259) U[0,1] (HCO3 >= 0.000))
",-9999999.000,-9999999.000,0.000,0.000,1.000,0,0,0,26,26,0,0,26,0.0,0.0,0.0,0.0,0.0,1.0,-1
"((Platelets <= 24.598) U[0,2] (Magnesium <= 1.743))
",-9999999.000,-9999999.000,0.000,0.000,1.000,0,0,0,26,26,0,0,26,0.0,0.0,0.0,0.0,0.0,1.0,-1
"F[0,2](((Bilirubin_total <= 1.035 -> Creatinine >= 0.050) | Creatinine <= 0.458) | BaseExcess <= 0.186)
",-9999999.000,-9999999.000,0.000,0.000,1.000,0,0,0,26,26,0,0,26,0.0,0.0,0.0,0.0,0.0,1.0,-1
"((Bilirubin_total >= 0.008) U[0,1] (Bilirubin_direct <= 0.000))
",-9999999.000,-9999999.000,0.000,0.000,1.000,0,0,0,26,26,0,0,26,0.0,0.0,0.0,0.0,0.0,1.0,-1
"F[0,1]((EtCO2 >= 2.139 & SepsisLabel >= 0.000) | Platelets <= 0.000)
",-9999999.000,-9999999.000,0.000,0.000,1.000,0,0,0,26,26,0,0,26,0.0,0.0,0.0,0.0,0.0,1.0,-1
"((MAP <= 84.177) U[0,1] (O2Sat <= 98.336))
",-9999999.000,-9999999.000,0.000,0.000,1.000,0,0,0,26,26,0,0,26,0.0,0.0,0.0,0.0,0.0,1.0,-1
"F[2,2](((Hgb <= 3.210 & MAP >= 46.126) -> FiO2 <= 78.200) -> Platelets <= 79.892)
",-79.892,-79.892,0.000,0.000,1.000,0,0,0,26,26,0,0,26,0.0,0.0,0.0,0.0,0.0,1.0,-1
"F[0,2]((TroponinI <= 0.152 & Resp >= 2.693) & Chloride >= 14.380)
",-9999999.000,-9999999.000,0.000,0.000,1.000,0,0,0,26,26,0,0,26,0.0,0.0,0.0,0.0,0.0,1.0,-1
"F[0,2]((WBC >= 0.642 | O2Sat >= 16.593) | Bilirubin_total >= 73.136)
",-9999999.000,-9999999.000,0.000,0.000,1.000,0,0,0,26,26,0,0,26,0.0,0.0,0.0,0.0,0.0,1.0,-1
"F[0,2](((AST >= 0.165 & O2Sat <= 93.942) & FiO2 >= 20.143) & Potassium <= 94.974)
",-9999999.000,-9999999.000,0.000,0.000,1.000,0,0,0,26,26,0,0,26,0.0,0.0,0.0,0.0,0.0,1.0,-1
"F[0,2](((WBC <= 1.649 | Bilirubin_direct <= 0.000) -> DBP <= 0.000) -> Alkalinephos <= 0.000)
",-9999999.000,-9999999.000,0.000,0.000,1.000,0,0,0,26,26,0,0,26,0.0,0.0,0.0,0.0,0.0,1.0,-1
"F[0,2]((Calcium >= 0.110 -> HR >= 75.851) & SBP <= 124.496)
",-9999999.000,-9999999.000,0.000,0.000,1.000,0,0,0,26,26,0,0,26,0.0,0.0,0.0,0.0,0.0,1.0,-1
"F[2,2](Hgb <= 2.172 | Hct <= 5.724)
",5.724,5.724,0.000,0.000,1.000,0,0,0,26,26,0,0,26,0.0,0.0,0.0,0.0,0.0,1.0,-1
"F[2,2]((Phosphate >= 0.022 | SBP <= 107.036) | Magnesium <= 110.351)
",110.351,110.351,0.000,0.000,1.000,0,0,0,26,26,0,0,26,0.0,0.0,0.0,0.0,0.0,1.0,-1
"F[1,2]((AST <= 21.783 | O2Sat >= 0.561) | Hct <= 94.966)
",-9999999.000,-9999999.000,0.000,0.000,1.000,0,0,0,26,26,0,0,26,0.0,0.0,0.0,0.0,0.0,1.0,-1
"F[0,2]((Hgb <= 4.110 & PaCO2 >= 0.110) & DBP <= 29.146)
",-9999999.000,-9999999.000,0.000,0.000,1.000,0,0,0,26,26,0,0,26,0.0,0.0,0.0,0.0,0.0,1.0,-1
"((BUN >= 0.614) U[2,2] (FiO2 <= 0.362))
",6513262957985009.000,0.362,0.000,0.000,1.000,0,0,0,26,26,0,0,26,0.0,0.0,0.0,0.0,0.0,1.0,-1
"F[0,1](BUN >= 0.828 | Lactate <= 0.779)
",-9999999.000,-9999999.000,0.000,0.000,1.000,0,0,0,26,26,0,0,26,0.0,0.0,0.0,0.0,0.0,1.0,-1
"F[2,2]((TroponinI >= 0.016 | WBC <= 3.971) & O2Sat <= 9.616)
",3.971,3.971,0.000,0.000,1.000,0,0,0,26,26,0,0,26,0.0,0.0,0.0,0.0,0.0,1.0,-1
"F[0,1](Resp <= 23.093 -> FiO2 <= 0.027)
",-9999999.000,-9999999.000,0.000,0.000,1.000,0,0,0,26,26,0,0,26,0.0,0.0,0.0,0.0,0.0,1.0,-1
"F[1,2]((WBC <= 8.443 -> O2Sat <= 97.886) | EtCO2 <= 95.074)
",-9999999.000,-9999999.000,0.000,0.000,1.000,0,0,0,26,26,0,0,26,0.0,0.0,0.0,0.0,0.0,1.0,-1
"F[0,2](((Hgb <= 2.565 & O2Sat >= 60.539) & Hgb >= 48.370) & O2Sat <= 99.278)
",-9999999.000,-9999999.000,0.000,0.000,1.000,0,0,0,26,26,0,0,26,0.0,0.0,0.0,0.0,0.0,1.0,-1
"F[0,1](BUN <= 15.834 -> SBP >= 51.830)
",-9999999.000,-9999999.000,0.000,0.000,1.000,0,0,0,26,26,0,0,26,0.0,0.0,0.0,0.0,0.0,1.0,-1
"F[0,1](((Calcium <= 2.969 -> Phosphate <= 1.895) -> EtCO2 <= 0.235) -> HR >= 0.153)
",-9999999.000,-9999999.000,0.000,0.000,1.000,0,0,0,26,26,0,0,26,0.0,0.0,0.0,0.0,0.0,1.0,-1
"F[2,2](((MAP <= 88.383 | WBC <= 7.699) & BUN <= 5.528) -> O2Sat <= 3.257)
",-5.528,-5.528,0.000,0.000,1.000,0,0,0,26,26,0,0,26,0.0,0.0,0.0,0.0,0.0,1.0,-1
"F[2,2]((Potassium >= 0.401 -> AST >= 0.272) -> Alkalinephos <= 7.836)
",-8822722178199370.000,-7.836,0.000,0.000,1.000,0,0,0,26,26,0,0,26,0.0,0.0,0.0,0.0,0.0,1.0,-1
"F[0,1]((WBC <= 9.605 -> Bilirubin_total <= 0.574) & PaCO2 <= 0.477)
",-9999999.000,-9999999.000,0.000,0.000,1.000,0,0,0,26,26,0,0,26,0.0,0.0,0.0,0.0,0.0,1.0,-1
"F[0,2](((EtCO2 <= 37.856 -> Temp <= 16.354) | Alkalinephos >= 7.041) | PaCO2 <= 23.993)
",-9999999.000,-9999999.000,0.000,0.000,1.000,0,0,0,26,26,0,0,26,0.0,0.0,0.0,0.0,0.0,1.0,-1
"F[1,2](((Bilirubin_direct <= 0.000 & AST <= 18.918) -> Magnesium >= 0.063) | Glucose <= 4.105)
",-9999999.000,-9999999.000,0.000,0.000,1.000,0,0,0,26,26,0,0,26,0.0,0.0,0.0,0.0,0.0,1.0,-1
"F[0,2](((Magnesium >= 0.015 & Lactate <= 1.065) & Glucose <= 0.691) | Fibrinogen <= 0.710)
",-9999999.000,-9999999.000,0.000,0.000,1.000,0,0,0,26,26,0,0,26,0.0,0.0,0.0,0.0,0.0,1.0,-1
"F[1,1](((Chloride >= 1.513 -> O2Sat <= 97.024) -> BaseExcess <= 99.797) | pH <= 98.224)
",6911928849940851.000,98.224,0.000,0.000,1.000,0,0,0,26,26,0,0,26,0.0,0.0,0.0,0.0,0.0,1.0,-1
"F[0,0](Platelets <= 51.163 | SaO2 >= 0.000)
",7200567312402067.000,51.163,0.000,0.000,1.000,0,0,0,26,26,0,0,26,0.0,0.0,0.0,0.0,0.0,1.0,-1
"F[0,2]((Platelets <= 71.066 -> SaO2 <= 0.000) | MAP >= 0.000)
",-9999999.000,-9999999.000,0.000,0.000,1.000,0,0,0,26,26,0,0,26,0.0,0.0,0.0,0.0,0.0,1.0,-1
"((SBP <= 125.030) U[1,1] (O2Sat >= 3.922))
",125.030,125.030,0.000,0.000,1.000,0,0,0,26,26,0,0,26,0.0,0.0,0.0,0.0,0.0,1.0,-1
"F[2,2](((PaCO2 >= 0.019 & HR <= 120.298) & HCO3 <= 130.413) & WBC >= 36.466)
",-36.466,-36.466,0.000,0.000,1.000,0,0,0,26,26,0,0,26,0.0,0.0,0.0,0.0,0.0,1.0,-1
"((SepsisLabel > 0.000) U[0,1] (SepsisLabel = 0.000))
",-9999999.000,-9999999.000,0.000,0.000,1.000,0,0,0,26,26,0,0,26,0.0,0.0,0.0,0.0,0.0,1.0,-1
"F[1,2]((Bilirubin_total >= 0.018 -> Phosphate <= 0.883) | EtCO2 <= 2.011)
",-9999999.000,-9999999.000,0.000,0.000,1.000,0,0,0,26,26,0,0,26,0.0,0.0,0.0,0.0,0.0,1.0,-1
"F[0,2](PTT >= 0.000 | WBC <= 7.249)
",-9999999.000,-9999999.000,0.000,0.000,1.000,0,0,0,26,26,0,0,26,0.0,0.0,0.0,0.0,0.0,1.0,-1
"F[1,2](((Hgb <= 8.062 & Temp >= 5.413) & Alkalinephos <= 27.904) -> PaCO2 <= 35.980)
",-9999999.000,-9999999.000,0.000,0.000,1.000,0,0,0,26,26,0,0,26,0.0,0.0,0.0,0.0,0.0,1.0,-1
"F[2,2]((WBC <= 4.935 -> SepsisLabel <= 0.000) -> Resp >= 0.000)
",0.000,0.000,0.000,0.000,1.000,0,0,0,26,26,0,0,26,0.0,0.0,0.0,0.0,0.0,1.0,-1
"F[2,2]((PTT >= 0.000 & Lactate >= 0.022) | EtCO2 >= 0.005)
",-0.005,-0.005,0.000,0.000,1.000,0,0,0,26,26,0,0,26,0.0,0.0,0.0,0.0,0.0,1.0,-1
"F[0,0](((FiO2 <= 0.097 & pH <= 4.663) & HCO3 <= 1.186) | SaO2 <= 3.517)
",3.517,3.517,0.000,0.000,1.000,0,0,0,26,26,0,0,26,0.0,0.0,0.0,0.0,0.0,1.0,-1
"F[0,1](Lactate > 0.005 -> SepsisLabel = 0.000)
",-9999999.000,-9999999.000,0.000,0.000,1.000,0,0,0,26,26,0,0,26,0.0,0.0,0.0,0.0,0.0,1.0,-1
"((Chloride >= 0.295) U[0,2] (O2Sat >= 85.139))
",-9999999.000,-9999999.000,0.000,0.000,1.000,0,0,0,26,26,0,0,26,0.0,0.0,0.0,0.0,0.0,1.0,-1
"F[0,0](((DBP >= 59.707 & FiO2 <= 0.237) | Bilirubin_total >= 0.004) | Temp <= 0.339)
",0.541,0.530,0.000,0.000,1.000,0,0,0,26,26,0,0,26,0.0,0.0,0.0,0.0,0.0,1.0,-1
"F[0,1](Creatinine <= 0.283 & Platelets <= 176.680)
",-9999999.000,-9999999.000,0.000,0.000,1.000,0,0,0,26,26,0,0,26,0.0,0.0,0.0,0.0,0.0,1.0,-1
"F[2,2]((EtCO2 >= 1.780 -> SBP >= 84.575) -> Glucose <= 117.959)
",-117.959,-117.959,0.000,0.000,1.000,0,0,0,26,26,0,0,26,0.0,0.0,0.0,0.0,0.0,1.0,-1
"F[0,2]((Creatinine >= 0.001 | Resp <= 23.803) | EtCO2 >= 3.015)
",-9999999.000,-9999999.000,0.000,0.000,1.000,0,0,0,26,26,0,0,26,0.0,0.0,0.0,0.0,0.0,1.0,-1
"((HR >= 60.994) U[2,2] (PaCO2 >= 0.132))
",-4741490534156388.000,-0.132,0.000,0.000,1.000,0,0,0,26,26,0,0,26,0.0,0.0,0.0,0.0,0.0,1.0,-1
"F[1,2]((HR >= 43.188 & TroponinI <= 1.172) & Hct >= 0.002)
",-9999999.000,-9999999.000,0.000,0.000,1.000,0,0,0,26,26,0,0,26,0.0,0.0,0.0,0.0,0.0,1.0,-1
"F[1,2](Potassium <= 4.334 & Temp <= 19.971)
",-9999999.000,-9999999.000,0.000,0.000,1.000,0,0,0,26,26,0,0,26,0.0,0.0,0.0,0.0,0.0,1.0,-1
"F[0,1](Platelets <= 20.084 | SBP >= 61.167)
",-9999999.000,-9999999.000,0.000,0.000,1.000,0,0,0,26,26,0,0,26,0.0,0.0,0.0,0.0,0.0,1.0,-1
"F[0,2](Magnesium >= 0.014 | O2Sat <= 94.123)
",-9999999.000,-9999999.000,0.000,0.000,1.000,0,0,0,26,26,0,0,26,0.0,0.0,0.0,0.0,0.0,1.0,-1
"F[0,2]((EtCO2 >= 3.924 & Phosphate >= 0.136) -> Bilirubin_direct >= 0.145)
",-9999999.000,-9999999.000,0.000,0.000,1.000,0,0,0,26,26,0,0,26,0.0,0.0,0.0,0.0,0.0,1.0,-1
"F[2,2](FiO2 <= 0.203 | HR >= 38.390)
",0.203,0.203,0.000,0.000,1.000,0,0,0,26,26,0,0,26,0.0,0.0,0.0,0.0,0.0,1.0,-1
"F[0,2](((Alkalinephos <= 12.771 | MAP <= 89.198) & MAP <= 81.593) -> O2Sat <= 81.363)
",-9999999.000,-9999999.000,0.000,0.000,1.000,0,0,0,26,26,0,0,26,0.0,0.0,0.0,0.0,0.0,1.0,-1
"F[1,2]((Bilirubin_total <= 0.829 | MAP >= 68.630) & O2Sat <= 84.356)
",-9999999.000,-9999999.000,0.000,0.000,1.000,0,0,0,26,26,0,0,26,0.0,0.0,0.0,0.0,0.0,1.0,-1
"F[1,2](((MAP >= 1.550 -> Phosphate >= 0.092) -> Platelets <= 1.565) | WBC >= 0.050)
",-9999999.000,-9999999.000,0.000,0.000,1.000,0,0,0,26,26,0,0,26,0.0,0.0,0.0,0.0,0.0,1.0,-1
"F[2,2](Alkalinephos <= 27.562 & DBP <= 73.306)
",27.562,27.562,0.000,0.000,1.000,0,0,0,26,26,0,0,26,0.0,0.0,0.0,0.0,0.0,1.0,-1
"((AST >= 0.041) U[0,1] (DBP >= 42.609))
",-9999999.000,-9999999.000,0.000,0.000,1.000,0,0,0,26,26,0,0,26,0.0,0.0,0.0,0.0,0.0,1.0,-1
"((TroponinI <= 1.263) U[0,0] (SepsisLabel = 0.000))
",1.263,1.263,0.000,0.000,1.000,0,0,0,26,26,0,0,26,0.0,0.0,0.0,0.0,0.0,1.0,-1
"((DBP <= 65.223) U[0,2] (Lactate >= 0.001))
",-9999999.000,-9999999.000,0.000,0.000,1.000,0,0,0,26,26,0,0,26,0.0,0.0,0.0,0.0,0.0,1.0,-1
"F[2,2](((AST <= 16.352 | MAP <= 77.641) & Alkalinephos >= 26.024) | HR <= 78.653)
",5534740188023460.000,78.653,0.000,0.000,1.000,0,0,0,26,26,0,0,26,0.0,0.0,0.0,0.0,0.0,1.0,-1
"F[0,1](((EtCO2 <= 23.659 -> Hgb >= 0.574) -> SBP >= 0.583) | Fibrinogen >= 0.395)
",-9999999.000,-9999999.000,0.000,0.000,1.000,0,0,0,26,26,0,0,26,0.0,0.0,0.0,0.0,0.0,1.0,-1
"F[1,2]((Magnesium <= 2.103 -> MAP >= 24.523) & Phosphate >= 56.160)
",-9999999.000,-9999999.000,0.000,0.000,1.000,0,0,0,26,26,0,0,26,0.0,0.0,0.0,0.0,0.0,1.0,-1
"F[0,2](((MAP <= 84.618 | WBC >= 0.246) & Glucose >= 0.270) | BUN <= 9.752)
",-9999999.000,-9999999.000,0.000,0.000,1.000,0,0,0,26,26,0,0,26,0.0,0.0,0.0,0.0,0.0,1.0,-1
"F[0,2]((Magnesium <= 1.415 -> Resp <= 24.702) & Alkalinephos <= 22.375)
",-9999999.000,-9999999.000,0.000,0.000,1.000,0,0,0,26,26,0,0,26,0.0,0.0,0.0,0.0,0.0,1.0,-1
"((EtCO2 <= 13.673) U[0,2] (Magnesium >= 0.200))
",-9999999.000,-9999999.000,0.000,0.000,1.000,0,0,0,26,26,0,0,26,0.0,0.0,0.0,0.0,0.0,1.0,-1
"F[0,1]((DBP <= 73.164 -> Magnesium >= 0.110) | HR >= 0.122)
",-9999999.000,-9999999.000,0.000,0.000,1.000,0,0,0,26,26,0,0,26,0.0,0.0,0.0,0.0,0.0,1.0,-1
"F[1,2](((MAP <= 85.564 | Potassium >= 0.077) & pH <= 3.549) -> MAP <= 3.452)
",-9999999.000,-9999999.000,0.000,0.000,1.000,0,0,0,26,26,0,0,26,0.0,0.0,0.0,0.0,0.0,1.0,-1
"F[0,2](((Glucose <= 91.621 -> TroponinI >= 0.008) | Creatinine >= 0.006) | Creatinine <= 0.567)
",-9999999.000,-9999999.000,0.000,0.000,1.000,0,0,0,26,26,0,0,26,0.0,0.0,0.0,0.0,0.0,1.0,-1
"F[1,2](((Chloride >= 1.217 & Glucose >= 60.454) | DBP >= 6.388) | EtCO2 <= 109.688)
",-9999999.000,-9999999.000,0.000,0.000,1.000,0,0,0,26,26,0,0,26,0.0,0.0,0.0,0.0,0.0,1.0,-1
"F[1,2](((HR <= 89.725 | WBC <= 1.470) & Hct >= 0.482) | Chloride >= 0.417)
",-9999999.000,-9999999.000,0.000,0.000,1.000,0,0,0,26,26,0,0,26,0.0,0.0,0.0,0.0,0.0,1.0,-1
"F[0,2]((FiO2 >= 0.005 -> Glucose >= 32.218) | Creatinine <= 166.664)
",-9999999.000,-9999999.000,0.000,0.000,1.000,0,0,0,26,26,0,0,26,0.0,0.0,0.0,0.0,0.0,1.0,-1
"F[1,2](((Calcium >= 0.483 -> DBP >= 36.039) | PTT >= 39.893) -> Bilirubin_direct <= 72.853)
",-9999999.000,-9999999.000,0.000,0.000,1.000,0,0,0,26,26,0,0,26,0.0,0.0,0.0,0.0,0.0,1.0,-1
"F[0,1]((AST <= 5.929 | Phosphate >= 0.088) & PaCO2 <= 0.647)
",-9999999.000,-9999999.000,0.000,0.000,1.000,0,0,0,26,26,0,0,26,0.0,0.0,0.0,0.0,0.0,1.0,-1
"F[0,2](Alkalinephos <= 14.431 -> Potassium >= 0.358)
",-9999999.000,-9999999.000,0.000,0.000,1.000,0,0,0,26,26,0,0,26,0.0,0.0,0.0,0.0,0.0,1.0,-1
"F[1,1](((Resp >= 2.246 -> SBP >= 91.259) -> Fibrinogen <= 114.932) | MAP >= 43.121)
",-43.121,-43.121,0.000,0.000,1.000,0,0,0,26,26,0,0,26,0.0,0.0,0.0,0.0,0.0,1.0,-1
"F[1,1](DBP <= 74.056 | Resp >= 5.325)
",74.056,74.056,0.000,0.000,1.000,0,0,0,26,26,0,0,26,0.0,0.0,0.0,0.0,0.0,1.0,-1
"F[1,2](((Glucose <= 124.672 | HR <= 98.028) & Resp <= 98.479) -> FiO2 <= 110.828)
",-9999999.000,-9999999.000,0.000,0.000,1.000,0,0,0,26,26,0,0,26,0.0,0.0,0.0,0.0,0.0,1.0,-1
"F[0,1]((EtCO2 >= 1.109 & MAP <= 91.382) -> AST <= 83.508)
",-9999999.000,-9999999.000,0.000,0.000,1.000,0,0,0,26,26,0,0,26,0.0,0.0,0.0,0.0,0.0,1.0,-1
"F[0,2]((Chloride >= 0.715 | EtCO2 >= 2.129) & Calcium >= 4.280)
",-9999999.000,-9999999.000,0.000,0.000,1.000,0,0,0,26,26,0,0,26,0.0,0.0,0.0,0.0,0.0,1.0,-1
"F[1,2](EtCO2 >= 6.055 -> FiO2 <= 0.120)
",-9999999.000,-9999999.000,0.000,0.000,1.000,0,0,0,26,26,0,0,26,0.0,0.0,0.0,0.0,0.0,1.0,-1
"F[0,2](((EtCO2 >= 3.842 & Lactate >= 0.023) -> SaO2 <= 0.087) & DBP <= 0.027)
",-9999999.000,-9999999.000,0.000,0.000,1.000,0,0,0,26,26,0,0,26,0.0,0.0,0.0,0.0,0.0,1.0,-1
"F[1,2](Glucose >= 25.886 -> Hgb >= 0.315)
",-9999999.000,-9999999.000,0.000,0.000,1.000,0,0,0,26,26,0,0,26,0.0,0.0,0.0,0.0,0.0,1.0,-1
"F[0,2](((Bilirubin_total <= 0.677 -> EtCO2 >= 9.483) | SBP >= 8.462) | EtCO2 <= 20.479)
",-9999999.000,-9999999.000,0.000,0.000,1.000,0,0,0,26,26,0,0,26,0.0,0.0,0.0,0.0,0.0,1.0,-1
"F[1,2](((Glucose >= 35.884 -> MAP <= 88.639) | WBC >= 29.614) | SepsisLabel >= 27.890)
",-9999999.000,-9999999.000,0.000,0.000,1.000,0,0,0,26,26,0,0,26,0.0,0.0,0.0,0.0,0.0,1.0,-1
"F[1,2](((EtCO2 >= 0.657 & WBC <= 10.768) & AST >= 0.061) | Platelets >= 0.593)
",-9999999.000,-9999999.000,0.000,0.000,1.000,0,0,0,26,26,0,0,26,0.0,0.0,0.0,0.0,0.0,1.0,-1
"F[0,2]((Chloride >= 1.297 | Temp >= 10.329) -> Chloride >= 6.710)
",-9999999.000,-9999999.000,0.000,0.000,1.000,0,0,0,26,26,0,0,26,0.0,0.0,0.0,0.0,0.0,1.0,-1
"((Temp <= 29.703) U[2,2] (TroponinI <= 0.285))
",29.703,29.703,0.000,0.000,1.000,0,0,0,26,26,0,0,26,0.0,0.0,0.0,0.0,0.0,1.0,-1
"F[1,2](((EtCO2 <= 20.179 & O2Sat >= 83.602) -> Magnesium <= 99.665) -> HCO3 <= 95.835)
",-9999999.000,-9999999.000,0.000,0.000,1.000,0,0,0,26,26,0,0,26,0.0,0.0,0.0,0.0,0.0,1.0,-1
"F[2,2](((Alkalinephos <= 25.471 | Temp <= 29.188) & DBP >= 8.194) & Chloride >= 9.795)
",-9.795,-9.795,0.000,0.000,1.000,0,0,0,26,26,0,0,26,0.0,0.0,0.0,0.0,0.0,1.0,-1
"F[0,0]((Bilirubin_total >= 0.000 -> Temp >= 3.536) | Lactate <= 20.438)
",-0.206,-10.103,0.000,0.000,1.000,0,0,0,26,26,0,0,26,0.0,0.0,0.0,0.0,0.0,1.0,-1
"F[1,2](Glucose <= 125.864 | O2Sat >= 61.615)
",-9999999.000,-9999999.000,0.000,0.000,1.000,0,0,0,26,26,0,0,26,0.0,0.0,0.0,0.0,0.0,1.0,-1
"F[0,2]((AST <= 19.018 | Temp <= 28.158) & pH >= 13.775)
",-9999999.000,-9999999.000,0.000,0.000,1.000,0,0,0,26,26,0,0,26,0.0,0.0,0.0,0.0,0.0,1.0,-1
"F[1,2](((Alkalinephos <= 27.622 -> Creatinine >= 0.026) | AST <= 0.563) -> Hgb >= 0.038)
",-9999999.000,-9999999.000,0.000,0.000,1.000,0,0,0,26,26,0,0,26,0.0,0.0,0.0,0.0,0.0,1.0,-1
"F[2,2](pH >= 0.114 -> Potassium >= 0.447)
",8229990464212641.000,0.114,0.000,0.000,1.000,0,0,0,26,26,0,0,26,0.0,0.0,0.0,0.0,0.0,1.0,-1
"F[1,2](((Hct <= 19.069 -> Potassium <= 1.428) | Potassium <= 1.301) -> Magnesium >= 0.233)
",-9999999.000,-9999999.000,0.000,0.000,1.000,0,0,0,26,26,0,0,26,0.0,0.0,0.0,0.0,0.0,1.0,-1
"F[1,2](Hgb <= 6.293 | Potassium >= 0.098)
",-9999999.000,-9999999.000,0.000,0.000,1.000,0,0,0,26,26,0,0,26,0.0,0.0,0.0,0.0,0.0,1.0,-1
"((Creatinine >= 0.025) U[0,1] (Phosphate <= 0.239))
",-9999999.000,-9999999.000,0.000,0.000,1.000,0,0,0,26,26,0,0,26,0.0,0.0,0.0,0.0,0.0,1.0,-1
"F[1,2](Magnesium <= 1.131 -> Phosphate >= 0.053)
",-9999999.000,-9999999.000,0.000,0.000,1.000,0,0,0,26,26,0,0,26,0.0,0.0,0.0,0.0,0.0,1.0,-1
"F[1,2]((Calcium <= 4.673 -> Phosphate <= 0.751) -> Resp <= 2.598)
",-9999999.000,-9999999.000,0.000,0.000,1.000,0,0,0,26,26,0,0,26,0.0,0.0,0.0,0.0,0.0,1.0,-1
"F[0,2](((DBP >= 21.952 -> HR <= 90.851) | Calcium <= 90.560) | Resp <= 133.549)
",-9999999.000,-9999999.000,0.000,0.000,1.000,0,0,0,26,26,0,0,26,0.0,0.0,0.0,0.0,0.0,1.0,-1
"F[0,1]((Alkalinephos <= 12.589 & Calcium <= 3.488) | Magnesium <= 6.405)
",-9999999.000,-9999999.000,0.000,0.000,1.000,0,0,0,26,26,0,0,26,0.0,0.0,0.0,0.0,0.0,1.0,-1
"F[0,1](((Hct >= 0.573 -> Phosphate <= 0.355) & HR <= 0.337) -> BUN >= 0.028)
",-9999999.000,-9999999.000,0.000,0.000,1.000,0,0,0,26,26,0,0,26,0.0,0.0,0.0,0.0,0.0,1.0,-1
"F[2,2](((Bilirubin_total <= 0.653 -> WBC <= 2.083) & Temp >= 0.680) | Chloride <= 1.621)
",1.621,1.621,0.000,0.000,1.000,0,0,0,26,26,0,0,26,0.0,0.0,0.0,0.0,0.0,1.0,-1
"F[1,2]((Alkalinephos >= 0.540 & Hct <= 15.375) & TroponinI >= 0.137)
",-9999999.000,-9999999.000,0.000,0.000,1.000,0,0,0,26,26,0,0,26,0.0,0.0,0.0,0.0,0.0,1.0,-1
"F[1,2]((AST >= 0.063 -> Hgb >= 0.454) & DBP >= 0.057)
",-9999999.000,-9999999.000,0.000,0.000,1.000,0,0,0,26,26,0,0,26,0.0,0.0,0.0,0.0,0.0,1.0,-1
"F[1,2]((Calcium <= 2.866 & Potassium <= 2.990) & Magnesium >= 0.201)
",-9999999.000,-9999999.000,0.000,0.000,1.000,0,0,0,26,26,0,0,26,0.0,0.0,0.0,0.0,0.0,1.0,-1
"F[0,1](((MAP <= 86.575 & Platelets >= 3.140) | Temp <= 124.522) & Resp >= 8.695)
",-9999999.000,-9999999.000,0.000,0.000,1.000,0,0,0,26,26,0,0,26,0.0,0.0,0.0,0.0,0.0,1.0,-1
"F[2,2](((HR >= 25.852 -> Platelets >= 13.239) & Hct >= 9.727) -> SepsisLabel >= 10.036)
",9.727,9.727,0.000,0.000,1.000,0,0,0,26,26,0,0,26,0.0,0.0,0.0,0.0,0.0,1.0,-1
"F[0,1]((Phosphate >= 0.050 & Magnesium > 0.136) -> Calcium < 1.643)
",-9999999.000,-9999999.000,0.000,0.000,1.000,0,0,0,26,26,0,0,26,0.0,0.0,0.0,0.0,0.0,1.0,-1
"F[2,2](Hgb <= 2.349 | Hct <= 14.641)
",8241984535390775.000,14.641,0.000,0.000,1.000,0,0,0,26,26,0,0,26,0.0,0.0,0.0,0.0,0.0,1.0,-1
"F[1,2]((Calcium <= 4.820 & Potassium <= 3.042) & Magnesium >= 0.084)
",-9999999.000,-9999999.000,0.000,0.000,1.000,0,0,0,26,26,0,0,26,0.0,0.0,0.0,0.0,0.0,1.0,-1
"F[1,2](((Calcium < 2.145 & Potassium < 3.966) & Magnesium < 1.834) & Phosphate < 2.121)
",-9999999.000,-9999999.000,0.000,0.000,1.000,0,0,0,26,26,0,0,26,0.0,0.0,0.0,0.0,0.0,1.0,-1
"F[2,2]((Phosphate >= 0.014 & Magnesium > 0.101) -> Calcium < 1.086)
",-1.086,-1.086,0.000,0.000,1.000,0,0,0,26,26,0,0,26,0.0,0.0,0.0,0.0,0.0,1.0,-1
"F[1,2](((Calcium < 7.826 & Potassium < 0.878) & Magnesium < 2.391) & Phosphate < 2.200)
",-9999999.000,-9999999.000,0.000,0.000,1.000,0,0,0,26,26,0,0,26,0.0,0.0,0.0,0.0,0.0,1.0,-1
"F[1,1](((Calcium <= 1.994 | Platelets <= 83.502) -> DBP >= 1.667) | Resp <= 232.464)
",8179116819648970.000,232.464,0.000,0.000,1.000,0,0,0,26,26,0,0,26,0.0,0.0,0.0,0.0,0.0,1.0,-1
"F[1,2](Creatinine > 0.013 -> SepsisLabel = 0.000)
",-9999999.000,-9999999.000,0.000,0.000,1.000,0,0,0,26,26,0,0,26,0.0,0.0,0.0,0.0,0.0,1.0,-1
"F[0,1](PTT > 0.000 -> SepsisLabel = 0.000)
",-9999999.000,-9999999.000,0.000,0.000,1.000,0,0,0,26,26,0,0,26,0.0,0.0,0.0,0.0,0.0,1.0,-1
"F[1,2](((AST >= 0.319 -> Bilirubin_total >= 0.003) -> BaseExcess >= 0.010) | SBP <= 0.526)
",-9999999.000,-9999999.000,0.000,0.000,1.000,0,0,0,26,26,0,0,26,0.0,0.0,0.0,0.0,0.0,1.0,-1
"((Chloride <= 56.728) U[0,1] (PaCO2 <= 6.476))
",-9999999.000,-9999999.000,0.000,0.000,1.000,0,0,0,26,26,0,0,26,0.0,0.0,0.0,0.0,0.0,1.0,-1
"F[2,2]((PaCO2 >= 0.252 | TroponinI >= 0.003) | Hgb <= 0.773)
",6958118927125517.000,0.773,0.000,0.000,1.000,0,0,0,26,26,0,0,26,0.0,0.0,0.0,0.0,0.0,1.0,-1
"F[1,2](((Chloride <= 63.928 & FiO2 >= 0.001) | O2Sat <= 0.260) -> BaseExcess >= 0.002)
",-9999999.000,-9999999.000,0.000,0.000,1.000,0,0,0,26,26,0,0,26,0.0,0.0,0.0,0.0,0.0,1.0,-1
"((FiO2 <= 0.208) U[0,0] (PaCO2 <= 13.857))
",13.857,13.857,0.000,0.000,1.000,0,0,0,26,26,0,0,26,0.0,0.0,0.0,0.0,0.0,1.0,-1
"F[1,2](((Hct >= 0.738 & Hgb >= 0.137) -> Lactate >= 0.029) | Alkalinephos <= 2.431)
",-9999999.000,-9999999.000,0.000,0.000,1.000,0,0,0,26,26,0,0,26,0.0,0.0,0.0,0.0,0.0,1.0,-1
"((PaCO2 >= 0.635) U[0,1] (pH <= 3.524))
",-9999999.000,-9999999.000,0.000,0.000,1.000,0,0,0,26,26,0,0,26,0.0,0.0,0.0,0.0,0.0,1.0,-1
"F[0,1](Creatinine <= 0.442 -> Magnesium <= 1.176)
",-9999999.000,-9999999.000,0.000,0.000,1.000,0,0,0,26,26,0,0,26,0.0,0.0,0.0,0.0,0.0,1.0,-1
"F[1,1]((MAP <= 81.843 & SBP <= 115.399) -> DBP >= 38.615)
",-81.843,-81.843,0.000,0.000,1.000,0,0,0,26,26,0,0,26,0.0,0.0,0.0,0.0,0.0,1.0,-1
"F[1,2]((O2Sat >= 20.725 & SBP <= 118.193) -> EtCO2 <= 113.953)
",-9999999.000,-9999999.000,0.000,0.000,1.000,0,0,0,26,26,0,0,26,0.0,0.0,0.0,0.0,0.0,1.0,-1
"F[0,2](Creatinine <= 0.274 -> Potassium >= 0.152)
",-9999999.000,-9999999.000,0.000,0.000,1.000,0,0,0,26,26,0,0,26,0.0,0.0,0.0,0.0,0.0,1.0,-1
"F[1,2](((Calcium <= 1.350 & Hgb <= 1.546) | HCO3 >= 0.265) & SBP >= 0.206)
",-9999999.000,-9999999.000,0.000,0.000,1.000,0,0,0,26,26,0,0,26,0.0,0.0,0.0,0.0,0.0,1.0,-1
"((Calcium <= 4.707) U[0,2] (Hct >= 1.390))
",-9999999.000,-9999999.000,0.000,0.000,1.000,0,0,0,26,26,0,0,26,0.0,0.0,0.0,0.0,0.0,1.0,-1
"F[0,2]((Hct >= 1.378 | Magnesium >= 0.180) -> Platelets <= 1.200)
",-9999999.000,-9999999.000,0.000,0.000,1.000,0,0,0,26,26,0,0,26,0.0,0.0,0.0,0.0,0.0,1.0,-1
"F[2,2](Calcium <= 3.292 | Magnesium <= 1.855)
",3.292,3.292,0.000,0.000,1.000,0,0,0,26,26,0,0,26,0.0,0.0,0.0,0.0,0.0,1.0,-1
"((SepsisLabel < 0.000) U[2,2] (SepsisLabel = 0.000))
",0.000,0.000,0.000,0.000,1.000,0,0,0,26,26,0,0,26,0.0,0.0,0.0,0.0,0.0,1.0,-1
"F[1,2](((Glucose <= 192.031 -> Glucose <= 108.053) & Hct >= 2.215) & Chloride <= 74.577)
",-9999999.000,-9999999.000,0.000,0.000,1.000,0,0,0,26,26,0,0,26,0.0,0.0,0.0,0.0,0.0,1.0,-1
"((Alkalinephos >= 0.248) U[0,2] (AST >= 0.345))
",-9999999.000,-9999999.000,0.000,0.000,1.000,0,0,0,26,26,0,0,26,0.0,0.0,0.0,0.0,0.0,1.0,-1
"((pH >= 0.116) U[0,0] (SepsisLabel = 0.000))
",-0.295,-0.009,0.000,0.000,1.000,0,0,0,26,26,0,0,26,0.0,0.0,0.0,0.0,0.0,1.0,-1
"F[0,1](Fibrinogen >= 0.000 -> SepsisLabel = 0.000)
",-9999999.000,-9999999.000,0.000,0.000,1.000,0,0,0,26,26,0,0,26,0.0,0.0,0.0,0.0,0.0,1.0,-1
"F[1,2](DBP >= 45.183 -> SepsisLabel = 0.000)
",-9999999.000,-9999999.000,0.000,0.000,1.000,0,0,0,26,26,0,0,26,0.0,0.0,0.0,0.0,0.0,1.0,-1
"((MAP >= 1.008) U[0,2] (SBP <= 119.774))
",-9999999.000,-9999999.000,0.000,0.000,1.000,0,0,0,26,26,0,0,26,0.0,0.0,0.0,0.0,0.0,1.0,-1
"F[2,2]((Calcium <= 7.867 & Potassium <= 2.662) & Magnesium >= 0.117)
",-0.117,-0.117,0.000,0.000,1.000,0,0,0,26,26,0,0,26,0.0,0.0,0.0,0.0,0.0,1.0,-1
"((Creatinine >= 0.056) U[0,2] (EtCO2 >= 2.069))
",-9999999.000,-9999999.000,0.000,0.000,1.000,0,0,0,26,26,0,0,26,0.0,0.0,0.0,0.0,0.0,1.0,-1
"F[0,1](Hgb <= 5.962 | Hct <= 21.387)
",-9999999.000,-9999999.000,0.000,0.000,1.000,0,0,0,26,26,0,0,26,0.0,0.0,0.0,0.0,0.0,1.0,-1
"((Hct <= 19.671) U[0,2] (HR <= 105.194))
",-9999999.000,-9999999.000,0.000,0.000,1.000,0,0,0,26,26,0,0,26,0.0,0.0,0.0,0.0,0.0,1.0,-1
"((Glucose >= 7.850) U[2,2] (PaCO2 <= 16.986))
",4781146332134740.000,16.986,0.000,0.000,1.000,0,0,0,26,26,0,0,26,0.0,0.0,0.0,0.0,0.0,1.0,-1
"F[0,0]((Chloride <= 67.277 | MAP >= 34.385) & Calcium <= 91.880)
",12.169,75.152,0.000,0.000,1.000,0,0,0,26,26,0,0,26,0.0,0.0,0.0,0.0,0.0,1.0,-1
"F[0,2](((BUN >= 1.232 -> Potassium <= 3.695) | Glucose >= 0.451) -> HCO3 >= 0.473)
",-9999999.000,-9999999.000,0.000,0.000,1.000,0,0,0,26,26,0,0,26,0.0,0.0,0.0,0.0,0.0,1.0,-1
"F[0,2](((Hgb >= 0.327 & Magnesium >= 0.120) -> AST <= 0.641) | Bilirubin_total >= 0.001)
",-9999999.000,-9999999.000,0.000,0.000,1.000,0,0,0,26,26,0,0,26,0.0,0.0,0.0,0.0,0.0,1.0,-1
"F[0,2]((Phosphate >= 0.046 & Magnesium > 0.175) -> Calcium < 7.162)
",-9999999.000,-9999999.000,0.000,0.000,1.000,0,0,0,26,26,0,0,26,0.0,0.0,0.0,0.0,0.0,1.0,-1
"F[0,1](Hgb <= 1.553 | Hct <= 16.291)
",-9999999.000,-9999999.000,0.000,0.000,1.000,0,0,0,26,26,0,0,26,0.0,0.0,0.0,0.0,0.0,1.0,-1
"F[0,2]((Calcium <= 3.405 & Potassium <= 2.544) & Magnesium >= 0.153)
",-9999999.000,-9999999.000,0.000,0.000,1.000,0,0,0,26,26,0,0,26,0.0,0.0,0.0,0.0,0.0,1.0,-1
"F[0,2](((Calcium < 1.573 & Potassium < 0.734) & Magnesium < 1.188) & Phosphate < 1.663)
",-9999999.000,-9999999.000,0.000,0.000,1.000,0,0,0,26,26,0,0,26,0.0,0.0,0.0,0.0,0.0,1.0,-1
"F[0,2]((Phosphate >= 0.065 & Magnesium > 0.016) -> Calcium < 7.676)
",-9999999.000,-9999999.000,0.000,0.000,1.000,0,0,0,26,26,0,0,26,0.0,0.0,0.0,0.0,0.0,1.0,-1
"F[0,2](Hgb <= 7.490 | Hct <= 4.582)
",-9999999.000,-9999999.000,0.000,0.000,1.000,0,0,0,26,26,0,0,26,0.0,0.0,0.0,0.0,0.0,1.0,-1
"F[0,1](((Calcium < 2.612 & Potassium < 1.707) & Magnesium < 1.693) & Phosphate < 1.170)
",-9999999.000,-9999999.000,0.000,0.000,1.000,0,0,0,26,26,0,0,26,0.0,0.0,0.0,0.0,0.0,1.0,-1
"F[1,2](((Calcium < 5.473 & Potassium < 1.563) & Magnesium < 2.134) & Phosphate < 1.474)
",-9999999.000,-9999999.000,0.000,0.000,1.000,0,0,0,26,26,0,0,26,0.0,0.0,0.0,0.0,0.0,1.0,-1
"F[0,1](Hgb <= 4.363 | Hct <= 16.122)
",-9999999.000,-9999999.000,0.000,0.000,1.000,0,0,0,26,26,0,0,26,0.0,0.0,0.0,0.0,0.0,1.0,-1
"F[1,2]((Phosphate >= 0.099 & Magnesium > 0.213) -> Calcium < 7.143)
",-9999999.000,-9999999.000,0.000,0.000,1.000,0,0,0,26,26,0,0,26,0.0,0.0,0.0,0.0,0.0,1.0,-1
"F[0,1](Hgb <= 6.959 | Hct <= 14.732)
",-9999999.000,-9999999.000,0.000,0.000,1.000,0,0,0,26,26,0,0,26,0.0,0.0,0.0,0.0,0.0,1.0,-1
"F[0,1]((Phosphate >= 0.152 & Magnesium > 0.072) -> Calcium < 2.840)
",-9999999.000,-9999999.000,0.000,0.000,1.000,0,0,0,26,26,0,0,26,0.0,0.0,0.0,0.0,0.0,1.0,-1
"((MAP >= 53.708) U[2,2] (SBP <= 119.693))
",8422615547919798.000,119.693,0.000,0.000,1.000,0,0,0,26,26,0,0,26,0.0,0.0,0.0,0.0,0.0,1.0,-1
"F[0,1](Phosphate < 0.592 & SepsisLabel = 0.000)
",-9999999.000,-9999999.000,0.000,0.000,1.000,0,0,0,26,26,0,0,26,0.0,0.0,0.0,0.0,0.0,1.0,-1
"F[1,2]((Phosphate >= 0.097 & Magnesium > 0.082) -> Calcium < 5.052)
",-9999999.000,-9999999.000,0.000,0.000,1.000,0,0,0,26,26,0,0,26,0.0,0.0,0.0,0.0,0.0,1.0,-1
"F[0,2](Alkalinephos <= 6.016 -> SepsisLabel = 0.000)
",-9999999.000,-9999999.000,0.000,0.000,1.000,0,0,0,26,26,0,0,26,0.0,0.0,0.0,0.0,0.0,1.0,-1
"F[0,2]((Calcium <= 4.720 & Potassium <= 0.966) & Magnesium >= 0.164)
",-9999999.000,-9999999.000,0.000,0.000,1.000,0,0,0,26,26,0,0,26,0.0,0.0,0.0,0.0,0.0,1.0,-1
"((MAP >= 17.717) U[0,2] (SBP <= 121.373))
",-9999999.000,-9999999.000,0.000,0.000,1.000,0,0,0,26,26,0,0,26,0.0,0.0,0.0,0.0,0.0,1.0,-1
"F[0,1](((Calcium < 2.805 & Potassium < 0.596) & Magnesium < 2.173) & Phosphate < 2.468)
",-9999999.000,-9999999.000,0.000,0.000,1.000,0,0,0,26,26,0,0,26,0.0,0.0,0.0,0.0,0.0,1.0,-1
"((MAP >= 38.640) U[2,2] (SBP <= 125.523))
",125.523,125.523,0.000,0.000,1.000,0,0,0,26,26,0,0,26,0.0,0.0,0.0,0.0,0.0,1.0,-1
"F[0,1](Hgb <= 4.623 | Hct <= 17.959)
",-9999999.000,-9999999.000,0.000,0.000,1.000,0,0,0,26,26,0,0,26,0.0,0.0,0.0,0.0,0.0,1.0,-1
"F[2,2](((Calcium < 4.128 & Potassium < 1.417) & Magnesium < 1.837) & Phosphate < 1.441)
",6380286850782898.000,1.417,0.000,0.000,1.000,0,0,0,26,26,0,0,26,0.0,0.0,0.0,0.0,0.0,1.0,-1
"F[0,2]((Phosphate >= 0.118 & Magnesium > 0.155) -> Calcium < 7.335)
",-9999999.000,-9999999.000,0.000,0.000,1.000,0,0,0,26,26,0,0,26,0.0,0.0,0.0,0.0,0.0,1.0,-1
"F[1,2](Hgb <= 1.889 | Hct <= 7.668)
",-9999999.000,-9999999.000,0.000,0.000,1.000,0,0,0,26,26,0,0,26,0.0,0.0,0.0,0.0,0.0,1.0,-1
"F[0,1](((Potassium >= 0.374 -> SBP <= 109.482) -> BaseExcess <= 112.806) | Bilirubin_direct <= 115.668)
",-9999999.000,-9999999.000,0.000,0.000,1.000,0,0,0,26,26,0,0,26,0.0,0.0,0.0,0.0,0.0,1.0,-1
"((Magnesium >= 0.006) U[0,2] (pH >= 0.092))
",-9999999.000,-9999999.000,0.000,0.000,1.000,0,0,0,26,26,0,0,26,0.0,0.0,0.0,0.0,0.0,1.0,-1
"F[0,2]((FiO2 <= 0.017 -> O2Sat >= 61.716) -> Hgb >= 45.692)
",-9999999.000,-9999999.000,0.000,0.000,1.000,0,0,0,26,26,0,0,26,0.0,0.0,0.0,0.0,0.0,1.0,-1
"G[1,2](Platelets <= 214.629 -> WBC >= 0.329)
",9999999.000,9999999.000,0.000,1.000,0.000,0,0,3,23,23,3,3,23,0.0,0.0,1.0,0.0,0.0,1.0,1
"G[1,2]((Hgb >= 0.076 | Platelets >= 0.962) -> MAP <= 182.028)
",9999999.000,9999999.000,0.000,1.000,0.000,0,0,26,0,0,26,26,0,0.0,0.0,1.0,0.0,0.0,1.0,1
"G[2,2](DBP >= 18.501 & MAP <= 86.250)
",-18.501,-18.501,0.000,1.000,0.000,0,0,26,0,0,26,26,0,0.0,0.0,1.0,0.0,0.0,1.0,1
"G[1,2](Calcium >= 0.634 | Creatinine <= 0.439)
",9999999.000,9999999.000,0.000,1.000,0.000,0,0,26,0,0,26,26,0,0.0,0.0,1.0,0.0,0.0,1.0,1
"G[1,2](BUN <= 3.453 & Creatinine >= 0.017)
",9999999.000,9999999.000,0.000,1.000,0.000,0,0,1,25,25,1,1,25,0.0,0.0,1.0,0.0,0.0,1.0,1
"G[1,2](((Hgb <= 7.799 | Hct <= 15.774) -> WBC >= 0.676) & Platelets >= 15.503)
",9999999.000,9999999.000,0.000,1.000,0.000,0,0,3,23,23,3,3,23,0.0,0.0,1.0,0.0,0.0,1.0,1
"G[1,2](Chloride >= 1.654 & HCO3 >= 0.000)
",9999999.000,9999999.000,0.000,1.000,0.000,0,0,2,24,24,2,2,24,0.0,0.0,1.0,0.0,0.0,1.0,1
"G[1,2](BUN <= 6.806 & Creatinine >= 0.056)
",9999999.000,9999999.000,0.000,1.000,0.000,0,0,1,25,25,1,1,25,0.0,0.0,1.0,0.0,0.0,1.0,1
"G[0,2](((Hgb <= 4.984 | Hct <= 9.907) -> WBC >= 0.534) & Platelets >= 2.877)
",9999999.000,9999999.000,0.000,1.000,0.000,0,0,0,26,26,0,0,26,0.0,0.0,0.0,0.0,0.0,1.0,1
"G[0,1](Chloride >= 1.856 & HCO3 >= 0.000)
",9999999.000,9999999.000,0.000,1.000,0.000,0,0,0,26,26,0,0,26,0.0,0.0,0.0,0.0,0.0,1.0,1
"G[0,2](BUN <= 10.811 & Creatinine >= 0.028)
",9999999.000,9999999.000,0.000,1.000,0.000,0,0,0,26,26,0,0,26,0.0,0.0,0.0,0.0,0.0,1.0,1
"G[0,1](((Hgb <= 3.440 | Hct <= 6.931) -> WBC >= 0.510) & Platelets >= 13.987)
",9999999.000,9999999.000,0.000,1.000,0.000,0,0,0,26,26,0,0,26,0.0,0.0,0.0,0.0,0.0,1.0,1
"G[0,1](Chloride >= 1.712 & HCO3 >= 0.000)
",9999999.000,9999999.000,0.000,1.000,0.000,0,0,0,26,26,0,0,26,0.0,0.0,0.0,0.0,0.0,1.0,1
"G[2,2](Platelets <= 201.414 -> WBC >= 0.191)
",-201.414,-201.414,0.000,1.000,0.000,0,0,26,0,0,26,26,0,0.0,0.0,1.0,0.0,0.0,1.0,1
"G[2,2](BUN <= 10.496 & Creatinine >= 0.018)
",-0.018,-0.018,0.000,1.000,0.000,0,0,26,0,0,26,26,0,0.0,0.0,1.0,0.0,0.0,1.0,1
"G[0,1](((Hgb <= 2.837 | Hct <= 9.062) -> WBC >= 0.020) & Platelets >= 0.897)
",9999999.000,9999999.000,0.000,1.000,0.000,0,0,0,26,26,0,0,26,0.0,0.0,0.0,0.0,0.0,1.0,1
"G[1,2](Platelets <= 59.248 -> WBC >= 0.618)
",9999999.000,9999999.000,0.000,1.000,0.000,0,0,3,23,23,3,3,23,0.0,0.0,1.0,0.0,0.0,1.0,1
"G[1,2](Chloride >= 0.999 & HCO3 >= 0.000)
",9999999.000,9999999.000,0.000,1.000,0.000,0,0,2,24,24,2,2,24,0.0,0.0,1.0,0.0,0.0,1.0,1
"G[2,2](BUN <= 14.244 & Creatinine >= 0.057)
",-0.057,-0.057,0.000,1.000,0.000,0,0,26,0,0,26,26,0,0.0,0.0,1.0,0.0,0.0,1.0,1
"G[1,2](((Hgb <= 3.465 | Hct <= 22.248) -> WBC >= 0.673) & Platelets >= 12.881)
",9999999.000,9999999.000,0.000,1.000,0.000,0,0,3,23,23,3,3,23,0.0,0.0,1.0,0.0,0.0,1.0,1
"G[0,2](Platelets <= 169.409 -> WBC >= 0.279)
",9999999.000,9999999.000,0.000,1.000,0.000,0,0,0,26,26,0,0,26,0.0,0.0,0.0,0.0,0.0,1.0,1
"G[0,2](Chloride >= 1.493 & HCO3 >= 0.000)
",9999999.000,9999999.000,0.000,1.000,0.000,0,0,0,26,26,0,0,26,0.0,0.0,0.0,0.0,0.0,1.0,1
"G[0,2](BUN <= 14.161 & Creatinine >= 0.022)
",9999999.000,9999999.000,0.000,1.000,0.000,0,0,0,26,26,0,0,26,0.0,0.0,0.0,0.0,0.0,1.0,1
"G[0,2](((Hgb <= 6.271 | Hct <= 14.294) -> WBC >= 0.663) & Platelets >= 10.210)
",9999999.000,9999999.000,0.000,1.000,0.000,0,0,0,26,26,0,0,26,0.0,0.0,0.0,0.0,0.0,1.0,1
"G[0,1](Platelets <= 38.037 -> WBC >= 0.627)
",9999999.000,9999999.000,0.000,1.000,0.000,0,0,0,26,26,0,0,26,0.0,0.0,0.0,0.0,0.0,1.0,1
"G[2,2](((DBP <= 72.537 | EtCO2 >= 4.557) -> BaseExcess >= 5.867) -> WBC >= 0.398)
",7163341759733005.000,0.398,0.000,1.000,0.000,0,0,26,0,0,26,26,0,0.0,0.0,1.0,0.0,0.0,1.0,1
"G[0,0](AST >= 0.193 & EtCO2 >= 7.950)
",-0.504,-1.434,0.000,1.000,0.000,0,0,0,26,26,0,0,26,0.0,0.0,0.0,0.0,0.0,1.0,1
"G[0,2]((EtCO2 >= 8.800 | pH <= 4.791) -> Bilirubin_direct >= 0.081)
",9999999.000,9999999.000,0.000,1.000,0.000,0,0,0,26,26,0,0,26,0.0,0.0,0.0,0.0,0.0,1.0,1
"G[2,2](((EtCO2 <= 20.968 | PaCO2 >= 0.278) | BaseExcess >= 0.326) -> Hct >= 0.577)
",-20.968,-20.968,0.000,1.000,0.000,0,0,26,0,0,26,26,0,0.0,0.0,1.0,0.0,0.0,1.0,1
"G[1,2](((Glucose >= 5.837 | Phosphate >= 0.112) & pH >= 0.070) -> Potassium <= 2.357)
",9999999.000,9999999.000,0.000,1.000,0.000,0,0,25,1,1,25,25,1,0.0,0.0,1.0,0.0,0.0,1.0,1
"G[0,2]((BUN >= 0.984 -> O2Sat <= 96.122) -> PTT <= 97.717)
",9999999.000,9999999.000,0.000,1.000,0.000,0,0,26,0,0,26,26,0,0.0,0.0,1.0,0.0,0.0,1.0,1
"G[1,2]((DBP <= 79.202 | pH >= 0.125) | PTT <= 2.300)
",9999999.000,9999999.000,0.000,1.000,0.000,0,0,26,0,0,26,26,0,0.0,0.0,1.0,0.0,0.0,1.0,1
"G[2,2](((Glucose <= 193.808 | Temp <= 18.735) | Lactate >= 13.878) & Hct >= 8.688)
",-4890700034488756.000,-8.688,0.000,1.000,0.000,0,0,26,0,0,26,26,0,0.0,0.0,1.0,0.0,0.0,1.0,1
"G[2,2](O2Sat >= 85.529 | Platelets <= 38.931)
",38.931,38.931,0.000,1.000,0.000,0,0,26,0,0,26,26,0,0.0,0.0,1.0,0.0,0.0,1.0,1
"G[0,2]((BUN <= 9.228 | DBP <= 79.769) -> Calcium <= 70.624)
",9999999.000,9999999.000,0.000,1.000,0.000,0,0,26,0,0,26,26,0,0.0,0.0,1.0,0.0,0.0,1.0,1
"G[2,2]((Calcium >= 0.043 -> O2Sat >= 46.627) -> BUN >= 13.270)
",-0.043,-0.043,0.000,1.000,0.000,0,0,26,0,0,26,26,0,0.0,0.0,1.0,0.0,0.0,1.0,1
"G[0,2](DBP <= 78.077 | Hgb <= 2.996)
",9999999.000,9999999.000,0.000,1.000,0.000,0,0,26,0,0,26,26,0,0.0,0.0,1.0,0.0,0.0,1.0,1
"G[0,1]((DBP >= 34.061 -> Hct <= 22.990) & HR <= 15.376)
",9999999.000,9999999.000,0.000,1.000,0.000,0,0,0,26,26,0,0,26,0.0,0.0,0.0,0.0,0.0,1.0,1
"G[1,2]((HR >= 68.403 | Lactate <= 0.373) & TroponinI <= 0.959)
",9999999.000,9999999.000,0.000,1.000,0.000,0,0,25,1,1,25,25,1,0.0,0.0,1.0,0.0,0.0,1.0,1
"G[0,2](((DBP <= 78.295 | WBC >= 0.457) | EtCO2 <= 4.412) | Fibrinogen <= 5.312)
",9999999.000,9999999.000,0.000,1.000,0.000,0,0,26,0,0,26,26,0,0.0,0.0,1.0,0.0,0.0,1.0,1
"G[0,2]((Hct >= 0.284 & MAP >= 37.041) | TroponinI >= 25.873)
",9999999.000,9999999.000,0.000,1.000,0.000,0,0,0,26,26,0,0,26,0.0,0.0,0.0,0.0,0.0,1.0,1
"G[0,2](Platelets >= 0.061 | Temp <= 30.862)
",9999999.000,9999999.000,0.000,1.000,0.000,0,0,12,14,14,12,12,14,0.0,0.0,1.0,0.0,0.0,1.0,1
"G[0,2]((Hgb >= 0.411 | HR >= 50.562) | Platelets <= 87.527)
",9999999.000,9999999.000,0.000,1.000,0.000,0,0,26,0,0,26,26,0,0.0,0.0,1.0,0.0,0.0,1.0,1
"G[1,2]((O2Sat <= 96.062 -> Potassium <= 1.018) & Potassium <= 3.514)
",9999999.000,9999999.000,0.000,1.000,0.000,0,0,23,3,3,23,23,3,0.0,0.0,1.0,0.0,0.0,1.0,1
"G[1,2](((Creatinine <= 0.330 -> DBP >= 56.672) -> Creatinine <= 67.555) -> Lactate >= 36.922)
",9999999.000,9999999.000,0.000,1.000,0.000,0,0,1,25,25,1,1,25,0.0,0.0,1.0,0.0,0.0,1.0,1
"G[0,2](Platelets <= 209.418 -> WBC >= 0.646)
",9999999.000,9999999.000,0.000,1.000,0.000,0,0,0,26,26,0,0,26,0.0,0.0,0.0,0.0,0.0,1.0,1
"G[0,2]((Potassium >= 0.400 -> Resp <= 24.246) -> Chloride >= 10.338)
",9999999.000,9999999.000,0.000,1.000,0.000,0,0,0,26,26,0,0,26,0.0,0.0,0.0,0.0,0.0,1.0,1
"G[0,2](Calcium <= 7.891 | Resp <= 24.560)
",9999999.000,9999999.000,0.000,1.000,0.000,0,0,25,1,1,25,25,1,0.0,0.0,1.0,0.0,0.0,1.0,1
"G[2,2](((BUN >= 1.066 & Resp >= 9.801) & Hct <= 20.575) | PTT >= 16.673)
",-9.801,-9.801,0.000,1.000,0.000,0,0,26,0,0,26,26,0,0.0,0.0,1.0,0.0,0.0,1.0,1
"G[1,2](EtCO2 >= 1.396 -> Hct >= 1.023)
",9999999.000,9999999.000,0.000,1.000,0.000,0,0,20,6,6,20,20,6,0.0,0.0,1.0,0.0,0.0,1.0,1
"G[0,2]((HR <= 89.217 & Temp <= 23.626) | EtCO2 >= 0.415)
",9999999.000,9999999.000,0.000,1.000,0.000,0,0,15,11,11,15,15,11,0.0,0.0,1.0,0.0,0.0,1.0,1
"G[1,2]((EtCO2 >= 3.522 & Platelets <= 142.850) -> Chloride >= 2.075)
",9999999.000,9999999.000,0.000,1.000,0.000,0,0,21,5,5,21,21,5,0.0,0.0,1.0,0.0,0.0,1.0,1
"G[0,2](((Hgb <= 2.405 | Hct <= 23.551) -> WBC >= 0.205) & Platelets >= 1.121)
",9999999.000,9999999.000,0.000,1.000,0.000,0,0,0,26,26,0,0,26,0.0,0.0,0.0,0.0,0.0,1.0,1
"G[1,2](BUN <= 9.545 & Creatinine >= 0.001)
",9999999.000,9999999.000,0.000,1.000,0.000,0,0,3,23,23,3,3,23,0.0,0.0,1.0,0.0,0.0,1.0,1
"F[0,2](BUN >= 1.173 -> Chloride >= 0.057)
",-9999999.000,-9999999.000,0.000,0.000,1.000,0,0,0,26,26,0,0,26,0.0,0.0,0.0,0.0,0.0,1.0,-1
"G[0,2](Creatinine <= 0.314 -> Hgb >= 0.351)
",9999999.000,9999999.000,0.000,1.000,0.000,0,0,0,26,26,0,0,26,0.0,0.0,0.0,0.0,0.0,1.0,1
"G[2,2](BUN <= 13.770 & Creatinine >= 0.049)
",-0.049,-0.049,0.000,1.000,0.000,0,0,26,0,0,26,26,0,0.0,0.0,1.0,0.0,0.0,1.0,1
"G[0,2](((Hgb <= 4.575 | Hct <= 7.287) -> WBC >= 0.004) & Platelets >= 13.477)
",9999999.000,9999999.000,0.000,1.000,0.000,0,0,0,26,26,0,0,26,0.0,0.0,0.0,0.0,0.0,1.0,1
"G[1,2](Platelets <= 128.570 -> WBC >= 0.665)
",9999999.000,9999999.000,0.000,1.000,0.000,0,0,3,23,23,3,3,23,0.0,0.0,1.0,0.0,0.0,1.0,1
"G[1,2](SBP >= 35.906 & SepsisLabel = 0.000)
",9999999.000,9999999.000,0.000,1.000,0.000,0,0,26,0,0,26,26,0,0.0,0.0,1.0,0.0,0.0,1.0,1
"G[1,2]((Bilirubin_total >= 0.014 & SBP >= 10.186) | HCO3 <= 119.140)
",9999999.000,9999999.000,0.000,1.000,0.000,0,0,26,0,0,26,26,0,0.0,0.0,1.0,0.0,0.0,1.0,1
"G[2,2]((Glucose >= 37.058 | Lactate <= 0.442) -> MAP >= 0.020)
",-7969573610901469.000,-0.442,0.000,1.000,0.000,0,0,26,0,0,26,26,0,0.0,0.0,1.0,0.0,0.0,1.0,1
"G[0,1]((Creatinine <= 0.430 -> Lactate >= 0.024) & Platelets >= 0.023)
",9999999.000,9999999.000,0.000,1.000,0.000,0,0,0,26,26,0,0,26,0.0,0.0,0.0,0.0,0.0,1.0,1
"G[1,2]((O2Sat >= 75.723 | O2Sat <= 99.388) | TroponinI >= 50.359)
",9999999.000,9999999.000,0.000,1.000,0.000,0,0,26,0,0,26,26,0,0.0,0.0,1.0,0.0,0.0,1.0,1
"G[0,1]((Creatinine <= 0.272 & AST <= 6.378) & Potassium >= 0.327)
",9999999.000,9999999.000,0.000,1.000,0.000,0,0,0,26,26,0,0,26,0.0,0.0,0.0,0.0,0.0,1.0,1
"G[0,2]((FiO2 >= 0.001 & Fibrinogen <= 0.000) -> Fibrinogen >= 0.000)
",9999999.000,9999999.000,0.000,1.000,0.000,0,0,26,0,0,26,26,0,0.0,0.0,1.0,0.0,0.0,1.0,1
"G[0,2](((PaCO2 <= 4.510 & Hct <= 1.885) & HCO3 >= 0.049) | DBP >= 0.818)
",9999999.000,9999999.000,0.000,1.000,0.000,0,0,24,2,2,24,24,2,0.0,0.0,1.0,0.0,0.0,1.0,1
"G[0,2]((HR <= 136.931 & Lactate <= 0.164) & Alkalinephos <= 0.741)
",9999999.000,9999999.000,0.000,1.000,0.000,0,0,22,4,4,22,22,4,0.0,0.0,1.0,0.0,0.0,1.0,1
"G[0,2](((Hgb <= 8.061 | Hct <= 11.071) -> WBC >= 0.146) & Platelets >= 12.008)
",9999999.000,9999999.000,0.000,1.000,0.000,0,0,0,26,26,0,0,26,0.0,0.0,0.0,0.0,0.0,1.0,1
"G[2,2](((Hgb <= 2.998 & Phosphate >= 0.003) -> SBP <= 1.922) -> HCO3 <= 2.026)
",-2.026,-2.026,0.000,1.000,0.000,0,0,26,0,0,26,26,0,0.0,0.0,1.0,0.0,0.0,1.0,1
"G[1,2](pH <= 2.746 & SaO2 >= 0.000)
",9999999.000,9999999.000,0.000,1.000,0.000,0,0,25,1,1,25,25,1,0.0,0.0,1.0,0.0,0.0,1.0,1
"G[2,2]((Creatinine >= 0.004 & HR <= 137.028) | Chloride >= 37.221)
",-0.004,-0.004,0.000,1.000,0.000,0,0,26,0,0,26,26,0,0.0,0.0,1.0,0.0,0.0,1.0,1
"G[0,2](((PaCO2 >= 0.227 | Fibrinogen <= 0.000) -> Resp <= 0.000) | Chloride <= 0.000)
",9999999.000,9999999.000,0.000,1.000,0.000,0,0,25,1,1,25,25,1,0.0,0.0,1.0,0.0,0.0,1.0,1
"G[1,1](Hgb >= 0.060 & Lactate >= 0.023)
",-8589802500759713.000,-0.060,0.000,1.000,0.000,0,0,1,25,25,1,1,25,0.0,0.0,1.0,0.0,0.0,1.0,1
"G[2,2]((PTT <= 0.000 | Fibrinogen >= 0.000) -> DBP <= 0.000)
",0.000,0.000,0.000,1.000,0.000,0,0,26,0,0,26,26,0,0.0,0.0,1.0,0.0,0.0,1.0,1
"G[0,2]((Chloride >= 1.987 & FiO2 >= 0.007) | Alkalinephos <= 0.240)
",9999999.000,9999999.000,0.000,1.000,0.000,0,0,25,1,1,25,25,1,0.0,0.0,1.0,0.0,0.0,1.0,1
"G[0,2](((BUN <= 15.818 | MAP >= 35.697) | SaO2 <= 86.163) & PTT >= 70.938)
",9999999.000,9999999.000,0.000,1.000,0.000,0,0,0,26,26,0,0,26,0.0,0.0,0.0,0.0,0.0,1.0,1
"G[0,2]((BaseExcess >= 0.000 | HR >= 60.657) & Creatinine <= 103.623)
",9999999.000,9999999.000,0.000,1.000,0.000,0,0,26,0,0,26,26,0,0.0,0.0,1.0,0.0,0.0,1.0,1
"G[1,2](((AST >= 0.072 | Resp <= 20.329) & WBC >= 10.692) & Lactate >= 7.380)
",9999999.000,9999999.000,0.000,1.000,0.000,0,0,1,25,25,1,1,25,0.0,0.0,1.0,0.0,0.0,1.0,1
"G[1,2]((pH <= 4.710 | Resp >= 2.629) & Magnesium >= 10.866)
",9999999.000,9999999.000,0.000,1.000,0.000,0,0,1,25,25,1,1,25,0.0,0.0,1.0,0.0,0.0,1.0,1
"G[2,2](BUN <= 8.433 & SepsisLabel = 0.000)
",0.000,0.000,0.000,1.000,0.000,0,0,26,0,0,26,26,0,0.0,0.0,1.0,0.0,0.0,1.0,1
"G[1,2](PTT <= 0.000 -> SepsisLabel = 0.000)
",9999999.000,9999999.000,0.000,1.000,0.000,0,0,26,0,0,26,26,0,0.0,0.0,1.0,0.0,0.0,1.0,1
"G[0,1](FiO2 > 0.005 & SepsisLabel = 0.000)
",9999999.000,9999999.000,0.000,1.000,0.000,0,0,0,26,26,0,0,26,0.0,0.0,0.0,0.0,0.0,1.0,1
"G[0,2](SepsisLabel < 0.000 & SepsisLabel = 0.000)
",9999999.000,9999999.000,0.000,1.000,0.000,0,0,0,26,26,0,0,26,0.0,0.0,0.0,0.0,0.0,1.0,1
"G[0,2](Chloride >= 0.296 & HCO3 >= 0.000)
",9999999.000,9999999.000,0.000,1.000,0.000,0,0,0,26,26,0,0,26,0.0,0.0,0.0,0.0,0.0,1.0,1
"G[1,2](((Hgb <= 5.077 | Hct <= 23.735) -> WBC >= 0.407) & Platelets >= 0.946)
",9999999.000,9999999.000,0.000,1.000,0.000,0,0,3,23,23,3,3,23,0.0,0.0,1.0,0.0,0.0,1.0,1
"G[0,2](BUN <= 2.650 & Creatinine >= 0.047)
",9999999.000,9999999.000,0.000,1.000,0.000,0,0,0,26,26,0,0,26,0.0,0.0,0.0,0.0,0.0,1.0,1
"G[0,0](Chloride >= 1.780 & HCO3 >= 0.000)
",-3.391,-1.638,0.000,1.000,0.000,0,0,0,26,26,0,0,26,0.0,0.0,0.0,0.0,0.0,1.0,1
"G[2,2](((pH <= 0.697 -> TroponinI <= 0.490) -> BUN <= 0.785) -> Calcium <= 1.129)
",-1.129,-1.129,0.000,1.000,0.000,0,0,26,0,0,26,26,0,0.0,0.0,1.0,0.0,0.0,1.0,1
"G[1,2]((Chloride <= 53.954 | Lactate <= 0.836) -> TroponinI >= 0.011)
",9999999.000,9999999.000,0.000,1.000,0.000,0,0,2,24,24,2,2,24,0.0,0.0,1.0,0.0,0.0,1.0,1
"G[2,2](((FiO2 >= 0.007 -> TroponinI <= 0.768) -> AST >= 0.015) | Creatinine <= 1.014)
",1.014,1.014,0.000,1.000,0.000,0,0,26,0,0,26,26,0,0.0,0.0,1.0,0.0,0.0,1.0,1
"G[0,1](((Chloride >= 0.985 -> pH <= 1.303) & Calcium <= 4.604) -> Calcium >= 0.092)
",9999999.000,9999999.000,0.000,1.000,0.000,0,0,0,26,26,0,0,26,0.0,0.0,0.0,0.0,0.0,1.0,1
"G[0,2]((Lactate <= 1.139 & pH >= 0.032) -> Creatinine <= 1.658)
",9999999.000,9999999.000,0.000,1.000,0.000,0,0,26,0,0,26,26,0,0.0,0.0,1.0,0.0,0.0,1.0,1
"G[0,2](pH < 2.778 & SepsisLabel = 0.000)
",9999999.000,9999999.000,0.000,1.000,0.000,0,0,25,1,1,25,25,1,0.0,0.0,1.0,0.0,0.0,1.0,1
"G[0,1](Fibrinogen > 0.000 & SepsisLabel = 0.000)
",9999999.000,9999999.000,0.000,1.000,0.000,0,0,0,26,26,0,0,26,0.0,0.0,0.0,0.0,0.0,1.0,1
"G[1,2](Hct < 8.016 -> SepsisLabel = 0.000)
",9999999.000,9999999.000,0.000,1.000,0.000,0,0,26,0,0,26,26,0,0.0,0.0,1.0,0.0,0.0,1.0,1
"G[0,2](pH <= 2.653 -> SepsisLabel = 0.000)
",9999999.000,9999999.000,0.000,1.000,0.000,0,0,26,0,0,26,26,0,0.0,0.0,1.0,0.0,0.0,1.0,1
"G[0,2](Glucose < 142.475 -> SepsisLabel = 0.000)
",9999999.000,9999999.000,0.000,1.000,0.000,0,0,26,0,0,26,26,0,0.0,0.0,1.0,0.0,0.0,1.0,1
"G[0,2](Platelets < 67.468 -> SepsisLabel = 0.000)
",9999999.000,9999999.000,0.000,1.000,0.000,0,0,26,0,0,26,26,0,0.0,0.0,1.0,0.0,0.0,1.0,1
"G[0,2](Lactate < 0.709 -> SepsisLabel = 0.000)
",9999999.000,9999999.000,0.000,1.000,0.000,0,0,26,0,0,26,26,0,0.0,0.0,1.0,0.0,0.0,1.0,1
"G[0,2](((Lactate <= 0.444 | MAP <= 82.194) | Fibrinogen <= 83.574) & pH >= 66.282)
",9999999.000,9999999.000,0.000,1.000,0.000,0,0,0,26,26,0,0,26,0.0,0.0,0.0,0.0,0.0,1.0,1
"G[0,2](FiO2 < 0.228 & SepsisLabel = 0.000)
",9999999.000,9999999.000,0.000,1.000,0.000,0,0,25,1,1,25,25,1,0.0,0.0,1.0,0.0,0.0,1.0,1
"G[1,2](SepsisLabel < 0.000 & SepsisLabel = 0.000)
",9999999.000,9999999.000,0.000,1.000,0.000,0,0,1,25,25,1,1,25,0.0,0.0,1.0,0.0,0.0,1.0,1
"G[1,2](Magnesium > 0.029 & SepsisLabel = 0.000)
",9999999.000,9999999.000,0.000,1.000,0.000,0,0,3,23,23,3,3,23,0.0,0.0,1.0,0.0,0.0,1.0,1
"G[0,1](Fibrinogen > 0.000 & SepsisLabel = 0.000)
",9999999.000,9999999.000,0.000,1.000,0.000,0,0,0,26,26,0,0,26,0.0,0.0,0.0,0.0,0.0,1.0,1
"G[0,2](Phosphate > 0.010 & SepsisLabel = 0.000)
",9999999.000,9999999.000,0.000,1.000,0.000,0,0,0,26,26,0,0,26,0.0,0.0,0.0,0.0,0.0,1.0,1
"G[1,2](Bilirubin_total >= 0.006 -> SepsisLabel = 0.000)
",9999999.000,9999999.000,0.000,1.000,0.000,0,0,26,0,0,26,26,0,0.0,0.0,1.0,0.0,0.0,1.0,1
"G[0,2]((SBP <= 105.015 -> Temp >= 0.305) | AST >= 14.612)
",9999999.000,9999999.000,0.000,1.000,0.000,0,0,14,12,12,14,14,12,0.0,0.0,1.0,0.0,0.0,1.0,1
"G[1,2](((MAP <= 89.476 -> O2Sat >= 15.255) -> Platelets >= 17.354) & Creatinine <= 99.988)
",9999999.000,9999999.000,0.000,1.000,0.000,0,0,3,23,23,3,3,23,0.0,0.0,1.0,0.0,0.0,1.0,1
"G[1,2](((Bilirubin_total <= 0.451 & BUN <= 1.269) & Bilirubin_total >= 0.317) -> Creatinine <= 4.008)
",9999999.000,9999999.000,0.000,1.000,0.000,0,0,26,0,0,26,26,0,0.0,0.0,1.0,0.0,0.0,1.0,1
"G[1,2](Chloride >= 0.427 | Hgb <= 2.888)
",9999999.000,9999999.000,0.000,1.000,0.000,0,0,24,2,2,24,24,2,0.0,0.0,1.0,0.0,0.0,1.0,1
"G[0,2]((Bilirubin_total >= 0.019 & HR <= 92.887) -> Hgb >= 8.528)
",9999999.000,9999999.000,0.000,1.000,0.000,0,0,25,1,1,25,25,1,0.0,0.0,1.0,0.0,0.0,1.0,1
"G[1,2]((Creatinine <= 0.185 & FiO2 <= 0.379) & O2Sat >= 0.005)
",9999999.000,9999999.000,0.000,1.000,0.000,0,0,23,3,3,23,23,3,0.0,0.0,1.0,0.0,0.0,1.0,1
"G[0,2]((Creatinine <= 0.248 & Temp <= 27.939) | Alkalinephos <= 19.848)
",9999999.000,9999999.000,0.000,1.000,0.000,0,0,25,1,1,25,25,1,0.0,0.0,1.0,0.0,0.0,1.0,1
"G[1,2](BUN <= 14.303 & PaCO2 <= 12.578)
",9999999.000,9999999.000,0.000,1.000,0.000,0,0,25,1,1,25,25,1,0.0,0.0,1.0,0.0,0.0,1.0,1
"G[2,2](((O2Sat <= 92.875 -> TroponinI >= 0.016) & Fibrinogen <= 0.363) & SBP >= 0.019)
",-92.875,-92.875,0.000,1.000,0.000,0,0,26,0,0,26,26,0,0.0,0.0,1.0,0.0,0.0,1.0,1
"G[2,2](((O2Sat >= 42.360 -> pH <= 3.683) & Calcium >= 0.108) | Bilirubin_direct >= 0.056)
",-0.056,-0.056,0.000,1.000,0.000,0,0,26,0,0,26,26,0,0.0,0.0,1.0,0.0,0.0,1.0,1
"G[0,2](((O2Sat >= 73.560 & PaCO2 <= 18.969) | Lactate <= 31.326) | O2Sat <= 29.773)
",9999999.000,9999999.000,0.000,1.000,0.000,0,0,26,0,0,26,26,0,0.0,0.0,1.0,0.0,0.0,1.0,1
"G[0,2](FiO2 <= 0.281 & SBP <= 124.951)
",9999999.000,9999999.000,0.000,1.000,0.000,0,0,23,3,3,23,23,3,0.0,0.0,1.0,0.0,0.0,1.0,1
"G[0,2](Resp <= 18.587 | WBC >= 0.439)
",9999999.000,9999999.000,0.000,1.000,0.000,0,0,11,15,15,11,11,15,0.0,0.0,1.0,0.0,0.0,1.0,1
"G[0,1](((PaCO2 <= 6.135 -> WBC >= 0.644) -> WBC <= 8.405) & Lactate >= 0.514)
",9999999.000,9999999.000,0.000,1.000,0.000,0,0,0,26,26,0,0,26,0.0,0.0,0.0,0.0,0.0,1.0,1
"G[2,2]((Platelets >= 15.035 -> Resp >= 8.133) & BaseExcess >= 15.908)
",-8955578326009597.000,-15.908,0.000,1.000,0.000,0,0,26,0,0,26,26,0,0.0,0.0,1.0,0.0,0.0,1.0,1
"G[0,2]((Hgb <= 2.485 | pH <= 7.173) & Glucose <= 5.929)
",9999999.000,9999999.000,0.000,1.000,0.000,0,0,5,21,21,5,5,21,0.0,0.0,1.0,0.0,0.0,1.0,1
"G[2,2](((Calcium >= 0.154 -> Potassium <= 2.575) & Phosphate <= 2.208) & Fibrinogen <= 3.485)
",-2.575,-2.575,0.000,1.000,0.000,0,0,26,0,0,26,26,0,0.0,0.0,1.0,0.0,0.0,1.0,1
"G[1,2](Hct <= 19.425 | PaCO2 <= 18.977)
",9999999.000,9999999.000,0.000,1.000,0.000,0,0,26,0,0,26,26,0,0.0,0.0,1.0,0.0,0.0,1.0,1
"G[0,2](((FiO2 >= 0.001 | Platelets >= 3.474) | FiO2 <= 80.268) | PaCO2 >= 9.529)
",9999999.000,9999999.000,0.000,1.000,0.000,0,0,26,0,0,26,26,0,0.0,0.0,1.0,0.0,0.0,1.0,1
"G[1,2](Chloride <= 74.536 & Platelets >= 9.260)
",9999999.000,9999999.000,0.000,1.000,0.000,0,0,3,23,23,3,3,23,0.0,0.0,1.0,0.0,0.0,1.0,1
"G[0,2]((Platelets <= 128.913 & TroponinI <= 0.367) -> Fibrinogen >= 0.004)
",9999999.000,9999999.000,0.000,1.000,0.000,0,0,0,26,26,0,0,26,0.0,0.0,0.0,0.0,0.0,1.0,1
"G[0,2](Lactate >= 0.020 | WBC >= 0.336)
",9999999.000,9999999.000,0.000,1.000,0.000,0,0,0,26,26,0,0,26,0.0,0.0,0.0,0.0,0.0,1.0,1
"G[2,2]((Alkalinephos <= 11.819 -> O2Sat >= 82.790) & PaCO2 >= 47.493)
",-47.493,-47.493,0.000,1.000,0.000,0,0,26,0,0,26,26,0,0.0,0.0,1.0,0.0,0.0,1.0,1
"G[1,2]((FiO2 <= 0.308 -> WBC <= 3.438) | AST >= 0.563)
",9999999.000,9999999.000,0.000,1.000,0.000,0,0,25,1,1,25,25,1,0.0,0.0,1.0,0.0,0.0,1.0,1
"G[0,0](Chloride >= 0.718 & HCO3 >= 0.000)
",-3.391,-0.661,0.000,1.000,0.000,0,0,0,26,26,0,0,26,0.0,0.0,0.0,0.0,0.0,1.0,1
"G[1,1]((Glucose >= 34.803 -> Hgb <= 3.516) & Alkalinephos >= 0.463)
",-7917194575127828.000,-3.516,0.000,1.000,0.000,0,0,1,25,25,1,1,25,0.0,0.0,1.0,0.0,0.0,1.0,1
"G[0,1](Alkalinephos <= 22.971 & TroponinI >= 0.022)
",9999999.000,9999999.000,0.000,1.000,0.000,0,0,0,26,26,0,0,26,0.0,0.0,0.0,0.0,0.0,1.0,1
"G[2,2](((FiO2 >= 0.002 -> Potassium >= 0.396) | pH >= 0.140) | Potassium >= 0.253)
",0.002,0.002,0.000,1.000,0.000,0,0,26,0,0,26,26,0,0.0,0.0,1.0,0.0,0.0,1.0,1
"G[0,2](HR <= 104.706 -> Magnesium <= 1.389)
",9999999.000,9999999.000,0.000,1.000,0.000,0,0,22,4,4,22,22,4,0.0,0.0,1.0,0.0,0.0,1.0,1
"((AST >= 0.272) U[0,2] (SBP >= 73.151))
",-9999999.000,-9999999.000,0.000,0.000,1.000,0,0,0,26,26,0,0,26,0.0,0.0,0.0,0.0,0.0,1.0,-1
"F[2,2]((pH >= 0.011 -> Phosphate <= 1.641) -> BaseExcess <= 0.524)
",-0.524,-0.524,0.000,0.000,1.000,0,0,0,26,26,0,0,26,0.0,0.0,0.0,0.0,0.0,1.0,-1
"((Hgb <= 3.718) U[0,2] (Resp >= 6.493))
",-9999999.000,-9999999.000,0.000,0.000,1.000,0,0,0,26,26,0,0,26,0.0,0.0,0.0,0.0,0.0,1.0,-1
"F[0,1](((Lactate <= 0.825 -> Platelets >= 10.312) -> SaO2 >= 12.039) & TroponinI <= 48.075)
",-9999999.000,-9999999.000,0.000,0.000,1.000,0,0,0,26,26,0,0,26,0.0,0.0,0.0,0.0,0.0,1.0,-1
"F[1,2](pH >= 0.116 & Platelets >= 2.100)
",-9999999.000,-9999999.000,0.000,0.000,1.000,0,0,0,26,26,0,0,26,0.0,0.0,0.0,0.0,0.0,1.0,-1
"F[1,2]((Hct <= 18.819 & TroponinI <= 0.766) & Hct <= 0.606)
",-9999999.000,-9999999.000,0.000,0.000,1.000,0,0,0,26,26,0,0,26,0.0,0.0,0.0,0.0,0.0,1.0,-1
"F[0,2](((Lactate >= 0.021 & O2Sat <= 98.702) & SepsisLabel >= 49.446) & Bilirubin_total <= 97.419)
",-9999999.000,-9999999.000,0.000,0.000,1.000,0,0,0,26,26,0,0,26,0.0,0.0,0.0,0.0,0.0,1.0,-1
"F[0,2](((Hct <= 22.818 & pH >= 0.114) -> BUN <= 3.302) | AST >= 0.068)
",-9999999.000,-9999999.000,0.000,0.000,1.000,0,0,0,26,26,0,0,26,0.0,0.0,0.0,0.0,0.0,1.0,-1
"F[1,2]((PaCO2 >= 0.301 | SBP <= 109.686) | Phosphate >= 14.257)
",-9999999.000,-9999999.000,0.000,0.000,1.000,0,0,0,26,26,0,0,26,0.0,0.0,0.0,0.0,0.0,1.0,-1
"F[2,2](((Chloride >= 1.443 -> Hct >= 0.510) | MAP >= 0.059) & BUN <= 23.959)
",0.510,0.510,0.000,0.000,1.000,0,0,0,26,26,0,0,26,0.0,0.0,0.0,0.0,0.0,1.0,-1
"F[0,2](((pH <= 1.537 -> SBP >= 91.558) & Glucose >= 67.861) -> Platelets <= 117.689)
",-9999999.000,-9999999.000,0.000,0.000,1.000,0,0,0,26,26,0,0,26,0.0,0.0,0.0,0.0,0.0,1.0,-1
"F[1,1](((Lactate >= 0.020 & SBP <= 123.369) & Platelets >= 52.147) -> Resp >= 50.977)
",7174427368301980.000,50.977,0.000,0.000,1.000,0,0,0,26,26,0,0,26,0.0,0.0,0.0,0.0,0.0,1.0,-1
"F[1,2](((PaCO2 <= 34.284 -> Platelets >= 3.445) | WBC <= 150.523) & BUN >= 4.601)
",-9999999.000,-9999999.000,0.000,0.000,1.000,0,0,0,26,26,0,0,26,0.0,0.0,0.0,0.0,0.0,1.0,-1
"F[1,2](BUN >= 0.528 -> pH >= 0.137)
",-9999999.000,-9999999.000,0.000,0.000,1.000,0,0,0,26,26,0,0,26,0.0,0.0,0.0,0.0,0.0,1.0,-1
"F[0,2]((Hgb <= 1.823 -> TroponinI <= 0.072) & HCO3 >= 0.025)
",-9999999.000,-9999999.000,0.000,0.000,1.000,0,0,0,26,26,0,0,26,0.0,0.0,0.0,0.0,0.0,1.0,-1
"F[0,0]((Creatinine <= 0.388 -> PaCO2 >= 0.205) | HCO3 <= 32.389)
",4558299354576372.000,32.389,0.000,0.000,1.000,0,0,0,26,26,0,0,26,0.0,0.0,0.0,0.0,0.0,1.0,-1
"F[0,2](((Alkalinephos <= 27.960 & SBP >= 102.689) | DBP <= 110.006) | Bilirubin_direct <= 126.008)
",-9999999.000,-9999999.000,0.000,0.000,1.000,0,0,0,26,26,0,0,26,0.0,0.0,0.0,0.0,0.0,1.0,-1
"F[0,2](((Hct >= 1.067 & Resp <= 19.265) | DBP >= 0.321) & WBC >= 5.886)
",-9999999.000,-9999999.000,0.000,0.000,1.000,0,0,0,26,26,0,0,26,0.0,0.0,0.0,0.0,0.0,1.0,-1
"((Creatinine >= 0.054) U[0,2] (pH >= 0.098))
",-9999999.000,-9999999.000,0.000,0.000,1.000,0,0,0,26,26,0,0,26,0.0,0.0,0.0,0.0,0.0,1.0,-1
"F[0,1]((Creatinine <= 0.110 | TroponinI <= 0.248) | Potassium <= 1.206)
",-9999999.000,-9999999.000,0.000,0.000,1.000,0,0,0,26,26,0,0,26,0.0,0.0,0.0,0.0,0.0,1.0,-1
"F[0,2](Lactate <= 1.172 -> Magnesium >= 0.203)
",-9999999.000,-9999999.000,0.000,0.000,1.000,0,0,0,26,26,0,0,26,0.0,0.0,0.0,0.0,0.0,1.0,-1
"F[0,0](O2Sat >= 66.840 | Phosphate <= 2.817)
",1.681,15.166,0.000,0.000,1.000,0,0,0,26,26,0,0,26,0.0,0.0,0.0,0.0,0.0,1.0,-1
"F[0,1]((Magnesium <= 0.444 -> PaCO2 <= 22.588) -> TroponinI <= 5.882)
",-9999999.000,-9999999.000,0.000,0.000,1.000,0,0,0,26,26,0,0,26,0.0,0.0,0.0,0.0,0.0,1.0,-1
"G[2,2](((FiO2 >= 0.001 -> Resp <= 18.842) | Potassium <= 19.047) -> FiO2 >= 13.695)
",-19.047,-19.047,0.000,1.000,0.000,0,0,26,0,0,26,26,0,0.0,0.0,1.0,0.0,0.0,1.0,1
"F[0,1]((Chloride <= 79.716 -> Magnesium <= 1.208) | Resp <= 0.527)
",-9999999.000,-9999999.000,0.000,0.000,1.000,0,0,0,26,26,0,0,26,0.0,0.0,0.0,0.0,0.0,1.0,-1
"F[1,2](Chloride >= 2.011 -> Phosphate <= 2.778)
",-9999999.000,-9999999.000,0.000,0.000,1.000,0,0,0,26,26,0,0,26,0.0,0.0,0.0,0.0,0.0,1.0,-1
"G[1,2](((Calcium <= 0.948 | FiO2 >= 0.003) & Fibrinogen <= 0.037) & SaO2 <= 0.113)
",9999999.000,9999999.000,0.000,1.000,0.000,0,0,24,2,2,24,24,2,0.0,0.0,1.0,0.0,0.0,1.0,1
"G[1,2]((Lactate <= 0.921 | DBP <= 66.766) & pH <= 65.916)
",9999999.000,9999999.000,0.000,1.000,0.000,0,0,25,1,1,25,25,1,0.0,0.0,1.0,0.0,0.0,1.0,1
"G[1,2]((Phosphate >= 0.037 | Resp <= 23.359) -> WBC >= 3.047)
",9999999.000,9999999.000,0.000,1.000,0.000,0,0,7,19,19,7,7,19,0.0,0.0,1.0,0.0,0.0,1.0,1
"G[1,2](((Hgb <= 8.080 -> Phosphate >= 0.085) & Magnesium <= 1.092) | Magnesium >= 0.046)
",9999999.000,9999999.000,0.000,1.000,0.000,0,0,3,23,23,3,3,23,0.0,0.0,1.0,0.0,0.0,1.0,1
"G[0,2](((DBP <= 70.933 -> Temp >= 7.535) -> MAP <= 21.880) -> HCO3 >= 10.014)
",9999999.000,9999999.000,0.000,1.000,0.000,0,0,11,15,15,11,11,15,0.0,0.0,1.0,0.0,0.0,1.0,1
"G[1,2]((AST >= 0.057 -> Creatinine >= 0.040) -> Temp <= 0.407)
",9999999.000,9999999.000,0.000,1.000,0.000,0,0,13,13,13,13,13,13,0.0,0.0,1.0,0.0,0.0,1.0,1
"G[0,2](((AST >= 0.196 | Calcium <= 7.645) -> Resp <= 2.951) | MAP >= 0.276)
",9999999.000,9999999.000,0.000,1.000,0.000,0,0,26,0,0,26,26,0,0.0,0.0,1.0,0.0,0.0,1.0,1
"G[0,2](((Chloride >= 0.097 | Potassium <= 1.738) & TroponinI >= 0.269) -> BaseExcess <= 4.048)
",9999999.000,9999999.000,0.000,1.000,0.000,0,0,26,0,0,26,26,0,0.0,0.0,1.0,0.0,0.0,1.0,1
"G[0,2](((PaCO2 <= 19.866 | Potassium <= 0.918) & Calcium <= 1.992) -> BUN <= 1.756)
",9999999.000,9999999.000,0.000,1.000,0.000,0,0,26,0,0,26,26,0,0.0,0.0,1.0,0.0,0.0,1.0,1
"G[1,2]((AST <= 19.192 | Magnesium <= 0.358) | Temp <= 0.732)
",9999999.000,9999999.000,0.000,1.000,0.000,0,0,25,1,1,25,25,1,0.0,0.0,1.0,0.0,0.0,1.0,1
"G[0,1](Alkalinephos >= 0.385 | Magnesium >= 0.041)
",9999999.000,9999999.000,0.000,1.000,0.000,0,0,0,26,26,0,0,26,0.0,0.0,0.0,0.0,0.0,1.0,1
"G[0,2]((Alkalinephos >= 0.862 -> Hgb >= 0.238) -> Creatinine >= 0.243)
",9999999.000,9999999.000,0.000,1.000,0.000,0,0,0,26,26,0,0,26,0.0,0.0,0.0,0.0,0.0,1.0,1
"G[2,2](((AST >= 0.263 & Hct <= 5.969) | Alkalinephos >= 0.853) -> EtCO2 >= 0.571)
",0.263,0.263,0.000,1.000,0.000,0,0,26,0,0,26,26,0,0.0,0.0,1.0,0.0,0.0,1.0,1
"G[0,2](((AST >= 0.152 & Platelets >= 1.926) -> Potassium >= 7.302) -> PaCO2 >= 10.093)
",9999999.000,9999999.000,0.000,1.000,0.000,0,0,0,26,26,0,0,26,0.0,0.0,0.0,0.0,0.0,1.0,1
"G[1,2](HR <= 94.758 | Resp <= 24.046)
",9999999.000,9999999.000,0.000,1.000,0.000,0,0,25,1,1,25,25,1,0.0,0.0,1.0,0.0,0.0,1.0,1
"G[0,2](Alkalinephos >= 0.550 | WBC <= 5.142)
",9999999.000,9999999.000,0.000,1.000,0.000,0,0,23,3,3,23,23,3,0.0,0.0,1.0,0.0,0.0,1.0,1
"G[0,2](Phosphate >= 0.030 | Platelets >= 3.625)
",9999999.000,9999999.000,0.000,1.000,0.000,0,0,0,26,26,0,0,26,0.0,0.0,0.0,0.0,0.0,1.0,1
"G[1,1](((Hgb <= 1.546 -> Phosphate >= 0.041) & Hct <= 2.769) & O2Sat <= 2.381)
",-6961855127454660.000,-1.546,0.000,1.000,0.000,0,0,1,25,25,1,1,25,0.0,0.0,1.0,0.0,0.0,1.0,1
"G[1,2](Phosphate <= 2.741 | Potassium <= 0.873)
",9999999.000,9999999.000,0.000,1.000,0.000,0,0,25,1,1,25,25,1,0.0,0.0,1.0,0.0,0.0,1.0,1
"G[0,2]((HR <= 129.685 & O2Sat <= 95.615) & Calcium <= 93.897)
",9999999.000,9999999.000,0.000,1.000,0.000,0,0,7,19,19,7,7,19,0.0,0.0,1.0,0.0,0.0,1.0,1
"G[0,0](BUN <= 11.950 & Phosphate >= 0.111)
",0.084,0.045,0.000,1.000,0.000,0,0,0,26,26,0,0,26,0.0,0.0,0.0,0.0,0.0,1.0,1
"G[1,2]((EtCO2 <= 27.799 -> Temp >= 4.068) -> Chloride <= 30.276)
",9999999.000,9999999.000,0.000,1.000,0.000,0,0,25,1,1,25,25,1,0.0,0.0,1.0,0.0,0.0,1.0,1
"G[0,1](((BUN >= 0.141 & Platelets <= 36.396) | Chloride >= 15.654) & SepsisLabel <= 142.030)
",9999999.000,9999999.000,0.000,1.000,0.000,0,0,0,26,26,0,0,26,0.0,0.0,0.0,0.0,0.0,1.0,1
"G[2,2]((BUN >= 0.288 | Hct >= 1.678) & TroponinI >= 0.316)
",-0.316,-0.316,0.000,1.000,0.000,0,0,26,0,0,26,26,0,0.0,0.0,1.0,0.0,0.0,1.0,1
"G[2,2]((Creatinine <= 0.240 | Hgb <= 4.263) & Fibrinogen <= 0.646)
",0.646,0.646,0.000,1.000,0.000,0,0,26,0,0,26,26,0,0.0,0.0,1.0,0.0,0.0,1.0,1
"G[0,2](Calcium <= 8.119 -> WBC <= 8.780)
",9999999.000,9999999.000,0.000,1.000,0.000,0,0,25,1,1,25,25,1,0.0,0.0,1.0,0.0,0.0,1.0,1
"G[2,2]((DBP >= 48.703 -> O2Sat <= 95.235) & Lactate >= 68.100)
",-95.235,-95.235,0.000,1.000,0.000,0,0,26,0,0,26,26,0,0.0,0.0,1.0,0.0,0.0,1.0,1
"G[0,2](((AST <= 6.689 | BUN <= 3.291) | HCO3 >= 1.089) & Resp <= 4.375)
",9999999.000,9999999.000,0.000,1.000,0.000,0,0,0,26,26,0,0,26,0.0,0.0,0.0,0.0,0.0,1.0,1
"G[2,2](Bilirubin_total >= 0.018 | Lactate >= 0.008)
",-0.008,-0.008,0.000,1.000,0.000,0,0,26,0,0,26,26,0,0.0,0.0,1.0,0.0,0.0,1.0,1
"G[1,2](Bilirubin_direct <= 0.000 | Glucose <= 140.992)
",9999999.000,9999999.000,0.000,1.000,0.000,0,0,26,0,0,26,26,0,0.0,0.0,1.0,0.0,0.0,1.0,1
"G[2,2](((AST >= 0.003 & PaCO2 >= 0.463) & Hgb <= 16.388) & O2Sat <= 3.570)
",-0.463,-0.463,0.000,1.000,0.000,0,0,26,0,0,26,26,0,0.0,0.0,1.0,0.0,0.0,1.0,1
"G[0,2]((Temp <= 27.619 -> Calcium <= 3.538) -> Alkalinephos <= 5.677)
",9999999.000,9999999.000,0.000,1.000,0.000,0,0,25,1,1,25,25,1,0.0,0.0,1.0,0.0,0.0,1.0,1
"G[1,2]((Lactate >= 0.009 -> SepsisLabel >= 0.000) | PaCO2 >= 0.000)
",9999999.000,9999999.000,0.000,1.000,0.000,0,0,26,0,0,26,26,0,0.0,0.0,1.0,0.0,0.0,1.0,1
"G[0,2](((AST <= 6.969 & PaCO2 >= 0.645) | Calcium >= 0.032) & Bilirubin_direct >= 0.643)
",9999999.000,9999999.000,0.000,1.000,0.000,0,0,0,26,26,0,0,26,0.0,0.0,0.0,0.0,0.0,1.0,1
"G[1,2](Lactate >= 0.020 | HR >= 43.040)
",9999999.000,9999999.000,0.000,1.000,0.000,0,0,26,0,0,26,26,0,0.0,0.0,1.0,0.0,0.0,1.0,1
"G[1,2]((Lactate <= 0.643 | DBP >= 49.945) | pH <= 70.652)
",9999999.000,9999999.000,0.000,1.000,0.000,0,0,26,0,0,26,26,0,0.0,0.0,1.0,0.0,0.0,1.0,1
"G[0,2](((FiO2 >= 0.006 -> SepsisLabel >= 0.000) -> Bilirubin_direct <= 0.000) -> Potassium >= 0.000)
",9999999.000,9999999.000,0.000,1.000,0.000,0,0,26,0,0,26,26,0,0.0,0.0,1.0,0.0,0.0,1.0,1
"G[1,2]((Hct <= 23.559 | Hct >= 1.452) | Platelets <= 18.356)
",9999999.000,9999999.000,0.000,1.000,0.000,0,0,26,0,0,26,26,0,0.0,0.0,1.0,0.0,0.0,1.0,1
"G[1,1]((PTT <= 0.000 -> AST >= 0.214) & BaseExcess >= 0.208)
",-0.208,-0.208,0.000,1.000,0.000,0,0,1,25,25,1,1,25,0.0,0.0,1.0,0.0,0.0,1.0,1
"G[1,2]((SBP >= 5.575 & Glucose <= 124.055) -> Calcium <= 185.360)
",9999999.000,9999999.000,0.000,1.000,0.000,0,0,26,0,0,26,26,0,0.0,0.0,1.0,0.0,0.0,1.0,1
"G[0,2]((Hct >= 1.400 -> PTT <= 0.000) -> PaCO2 >= 0.000)
",9999999.000,9999999.000,0.000,1.000,0.000,0,0,26,0,0,26,26,0,0.0,0.0,1.0,0.0,0.0,1.0,1
"G[2,2]((Alkalinephos <= 22.322 -> Resp >= 5.202) -> FiO2 <= 21.300)
",-21.300,-21.300,0.000,1.000,0.000,0,0,26,0,0,26,26,0,0.0,0.0,1.0,0.0,0.0,1.0,1
"G[0,1]((O2Sat >= 5.460 | WBC >= 0.052) & Fibrinogen >= 0.465)
",9999999.000,9999999.000,0.000,1.000,0.000,0,0,0,26,26,0,0,26,0.0,0.0,0.0,0.0,0.0,1.0,1
"G[2,2]((Bilirubin_total >= 0.010 | EtCO2 >= 2.996) & Alkalinephos <= 17.366)
",-0.010,-0.010,0.000,1.000,0.000,0,0,26,0,0,26,26,0,0.0,0.0,1.0,0.0,0.0,1.0,1
"G[0,2]((MAP >= 44.783 | PTT >= 0.000) | PaCO2 >= 0.000)
",9999999.000,9999999.000,0.000,1.000,0.000,0,0,26,0,0,26,26,0,0.0,0.0,1.0,0.0,0.0,1.0,1
"G[2,2]((FiO2 >= 0.007 -> pH >= 0.129) -> Hgb <= 0.343)
",-0.343,-0.343,0.000,1.000,0.000,0,0,26,0,0,26,26,0,0.0,0.0,1.0,0.0,0.0,1.0,1
"G[1,2](((HR <= 138.486 & Alkalinephos >= 0.839) & Phosphate >= 0.339) -> Chloride <= 11.567)
",9999999.000,9999999.000,0.000,1.000,0.000,0,0,26,0,0,26,26,0,0.0,0.0,1.0,0.0,0.0,1.0,1
"G[0,2]((Creatinine <= 0.627 | DBP >= 24.517) -> Resp >= 51.942)
",9999999.000,9999999.000,0.000,1.000,0.000,0,0,0,26,26,0,0,26,0.0,0.0,0.0,0.0,0.0,1.0,1
"G[1,2]((Bilirubin_direct >= 0.000 -> Hgb <= 3.780) & Creatinine >= 0.504)
",9999999.000,9999999.000,0.000,1.000,0.000,0,0,1,25,25,1,1,25,0.0,0.0,1.0,0.0,0.0,1.0,1
"G[0,1]((SepsisLabel <= 0.000 -> Platelets >= 5.081) & BaseExcess >= 6.341)
",9999999.000,9999999.000,0.000,1.000,0.000,0,0,0,26,26,0,0,26,0.0,0.0,0.0,0.0,0.0,1.0,1
"G[2,2](((MAP <= 79.723 | Temp >= 5.505) | Resp >= 13.153) | Magnesium >= 9.279)
",79.723,79.723,0.000,1.000,0.000,0,0,26,0,0,26,26,0,0.0,0.0,1.0,0.0,0.0,1.0,1
"G[1,2](((Alkalinephos >= 0.567 | FiO2 >= 0.003) & Phosphate >= 0.002) & Calcium <= 0.388)
",9999999.000,9999999.000,0.000,1.000,0.000,0,0,1,25,25,1,1,25,0.0,0.0,1.0,0.0,0.0,1.0,1
"G[0,2](Phosphate <= 2.392 & Temp >= 15.271)
",9999999.000,9999999.000,0.000,1.000,0.000,0,0,7,19,19,7,7,19,0.0,0.0,1.0,0.0,0.0,1.0,1
"G[0,2](((Bilirubin_total >= 0.003 | pH >= 0.049) -> BaseExcess <= 1.190) | Chloride <= 6.153)
",9999999.000,9999999.000,0.000,1.000,0.000,0,0,26,0,0,26,26,0,0.0,0.0,1.0,0.0,0.0,1.0,1
"F[0,1](((PTT <= 0.000 & HR <= 128.911) | Magnesium >= 16.404) -> WBC <= 109.124)
",-9999999.000,-9999999.000,0.000,0.000,1.000,0,0,0,26,26,0,0,26,0.0,0.0,0.0,0.0,0.0,1.0,-1
