Rule,Discrimination Score,Pos Robustness,Neg Robustness,Percent Class +,Percent Class -,TP,TN,FP,FN,Actual Yes,Actual No,Predicted Yes,Predicted No,TPR/Sens,TNR/Spec,FPR,Precision,Accuracy,MCR
"G[1,1]((MAP <= 98.944 -> Platelets >= 5.457) -> TroponinI <= 34.081)
",-34.081,-34.081,0.000,1.000,0.000,24,0,0,0,24,0,24,0,1.0,0.0,0.0,1.0,1.0,0.0
"G[0,0]((AST <= 0.000 | HCO3 <= 14.589) -> Potassium <= 17.776)
",-27.707,-17.643,0.000,1.000,0.000,24,0,0,0,24,0,24,0,1.0,0.0,0.0,1.0,1.0,0.0
"G[0,1]((BaseExcess >= 0.000 | SaO2 <= 64.944) | BaseExcess <= 63.642)
",9999999.000,9999999.000,0.000,1.000,0.000,24,0,0,0,24,0,24,0,1.0,0.0,0.0,1.0,1.0,0.0
"G[0,1](((Hct >= 1.872 | Calcium >= 0.182) | Magnesium <= 0.838) | TroponinI <= 6.337)
",9999999.000,9999999.000,0.000,1.000,0.000,24,0,0,0,24,0,24,0,1.0,0.0,0.0,1.0,1.0,0.0
"G[0,0](((Creatinine >= 0.041 -> SaO2 >= 0.470) -> Alkalinephos <= 32.321) -> PaCO2 <= 52.129)
",-52.129,-52.129,0.000,1.000,0.000,24,0,0,0,24,0,24,0,1.0,0.0,0.0,1.0,1.0,0.0
"G[0,1](HCO3 <= 8.123 | Bilirubin_direct >= 0.000)
",9999999.000,9999999.000,0.000,1.000,0.000,24,0,0,0,24,0,24,0,1.0,0.0,0.0,1.0,1.0,0.0
"G[0,1]((Magnesium >= 0.002 & Platelets >= 1.816) -> WBC >= 1.754)
",9999999.000,9999999.000,0.000,1.000,0.000,24,0,0,0,24,0,24,0,1.0,0.0,0.0,1.0,1.0,0.0
"G[0,0](Temp >= 6.385 -> SepsisLabel = 0.000)
",-2.636,-78.518,0.000,1.000,0.000,24,0,0,0,24,0,24,0,1.0,0.0,0.0,1.0,1.0,0.0
"G[1,1]((Glucose >= 23.976 | Calcium <= 2.873) | PaCO2 >= 0.073)
",2.873,2.873,0.000,1.000,0.000,24,0,0,0,24,0,24,0,1.0,0.0,0.0,1.0,1.0,0.0
"G[1,1](BUN <= 6.539 -> SepsisLabel = 0.000)
",-6.539,-6.539,0.000,1.000,0.000,24,0,0,0,24,0,24,0,1.0,0.0,0.0,1.0,1.0,0.0
"G[0,1](SBP > 7.447 -> SepsisLabel = 0.000)
",9999999.000,9999999.000,0.000,1.000,0.000,24,0,0,0,24,0,24,0,1.0,0.0,0.0,1.0,1.0,0.0
"G[0,1](FiO2 > 0.000 -> SepsisLabel = 0.000)
",9999999.000,9999999.000,0.000,1.000,0.000,24,0,0,0,24,0,24,0,1.0,0.0,0.0,1.0,1.0,0.0
"G[1,1]((Potassium <= 2.777 | Alkalinephos >= 0.000) | Chloride >= 0.000)
",2.777,2.777,0.000,1.000,0.000,24,0,0,0,24,0,24,0,1.0,0.0,0.0,1.0,1.0,0.0
"G[0,0](Lactate >= 0.000 & SepsisLabel = 0.000)
",-0.209,-7.250,0.000,1.000,0.000,24,0,0,0,24,0,24,0,1.0,0.0,0.0,1.0,1.0,0.0
"G[0,0]((BUN <= 18.030 -> Magnesium <= 1.034) | EtCO2 <= 0.773)
",-2.013,-12.444,0.000,1.000,0.000,24,0,0,0,24,0,24,0,1.0,0.0,0.0,1.0,1.0,0.0
"G[1,1](((HCO3 <= 19.520 | SaO2 >= 0.356) | Hgb >= 0.923) | EtCO2 <= 16.899)
",19.520,19.520,0.000,1.000,0.000,24,0,0,0,24,0,24,0,1.0,0.0,0.0,1.0,1.0,0.0
"G[0,1]((PTT <= 6.939 | Temp <= 26.674) | EtCO2 >= 0.403)
",9999999.000,9999999.000,0.000,1.000,0.000,24,0,0,0,24,0,24,0,1.0,0.0,0.0,1.0,1.0,0.0
"G[1,1]((TroponinI >= 0.000 | MAP >= 6.410) -> Creatinine <= 85.982)
",-85.982,-85.982,0.000,1.000,0.000,24,0,0,0,24,0,24,0,1.0,0.0,0.0,1.0,1.0,0.0
"G[0,1](HR >= 28.597 | MAP <= 88.134)
",9999999.000,9999999.000,0.000,1.000,0.000,24,0,0,0,24,0,24,0,1.0,0.0,0.0,1.0,1.0,0.0
"G[0,1](((BUN <= 21.313 | O2Sat >= 65.829) | Fibrinogen >= 75.880) -> Hgb <= 77.937)
",9999999.000,9999999.000,0.000,1.000,0.000,24,0,0,0,24,0,24,0,1.0,0.0,0.0,1.0,1.0,0.0
"G[0,1](((Creatinine >= 0.038 -> Temp >= 3.172) -> HR >= 6.630) | Bilirubin_total <= 15.947)
",9999999.000,9999999.000,0.000,1.000,0.000,24,0,0,0,24,0,24,0,1.0,0.0,0.0,1.0,1.0,0.0
"G[0,1](((BUN >= 0.216 -> Temp <= 33.979) & Magnesium <= 16.795) & EtCO2 <= 17.924)
",9999999.000,9999999.000,0.000,1.000,0.000,24,0,0,0,24,0,24,0,1.0,0.0,0.0,1.0,1.0,0.0
"G[0,1](((MAP <= 70.060 | Bilirubin_direct >= 0.000) -> Bilirubin_total >= 0.000) | HCO3 >= 0.000)
",9999999.000,9999999.000,0.000,1.000,0.000,24,0,0,0,24,0,24,0,1.0,0.0,0.0,1.0,1.0,0.0
"G[0,0]((BUN >= 0.557 & Bilirubin_direct >= 0.000) | Glucose >= 0.000)
",0.000,0.000,0.000,1.000,0.000,24,0,0,0,24,0,24,0,1.0,0.0,0.0,1.0,1.0,0.0
"G[0,1]((BaseExcess <= 0.000 | FiO2 <= 0.000) | Temp <= 0.000)
",9999999.000,9999999.000,0.000,1.000,0.000,24,0,0,0,24,0,24,0,1.0,0.0,0.0,1.0,1.0,0.0
"G[0,0]((DBP <= 75.263 -> FiO2 >= 0.000) | HR >= 0.000)
",28401.000,28401.000,0.000,1.000,0.000,24,0,0,0,24,0,24,0,1.0,0.0,0.0,1.0,1.0,0.0
"G[1,1](((Calcium >= 0.140 -> Resp >= 4.115) | Temp >= 3.955) & SepsisLabel <= 23.519)
",0.140,0.140,0.000,1.000,0.000,24,0,0,0,24,0,24,0,1.0,0.0,0.0,1.0,1.0,0.0
"G[0,1]((Temp <= 16.729 | SaO2 >= 1.185) | Hgb <= 13.672)
",9999999.000,9999999.000,0.000,1.000,0.000,24,0,0,0,24,0,24,0,1.0,0.0,0.0,1.0,1.0,0.0
"G[0,0]((Resp <= 27.286 -> EtCO2 >= 0.000) | Phosphate <= 0.000)
",-0.209,-0.062,0.000,1.000,0.000,24,0,0,0,24,0,24,0,1.0,0.0,0.0,1.0,1.0,0.0
"G[0,1](((Calcium >= 0.058 | SBP >= 78.048) | Alkalinephos >= 28.034) | Platelets <= 137.298)
",9999999.000,9999999.000,0.000,1.000,0.000,24,0,0,0,24,0,24,0,1.0,0.0,0.0,1.0,1.0,0.0
"G[0,1]((Chloride <= 0.000 & Chloride >= 0.000) -> TroponinI >= 0.000)
",9999999.000,9999999.000,0.000,1.000,0.000,24,0,0,0,24,0,24,0,1.0,0.0,0.0,1.0,1.0,0.0
"G[0,1](Hct <= 25.381 -> Bilirubin_total >= 0.000)
",9999999.000,9999999.000,0.000,1.000,0.000,24,0,0,0,24,0,24,0,1.0,0.0,0.0,1.0,1.0,0.0
"G[0,1](((HR >= 44.890 | Bilirubin_total <= 0.000) | Hgb >= 0.000) -> MAP >= 0.000)
",9999999.000,9999999.000,0.000,1.000,0.000,24,0,0,0,24,0,24,0,1.0,0.0,0.0,1.0,1.0,0.0
"G[0,0](((HCO3 >= 0.272 -> PTT >= 0.323) -> Chloride <= 16.595) | Creatinine >= 0.338)
",-0.338,-0.338,0.000,1.000,0.000,24,0,0,0,24,0,24,0,1.0,0.0,0.0,1.0,1.0,0.0
"G[1,1](((MAP >= 34.710 | WBC <= 4.943) & BaseExcess <= 4.334) | SBP >= 0.167)
",4.334,4.334,0.000,1.000,0.000,24,0,0,0,24,0,24,0,1.0,0.0,0.0,1.0,1.0,0.0
"G[0,0](Platelets < 161.975 & SepsisLabel = 0.000)
",-0.209,-7.250,0.000,1.000,0.000,23,0,0,1,24,0,23,1,0.9583333333333334,0.0,0.0,1.0,0.9583333333333334,0.04166666666666663
"G[0,1]((Hct <= 23.006 | Hgb <= 8.665) | SBP >= 0.179)
",9999999.000,9999999.000,0.000,1.000,0.000,23,0,0,1,24,0,23,1,0.9583333333333334,0.0,0.0,1.0,0.9583333333333334,0.04166666666666663
"G[0,0](((Creatinine <= 0.300 | Potassium >= 0.147) -> Potassium <= 3.904) & Lactate <= 3.996)
",-0.701,-37.225,0.000,1.000,0.000,23,0,0,1,24,0,23,1,0.9583333333333334,0.0,0.0,1.0,0.9583333333333334,0.04166666666666663
"G[0,1](((DBP <= 48.895 & HCO3 >= 0.161) -> DBP >= 0.213) & Bilirubin_direct <= 19.352)
",9999999.000,9999999.000,0.000,1.000,0.000,23,0,0,1,24,0,23,1,0.9583333333333334,0.0,0.0,1.0,0.9583333333333334,0.04166666666666663
"G[0,0](((Bilirubin_total <= 0.000 | Phosphate <= 2.412) -> Creatinine <= 3.124) & Potassium <= 3.129)
",-7035577817649020.000,-3.124,0.000,1.000,0.000,23,0,0,1,24,0,23,1,0.9583333333333334,0.0,0.0,1.0,0.9583333333333334,0.04166666666666663
"G[0,1]((FiO2 >= 0.000 -> SaO2 >= 1.513) -> Chloride >= 1.692)
",9999999.000,9999999.000,0.000,1.000,0.000,23,0,0,1,24,0,23,1,0.9583333333333334,0.0,0.0,1.0,0.9583333333333334,0.04166666666666663
"G[0,0](Fibrinogen < 382.708 & SepsisLabel = 0.000)
",-0.209,-7.250,0.000,1.000,0.000,23,0,0,1,24,0,23,1,0.9583333333333334,0.0,0.0,1.0,0.9583333333333334,0.04166666666666663
"G[0,0](PaCO2 < 30.055 & SepsisLabel = 0.000)
",-0.209,-7.250,0.000,1.000,0.000,23,0,0,1,24,0,23,1,0.9583333333333334,0.0,0.0,1.0,0.9583333333333334,0.04166666666666663
"G[0,0]((Alkalinephos >= 0.000 & Hct >= 0.969) -> HR >= 0.949)
",-28400.051,-28400.051,0.000,1.000,0.000,23,0,0,1,24,0,23,1,0.9583333333333334,0.0,0.0,1.0,0.9583333333333334,0.04166666666666663
"G[0,1](Magnesium <= 0.875 & SepsisLabel = 0.000)
",9999999.000,9999999.000,0.000,1.000,0.000,23,0,0,1,24,0,23,1,0.9583333333333334,0.0,0.0,1.0,0.9583333333333334,0.04166666666666663
"G[0,1]((HCO3 <= 5.573 & TroponinI >= 0.000) & Bilirubin_direct <= 0.000)
",9999999.000,9999999.000,0.000,1.000,0.000,23,0,0,1,24,0,23,1,0.9583333333333334,0.0,0.0,1.0,0.9583333333333334,0.04166666666666663
"G[0,0](((HR >= 29.476 & PaCO2 <= 14.108) -> FiO2 <= 14.010) & PTT <= 18.356)
",-14.108,-14.108,0.000,1.000,0.000,23,0,0,1,24,0,23,1,0.9583333333333334,0.0,0.0,1.0,0.9583333333333334,0.04166666666666663
"G[0,1](HCO3 >= 0.360 | Hct <= 8.761)
",9999999.000,9999999.000,0.000,1.000,0.000,22,0,0,2,24,0,22,2,0.9166666666666666,0.0,0.0,1.0,0.9166666666666666,0.08333333333333337
"G[0,1]((O2Sat <= 88.794 -> WBC >= 0.255) -> Calcium <= 1.001)
",9999999.000,9999999.000,0.000,1.000,0.000,22,0,0,2,24,0,22,2,0.9166666666666666,0.0,0.0,1.0,0.9166666666666666,0.08333333333333337
"G[0,1]((TroponinI >= 0.000 | Creatinine <= 1.776) & Platelets <= 0.104)
",9999999.000,9999999.000,0.000,1.000,0.000,22,0,0,2,24,0,22,2,0.9166666666666666,0.0,0.0,1.0,0.9166666666666666,0.08333333333333337
"G[0,1]((Hct >= 0.332 | Potassium <= 1.400) & BUN <= 3.912)
",9999999.000,9999999.000,0.000,1.000,0.000,22,0,0,2,24,0,22,2,0.9166666666666666,0.0,0.0,1.0,0.9166666666666666,0.08333333333333337
"G[0,0]((Creatinine <= 1.073 & HCO3 <= 22.071) & HCO3 <= 21.372)
",1.073,1.073,0.000,1.000,0.000,22,0,0,2,24,0,22,2,0.9166666666666666,0.0,0.0,1.0,0.9166666666666666,0.08333333333333337
"G[0,1](((PTT >= 0.076 & BaseExcess <= 0.000) -> PaCO2 <= 0.000) -> Creatinine <= 0.000)
",9999999.000,9999999.000,0.000,1.000,0.000,22,0,0,2,24,0,22,2,0.9166666666666666,0.0,0.0,1.0,0.9166666666666666,0.08333333333333337
"G[0,0]((Potassium >= 0.191 | AST <= 0.000) & Hgb <= 0.000)
",-0.209,-1.450,0.000,1.000,0.000,22,0,0,2,24,0,22,2,0.9166666666666666,0.0,0.0,1.0,0.9166666666666666,0.08333333333333337
"G[0,0](((DBP <= 61.067 & Magnesium >= 0.003) & FiO2 >= 0.011) | Hgb <= 0.387)
",-0.108,-0.418,0.000,1.000,0.000,22,0,0,2,24,0,22,2,0.9166666666666666,0.0,0.0,1.0,0.9166666666666666,0.08333333333333337
"G[0,1]((HCO3 >= 0.222 -> FiO2 <= 0.000) -> Calcium <= 0.000)
",9999999.000,9999999.000,0.000,1.000,0.000,22,0,0,2,24,0,22,2,0.9166666666666666,0.0,0.0,1.0,0.9166666666666666,0.08333333333333337
"G[1,1]((DBP >= 39.751 | Phosphate <= 1.547) -> Glucose <= 0.330)
",-1.547,-1.547,0.000,1.000,0.000,21,0,0,3,24,0,21,3,0.875,0.0,0.0,1.0,0.875,0.125
"G[0,0](((Fibrinogen <= 132.694 -> Resp <= 20.659) | Calcium >= 3.005) & Platelets <= 13.406)
",-3.005,-3.005,0.000,1.000,0.000,21,0,0,3,24,0,21,3,0.875,0.0,0.0,1.0,0.875,0.125
"G[0,1]((Glucose >= 6.056 & Temp >= 4.647) -> Fibrinogen >= 0.467)
",9999999.000,9999999.000,0.000,1.000,0.000,21,0,0,3,24,0,21,3,0.875,0.0,0.0,1.0,0.875,0.125
"G[1,1](O2Sat <= 95.161 -> Resp >= 4.136)
",-95.161,-95.161,0.000,1.000,0.000,20,0,0,4,24,0,20,4,0.8333333333333334,0.0,0.0,1.0,0.8333333333333334,0.16666666666666663
"G[1,1](((SepsisLabel >= 0.000 -> HCO3 >= 0.308) | HR >= 0.387) | Lactate >= 0.382)
",0.000,0.000,0.000,1.000,0.000,20,0,0,4,24,0,20,4,0.8333333333333334,0.0,0.0,1.0,0.8333333333333334,0.16666666666666663
"G[0,0]((AST <= 0.000 -> O2Sat >= 31.655) & SepsisLabel <= 85.221)
",-1.741,-35.049,0.000,1.000,0.000,19,0,0,5,24,0,19,5,0.7916666666666666,0.0,0.0,1.0,0.7916666666666666,0.20833333333333337
"G[0,0]((MAP >= 59.968 & SBP <= 120.015) -> HCO3 >= 67.343)
",-1.027,-53.917,0.000,1.000,0.000,19,0,0,5,24,0,19,5,0.7916666666666666,0.0,0.0,1.0,0.7916666666666666,0.20833333333333337
"G[0,0](((MAP <= 89.972 & Temp >= 1.020) | WBC <= 31.465) -> SBP >= 5.078)
",-2.901,-33.909,0.000,1.000,0.000,18,0,0,6,24,0,18,6,0.75,0.0,0.0,1.0,0.75,0.25
"G[1,1](Calcium <= 7.660 & MAP <= 89.086)
",8624085314181407.000,7.660,0.000,1.000,0.000,18,0,0,6,24,0,18,6,0.75,0.0,0.0,1.0,0.75,0.25
"G[0,1]((BUN >= 0.774 | Hct <= 23.252) -> Resp >= 1.549)
",9999999.000,9999999.000,0.000,1.000,0.000,16,0,0,8,24,0,16,8,0.6666666666666666,0.0,0.0,1.0,0.6666666666666666,0.33333333333333337
"G[0,1](((O2Sat <= 84.099 | Magnesium <= 0.389) -> Glucose <= 1.265) | BUN >= 0.029)
",9999999.000,9999999.000,0.000,1.000,0.000,16,0,0,8,24,0,16,8,0.6666666666666666,0.0,0.0,1.0,0.6666666666666666,0.33333333333333337
"G[0,1](HCO3 >= 0.008 | Temp <= 22.471)
",9999999.000,9999999.000,0.000,1.000,0.000,15,0,0,9,24,0,15,9,0.625,0.0,0.0,1.0,0.625,0.375
"G[0,1](((MAP <= 69.872 -> Potassium <= 0.811) & MAP <= 0.401) -> Magnesium >= 0.170)
",9999999.000,9999999.000,0.000,1.000,0.000,15,0,0,9,24,0,15,9,0.625,0.0,0.0,1.0,0.625,0.375
"G[0,1](EtCO2 <= 0.000 & HR >= 48.285)
",9999999.000,9999999.000,0.000,1.000,0.000,15,0,0,9,24,0,15,9,0.625,0.0,0.0,1.0,0.625,0.375
"G[0,1](Calcium <= 8.919 & DBP >= 10.356)
",9999999.000,9999999.000,0.000,1.000,0.000,15,0,0,9,24,0,15,9,0.625,0.0,0.0,1.0,0.625,0.375
"G[0,1](((Calcium <= 7.623 -> Temp >= 0.166) & Lactate <= 23.970) -> BaseExcess >= 1.797)
",9999999.000,9999999.000,0.000,1.000,0.000,13,0,0,11,24,0,13,11,0.5416666666666666,0.0,0.0,1.0,0.5416666666666666,0.45833333333333337
"G[0,1](Calcium <= 3.102 & Temp <= 23.387)
",9999999.000,9999999.000,0.000,1.000,0.000,13,0,0,11,24,0,13,11,0.5416666666666666,0.0,0.0,1.0,0.5416666666666666,0.45833333333333337
"G[0,1](DBP >= 44.537 | SaO2 >= 1.318)
",9999999.000,9999999.000,0.000,1.000,0.000,13,0,0,11,24,0,13,11,0.5416666666666666,0.0,0.0,1.0,0.5416666666666666,0.45833333333333337
"G[0,1]((O2Sat <= 95.772 | PTT >= 0.034) -> DBP <= 24.584)
",9999999.000,9999999.000,0.000,1.000,0.000,9,0,0,15,24,0,9,15,0.375,0.0,0.0,1.0,0.375,0.625
"G[0,0](((Calcium >= 0.273 -> Chloride >= 0.000) | Hct >= 0.000) & MAP <= 0.000)
",-2.156,-115.438,0.000,1.000,0.000,7,0,0,17,24,0,7,17,0.2916666666666667,0.0,0.0,1.0,0.2916666666666667,0.7083333333333333
"G[0,0]((Hgb <= 5.504 & Phosphate <= 1.995) & Resp <= 2.674)
",-2.009,-47.127,0.000,1.000,0.000,5,0,0,19,24,0,5,19,0.20833333333333334,0.0,0.0,1.0,0.20833333333333334,0.7916666666666666
"G[1,1](((Bilirubin_direct <= 0.000 | Chloride <= 0.000) | PTT >= 0.000) & O2Sat <= 0.000)
",0.000,0.000,0.000,1.000,0.000,4,0,0,20,24,0,4,20,0.16666666666666666,0.0,0.0,1.0,0.16666666666666666,0.8333333333333334
"G[1,1](((HR <= 93.927 | PTT <= 22.184) -> EtCO2 <= 19.845) & Temp >= 0.339)
",-93.927,-93.927,0.000,1.000,0.000,2,0,0,22,24,0,2,22,0.08333333333333333,0.0,0.0,1.0,0.08333333333333333,0.9166666666666666
"G[1,1](Fibrinogen <= 276.997 & Temp >= 7.263)
",-7.263,-7.263,0.000,1.000,0.000,2,0,0,22,24,0,2,22,0.08333333333333333,0.0,0.0,1.0,0.08333333333333333,0.9166666666666666
"G[0,0](Bilirubin_total <= 0.000 & Hct >= 1.566)
",-4.483,-1.643,0.000,1.000,0.000,2,0,0,22,24,0,2,22,0.08333333333333333,0.0,0.0,1.0,0.08333333333333333,0.9166666666666666
"G[0,0](((BUN >= 0.570 | SaO2 >= 0.349) & PaCO2 <= 42.762) | Alkalinephos >= 0.302)
",0.140,0.614,0.000,1.000,0.000,2,0,0,22,24,0,2,22,0.08333333333333333,0.0,0.0,1.0,0.08333333333333333,0.9166666666666666
"G[0,1](((DBP <= 56.364 | MAP >= 51.207) & BaseExcess >= 7.460) | O2Sat <= 84.734)
",9999999.000,9999999.000,0.000,1.000,0.000,2,0,0,22,24,0,2,22,0.08333333333333333,0.0,0.0,1.0,0.08333333333333333,0.9166666666666666
"G[0,1]((Bilirubin_direct <= 0.000 & BUN <= 4.614) -> SBP <= 6.355)
",9999999.000,9999999.000,0.000,1.000,0.000,2,0,0,22,24,0,2,22,0.08333333333333333,0.0,0.0,1.0,0.08333333333333333,0.9166666666666666
"G[0,1](((Bilirubin_total <= 0.000 -> HR >= 19.832) & BaseExcess <= 79.416) -> EtCO2 >= 44.871)
",9999999.000,9999999.000,0.000,1.000,0.000,2,0,0,22,24,0,2,22,0.08333333333333333,0.0,0.0,1.0,0.08333333333333333,0.9166666666666666
"G[0,1]((HCO3 >= 0.263 -> Potassium >= 0.128) & O2Sat <= 3.516)
",9999999.000,9999999.000,0.000,1.000,0.000,2,0,0,22,24,0,2,22,0.08333333333333333,0.0,0.0,1.0,0.08333333333333333,0.9166666666666666
"G[1,1](((Hgb <= 4.485 | Hct <= 11.792) -> WBC >= 0.033) & Platelets >= 2.440)
",-11.792,-11.792,0.000,1.000,0.000,1,0,0,23,24,0,1,23,0.041666666666666664,0.0,0.0,1.0,0.041666666666666664,0.9583333333333334
"G[0,0](Chloride >= 0.000 & HCO3 >= 0.252)
",-0.252,-0.252,0.000,1.000,0.000,1,0,0,23,24,0,1,23,0.041666666666666664,0.0,0.0,1.0,0.041666666666666664,0.9583333333333334
"G[0,0](((Hgb <= 10.064 | Hct <= 4.973) -> WBC >= 0.070) & Platelets >= 0.656)
",-9.685,-9.852,0.000,1.000,0.000,1,0,0,23,24,0,1,23,0.041666666666666664,0.0,0.0,1.0,0.041666666666666664,0.9583333333333334
"G[0,0](Platelets <= 141.340 -> WBC >= 0.069)
",-141.340,-141.340,0.000,1.000,0.000,1,0,0,23,24,0,1,23,0.041666666666666664,0.0,0.0,1.0,0.041666666666666664,0.9583333333333334
"G[1,1](((Hgb <= 8.286 | Hct <= 3.691) -> WBC >= 0.237) & Platelets >= 5.316)
",-8.286,-8.286,0.000,1.000,0.000,1,0,0,23,24,0,1,23,0.041666666666666664,0.0,0.0,1.0,0.041666666666666664,0.9583333333333334
"G[1,1]((PaCO2 <= 8.243 -> Phosphate >= 0.035) & Chloride <= 0.850)
",-8.243,-8.243,0.000,1.000,0.000,1,0,0,23,24,0,1,23,0.041666666666666664,0.0,0.0,1.0,0.041666666666666664,0.9583333333333334
"G[0,0](((Hct <= 9.419 | SBP <= 119.622) & Platelets <= 108.574) -> Potassium >= 82.056)
",-8.196,-99.200,0.000,1.000,0.000,1,0,0,23,24,0,1,23,0.041666666666666664,0.0,0.0,1.0,0.041666666666666664,0.9583333333333334
"G[0,2]((Glucose <= 124.507 & Platelets >= 6.403) -> DBP <= 91.534)
",9999999.000,9999999.000,0.000,1.000,0.000,0,0,24,0,0,24,24,0,0.0,0.0,1.0,0.0,0.0,1.0
"G[0,1]((SaO2 <= 37.372 -> Potassium >= 0.063) | Phosphate >= 0.082)
",9999999.000,9999999.000,0.000,1.000,0.000,0,0,0,24,24,0,0,24,0.0,0.0,0.0,0.0,0.0,1.0
"G[1,2]((Platelets <= 122.282 -> Fibrinogen >= 7.327) -> AST <= 18.383)
",9999999.000,9999999.000,0.000,1.000,0.000,0,0,24,0,0,24,24,0,0.0,0.0,1.0,0.0,0.0,1.0
"G[1,2](((Phosphate <= 1.550 | BUN >= 0.247) | PTT >= 0.627) | Hct <= 17.666)
",9999999.000,9999999.000,0.000,1.000,0.000,0,0,24,0,0,24,24,0,0.0,0.0,1.0,0.0,0.0,1.0
"G[1,2](((Calcium <= 4.168 | Temp <= 7.782) | SepsisLabel >= 5.816) | SepsisLabel >= 3.341)
",9999999.000,9999999.000,0.000,1.000,0.000,0,0,24,0,0,24,24,0,0.0,0.0,1.0,0.0,0.0,1.0
"G[1,2](((SepsisLabel <= 0.000 -> SaO2 >= 0.069) -> Bilirubin_direct >= 1.380) -> SBP >= 0.730)
",9999999.000,9999999.000,0.000,1.000,0.000,0,0,20,4,4,20,20,4,0.0,0.0,1.0,0.0,0.0,1.0
"G[0,2](((Calcium >= 0.150 -> BaseExcess <= 0.000) | Platelets >= 0.000) & BUN <= 0.000)
",9999999.000,9999999.000,0.000,1.000,0.000,0,0,22,2,2,22,22,2,0.0,0.0,1.0,0.0,0.0,1.0
"G[1,2]((HCO3 <= 14.690 & Glucose >= 23.873) -> Creatinine <= 91.253)
",9999999.000,9999999.000,0.000,1.000,0.000,0,0,24,0,0,24,24,0,0.0,0.0,1.0,0.0,0.0,1.0
"G[1,2](Resp <= 18.855 | DBP <= 75.336)
",9999999.000,9999999.000,0.000,1.000,0.000,0,0,24,0,0,24,24,0,0.0,0.0,1.0,0.0,0.0,1.0
"G[1,2]((SaO2 <= 71.457 | DBP >= 9.739) | Lactate >= 25.218)
",9999999.000,9999999.000,0.000,1.000,0.000,0,0,24,0,0,24,24,0,0.0,0.0,1.0,0.0,0.0,1.0
"G[1,2](Creatinine <= 0.814 -> Hgb >= 0.487)
",9999999.000,9999999.000,0.000,1.000,0.000,0,0,1,23,23,1,1,23,0.0,0.0,1.0,0.0,0.0,1.0
"G[2,2](((Alkalinephos <= 0.000 & Hct <= 23.757) | AST >= 0.514) & EtCO2 >= 0.366)
",-0.366,-0.366,0.000,1.000,0.000,0,0,24,0,0,24,24,0,0.0,0.0,1.0,0.0,0.0,1.0
"G[1,2]((FiO2 >= 0.000 -> Bilirubin_direct >= 0.000) | EtCO2 <= 0.000)
",9999999.000,9999999.000,0.000,1.000,0.000,0,0,24,0,0,24,24,0,0.0,0.0,1.0,0.0,0.0,1.0
"G[0,2](((Phosphate <= 0.808 -> AST >= 0.000) & HR >= 0.000) & Fibrinogen >= 0.000)
",9999999.000,9999999.000,0.000,1.000,0.000,0,0,24,0,0,24,24,0,0.0,0.0,1.0,0.0,0.0,1.0
"G[0,2](((Magnesium <= 0.847 -> SaO2 >= 0.437) | Temp >= 0.351) | DBP >= 0.277)
",9999999.000,9999999.000,0.000,1.000,0.000,0,0,16,8,8,16,16,8,0.0,0.0,1.0,0.0,0.0,1.0
"G[1,2]((Phosphate >= 0.005 | TroponinI <= 0.000) -> SepsisLabel <= 0.000)
",9999999.000,9999999.000,0.000,1.000,0.000,0,0,24,0,0,24,24,0,0.0,0.0,1.0,0.0,0.0,1.0
"G[2,2](((Phosphate <= 1.615 & Potassium >= 0.077) & PTT <= 0.906) | Phosphate >= 0.182)
",-0.077,-0.077,0.000,1.000,0.000,0,0,24,0,0,24,24,0,0.0,0.0,1.0,0.0,0.0,1.0
"G[0,2](Fibrinogen >= 4.610 | DBP >= 21.142)
",9999999.000,9999999.000,0.000,1.000,0.000,0,0,16,8,8,16,16,8,0.0,0.0,1.0,0.0,0.0,1.0
"G[1,2](((SBP >= 35.060 & BUN <= 10.916) -> DBP <= 21.428) -> Temp >= 0.441)
",9999999.000,9999999.000,0.000,1.000,0.000,0,0,19,5,5,19,19,5,0.0,0.0,1.0,0.0,0.0,1.0
"G[1,2]((Fibrinogen >= 1.152 -> Temp >= 4.719) | AST <= 12.026)
",9999999.000,9999999.000,0.000,1.000,0.000,0,0,24,0,0,24,24,0,0.0,0.0,1.0,0.0,0.0,1.0
"G[1,1](Chloride >= 0.000 & HCO3 >= 0.416)
",-0.416,-0.416,0.000,1.000,0.000,0,0,0,24,24,0,0,24,0.0,0.0,0.0,0.0,0.0,1.0
"G[1,2](Hct >= 0.622 | MAP >= 5.672)
",9999999.000,9999999.000,0.000,1.000,0.000,0,0,19,5,5,19,19,5,0.0,0.0,1.0,0.0,0.0,1.0
"G[2,2]((BaseExcess <= 0.000 -> Phosphate <= 0.483) & Hct >= 0.016)
",-8703329871538520.000,-0.483,0.000,1.000,0.000,0,0,24,0,0,24,24,0,0.0,0.0,1.0,0.0,0.0,1.0
"G[0,2](FiO2 <= 0.000 | Fibrinogen <= 49.527)
",9999999.000,9999999.000,0.000,1.000,0.000,0,0,24,0,0,24,24,0,0.0,0.0,1.0,0.0,0.0,1.0
"G[0,2](Calcium <= 3.910 -> Fibrinogen >= 6.962)
",9999999.000,9999999.000,0.000,1.000,0.000,0,0,0,24,24,0,0,24,0.0,0.0,0.0,0.0,0.0,1.0
"G[0,2]((Fibrinogen <= 45.032 | Calcium >= 0.069) | BUN >= 0.337)
",9999999.000,9999999.000,0.000,1.000,0.000,0,0,24,0,0,24,24,0,0.0,0.0,1.0,0.0,0.0,1.0
"G[1,2](((SaO2 <= 13.960 & BUN >= 0.003) -> pH >= 0.767) | DBP >= 0.639)
",9999999.000,9999999.000,0.000,1.000,0.000,0,0,24,0,0,24,24,0,0.0,0.0,1.0,0.0,0.0,1.0
"G[2,2](((Glucose <= 118.924 & Hct >= 0.531) -> Chloride >= 0.702) | Resp >= 0.478)
",0.531,0.531,0.000,1.000,0.000,0,0,24,0,0,24,24,0,0.0,0.0,1.0,0.0,0.0,1.0
"G[1,2](((Potassium >= 0.163 | Glucose >= 25.677) & Phosphate >= 23.260) -> Platelets <= 120.919)
",9999999.000,9999999.000,0.000,1.000,0.000,0,0,24,0,0,24,24,0,0.0,0.0,1.0,0.0,0.0,1.0
"G[1,2](((Hct <= 18.718 & Bilirubin_direct <= 0.000) | Calcium >= 0.000) & Creatinine >= 0.000)
",9999999.000,9999999.000,0.000,1.000,0.000,0,0,24,0,0,24,24,0,0.0,0.0,1.0,0.0,0.0,1.0
"G[0,2]((Potassium <= 3.823 -> Chloride <= 0.000) | Bilirubin_direct <= 0.000)
",9999999.000,9999999.000,0.000,1.000,0.000,0,0,24,0,0,24,24,0,0.0,0.0,1.0,0.0,0.0,1.0
"G[0,2](((Chloride <= 0.000 & Chloride >= 0.000) -> Temp <= 0.000) -> Bilirubin_total <= 0.000)
",9999999.000,9999999.000,0.000,1.000,0.000,0,0,24,0,0,24,24,0,0.0,0.0,1.0,0.0,0.0,1.0
"G[1,2]((Calcium >= 0.161 | TroponinI <= 0.000) | TroponinI <= 0.000)
",9999999.000,9999999.000,0.000,1.000,0.000,0,0,24,0,0,24,24,0,0.0,0.0,1.0,0.0,0.0,1.0
"G[1,2](((Bilirubin_direct <= 0.000 | Temp <= 24.970) -> Hct <= 15.626) & PaCO2 <= 19.305)
",9999999.000,9999999.000,0.000,1.000,0.000,0,0,23,1,1,23,23,1,0.0,0.0,1.0,0.0,0.0,1.0
"G[2,2]((Hct <= 13.448 -> Calcium <= 7.304) | WBC >= 0.200)
",-0.200,-0.200,0.000,1.000,0.000,0,0,24,0,0,24,24,0,0.0,0.0,1.0,0.0,0.0,1.0
"G[0,2](Resp <= 21.640 & Calcium >= 0.366)
",9999999.000,9999999.000,0.000,1.000,0.000,0,0,0,24,24,0,0,24,0.0,0.0,0.0,0.0,0.0,1.0
"G[2,2]((Chloride <= 0.000 & Lactate <= 0.000) -> TroponinI >= 0.000)
",0.000,0.000,0.000,1.000,0.000,0,0,24,0,0,24,24,0,0.0,0.0,1.0,0.0,0.0,1.0
"G[0,2](Magnesium >= 0.014 | DBP >= 25.152)
",9999999.000,9999999.000,0.000,1.000,0.000,0,0,16,8,8,16,16,8,0.0,0.0,1.0,0.0,0.0,1.0
"G[2,2]((pH <= 0.000 & Resp >= 2.189) -> Lactate <= 28.274)
",-7958471484975773.000,-28.274,0.000,1.000,0.000,0,0,24,0,0,24,24,0,0.0,0.0,1.0,0.0,0.0,1.0
"G[0,2]((O2Sat >= 42.162 | Potassium >= 0.051) -> HCO3 >= 0.151)
",9999999.000,9999999.000,0.000,1.000,0.000,0,0,2,22,22,2,2,22,0.0,0.0,1.0,0.0,0.0,1.0
"G[2,2](BUN <= 20.434 | MAP <= 83.905)
",83.905,83.905,0.000,1.000,0.000,0,0,24,0,0,24,24,0,0.0,0.0,1.0,0.0,0.0,1.0
"G[0,2](((Phosphate >= 0.001 -> Platelets <= 100.984) & TroponinI <= 137.983) -> Hct <= 42.013)
",9999999.000,9999999.000,0.000,1.000,0.000,0,0,24,0,0,24,24,0,0.0,0.0,1.0,0.0,0.0,1.0
"G[0,2](((Creatinine <= 1.405 & HCO3 <= 10.314) | HCO3 <= 3.082) & Calcium <= 15.852)
",9999999.000,9999999.000,0.000,1.000,0.000,0,0,23,1,1,23,23,1,0.0,0.0,1.0,0.0,0.0,1.0
"G[1,2](((TroponinI <= 0.000 & SepsisLabel >= 0.000) & Temp <= 0.000) & Hgb <= 0.000)
",9999999.000,9999999.000,0.000,1.000,0.000,0,0,21,3,3,21,21,3,0.0,0.0,1.0,0.0,0.0,1.0
"G[2,2]((Temp <= 30.524 | MAP <= 91.897) -> Chloride >= 3.869)
",-91.897,-91.897,0.000,1.000,0.000,0,0,24,0,0,24,24,0,0.0,0.0,1.0,0.0,0.0,1.0
"G[1,2](((Bilirubin_total >= 0.000 & BaseExcess <= 0.000) -> BaseExcess >= 0.000) | Chloride <= 0.000)
",9999999.000,9999999.000,0.000,1.000,0.000,0,0,24,0,0,24,24,0,0.0,0.0,1.0,0.0,0.0,1.0
"G[1,2](((Temp <= 34.415 & BUN <= 16.912) & AST >= 0.538) | Hct <= 2.308)
",9999999.000,9999999.000,0.000,1.000,0.000,0,0,23,1,1,23,23,1,0.0,0.0,1.0,0.0,0.0,1.0
"G[2,2](SaO2 >= 0.982 -> WBC <= 3.742)
",-3.742,-3.742,0.000,1.000,0.000,0,0,24,0,0,24,24,0,0.0,0.0,1.0,0.0,0.0,1.0
"G[0,2](((HCO3 <= 5.442 | Creatinine >= 0.049) -> MAP >= 0.017) | Hgb >= 0.036)
",9999999.000,9999999.000,0.000,1.000,0.000,0,0,15,9,9,15,15,9,0.0,0.0,1.0,0.0,0.0,1.0
"G[1,2](((TroponinI <= 0.000 & MAP >= 36.480) | Hgb >= 11.415) | Bilirubin_total <= 84.753)
",9999999.000,9999999.000,0.000,1.000,0.000,0,0,24,0,0,24,24,0,0.0,0.0,1.0,0.0,0.0,1.0
"G[1,2](((pH <= 0.000 | HR >= 1.421) -> AST <= 94.986) & Temp <= 94.207)
",9999999.000,9999999.000,0.000,1.000,0.000,0,0,24,0,0,24,24,0,0.0,0.0,1.0,0.0,0.0,1.0
"G[0,2](((DBP <= 55.088 -> WBC >= 0.045) -> pH <= 0.331) -> BaseExcess <= 2.295)
",9999999.000,9999999.000,0.000,1.000,0.000,0,0,24,0,0,24,24,0,0.0,0.0,1.0,0.0,0.0,1.0
"G[1,2](((SaO2 >= 0.821 -> SepsisLabel >= 0.000) | pH >= 0.000) -> Temp >= 0.000)
",9999999.000,9999999.000,0.000,1.000,0.000,0,0,24,0,0,24,24,0,0.0,0.0,1.0,0.0,0.0,1.0
"G[0,2](((Hgb <= 1.967 -> Temp <= 28.980) -> O2Sat >= 7.232) -> EtCO2 >= 4.687)
",9999999.000,9999999.000,0.000,1.000,0.000,0,0,2,22,22,2,2,22,0.0,0.0,1.0,0.0,0.0,1.0
"G[2,2](Lactate >= 0.000 -> Magnesium >= 0.010)
",0.000,0.000,0.000,1.000,0.000,0,0,24,0,0,24,24,0,0.0,0.0,1.0,0.0,0.0,1.0
"G[1,2](((SepsisLabel >= 0.000 | HR >= 24.744) | BaseExcess <= 57.124) | Bilirubin_total <= 67.513)
",9999999.000,9999999.000,0.000,1.000,0.000,0,0,24,0,0,24,24,0,0.0,0.0,1.0,0.0,0.0,1.0
"G[1,1]((SepsisLabel <= 0.000 | SBP >= 16.664) & Fibrinogen >= 87.881)
",-6184053101337220.000,-87.881,0.000,1.000,0.000,0,0,0,24,24,0,0,24,0.0,0.0,0.0,0.0,0.0,1.0
"G[0,2]((Bilirubin_direct >= 0.000 -> FiO2 <= 0.000) | HCO3 <= 0.000)
",9999999.000,9999999.000,0.000,1.000,0.000,0,0,24,0,0,24,24,0,0.0,0.0,1.0,0.0,0.0,1.0
"G[0,1](((Lactate <= 0.000 & Phosphate >= 0.067) -> PTT <= 0.520) -> FiO2 >= 0.027)
",9999999.000,9999999.000,0.000,1.000,0.000,0,0,0,24,24,0,0,24,0.0,0.0,0.0,0.0,0.0,1.0
"G[0,2](Glucose <= 109.485 & BUN >= 0.073)
",9999999.000,9999999.000,0.000,1.000,0.000,0,0,0,24,24,0,0,24,0.0,0.0,0.0,0.0,0.0,1.0
"G[1,2]((SBP <= 114.783 | PTT <= 13.856) | SaO2 >= 0.450)
",9999999.000,9999999.000,0.000,1.000,0.000,0,0,24,0,0,24,24,0,0.0,0.0,1.0,0.0,0.0,1.0
"G[1,2]((TroponinI <= 0.000 -> Creatinine >= 0.038) | Glucose >= 0.014)
",9999999.000,9999999.000,0.000,1.000,0.000,0,0,3,21,21,3,3,21,0.0,0.0,1.0,0.0,0.0,1.0
"G[0,2](((Calcium >= 0.160 & SepsisLabel <= 0.000) -> BaseExcess <= 0.000) | TroponinI >= 0.000)
",9999999.000,9999999.000,0.000,1.000,0.000,0,0,24,0,0,24,24,0,0.0,0.0,1.0,0.0,0.0,1.0
"G[1,2]((Fibrinogen <= 143.995 -> DBP >= 8.707) -> Hgb >= 13.549)
",9999999.000,9999999.000,0.000,1.000,0.000,0,0,4,20,20,4,4,20,0.0,0.0,1.0,0.0,0.0,1.0
"G[2,2]((Resp <= 14.036 | BaseExcess >= 0.000) | Lactate >= 0.000)
",7901521199259212.000,14.036,0.000,1.000,0.000,0,0,24,0,0,24,24,0,0.0,0.0,1.0,0.0,0.0,1.0
"G[2,2](((Fibrinogen <= 94.549 -> Hct <= 11.035) | Bilirubin_total >= 1.117) | PTT <= 6.117)
",6.117,6.117,0.000,1.000,0.000,0,0,24,0,0,24,24,0,0.0,0.0,1.0,0.0,0.0,1.0
"G[0,1](((Platelets >= 5.374 -> DBP >= 42.132) -> Magnesium <= 70.153) -> Potassium >= 28.599)
",9999999.000,9999999.000,0.000,1.000,0.000,0,0,0,24,24,0,0,24,0.0,0.0,0.0,0.0,0.0,1.0
"G[2,2](AST <= 0.000 & FiO2 >= 0.000)
",0.000,0.000,0.000,1.000,0.000,0,0,24,0,0,24,24,0,0.0,0.0,1.0,0.0,0.0,1.0
"G[2,2](Magnesium <= 1.467 & Chloride <= 0.000)
",0.000,0.000,0.000,1.000,0.000,0,0,24,0,0,24,24,0,0.0,0.0,1.0,0.0,0.0,1.0
"G[1,2](BUN <= 3.321 & EtCO2 <= 0.000)
",9999999.000,9999999.000,0.000,1.000,0.000,0,0,23,1,1,23,23,1,0.0,0.0,1.0,0.0,0.0,1.0
"G[2,2](((Fibrinogen <= 364.708 & Chloride <= 0.000) | Creatinine >= 0.000) & Glucose >= 0.000)
",0.000,0.000,0.000,1.000,0.000,0,0,24,0,0,24,24,0,0.0,0.0,1.0,0.0,0.0,1.0
"G[1,2]((HCO3 <= 20.103 | BUN <= 16.087) | Temp <= 19.499)
",9999999.000,9999999.000,0.000,1.000,0.000,0,0,24,0,0,24,24,0,0.0,0.0,1.0,0.0,0.0,1.0
"G[2,2]((O2Sat >= 27.816 -> Temp <= 33.908) & EtCO2 <= 17.602)
",-33.908,-33.908,0.000,1.000,0.000,0,0,24,0,0,24,24,0,0.0,0.0,1.0,0.0,0.0,1.0
"G[1,2]((Temp >= 0.018 & BaseExcess >= 0.000) | Chloride <= 0.000)
",9999999.000,9999999.000,0.000,1.000,0.000,0,0,24,0,0,24,24,0,0.0,0.0,1.0,0.0,0.0,1.0
"G[2,2]((Potassium >= 0.031 -> BUN <= 10.732) & FiO2 <= 2.218)
",-10.732,-10.732,0.000,1.000,0.000,0,0,24,0,0,24,24,0,0.0,0.0,1.0,0.0,0.0,1.0
"G[0,2](((pH >= 0.000 -> BaseExcess >= 0.000) & Chloride <= 0.000) | WBC >= 0.000)
",9999999.000,9999999.000,0.000,1.000,0.000,0,0,24,0,0,24,24,0,0.0,0.0,1.0,0.0,0.0,1.0
"G[1,2](DBP <= 68.798 & Hgb >= 0.450)
",9999999.000,9999999.000,0.000,1.000,0.000,0,0,1,23,23,1,1,23,0.0,0.0,1.0,0.0,0.0,1.0
"G[1,2]((Chloride <= 0.000 & SepsisLabel >= 0.000) -> Magnesium >= 0.000)
",9999999.000,9999999.000,0.000,1.000,0.000,0,0,24,0,0,24,24,0,0.0,0.0,1.0,0.0,0.0,1.0
"G[2,2](DBP <= 76.323 & SepsisLabel = 0.000)
",0.000,0.000,0.000,1.000,0.000,0,0,24,0,0,24,24,0,0.0,0.0,1.0,0.0,0.0,1.0
"G[0,1](BUN <= 12.169 & Creatinine >= 0.036)
",9999999.000,9999999.000,0.000,1.000,0.000,0,0,0,24,24,0,0,24,0.0,0.0,0.0,0.0,0.0,1.0
"G[1,1](Chloride >= 0.000 & HCO3 >= 0.082)
",-0.082,-0.082,0.000,1.000,0.000,0,0,0,24,24,0,0,24,0.0,0.0,0.0,0.0,0.0,1.0
"G[0,2](Platelets <= 100.679 -> WBC >= 0.136)
",9999999.000,9999999.000,0.000,1.000,0.000,0,0,0,24,24,0,0,24,0.0,0.0,0.0,0.0,0.0,1.0
"G[1,2](((Hgb <= 5.039 | Hct <= 28.751) -> WBC >= 0.066) & Platelets >= 6.143)
",9999999.000,9999999.000,0.000,1.000,0.000,0,0,1,23,23,1,1,23,0.0,0.0,1.0,0.0,0.0,1.0
"G[1,2](BUN <= 17.530 & Creatinine >= 0.055)
",9999999.000,9999999.000,0.000,1.000,0.000,0,0,0,24,24,0,0,24,0.0,0.0,0.0,0.0,0.0,1.0
"G[1,2](DBP < 77.386 -> SepsisLabel = 0.000)
",9999999.000,9999999.000,0.000,1.000,0.000,0,0,24,0,0,24,24,0,0.0,0.0,1.0,0.0,0.0,1.0
"G[0,2](SepsisLabel > 0.000 -> SepsisLabel = 0.000)
",9999999.000,9999999.000,0.000,1.000,0.000,0,0,24,0,0,24,24,0,0.0,0.0,1.0,0.0,0.0,1.0
"G[1,2](WBC < 1.934 -> SepsisLabel = 0.000)
",9999999.000,9999999.000,0.000,1.000,0.000,0,0,24,0,0,24,24,0,0.0,0.0,1.0,0.0,0.0,1.0
"G[2,2](MAP > 45.840 & SepsisLabel = 0.000)
",-45.840,-45.840,0.000,1.000,0.000,0,0,24,0,0,24,24,0,0.0,0.0,1.0,0.0,0.0,1.0
"G[1,2](TroponinI <= 0.000 & SepsisLabel = 0.000)
",9999999.000,9999999.000,0.000,1.000,0.000,0,0,24,0,0,24,24,0,0.0,0.0,1.0,0.0,0.0,1.0
"G[0,2](PaCO2 >= 0.709 -> SepsisLabel = 0.000)
",9999999.000,9999999.000,0.000,1.000,0.000,0,0,24,0,0,24,24,0,0.0,0.0,1.0,0.0,0.0,1.0
"G[1,2](TroponinI >= 0.000 -> SepsisLabel = 0.000)
",9999999.000,9999999.000,0.000,1.000,0.000,0,0,24,0,0,24,24,0,0.0,0.0,1.0,0.0,0.0,1.0
"G[2,2](Platelets <= 131.251 -> WBC >= 0.228)
",-131.251,-131.251,0.000,1.000,0.000,0,0,24,0,0,24,24,0,0.0,0.0,1.0,0.0,0.0,1.0
"G[0,2](((Magnesium >= 0.025 & Phosphate <= 1.575) | Glucose >= 0.004) & BUN >= 0.070)
",9999999.000,9999999.000,0.000,1.000,0.000,0,0,0,24,24,0,0,24,0.0,0.0,0.0,0.0,0.0,1.0
"G[1,2](((PaCO2 >= 0.003 | SaO2 >= 0.692) | Bilirubin_total >= 1.951) -> Potassium >= 0.002)
",9999999.000,9999999.000,0.000,1.000,0.000,0,0,24,0,0,24,24,0,0.0,0.0,1.0,0.0,0.0,1.0
"G[0,2](((Creatinine >= 0.043 -> Platelets >= 3.318) & Lactate <= 133.967) | Bilirubin_total >= 4.057)
",9999999.000,9999999.000,0.000,1.000,0.000,0,0,24,0,0,24,24,0,0.0,0.0,1.0,0.0,0.0,1.0
"G[1,2]((BUN >= 0.110 | Calcium <= 6.713) | pH >= 0.054)
",9999999.000,9999999.000,0.000,1.000,0.000,0,0,24,0,0,24,24,0,0.0,0.0,1.0,0.0,0.0,1.0
"G[1,2](((Platelets >= 6.842 & WBC >= 0.036) & Calcium <= 4.324) & TroponinI >= 0.243)
",9999999.000,9999999.000,0.000,1.000,0.000,0,0,0,24,24,0,0,24,0.0,0.0,0.0,0.0,0.0,1.0
"G[2,2](((Hgb <= 3.449 -> Potassium <= 0.738) & Potassium <= 3.180) -> Lactate <= 2.847)
",-2.847,-2.847,0.000,1.000,0.000,0,0,24,0,0,24,24,0,0.0,0.0,1.0,0.0,0.0,1.0
"G[1,2]((Potassium <= 3.325 -> WBC <= 4.160) -> Glucose <= 2.934)
",9999999.000,9999999.000,0.000,1.000,0.000,0,0,21,3,3,21,21,3,0.0,0.0,1.0,0.0,0.0,1.0
"G[1,2]((Creatinine >= 0.020 -> Hct >= 0.925) | Bilirubin_direct <= 24.833)
",9999999.000,9999999.000,0.000,1.000,0.000,0,0,24,0,0,24,24,0,0.0,0.0,1.0,0.0,0.0,1.0
"G[0,2](((Creatinine >= 0.002 & Hgb >= 0.158) | HCO3 >= 0.476) | Platelets >= 0.413)
",9999999.000,9999999.000,0.000,1.000,0.000,0,0,0,24,24,0,0,24,0.0,0.0,0.0,0.0,0.0,1.0
"G[0,2]((Hct <= 22.149 | WBC <= 1.644) | MAP <= 2.037)
",9999999.000,9999999.000,0.000,1.000,0.000,0,0,22,2,2,22,22,2,0.0,0.0,1.0,0.0,0.0,1.0
"G[0,2](Hgb <= 10.785 -> Platelets >= 5.434)
",9999999.000,9999999.000,0.000,1.000,0.000,0,0,0,24,24,0,0,24,0.0,0.0,0.0,0.0,0.0,1.0
"G[1,2](((Hgb <= 4.237 | Hct <= 9.491) -> WBC >= 0.064) & Platelets >= 4.129)
",9999999.000,9999999.000,0.000,1.000,0.000,0,0,1,23,23,1,1,23,0.0,0.0,1.0,0.0,0.0,1.0
"G[0,1](Chloride >= 0.000 & HCO3 >= 0.315)
",9999999.000,9999999.000,0.000,1.000,0.000,0,0,0,24,24,0,0,24,0.0,0.0,0.0,0.0,0.0,1.0
"G[1,2](((Glucose <= 162.928 -> HR <= 71.051) -> BaseExcess >= 15.406) & WBC >= 25.261)
",9999999.000,9999999.000,0.000,1.000,0.000,0,0,0,24,24,0,0,24,0.0,0.0,0.0,0.0,0.0,1.0
"G[1,2](((Hgb <= 9.645 | Hct <= 15.443) -> WBC >= 0.166) & Platelets >= 6.270)
",9999999.000,9999999.000,0.000,1.000,0.000,0,0,1,23,23,1,1,23,0.0,0.0,1.0,0.0,0.0,1.0
"G[1,2](BUN <= 13.132 & Creatinine >= 0.013)
",9999999.000,9999999.000,0.000,1.000,0.000,0,0,0,24,24,0,0,24,0.0,0.0,0.0,0.0,0.0,1.0
"G[1,2](Platelets <= 82.220 -> WBC >= 0.208)
",9999999.000,9999999.000,0.000,1.000,0.000,0,0,1,23,23,1,1,23,0.0,0.0,1.0,0.0,0.0,1.0
"G[0,1](((Hgb <= 3.684 | Hct <= 32.414) -> WBC >= 0.253) & Platelets >= 5.348)
",9999999.000,9999999.000,0.000,1.000,0.000,0,0,0,24,24,0,0,24,0.0,0.0,0.0,0.0,0.0,1.0
"G[1,1](BUN <= 10.318 & Creatinine >= 0.027)
",-7854864857545411.000,-0.027,0.000,1.000,0.000,0,0,0,24,24,0,0,24,0.0,0.0,0.0,0.0,0.0,1.0
"G[0,2](Chloride >= 0.000 & HCO3 >= 0.032)
",9999999.000,9999999.000,0.000,1.000,0.000,0,0,0,24,24,0,0,24,0.0,0.0,0.0,0.0,0.0,1.0
"G[0,1](Platelets <= 16.578 -> WBC >= 0.169)
",9999999.000,9999999.000,0.000,1.000,0.000,0,0,0,24,24,0,0,24,0.0,0.0,0.0,0.0,0.0,1.0
"G[0,2](BUN <= 14.892 & Creatinine >= 0.053)
",9999999.000,9999999.000,0.000,1.000,0.000,0,0,0,24,24,0,0,24,0.0,0.0,0.0,0.0,0.0,1.0
"G[0,1](Chloride >= 0.000 & HCO3 >= 0.117)
",9999999.000,9999999.000,0.000,1.000,0.000,0,0,0,24,24,0,0,24,0.0,0.0,0.0,0.0,0.0,1.0
"G[1,1](BUN <= 13.533 & Creatinine >= 0.003)
",-6116377027628508.000,-0.003,0.000,1.000,0.000,0,0,0,24,24,0,0,24,0.0,0.0,0.0,0.0,0.0,1.0
"G[0,1](Chloride >= 0.000 & HCO3 >= 0.400)
",9999999.000,9999999.000,0.000,1.000,0.000,0,0,0,24,24,0,0,24,0.0,0.0,0.0,0.0,0.0,1.0
"G[2,2](Platelets <= 32.883 -> WBC >= 0.209)
",-32.883,-32.883,0.000,1.000,0.000,0,0,24,0,0,24,24,0,0.0,0.0,1.0,0.0,0.0,1.0
"G[0,2](BUN <= 19.304 & Creatinine >= 0.056)
",9999999.000,9999999.000,0.000,1.000,0.000,0,0,0,24,24,0,0,24,0.0,0.0,0.0,0.0,0.0,1.0
"G[1,1](BUN <= 15.041 & Creatinine >= 0.063)
",-0.063,-0.063,0.000,1.000,0.000,0,0,0,24,24,0,0,24,0.0,0.0,0.0,0.0,0.0,1.0
"G[0,2](Chloride >= 0.000 & HCO3 >= 0.156)
",9999999.000,9999999.000,0.000,1.000,0.000,0,0,0,24,24,0,0,24,0.0,0.0,0.0,0.0,0.0,1.0
"G[0,1](Platelets <= 101.702 -> WBC >= 0.128)
",9999999.000,9999999.000,0.000,1.000,0.000,0,0,0,24,24,0,0,24,0.0,0.0,0.0,0.0,0.0,1.0
"G[2,2](((Hgb <= 1.713 | Hct <= 22.677) -> WBC >= 0.104) & Platelets >= 0.073)
",-22.677,-22.677,0.000,1.000,0.000,0,0,24,0,0,24,24,0,0.0,0.0,1.0,0.0,0.0,1.0
"G[0,2](BUN <= 6.735 & Creatinine >= 0.030)
",9999999.000,9999999.000,0.000,1.000,0.000,0,0,0,24,24,0,0,24,0.0,0.0,0.0,0.0,0.0,1.0
"G[0,1](Chloride >= 0.000 & HCO3 >= 0.400)
",9999999.000,9999999.000,0.000,1.000,0.000,0,0,0,24,24,0,0,24,0.0,0.0,0.0,0.0,0.0,1.0
"G[2,2](Platelets <= 149.173 -> WBC >= 0.139)
",-149.173,-149.173,0.000,1.000,0.000,0,0,24,0,0,24,24,0,0.0,0.0,1.0,0.0,0.0,1.0
"G[0,1](((Hgb <= 10.471 | Hct <= 21.905) -> WBC >= 0.103) & Platelets >= 2.863)
",9999999.000,9999999.000,0.000,1.000,0.000,0,0,0,24,24,0,0,24,0.0,0.0,0.0,0.0,0.0,1.0
"G[2,2](BUN <= 11.288 & Creatinine >= 0.019)
",-0.019,-0.019,0.000,1.000,0.000,0,0,24,0,0,24,24,0,0.0,0.0,1.0,0.0,0.0,1.0
"G[1,1](Chloride >= 0.000 & HCO3 >= 0.222)
",-0.222,-0.222,0.000,1.000,0.000,0,0,0,24,24,0,0,24,0.0,0.0,0.0,0.0,0.0,1.0
"G[0,1](Platelets <= 132.300 -> WBC >= 0.174)
",9999999.000,9999999.000,0.000,1.000,0.000,0,0,0,24,24,0,0,24,0.0,0.0,0.0,0.0,0.0,1.0
"G[0,1](((Hgb <= 4.834 | Hct <= 27.685) -> WBC >= 0.240) & Platelets >= 4.205)
",9999999.000,9999999.000,0.000,1.000,0.000,0,0,0,24,24,0,0,24,0.0,0.0,0.0,0.0,0.0,1.0
"G[0,2](((Fibrinogen <= 12.378 | WBC <= 0.517) -> DBP >= 0.095) -> DBP >= 0.187)
",9999999.000,9999999.000,0.000,1.000,0.000,0,0,24,0,0,24,24,0,0.0,0.0,1.0,0.0,0.0,1.0
"G[0,2]((Creatinine >= 0.032 | Magnesium >= 0.015) | Calcium <= 1.142)
",9999999.000,9999999.000,0.000,1.000,0.000,0,0,24,0,0,24,24,0,0.0,0.0,1.0,0.0,0.0,1.0
"G[2,2](Resp >= 5.867 & SBP <= 124.587)
",-6605330169326945.000,-5.867,0.000,1.000,0.000,0,0,24,0,0,24,24,0,0.0,0.0,1.0,0.0,0.0,1.0
"G[1,2](Platelets <= 60.415 -> WBC >= 0.210)
",9999999.000,9999999.000,0.000,1.000,0.000,0,0,1,23,23,1,1,23,0.0,0.0,1.0,0.0,0.0,1.0
"G[0,2](((Hgb >= 0.580 | Temp >= 6.844) | Potassium <= 27.388) -> pH <= 11.005)
",9999999.000,9999999.000,0.000,1.000,0.000,0,0,24,0,0,24,24,0,0.0,0.0,1.0,0.0,0.0,1.0
"G[1,2](Creatinine >= 0.053 | DBP >= 45.189)
",9999999.000,9999999.000,0.000,1.000,0.000,0,0,20,4,4,20,20,4,0.0,0.0,1.0,0.0,0.0,1.0
"G[0,2](((Hgb <= 6.793 & O2Sat >= 11.688) -> BUN >= 75.271) | FiO2 >= 76.913)
",9999999.000,9999999.000,0.000,1.000,0.000,0,0,2,22,22,2,2,22,0.0,0.0,1.0,0.0,0.0,1.0
"G[0,1](((Platelets <= 167.571 & Temp <= 28.231) & Hgb <= 7.589) & AST >= 2.081)
",9999999.000,9999999.000,0.000,1.000,0.000,0,0,0,24,24,0,0,24,0.0,0.0,0.0,0.0,0.0,1.0
"G[1,2](((Temp >= 3.070 & WBC <= 5.702) -> Glucose >= 0.140) -> HR <= 2.825)
",9999999.000,9999999.000,0.000,1.000,0.000,0,0,6,18,18,6,6,18,0.0,0.0,1.0,0.0,0.0,1.0
"G[2,2](O2Sat >= 46.081 & Platelets <= 92.526)
",-46.081,-46.081,0.000,1.000,0.000,0,0,24,0,0,24,24,0,0.0,0.0,1.0,0.0,0.0,1.0
"G[1,2]((Potassium >= 0.022 -> Resp >= 4.030) & Temp <= 12.941)
",9999999.000,9999999.000,0.000,1.000,0.000,0,0,22,2,2,22,22,2,0.0,0.0,1.0,0.0,0.0,1.0
"G[0,2]((Hct >= 0.221 & O2Sat >= 29.680) -> FiO2 >= 13.049)
",9999999.000,9999999.000,0.000,1.000,0.000,0,0,22,2,2,22,22,2,0.0,0.0,1.0,0.0,0.0,1.0
"G[1,2](((Hgb <= 2.670 -> HR <= 99.187) | Hct <= 60.136) -> TroponinI <= 86.349)
",9999999.000,9999999.000,0.000,1.000,0.000,0,0,24,0,0,24,24,0,0.0,0.0,1.0,0.0,0.0,1.0
"G[0,1]((SaO2 >= 1.187 -> Temp >= 0.678) & Phosphate >= 3.464)
",9999999.000,9999999.000,0.000,1.000,0.000,0,0,0,24,24,0,0,24,0.0,0.0,0.0,0.0,0.0,1.0
"G[0,2]((Glucose >= 25.316 & SaO2 <= 9.372) -> Alkalinephos >= 0.770)
",9999999.000,9999999.000,0.000,1.000,0.000,0,0,14,10,10,14,14,10,0.0,0.0,1.0,0.0,0.0,1.0
"G[0,2]((O2Sat <= 87.115 -> Phosphate <= 0.093) | Resp <= 1.297)
",9999999.000,9999999.000,0.000,1.000,0.000,0,0,24,0,0,24,24,0,0.0,0.0,1.0,0.0,0.0,1.0
"G[0,2](((Platelets <= 17.063 | PTT >= 0.041) & Alkalinephos <= 24.171) & Calcium >= 0.115)
",9999999.000,9999999.000,0.000,1.000,0.000,0,0,0,24,24,0,0,24,0.0,0.0,0.0,0.0,0.0,1.0
"G[1,2](PaCO2 >= 0.734 -> Platelets >= 5.951)
",9999999.000,9999999.000,0.000,1.000,0.000,0,0,24,0,0,24,24,0,0.0,0.0,1.0,0.0,0.0,1.0
"G[1,2]((Platelets <= 94.546 & SaO2 <= 88.662) -> Magnesium >= 1.600)
",9999999.000,9999999.000,0.000,1.000,0.000,0,0,1,23,23,1,1,23,0.0,0.0,1.0,0.0,0.0,1.0
"G[0,2]((BUN <= 4.650 & HCO3 <= 1.216) & Platelets <= 19.809)
",9999999.000,9999999.000,0.000,1.000,0.000,0,0,21,3,3,21,21,3,0.0,0.0,1.0,0.0,0.0,1.0
"G[0,0](((Hct >= 1.768 & MAP <= 72.099) -> HR <= 86.365) -> Phosphate >= 22.085)
",-1.988,-55.649,0.000,1.000,0.000,0,0,0,24,24,0,0,24,0.0,0.0,0.0,0.0,0.0,1.0
"G[0,2](Resp >= 9.431 | WBC <= 1.778)
",9999999.000,9999999.000,0.000,1.000,0.000,0,0,23,1,1,23,23,1,0.0,0.0,1.0,0.0,0.0,1.0
"G[1,2](((Fibrinogen <= 314.997 | Magnesium >= 0.016) | O2Sat >= 0.010) -> HCO3 >= 0.001)
",9999999.000,9999999.000,0.000,1.000,0.000,0,0,0,24,24,0,0,24,0.0,0.0,0.0,0.0,0.0,1.0
"G[1,2](((Phosphate <= 2.407 & SaO2 <= 28.037) | Fibrinogen <= 79.765) | Glucose >= 1.797)
",9999999.000,9999999.000,0.000,1.000,0.000,0,0,24,0,0,24,24,0,0.0,0.0,1.0,0.0,0.0,1.0
"G[1,2](((PTT >= 0.258 & SaO2 >= 0.412) & SaO2 <= 39.666) | PTT >= 0.747)
",9999999.000,9999999.000,0.000,1.000,0.000,0,0,0,24,24,0,0,24,0.0,0.0,0.0,0.0,0.0,1.0
"G[2,2](((DBP >= 38.198 & Potassium <= 3.202) -> HCO3 >= 0.024) -> Hct >= 0.153)
",-7000097475383731.000,-0.024,0.000,1.000,0.000,0,0,24,0,0,24,24,0,0.0,0.0,1.0,0.0,0.0,1.0
"G[0,2](Potassium >= 0.096 -> SBP <= 166.558)
",9999999.000,9999999.000,0.000,1.000,0.000,0,0,24,0,0,24,24,0,0.0,0.0,1.0,0.0,0.0,1.0
"G[0,2](((Creatinine <= 0.604 -> Resp <= 26.114) & Magnesium <= 24.057) | Hgb <= 29.286)
",9999999.000,9999999.000,0.000,1.000,0.000,0,0,24,0,0,24,24,0,0.0,0.0,1.0,0.0,0.0,1.0
"G[0,2](((Calcium >= 0.077 | HR >= 3.528) & Temp <= 80.598) | WBC <= 79.317)
",9999999.000,9999999.000,0.000,1.000,0.000,0,0,24,0,0,24,24,0,0.0,0.0,1.0,0.0,0.0,1.0
"G[1,2](((DBP <= 63.832 | WBC <= 3.700) -> Calcium <= 3.173) & HCO3 >= 0.163)
",9999999.000,9999999.000,0.000,1.000,0.000,0,0,0,24,24,0,0,24,0.0,0.0,0.0,0.0,0.0,1.0
"G[1,2](BUN <= 13.864 & MAP >= 59.166)
",9999999.000,9999999.000,0.000,1.000,0.000,0,0,18,6,6,18,18,6,0.0,0.0,1.0,0.0,0.0,1.0
"G[0,2]((DBP >= 7.321 & Fibrinogen >= 6.280) & FiO2 >= 6.719)
",9999999.000,9999999.000,0.000,1.000,0.000,0,0,0,24,24,0,0,24,0.0,0.0,0.0,0.0,0.0,1.0
"G[1,2](Calcium <= 5.242 | Magnesium >= 0.016)
",9999999.000,9999999.000,0.000,1.000,0.000,0,0,24,0,0,24,24,0,0.0,0.0,1.0,0.0,0.0,1.0
"G[0,2](((Potassium <= 0.229 & PTT <= 25.305) | Phosphate >= 0.123) | Resp >= 0.147)
",9999999.000,9999999.000,0.000,1.000,0.000,0,0,23,1,1,23,23,1,0.0,0.0,1.0,0.0,0.0,1.0
"G[0,2](((Fibrinogen >= 7.633 -> Potassium >= 0.171) | Fibrinogen <= 2.162) -> Phosphate <= 0.982)
",9999999.000,9999999.000,0.000,1.000,0.000,0,0,23,1,1,23,23,1,0.0,0.0,1.0,0.0,0.0,1.0
"G[0,2]((BUN >= 0.130 & PTT <= 25.202) & Potassium <= 23.732)
",9999999.000,9999999.000,0.000,1.000,0.000,0,0,0,24,24,0,0,24,0.0,0.0,0.0,0.0,0.0,1.0
"G[1,2](Phosphate >= 0.055 | WBC <= 5.448)
",9999999.000,9999999.000,0.000,1.000,0.000,0,0,24,0,0,24,24,0,0.0,0.0,1.0,0.0,0.0,1.0
"G[2,2](((Hct <= 20.012 & Phosphate >= 0.058) & MAP >= 0.032) & DBP >= 0.007)
",-0.058,-0.058,0.000,1.000,0.000,0,0,24,0,0,24,24,0,0.0,0.0,1.0,0.0,0.0,1.0
"G[0,2](((Hct <= 33.092 | Magnesium <= 1.150) -> SaO2 >= 0.000) | EtCO2 <= 0.450)
",9999999.000,9999999.000,0.000,1.000,0.000,0,0,24,0,0,24,24,0,0.0,0.0,1.0,0.0,0.0,1.0
"G[2,2](MAP >= 29.744 & Resp <= 23.480)
",-29.744,-29.744,0.000,1.000,0.000,0,0,24,0,0,24,24,0,0.0,0.0,1.0,0.0,0.0,1.0
"G[1,2]((Potassium <= 2.886 -> SaO2 >= 1.713) & HCO3 >= 2.025)
",9999999.000,9999999.000,0.000,1.000,0.000,0,0,0,24,24,0,0,24,0.0,0.0,0.0,0.0,0.0,1.0
"G[0,2](HCO3 <= 21.977 | Potassium <= 1.750)
",9999999.000,9999999.000,0.000,1.000,0.000,0,0,23,1,1,23,23,1,0.0,0.0,1.0,0.0,0.0,1.0
"G[1,2]((Glucose >= 15.590 | Platelets >= 5.516) & WBC <= 152.931)
",9999999.000,9999999.000,0.000,1.000,0.000,0,0,3,21,21,3,3,21,0.0,0.0,1.0,0.0,0.0,1.0
"G[1,2]((Creatinine <= 1.780 | Glucose >= 23.912) | Platelets >= 4.248)
",9999999.000,9999999.000,0.000,1.000,0.000,0,0,24,0,0,24,24,0,0.0,0.0,1.0,0.0,0.0,1.0
"G[1,2]((DBP >= 18.374 & Glucose <= 77.384) -> Phosphate <= 101.670)
",9999999.000,9999999.000,0.000,1.000,0.000,0,0,24,0,0,24,24,0,0.0,0.0,1.0,0.0,0.0,1.0
"G[0,2]((HCO3 >= 0.166 & O2Sat <= 87.704) | TroponinI >= 7.943)
",9999999.000,9999999.000,0.000,1.000,0.000,0,0,0,24,24,0,0,24,0.0,0.0,0.0,0.0,0.0,1.0
"G[1,2]((Glucose >= 8.487 -> PTT >= 0.305) & Bilirubin_direct >= 0.353)
",9999999.000,9999999.000,0.000,1.000,0.000,0,0,0,24,24,0,0,24,0.0,0.0,0.0,0.0,0.0,1.0
"G[2,2](((Glucose >= 5.662 | Potassium >= 0.101) & O2Sat >= 0.090) & SaO2 <= 3.659)
",-0.101,-0.101,0.000,1.000,0.000,0,0,24,0,0,24,24,0,0.0,0.0,1.0,0.0,0.0,1.0
"G[0,2](((Glucose >= 1.372 & SBP >= 33.790) | AST <= 168.536) | AST <= 160.356)
",9999999.000,9999999.000,0.000,1.000,0.000,0,0,24,0,0,24,24,0,0.0,0.0,1.0,0.0,0.0,1.0
"G[0,1]((DBP >= 19.932 | HCO3 <= 4.994) -> Hgb >= 0.215)
",9999999.000,9999999.000,0.000,1.000,0.000,0,0,0,24,24,0,0,24,0.0,0.0,0.0,0.0,0.0,1.0
"G[2,2](((Glucose >= 21.036 | O2Sat >= 40.466) -> Phosphate <= 92.327) -> SBP >= 58.043)
",58.043,58.043,0.000,1.000,0.000,0,0,24,0,0,24,24,0,0.0,0.0,1.0,0.0,0.0,1.0
"G[0,1]((Glucose <= 139.783 & Hct <= 2.807) & FiO2 >= 0.072)
",9999999.000,9999999.000,0.000,1.000,0.000,0,0,0,24,24,0,0,24,0.0,0.0,0.0,0.0,0.0,1.0
"G[0,2](((MAP >= 29.118 -> PaCO2 >= 0.644) & MAP <= 15.406) & HR >= 0.681)
",9999999.000,9999999.000,0.000,1.000,0.000,0,0,0,24,24,0,0,24,0.0,0.0,0.0,0.0,0.0,1.0
"G[1,2](HR >= 40.322 & Temp >= 4.704)
",9999999.000,9999999.000,0.000,1.000,0.000,0,0,2,22,22,2,2,22,0.0,0.0,1.0,0.0,0.0,1.0
"G[1,2](((Glucose >= 11.671 & Resp <= 21.554) -> Creatinine >= 4.153) & Hgb >= 4.392)
",9999999.000,9999999.000,0.000,1.000,0.000,0,0,0,24,24,0,0,24,0.0,0.0,0.0,0.0,0.0,1.0
"G[1,2]((Creatinine >= 0.027 & pH >= 0.000) | SaO2 <= 0.000)
",9999999.000,9999999.000,0.000,1.000,0.000,0,0,24,0,0,24,24,0,0.0,0.0,1.0,0.0,0.0,1.0
