Rule,Discrimination Score,Pos Robustness,Neg Robustness,Percent Class +,Percent Class -,TP,TN,FP,FN,Actual Yes,Actual No,Predicted Yes,Predicted No,TPR/Sens,TNR/Spec,FPR,Precision,Accuracy,MCR
"F[0,0](((SaO2 >= 0.000 -> BUN >= 0.950) -> WBC <= 14.763) -> Chloride >= 0.007)
",-0.226,-0.443,0.000,0.000,1.000,21,0,0,0,21,0,21,0,1.0,0,0,1.0,1.024390243902439,-0.024390243902439046
"F[0,0]((Hct >= 0.751 | SBP <= 171.278) & Bilirubin_total >= 107.616)
",-149.399,-107.451,0.000,0.000,1.000,21,0,0,0,21,0,21,0,1.0,0,0,1.0,1.024390243902439,-0.024390243902439046
"F[0,0]((Calcium <= 4.388 & Potassium <= 2.477) & Magnesium >= 0.083)
",-0.417,-0.185,0.000,0.000,1.000,21,0,0,0,21,0,21,0,1.0,0,0,1.0,1.024390243902439,-0.024390243902439046
"F[0,0]((Calcium <= 8.119 & Potassium <= 0.185) & Magnesium >= 0.095)
",-0.330,-0.311,0.000,0.000,1.000,21,0,0,0,21,0,21,0,1.0,0,0,1.0,1.024390243902439,-0.024390243902439046
"F[1,1]((Hct >= 0.679 & O2Sat <= 98.991) & Platelets <= 94.034)
",-6115482862512050.000,-0.679,0.000,0.000,1.000,20,0,0,1,21,0,20,1,0.9523809523809523,0,0,1.0,0.975609756097561,0.024390243902439046
"F[1,1](Potassium >= 0.038 & WBC <= 3.474)
",-0.038,-0.038,0.000,0.000,1.000,20,0,0,1,21,0,20,1,0.9523809523809523,0,0,1.0,0.975609756097561,0.024390243902439046
"F[1,1]((Calcium <= 5.019 & Potassium <= 0.623) & Magnesium >= 0.058)
",-8318514892246622.000,-0.058,0.000,0.000,1.000,20,0,0,1,21,0,20,1,0.9523809523809523,0,0,1.0,0.975609756097561,0.024390243902439046
"F[0,1]((Platelets >= 6.567 | Potassium >= 0.098) & AST >= 0.011)
",-9999999.000,-9999999.000,0.000,0.000,1.000,20,0,0,1,21,0,20,1,0.9523809523809523,0,0,1.0,0.975609756097561,0.024390243902439046
"F[0,1]((Calcium <= 8.318 -> Temp <= 34.870) & BaseExcess >= 2.814)
",-9999999.000,-9999999.000,0.000,0.000,1.000,20,0,0,1,21,0,20,1,0.9523809523809523,0,0,1.0,0.975609756097561,0.024390243902439046
"F[1,1]((Platelets <= 113.587 & Magnesium >= 0.074) | BaseExcess >= 0.069)
",-4969310252788518.000,-0.069,0.000,0.000,1.000,20,0,0,1,21,0,20,1,0.9523809523809523,0,0,1.0,0.975609756097561,0.024390243902439046
"F[1,1](Calcium >= 0.307 & SepsisLabel = 0.000)
",-0.307,-0.307,0.000,0.000,1.000,19,0,0,2,21,0,19,2,0.9047619047619048,0,0,1.0,0.926829268292683,0.07317073170731703
"((Potassium <= 1.647) U[1,1] (Phosphate >= 0.190))
",1.647,1.647,0.000,0.000,1.000,19,0,0,2,21,0,19,2,0.9047619047619048,0,0,1.0,0.926829268292683,0.07317073170731703
"F[1,1](Hgb >= 0.315 & SepsisLabel = 0.000)
",-5668414204515739.000,-0.315,0.000,0.000,1.000,19,0,0,2,21,0,19,2,0.9047619047619048,0,0,1.0,0.926829268292683,0.07317073170731703
"F[1,1](Potassium >= 0.053 & Glucose >= 9.318)
",-5245671775084126.000,-9.318,0.000,0.000,1.000,19,0,0,2,21,0,19,2,0.9047619047619048,0,0,1.0,0.926829268292683,0.07317073170731703
"F[0,1](((MAP <= 104.086 & WBC >= 0.134) & HR >= 0.182) & Potassium >= 0.116)
",-9999999.000,-9999999.000,0.000,0.000,1.000,19,0,0,2,21,0,19,2,0.9047619047619048,0,0,1.0,0.926829268292683,0.07317073170731703
"((Calcium <= 4.581) U[0,1] (Phosphate >= 0.040))
",-9999999.000,-9999999.000,0.000,0.000,1.000,18,0,0,3,21,0,18,3,0.8571428571428571,0,0,1.0,0.8780487804878049,0.12195121951219512
"F[0,1](Resp <= 27.944 & Creatinine >= 0.064)
",-9999999.000,-9999999.000,0.000,0.000,1.000,18,0,0,3,21,0,18,3,0.8571428571428571,0,0,1.0,0.8780487804878049,0.12195121951219512
"F[0,1](((Platelets >= 3.998 & Temp >= 3.695) -> HCO3 <= 33.066) & Platelets >= 4.891)
",-9999999.000,-9999999.000,0.000,0.000,1.000,18,0,0,3,21,0,18,3,0.8571428571428571,0,0,1.0,0.8780487804878049,0.12195121951219512
"F[0,1](((BUN >= 0.926 & Creatinine <= 0.475) -> TroponinI >= 0.220) -> Potassium >= 0.005)
",-9999999.000,-9999999.000,0.000,0.000,1.000,18,0,0,3,21,0,18,3,0.8571428571428571,0,0,1.0,0.8780487804878049,0.12195121951219512
"((Creatinine >= 0.011) U[0,1] (Creatinine >= 0.064))
",-9999999.000,-9999999.000,0.000,0.000,1.000,18,0,0,3,21,0,18,3,0.8571428571428571,0,0,1.0,0.8780487804878049,0.12195121951219512
"F[0,1](((HCO3 <= 0.000 -> AST <= 0.000) & Phosphate >= 0.000) -> Resp <= 0.000)
",-9999999.000,-9999999.000,0.000,0.000,1.000,17,0,0,4,21,0,17,4,0.8095238095238095,0,0,1.0,0.8292682926829268,0.1707317073170732
"((O2Sat <= 96.012) U[1,2] (SepsisLabel = 0.000))
",-9999999.000,-9999999.000,0.000,0.000,1.000,16,0,0,5,21,0,16,5,0.7619047619047619,0,0,1.0,0.7804878048780488,0.2195121951219512
"((Temp >= 5.966) U[1,2] (SaO2 <= 0.000))
",-9999999.000,-9999999.000,0.000,0.000,1.000,14,0,0,7,21,0,14,7,0.6666666666666666,0,0,1.0,0.6829268292682927,0.31707317073170727
"F[0,1]((BUN <= 17.856 -> Hgb <= 8.682) -> Glucose >= 0.356)
",-9999999.000,-9999999.000,0.000,0.000,1.000,13,0,0,8,21,0,13,8,0.6190476190476191,0,0,1.0,0.6341463414634146,0.36585365853658536
"((MAP >= 84.152) U[1,1] (SBP <= 151.520))
",5331144595092258.000,151.520,0.000,0.000,1.000,12,0,0,9,21,0,12,9,0.5714285714285714,0,0,1.0,0.5853658536585366,0.41463414634146345
"F[0,1](Temp > 7.759 & SepsisLabel = 0.000)
",-9999999.000,-9999999.000,0.000,0.000,1.000,12,0,0,9,21,0,12,9,0.5714285714285714,0,0,1.0,0.5853658536585366,0.41463414634146345
"((DBP >= 56.720) U[1,1] (HR <= 100.010))
",100.010,100.010,0.000,0.000,1.000,9,0,0,12,21,0,9,12,0.42857142857142855,0,0,1.0,0.43902439024390244,0.5609756097560976
"((MAP >= 79.662) U[1,2] (SBP <= 124.334))
",-9999999.000,-9999999.000,0.000,0.000,1.000,5,0,0,16,21,0,5,16,0.23809523809523808,0,0,1.0,0.24390243902439024,0.7560975609756098
"((Resp <= 22.691) U[1,1] (SBP <= 178.896))
",6294360986125662.000,178.896,0.000,0.000,1.000,4,0,0,17,21,0,4,17,0.19047619047619047,0,0,1.0,0.1951219512195122,0.8048780487804879
"((MAP >= 48.375) U[0,1] (SBP <= 128.820))
",-9999999.000,-9999999.000,0.000,0.000,1.000,4,0,0,17,21,0,4,17,0.19047619047619047,0,0,1.0,0.1951219512195122,0.8048780487804879
"F[1,1](((BUN >= 0.894 | Temp >= 6.672) -> WBC >= 5.676) | HR <= 12.280)
",6912870311128863.000,12.280,0.000,0.000,1.000,3,0,0,18,21,0,3,18,0.14285714285714285,0,0,1.0,0.14634146341463414,0.8536585365853658
"F[0,0](PTT >= 0.000 & MAP >= 68.656)
",-0.299,-6.271,0.000,0.000,1.000,3,0,0,18,21,0,3,18,0.14285714285714285,0,0,1.0,0.14634146341463414,0.8536585365853658
"((MAP >= 15.435) U[1,1] (SBP <= 168.692))
",5935329197568165.000,168.692,0.000,0.000,1.000,3,0,0,18,21,0,3,18,0.14285714285714285,0,0,1.0,0.14634146341463414,0.8536585365853658
"((Platelets <= 143.939) U[1,1] (Resp <= 27.051))
",5064402837713627.000,143.939,0.000,0.000,1.000,3,0,0,18,21,0,3,18,0.14285714285714285,0,0,1.0,0.14634146341463414,0.8536585365853658
"((Glucose <= 69.296) U[1,2] (Platelets <= 93.081))
",-9999999.000,-9999999.000,0.000,0.000,1.000,2,0,0,19,21,0,2,19,0.09523809523809523,0,0,1.0,0.0975609756097561,0.9024390243902439
"((Phosphate <= 1.565) U[1,1] (SBP >= 24.278))
",7048833338163619.000,1.565,0.000,0.000,1.000,2,0,0,19,21,0,2,19,0.09523809523809523,0,0,1.0,0.0975609756097561,0.9024390243902439
"((MAP >= 84.924) U[0,1] (SBP <= 156.448))
",-9999999.000,-9999999.000,0.000,0.000,1.000,2,0,0,19,21,0,2,19,0.09523809523809523,0,0,1.0,0.0975609756097561,0.9024390243902439
"F[1,1](Glucose <= 98.867 & Fibrinogen >= 0.000)
",0.000,0.000,0.000,0.000,1.000,1,0,0,20,21,0,1,20,0.047619047619047616,0,0,1.0,0.04878048780487805,0.9512195121951219
"F[0,0](((Hgb <= 1.792 & MAP >= 44.958) | Platelets >= 58.431) & Calcium <= 96.471)
",-0.306,-4.873,0.000,0.000,1.000,1,0,0,20,21,0,1,20,0.047619047619047616,0,0,1.0,0.04878048780487805,0.9512195121951219
"F[0,0]((MAP <= 109.806 -> Magnesium >= 0.068) | MAP >= 0.060)
",2.504,110.365,0.000,0.000,1.000,1,0,0,20,21,0,1,20,0.047619047619047616,0,0,1.0,0.04878048780487805,0.9512195121951219
"F[1,1](((PaCO2 >= 0.000 -> Magnesium >= 0.067) | AST <= 0.142) & HR >= 0.019)
",-5501163402246219.000,-0.019,0.000,0.000,1.000,1,0,0,20,21,0,1,20,0.047619047619047616,0,0,1.0,0.04878048780487805,0.9512195121951219
"((Platelets <= 182.761) U[1,2] (WBC <= 1.799))
",-9999999.000,-9999999.000,0.000,0.000,1.000,1,0,0,20,21,0,1,20,0.047619047619047616,0,0,1.0,0.04878048780487805,0.9512195121951219
"F[1,1](((Lactate >= 0.000 | Calcium <= 1.633) & SBP >= 0.360) | AST >= 0.112)
",-8081941665076130.000,-0.112,0.000,0.000,1.000,1,0,0,20,21,0,1,20,0.047619047619047616,0,0,1.0,0.04878048780487805,0.9512195121951219
"F[1,1](((FiO2 <= 0.000 & Resp >= 3.133) | DBP <= 21.740) | Magnesium >= 4.387)
",6119341998942388.000,21.740,0.000,0.000,1.000,1,0,0,20,21,0,1,20,0.047619047619047616,0,0,1.0,0.04878048780487805,0.9512195121951219
"F[1,1]((BUN <= 18.479 & O2Sat >= 25.607) & Chloride <= 94.668)
",-7207703271233843.000,-25.607,0.000,0.000,1.000,1,0,0,20,21,0,1,20,0.047619047619047616,0,0,1.0,0.04878048780487805,0.9512195121951219
"((O2Sat > 7.781) U[1,2] (SepsisLabel = 0.000))
",-9999999.000,-9999999.000,0.000,0.000,1.000,1,0,0,20,21,0,1,20,0.047619047619047616,0,0,1.0,0.04878048780487805,0.9512195121951219
"F[0,0]((Lactate >= 0.000 -> SepsisLabel >= 0.000) & Creatinine <= 0.000)
",-0.385,-16.600,0.000,0.000,1.000,1,0,0,20,21,0,1,20,0.047619047619047616,0,0,1.0,0.04878048780487805,0.9512195121951219
"((Hct < 36.733) U[1,2] (SepsisLabel = 0.000))
",-9999999.000,-9999999.000,0.000,0.000,1.000,1,0,0,20,21,0,1,20,0.047619047619047616,0,0,1.0,0.04878048780487805,0.9512195121951219
"F[0,0](Hgb <= 1.496 | Hct <= 31.513)
",2956683489969081.500,31.513,0.000,0.000,1.000,1,0,0,20,21,0,1,20,0.047619047619047616,0,0,1.0,0.04878048780487805,0.9512195121951219
"F[0,0]((PTT >= 0.000 -> Hgb <= 2.448) -> SBP >= 0.293)
",-0.559,-9.007,0.000,0.000,1.000,1,0,0,20,21,0,1,20,0.047619047619047616,0,0,1.0,0.04878048780487805,0.9512195121951219
"F[0,0](((Calcium < 7.402 & Potassium < 4.092) & Magnesium < 0.660) & Phosphate < 5.285)
",2.363,0.601,0.000,0.000,1.000,1,0,0,20,21,0,1,20,0.047619047619047616,0,0,1.0,0.04878048780487805,0.9512195121951219
"((MAP >= 42.513) U[1,2] (SBP <= 159.688))
",-9999999.000,-9999999.000,0.000,0.000,1.000,1,0,0,20,21,0,1,20,0.047619047619047616,0,0,1.0,0.04878048780487805,0.9512195121951219
"((MAP >= 37.936) U[1,2] (SBP <= 182.535))
",-9999999.000,-9999999.000,0.000,0.000,1.000,1,0,0,20,21,0,1,20,0.047619047619047616,0,0,1.0,0.04878048780487805,0.9512195121951219
"F[0,0]((Phosphate >= 0.119 & Magnesium > 0.082) -> Calcium < 6.474)
",-6.474,-6.474,0.000,0.000,1.000,1,0,0,20,21,0,1,20,0.047619047619047616,0,0,1.0,0.04878048780487805,0.9512195121951219
"F[0,0]((Phosphate >= 0.016 & Magnesium > 0.048) -> Calcium < 8.431)
",-8.431,-8.431,0.000,0.000,1.000,1,0,0,20,21,0,1,20,0.047619047619047616,0,0,1.0,0.04878048780487805,0.9512195121951219
"F[1,1](Hgb <= 8.088 | Hct <= 14.834)
",8350921986572749.000,14.834,0.000,0.000,1.000,1,0,0,20,21,0,1,20,0.047619047619047616,0,0,1.0,0.04878048780487805,0.9512195121951219
"F[1,1](Hgb <= 7.092 | Hct <= 27.698)
",7796201960090659.000,27.698,0.000,0.000,1.000,1,0,0,20,21,0,1,20,0.047619047619047616,0,0,1.0,0.04878048780487805,0.9512195121951219
"F[1,1]((Phosphate >= 0.055 & Magnesium > 0.069) -> Calcium < 7.199)
",-4052666920101337.500,-7.199,0.000,0.000,1.000,1,0,0,20,21,0,1,20,0.047619047619047616,0,0,1.0,0.04878048780487805,0.9512195121951219
"F[0,0](((Calcium < 2.160 & Potassium < 3.568) & Magnesium < 0.430) & Phosphate < 4.507)
",1.120,0.357,0.000,0.000,1.000,1,0,0,20,21,0,1,20,0.047619047619047616,0,0,1.0,0.04878048780487805,0.9512195121951219
"F[1,1](Hgb <= 4.804 | Hct <= 33.179)
",4669553446899706.000,33.179,0.000,0.000,1.000,1,0,0,20,21,0,1,20,0.047619047619047616,0,0,1.0,0.04878048780487805,0.9512195121951219
"F[0,2](((PTT >= 0.000 -> BUN <= 19.692) -> O2Sat <= 2.635) | Platelets <= 10.178)
",-9999999.000,-9999999.000,0.000,0.000,1.000,0,0,0,21,21,0,0,21,0.0,0,0,0.0,0.0,1.0
"F[1,2]((Resp <= 26.287 | Phosphate >= 0.105) & BUN <= 4.047)
",-9999999.000,-9999999.000,0.000,0.000,1.000,0,0,0,21,21,0,0,21,0.0,0,0,0.0,0.0,1.0
"F[0,2]((HR <= 96.890 | WBC >= 0.072) -> Hct <= 3.948)
",-9999999.000,-9999999.000,0.000,0.000,1.000,0,0,0,21,21,0,0,21,0.0,0,0,0.0,0.0,1.0
"F[1,2]((Fibrinogen >= 0.000 -> EtCO2 <= 0.000) & EtCO2 <= 0.000)
",-9999999.000,-9999999.000,0.000,0.000,1.000,0,0,0,21,21,0,0,21,0.0,0,0,0.0,0.0,1.0
"F[0,2]((Phosphate <= 4.341 & PTT <= 0.000) & Hct >= 0.000)
",-9999999.000,-9999999.000,0.000,0.000,1.000,0,0,0,21,21,0,0,21,0.0,0,0,0.0,0.0,1.0
"F[0,1]((Glucose >= 8.590 -> HCO3 <= 0.000) | Creatinine <= 0.000)
",-9999999.000,-9999999.000,0.000,0.000,1.000,0,0,0,21,21,0,0,21,0.0,0,0,0.0,0.0,1.0
"F[0,2](EtCO2 <= 0.000 | DBP >= 40.011)
",-9999999.000,-9999999.000,0.000,0.000,1.000,0,0,0,21,21,0,0,21,0.0,0,0,0.0,0.0,1.0
"F[1,1](Resp <= 28.175 | WBC <= 3.965)
",28.175,28.175,0.000,0.000,1.000,0,0,0,21,21,0,0,21,0.0,0,0,0.0,0.0,1.0
"((HR >= 61.640) U[0,2] (SepsisLabel >= 0.000))
",-9999999.000,-9999999.000,0.000,0.000,1.000,0,0,0,21,21,0,0,21,0.0,0,0,0.0,0.0,1.0
"F[1,2](((Creatinine <= 5.385 | BUN >= 0.566) & SepsisLabel >= 0.732) | Magnesium >= 0.337)
",-9999999.000,-9999999.000,0.000,0.000,1.000,0,0,0,21,21,0,0,21,0.0,0,0,0.0,0.0,1.0
"F[0,2](PaCO2 <= 0.000 & Phosphate <= 0.456)
",-9999999.000,-9999999.000,0.000,0.000,1.000,0,0,0,21,21,0,0,21,0.0,0,0,0.0,0.0,1.0
"F[0,1]((Potassium <= 0.313 -> Magnesium >= 0.021) | O2Sat >= 0.017)
",-9999999.000,-9999999.000,0.000,0.000,1.000,0,0,0,21,21,0,0,21,0.0,0,0,0.0,0.0,1.0
"F[1,2](EtCO2 > 0.000 -> SepsisLabel = 0.000)
",-9999999.000,-9999999.000,0.000,0.000,1.000,0,0,0,21,21,0,0,21,0.0,0,0,0.0,0.0,1.0
"F[0,2]((Hct <= 32.199 | SaO2 <= 0.000) | Platelets <= 0.000)
",-9999999.000,-9999999.000,0.000,0.000,1.000,0,0,0,21,21,0,0,21,0.0,0,0,0.0,0.0,1.0
"F[1,1]((BUN >= 0.174 | SBP <= 124.276) | SaO2 <= 157.716)
",157.716,157.716,0.000,0.000,1.000,0,0,0,21,21,0,0,21,0.0,0,0,0.0,0.0,1.0
"((SaO2 >= 0.000) U[0,1] (FiO2 <= 0.000))
",-9999999.000,-9999999.000,0.000,0.000,1.000,0,0,0,21,21,0,0,21,0.0,0,0,0.0,0.0,1.0
"((FiO2 >= 0.000) U[1,2] (Bilirubin_direct >= 0.000))
",-9999999.000,-9999999.000,0.000,0.000,1.000,0,0,0,21,21,0,0,21,0.0,0,0,0.0,0.0,1.0
"F[0,1](((Potassium <= 0.301 | Platelets >= 5.282) | MAP <= 108.917) | TroponinI >= 0.529)
",-9999999.000,-9999999.000,0.000,0.000,1.000,0,0,0,21,21,0,0,21,0.0,0,0,0.0,0.0,1.0
"((SaO2 <= 0.000) U[1,2] (HCO3 <= 0.000))
",-9999999.000,-9999999.000,0.000,0.000,1.000,0,0,0,21,21,0,0,21,0.0,0,0,0.0,0.0,1.0
"F[1,2]((SepsisLabel >= 0.000 | Bilirubin_direct >= 0.000) & Resp <= 0.000)
",-9999999.000,-9999999.000,0.000,0.000,1.000,0,0,0,21,21,0,0,21,0.0,0,0,0.0,0.0,1.0
"F[0,1](((DBP <= 66.599 -> BUN >= 0.807) & Temp <= 7.058) | HCO3 <= 6.231)
",-9999999.000,-9999999.000,0.000,0.000,1.000,0,0,0,21,21,0,0,21,0.0,0,0,0.0,0.0,1.0
"F[0,2]((Glucose >= 13.219 -> Potassium >= 0.180) -> Calcium >= 0.090)
",-9999999.000,-9999999.000,0.000,0.000,1.000,0,0,0,21,21,0,0,21,0.0,0,0,0.0,0.0,1.0
"F[0,1](((MAP >= 55.062 & pH <= 0.000) | Alkalinephos >= 0.000) | WBC <= 0.000)
",-9999999.000,-9999999.000,0.000,0.000,1.000,0,0,0,21,21,0,0,21,0.0,0,0,0.0,0.0,1.0
"((O2Sat >= 2.874) U[0,2] (SaO2 <= 0.000))
",-9999999.000,-9999999.000,0.000,0.000,1.000,0,0,0,21,21,0,0,21,0.0,0,0,0.0,0.0,1.0
"F[1,2]((Hct <= 32.368 | Alkalinephos >= 0.000) -> PaCO2 <= 0.000)
",-9999999.000,-9999999.000,0.000,0.000,1.000,0,0,0,21,21,0,0,21,0.0,0,0,0.0,0.0,1.0
"F[2,2](AST <= 0.000 & Platelets >= 2.273)
",-2.273,-2.273,0.000,0.000,1.000,0,0,0,21,21,0,0,21,0.0,0,0,0.0,0.0,1.0
"F[0,0](Alkalinephos <= 0.000 & SepsisLabel <= 0.000)
",-0.229,-8.600,0.000,0.000,1.000,0,0,0,21,21,0,0,21,0.0,0,0,0.0,0.0,1.0
"F[1,1]((PaCO2 <= 0.000 | Potassium >= 0.035) | Calcium >= 0.005)
",0.000,0.000,0.000,0.000,1.000,0,0,0,21,21,0,0,21,0.0,0,0,0.0,0.0,1.0
"F[1,1]((Hgb >= 0.370 | BaseExcess >= 0.000) -> TroponinI >= 0.000)
",0.000,0.000,0.000,0.000,1.000,0,0,0,21,21,0,0,21,0.0,0,0,0.0,0.0,1.0
"F[2,2]((Magnesium >= 0.087 -> Creatinine >= 0.108) & pH <= 5.336)
",6244011965946132.000,0.087,0.000,0.000,1.000,0,0,0,21,21,0,0,21,0.0,0,0,0.0,0.0,1.0
"F[0,1](((BUN >= 0.231 | FiO2 <= 0.000) & Glucose <= 0.000) -> Temp >= 0.000)
",-9999999.000,-9999999.000,0.000,0.000,1.000,0,0,0,21,21,0,0,21,0.0,0,0,0.0,0.0,1.0
"F[1,2](Fibrinogen <= 0.000 | Creatinine >= 0.139)
",-9999999.000,-9999999.000,0.000,0.000,1.000,0,0,0,21,21,0,0,21,0.0,0,0,0.0,0.0,1.0
"F[0,2](((Bilirubin_direct >= 0.000 & Phosphate <= 3.069) & BUN >= 0.222) | PTT >= 0.097)
",-9999999.000,-9999999.000,0.000,0.000,1.000,0,0,0,21,21,0,0,21,0.0,0,0,0.0,0.0,1.0
"((Platelets <= 177.660) U[1,2] (Calcium >= 0.243))
",-9999999.000,-9999999.000,0.000,0.000,1.000,0,0,0,21,21,0,0,21,0.0,0,0,0.0,0.0,1.0
"F[1,1](((Resp >= 8.310 & WBC <= 0.770) & Lactate >= 0.176) -> DBP >= 0.190)
",6829380873643484.000,0.190,0.000,0.000,1.000,0,0,0,21,21,0,0,21,0.0,0,0,0.0,0.0,1.0
"F[0,2]((WBC <= 1.529 | BaseExcess >= 0.000) -> Phosphate >= 0.000)
",-9999999.000,-9999999.000,0.000,0.000,1.000,0,0,0,21,21,0,0,21,0.0,0,0,0.0,0.0,1.0
"F[1,1](Calcium <= 2.299 -> Magnesium <= 1.532)
",-2.299,-2.299,0.000,0.000,1.000,0,0,0,21,21,0,0,21,0.0,0,0,0.0,0.0,1.0
"F[1,1](((Resp <= 20.718 -> Hct <= 39.306) | Alkalinephos <= 29.802) | Resp >= 1.852)
",29.802,29.802,0.000,0.000,1.000,0,0,0,21,21,0,0,21,0.0,0,0,0.0,0.0,1.0
"F[1,2]((Glucose <= 32.884 & PaCO2 >= 0.000) -> Alkalinephos >= 0.000)
",-9999999.000,-9999999.000,0.000,0.000,1.000,0,0,0,21,21,0,0,21,0.0,0,0,0.0,0.0,1.0
"F[0,1](HCO3 >= 0.000 | Hgb >= 0.180)
",-9999999.000,-9999999.000,0.000,0.000,1.000,0,0,0,21,21,0,0,21,0.0,0,0,0.0,0.0,1.0
"F[1,1]((Resp >= 2.934 & HR <= 109.099) -> Lactate <= 91.722)
",-6454356765474196.000,-91.722,0.000,0.000,1.000,0,0,0,21,21,0,0,21,0.0,0,0,0.0,0.0,1.0
"F[0,2](((Resp <= 26.659 & Hct <= 5.724) -> AST >= 0.648) -> HCO3 >= 0.101)
",-9999999.000,-9999999.000,0.000,0.000,1.000,0,0,0,21,21,0,0,21,0.0,0,0,0.0,0.0,1.0
"F[1,2](((Resp <= 29.207 | PaCO2 <= 0.000) -> Glucose >= 0.000) | SepsisLabel <= 0.000)
",-9999999.000,-9999999.000,0.000,0.000,1.000,0,0,0,21,21,0,0,21,0.0,0,0,0.0,0.0,1.0
"F[0,2](PaCO2 <= 0.000 -> PTT >= 0.000)
",-9999999.000,-9999999.000,0.000,0.000,1.000,0,0,0,21,21,0,0,21,0.0,0,0,0.0,0.0,1.0
"F[1,2](((Alkalinephos <= 0.000 -> Creatinine <= 1.683) & Platelets <= 5.069) & Potassium <= 2.549)
",-9999999.000,-9999999.000,0.000,0.000,1.000,0,0,0,21,21,0,0,21,0.0,0,0,0.0,0.0,1.0
"F[1,2]((Alkalinephos >= 0.000 | FiO2 <= 0.000) & SepsisLabel <= 0.000)
",-9999999.000,-9999999.000,0.000,0.000,1.000,0,0,0,21,21,0,0,21,0.0,0,0,0.0,0.0,1.0
"F[0,2]((Bilirubin_total >= 0.000 | Phosphate >= 0.053) & Creatinine <= 1.993)
",-9999999.000,-9999999.000,0.000,0.000,1.000,0,0,0,21,21,0,0,21,0.0,0,0,0.0,0.0,1.0
"F[0,2](Platelets <= 96.549 -> HCO3 <= 0.000)
",-9999999.000,-9999999.000,0.000,0.000,1.000,0,0,0,21,21,0,0,21,0.0,0,0,0.0,0.0,1.0
"F[0,1](((Lactate >= 0.000 | Hgb >= 0.218) | BaseExcess >= 0.401) -> Alkalinephos <= 11.612)
",-9999999.000,-9999999.000,0.000,0.000,1.000,0,0,0,21,21,0,0,21,0.0,0,0,0.0,0.0,1.0
"F[0,0](((Temp >= 7.530 | AST >= 0.000) | Resp <= 0.000) & SaO2 <= 0.000)
",0.000,0.000,0.000,0.000,1.000,0,0,0,21,21,0,0,21,0.0,0,0,0.0,0.0,1.0
"F[1,2](Bilirubin_direct >= 0.000 & Calcium <= 4.650)
",-9999999.000,-9999999.000,0.000,0.000,1.000,0,0,0,21,21,0,0,21,0.0,0,0,0.0,0.0,1.0
"F[0,1](O2Sat >= 85.017 | O2Sat >= 24.930)
",-9999999.000,-9999999.000,0.000,0.000,1.000,0,0,0,21,21,0,0,21,0.0,0,0,0.0,0.0,1.0
"F[2,2](Phosphate >= 0.211 & Hgb <= 8.607)
",-3796200039481634.500,-0.211,0.000,0.000,1.000,0,0,0,21,21,0,0,21,0.0,0,0,0.0,0.0,1.0
"F[1,2](Hct >= 1.597 | Lactate >= 0.000)
",-9999999.000,-9999999.000,0.000,0.000,1.000,0,0,0,21,21,0,0,21,0.0,0,0,0.0,0.0,1.0
"((Creatinine >= 0.248) U[0,0] (HCO3 >= 0.000))
",0.000,0.000,0.000,0.000,1.000,0,0,0,21,21,0,0,21,0.0,0,0,0.0,0.0,1.0
"F[1,2]((Resp <= 23.770 | TroponinI >= 0.000) | PaCO2 >= 0.000)
",-9999999.000,-9999999.000,0.000,0.000,1.000,0,0,0,21,21,0,0,21,0.0,0,0,0.0,0.0,1.0
"F[0,2]((Glucose >= 8.993 -> Bilirubin_total >= 0.000) -> Magnesium <= 0.000)
",-9999999.000,-9999999.000,0.000,0.000,1.000,0,0,0,21,21,0,0,21,0.0,0,0,0.0,0.0,1.0
"F[1,2]((Calcium <= 1.881 & Potassium <= 1.013) & Magnesium >= 0.062)
",-9999999.000,-9999999.000,0.000,0.000,1.000,0,0,0,21,21,0,0,21,0.0,0,0,0.0,0.0,1.0
"((Potassium <= 2.848) U[0,2] (pH >= 0.000))
",-9999999.000,-9999999.000,0.000,0.000,1.000,0,0,0,21,21,0,0,21,0.0,0,0,0.0,0.0,1.0
"F[0,1]((HCO3 <= 0.000 & HCO3 <= 0.000) -> pH >= 0.000)
",-9999999.000,-9999999.000,0.000,0.000,1.000,0,0,0,21,21,0,0,21,0.0,0,0,0.0,0.0,1.0
"((SBP >= 64.262) U[0,0] (Bilirubin_total >= 0.000))
",0.229,0.165,0.000,0.000,1.000,0,0,0,21,21,0,0,21,0.0,0,0,0.0,0.0,1.0
"F[1,2](((O2Sat >= 12.998 -> Calcium <= 1.386) & Potassium <= 7.314) & SaO2 <= 1.812)
",-9999999.000,-9999999.000,0.000,0.000,1.000,0,0,0,21,21,0,0,21,0.0,0,0,0.0,0.0,1.0
"F[0,2]((EtCO2 <= 0.000 | Temp <= 29.279) | Calcium >= 4.194)
",-9999999.000,-9999999.000,0.000,0.000,1.000,0,0,0,21,21,0,0,21,0.0,0,0,0.0,0.0,1.0
"F[1,2](Resp >= 16.715 -> BUN >= 0.816)
",-9999999.000,-9999999.000,0.000,0.000,1.000,0,0,0,21,21,0,0,21,0.0,0,0,0.0,0.0,1.0
"F[1,2](O2Sat <= 98.689 -> Hct >= 0.137)
",-9999999.000,-9999999.000,0.000,0.000,1.000,0,0,0,21,21,0,0,21,0.0,0,0,0.0,0.0,1.0
"F[1,2]((TroponinI >= 0.000 & Potassium <= 1.454) | Glucose >= 0.135)
",-9999999.000,-9999999.000,0.000,0.000,1.000,0,0,0,21,21,0,0,21,0.0,0,0,0.0,0.0,1.0
"F[1,2](((Hgb >= 0.297 | Potassium <= 1.145) & Fibrinogen >= 0.121) & Chloride >= 0.068)
",-9999999.000,-9999999.000,0.000,0.000,1.000,0,0,0,21,21,0,0,21,0.0,0,0,0.0,0.0,1.0
"F[0,2](SepsisLabel >= 0.000 | Temp >= 4.222)
",-9999999.000,-9999999.000,0.000,0.000,1.000,0,0,0,21,21,0,0,21,0.0,0,0,0.0,0.0,1.0
"F[0,2](((BaseExcess <= 0.000 | DBP >= 38.706) | O2Sat <= 83.000) & Temp <= 81.657)
",-9999999.000,-9999999.000,0.000,0.000,1.000,0,0,0,21,21,0,0,21,0.0,0,0,0.0,0.0,1.0
"F[0,1](((EtCO2 >= 0.000 & SBP <= 164.296) | Glucose <= 175.746) | EtCO2 <= 182.696)
",-9999999.000,-9999999.000,0.000,0.000,1.000,0,0,0,21,21,0,0,21,0.0,0,0,0.0,0.0,1.0
"((Temp >= 5.961) U[0,2] (Hct <= 9.279))
",-9999999.000,-9999999.000,0.000,0.000,1.000,0,0,0,21,21,0,0,21,0.0,0,0,0.0,0.0,1.0
"F[0,1](HCO3 <= 0.000 -> Glucose <= 75.723)
",-9999999.000,-9999999.000,0.000,0.000,1.000,0,0,0,21,21,0,0,21,0.0,0,0,0.0,0.0,1.0
"F[2,2](((Fibrinogen <= 0.000 -> Chloride >= 0.000) | HCO3 >= 0.000) -> Glucose <= 0.000)
",0.000,0.000,0.000,0.000,1.000,0,0,0,21,21,0,0,21,0.0,0,0,0.0,0.0,1.0
"F[0,1](((WBC <= 1.532 | EtCO2 <= 0.000) | Calcium >= 0.000) | MAP <= 0.000)
",-9999999.000,-9999999.000,0.000,0.000,1.000,0,0,0,21,21,0,0,21,0.0,0,0,0.0,0.0,1.0
"F[0,2]((WBC <= 2.298 & SBP <= 130.965) | PaCO2 >= 108.185)
",-9999999.000,-9999999.000,0.000,0.000,1.000,0,0,0,21,21,0,0,21,0.0,0,0,0.0,0.0,1.0
"F[0,2](((FiO2 <= 0.000 & AST <= 0.000) | Chloride <= 0.000) & SaO2 >= 0.000)
",-9999999.000,-9999999.000,0.000,0.000,1.000,0,0,0,21,21,0,0,21,0.0,0,0,0.0,0.0,1.0
"F[2,2](Hgb <= 4.369 | Hct <= 29.599)
",8331462060172195.000,29.599,0.000,0.000,1.000,0,0,0,21,21,0,0,21,0.0,0,0,0.0,0.0,1.0
"F[0,2](((pH <= 0.000 | MAP >= 11.250) -> Temp >= 60.131) -> Glucose <= 112.549)
",-9999999.000,-9999999.000,0.000,0.000,1.000,0,0,0,21,21,0,0,21,0.0,0,0,0.0,0.0,1.0
"F[2,2]((PaCO2 >= 0.000 | DBP >= 48.061) -> Temp <= 65.611)
",-65.611,-65.611,0.000,0.000,1.000,0,0,0,21,21,0,0,21,0.0,0,0,0.0,0.0,1.0
"F[2,2]((Calcium <= 4.243 & Potassium <= 0.204) & Magnesium >= 0.058)
",-8419163208804798.000,-0.058,0.000,0.000,1.000,0,0,0,21,21,0,0,21,0.0,0,0,0.0,0.0,1.0
"F[1,2]((BUN >= 0.795 & BaseExcess <= 0.000) -> Potassium >= 0.000)
",-9999999.000,-9999999.000,0.000,0.000,1.000,0,0,0,21,21,0,0,21,0.0,0,0,0.0,0.0,1.0
"F[1,1](((Glucose <= 92.441 -> Temp <= 13.372) -> HR >= 6.741) | HCO3 <= 19.080)
",5370674168463685.000,19.080,0.000,0.000,1.000,0,0,0,21,21,0,0,21,0.0,0,0,0.0,0.0,1.0
"((TroponinI <= 0.000) U[0,1] (HCO3 <= 0.000))
",-9999999.000,-9999999.000,0.000,0.000,1.000,0,0,0,21,21,0,0,21,0.0,0,0,0.0,0.0,1.0
"F[1,2](((Magnesium <= 1.104 & PTT >= 0.000) & Fibrinogen >= 0.000) & TroponinI <= 0.000)
",-9999999.000,-9999999.000,0.000,0.000,1.000,0,0,0,21,21,0,0,21,0.0,0,0,0.0,0.0,1.0
"((BaseExcess <= 0.000) U[0,2] (pH >= 0.000))
",-9999999.000,-9999999.000,0.000,0.000,1.000,0,0,0,21,21,0,0,21,0.0,0,0,0.0,0.0,1.0
"F[1,1]((Temp >= 5.739 -> PTT <= 0.000) & AST <= 0.000)
",0.000,0.000,0.000,0.000,1.000,0,0,0,21,21,0,0,21,0.0,0,0,0.0,0.0,1.0
"F[0,2](Calcium >= 0.003 -> Fibrinogen <= 0.000)
",-9999999.000,-9999999.000,0.000,0.000,1.000,0,0,0,21,21,0,0,21,0.0,0,0,0.0,0.0,1.0
"F[0,1](((SepsisLabel <= 0.000 -> Bilirubin_total >= 0.000) & Hgb <= 0.000) | WBC <= 0.000)
",-9999999.000,-9999999.000,0.000,0.000,1.000,0,0,0,21,21,0,0,21,0.0,0,0,0.0,0.0,1.0
"F[0,1](Fibrinogen >= 0.000 | DBP >= 25.428)
",-9999999.000,-9999999.000,0.000,0.000,1.000,0,0,0,21,21,0,0,21,0.0,0,0,0.0,0.0,1.0
"F[1,2](Potassium >= 0.168 | EtCO2 <= 0.000)
",-9999999.000,-9999999.000,0.000,0.000,1.000,0,0,0,21,21,0,0,21,0.0,0,0,0.0,0.0,1.0
"F[2,2](FiO2 <= 0.000 & Phosphate <= 3.906)
",0.000,0.000,0.000,0.000,1.000,0,0,0,21,21,0,0,21,0.0,0,0,0.0,0.0,1.0
"F[0,2](((BUN >= 0.558 & EtCO2 >= 0.000) & AST <= 0.000) -> Bilirubin_total >= 0.000)
",-9999999.000,-9999999.000,0.000,0.000,1.000,0,0,0,21,21,0,0,21,0.0,0,0,0.0,0.0,1.0
"F[0,0](((Resp >= 0.555 -> Lactate <= 0.000) -> pH <= 0.000) | EtCO2 >= 0.000)
",2.592,17.700,0.000,0.000,1.000,0,0,0,21,21,0,0,21,0.0,0,0,0.0,0.0,1.0
"F[1,2](((BUN <= 22.475 & BUN >= 0.110) & PaCO2 <= 1.984) & HCO3 >= 0.693)
",-9999999.000,-9999999.000,0.000,0.000,1.000,0,0,0,21,21,0,0,21,0.0,0,0,0.0,0.0,1.0
"F[0,2](((Fibrinogen >= 0.000 & Resp <= 25.067) | Potassium <= 22.277) | Bilirubin_total >= 8.138)
",-9999999.000,-9999999.000,0.000,0.000,1.000,0,0,0,21,21,0,0,21,0.0,0,0,0.0,0.0,1.0
"F[2,2](((Calcium < 5.664 & Potassium < 2.517) & Magnesium < 0.721) & Phosphate < 3.137)
",6494460028548988.000,0.721,0.000,0.000,1.000,0,0,0,21,21,0,0,21,0.0,0,0,0.0,0.0,1.0
"((AST >= 0.000) U[1,1] (BUN <= 22.596))
",6360327225540308.000,22.596,0.000,0.000,1.000,0,0,0,21,21,0,0,21,0.0,0,0,0.0,0.0,1.0
"F[1,2](((AST >= 0.000 -> Glucose >= 5.202) | Lactate >= 10.528) & HR >= 10.383)
",-9999999.000,-9999999.000,0.000,0.000,1.000,0,0,0,21,21,0,0,21,0.0,0,0,0.0,0.0,1.0
"F[0,2](((MAP <= 115.164 -> Fibrinogen <= 0.000) & MAP >= 0.000) -> PaCO2 >= 0.000)
",-9999999.000,-9999999.000,0.000,0.000,1.000,0,0,0,21,21,0,0,21,0.0,0,0,0.0,0.0,1.0
"F[2,2](HCO3 >= 0.000 -> Phosphate >= 0.060)
",0.000,0.000,0.000,0.000,1.000,0,0,0,21,21,0,0,21,0.0,0,0,0.0,0.0,1.0
"F[1,1]((Bilirubin_total <= 0.000 & BaseExcess <= 0.000) & Chloride >= 0.000)
",0.000,0.000,0.000,0.000,1.000,0,0,0,21,21,0,0,21,0.0,0,0,0.0,0.0,1.0
"F[0,0](SaO2 <= 0.000 & BaseExcess <= 0.000)
",0.000,0.000,0.000,0.000,1.000,0,0,0,21,21,0,0,21,0.0,0,0,0.0,0.0,1.0
"F[2,2](((HR >= 49.966 | TroponinI >= 0.000) -> MAP >= 0.000) & BUN <= 0.000)
",0.000,0.000,0.000,0.000,1.000,0,0,0,21,21,0,0,21,0.0,0,0,0.0,0.0,1.0
"F[0,1](((WBC <= 3.799 | Chloride >= 0.000) & Hct >= 0.000) | WBC >= 0.000)
",-9999999.000,-9999999.000,0.000,0.000,1.000,0,0,0,21,21,0,0,21,0.0,0,0,0.0,0.0,1.0
"F[0,1](Hgb <= 6.981 -> Alkalinephos >= 0.000)
",-9999999.000,-9999999.000,0.000,0.000,1.000,0,0,0,21,21,0,0,21,0.0,0,0,0.0,0.0,1.0
"((Temp <= 11.495) U[0,1] (HR <= 108.389))
",-9999999.000,-9999999.000,0.000,0.000,1.000,0,0,0,21,21,0,0,21,0.0,0,0,0.0,0.0,1.0
"F[0,1](((Bilirubin_total >= 0.000 | Fibrinogen >= 0.000) -> Glucose <= 0.000) -> MAP >= 0.000)
",-9999999.000,-9999999.000,0.000,0.000,1.000,0,0,0,21,21,0,0,21,0.0,0,0,0.0,0.0,1.0
"F[1,2](((Lactate <= 0.000 -> Hct >= 0.200) -> DBP <= 10.696) | Glucose >= 0.421)
",-9999999.000,-9999999.000,0.000,0.000,1.000,0,0,0,21,21,0,0,21,0.0,0,0,0.0,0.0,1.0
"((pH >= 0.000) U[2,2] (DBP <= 70.839))
",70.839,70.839,0.000,0.000,1.000,0,0,0,21,21,0,0,21,0.0,0,0,0.0,0.0,1.0
"F[1,2]((SaO2 <= 0.000 | Temp <= 33.799) & HR >= 6.397)
",-9999999.000,-9999999.000,0.000,0.000,1.000,0,0,0,21,21,0,0,21,0.0,0,0,0.0,0.0,1.0
"F[0,1](((Alkalinephos <= 0.000 & Bilirubin_direct <= 0.000) | Calcium <= 0.000) -> Bilirubin_total <= 0.000)
",-9999999.000,-9999999.000,0.000,0.000,1.000,0,0,0,21,21,0,0,21,0.0,0,0,0.0,0.0,1.0
"F[1,1]((Phosphate <= 2.819 -> HCO3 >= 0.000) -> Fibrinogen <= 0.000)
",0.000,0.000,0.000,0.000,1.000,0,0,0,21,21,0,0,21,0.0,0,0,0.0,0.0,1.0
"F[0,2](((SaO2 <= 0.000 & Creatinine <= 2.595) | PTT >= 0.201) -> EtCO2 <= 3.899)
",-9999999.000,-9999999.000,0.000,0.000,1.000,0,0,0,21,21,0,0,21,0.0,0,0,0.0,0.0,1.0
"F[0,1]((Creatinine <= 0.415 | PaCO2 <= 0.000) | Creatinine <= 0.000)
",-9999999.000,-9999999.000,0.000,0.000,1.000,0,0,0,21,21,0,0,21,0.0,0,0,0.0,0.0,1.0
"F[1,1](TroponinI <= 0.000 -> Bilirubin_direct <= 0.000)
",0.000,0.000,0.000,0.000,1.000,0,0,0,21,21,0,0,21,0.0,0,0,0.0,0.0,1.0
"F[1,2]((pH >= 0.000 | SaO2 >= 0.000) & Resp <= 0.000)
",-9999999.000,-9999999.000,0.000,0.000,1.000,0,0,0,21,21,0,0,21,0.0,0,0,0.0,0.0,1.0
"F[1,2]((Fibrinogen <= 0.000 & Chloride >= 0.000) | Platelets <= 0.000)
",-9999999.000,-9999999.000,0.000,0.000,1.000,0,0,0,21,21,0,0,21,0.0,0,0,0.0,0.0,1.0
"F[2,2](Glucose >= 6.863 & Lactate <= 0.000)
",-6.863,-6.863,0.000,0.000,1.000,0,0,0,21,21,0,0,21,0.0,0,0,0.0,0.0,1.0
"F[0,2]((Alkalinephos >= 0.000 -> Temp <= 37.845) -> FiO2 >= 5.906)
",-9999999.000,-9999999.000,0.000,0.000,1.000,0,0,0,21,21,0,0,21,0.0,0,0,0.0,0.0,1.0
"F[0,1]((Phosphate >= 0.236 & Magnesium > 0.029) -> Calcium < 4.532)
",-9999999.000,-9999999.000,0.000,0.000,1.000,0,0,0,21,21,0,0,21,0.0,0,0,0.0,0.0,1.0
"F[1,1]((pH >= 0.000 -> Lactate >= 0.000) | DBP >= 0.000)
",0.000,0.000,0.000,0.000,1.000,0,0,0,21,21,0,0,21,0.0,0,0,0.0,0.0,1.0
"F[0,2](pH >= 0.000 & Phosphate <= 2.817)
",-9999999.000,-9999999.000,0.000,0.000,1.000,0,0,0,21,21,0,0,21,0.0,0,0,0.0,0.0,1.0
"F[0,2](((pH <= 0.000 | Alkalinephos >= 0.000) | Phosphate >= 0.000) | Alkalinephos <= 0.000)
",-9999999.000,-9999999.000,0.000,0.000,1.000,0,0,0,21,21,0,0,21,0.0,0,0,0.0,0.0,1.0
"F[0,2](((Calcium < 3.344 & Potassium < 3.270) & Magnesium < 0.139) & Phosphate < 0.752)
",-9999999.000,-9999999.000,0.000,0.000,1.000,0,0,0,21,21,0,0,21,0.0,0,0,0.0,0.0,1.0
"F[1,2](((MAP <= 115.195 & WBC >= 0.071) | Platelets <= 0.955) & Lactate <= 1.335)
",-9999999.000,-9999999.000,0.000,0.000,1.000,0,0,0,21,21,0,0,21,0.0,0,0,0.0,0.0,1.0
"F[0,0](((Hct <= 9.393 -> Phosphate >= 0.176) & Magnesium <= 1.863) -> DBP <= 4.703)
",1.888,7.983,0.000,0.000,1.000,0,0,0,21,21,0,0,21,0.0,0,0,0.0,0.0,1.0
"F[1,2](((TroponinI >= 0.000 -> Alkalinephos <= 0.000) & TroponinI <= 0.000) | Calcium >= 0.000)
",-9999999.000,-9999999.000,0.000,0.000,1.000,0,0,0,21,21,0,0,21,0.0,0,0,0.0,0.0,1.0
"F[0,2](((AST >= 0.000 -> SepsisLabel <= 0.000) | MAP <= 0.000) -> Hct >= 0.000)
",-9999999.000,-9999999.000,0.000,0.000,1.000,0,0,0,21,21,0,0,21,0.0,0,0,0.0,0.0,1.0
"F[0,2](((Temp >= 2.380 | MAP >= 80.251) & Bilirubin_direct >= 9.382) | EtCO2 <= 88.972)
",-9999999.000,-9999999.000,0.000,0.000,1.000,0,0,0,21,21,0,0,21,0.0,0,0,0.0,0.0,1.0
"F[0,0](((Temp <= 34.908 -> FiO2 <= 0.000) -> Hgb >= 0.000) & PTT >= 0.000)
",-0.229,-1.990,0.000,0.000,1.000,0,0,0,21,21,0,0,21,0.0,0,0,0.0,0.0,1.0
"F[1,2]((SepsisLabel >= 0.000 | SBP >= 69.038) -> FiO2 <= 165.114)
",-9999999.000,-9999999.000,0.000,0.000,1.000,0,0,0,21,21,0,0,21,0.0,0,0,0.0,0.0,1.0
"F[1,2](((Temp >= 7.905 | Glucose >= 5.594) -> Temp >= 9.408) & Hct >= 3.890)
",-9999999.000,-9999999.000,0.000,0.000,1.000,0,0,0,21,21,0,0,21,0.0,0,0,0.0,0.0,1.0
"F[0,0](((DBP <= 74.681 -> Bilirubin_direct <= 0.000) | Platelets <= 0.000) -> AST <= 0.000)
",-0.229,-0.210,0.000,0.000,1.000,0,0,0,21,21,0,0,21,0.0,0,0,0.0,0.0,1.0
"F[0,2]((AST <= 0.000 & DBP <= 69.573) | AST >= 29.420)
",-9999999.000,-9999999.000,0.000,0.000,1.000,0,0,0,21,21,0,0,21,0.0,0,0,0.0,0.0,1.0
"F[0,2]((Phosphate >= 0.093 & SaO2 <= 0.000) & Fibrinogen <= 0.000)
",-9999999.000,-9999999.000,0.000,0.000,1.000,0,0,0,21,21,0,0,21,0.0,0,0,0.0,0.0,1.0
"F[1,2](Creatinine >= 0.251 & Creatinine <= 4.261)
",-9999999.000,-9999999.000,0.000,0.000,1.000,0,0,0,21,21,0,0,21,0.0,0,0,0.0,0.0,1.0
"F[0,1](BaseExcess <= 0.000 & Alkalinephos >= 0.000)
",-9999999.000,-9999999.000,0.000,0.000,1.000,0,0,0,21,21,0,0,21,0.0,0,0,0.0,0.0,1.0
"F[0,2]((PaCO2 <= 0.000 | Phosphate >= 0.235) | WBC >= 0.071)
",-9999999.000,-9999999.000,0.000,0.000,1.000,0,0,0,21,21,0,0,21,0.0,0,0,0.0,0.0,1.0
"F[1,1](((BUN <= 25.011 -> Hgb <= 5.446) & BUN <= 2.381) -> Lactate <= 8.154)
",-8.154,-8.154,0.000,0.000,1.000,0,0,0,21,21,0,0,21,0.0,0,0,0.0,0.0,1.0
"((Hct <= 9.525) U[1,2] (Calcium >= 0.330))
",-9999999.000,-9999999.000,0.000,0.000,1.000,0,0,0,21,21,0,0,21,0.0,0,0,0.0,0.0,1.0
"((Lactate <= 0.000) U[1,2] (HCO3 >= 0.000))
",-9999999.000,-9999999.000,0.000,0.000,1.000,0,0,0,21,21,0,0,21,0.0,0,0,0.0,0.0,1.0
"((Calcium <= 1.229) U[2,2] (Magnesium >= 0.059))
",1.229,1.229,0.000,0.000,1.000,0,0,0,21,21,0,0,21,0.0,0,0,0.0,0.0,1.0
"F[0,2]((Calcium <= 2.924 & Potassium <= 2.778) & Magnesium >= 0.049)
",-9999999.000,-9999999.000,0.000,0.000,1.000,0,0,0,21,21,0,0,21,0.0,0,0,0.0,0.0,1.0
"F[2,2]((BUN <= 1.454 | Magnesium <= 0.545) & Temp >= 0.086)
",-6194035369902274.000,-0.086,0.000,0.000,1.000,0,0,0,21,21,0,0,21,0.0,0,0,0.0,0.0,1.0
"F[1,2](((DBP >= 42.122 & SBP >= 103.294) | Calcium <= 154.026) -> O2Sat <= 163.532)
",-9999999.000,-9999999.000,0.000,0.000,1.000,0,0,0,21,21,0,0,21,0.0,0,0,0.0,0.0,1.0
"F[1,2](Creatinine <= 6.027 & Hct <= 30.300)
",-9999999.000,-9999999.000,0.000,0.000,1.000,0,0,0,21,21,0,0,21,0.0,0,0,0.0,0.0,1.0
"F[0,2](((Creatinine <= 1.244 -> Hgb <= 7.366) -> Phosphate <= 9.907) -> FiO2 <= 8.696)
",-9999999.000,-9999999.000,0.000,0.000,1.000,0,0,0,21,21,0,0,21,0.0,0,0,0.0,0.0,1.0
"F[1,1]((Calcium >= 0.030 | Creatinine <= 3.567) | SBP <= 3.058)
",8032499745626413.000,3.567,0.000,0.000,1.000,0,0,0,21,21,0,0,21,0.0,0,0,0.0,0.0,1.0
"F[0,2]((Phosphate >= 0.157 & Magnesium > 0.088) -> Calcium < 8.770)
",-9999999.000,-9999999.000,0.000,0.000,1.000,0,0,0,21,21,0,0,21,0.0,0,0,0.0,0.0,1.0
"F[1,2]((Creatinine <= 1.340 -> Phosphate >= 0.057) -> Temp >= 0.096)
",-9999999.000,-9999999.000,0.000,0.000,1.000,0,0,0,21,21,0,0,21,0.0,0,0,0.0,0.0,1.0
"F[0,2](((Calcium >= 0.286 & Potassium >= 0.143) & SBP >= 0.055) | Alkalinephos <= 1.602)
",-9999999.000,-9999999.000,0.000,0.000,1.000,0,0,0,21,21,0,0,21,0.0,0,0,0.0,0.0,1.0
"F[1,2](Creatinine <= 1.613 | Potassium <= 3.088)
",-9999999.000,-9999999.000,0.000,0.000,1.000,0,0,0,21,21,0,0,21,0.0,0,0,0.0,0.0,1.0
"F[0,1]((Hgb >= 0.330 | Phosphate <= 0.328) & BaseExcess <= 1.035)
",-9999999.000,-9999999.000,0.000,0.000,1.000,0,0,0,21,21,0,0,21,0.0,0,0,0.0,0.0,1.0
"F[0,1](Hgb <= 7.922 | Hct <= 20.167)
",-9999999.000,-9999999.000,0.000,0.000,1.000,0,0,0,21,21,0,0,21,0.0,0,0,0.0,0.0,1.0
"F[2,2]((Calcium <= 4.851 & Potassium <= 2.588) & Magnesium >= 0.076)
",-5456469763791477.000,-0.076,0.000,0.000,1.000,0,0,0,21,21,0,0,21,0.0,0,0,0.0,0.0,1.0
"F[2,2](Hct <= 27.185 & Platelets >= 0.197)
",-7080941164719725.000,-0.197,0.000,0.000,1.000,0,0,0,21,21,0,0,21,0.0,0,0,0.0,0.0,1.0
"F[1,1](((Magnesium >= 0.002 | Phosphate >= 0.167) | HR >= 0.072) | SaO2 <= 5.011)
",2821036028208146.500,5.011,0.000,0.000,1.000,0,0,0,21,21,0,0,21,0.0,0,0,0.0,0.0,1.0
"F[0,2]((Calcium <= 0.820 -> Platelets <= 114.887) -> EtCO2 <= 50.189)
",-9999999.000,-9999999.000,0.000,0.000,1.000,0,0,0,21,21,0,0,21,0.0,0,0,0.0,0.0,1.0
"F[0,2](((Calcium < 2.234 & Potassium < 1.962) & Magnesium < 1.961) & Phosphate < 2.513)
",-9999999.000,-9999999.000,0.000,0.000,1.000,0,0,0,21,21,0,0,21,0.0,0,0,0.0,0.0,1.0
"F[1,2](((BUN <= 4.888 | WBC >= 0.135) | Bilirubin_direct <= 0.396) & WBC >= 0.004)
",-9999999.000,-9999999.000,0.000,0.000,1.000,0,0,0,21,21,0,0,21,0.0,0,0,0.0,0.0,1.0
"F[0,2](((HR >= 67.286 & O2Sat <= 96.469) | SBP <= 94.528) | FiO2 <= 93.359)
",-9999999.000,-9999999.000,0.000,0.000,1.000,0,0,0,21,21,0,0,21,0.0,0,0,0.0,0.0,1.0
"F[1,2]((Glucose >= 11.520 -> Hct >= 1.038) -> O2Sat >= 0.380)
",-9999999.000,-9999999.000,0.000,0.000,1.000,0,0,0,21,21,0,0,21,0.0,0,0,0.0,0.0,1.0
"F[1,2](((Calcium < 7.220 & Potassium < 2.923) & Magnesium < 0.779) & Phosphate < 0.926)
",-9999999.000,-9999999.000,0.000,0.000,1.000,0,0,0,21,21,0,0,21,0.0,0,0,0.0,0.0,1.0
"F[0,2](Creatinine <= 2.780 & MAP >= 84.008)
",-9999999.000,-9999999.000,0.000,0.000,1.000,0,0,0,21,21,0,0,21,0.0,0,0,0.0,0.0,1.0
"F[0,2]((BUN >= 0.031 | MAP >= 63.595) -> Platelets <= 105.225)
",-9999999.000,-9999999.000,0.000,0.000,1.000,0,0,0,21,21,0,0,21,0.0,0,0,0.0,0.0,1.0
"F[1,2](((DBP <= 69.825 | Glucose <= 17.006) | Magnesium >= 0.381) & Hct >= 4.109)
",-9999999.000,-9999999.000,0.000,0.000,1.000,0,0,0,21,21,0,0,21,0.0,0,0,0.0,0.0,1.0
"((Glucose >= 10.876) U[0,2] (SBP >= 24.675))
",-9999999.000,-9999999.000,0.000,0.000,1.000,0,0,0,21,21,0,0,21,0.0,0,0,0.0,0.0,1.0
"((Glucose <= 95.184) U[0,2] (MAP <= 94.883))
",-9999999.000,-9999999.000,0.000,0.000,1.000,0,0,0,21,21,0,0,21,0.0,0,0,0.0,0.0,1.0
"((Glucose >= 8.249) U[0,2] (Hgb <= 3.655))
",-9999999.000,-9999999.000,0.000,0.000,1.000,0,0,0,21,21,0,0,21,0.0,0,0,0.0,0.0,1.0
"F[1,1](HR <= 106.212 | MAP >= 11.075)
",106.212,106.212,0.000,0.000,1.000,0,0,0,21,21,0,0,21,0.0,0,0,0.0,0.0,1.0
"F[0,2]((Phosphate >= 0.162 & Magnesium > 0.077) -> Calcium < 6.610)
",-9999999.000,-9999999.000,0.000,0.000,1.000,0,0,0,21,21,0,0,21,0.0,0,0,0.0,0.0,1.0
"F[2,2]((DBP <= 83.933 -> Resp >= 4.207) & MAP >= 8.422)
",-5906226697342325.000,-83.933,0.000,0.000,1.000,0,0,0,21,21,0,0,21,0.0,0,0,0.0,0.0,1.0
"F[1,2](((Creatinine <= 2.959 -> Glucose >= 8.869) | Resp >= 14.066) -> SepsisLabel >= 4.124)
",-9999999.000,-9999999.000,0.000,0.000,1.000,0,0,0,21,21,0,0,21,0.0,0,0,0.0,0.0,1.0
"((MAP >= 72.676) U[0,1] (SBP <= 178.854))
",-9999999.000,-9999999.000,0.000,0.000,1.000,0,0,0,21,21,0,0,21,0.0,0,0,0.0,0.0,1.0
"((O2Sat >= 33.347) U[0,1] (Resp <= 28.758))
",-9999999.000,-9999999.000,0.000,0.000,1.000,0,0,0,21,21,0,0,21,0.0,0,0,0.0,0.0,1.0
"((HR >= 26.627) U[0,1] (Resp >= 7.261))
",-9999999.000,-9999999.000,0.000,0.000,1.000,0,0,0,21,21,0,0,21,0.0,0,0,0.0,0.0,1.0
"F[2,2](Magnesium <= 1.207 -> WBC >= 0.164)
",-1.207,-1.207,0.000,0.000,1.000,0,0,0,21,21,0,0,21,0.0,0,0,0.0,0.0,1.0
"F[0,1](((Hct <= 19.712 & Magnesium >= 0.000) -> SBP >= 0.016) | Chloride <= 0.495)
",-9999999.000,-9999999.000,0.000,0.000,1.000,0,0,0,21,21,0,0,21,0.0,0,0,0.0,0.0,1.0
"F[0,1](((Hgb <= 4.839 & WBC >= 0.004) | TroponinI <= 2.513) & AST <= 2.749)
",-9999999.000,-9999999.000,0.000,0.000,1.000,0,0,0,21,21,0,0,21,0.0,0,0,0.0,0.0,1.0
"((Temp > 5.609) U[0,0] (SepsisLabel = 0.000))
",2.996,83.352,0.000,0.000,1.000,0,0,0,21,21,0,0,21,0.0,0,0,0.0,0.0,1.0
"((Alkalinephos < 0.000) U[0,0] (SepsisLabel = 0.000))
",-0.229,-0.650,0.000,0.000,1.000,0,0,0,21,21,0,0,21,0.0,0,0,0.0,0.0,1.0
"F[1,2](Hgb <= 8.024 | Hct <= 4.984)
",-9999999.000,-9999999.000,0.000,0.000,1.000,0,0,0,21,21,0,0,21,0.0,0,0,0.0,0.0,1.0
"F[1,2](Platelets < 79.955 -> SepsisLabel = 0.000)
",-9999999.000,-9999999.000,0.000,0.000,1.000,0,0,0,21,21,0,0,21,0.0,0,0,0.0,0.0,1.0
"F[0,2](Chloride >= 0.000 & SepsisLabel = 0.000)
",-9999999.000,-9999999.000,0.000,0.000,1.000,0,0,0,21,21,0,0,21,0.0,0,0,0.0,0.0,1.0
"F[2,2]((Calcium <= 7.907 & Potassium <= 3.730) & Magnesium >= 0.042)
",-0.042,-0.042,0.000,0.000,1.000,0,0,0,21,21,0,0,21,0.0,0,0,0.0,0.0,1.0
"((PTT <= 0.000) U[0,2] (SepsisLabel = 0.000))
",-9999999.000,-9999999.000,0.000,0.000,1.000,0,0,0,21,21,0,0,21,0.0,0,0,0.0,0.0,1.0
"F[0,0](TroponinI >= 0.000 & SepsisLabel = 0.000)
",-0.229,-8.600,0.000,0.000,1.000,0,0,0,21,21,0,0,21,0.0,0,0,0.0,0.0,1.0
"F[1,2](((Calcium < 4.747 & Potassium < 0.343) & Magnesium < 0.744) & Phosphate < 4.611)
",-9999999.000,-9999999.000,0.000,0.000,1.000,0,0,0,21,21,0,0,21,0.0,0,0,0.0,0.0,1.0
"F[1,2](Chloride > 0.000 -> SepsisLabel = 0.000)
",-9999999.000,-9999999.000,0.000,0.000,1.000,0,0,0,21,21,0,0,21,0.0,0,0,0.0,0.0,1.0
"F[1,2](FiO2 <= 0.000 & SepsisLabel = 0.000)
",-9999999.000,-9999999.000,0.000,0.000,1.000,0,0,0,21,21,0,0,21,0.0,0,0,0.0,0.0,1.0
"F[1,2](Glucose < 52.288 -> SepsisLabel = 0.000)
",-9999999.000,-9999999.000,0.000,0.000,1.000,0,0,0,21,21,0,0,21,0.0,0,0,0.0,0.0,1.0
"F[0,0](BaseExcess <= 0.000 -> SepsisLabel = 0.000)
",0.000,0.000,0.000,0.000,1.000,0,0,0,21,21,0,0,21,0.0,0,0,0.0,0.0,1.0
"F[2,2](TroponinI > 0.000 -> SepsisLabel = 0.000)
",0.000,0.000,0.000,0.000,1.000,0,0,0,21,21,0,0,21,0.0,0,0,0.0,0.0,1.0
"F[0,2](EtCO2 >= 0.000 -> SepsisLabel = 0.000)
",-9999999.000,-9999999.000,0.000,0.000,1.000,0,0,0,21,21,0,0,21,0.0,0,0,0.0,0.0,1.0
"F[1,2]((Phosphate >= 0.156 & Magnesium > 0.071) -> Calcium < 7.750)
",-9999999.000,-9999999.000,0.000,0.000,1.000,0,0,0,21,21,0,0,21,0.0,0,0,0.0,0.0,1.0
"F[0,1](Glucose < 65.403 & SepsisLabel = 0.000)
",-9999999.000,-9999999.000,0.000,0.000,1.000,0,0,0,21,21,0,0,21,0.0,0,0,0.0,0.0,1.0
"F[0,1]((Hct >= 0.111 & Hgb <= 3.935) -> Bilirubin_direct >= 0.547)
",-9999999.000,-9999999.000,0.000,0.000,1.000,0,0,0,21,21,0,0,21,0.0,0,0,0.0,0.0,1.0
"F[0,1](pH >= 0.000 -> SepsisLabel = 0.000)
",-9999999.000,-9999999.000,0.000,0.000,1.000,0,0,0,21,21,0,0,21,0.0,0,0,0.0,0.0,1.0
"((TroponinI < 0.000) U[0,2] (SepsisLabel = 0.000))
",-9999999.000,-9999999.000,0.000,0.000,1.000,0,0,0,21,21,0,0,21,0.0,0,0,0.0,0.0,1.0
"F[1,2](Platelets <= 14.526 & SepsisLabel = 0.000)
",-9999999.000,-9999999.000,0.000,0.000,1.000,0,0,0,21,21,0,0,21,0.0,0,0,0.0,0.0,1.0
"F[2,2](MAP > 29.629 & SepsisLabel = 0.000)
",-29.629,-29.629,0.000,0.000,1.000,0,0,0,21,21,0,0,21,0.0,0,0,0.0,0.0,1.0
"((Fibrinogen > 0.000) U[0,1] (SepsisLabel = 0.000))
",-9999999.000,-9999999.000,0.000,0.000,1.000,0,0,0,21,21,0,0,21,0.0,0,0,0.0,0.0,1.0
"F[1,2](Chloride < 0.000 & SepsisLabel = 0.000)
",-9999999.000,-9999999.000,0.000,0.000,1.000,0,0,0,21,21,0,0,21,0.0,0,0,0.0,0.0,1.0
"((Alkalinephos <= 0.000) U[0,0] (SepsisLabel = 0.000))
",-0.229,-0.650,0.000,0.000,1.000,0,0,0,21,21,0,0,21,0.0,0,0,0.0,0.0,1.0
"F[0,2](BaseExcess >= 0.000 -> SepsisLabel = 0.000)
",-9999999.000,-9999999.000,0.000,0.000,1.000,0,0,0,21,21,0,0,21,0.0,0,0,0.0,0.0,1.0
"((Hgb < 3.293) U[2,2] (SepsisLabel = 0.000))
",7414249772006531.000,3.293,0.000,0.000,1.000,0,0,0,21,21,0,0,21,0.0,0,0,0.0,0.0,1.0
"F[0,1](WBC < 1.735 & SepsisLabel = 0.000)
",-9999999.000,-9999999.000,0.000,0.000,1.000,0,0,0,21,21,0,0,21,0.0,0,0,0.0,0.0,1.0
"F[1,2](DBP <= 73.826 & SepsisLabel = 0.000)
",-9999999.000,-9999999.000,0.000,0.000,1.000,0,0,0,21,21,0,0,21,0.0,0,0,0.0,0.0,1.0
"((pH < 0.000) U[0,2] (SepsisLabel = 0.000))
",-9999999.000,-9999999.000,0.000,0.000,1.000,0,0,0,21,21,0,0,21,0.0,0,0,0.0,0.0,1.0
"((BaseExcess < 0.000) U[0,2] (SepsisLabel = 0.000))
",-9999999.000,-9999999.000,0.000,0.000,1.000,0,0,0,21,21,0,0,21,0.0,0,0,0.0,0.0,1.0
"((Resp < 23.553) U[0,1] (SepsisLabel = 0.000))
",-9999999.000,-9999999.000,0.000,0.000,1.000,0,0,0,21,21,0,0,21,0.0,0,0,0.0,0.0,1.0
"F[0,2](Chloride < 0.000 -> SepsisLabel = 0.000)
",-9999999.000,-9999999.000,0.000,0.000,1.000,0,0,0,21,21,0,0,21,0.0,0,0,0.0,0.0,1.0
"F[1,1](Magnesium <= 0.425 | SBP <= 151.706)
",5337676752643490.000,151.706,0.000,0.000,1.000,0,0,0,21,21,0,0,21,0.0,0,0,0.0,0.0,1.0
"F[0,1]((MAP <= 94.941 -> Platelets >= 3.599) -> BaseExcess <= 134.959)
",-9999999.000,-9999999.000,0.000,0.000,1.000,0,0,0,21,21,0,0,21,0.0,0,0,0.0,0.0,1.0
"F[0,2](Platelets <= 162.733 | Creatinine <= 5.527)
",-9999999.000,-9999999.000,0.000,0.000,1.000,0,0,0,21,21,0,0,21,0.0,0,0,0.0,0.0,1.0
"F[0,1](Hgb <= 3.847 | Hct <= 29.699)
",-9999999.000,-9999999.000,0.000,0.000,1.000,0,0,0,21,21,0,0,21,0.0,0,0,0.0,0.0,1.0
"F[1,2]((PaCO2 <= 0.000 | HCO3 <= 0.000) | MAP >= 0.000)
",-9999999.000,-9999999.000,0.000,0.000,1.000,0,0,0,21,21,0,0,21,0.0,0,0,0.0,0.0,1.0
"((FiO2 <= 0.000) U[0,2] (Glucose <= 111.601))
",-9999999.000,-9999999.000,0.000,0.000,1.000,0,0,0,21,21,0,0,21,0.0,0,0,0.0,0.0,1.0
"F[1,2]((Bilirubin_total >= 0.000 & SBP >= 3.177) -> SBP >= 35.408)
",-9999999.000,-9999999.000,0.000,0.000,1.000,0,0,0,21,21,0,0,21,0.0,0,0,0.0,0.0,1.0
"F[0,2](((Bilirubin_total <= 0.000 | Magnesium >= 0.013) & PaCO2 >= 0.020) & HCO3 <= 1.788)
",-9999999.000,-9999999.000,0.000,0.000,1.000,0,0,0,21,21,0,0,21,0.0,0,0,0.0,0.0,1.0
"F[0,2]((Calcium <= 8.123 & Potassium <= 2.022) & Magnesium >= 0.065)
",-9999999.000,-9999999.000,0.000,0.000,1.000,0,0,0,21,21,0,0,21,0.0,0,0,0.0,0.0,1.0
"F[0,2]((MAP >= 0.461 -> MAP >= 71.657) -> PaCO2 <= 104.629)
",-9999999.000,-9999999.000,0.000,0.000,1.000,0,0,0,21,21,0,0,21,0.0,0,0,0.0,0.0,1.0
"F[0,2](((Calcium < 4.816 & Potassium < 1.575) & Magnesium < 1.672) & Phosphate < 3.163)
",-9999999.000,-9999999.000,0.000,0.000,1.000,0,0,0,21,21,0,0,21,0.0,0,0,0.0,0.0,1.0
"F[0,0]((Platelets >= 4.639 -> Creatinine <= 2.890) -> EtCO2 <= 3.263)
",1.232,2.274,0.000,0.000,1.000,0,0,0,21,21,0,0,21,0.0,0,0,0.0,0.0,1.0
"F[0,0](((Creatinine <= 5.274 -> BUN <= 1.748) -> Bilirubin_direct <= 18.730) -> Creatinine <= 8.743)
",-2461063511958355.000,-8.743,0.000,0.000,1.000,0,0,0,21,21,0,0,21,0.0,0,0,0.0,0.0,1.0
"F[1,2](AST >= 0.000 -> Creatinine <= 2.143)
",-9999999.000,-9999999.000,0.000,0.000,1.000,0,0,0,21,21,0,0,21,0.0,0,0,0.0,0.0,1.0
"F[1,1](FiO2 >= 0.000 | Chloride >= 0.000)
",0.000,0.000,0.000,0.000,1.000,0,0,0,21,21,0,0,21,0.0,0,0,0.0,0.0,1.0
"F[2,2]((Phosphate >= 0.012 & Magnesium > 0.042) -> Calcium < 5.246)
",-5.246,-5.246,0.000,0.000,1.000,0,0,0,21,21,0,0,21,0.0,0,0,0.0,0.0,1.0
"F[1,2](((Chloride >= 0.000 & pH <= 0.000) -> Bilirubin_total >= 0.000) -> Chloride <= 0.000)
",-9999999.000,-9999999.000,0.000,0.000,1.000,0,0,0,21,21,0,0,21,0.0,0,0,0.0,0.0,1.0
"F[0,2]((HR <= 110.761 | PTT >= 0.000) -> FiO2 <= 0.000)
",-9999999.000,-9999999.000,0.000,0.000,1.000,0,0,0,21,21,0,0,21,0.0,0,0,0.0,0.0,1.0
"((Platelets >= 0.905) U[0,2] (Bilirubin_direct >= 0.000))
",-9999999.000,-9999999.000,0.000,0.000,1.000,0,0,0,21,21,0,0,21,0.0,0,0,0.0,0.0,1.0
"((Resp >= 1.277) U[0,2] (Calcium <= 4.360))
",-9999999.000,-9999999.000,0.000,0.000,1.000,0,0,0,21,21,0,0,21,0.0,0,0,0.0,0.0,1.0
"F[0,2]((FiO2 <= 0.000 | Potassium <= 0.794) & SepsisLabel <= 1.134)
",-9999999.000,-9999999.000,0.000,0.000,1.000,0,0,0,21,21,0,0,21,0.0,0,0,0.0,0.0,1.0
"F[1,1]((WBC >= 0.076 -> HR <= 108.828) | Magnesium <= 94.465)
",6647367689838190.000,94.465,0.000,0.000,1.000,0,0,0,21,21,0,0,21,0.0,0,0,0.0,0.0,1.0
"((Resp >= 0.710) U[0,1] (BaseExcess <= 0.000))
",-9999999.000,-9999999.000,0.000,0.000,1.000,0,0,0,21,21,0,0,21,0.0,0,0,0.0,0.0,1.0
"F[0,1]((Phosphate >= 0.188 & Magnesium > 0.031) -> Calcium < 2.274)
",-9999999.000,-9999999.000,0.000,0.000,1.000,0,0,0,21,21,0,0,21,0.0,0,0,0.0,0.0,1.0
"F[0,2]((Bilirubin_total >= 0.000 -> AST <= 0.000) | Potassium >= 0.000)
",-9999999.000,-9999999.000,0.000,0.000,1.000,0,0,0,21,21,0,0,21,0.0,0,0,0.0,0.0,1.0
"F[1,1](pH >= 0.000 | Chloride >= 0.000)
",0.000,0.000,0.000,0.000,1.000,0,0,0,21,21,0,0,21,0.0,0,0,0.0,0.0,1.0
"F[2,2](Phosphate >= 0.082 | TroponinI >= 0.000)
",0.000,0.000,0.000,0.000,1.000,0,0,0,21,21,0,0,21,0.0,0,0,0.0,0.0,1.0
"((MAP >= 50.374) U[0,2] (SBP <= 156.319))
",-9999999.000,-9999999.000,0.000,0.000,1.000,0,0,0,21,21,0,0,21,0.0,0,0,0.0,0.0,1.0
"F[2,2](HR <= 90.605 | Bilirubin_total <= 0.000)
",90.605,90.605,0.000,0.000,1.000,0,0,0,21,21,0,0,21,0.0,0,0,0.0,0.0,1.0
"F[2,2](MAP >= 34.278 & BUN >= 0.604)
",-34.278,-34.278,0.000,0.000,1.000,0,0,0,21,21,0,0,21,0.0,0,0,0.0,0.0,1.0
"F[1,1]((Lactate <= 0.000 -> PaCO2 >= 0.000) & TroponinI >= 0.000)
",0.000,0.000,0.000,0.000,1.000,0,0,0,21,21,0,0,21,0.0,0,0,0.0,0.0,1.0
"F[1,1](TroponinI <= 0.000 & Fibrinogen <= 0.000)
",0.000,0.000,0.000,0.000,1.000,0,0,0,21,21,0,0,21,0.0,0,0,0.0,0.0,1.0
"F[0,2]((O2Sat >= 59.628 | SepsisLabel >= 0.000) & BaseExcess >= 0.000)
",-9999999.000,-9999999.000,0.000,0.000,1.000,0,0,0,21,21,0,0,21,0.0,0,0,0.0,0.0,1.0
"F[0,2](Phosphate <= 3.781 | Hgb >= 0.449)
",-9999999.000,-9999999.000,0.000,0.000,1.000,0,0,0,21,21,0,0,21,0.0,0,0,0.0,0.0,1.0
"F[0,2]((Chloride <= 0.000 -> Hct <= 5.968) & AST >= 1.766)
",-9999999.000,-9999999.000,0.000,0.000,1.000,0,0,0,21,21,0,0,21,0.0,0,0,0.0,0.0,1.0
"F[0,2]((EtCO2 <= 0.000 -> Fibrinogen <= 0.000) & Potassium >= 0.000)
",-9999999.000,-9999999.000,0.000,0.000,1.000,0,0,0,21,21,0,0,21,0.0,0,0,0.0,0.0,1.0
"F[0,1](Hct <= 29.552 & Calcium <= 6.476)
",-9999999.000,-9999999.000,0.000,0.000,1.000,0,0,0,21,21,0,0,21,0.0,0,0,0.0,0.0,1.0
"F[0,2](Hgb <= 5.548 | Hct <= 32.086)
",-9999999.000,-9999999.000,0.000,0.000,1.000,0,0,0,21,21,0,0,21,0.0,0,0,0.0,0.0,1.0
"F[0,2](((BaseExcess <= 0.000 | TroponinI >= 0.000) & MAP <= 0.000) -> EtCO2 <= 0.000)
",-9999999.000,-9999999.000,0.000,0.000,1.000,0,0,0,21,21,0,0,21,0.0,0,0,0.0,0.0,1.0
"F[0,2](((Platelets <= 16.530 | BaseExcess >= 0.000) -> HCO3 <= 0.000) & Platelets <= 0.000)
",-9999999.000,-9999999.000,0.000,0.000,1.000,0,0,0,21,21,0,0,21,0.0,0,0,0.0,0.0,1.0
"F[0,2](((Potassium <= 1.712 -> Temp <= 36.367) -> Fibrinogen <= 27.048) | Potassium <= 19.276)
",-9999999.000,-9999999.000,0.000,0.000,1.000,0,0,0,21,21,0,0,21,0.0,0,0,0.0,0.0,1.0
"F[0,1]((DBP >= 39.060 -> Temp >= 1.634) -> Calcium <= 23.595)
",-9999999.000,-9999999.000,0.000,0.000,1.000,0,0,0,21,21,0,0,21,0.0,0,0,0.0,0.0,1.0
"F[1,1]((HR <= 108.295 | Temp >= 5.614) | Alkalinephos <= 34.087)
",7620558063787773.000,108.295,0.000,0.000,1.000,0,0,0,21,21,0,0,21,0.0,0,0,0.0,0.0,1.0
"F[1,2]((Glucose <= 54.162 & HR >= 70.346) | TroponinI <= 96.526)
",-9999999.000,-9999999.000,0.000,0.000,1.000,0,0,0,21,21,0,0,21,0.0,0,0,0.0,0.0,1.0
"F[0,1](Hgb <= 7.518 | Hct <= 29.913)
",-9999999.000,-9999999.000,0.000,0.000,1.000,0,0,0,21,21,0,0,21,0.0,0,0,0.0,0.0,1.0
"F[1,2](((O2Sat >= 39.713 -> Temp <= 18.685) | pH >= 0.138) | SaO2 >= 5.036)
",-9999999.000,-9999999.000,0.000,0.000,1.000,0,0,0,21,21,0,0,21,0.0,0,0,0.0,0.0,1.0
"F[1,2]((Creatinine <= 1.208 | Temp <= 18.419) & Calcium >= 0.853)
",-9999999.000,-9999999.000,0.000,0.000,1.000,0,0,0,21,21,0,0,21,0.0,0,0,0.0,0.0,1.0
"F[1,2](((Phosphate <= 1.168 | Temp >= 7.026) -> PaCO2 <= 35.719) & Glucose <= 11.950)
",-9999999.000,-9999999.000,0.000,0.000,1.000,0,0,0,21,21,0,0,21,0.0,0,0,0.0,0.0,1.0
"F[0,1](O2Sat >= 73.400 | Potassium >= 0.089)
",-9999999.000,-9999999.000,0.000,0.000,1.000,0,0,0,21,21,0,0,21,0.0,0,0,0.0,0.0,1.0
"F[0,2]((Calcium <= 7.153 & Potassium <= 1.377) & Magnesium >= 0.079)
",-9999999.000,-9999999.000,0.000,0.000,1.000,0,0,0,21,21,0,0,21,0.0,0,0,0.0,0.0,1.0
"F[0,1](Magnesium >= 0.064 -> Temp <= 37.394)
",-9999999.000,-9999999.000,0.000,0.000,1.000,0,0,0,21,21,0,0,21,0.0,0,0,0.0,0.0,1.0
"F[0,1](((Calcium < 8.331 & Potassium < 2.281) & Magnesium < 1.342) & Phosphate < 2.418)
",-9999999.000,-9999999.000,0.000,0.000,1.000,0,0,0,21,21,0,0,21,0.0,0,0,0.0,0.0,1.0
"F[0,2]((Hct >= 0.594 | Temp >= 6.006) | PTT >= 6.429)
",-9999999.000,-9999999.000,0.000,0.000,1.000,0,0,0,21,21,0,0,21,0.0,0,0,0.0,0.0,1.0
"F[1,1](((DBP >= 7.266 | Phosphate <= 1.231) & TroponinI >= 0.180) -> FiO2 <= 1.952)
",-4396481345656982.500,-1.952,0.000,0.000,1.000,0,0,0,21,21,0,0,21,0.0,0,0,0.0,0.0,1.0
"F[1,2]((Phosphate >= 0.134 & Magnesium > 0.013) -> Calcium < 4.911)
",-9999999.000,-9999999.000,0.000,0.000,1.000,0,0,0,21,21,0,0,21,0.0,0,0,0.0,0.0,1.0
"F[1,2](BUN >= 0.266 -> Resp >= 1.357)
",-9999999.000,-9999999.000,0.000,0.000,1.000,0,0,0,21,21,0,0,21,0.0,0,0,0.0,0.0,1.0
"F[0,0]((HR <= 96.337 & Potassium >= 0.116) | Creatinine <= 1.027)
",4625969072516978.000,1.027,0.000,0.000,1.000,0,0,0,21,21,0,0,21,0.0,0,0,0.0,0.0,1.0
"((Chloride >= 0.000) U[2,2] (Calcium >= 0.288))
",0.000,0.000,0.000,0.000,1.000,0,0,0,21,21,0,0,21,0.0,0,0,0.0,0.0,1.0
"F[0,2](Magnesium <= 0.737 -> Resp <= 22.966)
",-9999999.000,-9999999.000,0.000,0.000,1.000,0,0,0,21,21,0,0,21,0.0,0,0,0.0,0.0,1.0
"((EtCO2 >= 0.000) U[1,2] (O2Sat >= 40.751))
",-9999999.000,-9999999.000,0.000,0.000,1.000,0,0,0,21,21,0,0,21,0.0,0,0,0.0,0.0,1.0
"F[0,2](PaCO2 >= 0.000 | SaO2 <= 0.000)
",-9999999.000,-9999999.000,0.000,0.000,1.000,0,0,0,21,21,0,0,21,0.0,0,0,0.0,0.0,1.0
"F[1,2](((PaCO2 <= 0.000 & SBP <= 174.893) & Hct >= 45.161) | pH <= 156.023)
",-9999999.000,-9999999.000,0.000,0.000,1.000,0,0,0,21,21,0,0,21,0.0,0,0,0.0,0.0,1.0
"F[0,1](EtCO2 >= 0.000 | HR <= 90.931)
",-9999999.000,-9999999.000,0.000,0.000,1.000,0,0,0,21,21,0,0,21,0.0,0,0,0.0,0.0,1.0
"((Glucose >= 13.110) U[0,2] (Resp >= 0.785))
",-9999999.000,-9999999.000,0.000,0.000,1.000,0,0,0,21,21,0,0,21,0.0,0,0,0.0,0.0,1.0
"F[2,2]((Resp <= 20.172 & WBC <= 2.475) -> pH >= 0.123)
",-5574006489592718.000,-2.475,0.000,0.000,1.000,0,0,0,21,21,0,0,21,0.0,0,0,0.0,0.0,1.0
"F[0,1](((Calcium < 6.517 & Potassium < 3.278) & Magnesium < 0.707) & Phosphate < 1.853)
",-9999999.000,-9999999.000,0.000,0.000,1.000,0,0,0,21,21,0,0,21,0.0,0,0,0.0,0.0,1.0
"((MAP >= 68.962) U[0,2] (SBP <= 124.812))
",-9999999.000,-9999999.000,0.000,0.000,1.000,0,0,0,21,21,0,0,21,0.0,0,0,0.0,0.0,1.0
"((Potassium <= 0.986) U[2,2] (Resp >= 0.146))
",8880083718664222.000,0.986,0.000,0.000,1.000,0,0,0,21,21,0,0,21,0.0,0,0,0.0,0.0,1.0
"F[1,1](((Hct >= 0.096 -> HR >= 27.599) | Chloride >= 54.209) | PTT >= 51.942)
",6885895211014481.000,0.096,0.000,0.000,1.000,0,0,0,21,21,0,0,21,0.0,0,0,0.0,0.0,1.0
"F[0,2](((Hgb >= 0.483 -> HR >= 64.044) | FiO2 <= 96.983) | pH >= 47.218)
",-9999999.000,-9999999.000,0.000,0.000,1.000,0,0,0,21,21,0,0,21,0.0,0,0,0.0,0.0,1.0
"F[0,2](((HR >= 3.184 | Platelets <= 124.384) & Temp <= 177.611) | Lactate <= 93.610)
",-9999999.000,-9999999.000,0.000,0.000,1.000,0,0,0,21,21,0,0,21,0.0,0,0,0.0,0.0,1.0
"F[0,2](Creatinine <= 3.899 & O2Sat >= 87.832)
",-9999999.000,-9999999.000,0.000,0.000,1.000,0,0,0,21,21,0,0,21,0.0,0,0,0.0,0.0,1.0
"F[1,2]((O2Sat >= 34.983 & WBC >= 0.104) -> Hct >= 0.100)
",-9999999.000,-9999999.000,0.000,0.000,1.000,0,0,0,21,21,0,0,21,0.0,0,0,0.0,0.0,1.0
"F[2,2](((Calcium >= 0.210 -> MAP <= 104.142) & SBP >= 42.981) | SaO2 <= 98.220)
",6911602599645932.000,98.220,0.000,0.000,1.000,0,0,0,21,21,0,0,21,0.0,0,0,0.0,0.0,1.0
