Rule,Discrimination Score,Pos Robustness,Neg Robustness,Percent Class +,Percent Class -,TP,TN,FP,FN,Actual Yes,Actual No,Predicted Yes,Predicted No,TPR/Sens,TNR/Spec,FPR,Precision,Accuracy,MCR
"G[0,0]((pH <= 0.000 & SaO2 <= 0.000) -> SaO2 >= 0.000)
",0.000,0.000,0.000,1.000,0.000,22,0,0,0,22,0,22,0,1.0,0.0,0.0,1.0,1.0232558139534884,-0.023255813953488413
"G[0,0](MAP <= 96.695 | O2Sat >= 54.053)
",1.103,30.697,0.000,1.000,0.000,22,0,0,0,22,0,22,0,1.0,0.0,0.0,1.0,1.0232558139534884,-0.023255813953488413
"G[0,0]((Lactate <= 0.000 | TroponinI >= 1.746) & Bilirubin_total <= 16.111)
",-0.408,-0.249,0.000,1.000,0.000,22,0,0,0,22,0,22,0,1.0,0.0,0.0,1.0,1.0232558139534884,-0.023255813953488413
"G[0,0](DBP <= 91.297 -> SepsisLabel = 0.000)
",-0.624,-18.793,0.000,1.000,0.000,22,0,0,0,22,0,22,0,1.0,0.0,0.0,1.0,1.0232558139534884,-0.023255813953488413
"G[0,0](((Platelets <= 255.554 -> WBC >= 0.187) | PTT <= 11.319) | pH >= 0.376)
",4.321,10.762,0.000,1.000,0.000,22,0,0,0,22,0,22,0,1.0,0.0,0.0,1.0,1.0232558139534884,-0.023255813953488413
"G[0,0](((Hct >= 1.714 | Platelets <= 89.100) & EtCO2 <= 32.177) -> PTT <= 93.220)
",-36.254,-92.648,0.000,1.000,0.000,22,0,0,0,22,0,22,0,1.0,0.0,0.0,1.0,1.0232558139534884,-0.023255813953488413
"G[0,0](((TroponinI >= 1.223 | MAP >= 67.876) | Fibrinogen <= 100.897) -> PTT <= 81.859)
",-39.928,-100.335,0.000,1.000,0.000,22,0,0,0,22,0,22,0,1.0,0.0,0.0,1.0,1.0232558139534884,-0.023255813953488413
"G[0,0](((TroponinI >= 0.433 -> SaO2 <= 0.000) -> TroponinI >= 0.000) | O2Sat >= 0.000)
",2.927,67.071,0.000,1.000,0.000,22,0,0,0,22,0,22,0,1.0,0.0,0.0,1.0,1.0232558139534884,-0.023255813953488413
"G[0,0](((BUN <= 16.234 -> DBP >= 53.396) & EtCO2 <= 106.543) | FiO2 <= 58.755)
",4134539495173306.000,58.755,0.000,1.000,0.000,22,0,0,0,22,0,22,0,1.0,0.0,0.0,1.0,1.0232558139534884,-0.023255813953488413
"G[0,0](((Magnesium >= 0.108 | Alkalinephos <= 0.000) -> HR >= 0.000) | DBP <= 0.000)
",-2.401,-72.762,0.000,1.000,0.000,22,0,0,0,22,0,22,0,1.0,0.0,0.0,1.0,1.0232558139534884,-0.023255813953488413
"G[0,0]((DBP >= 51.058 & Chloride >= 0.000) -> Platelets >= 0.000)
",-0.324,-0.881,0.000,1.000,0.000,22,0,0,0,22,0,22,0,1.0,0.0,0.0,1.0,1.0232558139534884,-0.023255813953488413
"G[0,0](((Magnesium >= 0.023 | SBP <= 134.968) -> Glucose <= 114.861) | PTT <= 119.659)
",46.600,119.088,0.000,1.000,0.000,22,0,0,0,22,0,22,0,1.0,0.0,0.0,1.0,1.0232558139534884,-0.023255813953488413
"G[0,0](((SBP <= 105.482 -> Temp >= 3.616) | DBP >= 6.800) | SaO2 <= 15.422)
",3.040,69.137,0.000,1.000,0.000,22,0,0,0,22,0,22,0,1.0,0.0,0.0,1.0,1.0232558139534884,-0.023255813953488413
"G[0,0](((Hct <= 17.911 & Fibrinogen <= 0.000) | PaCO2 >= 0.000) | PaCO2 >= 0.000)
",0.000,0.000,0.000,1.000,0.000,22,0,0,0,22,0,22,0,1.0,0.0,0.0,1.0,1.0232558139534884,-0.023255813953488413
"G[0,0](((HR >= 51.680 -> BaseExcess <= 0.000) & PTT <= 0.000) -> Bilirubin_total <= 0.000)
",0.322,0.362,0.000,1.000,0.000,22,0,0,0,22,0,22,0,1.0,0.0,0.0,1.0,1.0232558139534884,-0.023255813953488413
"G[0,0](((pH >= 0.000 | Alkalinephos >= 0.000) | BUN <= 0.000) -> Glucose >= 0.000)
",-0.322,-1.619,0.000,1.000,0.000,22,0,0,0,22,0,22,0,1.0,0.0,0.0,1.0,1.0232558139534884,-0.023255813953488413
"G[0,0](HCO3 >= 0.000 -> SepsisLabel = 0.000)
",0.000,0.000,0.000,1.000,0.000,22,0,0,0,22,0,22,0,1.0,0.0,0.0,1.0,1.0232558139534884,-0.023255813953488413
"G[0,0]((Creatinine >= 0.008 & Platelets >= 2.934) | Potassium <= 320.117)
",5631564032126955.000,320.117,0.000,1.000,0.000,22,0,0,0,22,0,22,0,1.0,0.0,0.0,1.0,1.0232558139534884,-0.023255813953488413
"G[1,1](((PTT >= 0.000 & Alkalinephos <= 0.000) & Bilirubin_total <= 0.000) | Calcium <= 0.000)
",0.000,0.000,0.000,1.000,0.000,21,0,1,0,21,1,22,0,1.0,0.0,1.0,0.9545454545454546,0.9767441860465116,0.023255813953488413
"G[0,1]((EtCO2 >= 0.000 & Alkalinephos <= 0.000) -> Bilirubin_direct <= 0.000)
",9999999.000,9999999.000,0.000,1.000,0.000,21,0,1,0,21,1,22,0,1.0,0.0,1.0,0.9545454545454546,0.9767441860465116,0.023255813953488413
"G[0,1](O2Sat <= 91.168 | PTT >= 0.000)
",9999999.000,9999999.000,0.000,1.000,0.000,21,0,1,0,21,1,22,0,1.0,0.0,1.0,0.9545454545454546,0.9767441860465116,0.023255813953488413
"G[0,1](Creatinine >= 0.017 | Hct <= 2.959)
",9999999.000,9999999.000,0.000,1.000,0.000,21,0,1,0,21,1,22,0,1.0,0.0,1.0,0.9545454545454546,0.9767441860465116,0.023255813953488413
"G[0,1]((Potassium >= 0.068 & EtCO2 >= 0.000) -> EtCO2 >= 0.000)
",9999999.000,9999999.000,0.000,1.000,0.000,21,0,1,0,21,1,22,0,1.0,0.0,1.0,0.9545454545454546,0.9767441860465116,0.023255813953488413
"G[0,1](DBP <= 54.187 | Bilirubin_direct >= 0.000)
",9999999.000,9999999.000,0.000,1.000,0.000,21,0,1,0,21,1,22,0,1.0,0.0,1.0,0.9545454545454546,0.9767441860465116,0.023255813953488413
"G[0,1](Chloride >= 0.000 & SepsisLabel = 0.000)
",9999999.000,9999999.000,0.000,1.000,0.000,21,0,1,0,21,1,22,0,1.0,0.0,1.0,0.9545454545454546,0.9767441860465116,0.023255813953488413
"G[0,1](Resp >= 17.026 -> SepsisLabel = 0.000)
",9999999.000,9999999.000,0.000,1.000,0.000,21,0,1,0,21,1,22,0,1.0,0.0,1.0,0.9545454545454546,0.9767441860465116,0.023255813953488413
"G[1,1](Bilirubin_direct < 0.000 -> SepsisLabel = 0.000)
",0.000,0.000,0.000,1.000,0.000,21,0,1,0,21,1,22,0,1.0,0.0,1.0,0.9545454545454546,0.9767441860465116,0.023255813953488413
"G[0,1](BUN < 5.107 -> SepsisLabel = 0.000)
",9999999.000,9999999.000,0.000,1.000,0.000,21,0,1,0,21,1,22,0,1.0,0.0,1.0,0.9545454545454546,0.9767441860465116,0.023255813953488413
"G[0,1](AST < 0.000 -> SepsisLabel = 0.000)
",9999999.000,9999999.000,0.000,1.000,0.000,21,0,1,0,21,1,22,0,1.0,0.0,1.0,0.9545454545454546,0.9767441860465116,0.023255813953488413
"G[0,1](((Platelets >= 13.117 | Resp <= 26.062) & Temp <= 24.587) | Creatinine <= 27.312)
",9999999.000,9999999.000,0.000,1.000,0.000,21,0,1,0,21,1,22,0,1.0,0.0,1.0,0.9545454545454546,0.9767441860465116,0.023255813953488413
"G[1,1](HCO3 <= 0.000 | Hgb >= 0.476)
",0.000,0.000,0.000,1.000,0.000,21,0,1,0,21,1,22,0,1.0,0.0,1.0,0.9545454545454546,0.9767441860465116,0.023255813953488413
"G[0,0]((Resp <= 21.779 | TroponinI >= 2.454) -> BUN <= 12.518)
",-4.271,-13.841,0.000,1.000,0.000,21,0,0,1,22,0,21,1,0.9545454545454546,0.0,0.0,1.0,0.9767441860465116,0.023255813953488413
"G[1,1](pH >= 0.000 -> Fibrinogen <= 0.000)
",0.000,0.000,0.000,1.000,0.000,21,0,1,0,21,1,22,0,1.0,0.0,1.0,0.9545454545454546,0.9767441860465116,0.023255813953488413
"G[0,1](((Resp >= 7.449 -> SepsisLabel >= 0.000) | Temp >= 0.000) -> Alkalinephos >= 0.000)
",9999999.000,9999999.000,0.000,1.000,0.000,21,0,1,0,21,1,22,0,1.0,0.0,1.0,0.9545454545454546,0.9767441860465116,0.023255813953488413
"G[0,1](Chloride >= 0.000 & HCO3 >= 0.000)
",9999999.000,9999999.000,0.000,1.000,0.000,21,0,1,0,21,1,22,0,1.0,0.0,1.0,0.9545454545454546,0.9767441860465116,0.023255813953488413
"G[0,1](DBP >= 16.344 | SBP <= 113.489)
",9999999.000,9999999.000,0.000,1.000,0.000,21,0,1,0,21,1,22,0,1.0,0.0,1.0,0.9545454545454546,0.9767441860465116,0.023255813953488413
"G[0,1]((Temp <= 23.239 -> WBC <= 9.003) -> Creatinine <= 8.733)
",9999999.000,9999999.000,0.000,1.000,0.000,21,0,1,0,21,1,22,0,1.0,0.0,1.0,0.9545454545454546,0.9767441860465116,0.023255813953488413
"G[1,1](((Lactate >= 0.000 | O2Sat >= 69.339) -> Fibrinogen <= 93.991) | Fibrinogen >= 23.293)
",-3278137194377846.000,-23.293,0.000,1.000,0.000,21,0,1,0,21,1,22,0,1.0,0.0,1.0,0.9545454545454546,0.9767441860465116,0.023255813953488413
"G[0,1](((DBP <= 92.857 & TroponinI >= 0.453) -> Creatinine <= 11.705) & FiO2 <= 36.467)
",9999999.000,9999999.000,0.000,1.000,0.000,21,0,1,0,21,1,22,0,1.0,0.0,1.0,0.9545454545454546,0.9767441860465116,0.023255813953488413
"G[0,1]((Calcium >= 0.258 | Hct >= 1.298) | AST <= 21.310)
",9999999.000,9999999.000,0.000,1.000,0.000,21,0,1,0,21,1,22,0,1.0,0.0,1.0,0.9545454545454546,0.9767441860465116,0.023255813953488413
"G[1,1](Potassium >= 0.209 | HCO3 <= 0.000)
",0.000,0.000,0.000,1.000,0.000,21,0,1,0,21,1,22,0,1.0,0.0,1.0,0.9545454545454546,0.9767441860465116,0.023255813953488413
"G[1,1](((Glucose <= 146.896 & EtCO2 >= 0.000) & Alkalinephos <= 0.000) -> SepsisLabel >= 0.000)
",0.000,0.000,0.000,1.000,0.000,21,0,1,0,21,1,22,0,1.0,0.0,1.0,0.9545454545454546,0.9767441860465116,0.023255813953488413
"G[1,1](((pH <= 0.000 -> Alkalinephos <= 0.000) -> AST <= 0.000) & Resp >= 0.000)
",0.000,0.000,0.000,1.000,0.000,21,0,1,0,21,1,22,0,1.0,0.0,1.0,0.9545454545454546,0.9767441860465116,0.023255813953488413
"G[0,0](((Platelets <= 63.443 & Potassium >= 0.034) -> MAP <= 0.669) | Glucose <= 1.003)
",2257830079749133.000,1.003,0.000,1.000,0.000,21,0,0,1,22,0,21,1,0.9545454545454546,0.0,0.0,1.0,0.9767441860465116,0.023255813953488413
"G[0,1](BUN <= 16.340 | SepsisLabel <= 0.000)
",9999999.000,9999999.000,0.000,1.000,0.000,21,0,1,0,21,1,22,0,1.0,0.0,1.0,0.9545454545454546,0.9767441860465116,0.023255813953488413
"G[0,1](HCO3 < 0.000 -> SepsisLabel = 0.000)
",9999999.000,9999999.000,0.000,1.000,0.000,21,0,1,0,21,1,22,0,1.0,0.0,1.0,0.9545454545454546,0.9767441860465116,0.023255813953488413
"G[0,1](SaO2 >= 0.000 | PTT >= 0.000)
",9999999.000,9999999.000,0.000,1.000,0.000,21,0,1,0,21,1,22,0,1.0,0.0,1.0,0.9545454545454546,0.9767441860465116,0.023255813953488413
"G[0,1](HR > 4.877 -> SepsisLabel = 0.000)
",9999999.000,9999999.000,0.000,1.000,0.000,21,0,1,0,21,1,22,0,1.0,0.0,1.0,0.9545454545454546,0.9767441860465116,0.023255813953488413
"G[0,1](Chloride >= 0.000 & HCO3 >= 0.000)
",9999999.000,9999999.000,0.000,1.000,0.000,21,0,1,0,21,1,22,0,1.0,0.0,1.0,0.9545454545454546,0.9767441860465116,0.023255813953488413
"G[1,1](Chloride >= 0.000 & HCO3 >= 0.000)
",0.000,0.000,0.000,1.000,0.000,21,0,1,0,21,1,22,0,1.0,0.0,1.0,0.9545454545454546,0.9767441860465116,0.023255813953488413
"G[0,1](Chloride >= 0.000 | BUN <= 2.087)
",9999999.000,9999999.000,0.000,1.000,0.000,21,0,1,0,21,1,22,0,1.0,0.0,1.0,0.9545454545454546,0.9767441860465116,0.023255813953488413
"G[0,1](((Platelets <= 127.928 -> MAP >= 72.398) & FiO2 >= 69.545) -> PTT >= 49.991)
",9999999.000,9999999.000,0.000,1.000,0.000,21,0,1,0,21,1,22,0,1.0,0.0,1.0,0.9545454545454546,0.9767441860465116,0.023255813953488413
"G[0,1](((Creatinine <= 0.301 & HCO3 >= 0.000) & SaO2 <= 0.000) | SepsisLabel <= 0.000)
",9999999.000,9999999.000,0.000,1.000,0.000,21,0,1,0,21,1,22,0,1.0,0.0,1.0,0.9545454545454546,0.9767441860465116,0.023255813953488413
"G[0,1](((Glucose <= 141.813 & TroponinI >= 2.733) | DBP >= 0.387) -> WBC <= 29.052)
",9999999.000,9999999.000,0.000,1.000,0.000,21,0,1,0,21,1,22,0,1.0,0.0,1.0,0.9545454545454546,0.9767441860465116,0.023255813953488413
"G[0,1](((Glucose >= 5.562 -> WBC >= 0.132) -> Magnesium <= 5.436) | Chloride >= 0.124)
",9999999.000,9999999.000,0.000,1.000,0.000,21,0,1,0,21,1,22,0,1.0,0.0,1.0,0.9545454545454546,0.9767441860465116,0.023255813953488413
"G[0,1](DBP >= 0.862 -> HCO3 <= 0.000)
",9999999.000,9999999.000,0.000,1.000,0.000,21,0,1,0,21,1,22,0,1.0,0.0,1.0,0.9545454545454546,0.9767441860465116,0.023255813953488413
"G[0,1](Chloride >= 0.000 & HCO3 >= 0.000)
",9999999.000,9999999.000,0.000,1.000,0.000,21,0,1,0,21,1,22,0,1.0,0.0,1.0,0.9545454545454546,0.9767441860465116,0.023255813953488413
"G[0,1](((Creatinine <= 0.100 & EtCO2 >= 0.000) -> Glucose <= 0.000) | Hgb >= 0.000)
",9999999.000,9999999.000,0.000,1.000,0.000,21,0,1,0,21,1,22,0,1.0,0.0,1.0,0.9545454545454546,0.9767441860465116,0.023255813953488413
"G[1,1]((Bilirubin_direct <= 0.000 & BaseExcess <= 0.000) | Platelets >= 0.000)
",0.000,0.000,0.000,1.000,0.000,21,0,1,0,21,1,22,0,1.0,0.0,1.0,0.9545454545454546,0.9767441860465116,0.023255813953488413
"G[1,1](((FiO2 <= 0.000 | Phosphate >= 0.000) & BUN >= 0.000) | HR >= 0.000)
",0.000,0.000,0.000,1.000,0.000,21,0,1,0,21,1,22,0,1.0,0.0,1.0,0.9545454545454546,0.9767441860465116,0.023255813953488413
"G[0,1](((SepsisLabel <= 0.000 | Resp >= 1.151) -> Lactate <= 21.389) | BaseExcess >= 11.406)
",9999999.000,9999999.000,0.000,1.000,0.000,21,0,1,0,21,1,22,0,1.0,0.0,1.0,0.9545454545454546,0.9767441860465116,0.023255813953488413
"G[0,1]((Alkalinephos <= 0.000 -> Alkalinephos <= 0.000) | pH >= 0.000)
",9999999.000,9999999.000,0.000,1.000,0.000,21,0,1,0,21,1,22,0,1.0,0.0,1.0,0.9545454545454546,0.9767441860465116,0.023255813953488413
"G[0,0]((Creatinine <= 0.450 | WBC >= 0.407) & PTT <= 5.232)
",0.069,0.106,0.000,1.000,0.000,21,0,0,1,22,0,21,1,0.9545454545454546,0.0,0.0,1.0,0.9767441860465116,0.023255813953488413
"G[1,1]((HCO3 >= 0.000 & BaseExcess <= 0.000) & SaO2 >= 0.000)
",0.000,0.000,0.000,1.000,0.000,21,0,1,0,21,1,22,0,1.0,0.0,1.0,0.9545454545454546,0.9767441860465116,0.023255813953488413
"G[0,1](TroponinI <= 14.185 | BaseExcess >= 0.000)
",9999999.000,9999999.000,0.000,1.000,0.000,21,0,1,0,21,1,22,0,1.0,0.0,1.0,0.9545454545454546,0.9767441860465116,0.023255813953488413
"G[0,1](((Fibrinogen >= 0.000 | SaO2 >= 0.000) & HCO3 >= 0.000) & SBP >= 0.000)
",9999999.000,9999999.000,0.000,1.000,0.000,21,0,1,0,21,1,22,0,1.0,0.0,1.0,0.9545454545454546,0.9767441860465116,0.023255813953488413
"G[0,1]((HCO3 <= 0.000 -> SaO2 >= 0.000) | Fibrinogen <= 0.000)
",9999999.000,9999999.000,0.000,1.000,0.000,21,0,1,0,21,1,22,0,1.0,0.0,1.0,0.9545454545454546,0.9767441860465116,0.023255813953488413
"G[0,1](((BaseExcess <= 0.000 -> Alkalinephos >= 0.000) -> Hct <= 0.000) | Glucose >= 0.000)
",9999999.000,9999999.000,0.000,1.000,0.000,21,0,1,0,21,1,22,0,1.0,0.0,1.0,0.9545454545454546,0.9767441860465116,0.023255813953488413
"G[0,1](SepsisLabel <= 0.000 | Bilirubin_total <= 0.000)
",9999999.000,9999999.000,0.000,1.000,0.000,21,0,1,0,21,1,22,0,1.0,0.0,1.0,0.9545454545454546,0.9767441860465116,0.023255813953488413
"G[0,1](Chloride >= 0.000 & HCO3 >= 0.000)
",9999999.000,9999999.000,0.000,1.000,0.000,21,0,1,0,21,1,22,0,1.0,0.0,1.0,0.9545454545454546,0.9767441860465116,0.023255813953488413
"G[0,1](((SaO2 >= 0.000 | DBP >= 18.332) | Potassium >= 40.155) -> AST <= 60.754)
",9999999.000,9999999.000,0.000,1.000,0.000,21,0,1,0,21,1,22,0,1.0,0.0,1.0,0.9545454545454546,0.9767441860465116,0.023255813953488413
"G[1,1](((Fibrinogen <= 0.000 & SepsisLabel <= 0.000) & Bilirubin_total <= 0.000) -> Hgb <= 0.000)
",0.000,0.000,0.000,1.000,0.000,20,0,1,1,21,1,21,1,0.9523809523809523,0.0,1.0,0.9523809523809523,0.9302325581395349,0.06976744186046513
"G[1,1]((FiO2 <= 0.000 | Alkalinephos <= 0.000) & Platelets <= 0.000)
",0.000,0.000,0.000,1.000,0.000,20,0,1,1,21,1,21,1,0.9523809523809523,0.0,1.0,0.9523809523809523,0.9302325581395349,0.06976744186046513
"G[1,1](Lactate >= 0.000 & HR >= 11.654)
",-6560845529469022.000,-11.654,0.000,1.000,0.000,19,0,1,2,21,1,20,2,0.9047619047619048,0.0,1.0,0.95,0.8837209302325582,0.11627906976744184
"G[0,1]((Creatinine >= 0.010 -> AST <= 0.000) & Hct <= 0.000)
",9999999.000,9999999.000,0.000,1.000,0.000,19,0,1,2,21,1,20,2,0.9047619047619048,0.0,1.0,0.95,0.8837209302325582,0.11627906976744184
"G[1,1](BUN >= 1.079 | TroponinI <= 10.932)
",10.932,10.932,0.000,1.000,0.000,19,0,1,2,21,1,20,2,0.9047619047619048,0.0,1.0,0.95,0.8837209302325582,0.11627906976744184
"G[0,0]((Temp <= 30.618 | Lactate <= 0.000) -> Glucose <= 0.000)
",-0.324,-2.916,0.000,1.000,0.000,19,0,0,3,22,0,19,3,0.8636363636363636,0.0,0.0,1.0,0.8837209302325582,0.11627906976744184
"G[1,1](((Fibrinogen >= 0.000 & O2Sat >= 1.951) & Chloride <= 96.634) | Resp >= 40.228)
",-4392218328067994.500,-1.951,0.000,1.000,0.000,19,0,1,2,21,1,20,2,0.9047619047619048,0.0,1.0,0.95,0.8837209302325582,0.11627906976744184
"G[0,1](BUN <= 18.177 & SepsisLabel = 0.000)
",9999999.000,9999999.000,0.000,1.000,0.000,19,0,1,2,21,1,20,2,0.9047619047619048,0.0,1.0,0.95,0.8837209302325582,0.11627906976744184
"G[0,0](O2Sat >= 54.895 | Resp >= 14.580)
",2.074,41.215,0.000,1.000,0.000,19,0,0,3,22,0,19,3,0.8636363636363636,0.0,0.0,1.0,0.8837209302325582,0.11627906976744184
"G[0,1](Glucose >= 11.125 -> WBC >= 0.019)
",9999999.000,9999999.000,0.000,1.000,0.000,18,0,1,3,21,1,19,3,0.8571428571428571,0.0,1.0,0.9473684210526315,0.8372093023255814,0.16279069767441856
"G[1,1](BUN <= 15.054 & HR >= 17.689)
",-4978878935442818.000,-17.689,0.000,1.000,0.000,18,0,1,3,21,1,19,3,0.8571428571428571,0.0,1.0,0.9473684210526315,0.8372093023255814,0.16279069767441856
"G[0,1](Glucose >= 1.108 -> TroponinI >= 2.702)
",9999999.000,9999999.000,0.000,1.000,0.000,18,0,1,3,21,1,19,3,0.8571428571428571,0.0,1.0,0.9473684210526315,0.8372093023255814,0.16279069767441856
"G[0,0](((Fibrinogen >= 0.000 | Resp >= 13.671) -> Resp >= 7.168) & Bilirubin_direct <= 25.155)
",-2.315,-47.714,0.000,1.000,0.000,18,0,0,4,22,0,18,4,0.8181818181818182,0.0,0.0,1.0,0.8372093023255814,0.16279069767441856
"G[0,1](BUN < 6.596 & SepsisLabel = 0.000)
",9999999.000,9999999.000,0.000,1.000,0.000,18,0,1,3,21,1,19,3,0.8571428571428571,0.0,1.0,0.9473684210526315,0.8372093023255814,0.16279069767441856
"G[0,1]((AST <= 0.000 & O2Sat >= 70.547) | HR >= 0.181)
",9999999.000,9999999.000,0.000,1.000,0.000,18,0,1,3,21,1,19,3,0.8571428571428571,0.0,1.0,0.9473684210526315,0.8372093023255814,0.16279069767441856
"G[1,1](Resp >= 17.397 & WBC <= 2.490)
",-4896873968004050.000,-17.397,0.000,1.000,0.000,14,0,1,7,21,1,15,7,0.6666666666666666,0.0,1.0,0.9333333333333333,0.6511627906976745,0.34883720930232553
"G[0,1](((Resp <= 24.157 & Calcium <= 3.297) -> SaO2 >= 0.379) | Temp <= 7.920)
",9999999.000,9999999.000,0.000,1.000,0.000,13,0,1,8,21,1,14,8,0.6190476190476191,0.0,1.0,0.9285714285714286,0.6046511627906976,0.39534883720930236
"G[0,0](((DBP >= 52.513 -> O2Sat <= 94.924) | O2Sat <= 92.981) & SepsisLabel <= 94.609)
",0.235,14.035,0.000,1.000,0.000,8,0,0,14,22,0,8,14,0.36363636363636365,0.0,0.0,1.0,0.37209302325581395,0.627906976744186
"G[0,0]((Potassium <= 1.155 & Resp <= 20.103) & DBP >= 1.336)
",-2.305,-36.817,0.000,1.000,0.000,7,0,0,15,22,0,7,15,0.3181818181818182,0.0,0.0,1.0,0.32558139534883723,0.6744186046511628
"G[0,1](MAP <= 86.497 & Resp >= 9.455)
",9999999.000,9999999.000,0.000,1.000,0.000,6,0,0,16,22,0,6,16,0.2727272727272727,0.0,0.0,1.0,0.27906976744186046,0.7209302325581395
"G[0,0]((Hct >= 1.668 & Creatinine >= 0.013) | MAP <= 0.398)
",-1.670,-1.294,0.000,1.000,0.000,6,0,0,16,22,0,6,16,0.2727272727272727,0.0,0.0,1.0,0.27906976744186046,0.7209302325581395
"G[1,1](Hgb >= 0.145 | SBP <= 116.316)
",8185002550894914.000,116.316,0.000,1.000,0.000,5,0,1,16,21,1,6,16,0.23809523809523808,0.0,1.0,0.8333333333333334,0.23255813953488372,0.7674418604651163
"G[0,0]((Creatinine >= 0.005 | O2Sat <= 90.679) & BUN <= 94.290)
",1.030,23.608,0.000,1.000,0.000,5,0,0,17,22,0,5,17,0.22727272727272727,0.0,0.0,1.0,0.23255813953488372,0.7674418604651163
"G[0,0]((Glucose <= 71.587 & Magnesium <= 1.743) -> EtCO2 >= 0.129)
",-2.510,-18.567,0.000,1.000,0.000,3,0,0,19,22,0,3,19,0.13636363636363635,0.0,0.0,1.0,0.13953488372093023,0.8604651162790697
"G[1,1](((HR <= 71.779 | Magnesium >= 0.018) | Glucose <= 0.537) -> Resp <= 0.761)
",-5050991071118597.000,-71.779,0.000,1.000,0.000,2,0,1,19,21,1,3,19,0.09523809523809523,0.0,1.0,0.6666666666666666,0.09302325581395349,0.9069767441860466
"G[0,0](Hgb >= 0.457 | Potassium >= 0.102)
",0.211,1.657,0.000,1.000,0.000,2,0,0,20,22,0,2,20,0.09090909090909091,0.0,0.0,1.0,0.09302325581395349,0.9069767441860466
"G[0,1](((Bilirubin_direct >= 0.000 | SBP >= 28.191) & SBP >= 66.479) -> HCO3 >= 47.255)
",9999999.000,9999999.000,0.000,1.000,0.000,2,0,0,20,22,0,2,20,0.09090909090909091,0.0,0.0,1.0,0.09302325581395349,0.9069767441860466
"G[0,0](Magnesium >= 0.132 & O2Sat >= 49.419)
",-0.334,-4.826,0.000,1.000,0.000,2,0,0,20,22,0,2,20,0.09090909090909091,0.0,0.0,1.0,0.09302325581395349,0.9069767441860466
"G[0,1](((Hct >= 1.085 & Potassium <= 0.961) | SBP <= 3.224) | Hct >= 0.005)
",9999999.000,9999999.000,0.000,1.000,0.000,2,0,0,20,22,0,2,20,0.09090909090909091,0.0,0.0,1.0,0.09302325581395349,0.9069767441860466
"G[0,0](TroponinI <= 23.803 -> Hgb >= 0.422)
",-8.772,-24.425,0.000,1.000,0.000,1,0,0,21,22,0,1,21,0.045454545454545456,0.0,0.0,1.0,0.046511627906976744,0.9534883720930233
"G[0,0](Platelets <= 271.437 -> WBC >= 0.412)
",-4775170329575602.000,-271.437,0.000,1.000,0.000,1,0,0,21,22,0,1,21,0.045454545454545456,0.0,0.0,1.0,0.046511627906976744,0.9534883720930233
"G[1,1]((SepsisLabel >= 0.000 & Temp >= 4.668) | FiO2 >= 1.898)
",-8548254665771267.000,-1.898,0.000,1.000,0.000,1,0,1,20,21,1,2,20,0.047619047619047616,0.0,1.0,0.5,0.046511627906976744,0.9534883720930233
"G[1,1](Platelets <= 229.518 -> WBC >= 0.489)
",-4037719016308289.500,-229.518,0.000,1.000,0.000,1,0,1,20,21,1,2,20,0.047619047619047616,0.0,1.0,0.5,0.046511627906976744,0.9534883720930233
"G[1,1](((Hgb <= 6.707 | Hct <= 5.084) -> WBC >= 0.311) & Platelets >= 12.163)
",-6846950310664013.000,-12.163,0.000,1.000,0.000,1,0,1,20,21,1,2,20,0.047619047619047616,0.0,1.0,0.5,0.046511627906976744,0.9534883720930233
"G[1,1](((Hgb <= 10.415 | Hct <= 22.987) -> WBC >= 0.196) & Platelets >= 1.782)
",-6470394001290863.000,-22.987,0.000,1.000,0.000,1,0,1,20,21,1,2,20,0.047619047619047616,0.0,1.0,0.5,0.046511627906976744,0.9534883720930233
"G[0,0](Platelets <= 135.291 -> WBC >= 0.080)
",-4760112053117381.000,-135.291,0.000,1.000,0.000,1,0,0,21,22,0,1,21,0.045454545454545456,0.0,0.0,1.0,0.046511627906976744,0.9534883720930233
"G[1,1](((DBP <= 104.387 | Magnesium >= 0.130) | Hgb <= 2.020) & WBC >= 0.064)
",-4599375764591406.000,-0.064,0.000,1.000,0.000,1,0,1,20,21,1,2,20,0.047619047619047616,0.0,1.0,0.5,0.046511627906976744,0.9534883720930233
"G[0,2](((SepsisLabel >= 0.000 | Bilirubin_total <= 0.000) -> HCO3 <= 0.000) & Glucose >= 0.000)
",9999999.000,9999999.000,0.000,1.000,0.000,0,0,22,0,0,22,22,0,0.0,0.0,1.0,0.0,0.0,1.0
"G[0,2](((Magnesium >= 0.027 | Creatinine <= 0.219) -> WBC >= 0.015) | SaO2 <= 0.235)
",9999999.000,9999999.000,0.000,1.000,0.000,0,0,22,0,0,22,22,0,0.0,0.0,1.0,0.0,0.0,1.0
"G[0,2](WBC <= 8.936 & FiO2 <= 0.000)
",9999999.000,9999999.000,0.000,1.000,0.000,0,0,20,2,2,20,20,2,0.0,0.0,1.0,0.0,0.0,1.0
"G[1,2](((HCO3 >= 0.000 -> SaO2 <= 0.000) & Alkalinephos <= 0.000) -> Fibrinogen >= 0.000)
",9999999.000,9999999.000,0.000,1.000,0.000,0,0,22,0,0,22,22,0,0.0,0.0,1.0,0.0,0.0,1.0
"G[0,2]((Alkalinephos >= 0.000 | Potassium <= 0.997) -> BUN <= 3.511)
",9999999.000,9999999.000,0.000,1.000,0.000,0,0,19,3,3,19,19,3,0.0,0.0,1.0,0.0,0.0,1.0
"G[2,2]((SaO2 <= 0.000 | HCO3 <= 0.000) -> SBP <= 0.000)
",0.000,0.000,0.000,1.000,0.000,0,0,22,0,0,22,22,0,0.0,0.0,1.0,0.0,0.0,1.0
"G[0,2](((PTT <= 0.000 & HR >= 46.438) -> BaseExcess >= 28.032) & SBP >= 65.102)
",9999999.000,9999999.000,0.000,1.000,0.000,0,0,0,22,22,0,0,22,0.0,0.0,0.0,0.0,0.0,1.0
"G[0,2](((pH <= 0.000 & Hct <= 15.297) | AST >= 0.736) & Phosphate <= 35.491)
",9999999.000,9999999.000,0.000,1.000,0.000,0,0,20,2,2,20,20,2,0.0,0.0,1.0,0.0,0.0,1.0
"G[1,2](Bilirubin_total >= 0.000 | Potassium <= 1.468)
",9999999.000,9999999.000,0.000,1.000,0.000,0,0,22,0,0,22,22,0,0.0,0.0,1.0,0.0,0.0,1.0
"G[1,2](MAP >= 52.871 -> Platelets >= 6.968)
",9999999.000,9999999.000,0.000,1.000,0.000,0,0,4,18,18,4,4,18,0.0,0.0,1.0,0.0,0.0,1.0
"G[0,2](((Lactate <= 0.000 & DBP <= 60.960) & PTT >= 47.336) & O2Sat <= 93.665)
",9999999.000,9999999.000,0.000,1.000,0.000,0,0,0,22,22,0,0,22,0.0,0.0,0.0,0.0,0.0,1.0
"G[2,2]((Hct >= 0.696 | HR <= 70.609) | Hgb <= 81.100)
",81.100,81.100,0.000,1.000,0.000,0,0,22,0,0,22,22,0,0.0,0.0,1.0,0.0,0.0,1.0
"G[2,2](SepsisLabel <= 0.000 | SBP <= 148.415)
",5221896202256066.000,148.415,0.000,1.000,0.000,0,0,22,0,0,22,22,0,0.0,0.0,1.0,0.0,0.0,1.0
"G[0,0](((WBC <= 3.688 & Glucose >= 7.491) & Bilirubin_direct >= 12.500) & Fibrinogen >= 14.074)
",-33.262,-13.980,0.000,1.000,0.000,0,0,0,22,22,0,0,22,0.0,0.0,0.0,0.0,0.0,1.0
"G[0,2](O2Sat <= 97.983 -> BaseExcess >= 0.000)
",9999999.000,9999999.000,0.000,1.000,0.000,0,0,22,0,0,22,22,0,0.0,0.0,1.0,0.0,0.0,1.0
"G[1,2](((WBC >= 0.122 & AST <= 0.000) | Temp >= 0.000) & Alkalinephos <= 0.000)
",9999999.000,9999999.000,0.000,1.000,0.000,0,0,22,0,0,22,22,0,0.0,0.0,1.0,0.0,0.0,1.0
"G[2,2]((Resp <= 21.829 | Hgb <= 8.711) & BaseExcess >= 0.207)
",-0.207,-0.207,0.000,1.000,0.000,0,0,22,0,0,22,22,0,0.0,0.0,1.0,0.0,0.0,1.0
"G[0,2]((Bilirubin_direct >= 0.000 | Hgb <= 7.165) -> Magnesium <= 3.533)
",9999999.000,9999999.000,0.000,1.000,0.000,0,0,22,0,0,22,22,0,0.0,0.0,1.0,0.0,0.0,1.0
"G[0,2](((HR >= 30.430 & BaseExcess <= 0.000) & O2Sat <= 0.000) -> EtCO2 <= 0.000)
",9999999.000,9999999.000,0.000,1.000,0.000,0,0,22,0,0,22,22,0,0.0,0.0,1.0,0.0,0.0,1.0
"G[1,2]((Glucose >= 3.070 & Chloride <= 0.000) | MAP >= 0.000)
",9999999.000,9999999.000,0.000,1.000,0.000,0,0,22,0,0,22,22,0,0.0,0.0,1.0,0.0,0.0,1.0
"G[0,1](((BaseExcess <= 0.000 & HR <= 80.111) | HCO3 >= 19.933) & Bilirubin_direct >= 18.044)
",9999999.000,9999999.000,0.000,1.000,0.000,0,0,0,22,22,0,0,22,0.0,0.0,0.0,0.0,0.0,1.0
"G[0,2](((Glucose >= 3.144 | Magnesium <= 2.007) -> SepsisLabel <= 0.963) | Potassium >= 0.005)
",9999999.000,9999999.000,0.000,1.000,0.000,0,0,22,0,0,22,22,0,0.0,0.0,1.0,0.0,0.0,1.0
"G[0,2]((TroponinI >= 1.100 -> Temp <= 23.028) -> O2Sat <= 19.972)
",9999999.000,9999999.000,0.000,1.000,0.000,0,0,2,20,20,2,2,20,0.0,0.0,1.0,0.0,0.0,1.0
"G[1,2](((Hct >= 0.089 & FiO2 <= 0.000) & SepsisLabel <= 0.000) & Alkalinephos <= 0.000)
",9999999.000,9999999.000,0.000,1.000,0.000,0,0,2,20,20,2,2,20,0.0,0.0,1.0,0.0,0.0,1.0
"G[0,2](Creatinine >= 0.025 & Fibrinogen <= 0.000)
",9999999.000,9999999.000,0.000,1.000,0.000,0,0,0,22,22,0,0,22,0.0,0.0,0.0,0.0,0.0,1.0
"G[1,2]((O2Sat >= 64.438 | PTT <= 0.000) | Calcium >= 0.000)
",9999999.000,9999999.000,0.000,1.000,0.000,0,0,22,0,0,22,22,0,0.0,0.0,1.0,0.0,0.0,1.0
"G[2,2](((Phosphate <= 0.000 | PTT <= 0.000) | Fibrinogen <= 0.000) | Platelets <= 0.000)
",0.000,0.000,0.000,1.000,0.000,0,0,22,0,0,22,22,0,0.0,0.0,1.0,0.0,0.0,1.0
"G[1,2]((Phosphate <= 0.000 & DBP <= 95.276) -> pH >= 4.409)
",9999999.000,9999999.000,0.000,1.000,0.000,0,0,2,20,20,2,2,20,0.0,0.0,1.0,0.0,0.0,1.0
"G[1,2](((FiO2 >= 0.000 | EtCO2 <= 0.000) | Platelets <= 0.000) | EtCO2 <= 0.000)
",9999999.000,9999999.000,0.000,1.000,0.000,0,0,22,0,0,22,22,0,0.0,0.0,1.0,0.0,0.0,1.0
"G[0,2](((Bilirubin_total <= 0.000 -> WBC >= 0.263) | MAP <= 5.738) | BUN <= 2.734)
",9999999.000,9999999.000,0.000,1.000,0.000,0,0,21,1,1,21,21,1,0.0,0.0,1.0,0.0,0.0,1.0
"G[0,2](Platelets >= 7.160 & Lactate >= 0.000)
",9999999.000,9999999.000,0.000,1.000,0.000,0,0,0,22,22,0,0,22,0.0,0.0,0.0,0.0,0.0,1.0
"G[0,0](((BUN >= 0.832 & Bilirubin_direct >= 0.000) & MAP <= 0.000) & O2Sat <= 0.000)
",-2.869,-106.341,0.000,1.000,0.000,0,0,0,22,22,0,0,22,0.0,0.0,0.0,0.0,0.0,1.0
"G[0,2]((Creatinine <= 0.477 | Fibrinogen >= 0.000) | Hgb >= 0.000)
",9999999.000,9999999.000,0.000,1.000,0.000,0,0,22,0,0,22,22,0,0.0,0.0,1.0,0.0,0.0,1.0
"G[0,2]((Fibrinogen <= 0.000 | Bilirubin_total >= 0.000) | SaO2 <= 0.000)
",9999999.000,9999999.000,0.000,1.000,0.000,0,0,22,0,0,22,22,0,0.0,0.0,1.0,0.0,0.0,1.0
"G[0,2](((WBC >= 0.013 | Hgb <= 2.125) & PaCO2 <= 7.755) | Fibrinogen >= 0.194)
",9999999.000,9999999.000,0.000,1.000,0.000,0,0,22,0,0,22,22,0,0.0,0.0,1.0,0.0,0.0,1.0
"G[0,2]((Hgb >= 0.542 | Magnesium <= 0.843) -> Resp <= 0.258)
",9999999.000,9999999.000,0.000,1.000,0.000,0,0,3,19,19,3,3,19,0.0,0.0,1.0,0.0,0.0,1.0
"G[1,2](MAP >= 10.470 & Resp <= 25.136)
",9999999.000,9999999.000,0.000,1.000,0.000,0,0,20,2,2,20,20,2,0.0,0.0,1.0,0.0,0.0,1.0
"G[0,2](Bilirubin_direct <= 0.000 -> Hct >= 1.635)
",9999999.000,9999999.000,0.000,1.000,0.000,0,0,0,22,22,0,0,22,0.0,0.0,0.0,0.0,0.0,1.0
"G[1,2](((Magnesium >= 0.117 | Resp <= 18.502) & Lactate >= 5.142) -> DBP >= 17.237)
",9999999.000,9999999.000,0.000,1.000,0.000,0,0,22,0,0,22,22,0,0.0,0.0,1.0,0.0,0.0,1.0
"G[0,2]((Phosphate >= 0.000 & Platelets <= 192.146) | O2Sat >= 9.992)
",9999999.000,9999999.000,0.000,1.000,0.000,0,0,22,0,0,22,22,0,0.0,0.0,1.0,0.0,0.0,1.0
"G[0,2](WBC >= 0.094 | Creatinine <= 0.178)
",9999999.000,9999999.000,0.000,1.000,0.000,0,0,21,1,1,21,21,1,0.0,0.0,1.0,0.0,0.0,1.0
"G[0,2]((Temp >= 5.764 -> DBP <= 72.306) -> O2Sat >= 24.168)
",9999999.000,9999999.000,0.000,1.000,0.000,0,0,19,3,3,19,19,3,0.0,0.0,1.0,0.0,0.0,1.0
"G[2,2]((Resp >= 3.237 -> Hgb <= 8.200) | Resp >= 0.108)
",-7788968336753582.000,-0.108,0.000,1.000,0.000,0,0,22,0,0,22,22,0,0.0,0.0,1.0,0.0,0.0,1.0
"G[0,2]((Hgb >= 0.011 -> Hgb >= 0.021) | Bilirubin_direct >= 0.092)
",9999999.000,9999999.000,0.000,1.000,0.000,0,0,22,0,0,22,22,0,0.0,0.0,1.0,0.0,0.0,1.0
"G[1,2]((WBC >= 0.342 & Potassium <= 0.309) -> Calcium <= 1.471)
",9999999.000,9999999.000,0.000,1.000,0.000,0,0,22,0,0,22,22,0,0.0,0.0,1.0,0.0,0.0,1.0
"G[1,2]((Hgb <= 6.686 | Phosphate >= 0.000) & SaO2 >= 0.000)
",9999999.000,9999999.000,0.000,1.000,0.000,0,0,22,0,0,22,22,0,0.0,0.0,1.0,0.0,0.0,1.0
"G[2,2]((Fibrinogen >= 0.000 & SepsisLabel >= 0.000) | TroponinI >= 0.000)
",0.000,0.000,0.000,1.000,0.000,0,0,22,0,0,22,22,0,0.0,0.0,1.0,0.0,0.0,1.0
"G[0,2](Hgb >= 0.483 & SBP >= 85.174)
",9999999.000,9999999.000,0.000,1.000,0.000,0,0,0,22,22,0,0,22,0.0,0.0,0.0,0.0,0.0,1.0
"G[1,2](((SBP <= 114.163 | Lactate <= 0.000) & WBC <= 0.000) -> SepsisLabel >= 0.000)
",9999999.000,9999999.000,0.000,1.000,0.000,0,0,22,0,0,22,22,0,0.0,0.0,1.0,0.0,0.0,1.0
"G[0,1](((SaO2 >= 0.000 & HR >= 38.449) | Glucose <= 71.694) -> Magnesium >= 21.331)
",9999999.000,9999999.000,0.000,1.000,0.000,0,0,0,22,22,0,0,22,0.0,0.0,0.0,0.0,0.0,1.0
"G[1,2]((FiO2 <= 0.000 -> FiO2 >= 0.000) | Platelets <= 0.000)
",9999999.000,9999999.000,0.000,1.000,0.000,0,0,22,0,0,22,22,0,0.0,0.0,1.0,0.0,0.0,1.0
"G[1,2](Alkalinephos <= 0.000 & BUN >= 1.195)
",9999999.000,9999999.000,0.000,1.000,0.000,0,0,2,20,20,2,2,20,0.0,0.0,1.0,0.0,0.0,1.0
"G[0,2](((Glucose <= 20.043 | FiO2 <= 0.000) | Bilirubin_total <= 0.000) | DBP <= 0.000)
",9999999.000,9999999.000,0.000,1.000,0.000,0,0,22,0,0,22,22,0,0.0,0.0,1.0,0.0,0.0,1.0
"G[2,2](((Hct <= 2.769 | BUN <= 5.673) -> Calcium <= 5.413) | Creatinine <= 16.234)
",4569384355136318.000,16.234,0.000,1.000,0.000,0,0,22,0,0,22,22,0,0.0,0.0,1.0,0.0,0.0,1.0
"G[0,2]((Potassium <= 1.772 & Platelets <= 82.605) & Glucose <= 122.366)
",9999999.000,9999999.000,0.000,1.000,0.000,0,0,17,5,5,17,17,5,0.0,0.0,1.0,0.0,0.0,1.0
"G[0,2](((SaO2 >= 0.000 | PTT >= 0.000) | Hgb <= 0.000) & SepsisLabel <= 0.000)
",9999999.000,9999999.000,0.000,1.000,0.000,0,0,22,0,0,22,22,0,0.0,0.0,1.0,0.0,0.0,1.0
"G[2,2](((O2Sat >= 31.672 -> BaseExcess >= 0.000) | pH >= 0.000) -> Phosphate <= 0.000)
",0.000,0.000,0.000,1.000,0.000,0,0,22,0,0,22,22,0,0.0,0.0,1.0,0.0,0.0,1.0
"G[2,2]((AST <= 0.000 -> Creatinine <= 0.196) -> PTT <= 0.437)
",-7867889730841699.000,-0.437,0.000,1.000,0.000,0,0,22,0,0,22,22,0,0.0,0.0,1.0,0.0,0.0,1.0
"G[1,2]((DBP <= 99.214 -> Bilirubin_direct <= 0.000) & pH >= 0.000)
",9999999.000,9999999.000,0.000,1.000,0.000,0,0,22,0,0,22,22,0,0.0,0.0,1.0,0.0,0.0,1.0
"G[0,2](FiO2 <= 0.000 & HCO3 >= 0.000)
",9999999.000,9999999.000,0.000,1.000,0.000,0,0,22,0,0,22,22,0,0.0,0.0,1.0,0.0,0.0,1.0
"G[0,2](((SepsisLabel <= 0.000 | Bilirubin_direct <= 0.000) | Platelets <= 0.000) -> FiO2 <= 0.000)
",9999999.000,9999999.000,0.000,1.000,0.000,0,0,22,0,0,22,22,0,0.0,0.0,1.0,0.0,0.0,1.0
"G[1,2]((MAP >= 33.426 -> Magnesium >= 0.128) -> EtCO2 >= 0.060)
",9999999.000,9999999.000,0.000,1.000,0.000,0,0,19,3,3,19,19,3,0.0,0.0,1.0,0.0,0.0,1.0
"G[0,2](SBP >= 87.896 -> Fibrinogen >= 0.000)
",9999999.000,9999999.000,0.000,1.000,0.000,0,0,22,0,0,22,22,0,0.0,0.0,1.0,0.0,0.0,1.0
"G[2,2](Chloride >= 0.000 & HCO3 >= 0.000)
",0.000,0.000,0.000,1.000,0.000,0,0,22,0,0,22,22,0,0.0,0.0,1.0,0.0,0.0,1.0
"G[0,2](((WBC >= 0.153 -> SBP <= 146.140) | Potassium <= 129.346) | TroponinI >= 63.651)
",9999999.000,9999999.000,0.000,1.000,0.000,0,0,22,0,0,22,22,0,0.0,0.0,1.0,0.0,0.0,1.0
"G[0,2](Hgb <= 2.839 | Platelets <= 220.970)
",9999999.000,9999999.000,0.000,1.000,0.000,0,0,20,2,2,20,20,2,0.0,0.0,1.0,0.0,0.0,1.0
"G[1,1](BUN <= 18.092 & Creatinine >= 0.029)
",-2124424189312627.000,-0.029,0.000,1.000,0.000,0,0,1,21,21,1,1,21,0.0,0.0,1.0,0.0,0.0,1.0
"G[2,2](Bilirubin_total < 0.000 & SepsisLabel = 0.000)
",0.000,0.000,0.000,1.000,0.000,0,0,22,0,0,22,22,0,0.0,0.0,1.0,0.0,0.0,1.0
"G[0,2](WBC > 0.424 -> SepsisLabel = 0.000)
",9999999.000,9999999.000,0.000,1.000,0.000,0,0,22,0,0,22,22,0,0.0,0.0,1.0,0.0,0.0,1.0
"G[0,2](Phosphate <= 0.000 -> SepsisLabel = 0.000)
",9999999.000,9999999.000,0.000,1.000,0.000,0,0,22,0,0,22,22,0,0.0,0.0,1.0,0.0,0.0,1.0
"G[1,2](Temp <= 33.792 -> SepsisLabel = 0.000)
",9999999.000,9999999.000,0.000,1.000,0.000,0,0,22,0,0,22,22,0,0.0,0.0,1.0,0.0,0.0,1.0
"G[2,2](Potassium < 1.807 & SepsisLabel = 0.000)
",0.000,0.000,0.000,1.000,0.000,0,0,22,0,0,22,22,0,0.0,0.0,1.0,0.0,0.0,1.0
"G[0,2](DBP > 48.160 -> SepsisLabel = 0.000)
",9999999.000,9999999.000,0.000,1.000,0.000,0,0,22,0,0,22,22,0,0.0,0.0,1.0,0.0,0.0,1.0
"G[1,2](SepsisLabel <= 0.000 & SepsisLabel = 0.000)
",9999999.000,9999999.000,0.000,1.000,0.000,0,0,22,0,0,22,22,0,0.0,0.0,1.0,0.0,0.0,1.0
"G[1,2](DBP <= 98.678 -> SepsisLabel = 0.000)
",9999999.000,9999999.000,0.000,1.000,0.000,0,0,22,0,0,22,22,0,0.0,0.0,1.0,0.0,0.0,1.0
"G[0,2](Phosphate > 0.000 & SepsisLabel = 0.000)
",9999999.000,9999999.000,0.000,1.000,0.000,0,0,0,22,22,0,0,22,0.0,0.0,0.0,0.0,0.0,1.0
"G[0,2]((Hct <= 10.086 -> Platelets >= 2.934) & Bilirubin_direct >= 2.279)
",9999999.000,9999999.000,0.000,1.000,0.000,0,0,0,22,22,0,0,22,0.0,0.0,0.0,0.0,0.0,1.0
"G[2,2](Creatinine <= 0.467 & Magnesium <= 1.808)
",8406871230445314.000,0.467,0.000,1.000,0.000,0,0,22,0,0,22,22,0,0.0,0.0,1.0,0.0,0.0,1.0
"G[1,1](((BUN <= 7.415 | WBC <= 2.289) & AST >= 0.490) & SBP <= 6.470)
",-4411140867556789.500,-0.490,0.000,1.000,0.000,0,0,1,21,21,1,1,21,0.0,0.0,1.0,0.0,0.0,1.0
"G[2,2]((Magnesium <= 2.241 | Potassium <= 1.452) & Alkalinephos >= 0.004)
",-8094001454905205.000,-0.004,0.000,1.000,0.000,0,0,22,0,0,22,22,0,0.0,0.0,1.0,0.0,0.0,1.0
"G[1,2](((MAP <= 77.040 & SBP <= 135.805) | Fibrinogen >= 28.362) & PaCO2 <= 140.754)
",9999999.000,9999999.000,0.000,1.000,0.000,0,0,5,17,17,5,5,17,0.0,0.0,1.0,0.0,0.0,1.0
"G[1,2]((BUN >= 0.778 & Magnesium >= 0.088) & Calcium <= 0.360)
",9999999.000,9999999.000,0.000,1.000,0.000,0,0,1,21,21,1,1,21,0.0,0.0,1.0,0.0,0.0,1.0
"G[1,2]((Hgb >= 0.452 | Magnesium <= 1.666) -> PTT >= 0.035)
",9999999.000,9999999.000,0.000,1.000,0.000,0,0,1,21,21,1,1,21,0.0,0.0,1.0,0.0,0.0,1.0
"G[0,2](HR <= 79.074 | SBP >= 30.955)
",9999999.000,9999999.000,0.000,1.000,0.000,0,0,21,1,1,21,21,1,0.0,0.0,1.0,0.0,0.0,1.0
"G[0,2](Calcium <= 0.746 -> Hgb >= 0.311)
",9999999.000,9999999.000,0.000,1.000,0.000,0,0,0,22,22,0,0,22,0.0,0.0,0.0,0.0,0.0,1.0
"G[1,2]((Calcium >= 0.084 -> WBC >= 0.276) -> O2Sat >= 0.166)
",9999999.000,9999999.000,0.000,1.000,0.000,0,0,20,2,2,20,20,2,0.0,0.0,1.0,0.0,0.0,1.0
"G[1,2](((Calcium <= 6.658 & Platelets >= 4.822) & Bilirubin_direct <= 41.201) -> FiO2 >= 11.730)
",9999999.000,9999999.000,0.000,1.000,0.000,0,0,22,0,0,22,22,0,0.0,0.0,1.0,0.0,0.0,1.0
"G[1,2](((Creatinine >= 0.024 -> Glucose <= 20.973) & Magnesium >= 11.175) -> SepsisLabel >= 5.918)
",9999999.000,9999999.000,0.000,1.000,0.000,0,0,22,0,0,22,22,0,0.0,0.0,1.0,0.0,0.0,1.0
"G[1,2]((HR <= 78.791 | Resp <= 17.944) & MAP <= 24.543)
",9999999.000,9999999.000,0.000,1.000,0.000,0,0,3,19,19,3,3,19,0.0,0.0,1.0,0.0,0.0,1.0
"G[0,1]((BUN <= 3.060 | Hct <= 4.688) -> PTT >= 0.373)
",9999999.000,9999999.000,0.000,1.000,0.000,0,0,0,22,22,0,0,22,0.0,0.0,0.0,0.0,0.0,1.0
"G[0,2](((Hgb <= 5.295 | Hct <= 14.290) -> WBC >= 0.417) & Platelets >= 3.389)
",9999999.000,9999999.000,0.000,1.000,0.000,0,0,0,22,22,0,0,22,0.0,0.0,0.0,0.0,0.0,1.0
"G[0,1](Platelets <= 155.249 -> WBC >= 0.247)
",9999999.000,9999999.000,0.000,1.000,0.000,0,0,0,22,22,0,0,22,0.0,0.0,0.0,0.0,0.0,1.0
"G[2,2](Chloride >= 0.000 & HCO3 >= 0.000)
",0.000,0.000,0.000,1.000,0.000,0,0,22,0,0,22,22,0,0.0,0.0,1.0,0.0,0.0,1.0
"G[1,2](BUN <= 17.166 & Creatinine >= 0.008)
",9999999.000,9999999.000,0.000,1.000,0.000,0,0,1,21,21,1,1,21,0.0,0.0,1.0,0.0,0.0,1.0
"G[1,2](((Hgb <= 6.976 | Hct <= 36.621) -> WBC >= 0.385) & Platelets >= 0.829)
",9999999.000,9999999.000,0.000,1.000,0.000,0,0,2,20,20,2,2,20,0.0,0.0,1.0,0.0,0.0,1.0
"G[1,1](BUN <= 17.332 & Creatinine >= 0.025)
",-7267014823576771.000,-0.025,0.000,1.000,0.000,0,0,1,21,21,1,1,21,0.0,0.0,1.0,0.0,0.0,1.0
"G[2,2](Platelets <= 320.876 -> WBC >= 0.195)
",-5644919081820498.000,-320.876,0.000,1.000,0.000,0,0,22,0,0,22,22,0,0.0,0.0,1.0,0.0,0.0,1.0
"G[0,2](BUN <= 2.828 & Creatinine >= 0.021)
",9999999.000,9999999.000,0.000,1.000,0.000,0,0,0,22,22,0,0,22,0.0,0.0,0.0,0.0,0.0,1.0
"G[0,1](((Hgb <= 6.963 | Hct <= 4.916) -> WBC >= 0.285) & Platelets >= 5.058)
",9999999.000,9999999.000,0.000,1.000,0.000,0,0,0,22,22,0,0,22,0.0,0.0,0.0,0.0,0.0,1.0
"G[1,2](BUN <= 9.192 & Creatinine >= 0.002)
",9999999.000,9999999.000,0.000,1.000,0.000,0,0,1,21,21,1,1,21,0.0,0.0,1.0,0.0,0.0,1.0
"G[1,2](Chloride >= 0.000 & HCO3 >= 0.000)
",9999999.000,9999999.000,0.000,1.000,0.000,0,0,22,0,0,22,22,0,0.0,0.0,1.0,0.0,0.0,1.0
"G[0,0](BUN <= 1.793 & Creatinine >= 0.020)
",-0.020,-0.020,0.000,1.000,0.000,0,0,0,22,22,0,0,22,0.0,0.0,0.0,0.0,0.0,1.0
"G[0,2](Platelets <= 32.472 -> WBC >= 0.003)
",9999999.000,9999999.000,0.000,1.000,0.000,0,0,0,22,22,0,0,22,0.0,0.0,0.0,0.0,0.0,1.0
"G[1,2](((Hgb <= 9.334 | Hct <= 26.268) -> WBC >= 0.207) & Platelets >= 10.301)
",9999999.000,9999999.000,0.000,1.000,0.000,0,0,2,20,20,2,2,20,0.0,0.0,1.0,0.0,0.0,1.0
"G[0,1](BUN <= 15.656 & Creatinine >= 0.022)
",9999999.000,9999999.000,0.000,1.000,0.000,0,0,0,22,22,0,0,22,0.0,0.0,0.0,0.0,0.0,1.0
"G[2,2](Platelets <= 300.779 -> WBC >= 0.421)
",-5291353067832805.000,-300.779,0.000,1.000,0.000,0,0,22,0,0,22,22,0,0.0,0.0,1.0,0.0,0.0,1.0
"G[0,2](((Hgb <= 1.685 | Hct <= 21.157) -> WBC >= 0.347) & Platelets >= 9.823)
",9999999.000,9999999.000,0.000,1.000,0.000,0,0,0,22,22,0,0,22,0.0,0.0,0.0,0.0,0.0,1.0
"G[2,2](BUN <= 10.459 & Creatinine >= 0.021)
",-3061837707589090.000,-0.021,0.000,1.000,0.000,0,0,22,0,0,22,22,0,0.0,0.0,1.0,0.0,0.0,1.0
"G[0,2](Chloride >= 0.000 & HCO3 >= 0.000)
",9999999.000,9999999.000,0.000,1.000,0.000,0,0,22,0,0,22,22,0,0.0,0.0,1.0,0.0,0.0,1.0
"G[0,1](Platelets <= 76.756 -> WBC >= 0.119)
",9999999.000,9999999.000,0.000,1.000,0.000,0,0,0,22,22,0,0,22,0.0,0.0,0.0,0.0,0.0,1.0
"G[0,1](((Hgb <= 4.597 | Hct <= 17.729) -> WBC >= 0.319) & Platelets >= 12.739)
",9999999.000,9999999.000,0.000,1.000,0.000,0,0,0,22,22,0,0,22,0.0,0.0,0.0,0.0,0.0,1.0
"G[2,2](BUN <= 11.053 & Creatinine >= 0.005)
",-5863274212023230.000,-0.005,0.000,1.000,0.000,0,0,22,0,0,22,22,0,0.0,0.0,1.0,0.0,0.0,1.0
"G[1,2](((Hgb <= 5.427 | Hct <= 31.140) -> WBC >= 0.479) & Platelets >= 0.829)
",9999999.000,9999999.000,0.000,1.000,0.000,0,0,2,20,20,2,2,20,0.0,0.0,1.0,0.0,0.0,1.0
"G[0,2](BUN <= 5.409 & Creatinine >= 0.022)
",9999999.000,9999999.000,0.000,1.000,0.000,0,0,0,22,22,0,0,22,0.0,0.0,0.0,0.0,0.0,1.0
"G[2,2](Chloride >= 0.000 & HCO3 >= 0.000)
",0.000,0.000,0.000,1.000,0.000,0,0,22,0,0,22,22,0,0.0,0.0,1.0,0.0,0.0,1.0
"G[1,2](Platelets <= 211.442 -> WBC >= 0.134)
",9999999.000,9999999.000,0.000,1.000,0.000,0,0,2,20,20,2,2,20,0.0,0.0,1.0,0.0,0.0,1.0
"G[2,2](((Hgb <= 5.916 | Hct <= 19.785) -> WBC >= 0.104) & Platelets >= 10.237)
",-19.785,-19.785,0.000,1.000,0.000,0,0,22,0,0,22,22,0,0.0,0.0,1.0,0.0,0.0,1.0
"G[0,2]((Glucose <= 109.277 | Potassium >= 0.250) -> Alkalinephos <= 3.506)
",9999999.000,9999999.000,0.000,1.000,0.000,0,0,22,0,0,22,22,0,0.0,0.0,1.0,0.0,0.0,1.0
"G[1,1](((Hgb >= 0.254 | Potassium <= 1.577) -> BaseExcess >= 0.218) & Calcium <= 1.011)
",-1.577,-1.577,0.000,1.000,0.000,0,0,1,21,21,1,1,21,0.0,0.0,1.0,0.0,0.0,1.0
"G[2,2](((HCO3 <= 0.000 | Bilirubin_total >= 0.000) -> AST <= 0.000) & Calcium <= 0.000)
",0.000,0.000,0.000,1.000,0.000,0,0,22,0,0,22,22,0,0.0,0.0,1.0,0.0,0.0,1.0
"G[2,2]((O2Sat >= 69.203 & Calcium >= 0.639) & Phosphate >= 0.329)
",-4869693309497467.000,-69.203,0.000,1.000,0.000,0,0,22,0,0,22,22,0,0.0,0.0,1.0,0.0,0.0,1.0
"G[1,2](((HR <= 90.856 & Temp <= 10.464) & BUN <= 20.074) | Chloride <= 13.672)
",9999999.000,9999999.000,0.000,1.000,0.000,0,0,22,0,0,22,22,0,0.0,0.0,1.0,0.0,0.0,1.0
"G[0,2]((MAP >= 8.779 -> Temp <= 25.320) | SBP >= 6.363)
",9999999.000,9999999.000,0.000,1.000,0.000,0,0,22,0,0,22,22,0,0.0,0.0,1.0,0.0,0.0,1.0
"G[0,2]((Calcium >= 0.273 | WBC >= 0.170) -> Creatinine <= 9.420)
",9999999.000,9999999.000,0.000,1.000,0.000,0,0,22,0,0,22,22,0,0.0,0.0,1.0,0.0,0.0,1.0
"G[2,2]((SBP >= 19.778 -> O2Sat >= 0.911) -> O2Sat <= 97.865)
",-6886659056698764.000,-97.865,0.000,1.000,0.000,0,0,22,0,0,22,22,0,0.0,0.0,1.0,0.0,0.0,1.0
"G[1,2]((SepsisLabel >= 0.000 -> Platelets >= 10.771) | SepsisLabel >= 3.240)
",9999999.000,9999999.000,0.000,1.000,0.000,0,0,2,20,20,2,2,20,0.0,0.0,1.0,0.0,0.0,1.0
"G[0,2]((SepsisLabel >= 0.000 & Magnesium >= 0.057) | Creatinine >= 0.129)
",9999999.000,9999999.000,0.000,1.000,0.000,0,0,0,22,22,0,0,22,0.0,0.0,0.0,0.0,0.0,1.0
"G[1,2](Platelets <= 96.762 -> WBC >= 0.435)
",9999999.000,9999999.000,0.000,1.000,0.000,0,0,2,20,20,2,2,20,0.0,0.0,1.0,0.0,0.0,1.0
"G[1,2]((BaseExcess >= 0.000 | EtCO2 >= 0.000) & BUN >= 0.000)
",9999999.000,9999999.000,0.000,1.000,0.000,0,0,22,0,0,22,22,0,0.0,0.0,1.0,0.0,0.0,1.0
"G[2,2]((Magnesium >= 0.021 | BUN >= 0.929) & MAP >= 0.308)
",-2775197543647762.500,-0.308,0.000,1.000,0.000,0,0,22,0,0,22,22,0,0.0,0.0,1.0,0.0,0.0,1.0
"G[0,2]((Calcium <= 4.637 | Temp >= 3.234) & HCO3 <= 12.627)
",9999999.000,9999999.000,0.000,1.000,0.000,0,0,20,2,2,20,20,2,0.0,0.0,1.0,0.0,0.0,1.0
"G[0,1](EtCO2 >= 0.000 & Hct >= 0.862)
",9999999.000,9999999.000,0.000,1.000,0.000,0,0,0,22,22,0,0,22,0.0,0.0,0.0,0.0,0.0,1.0
"G[0,2](((Magnesium <= 0.965 & Phosphate <= 0.000) | DBP <= 0.000) | Magnesium >= 0.000)
",9999999.000,9999999.000,0.000,1.000,0.000,0,0,22,0,0,22,22,0,0.0,0.0,1.0,0.0,0.0,1.0
"G[1,2](DBP <= 93.196 | O2Sat >= 23.083)
",9999999.000,9999999.000,0.000,1.000,0.000,0,0,22,0,0,22,22,0,0.0,0.0,1.0,0.0,0.0,1.0
"G[0,2](((BaseExcess >= 0.000 & TroponinI >= 2.024) | BaseExcess <= 20.599) | Potassium <= 6.576)
",9999999.000,9999999.000,0.000,1.000,0.000,0,0,22,0,0,22,22,0,0.0,0.0,1.0,0.0,0.0,1.0
"G[0,2]((Bilirubin_direct <= 0.000 -> SaO2 <= 0.000) & HR >= 0.000)
",9999999.000,9999999.000,0.000,1.000,0.000,0,0,22,0,0,22,22,0,0.0,0.0,1.0,0.0,0.0,1.0
"G[0,1](PTT <= 0.000 & Magnesium >= 0.057)
",9999999.000,9999999.000,0.000,1.000,0.000,0,0,0,22,22,0,0,22,0.0,0.0,0.0,0.0,0.0,1.0
"G[1,2](((WBC <= 6.420 | Phosphate >= 0.000) & Resp >= 0.000) & Calcium <= 0.000)
",9999999.000,9999999.000,0.000,1.000,0.000,0,0,21,1,1,21,21,1,0.0,0.0,1.0,0.0,0.0,1.0
"G[1,2](Chloride >= 0.000 -> Hgb >= 0.189)
",9999999.000,9999999.000,0.000,1.000,0.000,0,0,2,20,20,2,2,20,0.0,0.0,1.0,0.0,0.0,1.0
"G[0,2](Fibrinogen >= 0.000 -> Alkalinephos >= 0.000)
",9999999.000,9999999.000,0.000,1.000,0.000,0,0,22,0,0,22,22,0,0.0,0.0,1.0,0.0,0.0,1.0
"G[2,2](SBP >= 14.116 | Chloride <= 0.000)
",0.000,0.000,0.000,1.000,0.000,0,0,22,0,0,22,22,0,0.0,0.0,1.0,0.0,0.0,1.0
"G[0,2](((O2Sat >= 80.177 -> TroponinI >= 0.701) & MAP >= 2.293) & Platelets <= 6.512)
",9999999.000,9999999.000,0.000,1.000,0.000,0,0,0,22,22,0,0,22,0.0,0.0,0.0,0.0,0.0,1.0
"G[1,2]((Fibrinogen >= 0.000 & BaseExcess >= 0.000) -> DBP >= 0.000)
",9999999.000,9999999.000,0.000,1.000,0.000,0,0,22,0,0,22,22,0,0.0,0.0,1.0,0.0,0.0,1.0
"G[0,2](WBC <= 8.222 -> TroponinI <= 8.271)
",9999999.000,9999999.000,0.000,1.000,0.000,0,0,20,2,2,20,20,2,0.0,0.0,1.0,0.0,0.0,1.0
"G[1,2](Resp <= 26.169 & AST <= 0.000)
",9999999.000,9999999.000,0.000,1.000,0.000,0,0,22,0,0,22,22,0,0.0,0.0,1.0,0.0,0.0,1.0
"G[1,2](Glucose >= 6.015 -> MAP >= 37.028)
",9999999.000,9999999.000,0.000,1.000,0.000,0,0,22,0,0,22,22,0,0.0,0.0,1.0,0.0,0.0,1.0
"G[2,2](((O2Sat >= 69.880 | Temp >= 5.524) | Bilirubin_direct <= 13.010) -> PTT <= 29.494)
",-29.494,-29.494,0.000,1.000,0.000,0,0,22,0,0,22,22,0,0.0,0.0,1.0,0.0,0.0,1.0
"G[2,2]((HR <= 81.241 -> Platelets >= 10.748) & HCO3 <= 237.304)
",-81.241,-81.241,0.000,1.000,0.000,0,0,22,0,0,22,22,0,0.0,0.0,1.0,0.0,0.0,1.0
"G[1,2](((Creatinine >= 0.015 & Temp >= 6.123) | Magnesium >= 6.211) | Phosphate >= 0.540)
",9999999.000,9999999.000,0.000,1.000,0.000,0,0,1,21,21,1,1,21,0.0,0.0,1.0,0.0,0.0,1.0
"G[0,2](Resp <= 26.480 | SBP >= 34.636)
",9999999.000,9999999.000,0.000,1.000,0.000,0,0,22,0,0,22,22,0,0.0,0.0,1.0,0.0,0.0,1.0
"G[2,2](Glucose >= 8.004 -> Platelets >= 5.573)
",6275197088229217.000,5.573,0.000,1.000,0.000,0,0,22,0,0,22,22,0,0.0,0.0,1.0,0.0,0.0,1.0
"G[0,2](((Platelets <= 130.188 | TroponinI >= 1.246) -> Glucose <= 9.881) & Resp >= 1.611)
",9999999.000,9999999.000,0.000,1.000,0.000,0,0,14,8,8,14,14,8,0.0,0.0,1.0,0.0,0.0,1.0
"G[1,2](((MAP >= 26.576 -> TroponinI >= 2.659) | Magnesium >= 1.265) -> Glucose <= 38.731)
",9999999.000,9999999.000,0.000,1.000,0.000,0,0,21,1,1,21,21,1,0.0,0.0,1.0,0.0,0.0,1.0
"G[0,2]((SBP <= 128.238 | TroponinI >= 2.330) -> Platelets <= 32.157)
",9999999.000,9999999.000,0.000,1.000,0.000,0,0,20,2,2,20,20,2,0.0,0.0,1.0,0.0,0.0,1.0
"G[1,2](((Creatinine >= 0.018 | DBP >= 24.152) -> EtCO2 <= 98.829) & Temp >= 48.766)
",9999999.000,9999999.000,0.000,1.000,0.000,0,0,1,21,21,1,1,21,0.0,0.0,1.0,0.0,0.0,1.0
"G[0,2](Platelets <= 204.228 -> Temp >= 5.692)
",9999999.000,9999999.000,0.000,1.000,0.000,0,0,0,22,22,0,0,22,0.0,0.0,0.0,0.0,0.0,1.0
"G[0,2](Glucose >= 5.062 & Temp >= 4.946)
",9999999.000,9999999.000,0.000,1.000,0.000,0,0,0,22,22,0,0,22,0.0,0.0,0.0,0.0,0.0,1.0
"G[1,1](((Hct >= 0.199 & Temp <= 31.220) -> PTT >= 4.417) & PaCO2 >= 8.152)
",-4588936886968309.000,-8.152,0.000,1.000,0.000,0,0,1,21,21,1,1,21,0.0,0.0,1.0,0.0,0.0,1.0
"G[0,2]((DBP >= 17.825 -> WBC <= 4.563) & Potassium <= 0.965)
",9999999.000,9999999.000,0.000,1.000,0.000,0,0,19,3,3,19,19,3,0.0,0.0,1.0,0.0,0.0,1.0
"G[0,2]((MAP <= 91.528 & Platelets <= 243.303) -> SaO2 <= 87.770)
",9999999.000,9999999.000,0.000,1.000,0.000,0,0,22,0,0,22,22,0,0.0,0.0,1.0,0.0,0.0,1.0
"G[1,2](((Hct >= 0.679 -> MAP <= 83.858) & Temp >= 69.164) -> Hgb <= 78.720)
",9999999.000,9999999.000,0.000,1.000,0.000,0,0,22,0,0,22,22,0,0.0,0.0,1.0,0.0,0.0,1.0
"G[0,1]((Hgb <= 4.515 & MAP >= 72.179) & Hct >= 28.153)
",9999999.000,9999999.000,0.000,1.000,0.000,0,0,0,22,22,0,0,22,0.0,0.0,0.0,0.0,0.0,1.0
"G[0,2](O2Sat >= 35.535 & Potassium <= 0.753)
",9999999.000,9999999.000,0.000,1.000,0.000,0,0,16,6,6,16,16,6,0.0,0.0,1.0,0.0,0.0,1.0
"G[1,2](Magnesium <= 0.414 & Temp >= 3.312)
",9999999.000,9999999.000,0.000,1.000,0.000,0,0,2,20,20,2,2,20,0.0,0.0,1.0,0.0,0.0,1.0
"G[1,2]((Platelets <= 209.630 | SBP <= 132.366) | Calcium <= 147.172)
",9999999.000,9999999.000,0.000,1.000,0.000,0,0,22,0,0,22,22,0,0.0,0.0,1.0,0.0,0.0,1.0
"G[0,2](Potassium <= 3.628 -> SBP >= 78.920)
",9999999.000,9999999.000,0.000,1.000,0.000,0,0,17,5,5,17,17,5,0.0,0.0,1.0,0.0,0.0,1.0
"G[0,2](((Hct >= 1.132 | SBP <= 107.835) | PTT >= 44.527) -> Fibrinogen <= 149.945)
",9999999.000,9999999.000,0.000,1.000,0.000,0,0,22,0,0,22,22,0,0.0,0.0,1.0,0.0,0.0,1.0
"G[1,2](((BUN <= 6.251 | SBP >= 29.977) | Hgb <= 138.666) -> WBC >= 56.569)
",9999999.000,9999999.000,0.000,1.000,0.000,0,0,1,21,21,1,1,21,0.0,0.0,1.0,0.0,0.0,1.0
"G[1,2]((O2Sat >= 20.991 & Platelets >= 2.476) & Platelets >= 5.179)
",9999999.000,9999999.000,0.000,1.000,0.000,0,0,2,20,20,2,2,20,0.0,0.0,1.0,0.0,0.0,1.0
"G[0,2]((O2Sat <= 95.348 -> WBC >= 0.021) | AST >= 0.268)
",9999999.000,9999999.000,0.000,1.000,0.000,0,0,14,8,8,14,14,8,0.0,0.0,1.0,0.0,0.0,1.0
"G[1,2](((Hgb <= 6.880 | O2Sat >= 58.151) | Temp <= 92.998) | Temp <= 97.442)
",9999999.000,9999999.000,0.000,1.000,0.000,0,0,22,0,0,22,22,0,0.0,0.0,1.0,0.0,0.0,1.0
"G[1,2](MAP <= 115.048 | Temp >= 5.526)
",9999999.000,9999999.000,0.000,1.000,0.000,0,0,21,1,1,21,21,1,0.0,0.0,1.0,0.0,0.0,1.0
"G[0,2](((Alkalinephos <= 0.000 -> SBP >= 31.777) | BaseExcess <= 142.106) | Potassium >= 53.020)
",9999999.000,9999999.000,0.000,1.000,0.000,0,0,22,0,0,22,22,0,0.0,0.0,1.0,0.0,0.0,1.0
