Rule,Discrimination Score,Pos Robustness,Neg Robustness,Percent Class +,Percent Class -,TP,TN,FP,FN,Actual Yes,Actual No,Predicted Yes,Predicted No,TPR/Sens,TNR/Spec,FPR,Precision,Accuracy,MCR
"F[1,1](((BaseExcess <= -0.009 -> Resp <= 16.100) | Lactate >= 1.936) & pH >= 8.716)
",-8.716,-8.716,0.000,0.000,1.000,18,0,0,0,18,0,18,0,1.0,0,0,1.0,1.0,0.0
"F[0,1]((BaseExcess >= -0.244 & Potassium <= 1.083) & Alkalinephos >= 0.032)
",-9999999.000,-9999999.000,0.000,0.000,1.000,18,0,0,0,18,0,18,0,1.0,0,0,1.0,1.0,0.0
"F[1,1]((Calcium <= 7.157 & Potassium <= 2.068) & Magnesium >= 0.027)
",-0.027,-0.027,0.000,0.000,1.000,18,0,0,0,18,0,18,0,1.0,0,0,1.0,1.0,0.0
"((TroponinI > 0.000) U[1,2] (SepsisLabel = 0.000))
",-9999999.000,-9999999.000,0.000,0.000,1.000,18,0,0,0,18,0,18,0,1.0,0,0,1.0,1.0,0.0
"F[1,1]((Calcium <= 6.554 & Potassium <= 3.445) & Magnesium >= 0.201)
",-0.201,-0.201,0.000,0.000,1.000,18,0,0,0,18,0,18,0,1.0,0,0,1.0,1.0,0.0
"F[0,1]((MAP <= 88.630 | Phosphate <= 2.473) & TroponinI >= 0.012)
",-9999999.000,-9999999.000,0.000,0.000,1.000,18,0,0,0,18,0,18,0,1.0,0,0,1.0,1.0,0.0
"((Alkalinephos < 0.000) U[1,1] (SepsisLabel = 0.000))
",0.000,0.000,0.000,0.000,1.000,18,0,0,0,18,0,18,0,1.0,0,0,1.0,1.0,0.0
"F[1,1](((Hgb <= 6.154 & O2Sat >= 80.698) & Chloride <= 91.338) & SaO2 >= 61.758)
",-80.698,-80.698,0.000,0.000,1.000,18,0,0,0,18,0,18,0,1.0,0,0,1.0,1.0,0.0
"F[1,1]((pH >= 0.013 & Glucose >= 10.280) & Bilirubin_total >= 12.865)
",-12.865,-12.865,0.000,0.000,1.000,18,0,0,0,18,0,18,0,1.0,0,0,1.0,1.0,0.0
"F[1,1]((pH >= 0.111 -> SaO2 >= 2.063) & EtCO2 >= 0.339)
",-0.339,-0.339,0.000,0.000,1.000,18,0,0,0,18,0,18,0,1.0,0,0,1.0,1.0,0.0
"F[0,0](((MAP <= 85.709 | Resp >= 13.301) | SepsisLabel <= 21.918) & Chloride >= 10.741)
",-10.741,-10.741,0.000,0.000,1.000,18,0,0,0,18,0,18,0,1.0,0,0,1.0,1.0,0.0
"F[1,1](((Magnesium >= 0.004 & Resp <= 19.191) & AST <= 20.171) & Temp >= 8.158)
",-4592738789735754.000,-8.158,0.000,0.000,1.000,18,0,0,0,18,0,18,0,1.0,0,0,1.0,1.0,0.0
"F[1,1]((Calcium <= 1.049 -> Glucose >= 24.075) & Glucose <= 53.298)
",-4722173751344074.000,-1.049,0.000,0.000,1.000,18,0,0,0,18,0,18,0,1.0,0,0,1.0,1.0,0.0
"F[1,1](PaCO2 >= 0.632 & Temp >= 3.874)
",-3.874,-3.874,0.000,0.000,1.000,18,0,0,0,18,0,18,0,1.0,0,0,1.0,1.0,0.0
"F[1,1]((O2Sat <= 93.844 -> SaO2 <= 87.340) -> Calcium >= 0.466)
",0.466,0.466,0.000,0.000,1.000,18,0,0,0,18,0,18,0,1.0,0,0,1.0,1.0,0.0
"F[1,1](Phosphate >= 0.032 & Potassium >= 0.186)
",-6705309455685164.000,-0.186,0.000,0.000,1.000,18,0,0,0,18,0,18,0,1.0,0,0,1.0,1.0,0.0
"F[0,1](HCO3 <= 0.000 -> Calcium >= 0.045)
",-9999999.000,-9999999.000,0.000,0.000,1.000,17,0,0,1,18,0,17,1,0.9444444444444444,0,0,1.0,0.9444444444444444,0.05555555555555558
"((Lactate <= 0.811) U[1,1] (O2Sat <= 93.268))
",93.268,93.268,0.000,0.000,1.000,17,0,0,1,18,0,17,1,0.9444444444444444,0,0,1.0,0.9444444444444444,0.05555555555555558
"((Lactate >= 0.005) U[0,0] (BUN >= 0.044))
",0.447,18.106,0.000,0.000,1.000,17,0,0,1,18,0,17,1,0.9444444444444444,0,0,1.0,0.9444444444444444,0.05555555555555558
"((pH <= 2.345) U[0,0] (WBC >= 0.292))
",2.345,2.345,0.000,0.000,1.000,17,0,0,1,18,0,17,1,0.9444444444444444,0,0,1.0,0.9444444444444444,0.05555555555555558
"F[0,1](((Potassium >= 0.019 -> SBP >= 25.707) -> Fibrinogen >= 90.260) & Creatinine <= 129.579)
",-9999999.000,-9999999.000,0.000,0.000,1.000,17,0,0,1,18,0,17,1,0.9444444444444444,0,0,1.0,0.9444444444444444,0.05555555555555558
"((Glucose <= 72.795) U[0,1] (PaCO2 >= 0.331))
",-9999999.000,-9999999.000,0.000,0.000,1.000,17,0,0,1,18,0,17,1,0.9444444444444444,0,0,1.0,0.9444444444444444,0.05555555555555558
"F[0,1](FiO2 <= 0.194 & WBC >= 0.242)
",-9999999.000,-9999999.000,0.000,0.000,1.000,17,0,0,1,18,0,17,1,0.9444444444444444,0,0,1.0,0.9444444444444444,0.05555555555555558
"F[0,1](Fibrinogen >= 0.000 -> Calcium >= 0.017)
",-9999999.000,-9999999.000,0.000,0.000,1.000,17,0,0,1,18,0,17,1,0.9444444444444444,0,0,1.0,0.9444444444444444,0.05555555555555558
"F[0,1](Platelets > 0.395 & SepsisLabel = 0.000)
",-9999999.000,-9999999.000,0.000,0.000,1.000,17,0,0,1,18,0,17,1,0.9444444444444444,0,0,1.0,0.9444444444444444,0.05555555555555558
"((Glucose >= 9.362) U[1,1] (PaCO2 <= 38.970))
",38.970,38.970,0.000,0.000,1.000,17,0,0,1,18,0,17,1,0.9444444444444444,0,0,1.0,0.9444444444444444,0.05555555555555558
"F[0,1](Calcium <= 1.738 & pH >= 0.170)
",-9999999.000,-9999999.000,0.000,0.000,1.000,17,0,0,1,18,0,17,1,0.9444444444444444,0,0,1.0,0.9444444444444444,0.05555555555555558
"F[0,0]((Hgb >= 0.315 -> Platelets >= 3.301) -> pH >= 1.409)
",-0.315,-0.315,0.000,0.000,1.000,17,0,0,1,18,0,17,1,0.9444444444444444,0,0,1.0,0.9444444444444444,0.05555555555555558
"F[0,0]((Calcium <= 1.109 & Potassium <= 0.258) & Magnesium >= 0.231)
",-8340102124933758.000,-0.231,0.000,0.000,1.000,16,0,0,2,18,0,16,2,0.8888888888888888,0,0,1.0,0.8888888888888888,0.11111111111111116
"F[0,1](((Calcium <= 1.173 & SaO2 >= 0.394) -> Glucose >= 1.922) & SBP <= 10.833)
",-9999999.000,-9999999.000,0.000,0.000,1.000,16,0,0,2,18,0,16,2,0.8888888888888888,0,0,1.0,0.8888888888888888,0.11111111111111116
"F[0,1]((Calcium <= 5.248 & Potassium <= 2.751) & Magnesium >= 0.248)
",-9999999.000,-9999999.000,0.000,0.000,1.000,16,0,0,2,18,0,16,2,0.8888888888888888,0,0,1.0,0.8888888888888888,0.11111111111111116
"F[0,1]((Calcium <= 2.125 & Potassium <= 2.078) & Magnesium >= 0.236)
",-9999999.000,-9999999.000,0.000,0.000,1.000,16,0,0,2,18,0,16,2,0.8888888888888888,0,0,1.0,0.8888888888888888,0.11111111111111116
"F[0,1]((Calcium <= 4.185 & Potassium <= 1.169) & Magnesium >= 0.003)
",-9999999.000,-9999999.000,0.000,0.000,1.000,16,0,0,2,18,0,16,2,0.8888888888888888,0,0,1.0,0.8888888888888888,0.11111111111111116
"F[0,1](Lactate >= 0.027 | Phosphate >= 0.006)
",-9999999.000,-9999999.000,0.000,0.000,1.000,16,0,0,2,18,0,16,2,0.8888888888888888,0,0,1.0,0.8888888888888888,0.11111111111111116
"F[0,0]((Calcium <= 4.121 & Potassium <= 2.761) & Magnesium >= 0.179)
",-0.179,-0.179,0.000,0.000,1.000,16,0,0,2,18,0,16,2,0.8888888888888888,0,0,1.0,0.8888888888888888,0.11111111111111116
"F[0,0]((Calcium <= 6.606 & Potassium <= 1.463) & Magnesium >= 0.023)
",-0.023,-0.023,0.000,0.000,1.000,16,0,0,2,18,0,16,2,0.8888888888888888,0,0,1.0,0.8888888888888888,0.11111111111111116
"F[0,0](((Creatinine <= 0.946 | Potassium >= 0.052) & EtCO2 >= 0.172) | SBP <= 0.236)
",5.572,0.907,0.000,0.000,1.000,16,0,0,2,18,0,16,2,0.8888888888888888,0,0,1.0,0.8888888888888888,0.11111111111111116
"F[0,1](((WBC <= 6.711 & Temp >= 2.939) | HR <= 29.563) & SBP <= 22.952)
",-9999999.000,-9999999.000,0.000,0.000,1.000,15,0,0,3,18,0,15,3,0.8333333333333334,0,0,1.0,0.8333333333333334,0.16666666666666663
"F[0,1]((Resp >= 3.142 -> SaO2 >= 2.229) & AST <= 44.823)
",-9999999.000,-9999999.000,0.000,0.000,1.000,15,0,0,3,18,0,15,3,0.8333333333333334,0,0,1.0,0.8333333333333334,0.16666666666666663
"F[0,1]((Alkalinephos >= 0.000 -> HR >= 16.497) -> SBP <= 76.281)
",-9999999.000,-9999999.000,0.000,0.000,1.000,15,0,0,3,18,0,15,3,0.8333333333333334,0,0,1.0,0.8333333333333334,0.16666666666666663
"F[0,1](((Resp >= 11.647 | Temp >= 2.847) -> Bilirubin_direct >= 4.126) | Bilirubin_direct >= 1.091)
",-9999999.000,-9999999.000,0.000,0.000,1.000,15,0,0,3,18,0,15,3,0.8333333333333334,0,0,1.0,0.8333333333333334,0.16666666666666663
"((Glucose >= 0.073) U[0,0] (Magnesium >= 0.150))
",-0.073,-0.073,0.000,0.000,1.000,15,0,0,3,18,0,15,3,0.8333333333333334,0,0,1.0,0.8333333333333334,0.16666666666666663
"((Fibrinogen <= 0.000) U[0,1] (O2Sat <= 93.344))
",-9999999.000,-9999999.000,0.000,0.000,1.000,15,0,0,3,18,0,15,3,0.8333333333333334,0,0,1.0,0.8333333333333334,0.16666666666666663
"F[0,1](((Bilirubin_total <= 0.000 & Magnesium >= 0.247) & pH <= 0.917) & O2Sat >= 0.009)
",-9999999.000,-9999999.000,0.000,0.000,1.000,15,0,0,3,18,0,15,3,0.8333333333333334,0,0,1.0,0.8333333333333334,0.16666666666666663
"F[0,1](((Chloride >= 0.000 & PaCO2 >= 1.229) -> Creatinine >= 1.035) -> O2Sat <= 34.976)
",-9999999.000,-9999999.000,0.000,0.000,1.000,15,0,0,3,18,0,15,3,0.8333333333333334,0,0,1.0,0.8333333333333334,0.16666666666666663
"((MAP >= 49.387) U[1,1] (SBP <= 131.919))
",4641484747279574.000,131.919,0.000,0.000,1.000,15,0,0,3,18,0,15,3,0.8333333333333334,0,0,1.0,0.8333333333333334,0.16666666666666663
"F[0,1](((BUN <= 5.093 & DBP <= 70.368) -> Calcium >= 32.658) & Temp <= 75.036)
",-9999999.000,-9999999.000,0.000,0.000,1.000,14,0,0,4,18,0,14,4,0.7777777777777778,0,0,1.0,0.7777777777777778,0.2222222222222222
"((MAP >= 11.576) U[0,1] (SBP <= 133.994))
",-9999999.000,-9999999.000,0.000,0.000,1.000,11,0,0,7,18,0,11,7,0.6111111111111112,0,0,1.0,0.6111111111111112,0.38888888888888884
"((MAP >= 30.499) U[0,1] (SBP <= 128.058))
",-9999999.000,-9999999.000,0.000,0.000,1.000,11,0,0,7,18,0,11,7,0.6111111111111112,0,0,1.0,0.6111111111111112,0.38888888888888884
"F[1,1]((Fibrinogen <= 0.000 & MAP <= 103.424) -> Temp >= 4.960)
",0.000,0.000,0.000,0.000,1.000,10,0,0,8,18,0,10,8,0.5555555555555556,0,0,1.0,0.5555555555555556,0.4444444444444444
"F[0,1]((Hgb >= 0.078 | Resp >= 9.370) -> Glucose >= 8.261)
",-9999999.000,-9999999.000,0.000,0.000,1.000,7,0,0,11,18,0,7,11,0.3888888888888889,0,0,1.0,0.3888888888888889,0.6111111111111112
"F[0,0](HR <= 81.224 & MAP <= 96.083)
",-8411477369618572.000,-30600.776,0.000,0.000,1.000,6,0,0,12,18,0,6,12,0.3333333333333333,0,0,1.0,0.3333333333333333,0.6666666666666667
"((FiO2 >= 0.007) U[1,2] (SBP <= 137.815))
",-9999999.000,-9999999.000,0.000,0.000,1.000,6,0,0,12,18,0,6,12,0.3333333333333333,0,0,1.0,0.3333333333333333,0.6666666666666667
"F[0,0]((DBP <= 76.646 & MAP <= 83.674) -> Potassium >= 74.468)
",1.435,44.050,0.000,0.000,1.000,5,0,0,13,18,0,5,13,0.2777777777777778,0,0,1.0,0.2777777777777778,0.7222222222222222
"F[0,0](((Calcium < 5.880 & Potassium < 0.779) & Magnesium < 2.098) & Phosphate < 3.091)
",3.250,0.703,0.000,0.000,1.000,4,0,0,14,18,0,4,14,0.2222222222222222,0,0,1.0,0.2222222222222222,0.7777777777777778
"F[0,0](HR >= 2.425 & BUN <= 2.739)
",2.739,2.739,0.000,0.000,1.000,3,0,0,15,18,0,3,15,0.16666666666666666,0,0,1.0,0.16666666666666666,0.8333333333333334
"((Magnesium <= 0.433) U[1,2] (SepsisLabel = 0.000))
",-9999999.000,-9999999.000,0.000,0.000,1.000,3,0,0,15,18,0,3,15,0.16666666666666666,0,0,1.0,0.16666666666666666,0.8333333333333334
"((BaseExcess <= -0.030) U[1,2] (DBP <= 61.685))
",-9999999.000,-9999999.000,0.000,0.000,1.000,2,0,0,16,18,0,2,16,0.1111111111111111,0,0,1.0,0.1111111111111111,0.8888888888888888
"F[0,1]((Calcium <= 7.515 & HR <= 82.529) & PaCO2 <= 72.790)
",-9999999.000,-9999999.000,0.000,0.000,1.000,2,0,0,16,18,0,2,16,0.1111111111111111,0,0,1.0,0.1111111111111111,0.8888888888888888
"((Hct < 10.438) U[1,2] (SepsisLabel = 0.000))
",-9999999.000,-9999999.000,0.000,0.000,1.000,2,0,0,16,18,0,2,16,0.1111111111111111,0,0,1.0,0.1111111111111111,0.8888888888888888
"((Platelets <= 122.205) U[0,0] (Potassium <= 1.883))
",8599438274321660.000,122.205,0.000,0.000,1.000,2,0,0,16,18,0,2,16,0.1111111111111111,0,0,1.0,0.1111111111111111,0.8888888888888888
"((Potassium <= 3.103) U[1,2] (AST >= 0.000))
",-9999999.000,-9999999.000,0.000,0.000,1.000,2,0,0,16,18,0,2,16,0.1111111111111111,0,0,1.0,0.1111111111111111,0.8888888888888888
"((DBP > 48.407) U[1,2] (SepsisLabel = 0.000))
",-9999999.000,-9999999.000,0.000,0.000,1.000,2,0,0,16,18,0,2,16,0.1111111111111111,0,0,1.0,0.1111111111111111,0.8888888888888888
"((Resp > 5.114) U[1,2] (SepsisLabel = 0.000))
",-9999999.000,-9999999.000,0.000,0.000,1.000,2,0,0,16,18,0,2,16,0.1111111111111111,0,0,1.0,0.1111111111111111,0.8888888888888888
"F[1,1]((FiO2 <= 0.379 | Hct >= 2.169) -> MAP >= 2.323)
",-0.379,-0.379,0.000,0.000,1.000,1,0,0,17,18,0,1,17,0.05555555555555555,0,0,1.0,0.05555555555555555,0.9444444444444444
"((PTT >= 0.000) U[1,1] (Resp >= 6.220))
",0.000,0.000,0.000,0.000,1.000,1,0,0,17,18,0,1,17,0.05555555555555555,0,0,1.0,0.05555555555555555,0.9444444444444444
"((MAP >= 56.087) U[1,2] (SBP <= 155.096))
",-9999999.000,-9999999.000,0.000,0.000,1.000,1,0,0,17,18,0,1,17,0.05555555555555555,0,0,1.0,0.05555555555555555,0.9444444444444444
"((MAP >= 41.431) U[0,0] (SBP <= 151.925))
",10.720,145.842,0.000,0.000,1.000,1,0,0,17,18,0,1,17,0.05555555555555555,0,0,1.0,0.05555555555555555,0.9444444444444444
"F[0,0]((SaO2 <= 4.616 -> Creatinine <= 0.762) | BaseExcess >= 0.018)
",-0.018,-0.018,0.000,0.000,1.000,1,0,0,17,18,0,1,17,0.05555555555555555,0,0,1.0,0.05555555555555555,0.9444444444444444
"F[0,0](Calcium <= 5.867 & BUN <= 5.086)
",5.086,5.086,0.000,0.000,1.000,1,0,0,17,18,0,1,17,0.05555555555555555,0,0,1.0,0.05555555555555555,0.9444444444444444
"F[0,0](Hgb <= 9.813 | Hct <= 17.699)
",4981881586591530.000,17.699,0.000,0.000,1.000,1,0,0,17,18,0,1,17,0.05555555555555555,0,0,1.0,0.05555555555555555,0.9444444444444444
"((Potassium <= 3.858) U[1,2] (Temp >= 6.920))
",-9999999.000,-9999999.000,0.000,0.000,1.000,1,0,0,17,18,0,1,17,0.05555555555555555,0,0,1.0,0.05555555555555555,0.9444444444444444
"F[0,0](((Resp <= 20.220 & SepsisLabel <= 0.000) & Bilirubin_total <= 0.000) -> Creatinine <= 0.000)
",0.000,0.000,0.000,0.000,1.000,1,0,0,17,18,0,1,17,0.05555555555555555,0,0,1.0,0.05555555555555555,0.9444444444444444
"((DBP <= 71.110) U[1,2] (BUN <= 2.244))
",-9999999.000,-9999999.000,0.000,0.000,1.000,1,0,0,17,18,0,1,17,0.05555555555555555,0,0,1.0,0.05555555555555555,0.9444444444444444
"F[1,1](HCO3 >= 0.000 & HR >= 27.218)
",-7661234060642636.000,-27.218,0.000,0.000,1.000,1,0,0,17,18,0,1,17,0.05555555555555555,0,0,1.0,0.05555555555555555,0.9444444444444444
"F[0,1](((MAP <= 80.799 -> Temp >= 0.503) | HCO3 >= 2.210) | Potassium >= 6.477)
",-9999999.000,-9999999.000,0.000,0.000,1.000,1,0,0,17,18,0,1,17,0.05555555555555555,0,0,1.0,0.05555555555555555,0.9444444444444444
"F[0,0]((Phosphate >= 0.082 & Magnesium > 0.209) -> Calcium < 4.377)
",-4928103651781989.000,-4.377,0.000,0.000,1.000,1,0,0,17,18,0,1,17,0.05555555555555555,0,0,1.0,0.05555555555555555,0.9444444444444444
"((DBP <= 67.692) U[1,2] (SepsisLabel = 0.000))
",-9999999.000,-9999999.000,0.000,0.000,1.000,1,0,0,17,18,0,1,17,0.05555555555555555,0,0,1.0,0.05555555555555555,0.9444444444444444
"((Phosphate < 1.603) U[1,2] (SepsisLabel = 0.000))
",-9999999.000,-9999999.000,0.000,0.000,1.000,1,0,0,17,18,0,1,17,0.05555555555555555,0,0,1.0,0.05555555555555555,0.9444444444444444
"((MAP >= 5.793) U[1,2] (SBP <= 139.513))
",-9999999.000,-9999999.000,0.000,0.000,1.000,1,0,0,17,18,0,1,17,0.05555555555555555,0,0,1.0,0.05555555555555555,0.9444444444444444
"F[1,2](((SaO2 <= 19.682 & FiO2 >= 0.004) | O2Sat <= 0.140) -> TroponinI >= 0.008)
",-9999999.000,-9999999.000,0.000,0.000,1.000,0,0,0,18,18,0,0,18,0.0,0,0,0.0,0.0,1.0
"((Magnesium <= 3.041) U[0,1] (DBP <= 78.723))
",-9999999.000,-9999999.000,0.000,0.000,1.000,0,0,0,18,18,0,0,18,0.0,0,0,0.0,0.0,1.0
"F[0,2]((WBC >= 0.049 & AST >= 0.000) -> Temp <= 0.000)
",-9999999.000,-9999999.000,0.000,0.000,1.000,0,0,0,18,18,0,0,18,0.0,0,0,0.0,0.0,1.0
"F[0,1](((Platelets <= 74.836 & HR >= 70.205) & SepsisLabel >= 31.017) -> HR >= 49.333)
",-9999999.000,-9999999.000,0.000,0.000,1.000,0,0,0,18,18,0,0,18,0.0,0,0,0.0,0.0,1.0
"F[2,2]((Resp >= 10.913 -> AST >= 0.000) -> Fibrinogen >= 0.000)
",0.000,0.000,0.000,0.000,1.000,0,0,0,18,18,0,0,18,0.0,0,0,0.0,0.0,1.0
"((PaCO2 <= 37.750) U[2,2] (Phosphate >= 0.044))
",37.750,37.750,0.000,0.000,1.000,0,0,0,18,18,0,0,18,0.0,0,0,0.0,0.0,1.0
"F[1,2]((SBP <= 157.104 & Potassium <= 0.461) -> Glucose <= 3.151)
",-9999999.000,-9999999.000,0.000,0.000,1.000,0,0,0,18,18,0,0,18,0.0,0,0,0.0,0.0,1.0
"F[2,2](TroponinI <= 0.000 | Potassium >= 0.187)
",0.000,0.000,0.000,0.000,1.000,0,0,0,18,18,0,0,18,0.0,0,0,0.0,0.0,1.0
"F[1,1](((Fibrinogen >= 0.000 & Bilirubin_total <= 0.000) -> Bilirubin_direct >= 0.000) -> Fibrinogen <= 0.000)
",0.000,0.000,0.000,0.000,1.000,0,0,0,18,18,0,0,18,0.0,0,0,0.0,0.0,1.0
"F[2,2](((TroponinI <= 0.000 -> Resp >= 5.509) -> BUN <= 17.050) | Chloride >= 6.945)
",-6.945,-6.945,0.000,0.000,1.000,0,0,0,18,18,0,0,18,0.0,0,0,0.0,0.0,1.0
"F[2,2]((PaCO2 >= 0.648 | Hgb >= 0.357) & BUN >= 0.196)
",-0.357,-0.357,0.000,0.000,1.000,0,0,0,18,18,0,0,18,0.0,0,0,0.0,0.0,1.0
"F[1,2](Creatinine >= 0.003 & pH >= 0.026)
",-9999999.000,-9999999.000,0.000,0.000,1.000,0,0,0,18,18,0,0,18,0.0,0,0,0.0,0.0,1.0
"F[1,2]((Calcium <= 2.911 & Hgb >= 0.213) & Magnesium >= 0.019)
",-9999999.000,-9999999.000,0.000,0.000,1.000,0,0,0,18,18,0,0,18,0.0,0,0,0.0,0.0,1.0
"F[1,2](Phosphate >= 0.040 | Temp >= 7.868)
",-9999999.000,-9999999.000,0.000,0.000,1.000,0,0,0,18,18,0,0,18,0.0,0,0,0.0,0.0,1.0
"F[1,2](((PTT >= 0.000 & Fibrinogen <= 0.000) & Bilirubin_total >= 0.000) -> HCO3 <= 0.000)
",-9999999.000,-9999999.000,0.000,0.000,1.000,0,0,0,18,18,0,0,18,0.0,0,0,0.0,0.0,1.0
"F[0,1](((AST >= 0.000 -> Phosphate <= 0.156) & O2Sat >= 0.083) & TroponinI <= 2.824)
",-9999999.000,-9999999.000,0.000,0.000,1.000,0,0,0,18,18,0,0,18,0.0,0,0,0.0,0.0,1.0
"F[0,2](Fibrinogen >= 0.000 | SaO2 <= 12.886)
",-9999999.000,-9999999.000,0.000,0.000,1.000,0,0,0,18,18,0,0,18,0.0,0,0,0.0,0.0,1.0
"F[1,2](((pH <= 1.550 -> BUN <= 5.382) | Platelets >= 0.122) | FiO2 >= 0.037)
",-9999999.000,-9999999.000,0.000,0.000,1.000,0,0,0,18,18,0,0,18,0.0,0,0,0.0,0.0,1.0
"((SepsisLabel >= 0.000) U[2,2] (FiO2 >= 0.001))
",0.000,0.000,0.000,0.000,1.000,0,0,0,18,18,0,0,18,0.0,0,0,0.0,0.0,1.0
"F[1,2](pH >= 0.081 | Magnesium <= 1.983)
",-9999999.000,-9999999.000,0.000,0.000,1.000,0,0,0,18,18,0,0,18,0.0,0,0,0.0,0.0,1.0
"F[0,0](EtCO2 >= 0.000 | Temp >= 5.567)
",4.110,87.548,0.000,0.000,1.000,0,0,0,18,18,0,0,18,0.0,0,0,0.0,0.0,1.0
"F[0,1](((Alkalinephos >= 0.000 & SepsisLabel >= 0.000) & PTT >= 0.000) -> Creatinine <= 0.000)
",-9999999.000,-9999999.000,0.000,0.000,1.000,0,0,0,18,18,0,0,18,0.0,0,0,0.0,0.0,1.0
"F[0,2](((Calcium <= 4.957 | TroponinI >= 0.000) | O2Sat <= 0.000) | Platelets <= 0.000)
",-9999999.000,-9999999.000,0.000,0.000,1.000,0,0,0,18,18,0,0,18,0.0,0,0,0.0,0.0,1.0
"F[1,2]((Phosphate <= 3.052 -> TroponinI >= 0.000) | PaCO2 >= 0.000)
",-9999999.000,-9999999.000,0.000,0.000,1.000,0,0,0,18,18,0,0,18,0.0,0,0,0.0,0.0,1.0
"F[2,2](((Glucose <= 38.850 -> Hgb <= 7.395) -> HCO3 <= 11.331) -> Glucose <= 14.200)
",-7994045386489836.000,-14.200,0.000,0.000,1.000,0,0,0,18,18,0,0,18,0.0,0,0,0.0,0.0,1.0
"F[0,2](((PTT <= 0.000 & MAP >= 74.012) | Temp <= 88.777) | Glucose <= 103.265)
",-9999999.000,-9999999.000,0.000,0.000,1.000,0,0,0,18,18,0,0,18,0.0,0,0,0.0,0.0,1.0
"F[1,2](((Potassium <= 2.897 & Hgb <= 4.212) & AST <= 6.558) | BUN <= 0.843)
",-9999999.000,-9999999.000,0.000,0.000,1.000,0,0,0,18,18,0,0,18,0.0,0,0,0.0,0.0,1.0
"F[1,1]((MAP <= 97.150 & HCO3 >= 0.000) | SaO2 >= 0.000)
",0.000,0.000,0.000,0.000,1.000,0,0,0,18,18,0,0,18,0.0,0,0,0.0,0.0,1.0
"((Alkalinephos <= 0.000) U[1,1] (Fibrinogen <= 0.000))
",0.000,0.000,0.000,0.000,1.000,0,0,0,18,18,0,0,18,0.0,0,0,0.0,0.0,1.0
"F[2,2](((Potassium >= 0.178 & Magnesium <= 3.252) -> AST >= 0.224) -> BUN >= 0.113)
",-6402419121425628.000,-0.178,0.000,0.000,1.000,0,0,0,18,18,0,0,18,0.0,0,0,0.0,0.0,1.0
"F[1,2](Bilirubin_direct >= 0.000 -> pH >= 0.120)
",-9999999.000,-9999999.000,0.000,0.000,1.000,0,0,0,18,18,0,0,18,0.0,0,0,0.0,0.0,1.0
"F[2,2](((Alkalinephos >= 0.000 & O2Sat <= 96.629) & EtCO2 <= 94.143) & Creatinine <= 92.875)
",0.000,0.000,0.000,0.000,1.000,0,0,0,18,18,0,0,18,0.0,0,0,0.0,0.0,1.0
"F[1,2]((MAP >= 67.725 | HR >= 44.254) & Fibrinogen <= 89.980)
",-9999999.000,-9999999.000,0.000,0.000,1.000,0,0,0,18,18,0,0,18,0.0,0,0,0.0,0.0,1.0
"F[1,2](((Bilirubin_direct >= 0.000 & Temp <= 15.625) | Bilirubin_total <= 8.586) & Hgb >= 0.991)
",-9999999.000,-9999999.000,0.000,0.000,1.000,0,0,0,18,18,0,0,18,0.0,0,0,0.0,0.0,1.0
"F[0,0]((Fibrinogen <= 0.000 | pH >= 0.107) & Fibrinogen <= 6.909)
",0.000,0.000,0.000,0.000,1.000,0,0,0,18,18,0,0,18,0.0,0,0,0.0,0.0,1.0
"F[0,0](((FiO2 >= 0.005 & Chloride >= 0.000) & PTT <= 0.000) | SaO2 >= 0.000)
",0.000,0.000,0.000,0.000,1.000,0,0,0,18,18,0,0,18,0.0,0,0,0.0,0.0,1.0
"F[1,2]((HR <= 78.312 | Temp <= 19.238) -> PaCO2 <= 37.582)
",-9999999.000,-9999999.000,0.000,0.000,1.000,0,0,0,18,18,0,0,18,0.0,0,0,0.0,0.0,1.0
"F[1,2](((Fibrinogen <= 0.000 | Bilirubin_direct >= 0.000) & Magnesium >= 0.000) | Fibrinogen <= 0.000)
",-9999999.000,-9999999.000,0.000,0.000,1.000,0,0,0,18,18,0,0,18,0.0,0,0,0.0,0.0,1.0
"F[0,2]((Calcium >= 0.116 & BaseExcess >= -0.664) | DBP >= -0.644)
",-9999999.000,-9999999.000,0.000,0.000,1.000,0,0,0,18,18,0,0,18,0.0,0,0,0.0,0.0,1.0
"F[1,2]((pH >= 0.153 & HCO3 <= 0.000) | Fibrinogen >= 0.000)
",-9999999.000,-9999999.000,0.000,0.000,1.000,0,0,0,18,18,0,0,18,0.0,0,0,0.0,0.0,1.0
"((Fibrinogen >= 0.000) U[1,1] (Fibrinogen <= 0.000))
",0.000,0.000,0.000,0.000,1.000,0,0,0,18,18,0,0,18,0.0,0,0,0.0,0.0,1.0
"F[2,2]((SBP <= 157.710 | BUN <= 0.320) & Platelets <= 3.004)
",3.004,3.004,0.000,0.000,1.000,0,0,0,18,18,0,0,18,0.0,0,0,0.0,0.0,1.0
"F[0,1]((Magnesium >= 0.003 | AST >= 0.000) & SepsisLabel >= 0.000)
",-9999999.000,-9999999.000,0.000,0.000,1.000,0,0,0,18,18,0,0,18,0.0,0,0,0.0,0.0,1.0
"F[0,1]((MAP <= 99.989 -> Hgb <= 3.906) & Temp <= 3.927)
",-9999999.000,-9999999.000,0.000,0.000,1.000,0,0,0,18,18,0,0,18,0.0,0,0,0.0,0.0,1.0
"F[0,1]((Fibrinogen >= 0.000 -> Creatinine >= 0.007) -> SaO2 <= 0.629)
",-9999999.000,-9999999.000,0.000,0.000,1.000,0,0,0,18,18,0,0,18,0.0,0,0,0.0,0.0,1.0
"F[1,2]((TroponinI <= 0.000 & Chloride <= 0.000) -> Platelets >= 0.000)
",-9999999.000,-9999999.000,0.000,0.000,1.000,0,0,0,18,18,0,0,18,0.0,0,0,0.0,0.0,1.0
"F[0,2]((TroponinI <= 0.000 | Chloride <= 0.000) -> Temp <= 0.000)
",-9999999.000,-9999999.000,0.000,0.000,1.000,0,0,0,18,18,0,0,18,0.0,0,0,0.0,0.0,1.0
"F[2,2]((Platelets <= 101.741 -> Hct >= 0.192) -> AST >= 1.331)
",5995340637706885.000,1.331,0.000,0.000,1.000,0,0,0,18,18,0,0,18,0.0,0,0,0.0,0.0,1.0
"F[1,2]((HR >= 63.569 | SaO2 <= 54.285) & Potassium <= 60.319)
",-9999999.000,-9999999.000,0.000,0.000,1.000,0,0,0,18,18,0,0,18,0.0,0,0,0.0,0.0,1.0
"F[0,2](((Creatinine <= 0.698 | Alkalinephos >= 0.000) | Glucose >= 0.000) & TroponinI <= 0.000)
",-9999999.000,-9999999.000,0.000,0.000,1.000,0,0,0,18,18,0,0,18,0.0,0,0,0.0,0.0,1.0
"F[0,2](Hgb <= 2.014 | Hct <= 10.182)
",-9999999.000,-9999999.000,0.000,0.000,1.000,0,0,0,18,18,0,0,18,0.0,0,0,0.0,0.0,1.0
"((SepsisLabel >= 0.000) U[1,2] (Bilirubin_total <= 0.000))
",-9999999.000,-9999999.000,0.000,0.000,1.000,0,0,0,18,18,0,0,18,0.0,0,0,0.0,0.0,1.0
"F[0,2](((TroponinI >= 0.000 & PaCO2 >= 0.579) & Glucose <= 41.352) & Potassium <= 14.314)
",-9999999.000,-9999999.000,0.000,0.000,1.000,0,0,0,18,18,0,0,18,0.0,0,0,0.0,0.0,1.0
"F[1,2](Fibrinogen <= 0.000 -> TroponinI <= 0.000)
",-9999999.000,-9999999.000,0.000,0.000,1.000,0,0,0,18,18,0,0,18,0.0,0,0,0.0,0.0,1.0
"F[1,2](Creatinine <= 0.842 & Fibrinogen <= 0.000)
",-9999999.000,-9999999.000,0.000,0.000,1.000,0,0,0,18,18,0,0,18,0.0,0,0,0.0,0.0,1.0
"F[1,2](Platelets <= 155.547 | Temp >= 4.587)
",-9999999.000,-9999999.000,0.000,0.000,1.000,0,0,0,18,18,0,0,18,0.0,0,0,0.0,0.0,1.0
"F[1,2](((O2Sat >= 88.057 -> Glucose <= 67.619) | SepsisLabel <= 105.567) & SepsisLabel <= 27.163)
",-9999999.000,-9999999.000,0.000,0.000,1.000,0,0,0,18,18,0,0,18,0.0,0,0,0.0,0.0,1.0
"F[1,2](SaO2 <= 75.370 & Glucose <= 116.584)
",-9999999.000,-9999999.000,0.000,0.000,1.000,0,0,0,18,18,0,0,18,0.0,0,0,0.0,0.0,1.0
"((AST >= 0.000) U[2,2] (TroponinI >= 0.000))
",0.000,0.000,0.000,0.000,1.000,0,0,0,18,18,0,0,18,0.0,0,0,0.0,0.0,1.0
"F[0,1](((EtCO2 >= 0.000 & DBP <= 61.708) -> Temp <= 62.868) | Calcium >= 36.019)
",-9999999.000,-9999999.000,0.000,0.000,1.000,0,0,0,18,18,0,0,18,0.0,0,0,0.0,0.0,1.0
"((PTT <= 0.000) U[1,1] (Bilirubin_total >= 0.000))
",0.000,0.000,0.000,0.000,1.000,0,0,0,18,18,0,0,18,0.0,0,0,0.0,0.0,1.0
"F[2,2]((O2Sat >= 43.780 -> EtCO2 >= 0.000) | PTT <= 0.000)
",0.000,0.000,0.000,0.000,1.000,0,0,0,18,18,0,0,18,0.0,0,0,0.0,0.0,1.0
"F[0,1]((DBP <= 70.434 | MAP <= 102.964) | Calcium >= 73.886)
",-9999999.000,-9999999.000,0.000,0.000,1.000,0,0,0,18,18,0,0,18,0.0,0,0,0.0,0.0,1.0
"F[0,2](Fibrinogen >= 0.000 | Chloride >= 0.000)
",-9999999.000,-9999999.000,0.000,0.000,1.000,0,0,0,18,18,0,0,18,0.0,0,0,0.0,0.0,1.0
"((EtCO2 <= 0.000) U[2,2] (Resp <= 17.104))
",17.104,17.104,0.000,0.000,1.000,0,0,0,18,18,0,0,18,0.0,0,0,0.0,0.0,1.0
"F[0,2](((FiO2 >= 0.011 -> Lactate <= 0.091) & Calcium >= 0.011) -> Potassium >= 0.023)
",-9999999.000,-9999999.000,0.000,0.000,1.000,0,0,0,18,18,0,0,18,0.0,0,0,0.0,0.0,1.0
"F[0,1](((Hct <= 25.446 & PaCO2 <= 44.076) | Alkalinephos >= 0.313) | SBP <= 15.137)
",-9999999.000,-9999999.000,0.000,0.000,1.000,0,0,0,18,18,0,0,18,0.0,0,0,0.0,0.0,1.0
"((Bilirubin_direct >= 0.000) U[0,1] (Fibrinogen <= 0.000))
",-9999999.000,-9999999.000,0.000,0.000,1.000,0,0,0,18,18,0,0,18,0.0,0,0,0.0,0.0,1.0
"F[0,2](((Hgb <= 2.312 & Calcium <= 3.921) & WBC <= 7.000) -> TroponinI >= 0.001)
",-9999999.000,-9999999.000,0.000,0.000,1.000,0,0,0,18,18,0,0,18,0.0,0,0,0.0,0.0,1.0
"F[0,2](((FiO2 >= 0.010 & BaseExcess <= -0.036) -> Phosphate >= -0.059) | Bilirubin_total <= -0.034)
",-9999999.000,-9999999.000,0.000,0.000,1.000,0,0,0,18,18,0,0,18,0.0,0,0,0.0,0.0,1.0
"F[2,2]((Hgb >= 0.391 & Alkalinephos <= 0.000) -> Chloride >= 0.000)
",0.000,0.000,0.000,0.000,1.000,0,0,0,18,18,0,0,18,0.0,0,0,0.0,0.0,1.0
"F[1,1]((Bilirubin_total >= 0.000 | AST >= 0.000) -> Bilirubin_direct >= 0.000)
",0.000,0.000,0.000,0.000,1.000,0,0,0,18,18,0,0,18,0.0,0,0,0.0,0.0,1.0
"F[0,1](HR >= 42.936 | Resp <= 18.957)
",-9999999.000,-9999999.000,0.000,0.000,1.000,0,0,0,18,18,0,0,18,0.0,0,0,0.0,0.0,1.0
"((Bilirubin_total <= 0.000) U[0,1] (SaO2 <= 43.293))
",-9999999.000,-9999999.000,0.000,0.000,1.000,0,0,0,18,18,0,0,18,0.0,0,0,0.0,0.0,1.0
"F[1,2]((Hct <= 29.788 | HR >= 60.232) -> EtCO2 <= 86.318)
",-9999999.000,-9999999.000,0.000,0.000,1.000,0,0,0,18,18,0,0,18,0.0,0,0,0.0,0.0,1.0
"F[0,1]((WBC >= 0.282 & BUN <= 3.452) -> Platelets <= 4.687)
",-9999999.000,-9999999.000,0.000,0.000,1.000,0,0,0,18,18,0,0,18,0.0,0,0,0.0,0.0,1.0
"F[0,1](((Alkalinephos >= 0.000 | Resp <= 16.720) & Resp >= 11.594) | Bilirubin_total <= 16.089)
",-9999999.000,-9999999.000,0.000,0.000,1.000,0,0,0,18,18,0,0,18,0.0,0,0,0.0,0.0,1.0
"F[1,2]((HR <= 77.560 & Alkalinephos <= 0.000) | SBP <= 0.000)
",-9999999.000,-9999999.000,0.000,0.000,1.000,0,0,0,18,18,0,0,18,0.0,0,0,0.0,0.0,1.0
"F[0,2]((SaO2 >= 0.864 & AST <= 0.000) -> BaseExcess <= 0.000)
",-9999999.000,-9999999.000,0.000,0.000,1.000,0,0,0,18,18,0,0,18,0.0,0,0,0.0,0.0,1.0
"((Fibrinogen <= 0.000) U[0,0] (Chloride >= 0.000))
",0.000,0.000,0.000,0.000,1.000,0,0,0,18,18,0,0,18,0.0,0,0,0.0,0.0,1.0
"F[0,1](Magnesium <= 1.949 | Bilirubin_total >= 0.000)
",-9999999.000,-9999999.000,0.000,0.000,1.000,0,0,0,18,18,0,0,18,0.0,0,0,0.0,0.0,1.0
"F[2,2](SaO2 >= 1.434 -> BUN >= 0.058)
",0.058,0.058,0.000,0.000,1.000,0,0,0,18,18,0,0,18,0.0,0,0,0.0,0.0,1.0
"F[0,2](((Creatinine <= 0.265 | HCO3 >= 0.000) -> Magnesium <= 0.000) -> FiO2 <= 0.000)
",-9999999.000,-9999999.000,0.000,0.000,1.000,0,0,0,18,18,0,0,18,0.0,0,0,0.0,0.0,1.0
"F[0,1]((Temp <= 22.263 & Lactate >= 0.020) -> Glucose <= 0.301)
",-9999999.000,-9999999.000,0.000,0.000,1.000,0,0,0,18,18,0,0,18,0.0,0,0,0.0,0.0,1.0
"F[2,2]((WBC >= 0.298 | Hct >= 0.054) | O2Sat >= 1.210)
",-0.054,-0.054,0.000,0.000,1.000,0,0,0,18,18,0,0,18,0.0,0,0,0.0,0.0,1.0
"F[0,2](((WBC <= 4.163 -> PaCO2 <= 12.377) & Magnesium >= 0.908) & Alkalinephos <= 12.927)
",-9999999.000,-9999999.000,0.000,0.000,1.000,0,0,0,18,18,0,0,18,0.0,0,0,0.0,0.0,1.0
"F[0,2]((SBP <= 130.164 -> pH >= 0.083) & SepsisLabel <= 5.085)
",-9999999.000,-9999999.000,0.000,0.000,1.000,0,0,0,18,18,0,0,18,0.0,0,0,0.0,0.0,1.0
"F[0,2](Calcium <= 2.699 | Potassium <= 2.592)
",-9999999.000,-9999999.000,0.000,0.000,1.000,0,0,0,18,18,0,0,18,0.0,0,0,0.0,0.0,1.0
"F[0,1]((PaCO2 <= 5.859 & AST <= 0.000) & Platelets <= 0.000)
",-9999999.000,-9999999.000,0.000,0.000,1.000,0,0,0,18,18,0,0,18,0.0,0,0,0.0,0.0,1.0
"F[1,2](((Creatinine <= 0.305 -> HCO3 >= 0.000) & FiO2 <= 0.000) & HR <= 0.000)
",-9999999.000,-9999999.000,0.000,0.000,1.000,0,0,0,18,18,0,0,18,0.0,0,0,0.0,0.0,1.0
"F[0,2]((EtCO2 >= 0.000 & PTT <= 0.000) | TroponinI >= 0.000)
",-9999999.000,-9999999.000,0.000,0.000,1.000,0,0,0,18,18,0,0,18,0.0,0,0,0.0,0.0,1.0
"F[2,2]((BaseExcess <= -0.028 & SaO2 >= 2.239) | SaO2 >= 2.462)
",-5041608753072999.000,-2.239,0.000,0.000,1.000,0,0,0,18,18,0,0,18,0.0,0,0,0.0,0.0,1.0
"((SepsisLabel <= 0.000) U[1,2] (Fibrinogen <= 0.000))
",-9999999.000,-9999999.000,0.000,0.000,1.000,0,0,0,18,18,0,0,18,0.0,0,0,0.0,0.0,1.0
"F[1,2]((Phosphate >= 0.058 & SepsisLabel >= 0.000) & SepsisLabel >= 0.000)
",-9999999.000,-9999999.000,0.000,0.000,1.000,0,0,0,18,18,0,0,18,0.0,0,0,0.0,0.0,1.0
"F[1,2](((Potassium >= 0.142 -> Hgb <= 12.078) -> PaCO2 <= 8.951) | Fibrinogen >= 0.009)
",-9999999.000,-9999999.000,0.000,0.000,1.000,0,0,0,18,18,0,0,18,0.0,0,0,0.0,0.0,1.0
"F[0,1]((Lactate <= 0.713 -> TroponinI >= 0.000) -> PTT >= 0.000)
",-9999999.000,-9999999.000,0.000,0.000,1.000,0,0,0,18,18,0,0,18,0.0,0,0,0.0,0.0,1.0
"F[0,2](Phosphate >= 0.017 | Temp >= 5.305)
",-9999999.000,-9999999.000,0.000,0.000,1.000,0,0,0,18,18,0,0,18,0.0,0,0,0.0,0.0,1.0
"F[0,2](((HR >= 23.462 -> PaCO2 <= 23.184) & Potassium <= 21.973) | HCO3 <= 15.515)
",-9999999.000,-9999999.000,0.000,0.000,1.000,0,0,0,18,18,0,0,18,0.0,0,0,0.0,0.0,1.0
"F[0,1](((FiO2 >= 0.005 -> HCO3 <= 0.000) & Hct <= 0.000) & FiO2 >= 0.000)
",-9999999.000,-9999999.000,0.000,0.000,1.000,0,0,0,18,18,0,0,18,0.0,0,0,0.0,0.0,1.0
"F[2,2](((SaO2 >= 2.275 -> BaseExcess >= -1.272) | HCO3 <= -0.008) & Magnesium >= -1.102)
",-0.008,-0.008,0.000,0.000,1.000,0,0,0,18,18,0,0,18,0.0,0,0,0.0,0.0,1.0
"F[1,2](((HCO3 >= 0.000 -> PTT >= 0.000) | SepsisLabel >= 0.000) -> O2Sat >= 0.000)
",-9999999.000,-9999999.000,0.000,0.000,1.000,0,0,0,18,18,0,0,18,0.0,0,0,0.0,0.0,1.0
"((SaO2 >= 2.444) U[1,2] (Calcium >= 0.019))
",-9999999.000,-9999999.000,0.000,0.000,1.000,0,0,0,18,18,0,0,18,0.0,0,0,0.0,0.0,1.0
"F[0,1](((HR <= 74.817 -> EtCO2 >= 0.000) -> Bilirubin_direct >= 0.000) | Glucose >= 0.000)
",-9999999.000,-9999999.000,0.000,0.000,1.000,0,0,0,18,18,0,0,18,0.0,0,0,0.0,0.0,1.0
"F[1,2](EtCO2 <= 0.000 & Potassium <= 3.511)
",-9999999.000,-9999999.000,0.000,0.000,1.000,0,0,0,18,18,0,0,18,0.0,0,0,0.0,0.0,1.0
"F[0,0](((EtCO2 <= 0.000 -> AST <= 0.000) -> Bilirubin_direct >= 0.000) & BaseExcess <= 0.000)
",0.000,0.000,0.000,0.000,1.000,0,0,0,18,18,0,0,18,0.0,0,0,0.0,0.0,1.0
"F[0,1]((Temp >= 4.435 -> MAP <= 92.297) | Resp >= 52.483)
",-9999999.000,-9999999.000,0.000,0.000,1.000,0,0,0,18,18,0,0,18,0.0,0,0,0.0,0.0,1.0
"F[1,1]((BUN <= 3.839 & Bilirubin_direct <= 0.000) | Bilirubin_direct >= 0.000)
",0.000,0.000,0.000,0.000,1.000,0,0,0,18,18,0,0,18,0.0,0,0,0.0,0.0,1.0
"F[0,2]((Bilirubin_total >= 0.000 & PaCO2 >= 0.663) | Magnesium >= 0.951)
",-9999999.000,-9999999.000,0.000,0.000,1.000,0,0,0,18,18,0,0,18,0.0,0,0,0.0,0.0,1.0
"F[0,0](((Magnesium <= 1.898 & SepsisLabel >= 0.000) -> SaO2 <= 0.000) -> Chloride >= 0.000)
",0.000,0.000,0.000,0.000,1.000,0,0,0,18,18,0,0,18,0.0,0,0,0.0,0.0,1.0
"F[2,2]((Alkalinephos >= 0.000 | HCO3 >= 0.000) & Resp >= 0.000)
",0.000,0.000,0.000,0.000,1.000,0,0,0,18,18,0,0,18,0.0,0,0,0.0,0.0,1.0
"F[0,2](Resp <= 15.993 & DBP <= 64.521)
",-9999999.000,-9999999.000,0.000,0.000,1.000,0,0,0,18,18,0,0,18,0.0,0,0,0.0,0.0,1.0
"F[1,2]((Magnesium <= 3.696 | Fibrinogen <= 0.000) & EtCO2 <= 0.000)
",-9999999.000,-9999999.000,0.000,0.000,1.000,0,0,0,18,18,0,0,18,0.0,0,0,0.0,0.0,1.0
"F[1,2]((Platelets <= 191.516 -> PTT >= 0.000) & Alkalinephos >= 0.000)
",-9999999.000,-9999999.000,0.000,0.000,1.000,0,0,0,18,18,0,0,18,0.0,0,0,0.0,0.0,1.0
"((AST >= 0.000) U[0,0] (Chloride >= 0.000))
",0.000,0.000,0.000,0.000,1.000,0,0,0,18,18,0,0,18,0.0,0,0,0.0,0.0,1.0
"F[0,2](SepsisLabel <= 0.000 | Temp >= 2.155)
",-9999999.000,-9999999.000,0.000,0.000,1.000,0,0,0,18,18,0,0,18,0.0,0,0,0.0,0.0,1.0
"F[1,2]((SaO2 <= 85.548 -> Lactate >= 0.024) | Alkalinephos >= 0.018)
",-9999999.000,-9999999.000,0.000,0.000,1.000,0,0,0,18,18,0,0,18,0.0,0,0,0.0,0.0,1.0
"F[0,1](((Bilirubin_total <= 0.000 | Potassium >= 0.017) -> Chloride >= 0.211) -> Lactate >= 0.010)
",-9999999.000,-9999999.000,0.000,0.000,1.000,0,0,0,18,18,0,0,18,0.0,0,0,0.0,0.0,1.0
"F[0,1](((O2Sat >= 81.301 -> Resp <= 19.115) | HCO3 <= 15.521) | SBP <= 17.122)
",-9999999.000,-9999999.000,0.000,0.000,1.000,0,0,0,18,18,0,0,18,0.0,0,0,0.0,0.0,1.0
"F[1,2]((WBC >= 0.245 & Chloride <= 0.000) & DBP <= 0.000)
",-9999999.000,-9999999.000,0.000,0.000,1.000,0,0,0,18,18,0,0,18,0.0,0,0,0.0,0.0,1.0
"F[1,2](((Resp <= 18.016 & WBC <= 0.422) & BaseExcess >= 0.306) | PaCO2 >= 0.144)
",-9999999.000,-9999999.000,0.000,0.000,1.000,0,0,0,18,18,0,0,18,0.0,0,0,0.0,0.0,1.0
"F[1,1](((WBC >= 0.012 | O2Sat >= 10.520) -> Chloride >= 56.597) | SepsisLabel <= 92.467)
",92.467,92.467,0.000,0.000,1.000,0,0,0,18,18,0,0,18,0.0,0,0,0.0,0.0,1.0
"F[2,2]((Creatinine >= 0.017 | Bilirubin_direct >= 0.000) -> PaCO2 <= 0.000)
",0.000,0.000,0.000,0.000,1.000,0,0,0,18,18,0,0,18,0.0,0,0,0.0,0.0,1.0
"F[1,2](HR >= 62.889 -> DBP >= 54.662)
",-9999999.000,-9999999.000,0.000,0.000,1.000,0,0,0,18,18,0,0,18,0.0,0,0,0.0,0.0,1.0
"F[0,2](WBC <= 9.871 | Hct <= 4.692)
",-9999999.000,-9999999.000,0.000,0.000,1.000,0,0,0,18,18,0,0,18,0.0,0,0,0.0,0.0,1.0
"F[1,1]((Bilirubin_direct >= 0.000 & SaO2 <= 94.812) | WBC >= 1.691)
",0.000,0.000,0.000,0.000,1.000,0,0,0,18,18,0,0,18,0.0,0,0,0.0,0.0,1.0
"F[0,1](((Hct >= 1.343 & Chloride <= 0.000) -> FiO2 >= 0.000) | Hgb >= 0.000)
",-9999999.000,-9999999.000,0.000,0.000,1.000,0,0,0,18,18,0,0,18,0.0,0,0,0.0,0.0,1.0
"F[1,2](((Temp >= 7.370 | Hgb >= 0.067) -> Potassium <= 1.537) | O2Sat <= 7.559)
",-9999999.000,-9999999.000,0.000,0.000,1.000,0,0,0,18,18,0,0,18,0.0,0,0,0.0,0.0,1.0
"((SepsisLabel <= 0.000) U[1,2] (Resp <= 18.618))
",-9999999.000,-9999999.000,0.000,0.000,1.000,0,0,0,18,18,0,0,18,0.0,0,0,0.0,0.0,1.0
"((Creatinine <= 0.212) U[0,1] (PaCO2 <= 34.518))
",-9999999.000,-9999999.000,0.000,0.000,1.000,0,0,0,18,18,0,0,18,0.0,0,0,0.0,0.0,1.0
"F[1,1](Bilirubin_total >= 0.000 | Magnesium >= 0.005)
",0.000,0.000,0.000,0.000,1.000,0,0,0,18,18,0,0,18,0.0,0,0,0.0,0.0,1.0
"F[2,2](WBC >= 0.269 & SepsisLabel = 0.000)
",-4847809730511578.000,-0.269,0.000,0.000,1.000,0,0,0,18,18,0,0,18,0.0,0,0,0.0,0.0,1.0
"F[2,2](Chloride > 0.000 -> SepsisLabel = 0.000)
",0.000,0.000,0.000,0.000,1.000,0,0,0,18,18,0,0,18,0.0,0,0,0.0,0.0,1.0
"F[1,2](Glucose <= 71.396 -> SepsisLabel = 0.000)
",-9999999.000,-9999999.000,0.000,0.000,1.000,0,0,0,18,18,0,0,18,0.0,0,0,0.0,0.0,1.0
"F[0,1](Bilirubin_direct <= 0.000 -> SepsisLabel = 0.000)
",-9999999.000,-9999999.000,0.000,0.000,1.000,0,0,0,18,18,0,0,18,0.0,0,0,0.0,0.0,1.0
"((HCO3 <= 0.000) U[0,2] (SepsisLabel = 0.000))
",-9999999.000,-9999999.000,0.000,0.000,1.000,0,0,0,18,18,0,0,18,0.0,0,0,0.0,0.0,1.0
"F[1,1](pH >= 0.203 -> SepsisLabel = 0.000)
",0.000,0.000,0.000,0.000,1.000,0,0,0,18,18,0,0,18,0.0,0,0,0.0,0.0,1.0
"F[1,2](AST < 0.000 & SepsisLabel = 0.000)
",-9999999.000,-9999999.000,0.000,0.000,1.000,0,0,0,18,18,0,0,18,0.0,0,0,0.0,0.0,1.0
"F[0,2](Alkalinephos <= 0.000 & SepsisLabel = 0.000)
",-9999999.000,-9999999.000,0.000,0.000,1.000,0,0,0,18,18,0,0,18,0.0,0,0,0.0,0.0,1.0
"((Creatinine < 0.350) U[2,2] (SepsisLabel = 0.000))
",0.350,0.350,0.000,0.000,1.000,0,0,0,18,18,0,0,18,0.0,0,0,0.0,0.0,1.0
"((Bilirubin_total >= 0.000) U[0,2] (SepsisLabel = 0.000))
",-9999999.000,-9999999.000,0.000,0.000,1.000,0,0,0,18,18,0,0,18,0.0,0,0,0.0,0.0,1.0
"((Resp <= 20.075) U[1,2] (SepsisLabel = 0.000))
",-9999999.000,-9999999.000,0.000,0.000,1.000,0,0,0,18,18,0,0,18,0.0,0,0,0.0,0.0,1.0
"F[2,2](Resp <= 19.895 & SepsisLabel = 0.000)
",0.000,0.000,0.000,0.000,1.000,0,0,0,18,18,0,0,18,0.0,0,0,0.0,0.0,1.0
"F[2,2](DBP < 62.263 -> SepsisLabel = 0.000)
",-4381385610008135.000,-62.263,0.000,0.000,1.000,0,0,0,18,18,0,0,18,0.0,0,0,0.0,0.0,1.0
"((Temp >= 7.806) U[0,1] (SepsisLabel = 0.000))
",-9999999.000,-9999999.000,0.000,0.000,1.000,0,0,0,18,18,0,0,18,0.0,0,0,0.0,0.0,1.0
"((MAP < 86.143) U[0,1] (SepsisLabel = 0.000))
",-9999999.000,-9999999.000,0.000,0.000,1.000,0,0,0,18,18,0,0,18,0.0,0,0,0.0,0.0,1.0
"((TroponinI >= 0.000) U[0,1] (SepsisLabel = 0.000))
",-9999999.000,-9999999.000,0.000,0.000,1.000,0,0,0,18,18,0,0,18,0.0,0,0,0.0,0.0,1.0
"((PaCO2 >= 0.831) U[0,1] (SepsisLabel = 0.000))
",-9999999.000,-9999999.000,0.000,0.000,1.000,0,0,0,18,18,0,0,18,0.0,0,0,0.0,0.0,1.0
"((AST >= 0.000) U[0,2] (SepsisLabel = 0.000))
",-9999999.000,-9999999.000,0.000,0.000,1.000,0,0,0,18,18,0,0,18,0.0,0,0,0.0,0.0,1.0
"((Phosphate <= 0.307) U[0,1] (SepsisLabel = 0.000))
",-9999999.000,-9999999.000,0.000,0.000,1.000,0,0,0,18,18,0,0,18,0.0,0,0,0.0,0.0,1.0
"F[0,2]((Calcium <= 0.547 -> Platelets >= 1.454) & Alkalinephos <= 41.057)
",-9999999.000,-9999999.000,0.000,0.000,1.000,0,0,0,18,18,0,0,18,0.0,0,0,0.0,0.0,1.0
"F[1,2]((Hct <= 22.529 | Platelets >= 4.051) & SepsisLabel <= 157.753)
",-9999999.000,-9999999.000,0.000,0.000,1.000,0,0,0,18,18,0,0,18,0.0,0,0,0.0,0.0,1.0
"F[1,2](((Potassium <= 2.429 | SaO2 >= 1.378) -> Glucose >= 0.049) | Calcium <= 54.763)
",-9999999.000,-9999999.000,0.000,0.000,1.000,0,0,0,18,18,0,0,18,0.0,0,0,0.0,0.0,1.0
"F[1,2](((FiO2 <= 0.287 -> Potassium >= 0.217) | BaseExcess >= 0.145) | FiO2 >= 0.030)
",-9999999.000,-9999999.000,0.000,0.000,1.000,0,0,0,18,18,0,0,18,0.0,0,0,0.0,0.0,1.0
"F[0,1](((pH >= 0.145 | Potassium <= 2.770) | Alkalinephos >= 0.048) | Resp <= 3.601)
",-9999999.000,-9999999.000,0.000,0.000,1.000,0,0,0,18,18,0,0,18,0.0,0,0,0.0,0.0,1.0
"F[0,1]((O2Sat <= 95.586 -> Resp >= 11.619) | Phosphate <= 18.808)
",-9999999.000,-9999999.000,0.000,0.000,1.000,0,0,0,18,18,0,0,18,0.0,0,0,0.0,0.0,1.0
"F[0,2]((HR >= 25.316 | SBP >= 29.166) | TroponinI <= 165.753)
",-9999999.000,-9999999.000,0.000,0.000,1.000,0,0,0,18,18,0,0,18,0.0,0,0,0.0,0.0,1.0
"F[0,1]((HR >= 16.689 | O2Sat <= 95.248) | Hgb >= 0.004)
",-9999999.000,-9999999.000,0.000,0.000,1.000,0,0,0,18,18,0,0,18,0.0,0,0,0.0,0.0,1.0
"F[1,1](((DBP <= 65.252 & O2Sat >= 42.506) -> AST >= 33.701) | PaCO2 <= 95.060)
",95.060,95.060,0.000,0.000,1.000,0,0,0,18,18,0,0,18,0.0,0,0,0.0,0.0,1.0
"F[0,2](((MAP <= 90.109 & O2Sat <= 98.173) | PaCO2 <= 92.147) | Creatinine >= 76.184)
",-9999999.000,-9999999.000,0.000,0.000,1.000,0,0,0,18,18,0,0,18,0.0,0,0,0.0,0.0,1.0
"F[0,1]((Hct >= 2.049 | Potassium <= 3.756) -> Phosphate <= 3.222)
",-9999999.000,-9999999.000,0.000,0.000,1.000,0,0,0,18,18,0,0,18,0.0,0,0,0.0,0.0,1.0
"F[2,2]((pH >= 0.140 | SaO2 >= 2.187) -> Glucose <= 74.455)
",-5239329412624405.000,-74.455,0.000,0.000,1.000,0,0,0,18,18,0,0,18,0.0,0,0,0.0,0.0,1.0
"((BaseExcess <= -0.017) U[0,1] (FiO2 <= 0.252))
",-9999999.000,-9999999.000,0.000,0.000,1.000,0,0,0,18,18,0,0,18,0.0,0,0,0.0,0.0,1.0
"F[0,2](((BaseExcess >= -0.196 | SaO2 <= 37.690) | Phosphate >= 2.416) -> HCO3 <= 8.282)
",-9999999.000,-9999999.000,0.000,0.000,1.000,0,0,0,18,18,0,0,18,0.0,0,0,0.0,0.0,1.0
"F[1,2](Lactate >= 0.023 -> pH <= 1.098)
",-9999999.000,-9999999.000,0.000,0.000,1.000,0,0,0,18,18,0,0,18,0.0,0,0,0.0,0.0,1.0
"F[1,2](Creatinine >= 0.023 & Phosphate >= 0.082)
",-9999999.000,-9999999.000,0.000,0.000,1.000,0,0,0,18,18,0,0,18,0.0,0,0,0.0,0.0,1.0
"((pH < 2.698) U[2,2] (SepsisLabel = 0.000))
",2.698,2.698,0.000,0.000,1.000,0,0,0,18,18,0,0,18,0.0,0,0,0.0,0.0,1.0
"((Hgb >= 0.010) U[0,2] (SepsisLabel = 0.000))
",-9999999.000,-9999999.000,0.000,0.000,1.000,0,0,0,18,18,0,0,18,0.0,0,0,0.0,0.0,1.0
"((BaseExcess >= -0.316) U[0,1] (Hct <= 39.555))
",-9999999.000,-9999999.000,0.000,0.000,1.000,0,0,0,18,18,0,0,18,0.0,0,0,0.0,0.0,1.0
"F[0,2](((Calcium < 5.828 & Potassium < 2.055) & Magnesium < 2.888) & Phosphate < 0.458)
",-9999999.000,-9999999.000,0.000,0.000,1.000,0,0,0,18,18,0,0,18,0.0,0,0,0.0,0.0,1.0
"F[0,2]((Phosphate >= 0.041 & Magnesium > 0.042) -> Calcium < 6.766)
",-9999999.000,-9999999.000,0.000,0.000,1.000,0,0,0,18,18,0,0,18,0.0,0,0,0.0,0.0,1.0
"F[0,1](((Calcium < 4.083 & Potassium < 1.257) & Magnesium < 0.656) & Phosphate < 0.665)
",-9999999.000,-9999999.000,0.000,0.000,1.000,0,0,0,18,18,0,0,18,0.0,0,0,0.0,0.0,1.0
"F[1,2]((Calcium <= 6.434 & Potassium <= 0.650) & Magnesium >= 0.116)
",-9999999.000,-9999999.000,0.000,0.000,1.000,0,0,0,18,18,0,0,18,0.0,0,0,0.0,0.0,1.0
"F[0,1](Hgb <= 8.782 | Hct <= 22.632)
",-9999999.000,-9999999.000,0.000,0.000,1.000,0,0,0,18,18,0,0,18,0.0,0,0,0.0,0.0,1.0
"((MAP >= 71.859) U[2,2] (SBP <= 150.887))
",5308862352985543.000,150.887,0.000,0.000,1.000,0,0,0,18,18,0,0,18,0.0,0,0,0.0,0.0,1.0
"F[1,2]((Phosphate >= 0.039 & Magnesium > 0.040) -> Calcium < 1.392)
",-9999999.000,-9999999.000,0.000,0.000,1.000,0,0,0,18,18,0,0,18,0.0,0,0,0.0,0.0,1.0
"F[1,2](((Calcium < 2.950 & Potassium < 1.802) & Magnesium < 1.349) & Phosphate < 2.190)
",-9999999.000,-9999999.000,0.000,0.000,1.000,0,0,0,18,18,0,0,18,0.0,0,0,0.0,0.0,1.0
"F[0,2]((Phosphate >= 0.055 & Magnesium > 0.132) -> Calcium < 1.035)
",-9999999.000,-9999999.000,0.000,0.000,1.000,0,0,0,18,18,0,0,18,0.0,0,0,0.0,0.0,1.0
"F[0,1](((Calcium < 1.872 & Potassium < 2.936) & Magnesium < 2.901) & Phosphate < 1.111)
",-9999999.000,-9999999.000,0.000,0.000,1.000,0,0,0,18,18,0,0,18,0.0,0,0,0.0,0.0,1.0
"F[2,2](Hgb <= 14.331 | Hct <= 8.325)
",8067442364631212.000,14.331,0.000,0.000,1.000,0,0,0,18,18,0,0,18,0.0,0,0,0.0,0.0,1.0
"F[2,2]((Phosphate >= 0.049 & Magnesium > 0.265) -> Calcium < 4.621)
",-4.621,-4.621,0.000,0.000,1.000,0,0,0,18,18,0,0,18,0.0,0,0,0.0,0.0,1.0
"F[2,2](Hgb <= 10.195 | Hct <= 41.255)
",5806179876967628.000,41.255,0.000,0.000,1.000,0,0,0,18,18,0,0,18,0.0,0,0,0.0,0.0,1.0
"((MAP >= 11.435) U[2,2] (SBP <= 164.943))
",5803410288668933.000,164.943,0.000,0.000,1.000,0,0,0,18,18,0,0,18,0.0,0,0,0.0,0.0,1.0
"F[0,1]((Phosphate >= 0.059 & Magnesium > 0.115) -> Calcium < 1.693)
",-9999999.000,-9999999.000,0.000,0.000,1.000,0,0,0,18,18,0,0,18,0.0,0,0,0.0,0.0,1.0
"F[1,1](((Calcium < 5.865 & Potassium < 1.828) & Magnesium < 1.722) & Phosphate < 2.374)
",1.722,1.722,0.000,0.000,1.000,0,0,0,18,18,0,0,18,0.0,0,0,0.0,0.0,1.0
"F[0,1](Hgb <= 11.833 | Hct <= 11.189)
",-9999999.000,-9999999.000,0.000,0.000,1.000,0,0,0,18,18,0,0,18,0.0,0,0,0.0,0.0,1.0
"F[0,1]((Phosphate >= 0.012 & Magnesium > 0.191) -> Calcium < 3.017)
",-9999999.000,-9999999.000,0.000,0.000,1.000,0,0,0,18,18,0,0,18,0.0,0,0,0.0,0.0,1.0
"((AST <= 0.000) U[0,2] (SepsisLabel = 0.000))
",-9999999.000,-9999999.000,0.000,0.000,1.000,0,0,0,18,18,0,0,18,0.0,0,0,0.0,0.0,1.0
"((MAP >= 72.470) U[0,2] (SBP <= 145.997))
",-9999999.000,-9999999.000,0.000,0.000,1.000,0,0,0,18,18,0,0,18,0.0,0,0,0.0,0.0,1.0
"((HCO3 > 0.000) U[0,2] (SepsisLabel = 0.000))
",-9999999.000,-9999999.000,0.000,0.000,1.000,0,0,0,18,18,0,0,18,0.0,0,0,0.0,0.0,1.0
"F[0,1](Alkalinephos <= 0.000 & SepsisLabel = 0.000)
",-9999999.000,-9999999.000,0.000,0.000,1.000,0,0,0,18,18,0,0,18,0.0,0,0,0.0,0.0,1.0
"((Calcium < 0.410) U[0,1] (SepsisLabel = 0.000))
",-9999999.000,-9999999.000,0.000,0.000,1.000,0,0,0,18,18,0,0,18,0.0,0,0,0.0,0.0,1.0
"((MAP >= 56.912) U[0,1] (SBP <= 154.855))
",-9999999.000,-9999999.000,0.000,0.000,1.000,0,0,0,18,18,0,0,18,0.0,0,0,0.0,0.0,1.0
"F[1,2]((Phosphate >= 0.084 & Magnesium > 0.143) -> Calcium < 2.118)
",-9999999.000,-9999999.000,0.000,0.000,1.000,0,0,0,18,18,0,0,18,0.0,0,0,0.0,0.0,1.0
"F[0,1](((Calcium < 1.216 & Potassium < 2.721) & Magnesium < 3.952) & Phosphate < 1.263)
",-9999999.000,-9999999.000,0.000,0.000,1.000,0,0,0,18,18,0,0,18,0.0,0,0,0.0,0.0,1.0
"F[0,1](Hgb <= 7.542 | Hct <= 26.950)
",-9999999.000,-9999999.000,0.000,0.000,1.000,0,0,0,18,18,0,0,18,0.0,0,0,0.0,0.0,1.0
"F[0,1](((Calcium < 4.621 & Potassium < 1.744) & Magnesium < 2.194) & Phosphate < 1.735)
",-9999999.000,-9999999.000,0.000,0.000,1.000,0,0,0,18,18,0,0,18,0.0,0,0,0.0,0.0,1.0
"F[0,1](Hgb <= 3.880 | Hct <= 21.393)
",-9999999.000,-9999999.000,0.000,0.000,1.000,0,0,0,18,18,0,0,18,0.0,0,0,0.0,0.0,1.0
"F[0,2]((Phosphate >= 0.047 & Magnesium > 0.168) -> Calcium < 0.824)
",-9999999.000,-9999999.000,0.000,0.000,1.000,0,0,0,18,18,0,0,18,0.0,0,0,0.0,0.0,1.0
"F[2,2](((Calcium < 1.998 & Potassium < 3.630) & Magnesium < 3.743) & Phosphate < 1.833)
",1.833,1.833,0.000,0.000,1.000,0,0,0,18,18,0,0,18,0.0,0,0,0.0,0.0,1.0
"F[1,1](Hgb <= 4.309 | Hct <= 17.213)
",17.213,17.213,0.000,0.000,1.000,0,0,0,18,18,0,0,18,0.0,0,0,0.0,0.0,1.0
"F[0,2]((Phosphate >= 0.029 & Magnesium > 0.041) -> Calcium < 0.924)
",-9999999.000,-9999999.000,0.000,0.000,1.000,0,0,0,18,18,0,0,18,0.0,0,0,0.0,0.0,1.0
"F[0,1](((Calcium < 0.637 & Potassium < 1.376) & Magnesium < 0.802) & Phosphate < 1.999)
",-9999999.000,-9999999.000,0.000,0.000,1.000,0,0,0,18,18,0,0,18,0.0,0,0,0.0,0.0,1.0
"F[1,2](Hgb <= 4.805 | Hct <= 35.787)
",-9999999.000,-9999999.000,0.000,0.000,1.000,0,0,0,18,18,0,0,18,0.0,0,0,0.0,0.0,1.0
"F[0,1]((Hct <= 12.991 & WBC >= 0.269) | HR >= 0.158)
",-9999999.000,-9999999.000,0.000,0.000,1.000,0,0,0,18,18,0,0,18,0.0,0,0,0.0,0.0,1.0
"F[2,2](((BUN <= 3.560 & Magnesium >= 0.207) & Hgb >= 0.272) -> Temp <= 3.892)
",-8765069433625922.000,-3.892,0.000,0.000,1.000,0,0,0,18,18,0,0,18,0.0,0,0,0.0,0.0,1.0
"F[1,2](((Resp >= 8.629 | Hct <= 37.063) -> TroponinI >= 0.150) | Glucose >= 1.646)
",-9999999.000,-9999999.000,0.000,0.000,1.000,0,0,0,18,18,0,0,18,0.0,0,0,0.0,0.0,1.0
"F[0,0]((Hgb <= 11.290 & SBP >= 45.121) -> MAP <= 129.473)
",-0.094,-3.001,0.000,0.000,1.000,0,0,0,18,18,0,0,18,0.0,0,0,0.0,0.0,1.0
"F[0,2](BUN <= 0.306 & SaO2 <= 90.796)
",-9999999.000,-9999999.000,0.000,0.000,1.000,0,0,0,18,18,0,0,18,0.0,0,0,0.0,0.0,1.0
"((Creatinine <= 0.508) U[0,1] (SaO2 <= 50.702))
",-9999999.000,-9999999.000,0.000,0.000,1.000,0,0,0,18,18,0,0,18,0.0,0,0,0.0,0.0,1.0
"F[1,2]((Calcium <= 6.277 & Potassium <= 1.840) & Magnesium >= 0.075)
",-9999999.000,-9999999.000,0.000,0.000,1.000,0,0,0,18,18,0,0,18,0.0,0,0,0.0,0.0,1.0
"F[1,2](((BaseExcess >= -1.011 -> BUN >= 0.068) & WBC >= 0.024) | MAP >= 0.132)
",-9999999.000,-9999999.000,0.000,0.000,1.000,0,0,0,18,18,0,0,18,0.0,0,0,0.0,0.0,1.0
"F[0,2](PaCO2 <= 21.668 -> WBC <= 5.087)
",-9999999.000,-9999999.000,0.000,0.000,1.000,0,0,0,18,18,0,0,18,0.0,0,0,0.0,0.0,1.0
"F[0,2](PaCO2 <= 7.727 -> Platelets <= 144.549)
",-9999999.000,-9999999.000,0.000,0.000,1.000,0,0,0,18,18,0,0,18,0.0,0,0,0.0,0.0,1.0
"((Creatinine >= 0.001) U[0,1] (FiO2 <= 0.291))
",-9999999.000,-9999999.000,0.000,0.000,1.000,0,0,0,18,18,0,0,18,0.0,0,0,0.0,0.0,1.0
"F[0,1](PaCO2 <= 5.793 | Phosphate <= 1.526)
",-9999999.000,-9999999.000,0.000,0.000,1.000,0,0,0,18,18,0,0,18,0.0,0,0,0.0,0.0,1.0
"F[2,2](((Calcium <= 0.951 & PaCO2 <= 19.490) -> Glucose >= 0.402) -> Hgb >= 0.157)
",0.157,0.157,0.000,0.000,1.000,0,0,0,18,18,0,0,18,0.0,0,0,0.0,0.0,1.0
"F[1,1]((Hgb <= 5.927 -> Lactate <= 0.347) & Phosphate <= 0.634)
",-6673682320517428.000,-5.927,0.000,0.000,1.000,0,0,0,18,18,0,0,18,0.0,0,0,0.0,0.0,1.0
"F[0,1](((MAP <= 103.172 & Platelets >= 1.225) -> Fibrinogen <= 104.823) | pH <= 37.798)
",-9999999.000,-9999999.000,0.000,0.000,1.000,0,0,0,18,18,0,0,18,0.0,0,0,0.0,0.0,1.0
"F[1,2](MAP <= 86.155 -> Phosphate >= 0.038)
",-9999999.000,-9999999.000,0.000,0.000,1.000,0,0,0,18,18,0,0,18,0.0,0,0,0.0,0.0,1.0
"F[0,1](((Calcium <= 1.935 | MAP >= 78.742) | Calcium <= 101.071) -> EtCO2 <= 92.900)
",-9999999.000,-9999999.000,0.000,0.000,1.000,0,0,0,18,18,0,0,18,0.0,0,0,0.0,0.0,1.0
"F[0,2]((Magnesium >= 0.179 -> PaCO2 <= 36.594) & Temp <= 8.919)
",-9999999.000,-9999999.000,0.000,0.000,1.000,0,0,0,18,18,0,0,18,0.0,0,0,0.0,0.0,1.0
"F[1,1](((Creatinine <= 0.289 & O2Sat <= 96.366) | HCO3 <= 95.161) -> Fibrinogen <= 90.443)
",-6696336771298804.000,-95.161,0.000,0.000,1.000,0,0,0,18,18,0,0,18,0.0,0,0,0.0,0.0,1.0
"((SaO2 >= 1.302) U[1,2] (WBC >= 0.180))
",-9999999.000,-9999999.000,0.000,0.000,1.000,0,0,0,18,18,0,0,18,0.0,0,0,0.0,0.0,1.0
"((SBP <= 129.962) U[0,2] (WBC >= 0.009))
",-9999999.000,-9999999.000,0.000,0.000,1.000,0,0,0,18,18,0,0,18,0.0,0,0,0.0,0.0,1.0
"F[0,2]((HR <= 76.004 -> Magnesium <= 1.849) & Bilirubin_direct <= 0.749)
",-9999999.000,-9999999.000,0.000,0.000,1.000,0,0,0,18,18,0,0,18,0.0,0,0,0.0,0.0,1.0
"F[0,2]((Platelets >= 3.176 | SBP <= 131.886) & HCO3 >= 122.296)
",-9999999.000,-9999999.000,0.000,0.000,1.000,0,0,0,18,18,0,0,18,0.0,0,0,0.0,0.0,1.0
"F[0,2](((WBC <= 5.841 | SaO2 >= 0.949) & Bilirubin_total <= 17.070) | EtCO2 >= 1.683)
",-9999999.000,-9999999.000,0.000,0.000,1.000,0,0,0,18,18,0,0,18,0.0,0,0,0.0,0.0,1.0
"F[0,2]((Bilirubin_total <= 0.000 & Fibrinogen >= 0.000) | Hgb <= 0.000)
",-9999999.000,-9999999.000,0.000,0.000,1.000,0,0,0,18,18,0,0,18,0.0,0,0,0.0,0.0,1.0
"F[0,2](Bilirubin_direct <= 0.000 -> WBC <= 8.418)
",-9999999.000,-9999999.000,0.000,0.000,1.000,0,0,0,18,18,0,0,18,0.0,0,0,0.0,0.0,1.0
"F[1,2](((Potassium <= 1.156 | PaCO2 <= 4.106) & Creatinine <= 44.727) -> Bilirubin_direct <= 18.597)
",-9999999.000,-9999999.000,0.000,0.000,1.000,0,0,0,18,18,0,0,18,0.0,0,0,0.0,0.0,1.0
"F[1,2](Platelets <= 71.222 | SBP <= 153.204)
",-9999999.000,-9999999.000,0.000,0.000,1.000,0,0,0,18,18,0,0,18,0.0,0,0,0.0,0.0,1.0
"((Temp >= 3.987) U[0,2] (Temp >= 2.276))
",-9999999.000,-9999999.000,0.000,0.000,1.000,0,0,0,18,18,0,0,18,0.0,0,0,0.0,0.0,1.0
"F[2,2](((pH >= 0.002 -> Hgb <= 2.828) & pH <= 13.157) & MAP >= 0.047)
",-6367517653591348.000,-2.828,0.000,0.000,1.000,0,0,0,18,18,0,0,18,0.0,0,0,0.0,0.0,1.0
"F[2,2]((Temp <= 35.570 -> Magnesium >= 0.236) | HCO3 <= 0.892)
",8036364173955038.000,0.892,0.000,0.000,1.000,0,0,0,18,18,0,0,18,0.0,0,0,0.0,0.0,1.0
"F[0,1]((AST <= 0.000 & MAP >= 75.895) & Resp <= 102.845)
",-9999999.000,-9999999.000,0.000,0.000,1.000,0,0,0,18,18,0,0,18,0.0,0,0,0.0,0.0,1.0
"F[1,2](((SepsisLabel <= 0.000 | Bilirubin_total >= 0.000) & Glucose >= 0.000) & O2Sat >= 0.000)
",-9999999.000,-9999999.000,0.000,0.000,1.000,0,0,0,18,18,0,0,18,0.0,0,0,0.0,0.0,1.0
"F[0,1](((Hct >= 0.067 -> AST >= 0.000) | Platelets >= 0.000) & Magnesium <= 0.000)
",-9999999.000,-9999999.000,0.000,0.000,1.000,0,0,0,18,18,0,0,18,0.0,0,0,0.0,0.0,1.0
"F[1,2]((Bilirubin_total <= 0.000 & HCO3 <= 0.000) -> Resp <= 0.000)
",-9999999.000,-9999999.000,0.000,0.000,1.000,0,0,0,18,18,0,0,18,0.0,0,0,0.0,0.0,1.0
"F[1,2](((EtCO2 >= 0.000 -> HR >= 10.466) | AST >= 49.740) -> Creatinine >= 61.469)
",-9999999.000,-9999999.000,0.000,0.000,1.000,0,0,0,18,18,0,0,18,0.0,0,0,0.0,0.0,1.0
"F[2,2]((HR <= 77.607 | Platelets <= 83.215) & Calcium >= 2.829)
",-2.829,-2.829,0.000,0.000,1.000,0,0,0,18,18,0,0,18,0.0,0,0,0.0,0.0,1.0
"F[0,2](((Creatinine >= 0.018 -> Resp >= 14.754) & SBP >= 11.671) -> BUN <= 16.938)
",-9999999.000,-9999999.000,0.000,0.000,1.000,0,0,0,18,18,0,0,18,0.0,0,0,0.0,0.0,1.0
"((O2Sat >= 79.903) U[1,2] (Phosphate >= 0.011))
",-9999999.000,-9999999.000,0.000,0.000,1.000,0,0,0,18,18,0,0,18,0.0,0,0,0.0,0.0,1.0
"F[0,2]((Glucose <= 31.575 & HR >= 28.152) & Bilirubin_total <= 74.632)
",-9999999.000,-9999999.000,0.000,0.000,1.000,0,0,0,18,18,0,0,18,0.0,0,0,0.0,0.0,1.0
"F[1,1](((Calcium >= 0.061 -> Magnesium <= 1.711) -> pH >= 0.109) -> PaCO2 >= 0.158)
",-0.109,-0.109,0.000,0.000,1.000,0,0,0,18,18,0,0,18,0.0,0,0,0.0,0.0,1.0
"F[0,2](((Potassium >= 0.110 -> Resp >= 5.137) -> Temp <= 19.162) -> Glucose >= 6.678)
",-9999999.000,-9999999.000,0.000,0.000,1.000,0,0,0,18,18,0,0,18,0.0,0,0,0.0,0.0,1.0
"((Magnesium >= 0.103) U[0,2] (Potassium <= 0.295))
",-9999999.000,-9999999.000,0.000,0.000,1.000,0,0,0,18,18,0,0,18,0.0,0,0,0.0,0.0,1.0
"((Hct <= 42.384) U[2,2] (Magnesium >= 0.064))
",42.384,42.384,0.000,0.000,1.000,0,0,0,18,18,0,0,18,0.0,0,0,0.0,0.0,1.0
"F[0,2](((PaCO2 <= 17.601 & Resp <= 20.857) & Hct >= 7.517) & Temp >= 2.520)
",-9999999.000,-9999999.000,0.000,0.000,1.000,0,0,0,18,18,0,0,18,0.0,0,0,0.0,0.0,1.0
"((Lactate >= 0.027) U[2,2] (Resp >= 3.145))
",-7639770887522372.000,-0.027,0.000,0.000,1.000,0,0,0,18,18,0,0,18,0.0,0,0,0.0,0.0,1.0
"F[0,0]((FiO2 >= 0.008 | Resp <= 21.439) | Hgb >= 14.311)
",0.241,1.183,0.000,0.000,1.000,0,0,0,18,18,0,0,18,0.0,0,0,0.0,0.0,1.0
"F[0,2](((PaCO2 >= 1.020 & SBP <= 138.604) -> SepsisLabel >= 96.577) & SaO2 >= 15.462)
",-9999999.000,-9999999.000,0.000,0.000,1.000,0,0,0,18,18,0,0,18,0.0,0,0,0.0,0.0,1.0
"((SaO2 <= 31.787) U[2,2] (SBP >= 38.495))
",8947152060770827.000,31.787,0.000,0.000,1.000,0,0,0,18,18,0,0,18,0.0,0,0,0.0,0.0,1.0
"F[1,2]((HR >= 5.804 & pH <= 5.334) -> AST >= 0.071)
",-9999999.000,-9999999.000,0.000,0.000,1.000,0,0,0,18,18,0,0,18,0.0,0,0,0.0,0.0,1.0
"F[2,2](((BaseExcess <= -0.015 | MAP <= 89.819) -> Magnesium <= 88.536) | Resp <= 94.754)
",94.754,94.754,0.000,0.000,1.000,0,0,0,18,18,0,0,18,0.0,0,0,0.0,0.0,1.0
"F[2,2](((MAP >= 49.122 | PaCO2 >= 0.384) -> Resp >= 0.947) | EtCO2 <= 44.704)
",6291515772624884.000,44.704,0.000,0.000,1.000,0,0,0,18,18,0,0,18,0.0,0,0,0.0,0.0,1.0
"F[0,2](MAP >= 46.795 | SaO2 >= 0.799)
",-9999999.000,-9999999.000,0.000,0.000,1.000,0,0,0,18,18,0,0,18,0.0,0,0,0.0,0.0,1.0
"F[0,1]((MAP <= 83.982 | pH <= 3.209) -> Bilirubin_direct <= 0.276)
",-9999999.000,-9999999.000,0.000,0.000,1.000,0,0,0,18,18,0,0,18,0.0,0,0,0.0,0.0,1.0
"F[1,1](BaseExcess >= -0.471 | O2Sat <= 94.643)
",94.643,94.643,0.000,0.000,1.000,0,0,0,18,18,0,0,18,0.0,0,0,0.0,0.0,1.0
"F[0,2](((O2Sat >= 3.625 -> pH >= 0.034) -> SBP <= 2.592) & AST >= 0.020)
",-9999999.000,-9999999.000,0.000,0.000,1.000,0,0,0,18,18,0,0,18,0.0,0,0,0.0,0.0,1.0
"F[0,2](((Magnesium >= 0.136 -> Phosphate <= 2.688) -> SaO2 <= 0.689) | HR >= 0.079)
",-9999999.000,-9999999.000,0.000,0.000,1.000,0,0,0,18,18,0,0,18,0.0,0,0,0.0,0.0,1.0
"F[0,1](((O2Sat <= 94.019 -> Potassium >= 0.081) -> SaO2 >= 0.002) | Hct <= 3.639)
",-9999999.000,-9999999.000,0.000,0.000,1.000,0,0,0,18,18,0,0,18,0.0,0,0,0.0,0.0,1.0
"F[1,2](((Hct <= 18.584 | Resp >= 4.957) & Phosphate >= 9.827) | Magnesium <= 16.197)
",-9999999.000,-9999999.000,0.000,0.000,1.000,0,0,0,18,18,0,0,18,0.0,0,0,0.0,0.0,1.0
"F[2,2](((Glucose >= 7.746 | SaO2 >= 2.673) | Platelets <= 49.273) | O2Sat >= 0.306)
",6934584703275900.000,49.273,0.000,0.000,1.000,0,0,0,18,18,0,0,18,0.0,0,0,0.0,0.0,1.0
"F[1,2](DBP >= 22.143 & Hct <= 4.567)
",-9999999.000,-9999999.000,0.000,0.000,1.000,0,0,0,18,18,0,0,18,0.0,0,0,0.0,0.0,1.0
"F[1,2]((FiO2 >= 0.010 -> Glucose >= 7.607) | FiO2 >= 10.569)
",-9999999.000,-9999999.000,0.000,0.000,1.000,0,0,0,18,18,0,0,18,0.0,0,0,0.0,0.0,1.0
"F[0,2](((pH >= 0.121 | Temp >= 5.010) & HR <= 20.573) -> Resp <= 22.432)
",-9999999.000,-9999999.000,0.000,0.000,1.000,0,0,0,18,18,0,0,18,0.0,0,0,0.0,0.0,1.0
"F[0,1](((SaO2 >= 1.919 & Temp <= 15.511) & Fibrinogen <= 23.811) -> SBP <= 10.448)
",-9999999.000,-9999999.000,0.000,0.000,1.000,0,0,0,18,18,0,0,18,0.0,0,0,0.0,0.0,1.0
"F[0,0](Lactate >= 0.006 | Temp <= 24.139)
",0.482,19.446,0.000,0.000,1.000,0,0,0,18,18,0,0,18,0.0,0,0,0.0,0.0,1.0
"F[0,2]((FiO2 <= 0.277 | Temp >= 4.065) | WBC <= 23.978)
",-9999999.000,-9999999.000,0.000,0.000,1.000,0,0,0,18,18,0,0,18,0.0,0,0,0.0,0.0,1.0
"F[0,2](((Hct <= 18.152 | Temp <= 24.990) | Resp <= 25.601) -> EtCO2 >= 7.382)
",-9999999.000,-9999999.000,0.000,0.000,1.000,0,0,0,18,18,0,0,18,0.0,0,0,0.0,0.0,1.0
"F[1,2](Magnesium <= 2.018 -> Temp >= 6.805)
",-9999999.000,-9999999.000,0.000,0.000,1.000,0,0,0,18,18,0,0,18,0.0,0,0,0.0,0.0,1.0
"F[0,2](O2Sat >= 16.223 & Temp >= 6.586)
",-9999999.000,-9999999.000,0.000,0.000,1.000,0,0,0,18,18,0,0,18,0.0,0,0,0.0,0.0,1.0
"F[2,2](Glucose >= 3.694 -> SBP <= 163.026)
",-5735981525296485.000,-163.026,0.000,0.000,1.000,0,0,0,18,18,0,0,18,0.0,0,0,0.0,0.0,1.0
"F[0,1](((Glucose <= 61.948 | Potassium >= 0.152) | SaO2 <= 2.671) | HR >= 0.135)
",-9999999.000,-9999999.000,0.000,0.000,1.000,0,0,0,18,18,0,0,18,0.0,0,0,0.0,0.0,1.0
"((Glucose >= 1.958) U[1,2] (Hct >= 1.654))
",-9999999.000,-9999999.000,0.000,0.000,1.000,0,0,0,18,18,0,0,18,0.0,0,0,0.0,0.0,1.0
"F[1,2](((DBP >= 39.973 -> Temp <= 11.233) & Phosphate <= 28.539) & Calcium <= 17.048)
",-9999999.000,-9999999.000,0.000,0.000,1.000,0,0,0,18,18,0,0,18,0.0,0,0,0.0,0.0,1.0
"((Glucose <= 51.123) U[0,1] (Platelets <= 28.762))
",-9999999.000,-9999999.000,0.000,0.000,1.000,0,0,0,18,18,0,0,18,0.0,0,0,0.0,0.0,1.0
"F[0,2](((Glucose <= 49.434 | WBC >= 0.058) & TroponinI >= 0.136) & Alkalinephos >= 0.118)
",-9999999.000,-9999999.000,0.000,0.000,1.000,0,0,0,18,18,0,0,18,0.0,0,0,0.0,0.0,1.0
"F[0,2](((Creatinine >= 0.017 | Glucose <= 73.017) -> Alkalinephos <= 103.050) & Calcium >= 9.366)
",-9999999.000,-9999999.000,0.000,0.000,1.000,0,0,0,18,18,0,0,18,0.0,0,0,0.0,0.0,1.0
"((pH <= 0.294) U[0,1] (PaCO2 <= 43.919))
",-9999999.000,-9999999.000,0.000,0.000,1.000,0,0,0,18,18,0,0,18,0.0,0,0,0.0,0.0,1.0
