Rule,Discrimination Score,Pos Robustness,Neg Robustness,Percent Class +,Percent Class -,TP,TN,FP,FN,Actual Yes,Actual No,Predicted Yes,Predicted No,TPR/Sens,TNR/Spec,FPR,Precision,Accuracy,MCR
"G[0,1](((BUN <= 2.224 | Bilirubin_direct >= 0.000) | pH <= 0.000) -> Glucose >= 0.000)
",9999999.000,9999999.000,0.000,1.000,0.000,8,0,0,0,8,0,8,0,1.0,0.0,0.0,1.0,1.0,0.0
"G[0,0](Fibrinogen <= 0.000 -> SepsisLabel = 0.000)
",0.000,0.000,0.000,1.000,0.000,8,0,0,0,8,0,8,0,1.0,0.0,0.0,1.0,1.0,0.0
"G[1,1](BUN <= 12.376 -> WBC <= 0.926)
",-12.376,-12.376,0.000,1.000,0.000,8,0,0,0,8,0,8,0,1.0,0.0,0.0,1.0,1.0,0.0
"G[0,0](((SepsisLabel <= 0.000 | Hct >= 0.968) & Calcium >= 0.770) -> Bilirubin_total >= 0.578)
",0.578,0.578,0.000,1.000,0.000,8,0,0,0,8,0,8,0,1.0,0.0,0.0,1.0,1.0,0.0
"G[0,1]((SepsisLabel <= 0.000 | SepsisLabel >= 0.000) | Glucose <= 0.000)
",9999999.000,9999999.000,0.000,1.000,0.000,8,0,0,0,8,0,8,0,1.0,0.0,0.0,1.0,1.0,0.0
"G[1,1]((Calcium >= 0.000 & Chloride <= 92.436) -> SaO2 <= 60.012)
",-60.012,-60.012,0.000,1.000,0.000,8,0,0,0,8,0,8,0,1.0,0.0,0.0,1.0,1.0,0.0
"G[1,1]((Calcium >= 0.000 & Calcium <= 0.000) -> PTT >= 0.000)
",0.000,0.000,0.000,1.000,0.000,8,0,0,0,8,0,8,0,1.0,0.0,0.0,1.0,1.0,0.0
"G[0,1](Fibrinogen >= 0.000 & EtCO2 <= 0.000)
",9999999.000,9999999.000,0.000,1.000,0.000,8,0,0,0,8,0,8,0,1.0,0.0,0.0,1.0,1.0,0.0
"G[0,1]((SaO2 >= 0.000 | PTT <= 4.751) & AST <= 6.245)
",9999999.000,9999999.000,0.000,1.000,0.000,8,0,0,0,8,0,8,0,1.0,0.0,0.0,1.0,1.0,0.0
"G[0,1](((DBP >= 11.846 -> MAP >= 33.694) -> BUN >= 69.664) -> SepsisLabel <= 102.395)
",9999999.000,9999999.000,0.000,1.000,0.000,8,0,0,0,8,0,8,0,1.0,0.0,0.0,1.0,1.0,0.0
"G[0,1]((Phosphate >= 0.001 & Hgb >= 0.479) | Lactate <= 4.727)
",9999999.000,9999999.000,0.000,1.000,0.000,8,0,0,0,8,0,8,0,1.0,0.0,0.0,1.0,1.0,0.0
"G[0,0](DBP < 79.397 -> SepsisLabel = 0.000)
",-0.384,-10.058,0.000,1.000,0.000,8,0,0,0,8,0,8,0,1.0,0.0,0.0,1.0,1.0,0.0
"G[0,1](((Alkalinephos <= 0.000 | PTT >= 1.078) & BUN <= 25.187) | Magnesium >= 0.098)
",9999999.000,9999999.000,0.000,1.000,0.000,8,0,0,0,8,0,8,0,1.0,0.0,0.0,1.0,1.0,0.0
"G[0,0](((Bilirubin_total >= 0.000 & TroponinI <= 0.000) -> DBP <= 0.000) | PaCO2 >= 0.000)
",0.378,0.926,0.000,1.000,0.000,8,0,0,0,8,0,8,0,1.0,0.0,0.0,1.0,1.0,0.0
"G[0,1](Fibrinogen >= 0.000 & Bilirubin_direct <= 0.000)
",9999999.000,9999999.000,0.000,1.000,0.000,8,0,0,0,8,0,8,0,1.0,0.0,0.0,1.0,1.0,0.0
"G[0,1](EtCO2 <= 0.000 | HR <= 89.847)
",9999999.000,9999999.000,0.000,1.000,0.000,8,0,0,0,8,0,8,0,1.0,0.0,0.0,1.0,1.0,0.0
"G[0,0]((SaO2 <= 0.000 & Hct <= 12.265) & EtCO2 <= 4.992)
",-0.974,-9.131,0.000,1.000,0.000,8,0,0,0,8,0,8,0,1.0,0.0,0.0,1.0,1.0,0.0
"G[1,1]((BaseExcess >= -1.660 & Hgb <= 8.875) -> Calcium <= 7.081)
",-7.081,-7.081,0.000,1.000,0.000,8,0,0,0,8,0,8,0,1.0,0.0,0.0,1.0,1.0,0.0
"G[0,0](BaseExcess > -0.424 -> SepsisLabel = 0.000)
",-0.424,-0.424,0.000,1.000,0.000,8,0,0,0,8,0,8,0,1.0,0.0,0.0,1.0,1.0,0.0
"G[0,0](Fibrinogen >= 0.000 & SepsisLabel = 0.000)
",0.000,0.000,0.000,1.000,0.000,8,0,0,0,8,0,8,0,1.0,0.0,0.0,1.0,1.0,0.0
"G[1,1](((DBP <= 70.086 & Temp >= 6.493) & BUN >= 3.205) -> SaO2 <= 21.098)
",-21.098,-21.098,0.000,1.000,0.000,8,0,0,0,8,0,8,0,1.0,0.0,0.0,1.0,1.0,0.0
"G[0,0](Bilirubin_total >= 0.000 & SepsisLabel = 0.000)
",0.000,0.000,0.000,1.000,0.000,8,0,0,0,8,0,8,0,1.0,0.0,0.0,1.0,1.0,0.0
"G[0,1](SaO2 < 0.000 -> SepsisLabel = 0.000)
",9999999.000,9999999.000,0.000,1.000,0.000,8,0,0,0,8,0,8,0,1.0,0.0,0.0,1.0,1.0,0.0
"G[0,0]((BUN >= 0.713 | Glucose <= 117.505) | DBP >= 1.133)
",117.505,117.505,0.000,1.000,0.000,8,0,0,0,8,0,8,0,1.0,0.0,0.0,1.0,1.0,0.0
"G[0,0](((Fibrinogen <= 0.000 & AST >= 0.000) -> Hct >= 0.000) | EtCO2 >= 0.000)
",2.503,10.125,0.000,1.000,0.000,8,0,0,0,8,0,8,0,1.0,0.0,0.0,1.0,1.0,0.0
"G[1,1](WBC >= 0.322 -> Resp >= 1.643)
",0.322,0.322,0.000,1.000,0.000,8,0,0,0,8,0,8,0,1.0,0.0,0.0,1.0,1.0,0.0
"G[0,0](((Calcium <= 0.000 | Bilirubin_total <= 0.000) -> Hct >= 0.000) -> Potassium >= 0.000)
",0.000,0.000,0.000,1.000,0.000,8,0,0,0,8,0,8,0,1.0,0.0,0.0,1.0,1.0,0.0
"G[0,0](((HR >= 64.936 -> SBP >= 13.637) & MAP <= 112.396) | Alkalinephos >= 62.957)
",-62.957,-62.957,0.000,1.000,0.000,8,0,0,0,8,0,8,0,1.0,0.0,0.0,1.0,1.0,0.0
"G[0,1](((BUN >= 0.861 & PaCO2 >= 0.548) & Hgb <= 30.221) -> Temp >= 1.762)
",9999999.000,9999999.000,0.000,1.000,0.000,8,0,0,0,8,0,8,0,1.0,0.0,0.0,1.0,1.0,0.0
"G[0,0](((Temp <= 10.056 -> BaseExcess >= -0.912) | MAP >= -1.709) -> Magnesium >= -0.574)
",-2.618,-108.334,0.000,1.000,0.000,8,0,0,0,8,0,8,0,1.0,0.0,0.0,1.0,1.0,0.0
"G[0,1](((Hgb >= 0.051 -> PTT <= 21.213) -> Hgb <= 13.765) | AST <= 16.067)
",9999999.000,9999999.000,0.000,1.000,0.000,8,0,0,0,8,0,8,0,1.0,0.0,0.0,1.0,1.0,0.0
"G[1,1](DBP >= 38.414 | Lactate <= 0.000)
",0.000,0.000,0.000,1.000,0.000,8,0,0,0,8,0,8,0,1.0,0.0,0.0,1.0,1.0,0.0
"G[1,1](Platelets <= 64.974 | SaO2 >= 0.000)
",64.974,64.974,0.000,1.000,0.000,8,0,0,0,8,0,8,0,1.0,0.0,0.0,1.0,1.0,0.0
"G[0,0](((SepsisLabel >= 0.000 | BaseExcess >= -0.228) & Bilirubin_total <= -0.102) -> Chloride <= -0.121)
",0.102,0.102,0.000,1.000,0.000,8,0,0,0,8,0,8,0,1.0,0.0,0.0,1.0,1.0,0.0
"G[0,0]((Bilirubin_total <= 0.000 -> Creatinine >= 0.053) | AST <= 0.579)
",0.579,0.579,0.000,1.000,0.000,8,0,0,0,8,0,8,0,1.0,0.0,0.0,1.0,1.0,0.0
"G[0,0](((pH <= 2.151 -> WBC <= 4.524) | Alkalinephos <= 1.927) | SaO2 >= 0.164)
",0.566,5.790,0.000,1.000,0.000,8,0,0,0,8,0,8,0,1.0,0.0,0.0,1.0,1.0,0.0
"G[0,1](((Magnesium <= 2.043 | Bilirubin_direct <= 0.000) | HCO3 >= 0.000) | FiO2 <= 0.000)
",9999999.000,9999999.000,0.000,1.000,0.000,8,0,0,0,8,0,8,0,1.0,0.0,0.0,1.0,1.0,0.0
"G[0,0]((Temp >= 7.253 -> PaCO2 >= 0.675) & Magnesium <= 9.818)
",-2.622,-78.445,0.000,1.000,0.000,8,0,0,0,8,0,8,0,1.0,0.0,0.0,1.0,1.0,0.0
"G[1,1](((PaCO2 <= 30.479 | AST >= 0.000) | Creatinine <= 0.000) & EtCO2 >= 0.000)
",0.000,0.000,0.000,1.000,0.000,8,0,0,0,8,0,8,0,1.0,0.0,0.0,1.0,1.0,0.0
"G[0,1](((PTT <= 5.769 & AST <= 0.000) | AST <= 0.000) -> SBP >= 0.000)
",9999999.000,9999999.000,0.000,1.000,0.000,8,0,0,0,8,0,8,0,1.0,0.0,0.0,1.0,1.0,0.0
"G[0,1](((AST >= 0.000 & Chloride >= 1.905) | Glucose <= 16.806) | SaO2 >= 3.463)
",9999999.000,9999999.000,0.000,1.000,0.000,8,0,0,0,8,0,8,0,1.0,0.0,0.0,1.0,1.0,0.0
"G[0,0]((FiO2 >= 0.000 | pH >= 0.249) | BUN >= 0.391)
",0.000,0.000,0.000,1.000,0.000,8,0,0,0,8,0,8,0,1.0,0.0,0.0,1.0,1.0,0.0
"G[0,0](((SepsisLabel >= 0.000 & Fibrinogen >= 0.000) & Glucose <= 0.000) | SaO2 <= 0.000)
",0.000,0.000,0.000,1.000,0.000,8,0,0,0,8,0,8,0,1.0,0.0,0.0,1.0,1.0,0.0
"G[1,1]((MAP >= 16.197 -> SaO2 >= 0.000) | Calcium >= 0.000)
",0.000,0.000,0.000,1.000,0.000,8,0,0,0,8,0,8,0,1.0,0.0,0.0,1.0,1.0,0.0
"G[1,1]((Fibrinogen >= 0.000 & Alkalinephos >= 0.000) -> SepsisLabel <= 0.000)
",0.000,0.000,0.000,1.000,0.000,8,0,0,0,8,0,8,0,1.0,0.0,0.0,1.0,1.0,0.0
"G[0,0](Alkalinephos >= 0.000 -> SepsisLabel = 0.000)
",0.000,0.000,0.000,1.000,0.000,8,0,0,0,8,0,8,0,1.0,0.0,0.0,1.0,1.0,0.0
"G[1,1]((SepsisLabel >= 0.000 & Creatinine <= 0.263) & Calcium <= 0.376)
",0.000,0.000,0.000,1.000,0.000,7,0,0,1,8,0,7,1,0.875,0.0,0.0,1.0,0.875,0.125
"G[0,1]((HCO3 >= 0.646 -> PaCO2 <= 20.043) & Hct <= 23.916)
",9999999.000,9999999.000,0.000,1.000,0.000,7,0,0,1,8,0,7,1,0.875,0.0,0.0,1.0,0.875,0.125
"G[0,1]((Magnesium <= 0.794 | Phosphate >= 0.019) & PaCO2 <= 1.902)
",9999999.000,9999999.000,0.000,1.000,0.000,7,0,0,1,8,0,7,1,0.875,0.0,0.0,1.0,0.875,0.125
"G[0,1](((BaseExcess >= -1.746 & BaseExcess >= -0.593) | O2Sat <= -0.015) & Phosphate >= -1.576)
",9999999.000,9999999.000,0.000,1.000,0.000,7,0,0,1,8,0,7,1,0.875,0.0,0.0,1.0,0.875,0.125
"G[1,1](((Calcium >= 0.000 -> MAP <= 98.271) & SBP <= 86.636) -> WBC >= 45.786)
",45.786,45.786,0.000,1.000,0.000,7,0,0,1,8,0,7,1,0.875,0.0,0.0,1.0,0.875,0.125
"G[1,1](((Alkalinephos <= 0.000 | Magnesium >= 0.117) -> WBC <= 1.228) & HCO3 <= 0.313)
",-1.228,-1.228,0.000,1.000,0.000,7,0,0,1,8,0,7,1,0.875,0.0,0.0,1.0,0.875,0.125
"G[0,1](BaseExcess >= -1.648 -> PTT <= 12.178)
",9999999.000,9999999.000,0.000,1.000,0.000,7,0,0,1,8,0,7,1,0.875,0.0,0.0,1.0,0.875,0.125
"G[1,1](((Hct <= 4.338 & Fibrinogen >= 0.000) | PaCO2 <= 0.000) -> Creatinine <= 0.000)
",0.000,0.000,0.000,1.000,0.000,7,0,0,1,8,0,7,1,0.875,0.0,0.0,1.0,0.875,0.125
"G[0,1](((pH >= 0.439 & Bilirubin_total >= 0.000) | WBC <= 0.000) & PTT <= 0.000)
",9999999.000,9999999.000,0.000,1.000,0.000,7,0,0,1,8,0,7,1,0.875,0.0,0.0,1.0,0.875,0.125
"G[0,1]((Creatinine <= 0.402 | Temp <= 21.820) | Bilirubin_direct >= 5.554)
",9999999.000,9999999.000,0.000,1.000,0.000,7,0,0,1,8,0,7,1,0.875,0.0,0.0,1.0,0.875,0.125
"G[1,1](Potassium <= 2.296 | Temp <= 25.663)
",25.663,25.663,0.000,1.000,0.000,7,0,0,1,8,0,7,1,0.875,0.0,0.0,1.0,0.875,0.125
"G[1,1]((Fibrinogen <= 0.000 -> SaO2 <= 0.000) & pH <= 0.000)
",0.000,0.000,0.000,1.000,0.000,7,0,0,1,8,0,7,1,0.875,0.0,0.0,1.0,0.875,0.125
"G[0,1](Glucose <= 68.069 -> SBP >= 24.246)
",9999999.000,9999999.000,0.000,1.000,0.000,6,0,0,2,8,0,6,2,0.75,0.0,0.0,1.0,0.75,0.25
"G[0,0](Chloride >= 3.606 | O2Sat >= 73.099)
",1.920,14.462,0.000,1.000,0.000,5,0,0,3,8,0,5,3,0.625,0.0,0.0,1.0,0.625,0.375
"G[0,1]((Chloride <= 45.121 & DBP >= 17.154) | AST >= 18.747)
",9999999.000,9999999.000,0.000,1.000,0.000,4,0,0,4,8,0,4,4,0.5,0.0,0.0,1.0,0.5,0.5
"G[1,1]((SepsisLabel <= 0.000 -> Temp <= 30.326) | Bilirubin_direct >= 5.135)
",-5.135,-5.135,0.000,1.000,0.000,4,0,0,4,8,0,4,4,0.5,0.0,0.0,1.0,0.5,0.5
"G[0,1]((MAP <= 85.516 & PTT <= 14.621) | Fibrinogen >= 1.869)
",9999999.000,9999999.000,0.000,1.000,0.000,3,0,0,5,8,0,3,5,0.375,0.0,0.0,1.0,0.375,0.625
"G[0,0](((PTT <= 12.371 & Hct <= 15.110) & MAP <= 18.501) & Chloride <= 3.124)
",-2.471,-90.046,0.000,1.000,0.000,2,0,0,6,8,0,2,6,0.25,0.0,0.0,1.0,0.25,0.75
"G[0,1](((DBP >= 19.717 -> Potassium >= 0.234) & Chloride <= 1.316) | MAP <= 2.608)
",9999999.000,9999999.000,0.000,1.000,0.000,2,0,0,6,8,0,2,6,0.25,0.0,0.0,1.0,0.25,0.75
"G[1,1](Hgb <= 1.742 -> BaseExcess <= -0.065)
",-1.742,-1.742,0.000,1.000,0.000,2,0,0,6,8,0,2,6,0.25,0.0,0.0,1.0,0.25,0.75
"G[1,1]((DBP >= 3.095 & Creatinine >= 0.047) | Glucose >= 0.006)
",-0.006,-0.006,0.000,1.000,0.000,1,0,0,7,8,0,1,7,0.125,0.0,0.0,1.0,0.125,0.875
"G[1,1](((BaseExcess >= -1.223 -> HR <= 88.119) & Lactate <= 87.053) & Chloride <= 93.220)
",-88.119,-88.119,0.000,1.000,0.000,1,0,0,7,8,0,1,7,0.125,0.0,0.0,1.0,0.125,0.875
"G[0,1]((SaO2 <= 0.000 -> HR <= 89.726) | WBC >= 49.961)
",9999999.000,9999999.000,0.000,1.000,0.000,1,0,0,7,8,0,1,7,0.125,0.0,0.0,1.0,0.125,0.875
"G[1,1](Platelets <= 142.596 -> WBC >= 0.247)
",-142.596,-142.596,0.000,1.000,0.000,1,0,0,7,8,0,1,7,0.125,0.0,0.0,1.0,0.125,0.875
"G[1,1](((Hgb <= 1.868 | Hct <= 11.807) -> WBC >= 0.421) & Platelets >= 7.871)
",-11.807,-11.807,0.000,1.000,0.000,1,0,0,7,8,0,1,7,0.125,0.0,0.0,1.0,0.125,0.875
"G[1,1](Platelets <= 24.562 -> WBC >= 0.253)
",-24.562,-24.562,0.000,1.000,0.000,1,0,0,7,8,0,1,7,0.125,0.0,0.0,1.0,0.125,0.875
"G[1,1](Chloride >= 3.143 & HCO3 >= 1.010)
",-3.143,-3.143,0.000,1.000,0.000,1,0,0,7,8,0,1,7,0.125,0.0,0.0,1.0,0.125,0.875
"G[1,1]((BUN >= 0.085 & O2Sat <= 85.467) | Magnesium >= 58.160)
",-0.085,-0.085,0.000,1.000,0.000,0,0,0,8,8,0,0,8,0.0,0.0,0.0,0.0,0.0,1.0
"G[0,2](((Resp <= 11.889 | Hgb >= 0.091) -> Glucose >= 0.122) | Alkalinephos >= 0.031)
",9999999.000,9999999.000,0.000,1.000,0.000,0,0,0,8,8,0,0,8,0.0,0.0,0.0,0.0,0.0,1.0
"G[2,2]((Resp <= 12.216 | SaO2 <= 0.000) | EtCO2 <= 0.000)
",12.216,12.216,0.000,1.000,0.000,0,0,8,0,0,8,8,0,0.0,0.0,1.0,0.0,0.0,1.0
"G[0,0](((AST >= 0.000 & HCO3 <= 16.214) -> HR <= 9.808) & Chloride >= 0.561)
",-0.561,-0.561,0.000,1.000,0.000,0,0,0,8,8,0,0,8,0.0,0.0,0.0,0.0,0.0,1.0
"G[0,2](HCO3 <= 15.393 & HCO3 >= 0.177)
",9999999.000,9999999.000,0.000,1.000,0.000,0,0,0,8,8,0,0,8,0.0,0.0,0.0,0.0,0.0,1.0
"G[2,2](Potassium <= 1.523 -> Potassium <= 0.850)
",-1.523,-1.523,0.000,1.000,0.000,0,0,8,0,0,8,8,0,0.0,0.0,1.0,0.0,0.0,1.0
"G[1,2]((Chloride <= 95.432 | WBC <= 6.270) -> Creatinine <= 6.415)
",9999999.000,9999999.000,0.000,1.000,0.000,0,0,8,0,0,8,8,0,0.0,0.0,1.0,0.0,0.0,1.0
"G[1,2](((Potassium >= 0.195 | Magnesium >= 0.088) | BaseExcess <= 1.014) -> Chloride >= 0.020)
",9999999.000,9999999.000,0.000,1.000,0.000,0,0,1,7,7,1,1,7,0.0,0.0,1.0,0.0,0.0,1.0
"G[0,2]((Bilirubin_total >= 0.000 -> Potassium >= 0.176) & BaseExcess >= 0.183)
",9999999.000,9999999.000,0.000,1.000,0.000,0,0,0,8,8,0,0,8,0.0,0.0,0.0,0.0,0.0,1.0
"G[2,2](((Bilirubin_direct <= 0.000 | SepsisLabel >= 0.000) -> pH >= 0.000) | Fibrinogen <= 0.000)
",0.000,0.000,0.000,1.000,0.000,0,0,8,0,0,8,8,0,0.0,0.0,1.0,0.0,0.0,1.0
"G[1,2](Bilirubin_direct >= 0.000 -> Resp >= 3.593)
",9999999.000,9999999.000,0.000,1.000,0.000,0,0,8,0,0,8,8,0,0.0,0.0,1.0,0.0,0.0,1.0
"G[0,2](((Temp <= 30.104 -> Creatinine >= 0.044) & EtCO2 >= 0.044) -> Hct >= 0.057)
",9999999.000,9999999.000,0.000,1.000,0.000,0,0,8,0,0,8,8,0,0.0,0.0,1.0,0.0,0.0,1.0
"G[1,2](SepsisLabel <= 0.000 | Calcium <= 0.000)
",9999999.000,9999999.000,0.000,1.000,0.000,0,0,8,0,0,8,8,0,0.0,0.0,1.0,0.0,0.0,1.0
"G[0,0]((Calcium <= 0.000 & HCO3 <= 18.293) & pH >= 0.812)
",-0.812,-0.812,0.000,1.000,0.000,0,0,0,8,8,0,0,8,0.0,0.0,0.0,0.0,0.0,1.0
"G[0,0](((Potassium >= 0.112 | Phosphate <= 2.843) -> Magnesium >= 0.113) & TroponinI >= 0.127)
",-2.843,-2.843,0.000,1.000,0.000,0,0,0,8,8,0,0,8,0.0,0.0,0.0,0.0,0.0,1.0
"G[0,1](((Glucose <= 77.292 | Chloride >= 0.484) -> Magnesium <= 17.900) & Bilirubin_total >= 5.955)
",9999999.000,9999999.000,0.000,1.000,0.000,0,0,0,8,8,0,0,8,0.0,0.0,0.0,0.0,0.0,1.0
"G[1,2](((SaO2 <= 0.000 -> Chloride >= 4.024) & BUN >= 2.855) -> FiO2 <= 105.083)
",9999999.000,9999999.000,0.000,1.000,0.000,0,0,8,0,0,8,8,0,0.0,0.0,1.0,0.0,0.0,1.0
"G[1,2]((O2Sat >= 68.159 & Hct >= 0.830) | SaO2 >= 1.757)
",9999999.000,9999999.000,0.000,1.000,0.000,0,0,1,7,7,1,1,7,0.0,0.0,1.0,0.0,0.0,1.0
"G[0,2](((SepsisLabel >= 0.000 | FiO2 <= 0.000) -> Creatinine >= 0.000) -> DBP >= 0.000)
",9999999.000,9999999.000,0.000,1.000,0.000,0,0,8,0,0,8,8,0,0.0,0.0,1.0,0.0,0.0,1.0
"G[0,2]((Fibrinogen <= 0.000 -> Bilirubin_total >= 0.000) & DBP <= 0.000)
",9999999.000,9999999.000,0.000,1.000,0.000,0,0,3,5,5,3,3,5,0.0,0.0,1.0,0.0,0.0,1.0
"G[1,2](HR <= 84.654 & SaO2 <= 0.000)
",9999999.000,9999999.000,0.000,1.000,0.000,0,0,0,8,8,0,0,8,0.0,0.0,0.0,0.0,0.0,1.0
"G[0,2](PaCO2 <= 23.070 & Magnesium >= 0.111)
",9999999.000,9999999.000,0.000,1.000,0.000,0,0,0,8,8,0,0,8,0.0,0.0,0.0,0.0,0.0,1.0
"G[1,2](((MAP >= 6.142 | Platelets <= 114.139) | Hct <= 115.999) -> Hgb <= 164.606)
",9999999.000,9999999.000,0.000,1.000,0.000,0,0,8,0,0,8,8,0,0.0,0.0,1.0,0.0,0.0,1.0
"G[1,2](Glucose <= 62.687 | Alkalinephos <= 0.000)
",9999999.000,9999999.000,0.000,1.000,0.000,0,0,8,0,0,8,8,0,0.0,0.0,1.0,0.0,0.0,1.0
"G[0,2](((SepsisLabel >= 0.000 -> Glucose <= 37.629) & Hct <= 19.585) -> pH <= 88.874)
",9999999.000,9999999.000,0.000,1.000,0.000,0,0,8,0,0,8,8,0,0.0,0.0,1.0,0.0,0.0,1.0
"G[0,2]((HCO3 <= 16.237 | PTT >= 1.774) | BUN <= 11.064)
",9999999.000,9999999.000,0.000,1.000,0.000,0,0,8,0,0,8,8,0,0.0,0.0,1.0,0.0,0.0,1.0
"G[1,2]((Resp >= 1.920 & TroponinI >= 0.000) | FiO2 <= 0.000)
",9999999.000,9999999.000,0.000,1.000,0.000,0,0,8,0,0,8,8,0,0.0,0.0,1.0,0.0,0.0,1.0
"G[0,2](((Magnesium >= 0.085 -> Hct >= 0.493) -> O2Sat >= 0.424) | EtCO2 <= 22.428)
",9999999.000,9999999.000,0.000,1.000,0.000,0,0,8,0,0,8,8,0,0.0,0.0,1.0,0.0,0.0,1.0
"G[2,2]((HR >= 44.177 -> Bilirubin_total <= 0.000) | MAP <= 0.000)
",0.000,0.000,0.000,1.000,0.000,0,0,8,0,0,8,8,0,0.0,0.0,1.0,0.0,0.0,1.0
"G[0,2](TroponinI >= 0.000 | Platelets >= 0.373)
",9999999.000,9999999.000,0.000,1.000,0.000,0,0,8,0,0,8,8,0,0.0,0.0,1.0,0.0,0.0,1.0
"G[0,2]((AST >= 0.000 & FiO2 >= 0.000) | SBP <= 0.000)
",9999999.000,9999999.000,0.000,1.000,0.000,0,0,8,0,0,8,8,0,0.0,0.0,1.0,0.0,0.0,1.0
"G[1,2]((Alkalinephos >= 0.000 & MAP <= 99.801) -> Lactate >= 42.688)
",9999999.000,9999999.000,0.000,1.000,0.000,0,0,2,6,6,2,2,6,0.0,0.0,1.0,0.0,0.0,1.0
"G[1,2](WBC <= 6.387 & SaO2 >= 0.000)
",9999999.000,9999999.000,0.000,1.000,0.000,0,0,7,1,1,7,7,1,0.0,0.0,1.0,0.0,0.0,1.0
"G[2,2](((Hct >= 0.557 -> Chloride >= 3.246) -> Glucose <= 101.737) | HCO3 >= 1.201)
",-1.201,-1.201,0.000,1.000,0.000,0,0,8,0,0,8,8,0,0.0,0.0,1.0,0.0,0.0,1.0
"G[1,2](((HR >= 65.138 -> BUN <= 19.312) -> BaseExcess >= 1.595) -> HR >= 0.567)
",9999999.000,9999999.000,0.000,1.000,0.000,0,0,8,0,0,8,8,0,0.0,0.0,1.0,0.0,0.0,1.0
"G[1,2]((Bilirubin_total >= 0.000 | PTT <= 15.900) | Glucose <= 30.841)
",9999999.000,9999999.000,0.000,1.000,0.000,0,0,8,0,0,8,8,0,0.0,0.0,1.0,0.0,0.0,1.0
"G[0,2](((Bilirubin_total <= 0.000 -> PaCO2 >= 0.979) | Hct <= 6.996) | Magnesium >= 1.988)
",9999999.000,9999999.000,0.000,1.000,0.000,0,0,8,0,0,8,8,0,0.0,0.0,1.0,0.0,0.0,1.0
"G[0,2]((TroponinI <= 0.000 -> Hgb >= 0.526) -> Calcium >= 0.094)
",9999999.000,9999999.000,0.000,1.000,0.000,0,0,7,1,1,7,7,1,0.0,0.0,1.0,0.0,0.0,1.0
"G[1,2](((Potassium >= 0.018 & Potassium <= 2.464) -> EtCO2 >= 0.128) | EtCO2 <= 3.098)
",9999999.000,9999999.000,0.000,1.000,0.000,0,0,8,0,0,8,8,0,0.0,0.0,1.0,0.0,0.0,1.0
"G[1,2]((PaCO2 <= 2.942 & Hgb <= 9.319) -> Creatinine >= 0.199)
",9999999.000,9999999.000,0.000,1.000,0.000,0,0,2,6,6,2,2,6,0.0,0.0,1.0,0.0,0.0,1.0
"G[0,2](((TroponinI >= 0.000 & WBC >= 0.304) | Glucose >= 0.364) -> BaseExcess <= 2.927)
",9999999.000,9999999.000,0.000,1.000,0.000,0,0,8,0,0,8,8,0,0.0,0.0,1.0,0.0,0.0,1.0
"G[1,2](((Magnesium >= 0.081 | SepsisLabel <= 0.000) & TroponinI >= 0.000) & Alkalinephos >= 0.000)
",9999999.000,9999999.000,0.000,1.000,0.000,0,0,8,0,0,8,8,0,0.0,0.0,1.0,0.0,0.0,1.0
"G[0,2](((SaO2 >= 0.000 & pH >= 0.370) | Phosphate <= 5.653) | Resp >= 0.463)
",9999999.000,9999999.000,0.000,1.000,0.000,0,0,8,0,0,8,8,0,0.0,0.0,1.0,0.0,0.0,1.0
"G[1,2](PTT <= 15.223 & HCO3 <= 11.155)
",9999999.000,9999999.000,0.000,1.000,0.000,0,0,7,1,1,7,7,1,0.0,0.0,1.0,0.0,0.0,1.0
"G[1,2](Bilirubin_direct >= 0.000 -> Resp >= 0.590)
",9999999.000,9999999.000,0.000,1.000,0.000,0,0,8,0,0,8,8,0,0.0,0.0,1.0,0.0,0.0,1.0
"G[1,2]((Calcium <= 0.000 | Bilirubin_total >= 0.000) & PaCO2 >= 0.000)
",9999999.000,9999999.000,0.000,1.000,0.000,0,0,8,0,0,8,8,0,0.0,0.0,1.0,0.0,0.0,1.0
"G[2,2](SaO2 >= 0.000 -> Glucose >= 4.207)
",0.000,0.000,0.000,1.000,0.000,0,0,8,0,0,8,8,0,0.0,0.0,1.0,0.0,0.0,1.0
"G[1,2]((FiO2 <= 0.000 & SepsisLabel >= 0.000) & AST <= 0.000)
",9999999.000,9999999.000,0.000,1.000,0.000,0,0,8,0,0,8,8,0,0.0,0.0,1.0,0.0,0.0,1.0
"G[2,2](Hct >= 1.296 -> Glucose <= 58.019)
",-58.019,-58.019,0.000,1.000,0.000,0,0,8,0,0,8,8,0,0.0,0.0,1.0,0.0,0.0,1.0
"G[0,2]((O2Sat <= 81.843 & Calcium <= 0.000) & EtCO2 >= 0.000)
",9999999.000,9999999.000,0.000,1.000,0.000,0,0,0,8,8,0,0,8,0.0,0.0,0.0,0.0,0.0,1.0
"G[0,2](((Glucose <= 88.752 -> Chloride >= 0.972) -> Resp <= 19.230) -> MAP >= 0.541)
",9999999.000,9999999.000,0.000,1.000,0.000,0,0,6,2,2,6,6,2,0.0,0.0,1.0,0.0,0.0,1.0
"G[1,2]((Potassium >= 0.131 | Potassium <= 0.825) | EtCO2 >= 0.094)
",9999999.000,9999999.000,0.000,1.000,0.000,0,0,8,0,0,8,8,0,0.0,0.0,1.0,0.0,0.0,1.0
"G[0,1]((pH >= 0.396 -> Bilirubin_total >= 0.000) -> O2Sat <= 0.000)
",9999999.000,9999999.000,0.000,1.000,0.000,0,0,0,8,8,0,0,8,0.0,0.0,0.0,0.0,0.0,1.0
"G[1,2]((SaO2 <= 0.000 | SaO2 <= 0.000) & DBP <= 0.000)
",9999999.000,9999999.000,0.000,1.000,0.000,0,0,3,5,5,3,3,5,0.0,0.0,1.0,0.0,0.0,1.0
"G[1,2](((PaCO2 >= 1.075 -> SaO2 >= 0.000) -> WBC >= 0.000) -> O2Sat >= 0.000)
",9999999.000,9999999.000,0.000,1.000,0.000,0,0,8,0,0,8,8,0,0.0,0.0,1.0,0.0,0.0,1.0
"G[0,2](((FiO2 >= 0.000 | Chloride <= 54.065) & Hgb >= 1.723) -> TroponinI >= 3.230)
",9999999.000,9999999.000,0.000,1.000,0.000,0,0,7,1,1,7,7,1,0.0,0.0,1.0,0.0,0.0,1.0
"G[1,2](SBP <= 129.599 | Phosphate <= 1.893)
",9999999.000,9999999.000,0.000,1.000,0.000,0,0,8,0,0,8,8,0,0.0,0.0,1.0,0.0,0.0,1.0
"G[2,2](PTT <= 18.002 -> Resp <= 13.549)
",-18.002,-18.002,0.000,1.000,0.000,0,0,8,0,0,8,8,0,0.0,0.0,1.0,0.0,0.0,1.0
"G[0,2]((SepsisLabel >= 0.000 -> Lactate <= 0.000) -> PaCO2 >= 0.000)
",9999999.000,9999999.000,0.000,1.000,0.000,0,0,8,0,0,8,8,0,0.0,0.0,1.0,0.0,0.0,1.0
"G[1,2]((Magnesium >= 0.096 | Magnesium <= 1.111) & Lactate >= 0.036)
",9999999.000,9999999.000,0.000,1.000,0.000,0,0,0,8,8,0,0,8,0.0,0.0,0.0,0.0,0.0,1.0
"G[0,1](TroponinI <= 0.000 & PTT >= 1.599)
",9999999.000,9999999.000,0.000,1.000,0.000,0,0,0,8,8,0,0,8,0.0,0.0,0.0,0.0,0.0,1.0
"G[1,2](Glucose >= 1.856 -> Bilirubin_direct >= 0.000)
",9999999.000,9999999.000,0.000,1.000,0.000,0,0,8,0,0,8,8,0,0.0,0.0,1.0,0.0,0.0,1.0
"G[1,2]((BUN <= 27.999 -> TroponinI >= 0.000) & BaseExcess <= 0.000)
",9999999.000,9999999.000,0.000,1.000,0.000,0,0,8,0,0,8,8,0,0.0,0.0,1.0,0.0,0.0,1.0
"G[2,2]((O2Sat >= 62.379 | Alkalinephos <= 0.000) & BUN >= 0.000)
",0.000,0.000,0.000,1.000,0.000,0,0,8,0,0,8,8,0,0.0,0.0,1.0,0.0,0.0,1.0
"G[0,1](((Creatinine >= 0.015 -> PaCO2 <= 26.864) & Hct <= 29.565) & HCO3 >= 0.025)
",9999999.000,9999999.000,0.000,1.000,0.000,0,0,0,8,8,0,0,8,0.0,0.0,0.0,0.0,0.0,1.0
"G[0,2]((Resp >= 5.087 -> Chloride >= 6.227) -> DBP <= 43.096)
",9999999.000,9999999.000,0.000,1.000,0.000,0,0,8,0,0,8,8,0,0.0,0.0,1.0,0.0,0.0,1.0
"G[0,2]((HCO3 >= 1.297 & EtCO2 <= 0.000) | Fibrinogen >= 0.000)
",9999999.000,9999999.000,0.000,1.000,0.000,0,0,8,0,0,8,8,0,0.0,0.0,1.0,0.0,0.0,1.0
"G[1,2](((AST <= 0.000 & PaCO2 >= 0.342) & Hct <= 32.337) | DBP >= 1.183)
",9999999.000,9999999.000,0.000,1.000,0.000,0,0,5,3,3,5,5,3,0.0,0.0,1.0,0.0,0.0,1.0
"G[1,2](((Magnesium <= 1.989 -> Fibrinogen >= 0.000) | Chloride >= 0.000) -> HCO3 <= 0.000)
",9999999.000,9999999.000,0.000,1.000,0.000,0,0,7,1,1,7,7,1,0.0,0.0,1.0,0.0,0.0,1.0
"G[0,1]((HR >= 64.726 & Temp >= 5.665) & Alkalinephos <= 33.169)
",9999999.000,9999999.000,0.000,1.000,0.000,0,0,0,8,8,0,0,8,0.0,0.0,0.0,0.0,0.0,1.0
"G[1,2]((Fibrinogen <= 0.000 & WBC <= 5.273) -> PTT >= 0.322)
",9999999.000,9999999.000,0.000,1.000,0.000,0,0,1,7,7,1,1,7,0.0,0.0,1.0,0.0,0.0,1.0
"G[1,2](Potassium >= 0.025 -> AST >= 0.000)
",9999999.000,9999999.000,0.000,1.000,0.000,0,0,8,0,0,8,8,0,0.0,0.0,1.0,0.0,0.0,1.0
"G[0,2]((SaO2 >= 0.000 & Calcium >= 0.000) | Platelets <= 0.000)
",9999999.000,9999999.000,0.000,1.000,0.000,0,0,8,0,0,8,8,0,0.0,0.0,1.0,0.0,0.0,1.0
"G[0,1](((PTT <= 15.651 -> TroponinI <= 0.000) -> Magnesium <= 0.000) & O2Sat <= 0.000)
",9999999.000,9999999.000,0.000,1.000,0.000,0,0,0,8,8,0,0,8,0.0,0.0,0.0,0.0,0.0,1.0
"G[2,2](Hgb >= 0.082 | Alkalinephos <= 0.000)
",0.000,0.000,0.000,1.000,0.000,0,0,8,0,0,8,8,0,0.0,0.0,1.0,0.0,0.0,1.0
"G[0,2]((Fibrinogen >= 0.000 & AST >= 0.000) | SepsisLabel >= 0.000)
",9999999.000,9999999.000,0.000,1.000,0.000,0,0,8,0,0,8,8,0,0.0,0.0,1.0,0.0,0.0,1.0
"G[1,2](Bilirubin_direct >= 0.000 | HCO3 <= 17.293)
",9999999.000,9999999.000,0.000,1.000,0.000,0,0,8,0,0,8,8,0,0.0,0.0,1.0,0.0,0.0,1.0
"G[0,2](((MAP <= 83.720 -> O2Sat >= 31.140) & BaseExcess >= 48.787) & Magnesium >= 28.508)
",9999999.000,9999999.000,0.000,1.000,0.000,0,0,0,8,8,0,0,8,0.0,0.0,0.0,0.0,0.0,1.0
"G[1,2](SepsisLabel <= 0.000 & Glucose >= 3.664)
",9999999.000,9999999.000,0.000,1.000,0.000,0,0,1,7,7,1,1,7,0.0,0.0,1.0,0.0,0.0,1.0
"G[0,2]((SepsisLabel >= 0.000 -> Temp <= 35.178) -> Alkalinephos >= 2.760)
",9999999.000,9999999.000,0.000,1.000,0.000,0,0,0,8,8,0,0,8,0.0,0.0,0.0,0.0,0.0,1.0
"G[1,2](((BUN <= 15.963 & Calcium >= 0.000) -> SepsisLabel <= 0.000) -> BaseExcess >= 0.000)
",9999999.000,9999999.000,0.000,1.000,0.000,0,0,7,1,1,7,7,1,0.0,0.0,1.0,0.0,0.0,1.0
"G[0,2](((Glucose <= 90.469 -> Chloride <= 102.222) & O2Sat <= 27.811) -> TroponinI >= 5.909)
",9999999.000,9999999.000,0.000,1.000,0.000,0,0,5,3,3,5,5,3,0.0,0.0,1.0,0.0,0.0,1.0
"G[1,1](((Resp <= 10.502 | pH >= 0.216) & DBP <= 6.820) & Phosphate >= 0.158)
",-0.158,-0.158,0.000,1.000,0.000,0,0,0,8,8,0,0,8,0.0,0.0,0.0,0.0,0.0,1.0
"G[2,2](Temp <= 28.484 | Hgb >= 0.587)
",28.484,28.484,0.000,1.000,0.000,0,0,8,0,0,8,8,0,0.0,0.0,1.0,0.0,0.0,1.0
"G[0,1](Chloride >= 4.242 & HCO3 >= 0.567)
",9999999.000,9999999.000,0.000,1.000,0.000,0,0,0,8,8,0,0,8,0.0,0.0,0.0,0.0,0.0,1.0
"G[0,2](((PaCO2 <= 9.008 | AST >= 0.000) -> SaO2 >= 0.000) & SaO2 >= 0.000)
",9999999.000,9999999.000,0.000,1.000,0.000,0,0,8,0,0,8,8,0,0.0,0.0,1.0,0.0,0.0,1.0
"G[2,2]((MAP >= 68.424 | DBP >= 38.412) -> SepsisLabel <= 51.517)
",-51.517,-51.517,0.000,1.000,0.000,0,0,8,0,0,8,8,0,0.0,0.0,1.0,0.0,0.0,1.0
"G[1,2](((Hgb <= 4.071 | Hct <= 20.267) -> WBC >= 0.316) & Platelets >= 4.809)
",9999999.000,9999999.000,0.000,1.000,0.000,0,0,1,7,7,1,1,7,0.0,0.0,1.0,0.0,0.0,1.0
"G[0,0](BUN <= 3.992 & Creatinine >= 0.003)
",-0.003,-0.003,0.000,1.000,0.000,0,0,0,8,8,0,0,8,0.0,0.0,0.0,0.0,0.0,1.0
"G[0,2](Chloride >= 3.564 & HCO3 >= 0.995)
",9999999.000,9999999.000,0.000,1.000,0.000,0,0,0,8,8,0,0,8,0.0,0.0,0.0,0.0,0.0,1.0
"G[0,1](Platelets <= 112.162 -> WBC >= 0.107)
",9999999.000,9999999.000,0.000,1.000,0.000,0,0,0,8,8,0,0,8,0.0,0.0,0.0,0.0,0.0,1.0
"G[0,2](((Hgb <= 9.182 | Hct <= 25.718) -> WBC >= 0.334) & Platelets >= 2.634)
",9999999.000,9999999.000,0.000,1.000,0.000,0,0,0,8,8,0,0,8,0.0,0.0,0.0,0.0,0.0,1.0
"G[0,2](BUN <= 25.615 & Creatinine >= 0.040)
",9999999.000,9999999.000,0.000,1.000,0.000,0,0,0,8,8,0,0,8,0.0,0.0,0.0,0.0,0.0,1.0
"G[0,2](SaO2 >= 0.000 -> SepsisLabel = 0.000)
",9999999.000,9999999.000,0.000,1.000,0.000,0,0,8,0,0,8,8,0,0.0,0.0,1.0,0.0,0.0,1.0
"G[0,2](Bilirubin_total >= 0.000 -> SepsisLabel = 0.000)
",9999999.000,9999999.000,0.000,1.000,0.000,0,0,8,0,0,8,8,0,0.0,0.0,1.0,0.0,0.0,1.0
"G[0,2](Bilirubin_direct > 0.000 & SepsisLabel = 0.000)
",9999999.000,9999999.000,0.000,1.000,0.000,0,0,0,8,8,0,0,8,0.0,0.0,0.0,0.0,0.0,1.0
"G[1,2](Calcium < 0.000 -> SepsisLabel = 0.000)
",9999999.000,9999999.000,0.000,1.000,0.000,0,0,8,0,0,8,8,0,0.0,0.0,1.0,0.0,0.0,1.0
"G[1,2](MAP > 6.726 & SepsisLabel = 0.000)
",9999999.000,9999999.000,0.000,1.000,0.000,0,0,8,0,0,8,8,0,0.0,0.0,1.0,0.0,0.0,1.0
"G[0,1](WBC >= 0.101 & SepsisLabel = 0.000)
",9999999.000,9999999.000,0.000,1.000,0.000,0,0,0,8,8,0,0,8,0.0,0.0,0.0,0.0,0.0,1.0
"G[2,2](Creatinine > 0.007 -> SepsisLabel = 0.000)
",0.000,0.000,0.000,1.000,0.000,0,0,8,0,0,8,8,0,0.0,0.0,1.0,0.0,0.0,1.0
"G[1,2](MAP >= 31.183 -> SepsisLabel = 0.000)
",9999999.000,9999999.000,0.000,1.000,0.000,0,0,8,0,0,8,8,0,0.0,0.0,1.0,0.0,0.0,1.0
"G[0,1](Potassium >= 0.036 & SepsisLabel = 0.000)
",9999999.000,9999999.000,0.000,1.000,0.000,0,0,0,8,8,0,0,8,0.0,0.0,0.0,0.0,0.0,1.0
"G[0,2](((BaseExcess <= -0.047 -> pH >= 0.231) -> Bilirubin_total >= 0.031) & Potassium >= 0.045)
",9999999.000,9999999.000,0.000,1.000,0.000,0,0,0,8,8,0,0,8,0.0,0.0,0.0,0.0,0.0,1.0
"G[0,2](((Creatinine >= 0.039 & HCO3 <= 8.503) -> Hgb <= 4.001) & Bilirubin_direct >= 0.587)
",9999999.000,9999999.000,0.000,1.000,0.000,0,0,0,8,8,0,0,8,0.0,0.0,0.0,0.0,0.0,1.0
"G[2,2]((Hct >= 1.430 | Hgb >= 0.121) | WBC <= 4.579)
",4.579,4.579,0.000,1.000,0.000,0,0,8,0,0,8,8,0,0.0,0.0,1.0,0.0,0.0,1.0
"G[0,2](((Hgb >= 0.334 -> Platelets >= 4.487) & BUN >= 3.796) | SBP <= 129.638)
",9999999.000,9999999.000,0.000,1.000,0.000,0,0,6,2,2,6,6,2,0.0,0.0,1.0,0.0,0.0,1.0
"G[0,2](Phosphate <= 1.681 -> WBC <= 2.727)
",9999999.000,9999999.000,0.000,1.000,0.000,0,0,8,0,0,8,8,0,0.0,0.0,1.0,0.0,0.0,1.0
"G[0,1](Chloride <= 37.365 -> Hgb >= 0.438)
",9999999.000,9999999.000,0.000,1.000,0.000,0,0,0,8,8,0,0,8,0.0,0.0,0.0,0.0,0.0,1.0
"G[0,1]((MAP >= 17.589 -> O2Sat <= 94.816) & Hgb >= 40.680)
",9999999.000,9999999.000,0.000,1.000,0.000,0,0,0,8,8,0,0,8,0.0,0.0,0.0,0.0,0.0,1.0
"G[0,2](Resp <= 12.662 & SBP <= 131.938)
",9999999.000,9999999.000,0.000,1.000,0.000,0,0,3,5,5,3,3,5,0.0,0.0,1.0,0.0,0.0,1.0
"G[1,2]((Phosphate <= 2.159 & Temp <= 20.190) -> Platelets <= 13.201)
",9999999.000,9999999.000,0.000,1.000,0.000,0,0,8,0,0,8,8,0,0.0,0.0,1.0,0.0,0.0,1.0
"G[0,1](((BUN <= 26.722 -> Temp <= 29.451) & pH <= 15.729) & BUN >= 1.551)
",9999999.000,9999999.000,0.000,1.000,0.000,0,0,0,8,8,0,0,8,0.0,0.0,0.0,0.0,0.0,1.0
"G[0,2](Platelets <= 121.194 -> WBC >= 0.354)
",9999999.000,9999999.000,0.000,1.000,0.000,0,0,0,8,8,0,0,8,0.0,0.0,0.0,0.0,0.0,1.0
"G[0,2](Chloride >= 3.085 & HCO3 >= 0.627)
",9999999.000,9999999.000,0.000,1.000,0.000,0,0,0,8,8,0,0,8,0.0,0.0,0.0,0.0,0.0,1.0
"G[1,2](BUN <= 12.036 & Creatinine >= 0.006)
",9999999.000,9999999.000,0.000,1.000,0.000,0,0,0,8,8,0,0,8,0.0,0.0,0.0,0.0,0.0,1.0
"G[0,0](((Hgb <= 0.861 | Hct <= 5.419) -> WBC >= 0.125) & Platelets >= 1.998)
",-5.419,-5.419,0.000,1.000,0.000,0,0,0,8,8,0,0,8,0.0,0.0,0.0,0.0,0.0,1.0
"G[0,2](((Hgb <= 2.118 | Hct <= 16.086) -> WBC >= 0.173) & Platelets >= 2.056)
",9999999.000,9999999.000,0.000,1.000,0.000,0,0,0,8,8,0,0,8,0.0,0.0,0.0,0.0,0.0,1.0
"G[0,1](BUN <= 3.213 & Creatinine >= 0.043)
",9999999.000,9999999.000,0.000,1.000,0.000,0,0,0,8,8,0,0,8,0.0,0.0,0.0,0.0,0.0,1.0
"G[0,1](Chloride >= 2.681 & HCO3 >= 0.695)
",9999999.000,9999999.000,0.000,1.000,0.000,0,0,0,8,8,0,0,8,0.0,0.0,0.0,0.0,0.0,1.0
"G[2,2](Platelets <= 97.170 -> WBC >= 0.366)
",-97.170,-97.170,0.000,1.000,0.000,0,0,8,0,0,8,8,0,0.0,0.0,1.0,0.0,0.0,1.0
"G[0,1](((Hgb <= 8.798 | Hct <= 6.089) -> WBC >= 0.040) & Platelets >= 0.455)
",9999999.000,9999999.000,0.000,1.000,0.000,0,0,0,8,8,0,0,8,0.0,0.0,0.0,0.0,0.0,1.0
"G[1,2](BUN <= 18.136 & Creatinine >= 0.012)
",9999999.000,9999999.000,0.000,1.000,0.000,0,0,0,8,8,0,0,8,0.0,0.0,0.0,0.0,0.0,1.0
"G[0,0](Chloride >= 2.217 & HCO3 >= 0.839)
",-11.151,-2.295,0.000,1.000,0.000,0,0,0,8,8,0,0,8,0.0,0.0,0.0,0.0,0.0,1.0
"G[0,0](Platelets <= 40.259 -> WBC >= 0.238)
",-40.259,-40.259,0.000,1.000,0.000,0,0,0,8,8,0,0,8,0.0,0.0,0.0,0.0,0.0,1.0
"G[0,1](BUN <= 9.431 & Creatinine >= 0.029)
",9999999.000,9999999.000,0.000,1.000,0.000,0,0,0,8,8,0,0,8,0.0,0.0,0.0,0.0,0.0,1.0
"G[1,2](Chloride >= 5.423 & HCO3 >= 1.052)
",9999999.000,9999999.000,0.000,1.000,0.000,0,0,1,7,7,1,1,7,0.0,0.0,1.0,0.0,0.0,1.0
"G[0,2](Platelets <= 164.268 -> WBC >= 0.216)
",9999999.000,9999999.000,0.000,1.000,0.000,0,0,0,8,8,0,0,8,0.0,0.0,0.0,0.0,0.0,1.0
"G[1,2](BUN <= 19.541 & Creatinine >= 0.001)
",9999999.000,9999999.000,0.000,1.000,0.000,0,0,0,8,8,0,0,8,0.0,0.0,0.0,0.0,0.0,1.0
"G[1,2](((Hgb <= 4.692 | Hct <= 9.024) -> WBC >= 0.423) & Platelets >= 9.181)
",9999999.000,9999999.000,0.000,1.000,0.000,0,0,1,7,7,1,1,7,0.0,0.0,1.0,0.0,0.0,1.0
"G[0,1](Chloride >= 6.306 & HCO3 >= 0.294)
",9999999.000,9999999.000,0.000,1.000,0.000,0,0,0,8,8,0,0,8,0.0,0.0,0.0,0.0,0.0,1.0
"G[0,2](Platelets <= 42.665 -> WBC >= 0.371)
",9999999.000,9999999.000,0.000,1.000,0.000,0,0,0,8,8,0,0,8,0.0,0.0,0.0,0.0,0.0,1.0
"G[1,2](((Hgb <= 1.068 | Hct <= 16.783) -> WBC >= 0.198) & Platelets >= 3.477)
",9999999.000,9999999.000,0.000,1.000,0.000,0,0,1,7,7,1,1,7,0.0,0.0,1.0,0.0,0.0,1.0
"G[0,1](BUN <= 2.640 & Creatinine >= 0.053)
",9999999.000,9999999.000,0.000,1.000,0.000,0,0,0,8,8,0,0,8,0.0,0.0,0.0,0.0,0.0,1.0
"G[1,2](Chloride >= 4.428 & HCO3 >= 0.255)
",9999999.000,9999999.000,0.000,1.000,0.000,0,0,1,7,7,1,1,7,0.0,0.0,1.0,0.0,0.0,1.0
"G[0,2](((Hgb <= 8.882 | Hct <= 3.371) -> WBC >= 0.339) & Platelets >= 4.790)
",9999999.000,9999999.000,0.000,1.000,0.000,0,0,0,8,8,0,0,8,0.0,0.0,0.0,0.0,0.0,1.0
"G[1,2](BUN <= 5.011 & Creatinine >= 0.051)
",9999999.000,9999999.000,0.000,1.000,0.000,0,0,0,8,8,0,0,8,0.0,0.0,0.0,0.0,0.0,1.0
"G[0,2](((Hgb <= 6.643 | Hct <= 24.105) -> WBC >= 0.201) & Platelets >= 1.425)
",9999999.000,9999999.000,0.000,1.000,0.000,0,0,0,8,8,0,0,8,0.0,0.0,0.0,0.0,0.0,1.0
"G[1,2](BUN <= 13.799 & Creatinine >= 0.029)
",9999999.000,9999999.000,0.000,1.000,0.000,0,0,0,8,8,0,0,8,0.0,0.0,0.0,0.0,0.0,1.0
"G[0,2](Chloride >= 0.893 & HCO3 >= 1.198)
",9999999.000,9999999.000,0.000,1.000,0.000,0,0,0,8,8,0,0,8,0.0,0.0,0.0,0.0,0.0,1.0
"G[0,2](Platelets <= 19.539 -> WBC >= 0.085)
",9999999.000,9999999.000,0.000,1.000,0.000,0,0,0,8,8,0,0,8,0.0,0.0,0.0,0.0,0.0,1.0
"G[1,2](((Potassium >= 0.045 & Temp >= 4.745) -> MAP >= 5.400) & WBC <= 28.306)
",9999999.000,9999999.000,0.000,1.000,0.000,0,0,8,0,0,8,8,0,0.0,0.0,1.0,0.0,0.0,1.0
"G[1,2](((Platelets >= 3.484 -> Temp <= 23.603) | Potassium >= 4.058) & SaO2 <= 9.061)
",9999999.000,9999999.000,0.000,1.000,0.000,0,0,8,0,0,8,8,0,0.0,0.0,1.0,0.0,0.0,1.0
"G[0,2](O2Sat >= 34.373 & Temp >= 8.536)
",9999999.000,9999999.000,0.000,1.000,0.000,0,0,0,8,8,0,0,8,0.0,0.0,0.0,0.0,0.0,1.0
"G[2,2](((HCO3 <= 13.790 & Hgb <= 7.465) & SBP <= 2.801) -> Hct <= 9.235)
",-9.235,-9.235,0.000,1.000,0.000,0,0,8,0,0,8,8,0,0.0,0.0,1.0,0.0,0.0,1.0
"G[1,2](Resp >= 8.407 | HCO3 >= 0.791)
",9999999.000,9999999.000,0.000,1.000,0.000,0,0,8,0,0,8,8,0,0.0,0.0,1.0,0.0,0.0,1.0
"G[1,2](((Fibrinogen >= 0.000 -> Calcium <= 0.000) & Bilirubin_direct >= 0.000) | Calcium >= 0.000)
",9999999.000,9999999.000,0.000,1.000,0.000,0,0,8,0,0,8,8,0,0.0,0.0,1.0,0.0,0.0,1.0
"G[1,1](((SepsisLabel >= 0.000 & BUN <= 24.091) | Potassium <= 12.698) & Resp <= 5.288)
",5.288,5.288,0.000,1.000,0.000,0,0,0,8,8,0,0,8,0.0,0.0,0.0,0.0,0.0,1.0
"G[0,2]((FiO2 >= 0.000 | SepsisLabel <= 0.000) | SepsisLabel <= 0.000)
",9999999.000,9999999.000,0.000,1.000,0.000,0,0,8,0,0,8,8,0,0.0,0.0,1.0,0.0,0.0,1.0
"G[0,2](Calcium <= 0.000 -> Bilirubin_total >= 0.000)
",9999999.000,9999999.000,0.000,1.000,0.000,0,0,8,0,0,8,8,0,0.0,0.0,1.0,0.0,0.0,1.0
"G[1,2](((HR <= 93.287 | Temp <= 28.257) & Chloride <= 32.742) | Platelets >= 8.858)
",9999999.000,9999999.000,0.000,1.000,0.000,0,0,8,0,0,8,8,0,0.0,0.0,1.0,0.0,0.0,1.0
"G[1,2]((BaseExcess <= -0.003 -> Platelets >= 0.849) -> SaO2 <= 66.674)
",9999999.000,9999999.000,0.000,1.000,0.000,0,0,8,0,0,8,8,0,0.0,0.0,1.0,0.0,0.0,1.0
"G[0,2](Calcium <= 0.000 -> EtCO2 >= 0.000)
",9999999.000,9999999.000,0.000,1.000,0.000,0,0,8,0,0,8,8,0,0.0,0.0,1.0,0.0,0.0,1.0
"G[1,2](((Platelets >= 3.889 -> AST >= 0.000) -> Potassium >= 0.000) | WBC <= 0.000)
",9999999.000,9999999.000,0.000,1.000,0.000,0,0,8,0,0,8,8,0,0.0,0.0,1.0,0.0,0.0,1.0
"G[2,2](Platelets <= 26.266 -> WBC >= 0.076)
",-26.266,-26.266,0.000,1.000,0.000,0,0,8,0,0,8,8,0,0.0,0.0,1.0,0.0,0.0,1.0
"G[0,2](((Glucose >= 6.988 & SepsisLabel >= 0.000) & Lactate >= 0.000) -> BUN >= 0.000)
",9999999.000,9999999.000,0.000,1.000,0.000,0,0,8,0,0,8,8,0,0.0,0.0,1.0,0.0,0.0,1.0
"G[2,2](((EtCO2 >= 0.000 & Hct >= 0.302) | Phosphate <= 17.945) & Bilirubin_total <= 16.865)
",16.865,16.865,0.000,1.000,0.000,0,0,8,0,0,8,8,0,0.0,0.0,1.0,0.0,0.0,1.0
"G[2,2]((Fibrinogen <= 0.000 -> Potassium >= 0.058) & Temp <= 1.744)
",0.000,0.000,0.000,1.000,0.000,0,0,8,0,0,8,8,0,0.0,0.0,1.0,0.0,0.0,1.0
"G[1,2](Creatinine <= 0.133 | Potassium <= 0.321)
",9999999.000,9999999.000,0.000,1.000,0.000,0,0,7,1,1,7,7,1,0.0,0.0,1.0,0.0,0.0,1.0
"G[0,1]((EtCO2 >= 0.000 -> Resp >= 2.534) -> Alkalinephos >= 4.783)
",9999999.000,9999999.000,0.000,1.000,0.000,0,0,0,8,8,0,0,8,0.0,0.0,0.0,0.0,0.0,1.0
"G[1,2](Hgb >= 0.278 | Bilirubin_total >= 0.000)
",9999999.000,9999999.000,0.000,1.000,0.000,0,0,8,0,0,8,8,0,0.0,0.0,1.0,0.0,0.0,1.0
"G[1,2]((Magnesium >= 0.030 -> Hct >= 0.082) -> HR >= 0.094)
",9999999.000,9999999.000,0.000,1.000,0.000,0,0,8,0,0,8,8,0,0.0,0.0,1.0,0.0,0.0,1.0
"G[1,2](((Hgb <= 1.217 -> BaseExcess <= -0.063) & AST >= -1.170) -> Platelets <= -0.080)
",9999999.000,9999999.000,0.000,1.000,0.000,0,0,6,2,2,6,6,2,0.0,0.0,1.0,0.0,0.0,1.0
"G[0,2]((Bilirubin_direct >= 0.000 -> PaCO2 >= 0.692) -> Hct >= 1.875)
",9999999.000,9999999.000,0.000,1.000,0.000,0,0,7,1,1,7,7,1,0.0,0.0,1.0,0.0,0.0,1.0
"G[0,2]((Creatinine <= 0.208 & Hgb <= 1.294) -> Fibrinogen <= 7.976)
",9999999.000,9999999.000,0.000,1.000,0.000,0,0,8,0,0,8,8,0,0.0,0.0,1.0,0.0,0.0,1.0
"G[0,1](((Creatinine >= 0.042 -> MAP >= 45.492) -> SepsisLabel >= 52.264) & TroponinI >= 26.056)
",9999999.000,9999999.000,0.000,1.000,0.000,0,0,0,8,8,0,0,8,0.0,0.0,0.0,0.0,0.0,1.0
"G[0,2](((Platelets <= 21.943 & Potassium <= 4.062) | Magnesium >= 0.246) & FiO2 >= 0.027)
",9999999.000,9999999.000,0.000,1.000,0.000,0,0,0,8,8,0,0,8,0.0,0.0,0.0,0.0,0.0,1.0
"G[0,1](MAP <= 77.882 & BaseExcess <= -0.020)
",9999999.000,9999999.000,0.000,1.000,0.000,0,0,0,8,8,0,0,8,0.0,0.0,0.0,0.0,0.0,1.0
"G[0,2]((HCO3 >= 1.016 & FiO2 >= 0.000) -> Alkalinephos >= 0.000)
",9999999.000,9999999.000,0.000,1.000,0.000,0,0,8,0,0,8,8,0,0.0,0.0,1.0,0.0,0.0,1.0
"G[0,0](((Bilirubin_total <= 0.000 & SBP >= 57.400) -> Fibrinogen <= 143.014) & HCO3 >= 66.423)
",-143.014,-143.014,0.000,1.000,0.000,0,0,0,8,8,0,0,8,0.0,0.0,0.0,0.0,0.0,1.0
"G[0,2](((Resp <= 12.438 & WBC >= 0.181) | EtCO2 >= 0.068) -> Platelets <= 1.732)
",9999999.000,9999999.000,0.000,1.000,0.000,0,0,8,0,0,8,8,0,0.0,0.0,1.0,0.0,0.0,1.0
"G[2,2](((DBP <= 44.850 | Platelets >= 4.940) -> TroponinI >= 5.458) | Hgb >= 9.135)
",-9.135,-9.135,0.000,1.000,0.000,0,0,8,0,0,8,8,0,0.0,0.0,1.0,0.0,0.0,1.0
"G[0,2]((SBP <= 138.918 & O2Sat >= 47.205) & TroponinI <= 87.805)
",9999999.000,9999999.000,0.000,1.000,0.000,0,0,4,4,4,4,4,4,0.0,0.0,1.0,0.0,0.0,1.0
"G[2,2](((HR <= 85.975 -> Temp >= 0.366) & Lactate <= 15.274) -> WBC <= 28.401)
",-28.401,-28.401,0.000,1.000,0.000,0,0,8,0,0,8,8,0,0.0,0.0,1.0,0.0,0.0,1.0
"G[0,2](((BaseExcess <= -0.092 -> DBP <= 54.129) -> Calcium <= 82.812) & SepsisLabel >= 20.405)
",9999999.000,9999999.000,0.000,1.000,0.000,0,0,0,8,8,0,0,8,0.0,0.0,0.0,0.0,0.0,1.0
"G[0,2]((Magnesium >= 0.018 | Resp <= 12.934) & Creatinine <= 12.735)
",9999999.000,9999999.000,0.000,1.000,0.000,0,0,5,3,3,5,5,3,0.0,0.0,1.0,0.0,0.0,1.0
"G[1,2](BaseExcess <= -0.011 | Temp <= 26.332)
",9999999.000,9999999.000,0.000,1.000,0.000,0,0,4,4,4,4,4,4,0.0,0.0,1.0,0.0,0.0,1.0
"G[1,2](((pH >= 0.337 & SBP <= 119.031) & BaseExcess >= 42.816) -> HCO3 <= 112.771)
",9999999.000,9999999.000,0.000,1.000,0.000,0,0,8,0,0,8,8,0,0.0,0.0,1.0,0.0,0.0,1.0
"G[0,2]((Glucose >= 1.932 -> MAP <= 95.068) -> Hgb <= 83.327)
",9999999.000,9999999.000,0.000,1.000,0.000,0,0,8,0,0,8,8,0,0.0,0.0,1.0,0.0,0.0,1.0
"G[1,2](((MAP <= 92.449 & WBC <= 2.123) & Bilirubin_total <= 0.675) & Alkalinephos <= 4.292)
",9999999.000,9999999.000,0.000,1.000,0.000,0,0,4,4,4,4,4,4,0.0,0.0,1.0,0.0,0.0,1.0
"G[0,2](((Magnesium >= 0.022 | SBP <= 127.904) & Chloride <= 143.316) | Platelets >= 58.503)
",9999999.000,9999999.000,0.000,1.000,0.000,0,0,5,3,3,5,5,3,0.0,0.0,1.0,0.0,0.0,1.0
"G[1,2](((Hgb <= 1.593 & SBP >= 8.272) & HCO3 <= 143.259) -> BaseExcess <= 120.667)
",9999999.000,9999999.000,0.000,1.000,0.000,0,0,8,0,0,8,8,0,0.0,0.0,1.0,0.0,0.0,1.0
"G[1,1](((BaseExcess >= -1.561 | Magnesium >= 0.036) & TroponinI >= 0.018) & Chloride >= 0.051)
",-0.051,-0.051,0.000,1.000,0.000,0,0,0,8,8,0,0,8,0.0,0.0,0.0,0.0,0.0,1.0
"G[1,2]((BUN <= 17.777 -> pH <= 3.665) & Fibrinogen >= 0.408)
",9999999.000,9999999.000,0.000,1.000,0.000,0,0,0,8,8,0,0,8,0.0,0.0,0.0,0.0,0.0,1.0
"G[1,2](PTT >= 0.108 & SepsisLabel >= 0.000)
",9999999.000,9999999.000,0.000,1.000,0.000,0,0,1,7,7,1,1,7,0.0,0.0,1.0,0.0,0.0,1.0
"G[1,2](((BaseExcess <= -0.102 & SBP >= 44.971) | Potassium <= 115.261) -> Phosphate <= 115.581)
",9999999.000,9999999.000,0.000,1.000,0.000,0,0,8,0,0,8,8,0,0.0,0.0,1.0,0.0,0.0,1.0
"G[1,2](((Bilirubin_total >= 0.000 -> HR >= 59.210) | WBC <= 83.849) & Magnesium >= 19.062)
",9999999.000,9999999.000,0.000,1.000,0.000,0,0,0,8,8,0,0,8,0.0,0.0,0.0,0.0,0.0,1.0
"G[0,1](PTT >= 1.467 | WBC >= 0.406)
",9999999.000,9999999.000,0.000,1.000,0.000,0,0,0,8,8,0,0,8,0.0,0.0,0.0,0.0,0.0,1.0
"G[2,2]((Creatinine >= 0.062 & Temp >= 0.198) & SepsisLabel >= 1.534)
",-1.534,-1.534,0.000,1.000,0.000,0,0,8,0,0,8,8,0,0.0,0.0,1.0,0.0,0.0,1.0
"G[0,2]((BUN >= 0.626 -> DBP >= 14.823) & Alkalinephos >= 11.376)
",9999999.000,9999999.000,0.000,1.000,0.000,0,0,0,8,8,0,0,8,0.0,0.0,0.0,0.0,0.0,1.0
"G[0,2]((SepsisLabel <= 0.000 -> Potassium >= 0.091) -> PTT <= 1.944)
",9999999.000,9999999.000,0.000,1.000,0.000,0,0,7,1,1,7,7,1,0.0,0.0,1.0,0.0,0.0,1.0
"G[1,2](((FiO2 <= 0.000 | Chloride <= 45.167) | MAP <= 24.523) -> HR >= 1.310)
",9999999.000,9999999.000,0.000,1.000,0.000,0,0,8,0,0,8,8,0,0.0,0.0,1.0,0.0,0.0,1.0
"G[1,1]((Fibrinogen >= 0.000 -> Bilirubin_total >= 0.000) & SBP <= 0.000)
",0.000,0.000,0.000,1.000,0.000,0,0,0,8,8,0,0,8,0.0,0.0,0.0,0.0,0.0,1.0
"G[0,2](((Creatinine <= 0.198 & Hgb <= 7.502) -> TroponinI >= 0.331) -> Glucose >= 0.209)
",9999999.000,9999999.000,0.000,1.000,0.000,0,0,8,0,0,8,8,0,0.0,0.0,1.0,0.0,0.0,1.0
"G[0,1](BUN >= 0.065 | HCO3 >= 1.291)
",9999999.000,9999999.000,0.000,1.000,0.000,0,0,0,8,8,0,0,8,0.0,0.0,0.0,0.0,0.0,1.0
"G[2,2](((BUN >= 1.733 & FiO2 >= 0.000) | Temp >= 0.000) -> Bilirubin_total <= 0.000)
",0.000,0.000,0.000,1.000,0.000,0,0,8,0,0,8,8,0,0.0,0.0,1.0,0.0,0.0,1.0
"G[0,0]((Bilirubin_direct >= 0.000 | pH <= 6.883) -> SaO2 >= 0.399)
",-1.187,-10.098,0.000,1.000,0.000,0,0,0,8,8,0,0,8,0.0,0.0,0.0,0.0,0.0,1.0
"G[0,2](((Hgb >= 0.527 | MAP >= 20.751) -> Bilirubin_total <= 102.253) | SBP <= 80.994)
",9999999.000,9999999.000,0.000,1.000,0.000,0,0,8,0,0,8,8,0,0.0,0.0,1.0,0.0,0.0,1.0
