Rule,Discrimination Score,Pos Robustness,Neg Robustness,Percent Class +,Percent Class -,TP,TN,FP,FN,Actual Yes,Actual No,Predicted Yes,Predicted No,TPR/Sens,TNR/Spec,FPR,Precision,Accuracy,MCR
"G[0,1](((HR >= 27.873 & Platelets <= 129.729) | HR >= 6.371) -> PaCO2 <= 249.914)
",9999999.000,9999999.000,0.000,1.000,0.000,9,0,0,0,9,0,9,0,1.0,0.0,0.0,1.0,1.0,0.0
"G[0,1]((Potassium >= 0.110 | TroponinI <= 0.000) | Hct >= 0.000)
",9999999.000,9999999.000,0.000,1.000,0.000,9,0,0,0,9,0,9,0,1.0,0.0,0.0,1.0,1.0,0.0
"G[0,0]((Bilirubin_total <= 0.000 | Bilirubin_total >= 0.000) -> Potassium <= 0.000)
",0.000,0.000,0.000,1.000,0.000,9,0,0,0,9,0,9,0,1.0,0.0,0.0,1.0,1.0,0.0
"G[1,1](Lactate <= 0.000 | Bilirubin_direct <= 0.000)
",0.000,0.000,0.000,1.000,0.000,9,0,0,0,9,0,9,0,1.0,0.0,0.0,1.0,1.0,0.0
"G[0,1](DBP <= 59.130 | Hct <= 14.304)
",9999999.000,9999999.000,0.000,1.000,0.000,9,0,0,0,9,0,9,0,1.0,0.0,0.0,1.0,1.0,0.0
"G[1,1]((DBP >= 11.522 -> FiO2 <= 0.034) | Phosphate <= 0.108)
",0.108,0.108,0.000,1.000,0.000,9,0,0,0,9,0,9,0,1.0,0.0,0.0,1.0,1.0,0.0
"G[0,0]((DBP >= 21.812 | Potassium >= 0.221) | MAP <= 1.511)
",0.758,20.737,0.000,1.000,0.000,9,0,0,0,9,0,9,0,1.0,0.0,0.0,1.0,1.0,0.0
"G[0,1](((FiO2 <= 0.200 | Resp >= 1.992) & Magnesium >= 3.759) | HCO3 <= 19.634)
",9999999.000,9999999.000,0.000,1.000,0.000,9,0,0,0,9,0,9,0,1.0,0.0,0.0,1.0,1.0,0.0
"G[1,1]((O2Sat <= 98.878 & Platelets >= 9.240) -> Glucose >= 6.155)
",6.155,6.155,0.000,1.000,0.000,9,0,0,0,9,0,9,0,1.0,0.0,0.0,1.0,1.0,0.0
"G[0,1](pH <= 5.074 | Temp <= 31.958)
",9999999.000,9999999.000,0.000,1.000,0.000,9,0,0,0,9,0,9,0,1.0,0.0,0.0,1.0,1.0,0.0
"G[0,1](((SaO2 <= 32.915 | TroponinI >= 0.000) | BUN <= 0.000) -> O2Sat >= 0.000)
",9999999.000,9999999.000,0.000,1.000,0.000,9,0,0,0,9,0,9,0,1.0,0.0,0.0,1.0,1.0,0.0
"G[1,1]((O2Sat <= 93.872 -> SBP <= 68.729) | Alkalinephos <= 103.743)
",103.743,103.743,0.000,1.000,0.000,9,0,0,0,9,0,9,0,1.0,0.0,0.0,1.0,1.0,0.0
"G[1,1](((Creatinine >= 0.009 | Temp >= 9.512) | Chloride <= 21.830) -> EtCO2 <= 28.444)
",-28.444,-28.444,0.000,1.000,0.000,9,0,0,0,9,0,9,0,1.0,0.0,0.0,1.0,1.0,0.0
"G[0,1](Creatinine <= 0.471 | O2Sat >= 48.800)
",9999999.000,9999999.000,0.000,1.000,0.000,9,0,0,0,9,0,9,0,1.0,0.0,0.0,1.0,1.0,0.0
"G[0,1](((Creatinine >= 0.032 | Glucose >= 3.447) -> O2Sat >= 1.281) | Magnesium <= 117.985)
",9999999.000,9999999.000,0.000,1.000,0.000,9,0,0,0,9,0,9,0,1.0,0.0,0.0,1.0,1.0,0.0
"G[1,1]((Resp <= 18.122 -> Bilirubin_direct <= 0.000) | Calcium >= 0.000)
",0.000,0.000,0.000,1.000,0.000,9,0,0,0,9,0,9,0,1.0,0.0,0.0,1.0,1.0,0.0
"G[1,1]((TroponinI <= 0.000 -> Alkalinephos <= 0.000) | Phosphate <= 0.000)
",0.000,0.000,0.000,1.000,0.000,9,0,0,0,9,0,9,0,1.0,0.0,0.0,1.0,1.0,0.0
"G[1,1](((BUN <= 2.662 | PTT <= 0.000) | Hgb >= 0.000) & PaCO2 >= 0.000)
",0.000,0.000,0.000,1.000,0.000,9,0,0,0,9,0,9,0,1.0,0.0,0.0,1.0,1.0,0.0
"G[0,1](Fibrinogen <= 0.000 -> EtCO2 <= 0.000)
",9999999.000,9999999.000,0.000,1.000,0.000,9,0,0,0,9,0,9,0,1.0,0.0,0.0,1.0,1.0,0.0
"G[0,1](O2Sat > 32.951 -> SepsisLabel = 0.000)
",9999999.000,9999999.000,0.000,1.000,0.000,9,0,0,0,9,0,9,0,1.0,0.0,0.0,1.0,1.0,0.0
"G[0,1](EtCO2 < 0.000 -> SepsisLabel = 0.000)
",9999999.000,9999999.000,0.000,1.000,0.000,9,0,0,0,9,0,9,0,1.0,0.0,0.0,1.0,1.0,0.0
"G[0,1](WBC <= 0.914 -> SepsisLabel = 0.000)
",9999999.000,9999999.000,0.000,1.000,0.000,9,0,0,0,9,0,9,0,1.0,0.0,0.0,1.0,1.0,0.0
"G[0,1]((pH >= 0.110 | SBP >= 22.140) -> Bilirubin_direct <= 84.175)
",9999999.000,9999999.000,0.000,1.000,0.000,9,0,0,0,9,0,9,0,1.0,0.0,0.0,1.0,1.0,0.0
"G[0,0]((EtCO2 >= 0.000 & MAP <= 69.861) -> Fibrinogen <= 82.327)
",-82.327,-82.327,0.000,1.000,0.000,9,0,0,0,9,0,9,0,1.0,0.0,0.0,1.0,1.0,0.0
"G[0,1]((PaCO2 <= 12.721 | Magnesium >= 0.000) -> Fibrinogen >= 0.000)
",9999999.000,9999999.000,0.000,1.000,0.000,9,0,0,0,9,0,9,0,1.0,0.0,0.0,1.0,1.0,0.0
"G[0,0]((HR >= 23.358 & Temp >= 5.669) -> SepsisLabel <= 31.010)
",-2.122,-65.522,0.000,1.000,0.000,9,0,0,0,9,0,9,0,1.0,0.0,0.0,1.0,1.0,0.0
"G[0,1](EtCO2 <= 0.000 | Chloride <= 0.000)
",9999999.000,9999999.000,0.000,1.000,0.000,9,0,0,0,9,0,9,0,1.0,0.0,0.0,1.0,1.0,0.0
"G[0,0]((Resp <= 25.309 & Bilirubin_total <= 0.000) & AST <= 0.000)
",-0.736,-22.908,0.000,1.000,0.000,9,0,0,0,9,0,9,0,1.0,0.0,0.0,1.0,1.0,0.0
"G[0,1](((Phosphate >= 0.000 -> O2Sat >= 29.333) | AST <= 99.150) & Calcium <= 53.369)
",9999999.000,9999999.000,0.000,1.000,0.000,9,0,0,0,9,0,9,0,1.0,0.0,0.0,1.0,1.0,0.0
"G[0,1](Lactate <= 0.000 & SepsisLabel >= 0.000)
",9999999.000,9999999.000,0.000,1.000,0.000,9,0,0,0,9,0,9,0,1.0,0.0,0.0,1.0,1.0,0.0
"G[0,0](((Lactate <= 0.000 & Platelets <= 193.160) -> BUN <= 194.493) | BaseExcess <= 137.450)
",137.450,137.450,0.000,1.000,0.000,9,0,0,0,9,0,9,0,1.0,0.0,0.0,1.0,1.0,0.0
"G[0,0](((PaCO2 <= 2.816 | Chloride >= 0.000) & Resp <= 0.000) -> Phosphate >= 0.000)
",0.000,0.000,0.000,1.000,0.000,9,0,0,0,9,0,9,0,1.0,0.0,0.0,1.0,1.0,0.0
"G[0,1](((Temp <= 30.941 | BaseExcess <= 0.000) & EtCO2 <= 0.000) & Bilirubin_total <= 0.000)
",9999999.000,9999999.000,0.000,1.000,0.000,9,0,0,0,9,0,9,0,1.0,0.0,0.0,1.0,1.0,0.0
"G[0,1]((Hct >= 0.429 & SepsisLabel >= 0.000) | WBC <= 0.000)
",9999999.000,9999999.000,0.000,1.000,0.000,9,0,0,0,9,0,9,0,1.0,0.0,0.0,1.0,1.0,0.0
"G[0,0](((Hgb <= 2.313 & Alkalinephos >= 0.000) & BUN <= 0.000) & Bilirubin_direct >= 0.000)
",0.000,0.000,0.000,1.000,0.000,9,0,0,0,9,0,9,0,1.0,0.0,0.0,1.0,1.0,0.0
"G[1,1]((Temp >= 3.978 -> Phosphate <= 0.000) | AST <= 0.000)
",0.000,0.000,0.000,1.000,0.000,9,0,0,0,9,0,9,0,1.0,0.0,0.0,1.0,1.0,0.0
"G[0,1](((Creatinine >= 0.003 | PaCO2 >= 0.521) | PTT <= 18.584) | DBP <= 25.603)
",9999999.000,9999999.000,0.000,1.000,0.000,9,0,0,0,9,0,9,0,1.0,0.0,0.0,1.0,1.0,0.0
"G[0,0]((HR <= 53.767 -> SBP <= 106.286) | TroponinI >= 27.647)
",-27.647,-27.647,0.000,1.000,0.000,9,0,0,0,9,0,9,0,1.0,0.0,0.0,1.0,1.0,0.0
"G[0,1]((FiO2 <= 0.143 | Fibrinogen >= 0.000) & Alkalinephos <= 0.000)
",9999999.000,9999999.000,0.000,1.000,0.000,9,0,0,0,9,0,9,0,1.0,0.0,0.0,1.0,1.0,0.0
"G[0,1](AST >= 0.000 | O2Sat <= 80.974)
",9999999.000,9999999.000,0.000,1.000,0.000,9,0,0,0,9,0,9,0,1.0,0.0,0.0,1.0,1.0,0.0
"G[0,1](Hgb >= 0.354 | TroponinI >= 0.000)
",9999999.000,9999999.000,0.000,1.000,0.000,9,0,0,0,9,0,9,0,1.0,0.0,0.0,1.0,1.0,0.0
"G[1,1](((AST >= 0.000 | Bilirubin_direct >= 0.000) & SaO2 >= 0.000) & Hgb >= 0.000)
",0.000,0.000,0.000,1.000,0.000,9,0,0,0,9,0,9,0,1.0,0.0,0.0,1.0,1.0,0.0
"G[0,1]((WBC >= 0.275 -> MAP <= 35.999) -> Hgb <= 33.790)
",9999999.000,9999999.000,0.000,1.000,0.000,9,0,0,0,9,0,9,0,1.0,0.0,0.0,1.0,1.0,0.0
"G[0,1](AST >= 0.000 -> Bilirubin_direct <= 0.000)
",9999999.000,9999999.000,0.000,1.000,0.000,9,0,0,0,9,0,9,0,1.0,0.0,0.0,1.0,1.0,0.0
"G[0,1](((Temp >= 0.656 -> AST <= 0.000) & AST <= 0.000) | Lactate <= 0.000)
",9999999.000,9999999.000,0.000,1.000,0.000,9,0,0,0,9,0,9,0,1.0,0.0,0.0,1.0,1.0,0.0
"G[0,1](((TroponinI >= 0.000 -> EtCO2 >= 0.000) | SaO2 >= 0.000) & Phosphate <= 0.000)
",9999999.000,9999999.000,0.000,1.000,0.000,9,0,0,0,9,0,9,0,1.0,0.0,0.0,1.0,1.0,0.0
"G[1,1](Alkalinephos >= 0.000 -> SepsisLabel = 0.000)
",0.000,0.000,0.000,1.000,0.000,9,0,0,0,9,0,9,0,1.0,0.0,0.0,1.0,1.0,0.0
"G[1,1](BaseExcess >= 0.000 | BaseExcess >= 0.000)
",0.000,0.000,0.000,1.000,0.000,9,0,0,0,9,0,9,0,1.0,0.0,0.0,1.0,1.0,0.0
"G[0,1](Resp >= 5.777 -> SepsisLabel = 0.000)
",9999999.000,9999999.000,0.000,1.000,0.000,9,0,0,0,9,0,9,0,1.0,0.0,0.0,1.0,1.0,0.0
"G[1,1]((Potassium >= 0.098 | Magnesium >= 0.000) | Platelets <= 0.000)
",0.000,0.000,0.000,1.000,0.000,9,0,0,0,9,0,9,0,1.0,0.0,0.0,1.0,1.0,0.0
"G[1,1]((PaCO2 >= 0.751 -> AST <= 0.000) & FiO2 <= 0.000)
",0.000,0.000,0.000,1.000,0.000,9,0,0,0,9,0,9,0,1.0,0.0,0.0,1.0,1.0,0.0
"G[0,1](Chloride >= 0.000 & HCO3 >= 0.000)
",9999999.000,9999999.000,0.000,1.000,0.000,9,0,0,0,9,0,9,0,1.0,0.0,0.0,1.0,1.0,0.0
"G[0,0](Bilirubin_total >= 0.000 -> Lactate <= 0.000)
",0.000,0.000,0.000,1.000,0.000,9,0,0,0,9,0,9,0,1.0,0.0,0.0,1.0,1.0,0.0
"G[0,1]((PaCO2 <= 20.519 | BUN <= 2.530) -> Calcium <= 17.110)
",9999999.000,9999999.000,0.000,1.000,0.000,9,0,0,0,9,0,9,0,1.0,0.0,0.0,1.0,1.0,0.0
"G[0,1](((AST <= 0.000 | WBC <= 3.180) & Resp <= 3.684) -> Platelets <= 7.069)
",9999999.000,9999999.000,0.000,1.000,0.000,9,0,0,0,9,0,9,0,1.0,0.0,0.0,1.0,1.0,0.0
"G[0,1](((pH >= 0.256 & Resp >= 0.048) & WBC >= 3.999) -> EtCO2 <= 23.934)
",9999999.000,9999999.000,0.000,1.000,0.000,9,0,0,0,9,0,9,0,1.0,0.0,0.0,1.0,1.0,0.0
"G[1,1](Chloride >= 0.000 & HCO3 >= 0.000)
",0.000,0.000,0.000,1.000,0.000,9,0,0,0,9,0,9,0,1.0,0.0,0.0,1.0,1.0,0.0
"G[0,1](HCO3 >= 0.000 & Alkalinephos >= 0.000)
",9999999.000,9999999.000,0.000,1.000,0.000,9,0,0,0,9,0,9,0,1.0,0.0,0.0,1.0,1.0,0.0
"G[0,1](Chloride >= 0.000 & HCO3 >= 0.000)
",9999999.000,9999999.000,0.000,1.000,0.000,9,0,0,0,9,0,9,0,1.0,0.0,0.0,1.0,1.0,0.0
"G[0,1]((Platelets <= 196.032 | Potassium <= 2.283) & TroponinI <= 0.995)
",9999999.000,9999999.000,0.000,1.000,0.000,8,0,0,1,9,0,8,1,0.8888888888888888,0.0,0.0,1.0,0.8888888888888888,0.11111111111111116
"G[0,1](Potassium <= 3.294 | Temp >= 4.169)
",9999999.000,9999999.000,0.000,1.000,0.000,8,0,0,1,9,0,8,1,0.8888888888888888,0.0,0.0,1.0,0.8888888888888888,0.11111111111111116
"G[0,1]((HR <= 90.701 | FiO2 <= 0.038) -> Potassium <= 0.100)
",9999999.000,9999999.000,0.000,1.000,0.000,8,0,0,1,9,0,8,1,0.8888888888888888,0.0,0.0,1.0,0.8888888888888888,0.11111111111111116
"G[1,1](MAP <= 53.281 | Resp >= 7.224)
",53.281,53.281,0.000,1.000,0.000,8,0,0,1,9,0,8,1,0.8888888888888888,0.0,0.0,1.0,0.8888888888888888,0.11111111111111116
"G[1,1](((SepsisLabel >= 0.000 | HCO3 <= 0.000) -> Phosphate >= 0.000) & Creatinine <= 0.000)
",0.000,0.000,0.000,1.000,0.000,8,0,0,1,9,0,8,1,0.8888888888888888,0.0,0.0,1.0,0.8888888888888888,0.11111111111111116
"G[0,1]((Hgb >= 0.056 -> Temp >= 5.988) | PaCO2 >= 2.718)
",9999999.000,9999999.000,0.000,1.000,0.000,8,0,0,1,9,0,8,1,0.8888888888888888,0.0,0.0,1.0,0.8888888888888888,0.11111111111111116
"G[0,1](WBC <= 5.075 & SepsisLabel = 0.000)
",9999999.000,9999999.000,0.000,1.000,0.000,8,0,0,1,9,0,8,1,0.8888888888888888,0.0,0.0,1.0,0.8888888888888888,0.11111111111111116
"G[0,1](Hgb <= 11.799 & SepsisLabel = 0.000)
",9999999.000,9999999.000,0.000,1.000,0.000,8,0,0,1,9,0,8,1,0.8888888888888888,0.0,0.0,1.0,0.8888888888888888,0.11111111111111116
"G[0,1]((Creatinine >= 0.034 & Hgb >= 0.420) -> Bilirubin_total >= 0.075)
",9999999.000,9999999.000,0.000,1.000,0.000,8,0,0,1,9,0,8,1,0.8888888888888888,0.0,0.0,1.0,0.8888888888888888,0.11111111111111116
"G[0,1](PaCO2 <= 4.820 & SepsisLabel = 0.000)
",9999999.000,9999999.000,0.000,1.000,0.000,8,0,0,1,9,0,8,1,0.8888888888888888,0.0,0.0,1.0,0.8888888888888888,0.11111111111111116
"G[0,0]((Hgb <= 3.490 & pH <= 1.292) | Lactate >= 0.193)
",0.381,17.548,0.000,1.000,0.000,8,0,0,1,9,0,8,1,0.8888888888888888,0.0,0.0,1.0,0.8888888888888888,0.11111111111111116
"G[0,1](((Hgb >= 0.010 -> Bilirubin_total >= 0.000) & Creatinine <= 0.000) & Phosphate <= 0.000)
",9999999.000,9999999.000,0.000,1.000,0.000,8,0,0,1,9,0,8,1,0.8888888888888888,0.0,0.0,1.0,0.8888888888888888,0.11111111111111116
"G[0,1]((DBP >= 21.011 & WBC <= 4.210) | Resp <= 5.345)
",9999999.000,9999999.000,0.000,1.000,0.000,7,0,0,2,9,0,7,2,0.7777777777777778,0.0,0.0,1.0,0.7777777777777778,0.2222222222222222
"G[0,1](((PaCO2 >= 1.378 | Temp >= 5.463) -> FiO2 >= 2.278) -> Glucose <= 16.008)
",9999999.000,9999999.000,0.000,1.000,0.000,7,0,0,2,9,0,7,2,0.7777777777777778,0.0,0.0,1.0,0.7777777777777778,0.2222222222222222
"G[0,1](((Alkalinephos <= 0.000 | TroponinI <= 0.000) -> Glucose <= 0.000) & HR >= 0.000)
",9999999.000,9999999.000,0.000,1.000,0.000,7,0,0,2,9,0,7,2,0.7777777777777778,0.0,0.0,1.0,0.7777777777777778,0.2222222222222222
"G[1,1](((Temp >= 9.878 | O2Sat <= 72.024) & HCO3 <= 91.849) | O2Sat <= 84.670)
",84.670,84.670,0.000,1.000,0.000,7,0,0,2,9,0,7,2,0.7777777777777778,0.0,0.0,1.0,0.7777777777777778,0.2222222222222222
"G[0,0]((Magnesium >= 0.000 & BaseExcess >= 0.000) -> DBP <= 0.000)
",0.000,0.000,0.000,1.000,0.000,6,0,0,3,9,0,6,3,0.6666666666666666,0.0,0.0,1.0,0.6666666666666666,0.33333333333333337
"G[0,0]((SBP >= 3.014 | MAP >= 12.081) -> Phosphate >= 28.229)
",-0.655,-40.408,0.000,1.000,0.000,6,0,0,3,9,0,6,3,0.6666666666666666,0.0,0.0,1.0,0.6666666666666666,0.33333333333333337
"G[0,0](BUN <= 16.441 -> Resp <= 9.937)
",-16.441,-16.441,0.000,1.000,0.000,6,0,0,3,9,0,6,3,0.6666666666666666,0.0,0.0,1.0,0.6666666666666666,0.33333333333333337
"G[0,0]((Creatinine <= 0.099 | Bilirubin_direct >= 0.000) & MAP <= 0.000)
",-0.704,-46.444,0.000,1.000,0.000,6,0,0,3,9,0,6,3,0.6666666666666666,0.0,0.0,1.0,0.6666666666666666,0.33333333333333337
"G[1,1](Fibrinogen >= 0.000 -> HR >= 1.627)
",0.000,0.000,0.000,1.000,0.000,5,0,0,4,9,0,5,4,0.5555555555555556,0.0,0.0,1.0,0.5555555555555556,0.4444444444444444
"G[0,1](Resp >= 6.032 -> DBP <= 49.148)
",9999999.000,9999999.000,0.000,1.000,0.000,4,0,0,5,9,0,4,5,0.4444444444444444,0.0,0.0,1.0,0.4444444444444444,0.5555555555555556
"G[1,1](((Hct >= 0.717 | Resp >= 2.188) & Hgb <= 10.125) & Calcium <= 12.697)
",-0.717,-0.717,0.000,1.000,0.000,4,0,0,5,9,0,4,5,0.4444444444444444,0.0,0.0,1.0,0.4444444444444444,0.5555555555555556
"G[0,1](((SBP <= 100.634 & Temp <= 32.602) -> HCO3 <= 19.749) -> SBP <= 27.480)
",9999999.000,9999999.000,0.000,1.000,0.000,3,0,0,6,9,0,3,6,0.3333333333333333,0.0,0.0,1.0,0.3333333333333333,0.6666666666666667
"G[0,1](Chloride <= 0.000 -> HR <= 68.912)
",9999999.000,9999999.000,0.000,1.000,0.000,3,0,0,6,9,0,3,6,0.3333333333333333,0.0,0.0,1.0,0.3333333333333333,0.6666666666666667
"G[0,1](BUN <= 12.660 & SBP <= 119.894)
",9999999.000,9999999.000,0.000,1.000,0.000,3,0,0,6,9,0,3,6,0.3333333333333333,0.0,0.0,1.0,0.3333333333333333,0.6666666666666667
"G[1,1]((Fibrinogen >= 0.000 & O2Sat <= 86.197) & SBP <= 58.252)
",0.000,0.000,0.000,1.000,0.000,3,0,0,6,9,0,3,6,0.3333333333333333,0.0,0.0,1.0,0.3333333333333333,0.6666666666666667
"G[0,1](O2Sat >= 1.453 -> SaO2 >= 0.211)
",9999999.000,9999999.000,0.000,1.000,0.000,3,0,0,6,9,0,3,6,0.3333333333333333,0.0,0.0,1.0,0.3333333333333333,0.6666666666666667
"G[0,1]((Potassium >= 0.034 | Resp >= 5.598) & Resp >= 6.441)
",9999999.000,9999999.000,0.000,1.000,0.000,2,0,0,7,9,0,2,7,0.2222222222222222,0.0,0.0,1.0,0.2222222222222222,0.7777777777777778
"G[0,1]((O2Sat >= 5.042 | TroponinI >= 0.000) -> O2Sat <= 0.000)
",9999999.000,9999999.000,0.000,1.000,0.000,2,0,0,7,9,0,2,7,0.2222222222222222,0.0,0.0,1.0,0.2222222222222222,0.7777777777777778
"G[0,0]((DBP <= 63.084 & Resp <= 22.517) & MAP >= 2.613)
",-0.851,-14.791,0.000,1.000,0.000,2,0,0,7,9,0,2,7,0.2222222222222222,0.0,0.0,1.0,0.2222222222222222,0.7777777777777778
"G[0,1](BaseExcess <= 0.000 -> O2Sat >= 40.721)
",9999999.000,9999999.000,0.000,1.000,0.000,2,0,0,7,9,0,2,7,0.2222222222222222,0.0,0.0,1.0,0.2222222222222222,0.7777777777777778
"G[1,1](((Resp >= 6.082 | Potassium >= 0.015) & DBP <= 0.599) & Resp >= 0.105)
",-0.105,-0.105,0.000,1.000,0.000,2,0,0,7,9,0,2,7,0.2222222222222222,0.0,0.0,1.0,0.2222222222222222,0.7777777777777778
"G[0,1]((Alkalinephos >= 0.000 & O2Sat <= 66.139) & HR <= 72.938)
",9999999.000,9999999.000,0.000,1.000,0.000,2,0,0,7,9,0,2,7,0.2222222222222222,0.0,0.0,1.0,0.2222222222222222,0.7777777777777778
"G[1,1]((SBP <= 86.441 | Hgb <= 12.066) -> Calcium >= 0.618)
",-86.441,-86.441,0.000,1.000,0.000,1,0,0,8,9,0,1,8,0.1111111111111111,0.0,0.0,1.0,0.1111111111111111,0.8888888888888888
"G[0,1]((Resp <= 25.108 & BUN <= 14.776) & MAP >= 0.655)
",9999999.000,9999999.000,0.000,1.000,0.000,1,0,0,8,9,0,1,8,0.1111111111111111,0.0,0.0,1.0,0.1111111111111111,0.8888888888888888
"G[0,1]((HR <= 113.213 | O2Sat >= 12.999) & MAP >= 1.213)
",9999999.000,9999999.000,0.000,1.000,0.000,1,0,0,8,9,0,1,8,0.1111111111111111,0.0,0.0,1.0,0.1111111111111111,0.8888888888888888
"G[0,1](Creatinine <= 0.187 & SBP >= 48.639)
",9999999.000,9999999.000,0.000,1.000,0.000,1,0,0,8,9,0,1,8,0.1111111111111111,0.0,0.0,1.0,0.1111111111111111,0.8888888888888888
"G[0,1](DBP >= 17.221 & Hgb <= 6.384)
",9999999.000,9999999.000,0.000,1.000,0.000,1,0,0,8,9,0,1,8,0.1111111111111111,0.0,0.0,1.0,0.1111111111111111,0.8888888888888888
"G[1,1](((Hgb <= 3.973 | Hct <= 22.147) -> WBC >= 0.422) & Platelets >= 13.550)
",-22.147,-22.147,0.000,1.000,0.000,1,0,0,8,9,0,1,8,0.1111111111111111,0.0,0.0,1.0,0.1111111111111111,0.8888888888888888
"G[0,1]((Glucose <= 120.139 & SaO2 <= 8.524) -> Platelets >= 0.517)
",9999999.000,9999999.000,0.000,1.000,0.000,1,0,0,8,9,0,1,8,0.1111111111111111,0.0,0.0,1.0,0.1111111111111111,0.8888888888888888
"G[1,1](Platelets <= 57.772 -> WBC >= 0.160)
",-57.772,-57.772,0.000,1.000,0.000,1,0,0,8,9,0,1,8,0.1111111111111111,0.0,0.0,1.0,0.1111111111111111,0.8888888888888888
"G[0,1]((SepsisLabel >= 0.000 & SaO2 <= 94.752) & DBP >= 4.264)
",9999999.000,9999999.000,0.000,1.000,0.000,1,0,0,8,9,0,1,8,0.1111111111111111,0.0,0.0,1.0,0.1111111111111111,0.8888888888888888
"G[0,0](pH >= 0.059 | WBC >= 0.243)
",-0.538,-0.035,0.000,1.000,0.000,1,0,0,8,9,0,1,8,0.1111111111111111,0.0,0.0,1.0,0.1111111111111111,0.8888888888888888
"G[2,2](((PaCO2 <= 9.888 -> Resp <= 9.983) -> Potassium >= 2.498) -> Lactate >= 4.462)
",-2.498,-2.498,0.000,1.000,0.000,0,0,9,0,0,9,9,0,0.0,0.0,1.0,0.0,0.0,1.0
"G[1,2]((Temp >= 3.213 | Bilirubin_direct >= 0.000) & SepsisLabel >= 0.000)
",9999999.000,9999999.000,0.000,1.000,0.000,0,0,9,0,0,9,9,0,0.0,0.0,1.0,0.0,0.0,1.0
"G[1,2](((BUN <= 1.063 | O2Sat >= 9.130) | PaCO2 >= 41.233) -> Calcium <= 98.737)
",9999999.000,9999999.000,0.000,1.000,0.000,0,0,9,0,0,9,9,0,0.0,0.0,1.0,0.0,0.0,1.0
"G[0,2]((Temp >= 5.281 & DBP <= 42.585) -> pH >= 6.820)
",9999999.000,9999999.000,0.000,1.000,0.000,0,0,9,0,0,9,9,0,0.0,0.0,1.0,0.0,0.0,1.0
"G[0,2]((BaseExcess <= 0.000 | Chloride <= 0.000) | HCO3 >= 0.000)
",9999999.000,9999999.000,0.000,1.000,0.000,0,0,9,0,0,9,9,0,0.0,0.0,1.0,0.0,0.0,1.0
"G[0,2](((DBP <= 56.300 & Bilirubin_total >= 0.000) & Hct <= 0.000) & Phosphate <= 0.000)
",9999999.000,9999999.000,0.000,1.000,0.000,0,0,3,6,6,3,3,6,0.0,0.0,1.0,0.0,0.0,1.0
"G[0,2]((BUN <= 13.062 & DBP <= 58.190) & MAP >= 3.893)
",9999999.000,9999999.000,0.000,1.000,0.000,0,0,0,9,9,0,0,9,0.0,0.0,0.0,0.0,0.0,1.0
"G[2,2]((AST <= 0.000 & Resp >= 8.791) & BUN <= 17.280)
",-8.791,-8.791,0.000,1.000,0.000,0,0,9,0,0,9,9,0,0.0,0.0,1.0,0.0,0.0,1.0
"G[0,2](((Calcium >= 0.020 & EtCO2 <= 0.000) & Calcium >= 0.000) -> pH >= 0.000)
",9999999.000,9999999.000,0.000,1.000,0.000,0,0,9,0,0,9,9,0,0.0,0.0,1.0,0.0,0.0,1.0
"G[0,2]((BaseExcess >= 0.000 & pH >= 0.237) -> SepsisLabel >= 0.324)
",9999999.000,9999999.000,0.000,1.000,0.000,0,0,8,1,1,8,8,1,0.0,0.0,1.0,0.0,0.0,1.0
"G[0,2](((Calcium <= 4.196 | SepsisLabel >= 0.000) & MAP <= 0.000) -> O2Sat <= 0.000)
",9999999.000,9999999.000,0.000,1.000,0.000,0,0,6,3,3,6,6,3,0.0,0.0,1.0,0.0,0.0,1.0
"G[0,0]((Potassium <= 0.823 | WBC <= 3.558) -> Potassium >= 0.094)
",-3.558,-3.558,0.000,1.000,0.000,0,0,0,9,9,0,0,9,0.0,0.0,0.0,0.0,0.0,1.0
"G[1,2](pH <= 1.953 & SepsisLabel >= 0.000)
",9999999.000,9999999.000,0.000,1.000,0.000,0,0,9,0,0,9,9,0,0.0,0.0,1.0,0.0,0.0,1.0
"G[1,2](((HCO3 <= 0.000 -> Magnesium >= 0.000) | Bilirubin_direct >= 0.000) -> Hgb >= 0.000)
",9999999.000,9999999.000,0.000,1.000,0.000,0,0,9,0,0,9,9,0,0.0,0.0,1.0,0.0,0.0,1.0
"G[2,2](((Resp >= 5.385 -> Alkalinephos <= 0.000) & WBC <= 0.000) & PTT >= 0.000)
",0.000,0.000,0.000,1.000,0.000,0,0,9,0,0,9,9,0,0.0,0.0,1.0,0.0,0.0,1.0
"G[1,2]((Lactate <= 0.000 | Glucose <= 133.790) & Hct >= 9.916)
",9999999.000,9999999.000,0.000,1.000,0.000,0,0,1,8,8,1,1,8,0.0,0.0,1.0,0.0,0.0,1.0
"G[0,2](((PTT <= 0.000 | Hgb >= 0.378) & Creatinine >= 0.582) -> Fibrinogen >= 0.200)
",9999999.000,9999999.000,0.000,1.000,0.000,0,0,8,1,1,8,8,1,0.0,0.0,1.0,0.0,0.0,1.0
"G[2,2]((TroponinI <= 0.000 & HR >= 24.762) & AST <= 94.546)
",-24.762,-24.762,0.000,1.000,0.000,0,0,9,0,0,9,9,0,0.0,0.0,1.0,0.0,0.0,1.0
"G[0,2](MAP <= 54.251 -> Bilirubin_total <= 0.000)
",9999999.000,9999999.000,0.000,1.000,0.000,0,0,9,0,0,9,9,0,0.0,0.0,1.0,0.0,0.0,1.0
"G[1,2]((SaO2 >= 4.274 | Creatinine >= 0.001) & SaO2 <= 0.089)
",9999999.000,9999999.000,0.000,1.000,0.000,0,0,1,8,8,1,1,8,0.0,0.0,1.0,0.0,0.0,1.0
"G[1,2]((SBP <= 157.278 & Resp <= 21.012) -> O2Sat <= 9.420)
",9999999.000,9999999.000,0.000,1.000,0.000,0,0,7,2,2,7,7,2,0.0,0.0,1.0,0.0,0.0,1.0
"G[0,2](((BaseExcess >= 0.000 -> HR <= 53.380) | pH <= 102.368) & Bilirubin_direct >= 3.760)
",9999999.000,9999999.000,0.000,1.000,0.000,0,0,0,9,9,0,0,9,0.0,0.0,0.0,0.0,0.0,1.0
"G[2,2]((Fibrinogen >= 0.000 & PaCO2 >= 0.651) -> PaCO2 >= 0.330)
",0.330,0.330,0.000,1.000,0.000,0,0,9,0,0,9,9,0,0.0,0.0,1.0,0.0,0.0,1.0
"G[1,2]((Temp >= 9.574 & BaseExcess >= 0.000) & Temp <= 0.000)
",9999999.000,9999999.000,0.000,1.000,0.000,0,0,0,9,9,0,0,9,0.0,0.0,0.0,0.0,0.0,1.0
"G[1,2]((Lactate <= 0.000 | Creatinine >= 0.018) & PTT <= 0.397)
",9999999.000,9999999.000,0.000,1.000,0.000,0,0,9,0,0,9,9,0,0.0,0.0,1.0,0.0,0.0,1.0
"G[2,2](((PTT >= 0.000 & Magnesium <= 0.000) | SBP >= 0.000) | MAP <= 0.000)
",0.000,0.000,0.000,1.000,0.000,0,0,9,0,0,9,9,0,0.0,0.0,1.0,0.0,0.0,1.0
"G[0,2](((Platelets >= 3.595 | Hct >= 0.928) & Bilirubin_total >= 1.318) -> Chloride >= 0.082)
",9999999.000,9999999.000,0.000,1.000,0.000,0,0,9,0,0,9,9,0,0.0,0.0,1.0,0.0,0.0,1.0
"G[1,2](DBP >= 21.286 & BaseExcess <= 0.000)
",9999999.000,9999999.000,0.000,1.000,0.000,0,0,4,5,5,4,4,5,0.0,0.0,1.0,0.0,0.0,1.0
"G[1,2](pH <= 6.457 & HR >= 10.527)
",9999999.000,9999999.000,0.000,1.000,0.000,0,0,5,4,4,5,5,4,0.0,0.0,1.0,0.0,0.0,1.0
"G[1,2](((WBC <= 0.784 & Lactate <= 0.000) & Fibrinogen <= 0.000) -> Calcium >= 0.000)
",9999999.000,9999999.000,0.000,1.000,0.000,0,0,9,0,0,9,9,0,0.0,0.0,1.0,0.0,0.0,1.0
"G[1,2](((BaseExcess <= 0.000 | SaO2 >= 1.688) -> BaseExcess >= 1.532) -> O2Sat <= 52.062)
",9999999.000,9999999.000,0.000,1.000,0.000,0,0,9,0,0,9,9,0,0.0,0.0,1.0,0.0,0.0,1.0
"G[2,2](Bilirubin_direct >= 0.000 | Hct >= 1.218)
",0.000,0.000,0.000,1.000,0.000,0,0,9,0,0,9,9,0,0.0,0.0,1.0,0.0,0.0,1.0
"G[0,2]((PaCO2 <= 11.996 | EtCO2 >= 0.000) -> Bilirubin_total >= 0.000)
",9999999.000,9999999.000,0.000,1.000,0.000,0,0,9,0,0,9,9,0,0.0,0.0,1.0,0.0,0.0,1.0
"G[1,2]((TroponinI <= 0.000 -> HCO3 >= 0.000) & Glucose <= 0.000)
",9999999.000,9999999.000,0.000,1.000,0.000,0,0,7,2,2,7,7,2,0.0,0.0,1.0,0.0,0.0,1.0
"G[0,2](AST <= 0.000 & Temp >= 6.706)
",9999999.000,9999999.000,0.000,1.000,0.000,0,0,1,8,8,1,1,8,0.0,0.0,1.0,0.0,0.0,1.0
"G[1,2]((SBP >= 37.633 & Phosphate >= 0.000) -> MAP >= 0.000)
",9999999.000,9999999.000,0.000,1.000,0.000,0,0,9,0,0,9,9,0,0.0,0.0,1.0,0.0,0.0,1.0
"G[2,2](Bilirubin_direct >= 0.000 & Lactate <= 0.000)
",0.000,0.000,0.000,1.000,0.000,0,0,9,0,0,9,9,0,0.0,0.0,1.0,0.0,0.0,1.0
"G[1,2]((pH <= 4.930 & FiO2 <= 0.178) & AST >= 0.011)
",9999999.000,9999999.000,0.000,1.000,0.000,0,0,0,9,9,0,0,9,0.0,0.0,0.0,0.0,0.0,1.0
"G[0,2]((Hgb <= 3.968 -> Magnesium >= 0.000) | MAP >= 0.000)
",9999999.000,9999999.000,0.000,1.000,0.000,0,0,9,0,0,9,9,0,0.0,0.0,1.0,0.0,0.0,1.0
"G[0,1]((BaseExcess >= 0.000 -> Platelets >= 16.340) | Creatinine >= 8.283)
",9999999.000,9999999.000,0.000,1.000,0.000,0,0,0,9,9,0,0,9,0.0,0.0,0.0,0.0,0.0,1.0
"G[2,2]((AST <= 0.000 | DBP >= 18.196) | Calcium <= 61.656)
",61.656,61.656,0.000,1.000,0.000,0,0,9,0,0,9,9,0,0.0,0.0,1.0,0.0,0.0,1.0
"G[2,2](((AST <= 0.000 -> HCO3 <= 0.000) | Hgb >= 0.000) | Hgb <= 0.000)
",0.000,0.000,0.000,1.000,0.000,0,0,9,0,0,9,9,0,0.0,0.0,1.0,0.0,0.0,1.0
"G[1,2](((Temp >= 3.729 | FiO2 <= 0.178) -> Potassium <= 0.143) -> Alkalinephos >= 0.001)
",9999999.000,9999999.000,0.000,1.000,0.000,0,0,1,8,8,1,1,8,0.0,0.0,1.0,0.0,0.0,1.0
"G[2,2](FiO2 <= 0.145 & SBP >= 55.141)
",-55.141,-55.141,0.000,1.000,0.000,0,0,9,0,0,9,9,0,0.0,0.0,1.0,0.0,0.0,1.0
"G[1,2](((O2Sat <= 96.635 & HR <= 101.661) & SaO2 >= 40.687) & EtCO2 >= 50.438)
",9999999.000,9999999.000,0.000,1.000,0.000,0,0,0,9,9,0,0,9,0.0,0.0,0.0,0.0,0.0,1.0
"G[0,2](Temp <= 35.171 & Potassium >= 0.013)
",9999999.000,9999999.000,0.000,1.000,0.000,0,0,0,9,9,0,0,9,0.0,0.0,0.0,0.0,0.0,1.0
"G[2,2](Magnesium >= 0.000 | Fibrinogen >= 0.000)
",0.000,0.000,0.000,1.000,0.000,0,0,9,0,0,9,9,0,0.0,0.0,1.0,0.0,0.0,1.0
"G[1,2](((Phosphate >= 0.000 | BaseExcess >= 0.000) -> Alkalinephos >= 0.000) & FiO2 >= 0.000)
",9999999.000,9999999.000,0.000,1.000,0.000,0,0,9,0,0,9,9,0,0.0,0.0,1.0,0.0,0.0,1.0
"G[0,1](((Bilirubin_direct >= 0.000 | O2Sat <= 83.479) & SepsisLabel >= 43.373) & Bilirubin_total >= 39.764)
",9999999.000,9999999.000,0.000,1.000,0.000,0,0,0,9,9,0,0,9,0.0,0.0,0.0,0.0,0.0,1.0
"G[1,1](FiO2 >= 0.009 & WBC <= 7.246)
",-0.009,-0.009,0.000,1.000,0.000,0,0,0,9,9,0,0,9,0.0,0.0,0.0,0.0,0.0,1.0
"G[0,2](Hct >= 1.151 -> Hct >= 1.824)
",9999999.000,9999999.000,0.000,1.000,0.000,0,0,9,0,0,9,9,0,0.0,0.0,1.0,0.0,0.0,1.0
"G[1,2](((SepsisLabel >= 0.000 -> DBP >= 19.309) -> Creatinine >= 0.644) & Hct <= 44.411)
",9999999.000,9999999.000,0.000,1.000,0.000,0,0,5,4,4,5,5,4,0.0,0.0,1.0,0.0,0.0,1.0
"G[1,2](DBP >= 22.193 -> pH <= 1.121)
",9999999.000,9999999.000,0.000,1.000,0.000,0,0,9,0,0,9,9,0,0.0,0.0,1.0,0.0,0.0,1.0
"G[2,2](WBC <= 3.574 & BaseExcess >= 0.000)
",0.000,0.000,0.000,1.000,0.000,0,0,9,0,0,9,9,0,0.0,0.0,1.0,0.0,0.0,1.0
"G[0,2](MAP <= 42.595 & MAP >= 28.147)
",9999999.000,9999999.000,0.000,1.000,0.000,0,0,0,9,9,0,0,9,0.0,0.0,0.0,0.0,0.0,1.0
"G[0,1](((Calcium >= 0.034 | MAP <= 55.844) -> BUN >= 24.679) & WBC >= 18.329)
",9999999.000,9999999.000,0.000,1.000,0.000,0,0,0,9,9,0,0,9,0.0,0.0,0.0,0.0,0.0,1.0
"G[1,1]((AST >= 0.000 | WBC <= 6.919) -> Magnesium >= 0.307)
",-6.919,-6.919,0.000,1.000,0.000,0,0,0,9,9,0,0,9,0.0,0.0,0.0,0.0,0.0,1.0
"G[0,2](((pH >= 0.182 -> O2Sat <= 80.219) | Resp >= 1.825) | Lactate <= 84.091)
",9999999.000,9999999.000,0.000,1.000,0.000,0,0,9,0,0,9,9,0,0.0,0.0,1.0,0.0,0.0,1.0
"G[1,2](Potassium >= 0.179 | Alkalinephos >= 0.000)
",9999999.000,9999999.000,0.000,1.000,0.000,0,0,9,0,0,9,9,0,0.0,0.0,1.0,0.0,0.0,1.0
"G[0,1](Platelets >= 1.693 & Hgb >= 0.528)
",9999999.000,9999999.000,0.000,1.000,0.000,0,0,0,9,9,0,0,9,0.0,0.0,0.0,0.0,0.0,1.0
"G[0,2](((HCO3 <= 0.000 | WBC <= 2.433) -> Bilirubin_total <= 7.259) -> Temp <= 1.753)
",9999999.000,9999999.000,0.000,1.000,0.000,0,0,5,4,4,5,5,4,0.0,0.0,1.0,0.0,0.0,1.0
"G[0,2]((Alkalinephos <= 0.000 | O2Sat >= 22.887) & Creatinine <= 72.632)
",9999999.000,9999999.000,0.000,1.000,0.000,0,0,9,0,0,9,9,0,0.0,0.0,1.0,0.0,0.0,1.0
"G[0,1]((Alkalinephos <= 0.000 | Calcium >= 0.024) -> Bilirubin_direct >= 0.377)
",9999999.000,9999999.000,0.000,1.000,0.000,0,0,0,9,9,0,0,9,0.0,0.0,0.0,0.0,0.0,1.0
"G[1,2]((SaO2 >= 3.107 & pH >= 0.409) & HCO3 >= 0.324)
",9999999.000,9999999.000,0.000,1.000,0.000,0,0,0,9,9,0,0,9,0.0,0.0,0.0,0.0,0.0,1.0
"G[1,2](((Temp <= 18.740 -> HR <= 109.060) | Alkalinephos <= 77.968) | Bilirubin_direct <= 72.857)
",9999999.000,9999999.000,0.000,1.000,0.000,0,0,9,0,0,9,9,0,0.0,0.0,1.0,0.0,0.0,1.0
"G[1,2](PTT <= 0.000 -> Alkalinephos >= 0.000)
",9999999.000,9999999.000,0.000,1.000,0.000,0,0,9,0,0,9,9,0,0.0,0.0,1.0,0.0,0.0,1.0
"G[1,2](((pH >= 0.220 -> SaO2 >= 4.849) & O2Sat >= 3.966) | O2Sat >= 2.470)
",9999999.000,9999999.000,0.000,1.000,0.000,0,0,5,4,4,5,5,4,0.0,0.0,1.0,0.0,0.0,1.0
"G[0,2](((Resp >= 5.858 -> O2Sat >= 25.496) -> O2Sat >= 48.307) | Resp >= 17.593)
",9999999.000,9999999.000,0.000,1.000,0.000,0,0,2,7,7,2,2,7,0.0,0.0,1.0,0.0,0.0,1.0
"G[1,2](O2Sat >= 18.318 & Resp >= 1.462)
",9999999.000,9999999.000,0.000,1.000,0.000,0,0,5,4,4,5,5,4,0.0,0.0,1.0,0.0,0.0,1.0
"G[0,1](((Lactate >= 0.000 & HR <= 98.112) & Phosphate <= 107.294) & pH >= 48.181)
",9999999.000,9999999.000,0.000,1.000,0.000,0,0,0,9,9,0,0,9,0.0,0.0,0.0,0.0,0.0,1.0
"G[1,2](Platelets >= 16.940 -> pH <= 3.024)
",9999999.000,9999999.000,0.000,1.000,0.000,0,0,9,0,0,9,9,0,0.0,0.0,1.0,0.0,0.0,1.0
"G[0,1](((Hgb >= 0.347 -> WBC >= 0.294) -> Phosphate <= 4.720) & Glucose >= 0.412)
",9999999.000,9999999.000,0.000,1.000,0.000,0,0,0,9,9,0,0,9,0.0,0.0,0.0,0.0,0.0,1.0
"G[2,2]((PTT <= 0.000 & WBC >= 0.172) | Glucose <= 6.131)
",6.131,6.131,0.000,1.000,0.000,0,0,9,0,0,9,9,0,0.0,0.0,1.0,0.0,0.0,1.0
"G[0,2](DBP <= 56.775 & Temp >= 7.695)
",9999999.000,9999999.000,0.000,1.000,0.000,0,0,0,9,9,0,0,9,0.0,0.0,0.0,0.0,0.0,1.0
"G[2,2](Chloride >= 0.000 & HCO3 >= 0.000)
",0.000,0.000,0.000,1.000,0.000,0,0,9,0,0,9,9,0,0.0,0.0,1.0,0.0,0.0,1.0
"G[0,2](((HR >= 31.573 | Creatinine <= 0.255) | Hct >= 0.031) & PaCO2 >= 0.012)
",9999999.000,9999999.000,0.000,1.000,0.000,0,0,0,9,9,0,0,9,0.0,0.0,0.0,0.0,0.0,1.0
"G[0,2](((Chloride >= 0.000 & Bilirubin_direct >= 0.000) | HCO3 >= 0.000) & Creatinine >= 0.000)
",9999999.000,9999999.000,0.000,1.000,0.000,0,0,9,0,0,9,9,0,0.0,0.0,1.0,0.0,0.0,1.0
"G[1,2](PTT >= 0.000 -> SepsisLabel = 0.000)
",9999999.000,9999999.000,0.000,1.000,0.000,0,0,9,0,0,9,9,0,0.0,0.0,1.0,0.0,0.0,1.0
"G[0,0](Platelets <= 127.365 -> WBC >= 0.109)
",-8962519027048967.000,-127.365,0.000,1.000,0.000,0,0,0,9,9,0,0,9,0.0,0.0,0.0,0.0,0.0,1.0
"G[0,1](((Hgb <= 8.108 | Hct <= 30.524) -> WBC >= 0.230) & Platelets >= 15.123)
",9999999.000,9999999.000,0.000,1.000,0.000,0,0,0,9,9,0,0,9,0.0,0.0,0.0,0.0,0.0,1.0
"G[0,2](BUN <= 15.944 & Creatinine >= 0.061)
",9999999.000,9999999.000,0.000,1.000,0.000,0,0,0,9,9,0,0,9,0.0,0.0,0.0,0.0,0.0,1.0
"G[2,2](AST < 0.000 & SepsisLabel = 0.000)
",0.000,0.000,0.000,1.000,0.000,0,0,9,0,0,9,9,0,0.0,0.0,1.0,0.0,0.0,1.0
"G[0,2](Bilirubin_direct >= 0.000 & SepsisLabel = 0.000)
",9999999.000,9999999.000,0.000,1.000,0.000,0,0,9,0,0,9,9,0,0.0,0.0,1.0,0.0,0.0,1.0
"G[0,2](SaO2 >= 1.745 -> SepsisLabel = 0.000)
",9999999.000,9999999.000,0.000,1.000,0.000,0,0,9,0,0,9,9,0,0.0,0.0,1.0,0.0,0.0,1.0
"G[1,1](Bilirubin_direct > 0.000 & SepsisLabel = 0.000)
",0.000,0.000,0.000,1.000,0.000,0,0,0,9,9,0,0,9,0.0,0.0,0.0,0.0,0.0,1.0
"G[0,1](Lactate > 0.000 & SepsisLabel = 0.000)
",9999999.000,9999999.000,0.000,1.000,0.000,0,0,0,9,9,0,0,9,0.0,0.0,0.0,0.0,0.0,1.0
"G[1,2](PaCO2 < 20.572 & SepsisLabel = 0.000)
",9999999.000,9999999.000,0.000,1.000,0.000,0,0,9,0,0,9,9,0,0.0,0.0,1.0,0.0,0.0,1.0
"G[1,2](Alkalinephos <= 0.000 -> SepsisLabel = 0.000)
",9999999.000,9999999.000,0.000,1.000,0.000,0,0,9,0,0,9,9,0,0.0,0.0,1.0,0.0,0.0,1.0
"G[1,2](TroponinI >= 0.000 & SepsisLabel = 0.000)
",9999999.000,9999999.000,0.000,1.000,0.000,0,0,9,0,0,9,9,0,0.0,0.0,1.0,0.0,0.0,1.0
"G[2,2](pH < 3.975 & SepsisLabel = 0.000)
",0.000,0.000,0.000,1.000,0.000,0,0,9,0,0,9,9,0,0.0,0.0,1.0,0.0,0.0,1.0
"G[0,0](HCO3 > 0.000 & SepsisLabel = 0.000)
",0.000,0.000,0.000,1.000,0.000,0,0,0,9,9,0,0,9,0.0,0.0,0.0,0.0,0.0,1.0
"G[0,0](BUN <= 9.824 & Creatinine >= 0.052)
",-0.052,-0.052,0.000,1.000,0.000,0,0,0,9,9,0,0,9,0.0,0.0,0.0,0.0,0.0,1.0
"G[1,2](((BUN >= 0.101 | Calcium <= 1.458) | Potassium <= 1.544) -> Magnesium <= 7.653)
",9999999.000,9999999.000,0.000,1.000,0.000,0,0,9,0,0,9,9,0,0.0,0.0,1.0,0.0,0.0,1.0
"G[1,2](((FiO2 >= 0.006 & PaCO2 >= 1.355) | SepsisLabel >= 1.301) -> Hgb >= 0.707)
",9999999.000,9999999.000,0.000,1.000,0.000,0,0,9,0,0,9,9,0,0.0,0.0,1.0,0.0,0.0,1.0
"G[0,1](((Glucose >= 5.052 & Glucose <= 72.432) & Creatinine <= 65.392) & Temp <= 56.866)
",9999999.000,9999999.000,0.000,1.000,0.000,0,0,0,9,9,0,0,9,0.0,0.0,0.0,0.0,0.0,1.0
"G[1,2](((Calcium >= 0.298 -> Potassium >= 0.073) & Hct <= 2.072) | Bilirubin_direct <= 0.955)
",9999999.000,9999999.000,0.000,1.000,0.000,0,0,9,0,0,9,9,0,0.0,0.0,1.0,0.0,0.0,1.0
"G[1,2](BUN >= 0.556 | Hgb <= 0.757)
",9999999.000,9999999.000,0.000,1.000,0.000,0,0,9,0,0,9,9,0,0.0,0.0,1.0,0.0,0.0,1.0
"G[0,2]((BUN <= 10.519 -> WBC <= 5.528) | DBP <= 4.889)
",9999999.000,9999999.000,0.000,1.000,0.000,0,0,9,0,0,9,9,0,0.0,0.0,1.0,0.0,0.0,1.0
"G[1,2](((Creatinine >= 0.031 | Potassium >= 0.022) -> Hgb <= 0.277) | O2Sat <= 2.694)
",9999999.000,9999999.000,0.000,1.000,0.000,0,0,8,1,1,8,8,1,0.0,0.0,1.0,0.0,0.0,1.0
"G[0,2]((DBP <= 29.208 & MAP >= 19.950) & FiO2 <= 67.978)
",9999999.000,9999999.000,0.000,1.000,0.000,0,0,0,9,9,0,0,9,0.0,0.0,0.0,0.0,0.0,1.0
"G[2,2]((DBP >= 6.013 -> SBP >= 0.564) -> BUN <= 170.400)
",-170.400,-170.400,0.000,1.000,0.000,0,0,9,0,0,9,9,0,0.0,0.0,1.0,0.0,0.0,1.0
"G[0,2](HR <= 115.358 & Resp <= 19.514)
",9999999.000,9999999.000,0.000,1.000,0.000,0,0,4,5,5,4,4,5,0.0,0.0,1.0,0.0,0.0,1.0
"G[1,2](((O2Sat <= 70.724 -> Resp <= 25.640) | BaseExcess <= 13.873) & Creatinine >= 8.438)
",9999999.000,9999999.000,0.000,1.000,0.000,0,0,0,9,9,0,0,9,0.0,0.0,0.0,0.0,0.0,1.0
"G[0,1](((Glucose >= 16.613 & Potassium >= 0.140) -> HR <= 0.377) -> Bilirubin_direct >= 0.134)
",9999999.000,9999999.000,0.000,1.000,0.000,0,0,0,9,9,0,0,9,0.0,0.0,0.0,0.0,0.0,1.0
"G[2,2](Chloride >= 0.000 & HCO3 >= 0.000)
",0.000,0.000,0.000,1.000,0.000,0,0,9,0,0,9,9,0,0.0,0.0,1.0,0.0,0.0,1.0
"G[0,1](((Hgb <= 2.635 | Hct <= 32.090) -> WBC >= 0.156) & Platelets >= 10.925)
",9999999.000,9999999.000,0.000,1.000,0.000,0,0,0,9,9,0,0,9,0.0,0.0,0.0,0.0,0.0,1.0
"G[0,2](((Bilirubin_total >= 0.000 & O2Sat <= 51.174) & SBP <= 91.454) -> Platelets >= 12.928)
",9999999.000,9999999.000,0.000,1.000,0.000,0,0,2,7,7,2,2,7,0.0,0.0,1.0,0.0,0.0,1.0
"G[1,2](((Hgb <= 1.603 | Hct <= 18.478) -> WBC >= 0.360) & Platelets >= 3.141)
",9999999.000,9999999.000,0.000,1.000,0.000,0,0,1,8,8,1,1,8,0.0,0.0,1.0,0.0,0.0,1.0
"G[0,1](((Hgb <= 2.160 | Hct <= 33.665) -> WBC >= 0.087) & Platelets >= 10.778)
",9999999.000,9999999.000,0.000,1.000,0.000,0,0,0,9,9,0,0,9,0.0,0.0,0.0,0.0,0.0,1.0
"G[0,1](BUN <= 4.991 & Creatinine >= 0.001)
",9999999.000,9999999.000,0.000,1.000,0.000,0,0,0,9,9,0,0,9,0.0,0.0,0.0,0.0,0.0,1.0
"G[1,2](Chloride >= 0.000 & HCO3 >= 0.000)
",9999999.000,9999999.000,0.000,1.000,0.000,0,0,9,0,0,9,9,0,0.0,0.0,1.0,0.0,0.0,1.0
"G[1,2](Platelets <= 51.997 -> WBC >= 0.039)
",9999999.000,9999999.000,0.000,1.000,0.000,0,0,1,8,8,1,1,8,0.0,0.0,1.0,0.0,0.0,1.0
"G[1,1](BUN <= 8.799 & Creatinine >= 0.054)
",-0.054,-0.054,0.000,1.000,0.000,0,0,0,9,9,0,0,9,0.0,0.0,0.0,0.0,0.0,1.0
"G[0,2](((Hgb <= 6.119 | Hct <= 14.102) -> WBC >= 0.216) & Platelets >= 11.511)
",9999999.000,9999999.000,0.000,1.000,0.000,0,0,0,9,9,0,0,9,0.0,0.0,0.0,0.0,0.0,1.0
"G[0,1](BUN <= 9.041 & Creatinine >= 0.046)
",9999999.000,9999999.000,0.000,1.000,0.000,0,0,0,9,9,0,0,9,0.0,0.0,0.0,0.0,0.0,1.0
"G[2,2](Platelets <= 241.403 -> WBC >= 0.388)
",-8493605368791842.000,-241.403,0.000,1.000,0.000,0,0,9,0,0,9,9,0,0.0,0.0,1.0,0.0,0.0,1.0
"G[0,0](((Hgb <= 8.558 | Hct <= 32.582) -> WBC >= 0.309) & Platelets >= 13.052)
",-32.582,-32.582,0.000,1.000,0.000,0,0,0,9,9,0,0,9,0.0,0.0,0.0,0.0,0.0,1.0
"G[1,1](BUN <= 8.218 & Creatinine >= 0.054)
",-0.054,-0.054,0.000,1.000,0.000,0,0,0,9,9,0,0,9,0.0,0.0,0.0,0.0,0.0,1.0
"G[2,2](Chloride >= 0.000 & HCO3 >= 0.000)
",0.000,0.000,0.000,1.000,0.000,0,0,9,0,0,9,9,0,0.0,0.0,1.0,0.0,0.0,1.0
"G[0,2](Platelets <= 251.646 -> WBC >= 0.232)
",9999999.000,9999999.000,0.000,1.000,0.000,0,0,0,9,9,0,0,9,0.0,0.0,0.0,0.0,0.0,1.0
"G[0,2](BUN <= 5.808 & Creatinine >= 0.041)
",9999999.000,9999999.000,0.000,1.000,0.000,0,0,0,9,9,0,0,9,0.0,0.0,0.0,0.0,0.0,1.0
"G[2,2](Platelets <= 190.512 -> WBC >= 0.160)
",-190.512,-190.512,0.000,1.000,0.000,0,0,9,0,0,9,9,0,0.0,0.0,1.0,0.0,0.0,1.0
"G[0,2](Platelets <= 24.305 -> WBC >= 0.406)
",9999999.000,9999999.000,0.000,1.000,0.000,0,0,0,9,9,0,0,9,0.0,0.0,0.0,0.0,0.0,1.0
"G[1,2](((Hgb <= 10.748 | Hct <= 9.899) -> WBC >= 0.324) & Platelets >= 2.963)
",9999999.000,9999999.000,0.000,1.000,0.000,0,0,1,8,8,1,1,8,0.0,0.0,1.0,0.0,0.0,1.0
"G[1,2](BUN <= 8.395 & Creatinine >= 0.056)
",9999999.000,9999999.000,0.000,1.000,0.000,0,0,0,9,9,0,0,9,0.0,0.0,0.0,0.0,0.0,1.0
"G[0,2](Chloride >= 0.000 & HCO3 >= 0.000)
",9999999.000,9999999.000,0.000,1.000,0.000,0,0,9,0,0,9,9,0,0.0,0.0,1.0,0.0,0.0,1.0
"G[0,2](Platelets <= 250.297 -> WBC >= 0.025)
",9999999.000,9999999.000,0.000,1.000,0.000,0,0,0,9,9,0,0,9,0.0,0.0,0.0,0.0,0.0,1.0
"G[0,2](((Hgb <= 4.712 | Hct <= 22.931) -> WBC >= 0.186) & Platelets >= 1.045)
",9999999.000,9999999.000,0.000,1.000,0.000,0,0,0,9,9,0,0,9,0.0,0.0,0.0,0.0,0.0,1.0
"G[2,2](BUN <= 5.164 & Creatinine >= 0.051)
",-0.051,-0.051,0.000,1.000,0.000,0,0,9,0,0,9,9,0,0.0,0.0,1.0,0.0,0.0,1.0
"G[0,2](Chloride >= 0.000 & HCO3 >= 0.000)
",9999999.000,9999999.000,0.000,1.000,0.000,0,0,9,0,0,9,9,0,0.0,0.0,1.0,0.0,0.0,1.0
"G[0,1](Platelets <= 117.771 -> WBC >= 0.373)
",9999999.000,9999999.000,0.000,1.000,0.000,0,0,0,9,9,0,0,9,0.0,0.0,0.0,0.0,0.0,1.0
"G[1,2](((Hgb <= 8.810 | Hct <= 13.900) -> WBC >= 0.008) & Platelets >= 11.807)
",9999999.000,9999999.000,0.000,1.000,0.000,0,0,1,8,8,1,1,8,0.0,0.0,1.0,0.0,0.0,1.0
"G[0,2](BUN <= 15.947 & Creatinine >= 0.024)
",9999999.000,9999999.000,0.000,1.000,0.000,0,0,0,9,9,0,0,9,0.0,0.0,0.0,0.0,0.0,1.0
"G[1,2](Chloride >= 0.000 & HCO3 >= 0.000)
",9999999.000,9999999.000,0.000,1.000,0.000,0,0,9,0,0,9,9,0,0.0,0.0,1.0,0.0,0.0,1.0
"G[1,2]((Glucose <= 130.117 & Hct <= 20.763) -> BaseExcess >= 1.325)
",9999999.000,9999999.000,0.000,1.000,0.000,0,0,2,7,7,2,2,7,0.0,0.0,1.0,0.0,0.0,1.0
"G[0,2](DBP <= 31.550 & HR >= 26.434)
",9999999.000,9999999.000,0.000,1.000,0.000,0,0,0,9,9,0,0,9,0.0,0.0,0.0,0.0,0.0,1.0
"G[0,2]((O2Sat <= 61.194 & Temp <= 13.224) -> WBC >= 1.377)
",9999999.000,9999999.000,0.000,1.000,0.000,0,0,2,7,7,2,2,7,0.0,0.0,1.0,0.0,0.0,1.0
"G[0,2]((Lactate >= 0.000 -> Bilirubin_direct <= 0.000) -> EtCO2 >= 0.000)
",9999999.000,9999999.000,0.000,1.000,0.000,0,0,9,0,0,9,9,0,0.0,0.0,1.0,0.0,0.0,1.0
"G[0,1](TroponinI >= 0.000 & pH >= 0.201)
",9999999.000,9999999.000,0.000,1.000,0.000,0,0,0,9,9,0,0,9,0.0,0.0,0.0,0.0,0.0,1.0
"G[0,2](((DBP <= 52.810 & O2Sat <= 72.764) & HCO3 >= 34.143) & Lactate >= 24.820)
",9999999.000,9999999.000,0.000,1.000,0.000,0,0,0,9,9,0,0,9,0.0,0.0,0.0,0.0,0.0,1.0
"G[0,2]((HCO3 >= 0.000 -> Bilirubin_total <= 0.000) | Calcium >= 0.000)
",9999999.000,9999999.000,0.000,1.000,0.000,0,0,9,0,0,9,9,0,0.0,0.0,1.0,0.0,0.0,1.0
"G[0,2](((Resp >= 1.427 -> BUN <= 16.588) | PTT <= 9.489) | Resp <= 6.128)
",9999999.000,9999999.000,0.000,1.000,0.000,0,0,9,0,0,9,9,0,0.0,0.0,1.0,0.0,0.0,1.0
"G[2,2](((HCO3 >= 0.000 & SBP >= 54.984) -> PaCO2 <= 100.658) | O2Sat >= 31.193)
",-31.193,-31.193,0.000,1.000,0.000,0,0,9,0,0,9,9,0,0.0,0.0,1.0,0.0,0.0,1.0
"G[2,2]((PaCO2 <= 7.668 & PTT <= 0.000) & Potassium >= 0.000)
",0.000,0.000,0.000,1.000,0.000,0,0,9,0,0,9,9,0,0.0,0.0,1.0,0.0,0.0,1.0
"G[0,2](HR <= 64.149 -> Fibrinogen <= 0.000)
",9999999.000,9999999.000,0.000,1.000,0.000,0,0,9,0,0,9,9,0,0.0,0.0,1.0,0.0,0.0,1.0
"G[0,2]((EtCO2 >= 0.000 | Chloride >= 0.000) -> Lactate >= 0.000)
",9999999.000,9999999.000,0.000,1.000,0.000,0,0,9,0,0,9,9,0,0.0,0.0,1.0,0.0,0.0,1.0
"G[0,2]((WBC >= 0.302 | Magnesium <= 0.000) | O2Sat <= 0.000)
",9999999.000,9999999.000,0.000,1.000,0.000,0,0,9,0,0,9,9,0,0.0,0.0,1.0,0.0,0.0,1.0
"G[0,1](Platelets <= 294.858 -> WBC >= 0.158)
",9999999.000,9999999.000,0.000,1.000,0.000,0,0,0,9,9,0,0,9,0.0,0.0,0.0,0.0,0.0,1.0
"G[0,2](Chloride <= 0.000 & WBC <= 3.666)
",9999999.000,9999999.000,0.000,1.000,0.000,0,0,8,1,1,8,8,1,0.0,0.0,1.0,0.0,0.0,1.0
"G[1,2](((SBP <= 78.694 | TroponinI <= 0.000) | Calcium >= 0.000) | SBP <= 0.000)
",9999999.000,9999999.000,0.000,1.000,0.000,0,0,9,0,0,9,9,0,0.0,0.0,1.0,0.0,0.0,1.0
"G[1,2](Magnesium >= 0.000 -> pH >= 0.375)
",9999999.000,9999999.000,0.000,1.000,0.000,0,0,0,9,9,0,0,9,0.0,0.0,0.0,0.0,0.0,1.0
"G[1,2](Resp >= 8.687 -> Temp >= 4.305)
",9999999.000,9999999.000,0.000,1.000,0.000,0,0,7,2,2,7,7,2,0.0,0.0,1.0,0.0,0.0,1.0
"G[1,2]((Hct >= 0.170 | Platelets >= 15.149) -> Platelets <= 239.394)
",9999999.000,9999999.000,0.000,1.000,0.000,0,0,8,1,1,8,8,1,0.0,0.0,1.0,0.0,0.0,1.0
"G[1,2]((Bilirubin_direct >= 0.000 | EtCO2 >= 0.000) | Alkalinephos <= 0.000)
",9999999.000,9999999.000,0.000,1.000,0.000,0,0,9,0,0,9,9,0,0.0,0.0,1.0,0.0,0.0,1.0
"G[1,2](((Bilirubin_direct <= 0.000 & BUN <= 4.766) -> WBC >= 0.042) & BUN <= 12.530)
",9999999.000,9999999.000,0.000,1.000,0.000,0,0,0,9,9,0,0,9,0.0,0.0,0.0,0.0,0.0,1.0
"G[0,1](((SepsisLabel >= 0.000 & SBP >= 0.317) -> Hct <= 102.957) & Calcium >= 12.458)
",9999999.000,9999999.000,0.000,1.000,0.000,0,0,0,9,9,0,0,9,0.0,0.0,0.0,0.0,0.0,1.0
"G[0,1](((HCO3 <= 0.000 -> Platelets >= 14.467) -> SaO2 <= 287.381) -> Magnesium >= 8.315)
",9999999.000,9999999.000,0.000,1.000,0.000,0,0,0,9,9,0,0,9,0.0,0.0,0.0,0.0,0.0,1.0
"G[0,2]((Fibrinogen >= 0.000 | Hgb <= 1.760) & O2Sat <= 3.630)
",9999999.000,9999999.000,0.000,1.000,0.000,0,0,2,7,7,2,2,7,0.0,0.0,1.0,0.0,0.0,1.0
"G[1,2](SepsisLabel >= 0.000 -> Chloride <= 0.000)
",9999999.000,9999999.000,0.000,1.000,0.000,0,0,9,0,0,9,9,0,0.0,0.0,1.0,0.0,0.0,1.0
"G[2,2](Calcium >= 0.276 -> HR <= 123.877)
",-123.877,-123.877,0.000,1.000,0.000,0,0,9,0,0,9,9,0,0.0,0.0,1.0,0.0,0.0,1.0
"G[1,2](Magnesium >= 0.000 | EtCO2 >= 0.000)
",9999999.000,9999999.000,0.000,1.000,0.000,0,0,9,0,0,9,9,0,0.0,0.0,1.0,0.0,0.0,1.0
"G[0,2](TroponinI >= 0.000 | Resp <= 11.610)
",9999999.000,9999999.000,0.000,1.000,0.000,0,0,9,0,0,9,9,0,0.0,0.0,1.0,0.0,0.0,1.0
"G[1,2](PTT <= 0.000 -> O2Sat <= 76.764)
",9999999.000,9999999.000,0.000,1.000,0.000,0,0,4,5,5,4,4,5,0.0,0.0,1.0,0.0,0.0,1.0
"G[0,2](((Calcium <= 4.167 | BUN <= 14.819) | SaO2 <= 10.585) | Fibrinogen >= 0.069)
",9999999.000,9999999.000,0.000,1.000,0.000,0,0,9,0,0,9,9,0,0.0,0.0,1.0,0.0,0.0,1.0
"G[1,2](((HCO3 <= 0.000 -> Potassium <= 3.272) & Magnesium >= 0.082) | DBP <= 2.749)
",9999999.000,9999999.000,0.000,1.000,0.000,0,0,5,4,4,5,5,4,0.0,0.0,1.0,0.0,0.0,1.0
"G[1,2]((Temp >= 7.016 -> Glucose <= 86.898) -> Calcium <= 172.007)
",9999999.000,9999999.000,0.000,1.000,0.000,0,0,9,0,0,9,9,0,0.0,0.0,1.0,0.0,0.0,1.0
"G[1,2]((DBP <= 35.022 & WBC <= 6.014) | MAP >= 0.160)
",9999999.000,9999999.000,0.000,1.000,0.000,0,0,8,1,1,8,8,1,0.0,0.0,1.0,0.0,0.0,1.0
"G[0,2](((Magnesium <= 0.000 & HCO3 <= 0.000) -> Magnesium >= 0.000) | EtCO2 <= 0.000)
",9999999.000,9999999.000,0.000,1.000,0.000,0,0,9,0,0,9,9,0,0.0,0.0,1.0,0.0,0.0,1.0
"G[1,2]((O2Sat >= 32.488 -> SBP >= 10.609) -> Temp >= 34.347)
",9999999.000,9999999.000,0.000,1.000,0.000,0,0,5,4,4,5,5,4,0.0,0.0,1.0,0.0,0.0,1.0
"G[1,2](DBP >= 8.283 & Glucose >= 12.197)
",9999999.000,9999999.000,0.000,1.000,0.000,0,0,0,9,9,0,0,9,0.0,0.0,0.0,0.0,0.0,1.0
"G[1,2](Glucose <= 137.190 | SBP >= 30.516)
",9999999.000,9999999.000,0.000,1.000,0.000,0,0,7,2,2,7,7,2,0.0,0.0,1.0,0.0,0.0,1.0
"G[2,2]((FiO2 <= 0.162 & O2Sat <= 66.957) & FiO2 <= 57.475)
",0.162,0.162,0.000,1.000,0.000,0,0,9,0,0,9,9,0,0.0,0.0,1.0,0.0,0.0,1.0
"G[0,0](((O2Sat >= 39.006 & pH >= 0.097) | BUN <= 3.433) & Calcium >= 0.195)
",-0.195,-0.195,0.000,1.000,0.000,0,0,0,9,9,0,0,9,0.0,0.0,0.0,0.0,0.0,1.0
"G[1,2]((Calcium <= 1.149 & HR >= 7.672) | Bilirubin_total >= 11.985)
",9999999.000,9999999.000,0.000,1.000,0.000,0,0,4,5,5,4,4,5,0.0,0.0,1.0,0.0,0.0,1.0
"G[0,2](Creatinine <= 0.780 -> HR >= 12.279)
",9999999.000,9999999.000,0.000,1.000,0.000,0,0,2,7,7,2,2,7,0.0,0.0,1.0,0.0,0.0,1.0
"G[0,2]((Hgb <= 9.137 -> HR >= 27.143) | Calcium >= 12.916)
",9999999.000,9999999.000,0.000,1.000,0.000,0,0,2,7,7,2,2,7,0.0,0.0,1.0,0.0,0.0,1.0
"G[1,2](Hgb >= 0.188 -> O2Sat <= 70.617)
",9999999.000,9999999.000,0.000,1.000,0.000,0,0,8,1,1,8,8,1,0.0,0.0,1.0,0.0,0.0,1.0
"G[0,2]((Resp >= 6.385 -> WBC <= 2.048) & WBC <= 7.064)
",9999999.000,9999999.000,0.000,1.000,0.000,0,0,8,1,1,8,8,1,0.0,0.0,1.0,0.0,0.0,1.0
"G[0,2]((DBP >= 15.125 -> pH >= 0.007) & Platelets <= 6.009)
",9999999.000,9999999.000,0.000,1.000,0.000,0,0,3,6,6,3,3,6,0.0,0.0,1.0,0.0,0.0,1.0
"G[1,2](((MAP >= 4.229 -> WBC <= 7.212) & DBP <= 7.546) & WBC >= 0.016)
",9999999.000,9999999.000,0.000,1.000,0.000,0,0,1,8,8,1,1,8,0.0,0.0,1.0,0.0,0.0,1.0
"G[2,2](FiO2 <= 0.181 & SBP >= 12.091)
",-12.091,-12.091,0.000,1.000,0.000,0,0,9,0,0,9,9,0,0.0,0.0,1.0,0.0,0.0,1.0
"G[0,2](((Hgb >= 0.369 | SBP >= 32.144) | PTT <= 136.285) & DBP <= 78.118)
",9999999.000,9999999.000,0.000,1.000,0.000,0,0,9,0,0,9,9,0,0.0,0.0,1.0,0.0,0.0,1.0
"G[0,0]((Hct <= 20.962 | SBP >= 46.622) & Magnesium >= 16.960)
",-16.960,-16.960,0.000,1.000,0.000,0,0,0,9,9,0,0,9,0.0,0.0,0.0,0.0,0.0,1.0
"G[0,1](((Glucose <= 109.513 & PaCO2 <= 11.294) & FiO2 <= 1.869) & HCO3 >= 1.014)
",9999999.000,9999999.000,0.000,1.000,0.000,0,0,0,9,9,0,0,9,0.0,0.0,0.0,0.0,0.0,1.0
"G[0,2](((FiO2 <= 0.173 | Potassium <= 1.416) -> O2Sat <= 3.523) -> AST <= 0.349)
",9999999.000,9999999.000,0.000,1.000,0.000,0,0,9,0,0,9,9,0,0.0,0.0,1.0,0.0,0.0,1.0
"G[0,2]((PaCO2 >= 0.083 | Platelets <= 92.313) | PTT >= 7.922)
",9999999.000,9999999.000,0.000,1.000,0.000,0,0,8,1,1,8,8,1,0.0,0.0,1.0,0.0,0.0,1.0
"G[1,2]((SaO2 <= 74.946 -> WBC >= 0.362) -> TroponinI >= 0.304)
",9999999.000,9999999.000,0.000,1.000,0.000,0,0,8,1,1,8,8,1,0.0,0.0,1.0,0.0,0.0,1.0
"G[2,2](((FiO2 >= 0.008 -> Hgb >= 0.485) & PTT <= 4.753) | FiO2 <= 4.506)
",4.506,4.506,0.000,1.000,0.000,0,0,9,0,0,9,9,0,0.0,0.0,1.0,0.0,0.0,1.0
"G[1,2](((Hgb <= 9.435 | SaO2 >= 2.764) & Lactate <= 72.708) | Temp <= 25.349)
",9999999.000,9999999.000,0.000,1.000,0.000,0,0,9,0,0,9,9,0,0.0,0.0,1.0,0.0,0.0,1.0
"G[1,2](Glucose >= 15.826 & Resp >= 3.556)
",9999999.000,9999999.000,0.000,1.000,0.000,0,0,1,8,8,1,1,8,0.0,0.0,1.0,0.0,0.0,1.0
"G[2,2](TroponinI <= 0.000 | Temp >= 5.728)
",0.000,0.000,0.000,1.000,0.000,0,0,9,0,0,9,9,0,0.0,0.0,1.0,0.0,0.0,1.0
"G[1,2](((Calcium >= 0.216 & SepsisLabel <= 0.000) & Chloride <= 0.000) | SepsisLabel <= 0.000)
",9999999.000,9999999.000,0.000,1.000,0.000,0,0,9,0,0,9,9,0,0.0,0.0,1.0,0.0,0.0,1.0
"G[2,2](TroponinI <= 0.000 & DBP <= 41.316)
",0.000,0.000,0.000,1.000,0.000,0,0,9,0,0,9,9,0,0.0,0.0,1.0,0.0,0.0,1.0
"G[1,2](((HCO3 >= 0.000 -> PTT >= 0.000) & Temp >= 0.000) | MAP <= 0.000)
",9999999.000,9999999.000,0.000,1.000,0.000,0,0,9,0,0,9,9,0,0.0,0.0,1.0,0.0,0.0,1.0
