Rule,Discrimination Score,Pos Robustness,Neg Robustness,Percent Class +,Percent Class -,TP,TN,FP,FN,Actual Yes,Actual No,Predicted Yes,Predicted No,TPR/Sens,TNR/Spec,FPR,Precision,Accuracy,MCR
"G[0,0](Creatinine <= 0.570 & SepsisLabel = 0.000)
",0.000,0.000,0.000,1.000,0.000,26,0,0,0,26,0,26,0,1.0,0.0,0.0,1.0,1.0,0.0
"G[0,1](((HCO3 <= 5.826 | O2Sat <= 87.513) -> Lactate >= 75.423) | Phosphate <= 85.997)
",9999999.000,9999999.000,0.000,1.000,0.000,26,0,0,0,26,0,26,0,1.0,0.0,0.0,1.0,1.0,0.0
"G[0,0](Hgb <= 1.938 -> FiO2 >= 0.000)
",-5.000,-1.864,0.000,1.000,0.000,26,0,0,0,26,0,26,0,1.0,0.0,0.0,1.0,1.0,0.0
"G[0,1](HR <= 93.475 -> SepsisLabel = 0.000)
",9999999.000,9999999.000,0.000,1.000,0.000,26,0,0,0,26,0,26,0,1.0,0.0,0.0,1.0,1.0,0.0
"G[0,1](BUN <= 4.909 -> SepsisLabel = 0.000)
",9999999.000,9999999.000,0.000,1.000,0.000,26,0,0,0,26,0,26,0,1.0,0.0,0.0,1.0,1.0,0.0
"G[0,1](Magnesium <= 1.473 -> Bilirubin_total <= 0.000)
",9999999.000,9999999.000,0.000,1.000,0.000,26,0,0,0,26,0,26,0,1.0,0.0,0.0,1.0,1.0,0.0
"G[1,1](Platelets <= 95.224 -> SepsisLabel = 0.000)
",-6700821544196996.000,-95.224,0.000,1.000,0.000,26,0,0,0,26,0,26,0,1.0,0.0,0.0,1.0,1.0,0.0
"G[0,1](SepsisLabel > 0.000 -> SepsisLabel = 0.000)
",9999999.000,9999999.000,0.000,1.000,0.000,26,0,0,0,26,0,26,0,1.0,0.0,0.0,1.0,1.0,0.0
"G[0,0](BaseExcess > -0.658 -> SepsisLabel = 0.000)
",-5928274226810044.000,-0.658,0.000,1.000,0.000,26,0,0,0,26,0,26,0,1.0,0.0,0.0,1.0,1.0,0.0
"G[0,0](((AST >= 0.000 | SaO2 >= 0.000) -> BUN <= 0.000) -> Bilirubin_direct <= 0.000)
",0.000,0.000,0.000,1.000,0.000,26,0,0,0,26,0,26,0,1.0,0.0,0.0,1.0,1.0,0.0
"G[1,1](HR >= 31.455 | Fibrinogen <= 0.000)
",0.000,0.000,0.000,1.000,0.000,26,0,0,0,26,0,26,0,1.0,0.0,0.0,1.0,1.0,0.0
"G[0,1](((FiO2 >= 0.000 & FiO2 <= 0.000) | Hct <= 0.000) & FiO2 <= 0.000)
",9999999.000,9999999.000,0.000,1.000,0.000,26,0,0,0,26,0,26,0,1.0,0.0,0.0,1.0,1.0,0.0
"G[0,1]((O2Sat >= 29.654 | BaseExcess <= 1.147) | Temp <= 0.626)
",9999999.000,9999999.000,0.000,1.000,0.000,26,0,0,0,26,0,26,0,1.0,0.0,0.0,1.0,1.0,0.0
"G[0,1](WBC <= 7.396 -> SepsisLabel = 0.000)
",9999999.000,9999999.000,0.000,1.000,0.000,26,0,0,0,26,0,26,0,1.0,0.0,0.0,1.0,1.0,0.0
"G[0,0](Calcium >= 0.127 -> MAP >= 52.639)
",-2.253,-68.747,0.000,1.000,0.000,26,0,0,0,26,0,26,0,1.0,0.0,0.0,1.0,1.0,0.0
"G[1,1](((Magnesium >= 0.102 & MAP >= 64.090) & TroponinI >= 47.266) | Magnesium <= 99.167)
",6978273456528662.000,99.167,0.000,1.000,0.000,26,0,0,0,26,0,26,0,1.0,0.0,0.0,1.0,1.0,0.0
"G[0,1](Hgb >= 0.204 -> PaCO2 >= 2.298)
",9999999.000,9999999.000,0.000,1.000,0.000,26,0,0,0,26,0,26,0,1.0,0.0,0.0,1.0,1.0,0.0
"G[1,1](pH <= 2.290 -> Calcium <= 5.423)
",-5.423,-5.423,0.000,1.000,0.000,26,0,0,0,26,0,26,0,1.0,0.0,0.0,1.0,1.0,0.0
"G[1,1](((BaseExcess <= 1.518 -> HCO3 >= 0.514) -> SepsisLabel <= 21.160) | Bilirubin_direct <= 19.714)
",19.714,19.714,0.000,1.000,0.000,26,0,0,0,26,0,26,0,1.0,0.0,0.0,1.0,1.0,0.0
"G[0,0]((Resp <= 16.665 | SBP <= 124.719) | MAP <= 123.746)
",7.979,117.532,0.000,1.000,0.000,26,0,0,0,26,0,26,0,1.0,0.0,0.0,1.0,1.0,0.0
"G[1,1]((BaseExcess >= -0.565 & Glucose <= 150.978) -> SepsisLabel <= 82.675)
",-5817738331734450.000,-82.675,0.000,1.000,0.000,26,0,0,0,26,0,26,0,1.0,0.0,0.0,1.0,1.0,0.0
"G[0,0]((Calcium >= 0.490 | Platelets >= 3.449) -> BaseExcess <= 110.247)
",-7757937747292834.000,-110.247,0.000,1.000,0.000,26,0,0,0,26,0,26,0,1.0,0.0,0.0,1.0,1.0,0.0
"G[0,1](((Bilirubin_total <= 0.000 & pH >= 0.832) & Creatinine >= 0.195) | Platelets <= 3.405)
",9999999.000,9999999.000,0.000,1.000,0.000,26,0,0,0,26,0,26,0,1.0,0.0,0.0,1.0,1.0,0.0
"G[0,0](((MAP <= 115.484 -> BaseExcess >= -3.463) & SepsisLabel <= 0.319) | Calcium <= 2.013)
",2.013,2.013,0.000,1.000,0.000,26,0,0,0,26,0,26,0,1.0,0.0,0.0,1.0,1.0,0.0
"G[0,1](PTT <= 10.461 -> Alkalinephos >= 0.000)
",9999999.000,9999999.000,0.000,1.000,0.000,26,0,0,0,26,0,26,0,1.0,0.0,0.0,1.0,1.0,0.0
"G[0,1](Calcium <= 5.750 -> Glucose <= 168.135)
",9999999.000,9999999.000,0.000,1.000,0.000,26,0,0,0,26,0,26,0,1.0,0.0,0.0,1.0,1.0,0.0
"G[0,0]((O2Sat >= 35.405 -> BaseExcess >= -2.546) -> PaCO2 >= -2.964)
",-1.793,-3.533,0.000,1.000,0.000,26,0,0,0,26,0,26,0,1.0,0.0,0.0,1.0,1.0,0.0
"G[0,0](((Creatinine >= 0.029 -> Potassium >= 0.262) -> Fibrinogen <= 3.912) | Hct >= 0.185)
",-0.185,-0.185,0.000,1.000,0.000,26,0,0,0,26,0,26,0,1.0,0.0,0.0,1.0,1.0,0.0
"G[0,0](AST >= 0.000 -> Chloride <= 52.644)
",-7408927581617365.000,-52.644,0.000,1.000,0.000,26,0,0,0,26,0,26,0,1.0,0.0,0.0,1.0,1.0,0.0
"G[0,0]((Resp <= 20.280 & BaseExcess >= -4.054) | Bilirubin_direct >= -4.733)
",4.733,4.733,0.000,1.000,0.000,26,0,0,0,26,0,26,0,1.0,0.0,0.0,1.0,1.0,0.0
"G[0,0](((Bilirubin_total <= 0.000 | BaseExcess >= -3.357) & Hct >= -4.826) -> Alkalinephos >= -2.907)
",-7558816013876476.000,-3.357,0.000,1.000,0.000,26,0,0,0,26,0,26,0,1.0,0.0,0.0,1.0,1.0,0.0
"G[0,1](((Calcium >= 0.189 & PaCO2 >= 3.250) | Temp >= 0.244) -> TroponinI <= 18.920)
",9999999.000,9999999.000,0.000,1.000,0.000,26,0,0,0,26,0,26,0,1.0,0.0,0.0,1.0,1.0,0.0
"G[0,0](Hgb >= 0.674 | PTT <= 6.419)
",1.441,7.454,0.000,1.000,0.000,26,0,0,0,26,0,26,0,1.0,0.0,0.0,1.0,1.0,0.0
"G[0,1]((BaseExcess >= -1.282 & WBC <= 7.868) | Magnesium <= 7.356)
",9999999.000,9999999.000,0.000,1.000,0.000,26,0,0,0,26,0,26,0,1.0,0.0,0.0,1.0,1.0,0.0
"G[0,1](Creatinine >= 0.002 -> pH >= 0.673)
",9999999.000,9999999.000,0.000,1.000,0.000,26,0,0,0,26,0,26,0,1.0,0.0,0.0,1.0,1.0,0.0
"G[0,0](((Resp >= 1.825 | EtCO2 <= 0.000) & Bilirubin_total <= 0.000) -> BUN >= 0.000)
",0.000,0.000,0.000,1.000,0.000,26,0,0,0,26,0,26,0,1.0,0.0,0.0,1.0,1.0,0.0
"G[0,1]((EtCO2 <= 0.000 -> Bilirubin_direct <= 0.000) | pH >= 0.000)
",9999999.000,9999999.000,0.000,1.000,0.000,26,0,0,0,26,0,26,0,1.0,0.0,0.0,1.0,1.0,0.0
"G[0,0]((BaseExcess <= 0.268 & WBC <= 5.780) | Resp <= 7.037)
",0.536,1.309,0.000,1.000,0.000,26,0,0,0,26,0,26,0,1.0,0.0,0.0,1.0,1.0,0.0
"G[0,1](Bilirubin_total <= 0.000 -> SaO2 >= 0.000)
",9999999.000,9999999.000,0.000,1.000,0.000,26,0,0,0,26,0,26,0,1.0,0.0,0.0,1.0,1.0,0.0
"G[0,1](((DBP <= 67.495 & Glucose >= 8.441) -> Glucose <= 147.611) -> Hct <= 48.470)
",9999999.000,9999999.000,0.000,1.000,0.000,26,0,0,0,26,0,26,0,1.0,0.0,0.0,1.0,1.0,0.0
"G[0,1](Platelets >= 5.351 -> BUN >= 0.469)
",9999999.000,9999999.000,0.000,1.000,0.000,26,0,0,0,26,0,26,0,1.0,0.0,0.0,1.0,1.0,0.0
"G[0,1](Lactate >= 0.009 -> Magnesium <= 1.609)
",9999999.000,9999999.000,0.000,1.000,0.000,26,0,0,0,26,0,26,0,1.0,0.0,0.0,1.0,1.0,0.0
"G[0,1]((BaseExcess >= -2.037 -> DBP <= 79.211) -> TroponinI <= 76.201)
",9999999.000,9999999.000,0.000,1.000,0.000,26,0,0,0,26,0,26,0,1.0,0.0,0.0,1.0,1.0,0.0
"G[0,1](((BUN <= 7.646 -> HR <= 95.831) -> Phosphate >= 67.566) | DBP <= 87.884)
",9999999.000,9999999.000,0.000,1.000,0.000,25,0,0,1,26,0,25,1,0.9615384615384616,0.0,0.0,1.0,0.9615384615384616,0.038461538461538436
"G[0,0](SBP <= 149.427 & WBC <= 1.496)
",1.496,1.496,0.000,1.000,0.000,25,0,0,1,26,0,25,1,0.9615384615384616,0.0,0.0,1.0,0.9615384615384616,0.038461538461538436
"G[0,1](BUN >= 0.330 | Magnesium <= 1.498)
",9999999.000,9999999.000,0.000,1.000,0.000,25,0,0,1,26,0,25,1,0.9615384615384616,0.0,0.0,1.0,0.9615384615384616,0.038461538461538436
"G[0,0](((AST <= 0.000 | Magnesium <= 0.625) & Alkalinephos <= 1.291) & PaCO2 <= 0.290)
",-0.142,-0.279,0.000,1.000,0.000,24,0,0,2,26,0,24,2,0.9230769230769231,0.0,0.0,1.0,0.9230769230769231,0.07692307692307687
"G[1,1](Creatinine <= 0.510 | PaCO2 <= 25.689)
",7230739435276892.000,25.689,0.000,1.000,0.000,24,0,0,2,26,0,24,2,0.9230769230769231,0.0,0.0,1.0,0.9230769230769231,0.07692307692307687
"G[0,0]((Bilirubin_direct <= 0.000 -> Magnesium <= 1.585) -> MAP >= 0.071)
",-2.310,-113.237,0.000,1.000,0.000,24,0,0,2,26,0,24,2,0.9230769230769231,0.0,0.0,1.0,0.9230769230769231,0.07692307692307687
"G[1,1](BaseExcess <= 2.802 & HR <= 105.419)
",3154471894427991.000,2.802,0.000,1.000,0.000,24,0,0,2,26,0,24,2,0.9230769230769231,0.0,0.0,1.0,0.9230769230769231,0.07692307692307687
"G[0,0](Hgb >= 0.205 -> WBC >= 0.162)
",-0.175,-1.144,0.000,1.000,0.000,24,0,0,2,26,0,24,2,0.9230769230769231,0.0,0.0,1.0,0.9230769230769231,0.07692307692307687
"G[0,0]((MAP >= 37.356 | Alkalinephos <= 0.000) -> Hgb <= 0.000)
",-2.282,-81.699,0.000,1.000,0.000,24,0,0,2,26,0,24,2,0.9230769230769231,0.0,0.0,1.0,0.9230769230769231,0.07692307692307687
"G[0,1]((SepsisLabel <= 0.000 -> Glucose >= 11.583) -> Platelets <= 122.117)
",9999999.000,9999999.000,0.000,1.000,0.000,24,0,0,2,26,0,24,2,0.9230769230769231,0.0,0.0,1.0,0.9230769230769231,0.07692307692307687
"G[0,1](((Phosphate >= 1.7789459445181578e-05 -> Resp >= 13.242) & Platelets <= 19.648) | Temp >= 11.859)
",9999999.000,9999999.000,0.000,1.000,0.000,24,0,0,2,26,0,24,2,0.9230769230769231,0.0,0.0,1.0,0.9230769230769231,0.07692307692307687
"G[0,1](((Hct >= 2.689 & Potassium >= 0.319) -> Bilirubin_direct >= 0.200) | BaseExcess >= 0.183)
",9999999.000,9999999.000,0.000,1.000,0.000,23,0,0,3,26,0,23,3,0.8846153846153846,0.0,0.0,1.0,0.8846153846153846,0.11538461538461542
"G[1,1](PaCO2 <= 42.448 -> Potassium <= 1.950)
",-5974040346563905.000,-42.448,0.000,1.000,0.000,23,0,0,3,26,0,23,3,0.8846153846153846,0.0,0.0,1.0,0.8846153846153846,0.11538461538461542
"G[0,1]((PTT <= 9.307 & Resp <= 20.694) -> Hct <= 19.124)
",9999999.000,9999999.000,0.000,1.000,0.000,23,0,0,3,26,0,23,3,0.8846153846153846,0.0,0.0,1.0,0.8846153846153846,0.11538461538461542
"G[0,0](((Glucose <= 167.561 & Platelets >= 3.479) | Glucose >= 3.669) -> HCO3 >= 3.869)
",3.479,3.479,0.000,1.000,0.000,22,0,0,4,26,0,22,4,0.8461538461538461,0.0,0.0,1.0,0.8461538461538461,0.15384615384615385
"G[1,1](((PaCO2 <= 22.713 & WBC <= 1.443) & SBP <= 6.720) -> Temp >= 0.254)
",-6497556271377932.000,-1.443,0.000,1.000,0.000,22,0,0,4,26,0,22,4,0.8461538461538461,0.0,0.0,1.0,0.8461538461538461,0.15384615384615385
"G[1,1]((MAP >= 21.876 | DBP >= 57.027) | SaO2 >= 10.529)
",-5927027993759730.000,-10.529,0.000,1.000,0.000,21,0,0,5,26,0,21,5,0.8076923076923077,0.0,0.0,1.0,0.8076923076923077,0.1923076923076923
"G[1,1](((BaseExcess <= 2.914 & SBP <= 138.297) -> Hct >= 109.691) -> TroponinI >= 6.971)
",2.914,2.914,0.000,1.000,0.000,21,0,0,5,26,0,21,5,0.8076923076923077,0.0,0.0,1.0,0.8076923076923077,0.1923076923076923
"G[0,0](Hct <= 32.297 -> MAP <= 102.547)
",-1.701,-43.105,0.000,1.000,0.000,19,0,0,7,26,0,19,7,0.7307692307692307,0.0,0.0,1.0,0.7307692307692307,0.2692307692307693
"G[1,1](SBP <= 158.075 & HR >= 58.774)
",-8271767854718860.000,-58.774,0.000,1.000,0.000,19,0,0,7,26,0,19,7,0.7307692307692307,0.0,0.0,1.0,0.7307692307692307,0.2692307692307693
"G[0,1](HR > 68.262 & SepsisLabel = 0.000)
",9999999.000,9999999.000,0.000,1.000,0.000,18,0,0,8,26,0,18,8,0.6923076923076923,0.0,0.0,1.0,0.6923076923076923,0.3076923076923077
"G[0,1](((Creatinine >= 0.016 -> Chloride >= 1.083) | Calcium <= 21.185) & O2Sat >= 1.826)
",9999999.000,9999999.000,0.000,1.000,0.000,18,0,0,8,26,0,18,8,0.6923076923076923,0.0,0.0,1.0,0.6923076923076923,0.3076923076923077
"G[1,1](((BUN >= 0.020 -> PTT <= 13.122) & Resp <= 15.639) & Calcium <= 3.081)
",-13.122,-13.122,0.000,1.000,0.000,10,0,0,16,26,0,10,16,0.38461538461538464,0.0,0.0,1.0,0.38461538461538464,0.6153846153846154
"G[1,1](((BUN >= 0.153 & Hgb >= 0.063) | SBP <= 2.408) | HCO3 >= 0.259)
",2.408,2.408,0.000,1.000,0.000,7,0,0,19,26,0,7,19,0.2692307692307692,0.0,0.0,1.0,0.2692307692307692,0.7307692307692308
"G[0,0]((HR <= 101.847 & SBP <= 122.901) | Fibrinogen >= 54.572)
",-7680259659665652.000,-54.572,0.000,1.000,0.000,6,0,0,20,26,0,6,20,0.23076923076923078,0.0,0.0,1.0,0.23076923076923078,0.7692307692307692
"G[1,1]((Glucose <= 132.750 & Lactate <= 0.660) & O2Sat <= 1.628)
",5946288889848914.000,0.660,0.000,1.000,0.000,5,0,0,21,26,0,5,21,0.19230769230769232,0.0,0.0,1.0,0.19230769230769232,0.8076923076923077
"G[1,1](Lactate <= 0.510 -> Phosphate >= 0.074)
",-0.510,-0.510,0.000,1.000,0.000,3,0,0,23,26,0,3,23,0.11538461538461539,0.0,0.0,1.0,0.11538461538461539,0.8846153846153846
"G[1,1](Potassium >= 0.003 & Resp >= 5.298)
",-5964878422877137.000,-5.298,0.000,1.000,0.000,3,0,0,23,26,0,3,23,0.11538461538461539,0.0,0.0,1.0,0.11538461538461539,0.8846153846153846
"G[1,1](((BaseExcess <= 0.416 -> BUN >= 0.079) | Hct >= 0.356) | Magnesium >= 0.450)
",-0.356,-0.356,0.000,1.000,0.000,3,0,0,23,26,0,3,23,0.11538461538461539,0.0,0.0,1.0,0.11538461538461539,0.8846153846153846
"G[1,1](Platelets <= 9.853 -> WBC >= 0.127)
",-9.853,-9.853,0.000,1.000,0.000,2,0,0,24,26,0,2,24,0.07692307692307693,0.0,0.0,1.0,0.07692307692307693,0.9230769230769231
"G[0,0](Hct <= 18.921 -> PaCO2 >= 2.819)
",-18.921,-18.921,0.000,1.000,0.000,2,0,0,24,26,0,2,24,0.07692307692307693,0.0,0.0,1.0,0.07692307692307693,0.9230769230769231
"G[1,1](Platelets <= 172.034 -> WBC >= 0.027)
",-6052911557521244.000,-172.034,0.000,1.000,0.000,2,0,0,24,26,0,2,24,0.07692307692307693,0.0,0.0,1.0,0.07692307692307693,0.9230769230769231
"G[1,1](((Hgb <= 12.312 | Hct <= 33.217) -> WBC >= 0.040) & Platelets >= 1.366)
",-33.217,-33.217,0.000,1.000,0.000,2,0,0,24,26,0,2,24,0.07692307692307693,0.0,0.0,1.0,0.07692307692307693,0.9230769230769231
"G[1,1](Chloride >= 3.580 & HCO3 >= 0.148)
",-8061929956940404.000,-3.580,0.000,1.000,0.000,2,0,0,24,26,0,2,24,0.07692307692307693,0.0,0.0,1.0,0.07692307692307693,0.9230769230769231
"G[1,1](WBC >= 0.087 & SepsisLabel <= 0.000)
",-0.087,-0.087,0.000,1.000,0.000,2,0,0,24,26,0,2,24,0.07692307692307693,0.0,0.0,1.0,0.07692307692307693,0.9230769230769231
"G[1,1](((BUN >= 0.082 -> Calcium <= 4.514) -> HCO3 >= 0.366) & Hct >= 0.204)
",-7365716178671573.000,-0.204,0.000,1.000,0.000,2,0,0,24,26,0,2,24,0.07692307692307693,0.0,0.0,1.0,0.07692307692307693,0.9230769230769231
"G[1,1](HCO3 <= 25.970 -> Platelets >= 1.434)
",-25.970,-25.970,0.000,1.000,0.000,2,0,0,24,26,0,2,24,0.07692307692307693,0.0,0.0,1.0,0.07692307692307693,0.9230769230769231
"G[1,1]((BUN >= 0.022 & WBC >= 0.240) & Magnesium <= 5.984)
",-0.240,-0.240,0.000,1.000,0.000,2,0,0,24,26,0,2,24,0.07692307692307693,0.0,0.0,1.0,0.07692307692307693,0.9230769230769231
"G[1,1](((Hgb <= 3.020 | Hct <= 20.902) -> WBC >= 0.193) & Platelets >= 5.311)
",-5883397896855652.000,-20.902,0.000,1.000,0.000,2,0,0,24,26,0,2,24,0.07692307692307693,0.0,0.0,1.0,0.07692307692307693,0.9230769230769231
"G[1,1]((Lactate >= 0.008 -> SBP >= 60.583) -> PTT >= 56.916)
",-0.008,-0.008,0.000,1.000,0.000,1,0,0,25,26,0,1,25,0.038461538461538464,0.0,0.0,1.0,0.038461538461538464,0.9615384615384616
"G[0,1]((Magnesium <= 1.039 | Phosphate >= 0.133) -> Temp >= 0.073)
",9999999.000,9999999.000,0.000,1.000,0.000,1,0,0,25,26,0,1,25,0.038461538461538464,0.0,0.0,1.0,0.038461538461538464,0.9615384615384616
"G[0,1](Lactate >= 0.044 & WBC >= 0.070)
",9999999.000,9999999.000,0.000,1.000,0.000,0,0,0,26,26,0,0,26,0.0,0.0,0.0,0.0,0.0,1.0
"G[1,2](PTT <= 10.288 & SBP >= 32.685)
",9999999.000,9999999.000,0.000,1.000,0.000,0,0,20,6,6,20,20,6,0.0,0.0,1.0,0.0,0.0,1.0
"G[1,2](((DBP >= 43.807 -> Magnesium <= 1.300) & Temp >= 0.010) -> pH >= 0.105)
",9999999.000,9999999.000,0.000,1.000,0.000,0,0,24,2,2,24,24,2,0.0,0.0,1.0,0.0,0.0,1.0
"G[0,2](Lactate <= 1.261 & Platelets <= 91.627)
",9999999.000,9999999.000,0.000,1.000,0.000,0,0,23,3,3,23,23,3,0.0,0.0,1.0,0.0,0.0,1.0
"G[2,2](((Potassium <= 3.385 & Resp >= 1.576) & SepsisLabel >= 2.914) -> Phosphate <= 22.320)
",-6282597266014596.000,-22.320,0.000,1.000,0.000,0,0,26,0,0,26,26,0,0.0,0.0,1.0,0.0,0.0,1.0
"G[1,2](((Calcium >= 0.495 | Resp >= 8.477) & BUN <= 18.644) | TroponinI <= 17.054)
",9999999.000,9999999.000,0.000,1.000,0.000,0,0,26,0,0,26,26,0,0.0,0.0,1.0,0.0,0.0,1.0
"G[0,1]((pH >= 0.047 | Glucose <= 142.169) -> AST >= 5.880)
",9999999.000,9999999.000,0.000,1.000,0.000,0,0,0,26,26,0,0,26,0.0,0.0,0.0,0.0,0.0,1.0
"G[2,2](((DBP >= 65.047 -> Phosphate <= 2.963) -> Hct <= 2.823) & Hgb >= 0.011)
",-6356368375009828.000,-2.823,0.000,1.000,0.000,0,0,26,0,0,26,26,0,0.0,0.0,1.0,0.0,0.0,1.0
"G[0,2]((Hgb >= 0.659 -> Lactate <= 2.283) | Chloride <= 0.752)
",9999999.000,9999999.000,0.000,1.000,0.000,0,0,26,0,0,26,26,0,0.0,0.0,1.0,0.0,0.0,1.0
"G[0,1]((Creatinine >= 0.029 | Lactate >= 0.030) | HCO3 >= 0.028)
",9999999.000,9999999.000,0.000,1.000,0.000,0,0,0,26,26,0,0,26,0.0,0.0,0.0,0.0,0.0,1.0
"G[0,1](O2Sat <= 87.119 & pH >= 0.189)
",9999999.000,9999999.000,0.000,1.000,0.000,0,0,0,26,26,0,0,26,0.0,0.0,0.0,0.0,0.0,1.0
"G[1,2](Glucose >= 10.281 -> MAP >= 56.743)
",9999999.000,9999999.000,0.000,1.000,0.000,0,0,25,1,1,25,25,1,0.0,0.0,1.0,0.0,0.0,1.0
"G[0,2](((Creatinine <= 0.881 | DBP >= 3.753) -> Lactate <= 83.563) & TroponinI >= 20.348)
",9999999.000,9999999.000,0.000,1.000,0.000,0,0,0,26,26,0,0,26,0.0,0.0,0.0,0.0,0.0,1.0
"G[1,2](EtCO2 >= 0.000 | HR >= 74.203)
",9999999.000,9999999.000,0.000,1.000,0.000,0,0,26,0,0,26,26,0,0.0,0.0,1.0,0.0,0.0,1.0
"G[0,1]((SepsisLabel <= 0.000 | SBP >= 79.877) -> Resp >= 56.123)
",9999999.000,9999999.000,0.000,1.000,0.000,0,0,0,26,26,0,0,26,0.0,0.0,0.0,0.0,0.0,1.0
"G[1,2]((Phosphate <= 4.527 | pH <= 1.124) & Lactate <= 7.233)
",9999999.000,9999999.000,0.000,1.000,0.000,0,0,25,1,1,25,25,1,0.0,0.0,1.0,0.0,0.0,1.0
"G[0,2](((Bilirubin_total >= 0.000 | Lactate <= 0.372) & Potassium <= 0.556) -> Fibrinogen <= 2.299)
",9999999.000,9999999.000,0.000,1.000,0.000,0,0,26,0,0,26,26,0,0.0,0.0,1.0,0.0,0.0,1.0
"G[1,1](((MAP >= 42.871 & PTT <= 22.967) | Alkalinephos >= 0.178) & TroponinI >= 0.272)
",-0.272,-0.272,0.000,1.000,0.000,0,0,0,26,26,0,0,26,0.0,0.0,0.0,0.0,0.0,1.0
"G[0,1](((Potassium <= 0.672 -> PTT >= 0.007) -> AST <= 21.185) -> Magnesium >= 0.114)
",9999999.000,9999999.000,0.000,1.000,0.000,0,0,0,26,26,0,0,26,0.0,0.0,0.0,0.0,0.0,1.0
"G[0,2](Chloride >= 0.739 & HCO3 >= 0.042)
",9999999.000,9999999.000,0.000,1.000,0.000,0,0,0,26,26,0,0,26,0.0,0.0,0.0,0.0,0.0,1.0
"G[0,2]((Hct <= 6.519 -> SaO2 >= 0.000) & AST <= 0.000)
",9999999.000,9999999.000,0.000,1.000,0.000,0,0,26,0,0,26,26,0,0.0,0.0,1.0,0.0,0.0,1.0
"G[0,1](((EtCO2 >= 0.000 -> Bilirubin_direct >= 0.000) & Lactate <= 0.000) & Resp <= 0.000)
",9999999.000,9999999.000,0.000,1.000,0.000,0,0,0,26,26,0,0,26,0.0,0.0,0.0,0.0,0.0,1.0
"G[0,2](((EtCO2 >= 0.000 | pH <= 2.875) -> MAP >= 0.442) | Resp >= 0.582)
",9999999.000,9999999.000,0.000,1.000,0.000,0,0,19,7,7,19,19,7,0.0,0.0,1.0,0.0,0.0,1.0
"G[0,2](((Bilirubin_total >= 0.000 -> Glucose >= 8.428) -> AST >= 13.436) -> Hct >= 17.339)
",9999999.000,9999999.000,0.000,1.000,0.000,0,0,0,26,26,0,0,26,0.0,0.0,0.0,0.0,0.0,1.0
"G[2,2](((BaseExcess >= -3.121 -> Bilirubin_total >= 0.000) & SaO2 <= 0.000) -> FiO2 <= 0.000)
",0.000,0.000,0.000,1.000,0.000,0,0,26,0,0,26,26,0,0.0,0.0,1.0,0.0,0.0,1.0
"G[0,2]((Temp >= 2.967 | SepsisLabel >= 0.000) & BaseExcess <= 0.000)
",9999999.000,9999999.000,0.000,1.000,0.000,0,0,25,1,1,25,25,1,0.0,0.0,1.0,0.0,0.0,1.0
"G[0,2]((Glucose >= 14.351 & Lactate <= 1.579) & PaCO2 <= 0.714)
",9999999.000,9999999.000,0.000,1.000,0.000,0,0,0,26,26,0,0,26,0.0,0.0,0.0,0.0,0.0,1.0
"G[1,2]((Temp <= 31.944 | Phosphate <= 2.825) & BaseExcess >= 0.046)
",9999999.000,9999999.000,0.000,1.000,0.000,0,0,1,25,25,1,1,25,0.0,0.0,1.0,0.0,0.0,1.0
"G[1,2](((Platelets <= 123.367 & WBC <= 0.625) -> Creatinine <= 4.886) & Lactate <= 6.673)
",9999999.000,9999999.000,0.000,1.000,0.000,0,0,26,0,0,26,26,0,0.0,0.0,1.0,0.0,0.0,1.0
"G[0,2](DBP <= 93.197 -> PTT <= 17.720)
",9999999.000,9999999.000,0.000,1.000,0.000,0,0,25,1,1,25,25,1,0.0,0.0,1.0,0.0,0.0,1.0
"G[0,1](Temp >= 5.652 & Hct >= 1.623)
",9999999.000,9999999.000,0.000,1.000,0.000,0,0,0,26,26,0,0,26,0.0,0.0,0.0,0.0,0.0,1.0
"G[1,2](((Magnesium >= 0.116 | Lactate <= 0.521) | AST >= 0.038) -> Fibrinogen >= 0.033)
",9999999.000,9999999.000,0.000,1.000,0.000,0,0,1,25,25,1,1,25,0.0,0.0,1.0,0.0,0.0,1.0
"G[0,0](Potassium <= 3.731 & Calcium >= 0.085)
",-6139100882483228.000,-0.085,0.000,1.000,0.000,0,0,0,26,26,0,0,26,0.0,0.0,0.0,0.0,0.0,1.0
"G[1,2](TroponinI <= 0.000 | Lactate >= 0.011)
",9999999.000,9999999.000,0.000,1.000,0.000,0,0,26,0,0,26,26,0,0.0,0.0,1.0,0.0,0.0,1.0
"G[0,1]((Hgb <= 2.228 & PaCO2 >= 1.047) & Glucose <= 33.808)
",9999999.000,9999999.000,0.000,1.000,0.000,0,0,0,26,26,0,0,26,0.0,0.0,0.0,0.0,0.0,1.0
"G[2,2](MAP <= 86.207 -> Lactate <= 1.138)
",-6066253671599772.000,-86.207,0.000,1.000,0.000,0,0,26,0,0,26,26,0,0.0,0.0,1.0,0.0,0.0,1.0
"G[2,2]((Bilirubin_total <= 0.000 -> Bilirubin_total <= 0.000) | PaCO2 <= 0.000)
",0.000,0.000,0.000,1.000,0.000,0,0,26,0,0,26,26,0,0.0,0.0,1.0,0.0,0.0,1.0
"G[1,2](((Chloride <= 33.509 & pH <= 4.244) | SBP <= 1.097) -> PaCO2 <= 4.529)
",9999999.000,9999999.000,0.000,1.000,0.000,0,0,25,1,1,25,25,1,0.0,0.0,1.0,0.0,0.0,1.0
"G[1,2](((SBP <= 158.817 & BUN <= 15.790) | FiO2 <= 2.774) | Platelets >= 0.125)
",9999999.000,9999999.000,0.000,1.000,0.000,0,0,26,0,0,26,26,0,0.0,0.0,1.0,0.0,0.0,1.0
"G[0,2](Alkalinephos <= 0.000 -> HCO3 <= 2.277)
",9999999.000,9999999.000,0.000,1.000,0.000,0,0,24,2,2,24,24,2,0.0,0.0,1.0,0.0,0.0,1.0
"G[0,2](((Magnesium <= 2.168 -> Hct <= 28.844) | Magnesium <= 20.267) & EtCO2 >= 1.009)
",9999999.000,9999999.000,0.000,1.000,0.000,0,0,0,26,26,0,0,26,0.0,0.0,0.0,0.0,0.0,1.0
"G[0,1](((Bilirubin_total >= 0.000 & pH <= 4.401) -> Platelets >= 0.501) & O2Sat <= 7.372)
",9999999.000,9999999.000,0.000,1.000,0.000,0,0,0,26,26,0,0,26,0.0,0.0,0.0,0.0,0.0,1.0
"G[0,1](((TroponinI <= 0.000 -> O2Sat >= 10.555) -> Hgb >= 35.431) & Lactate >= 13.963)
",9999999.000,9999999.000,0.000,1.000,0.000,0,0,0,26,26,0,0,26,0.0,0.0,0.0,0.0,0.0,1.0
"G[1,2]((BaseExcess >= -2.277 -> Bilirubin_direct <= 0.000) -> AST <= 0.000)
",9999999.000,9999999.000,0.000,1.000,0.000,0,0,26,0,0,26,26,0,0.0,0.0,1.0,0.0,0.0,1.0
"G[2,2](((O2Sat <= 90.806 -> pH <= 3.739) | SBP <= 4.827) | EtCO2 >= 0.029)
",5434773486726964.000,4.827,0.000,1.000,0.000,0,0,26,0,0,26,26,0,0.0,0.0,1.0,0.0,0.0,1.0
"G[2,2](((Calcium <= 4.671 -> SaO2 <= 0.000) -> SepsisLabel <= 0.000) & Resp <= 0.000)
",0.000,0.000,0.000,1.000,0.000,0,0,26,0,0,26,26,0,0.0,0.0,1.0,0.0,0.0,1.0
"G[0,1]((Calcium <= 1.603 & Alkalinephos <= 0.000) & SBP <= 0.000)
",9999999.000,9999999.000,0.000,1.000,0.000,0,0,0,26,26,0,0,26,0.0,0.0,0.0,0.0,0.0,1.0
"G[0,2](((PTT >= 0.123 & TroponinI <= 0.000) -> Lactate <= 0.000) | Temp <= 0.000)
",9999999.000,9999999.000,0.000,1.000,0.000,0,0,26,0,0,26,26,0,0.0,0.0,1.0,0.0,0.0,1.0
"G[2,2]((Temp <= 18.972 | Hgb >= 0.800) & Bilirubin_direct <= 1.507)
",3394139527695926.000,1.507,0.000,1.000,0.000,0,0,26,0,0,26,26,0,0.0,0.0,1.0,0.0,0.0,1.0
"G[0,1](pH <= 4.013 & Temp >= 0.099)
",9999999.000,9999999.000,0.000,1.000,0.000,0,0,0,26,26,0,0,26,0.0,0.0,0.0,0.0,0.0,1.0
"G[0,2]((Lactate >= 0.027 | Magnesium <= 0.664) & FiO2 >= 0.031)
",9999999.000,9999999.000,0.000,1.000,0.000,0,0,0,26,26,0,0,26,0.0,0.0,0.0,0.0,0.0,1.0
"G[0,0](Magnesium <= 1.069 & Phosphate >= 0.134)
",-0.134,-0.134,0.000,1.000,0.000,0,0,0,26,26,0,0,26,0.0,0.0,0.0,0.0,0.0,1.0
"G[0,2](Alkalinephos <= 0.000 & Calcium >= 0.367)
",9999999.000,9999999.000,0.000,1.000,0.000,0,0,0,26,26,0,0,26,0.0,0.0,0.0,0.0,0.0,1.0
"G[1,2](Alkalinephos >= 0.000 & O2Sat <= 83.952)
",9999999.000,9999999.000,0.000,1.000,0.000,0,0,6,20,20,6,6,20,0.0,0.0,1.0,0.0,0.0,1.0
"G[1,2](Magnesium <= 1.765 & WBC >= 0.093)
",9999999.000,9999999.000,0.000,1.000,0.000,0,0,0,26,26,0,0,26,0.0,0.0,0.0,0.0,0.0,1.0
"G[1,2](Bilirubin_total <= 0.000 -> Alkalinephos <= 0.000)
",9999999.000,9999999.000,0.000,1.000,0.000,0,0,26,0,0,26,26,0,0.0,0.0,1.0,0.0,0.0,1.0
"G[0,2](((Magnesium <= 2.284 -> SepsisLabel <= 0.000) -> EtCO2 <= 0.000) & Temp >= 0.000)
",9999999.000,9999999.000,0.000,1.000,0.000,0,0,26,0,0,26,26,0,0.0,0.0,1.0,0.0,0.0,1.0
"G[0,2](Phosphate >= 0.072 & FiO2 >= 0.000)
",9999999.000,9999999.000,0.000,1.000,0.000,0,0,0,26,26,0,0,26,0.0,0.0,0.0,0.0,0.0,1.0
"G[1,2](((AST <= 0.000 | SBP >= 59.877) -> Bilirubin_direct <= 155.925) | PTT <= 152.806)
",9999999.000,9999999.000,0.000,1.000,0.000,0,0,26,0,0,26,26,0,0.0,0.0,1.0,0.0,0.0,1.0
"G[1,2](((TroponinI <= 0.000 | WBC >= 0.128) & SepsisLabel >= 0.115) | SBP <= 2.372)
",9999999.000,9999999.000,0.000,1.000,0.000,0,0,5,21,21,5,5,21,0.0,0.0,1.0,0.0,0.0,1.0
"G[2,2]((Bilirubin_direct >= 0.000 & HR <= 98.563) & pH >= 34.383)
",-34.383,-34.383,0.000,1.000,0.000,0,0,26,0,0,26,26,0,0.0,0.0,1.0,0.0,0.0,1.0
"G[0,2](BUN >= 0.503 & Creatinine <= 0.663)
",9999999.000,9999999.000,0.000,1.000,0.000,0,0,0,26,26,0,0,26,0.0,0.0,0.0,0.0,0.0,1.0
"G[0,0](((Creatinine >= 0.010 -> Resp >= 8.700) & Bilirubin_total <= 15.998) & Chloride >= 13.631)
",-2.916,-59.043,0.000,1.000,0.000,0,0,0,26,26,0,0,26,0.0,0.0,0.0,0.0,0.0,1.0
"G[1,2]((Calcium <= 7.240 | HR <= 81.111) -> pH >= 2.604)
",9999999.000,9999999.000,0.000,1.000,0.000,0,0,4,22,22,4,4,22,0.0,0.0,1.0,0.0,0.0,1.0
"G[1,2]((HR <= 92.539 | PaCO2 >= 2.864) & Magnesium >= 0.341)
",9999999.000,9999999.000,0.000,1.000,0.000,0,0,2,24,24,2,2,24,0.0,0.0,1.0,0.0,0.0,1.0
"G[0,2](Phosphate > 0.073 -> SepsisLabel = 0.000)
",9999999.000,9999999.000,0.000,1.000,0.000,0,0,26,0,0,26,26,0,0.0,0.0,1.0,0.0,0.0,1.0
"G[0,0](Platelets <= 154.367 -> WBC >= 0.033)
",-154.367,-154.367,0.000,1.000,0.000,0,0,0,26,26,0,0,26,0.0,0.0,0.0,0.0,0.0,1.0
"G[0,0](((Hgb <= 10.045 | Hct <= 21.082) -> WBC >= 0.220) & Platelets >= 3.477)
",-21.082,-21.082,0.000,1.000,0.000,0,0,0,26,26,0,0,26,0.0,0.0,0.0,0.0,0.0,1.0
"G[1,2](BUN <= 9.526 & Creatinine >= 0.005)
",9999999.000,9999999.000,0.000,1.000,0.000,0,0,0,26,26,0,0,26,0.0,0.0,0.0,0.0,0.0,1.0
"G[0,2](Chloride >= 3.466 & HCO3 >= 0.213)
",9999999.000,9999999.000,0.000,1.000,0.000,0,0,0,26,26,0,0,26,0.0,0.0,0.0,0.0,0.0,1.0
"G[0,2](Platelets <= 43.503 -> WBC >= 0.158)
",9999999.000,9999999.000,0.000,1.000,0.000,0,0,0,26,26,0,0,26,0.0,0.0,0.0,0.0,0.0,1.0
"G[1,2](((Hgb <= 7.178 | Hct <= 23.354) -> WBC >= 0.159) & Platelets >= 2.504)
",9999999.000,9999999.000,0.000,1.000,0.000,0,0,2,24,24,2,2,24,0.0,0.0,1.0,0.0,0.0,1.0
"G[1,1](BUN <= 8.733 & Creatinine >= 0.010)
",-5545309651365796.000,-0.010,0.000,1.000,0.000,0,0,0,26,26,0,0,26,0.0,0.0,0.0,0.0,0.0,1.0
"G[0,1](Fibrinogen > 0.000 & SepsisLabel = 0.000)
",9999999.000,9999999.000,0.000,1.000,0.000,0,0,0,26,26,0,0,26,0.0,0.0,0.0,0.0,0.0,1.0
"G[1,2](BaseExcess > -2.258 & SepsisLabel = 0.000)
",9999999.000,9999999.000,0.000,1.000,0.000,0,0,26,0,0,26,26,0,0.0,0.0,1.0,0.0,0.0,1.0
"G[2,2](EtCO2 <= 0.000 & SepsisLabel = 0.000)
",0.000,0.000,0.000,1.000,0.000,0,0,26,0,0,26,26,0,0.0,0.0,1.0,0.0,0.0,1.0
"G[0,2](MAP > 28.713 -> SepsisLabel = 0.000)
",9999999.000,9999999.000,0.000,1.000,0.000,0,0,26,0,0,26,26,0,0.0,0.0,1.0,0.0,0.0,1.0
"G[2,2](BUN <= 1.488 & Creatinine >= 0.033)
",-0.033,-0.033,0.000,1.000,0.000,0,0,26,0,0,26,26,0,0.0,0.0,1.0,0.0,0.0,1.0
"G[0,2](SBP < 158.226 -> SepsisLabel = 0.000)
",9999999.000,9999999.000,0.000,1.000,0.000,0,0,26,0,0,26,26,0,0.0,0.0,1.0,0.0,0.0,1.0
"G[0,1](BUN >= 0.168 & SepsisLabel = 0.000)
",9999999.000,9999999.000,0.000,1.000,0.000,0,0,0,26,26,0,0,26,0.0,0.0,0.0,0.0,0.0,1.0
"G[1,2](DBP > 51.594 & SepsisLabel = 0.000)
",9999999.000,9999999.000,0.000,1.000,0.000,0,0,21,5,5,21,21,5,0.0,0.0,1.0,0.0,0.0,1.0
"G[0,2](DBP <= 84.165 & SepsisLabel = 0.000)
",9999999.000,9999999.000,0.000,1.000,0.000,0,0,22,4,4,22,22,4,0.0,0.0,1.0,0.0,0.0,1.0
"G[1,2](Resp <= 23.355 & SepsisLabel = 0.000)
",9999999.000,9999999.000,0.000,1.000,0.000,0,0,25,1,1,25,25,1,0.0,0.0,1.0,0.0,0.0,1.0
"G[2,2](DBP >= 62.306 -> SepsisLabel = 0.000)
",0.000,0.000,0.000,1.000,0.000,0,0,26,0,0,26,26,0,0.0,0.0,1.0,0.0,0.0,1.0
"G[0,0](((Chloride >= 0.857 -> Platelets >= 6.420) & Calcium <= 119.769) & Alkalinephos >= 2.036)
",-2.036,-2.036,0.000,1.000,0.000,0,0,0,26,26,0,0,26,0.0,0.0,0.0,0.0,0.0,1.0
"G[2,2](((BUN <= 13.503 | HCO3 <= 2.036) | Hgb <= 11.566) | BUN >= 0.914)
",7601259697021284.000,13.503,0.000,1.000,0.000,0,0,26,0,0,26,26,0,0.0,0.0,1.0,0.0,0.0,1.0
"G[1,2](((Creatinine <= 0.817 & Platelets <= 156.764) | Calcium <= 157.572) | AST >= 4.081)
",9999999.000,9999999.000,0.000,1.000,0.000,0,0,26,0,0,26,26,0,0.0,0.0,1.0,0.0,0.0,1.0
"G[1,2]((Chloride <= 28.016 & HCO3 >= 0.164) | Magnesium <= 10.297)
",9999999.000,9999999.000,0.000,1.000,0.000,0,0,26,0,0,26,26,0,0.0,0.0,1.0,0.0,0.0,1.0
"G[0,0](Chloride >= 3.192 & HCO3 >= 0.472)
",-7.480,-3.280,0.000,1.000,0.000,0,0,0,26,26,0,0,26,0.0,0.0,0.0,0.0,0.0,1.0
"G[1,2](((Hgb <= 8.255 | Hct <= 31.112) -> WBC >= 0.093) & Platelets >= 3.015)
",9999999.000,9999999.000,0.000,1.000,0.000,0,0,2,24,24,2,2,24,0.0,0.0,1.0,0.0,0.0,1.0
"G[2,2]((HCO3 <= 20.399 | Resp >= 2.335) & Resp >= 1.247)
",-1.247,-1.247,0.000,1.000,0.000,0,0,26,0,0,26,26,0,0.0,0.0,1.0,0.0,0.0,1.0
"G[2,2](Chloride >= 1.089 & HCO3 >= 0.911)
",-1.089,-1.089,0.000,1.000,0.000,0,0,26,0,0,26,26,0,0.0,0.0,1.0,0.0,0.0,1.0
"G[2,2](((Hgb <= 6.599 | Hct <= 32.622) -> WBC >= 0.112) & Platelets >= 6.473)
",-32.622,-32.622,0.000,1.000,0.000,0,0,26,0,0,26,26,0,0.0,0.0,1.0,0.0,0.0,1.0
"G[0,0](BUN <= 7.376 & Creatinine >= 0.013)
",-0.013,-0.013,0.000,1.000,0.000,0,0,0,26,26,0,0,26,0.0,0.0,0.0,0.0,0.0,1.0
"G[1,2](Chloride >= 0.872 & HCO3 >= 0.178)
",9999999.000,9999999.000,0.000,1.000,0.000,0,0,2,24,24,2,2,24,0.0,0.0,1.0,0.0,0.0,1.0
"G[1,2](Platelets <= 175.212 -> WBC >= 0.099)
",9999999.000,9999999.000,0.000,1.000,0.000,0,0,2,24,24,2,2,24,0.0,0.0,1.0,0.0,0.0,1.0
"G[0,2](((Hgb <= 10.173 | Hct <= 26.797) -> WBC >= 0.011) & Platelets >= 6.467)
",9999999.000,9999999.000,0.000,1.000,0.000,0,0,0,26,26,0,0,26,0.0,0.0,0.0,0.0,0.0,1.0
"G[1,1](BUN <= 11.743 & Creatinine >= 0.033)
",-0.033,-0.033,0.000,1.000,0.000,0,0,0,26,26,0,0,26,0.0,0.0,0.0,0.0,0.0,1.0
"G[0,2](Chloride >= 1.687 & HCO3 >= 0.288)
",9999999.000,9999999.000,0.000,1.000,0.000,0,0,0,26,26,0,0,26,0.0,0.0,0.0,0.0,0.0,1.0
"G[0,0](Platelets <= 39.361 -> WBC >= 0.228)
",-39.361,-39.361,0.000,1.000,0.000,0,0,0,26,26,0,0,26,0.0,0.0,0.0,0.0,0.0,1.0
"G[1,2](((Hgb <= 3.372 | Hct <= 10.602) -> WBC >= 0.170) & Platelets >= 4.649)
",9999999.000,9999999.000,0.000,1.000,0.000,0,0,2,24,24,2,2,24,0.0,0.0,1.0,0.0,0.0,1.0
"G[0,2](BUN <= 14.913 & Creatinine >= 0.024)
",9999999.000,9999999.000,0.000,1.000,0.000,0,0,0,26,26,0,0,26,0.0,0.0,0.0,0.0,0.0,1.0
"G[0,1](Platelets <= 152.846 -> WBC >= 0.198)
",9999999.000,9999999.000,0.000,1.000,0.000,0,0,0,26,26,0,0,26,0.0,0.0,0.0,0.0,0.0,1.0
"G[2,2](Chloride >= 2.964 & HCO3 >= 0.630)
",-3337313213983978.000,-2.964,0.000,1.000,0.000,0,0,26,0,0,26,26,0,0.0,0.0,1.0,0.0,0.0,1.0
"G[0,1](((Hgb <= 12.453 | Hct <= 25.638) -> WBC >= 0.179) & Platelets >= 5.450)
",9999999.000,9999999.000,0.000,1.000,0.000,0,0,0,26,26,0,0,26,0.0,0.0,0.0,0.0,0.0,1.0
"G[0,2](BUN <= 8.113 & Creatinine >= 0.015)
",9999999.000,9999999.000,0.000,1.000,0.000,0,0,0,26,26,0,0,26,0.0,0.0,0.0,0.0,0.0,1.0
"G[0,1](Chloride >= 3.770 & HCO3 >= 0.396)
",9999999.000,9999999.000,0.000,1.000,0.000,0,0,0,26,26,0,0,26,0.0,0.0,0.0,0.0,0.0,1.0
"G[0,2](Platelets <= 158.580 -> WBC >= 0.084)
",9999999.000,9999999.000,0.000,1.000,0.000,0,0,0,26,26,0,0,26,0.0,0.0,0.0,0.0,0.0,1.0
"G[1,1](BUN <= 12.964 & Creatinine >= 0.006)
",-7368074279523018.000,-0.006,0.000,1.000,0.000,0,0,0,26,26,0,0,26,0.0,0.0,0.0,0.0,0.0,1.0
"G[0,1](Platelets <= 85.329 -> WBC >= 0.149)
",9999999.000,9999999.000,0.000,1.000,0.000,0,0,0,26,26,0,0,26,0.0,0.0,0.0,0.0,0.0,1.0
"G[0,1](BUN <= 6.593 & Creatinine >= 0.025)
",9999999.000,9999999.000,0.000,1.000,0.000,0,0,0,26,26,0,0,26,0.0,0.0,0.0,0.0,0.0,1.0
"G[2,2](Chloride >= 1.193 & HCO3 >= 0.374)
",-1.193,-1.193,0.000,1.000,0.000,0,0,26,0,0,26,26,0,0.0,0.0,1.0,0.0,0.0,1.0
"G[0,2](((Hgb <= 7.812 | Hct <= 6.371) -> WBC >= 0.148) & Platelets >= 2.594)
",9999999.000,9999999.000,0.000,1.000,0.000,0,0,0,26,26,0,0,26,0.0,0.0,0.0,0.0,0.0,1.0
"G[1,1](BUN <= 12.613 & Creatinine >= 0.004)
",-0.004,-0.004,0.000,1.000,0.000,0,0,0,26,26,0,0,26,0.0,0.0,0.0,0.0,0.0,1.0
"G[0,2]((Phosphate <= 3.424 -> Platelets >= 5.111) | Bilirubin_total <= 36.383)
",9999999.000,9999999.000,0.000,1.000,0.000,0,0,26,0,0,26,26,0,0.0,0.0,1.0,0.0,0.0,1.0
"G[0,2]((Glucose <= 128.029 | Potassium >= 0.234) & AST <= 2.602)
",9999999.000,9999999.000,0.000,1.000,0.000,0,0,25,1,1,25,25,1,0.0,0.0,1.0,0.0,0.0,1.0
"G[2,2]((O2Sat >= 79.032 | SBP <= 156.097) & DBP <= 124.017)
",124.017,124.017,0.000,1.000,0.000,0,0,26,0,0,26,26,0,0.0,0.0,1.0,0.0,0.0,1.0
"G[1,2](((Lactate <= 1.860 & Temp >= 3.631) -> Platelets <= 22.245) -> HCO3 >= 3.710)
",9999999.000,9999999.000,0.000,1.000,0.000,0,0,2,24,24,2,2,24,0.0,0.0,1.0,0.0,0.0,1.0
"G[2,2](Creatinine <= 0.196 -> Temp <= 18.723)
",-18.723,-18.723,0.000,1.000,0.000,0,0,26,0,0,26,26,0,0.0,0.0,1.0,0.0,0.0,1.0
"G[1,2](((Platelets >= 4.812 & Temp >= 1.874) | PTT <= 37.156) | SaO2 <= 9.758)
",9999999.000,9999999.000,0.000,1.000,0.000,0,0,26,0,0,26,26,0,0.0,0.0,1.0,0.0,0.0,1.0
"G[1,2]((O2Sat <= 84.920 | Platelets <= 62.874) | O2Sat <= 19.267)
",9999999.000,9999999.000,0.000,1.000,0.000,0,0,24,2,2,24,24,2,0.0,0.0,1.0,0.0,0.0,1.0
"G[0,1](((O2Sat >= 13.068 -> WBC >= 0.208) & HR <= 4.109) & Potassium <= 3.510)
",9999999.000,9999999.000,0.000,1.000,0.000,0,0,0,26,26,0,0,26,0.0,0.0,0.0,0.0,0.0,1.0
"G[0,1]((BUN >= 0.366 -> O2Sat >= 11.329) & Lactate >= 7.681)
",9999999.000,9999999.000,0.000,1.000,0.000,0,0,0,26,26,0,0,26,0.0,0.0,0.0,0.0,0.0,1.0
"G[2,2](Platelets <= 25.403 -> WBC >= 0.232)
",-3575178631528346.000,-25.403,0.000,1.000,0.000,0,0,26,0,0,26,26,0,0.0,0.0,1.0,0.0,0.0,1.0
"G[0,2]((BaseExcess >= -1.545 -> Resp >= 0.444) -> O2Sat <= 18.192)
",9999999.000,9999999.000,0.000,1.000,0.000,0,0,0,26,26,0,0,26,0.0,0.0,0.0,0.0,0.0,1.0
"G[2,2](((Magnesium >= 0.093 & SBP >= 44.063) & FiO2 >= 5.377) | Temp <= 138.553)
",4874914830161857.000,138.553,0.000,1.000,0.000,0,0,26,0,0,26,26,0,0.0,0.0,1.0,0.0,0.0,1.0
"G[0,2](((Calcium <= 8.017 & SBP <= 157.955) | BaseExcess >= 61.593) -> Bilirubin_direct <= 144.248)
",9999999.000,9999999.000,0.000,1.000,0.000,0,0,26,0,0,26,26,0,0.0,0.0,1.0,0.0,0.0,1.0
"G[0,2]((MAP >= 33.322 -> pH >= 0.949) -> Bilirubin_total <= 2.387)
",9999999.000,9999999.000,0.000,1.000,0.000,0,0,26,0,0,26,26,0,0.0,0.0,1.0,0.0,0.0,1.0
"G[0,1](((BUN >= 0.533 & SBP <= 160.461) -> SepsisLabel <= 114.484) & Creatinine >= 67.912)
",9999999.000,9999999.000,0.000,1.000,0.000,0,0,0,26,26,0,0,26,0.0,0.0,0.0,0.0,0.0,1.0
"G[2,2]((DBP <= 66.159 | O2Sat >= 22.876) | HCO3 >= 1.077)
",66.159,66.159,0.000,1.000,0.000,0,0,26,0,0,26,26,0,0.0,0.0,1.0,0.0,0.0,1.0
"G[1,2](((MAP >= 54.878 -> Platelets >= 4.045) & PTT <= 162.957) & Alkalinephos <= 13.138)
",9999999.000,9999999.000,0.000,1.000,0.000,0,0,8,18,18,8,8,18,0.0,0.0,1.0,0.0,0.0,1.0
"G[2,2]((Potassium <= 2.992 | SBP <= 121.087) | Hgb >= 68.315)
",8520754586156470.000,121.087,0.000,1.000,0.000,0,0,26,0,0,26,26,0,0.0,0.0,1.0,0.0,0.0,1.0
"G[1,2](((Creatinine >= 0.014 | SBP >= 79.108) & HR >= 32.657) | SBP <= 129.252)
",9999999.000,9999999.000,0.000,1.000,0.000,0,0,25,1,1,25,25,1,0.0,0.0,1.0,0.0,0.0,1.0
"G[1,2](((MAP >= 17.314 & WBC <= 2.993) -> BUN >= 0.179) | Platelets >= 0.198)
",9999999.000,9999999.000,0.000,1.000,0.000,0,0,8,18,18,8,8,18,0.0,0.0,1.0,0.0,0.0,1.0
"G[1,1](((Glucose <= 118.659 -> Temp >= 3.491) & AST >= 1.605) & MAP >= 5.798)
",-8349871292440127.000,-118.659,0.000,1.000,0.000,0,0,0,26,26,0,0,26,0.0,0.0,0.0,0.0,0.0,1.0
"G[1,2](Phosphate >= 0.091 | SBP <= 131.356)
",9999999.000,9999999.000,0.000,1.000,0.000,0,0,16,10,10,16,16,10,0.0,0.0,1.0,0.0,0.0,1.0
"G[1,2](O2Sat <= 93.277 -> PTT <= 18.423)
",9999999.000,9999999.000,0.000,1.000,0.000,0,0,26,0,0,26,26,0,0.0,0.0,1.0,0.0,0.0,1.0
"G[2,2](HR <= 93.172 | Platelets <= 53.592)
",93.172,93.172,0.000,1.000,0.000,0,0,26,0,0,26,26,0,0.0,0.0,1.0,0.0,0.0,1.0
"G[0,2](PaCO2 <= 19.410 -> Resp >= 6.448)
",9999999.000,9999999.000,0.000,1.000,0.000,0,0,20,6,6,20,20,6,0.0,0.0,1.0,0.0,0.0,1.0
"G[2,2](((Potassium <= 1.806 -> Temp >= 7.062) | WBC >= 0.648) | WBC <= 32.982)
",32.982,32.982,0.000,1.000,0.000,0,0,26,0,0,26,26,0,0.0,0.0,1.0,0.0,0.0,1.0
"G[1,2](((BaseExcess >= -2.927 -> Platelets >= 1.371) -> BaseExcess <= 123.664) | TroponinI >= 1.272)
",9999999.000,9999999.000,0.000,1.000,0.000,0,0,26,0,0,26,26,0,0.0,0.0,1.0,0.0,0.0,1.0
"G[2,2]((Hct <= 18.526 | Resp >= 8.771) | SaO2 >= 11.519)
",5214521686963167.000,18.526,0.000,1.000,0.000,0,0,26,0,0,26,26,0,0.0,0.0,1.0,0.0,0.0,1.0
"G[0,2](((Calcium >= 0.177 | Temp >= 6.023) & DBP >= 5.638) & WBC <= 17.563)
",9999999.000,9999999.000,0.000,1.000,0.000,0,0,1,25,25,1,1,25,0.0,0.0,1.0,0.0,0.0,1.0
"G[2,2]((BaseExcess >= -3.162 & Calcium <= 6.230) | Fibrinogen >= 0.398)
",7120701096690268.000,3.162,0.000,1.000,0.000,0,0,26,0,0,26,26,0,0.0,0.0,1.0,0.0,0.0,1.0
"G[0,2](DBP <= 77.857 -> HR <= 89.800)
",9999999.000,9999999.000,0.000,1.000,0.000,0,0,14,12,12,14,14,12,0.0,0.0,1.0,0.0,0.0,1.0
"G[0,2]((Calcium <= 1.724 -> HCO3 <= 23.117) & Lactate <= 3.289)
",9999999.000,9999999.000,0.000,1.000,0.000,0,0,26,0,0,26,26,0,0.0,0.0,1.0,0.0,0.0,1.0
"G[0,2](((Calcium >= 0.306 | Potassium <= 2.550) | O2Sat <= 1.149) & Phosphate >= 0.279)
",9999999.000,9999999.000,0.000,1.000,0.000,0,0,0,26,26,0,0,26,0.0,0.0,0.0,0.0,0.0,1.0
"G[0,2]((BUN <= 8.223 -> PaCO2 >= 3.492) & Lactate >= 1.752)
",9999999.000,9999999.000,0.000,1.000,0.000,0,0,0,26,26,0,0,26,0.0,0.0,0.0,0.0,0.0,1.0
"G[2,2](((HCO3 >= 0.263 | PaCO2 >= 1.298) | Lactate <= 24.488) & Bilirubin_direct >= 0.708)
",-0.708,-0.708,0.000,1.000,0.000,0,0,26,0,0,26,26,0,0.0,0.0,1.0,0.0,0.0,1.0
"G[0,2](PaCO2 <= 40.268 | Platelets <= 119.792)
",9999999.000,9999999.000,0.000,1.000,0.000,0,0,25,1,1,25,25,1,0.0,0.0,1.0,0.0,0.0,1.0
"G[0,2](((Chloride >= 1.180 -> Potassium >= 0.200) & DBP >= 0.391) & Bilirubin_total >= 0.356)
",9999999.000,9999999.000,0.000,1.000,0.000,0,0,0,26,26,0,0,26,0.0,0.0,0.0,0.0,0.0,1.0
"G[0,2](BUN <= 12.298 | Potassium <= 1.292)
",9999999.000,9999999.000,0.000,1.000,0.000,0,0,24,2,2,24,24,2,0.0,0.0,1.0,0.0,0.0,1.0
"G[0,2](((Platelets <= 47.649 -> Potassium <= 2.753) & Phosphate <= 2.556) | HCO3 <= 1.930)
",9999999.000,9999999.000,0.000,1.000,0.000,0,0,24,2,2,24,24,2,0.0,0.0,1.0,0.0,0.0,1.0
"G[1,2]((Potassium <= 2.223 | WBC >= 0.022) | SBP >= 0.205)
",9999999.000,9999999.000,0.000,1.000,0.000,0,0,25,1,1,25,25,1,0.0,0.0,1.0,0.0,0.0,1.0
"G[0,2]((Calcium <= 6.734 & PTT <= 21.910) | Glucose >= 0.134)
",9999999.000,9999999.000,0.000,1.000,0.000,0,0,26,0,0,26,26,0,0.0,0.0,1.0,0.0,0.0,1.0
"G[1,2](((Creatinine >= 0.004 -> Glucose <= 115.820) -> Hct <= 144.397) & Calcium <= 43.751)
",9999999.000,9999999.000,0.000,1.000,0.000,0,0,26,0,0,26,26,0,0.0,0.0,1.0,0.0,0.0,1.0
"G[0,2](Glucose <= 145.413 & HCO3 >= 0.525)
",9999999.000,9999999.000,0.000,1.000,0.000,0,0,0,26,26,0,0,26,0.0,0.0,0.0,0.0,0.0,1.0
"G[0,0](((BUN <= 11.421 -> Glucose >= 7.182) & AST <= 51.941) & PTT >= 14.835)
",-22.400,-14.704,0.000,1.000,0.000,0,0,0,26,26,0,0,26,0.0,0.0,0.0,0.0,0.0,1.0
"G[2,2]((Glucose >= 22.815 | Phosphate >= 0.029) & Temp >= 0.049)
",-7074465149488299.000,-0.049,0.000,1.000,0.000,0,0,26,0,0,26,26,0,0.0,0.0,1.0,0.0,0.0,1.0
"G[1,2](((Hct >= 0.571 & PTT >= 0.039) -> Lactate >= 0.137) | PTT >= 0.433)
",9999999.000,9999999.000,0.000,1.000,0.000,0,0,26,0,0,26,26,0,0.0,0.0,1.0,0.0,0.0,1.0
"G[0,1](((pH >= 0.482 & PTT >= 0.411) & HCO3 <= 23.105) & BUN <= 15.185)
",9999999.000,9999999.000,0.000,1.000,0.000,0,0,0,26,26,0,0,26,0.0,0.0,0.0,0.0,0.0,1.0
"G[0,1]((BaseExcess <= 1.069 -> Potassium <= 3.016) -> EtCO2 >= 0.269)
",9999999.000,9999999.000,0.000,1.000,0.000,0,0,0,26,26,0,0,26,0.0,0.0,0.0,0.0,0.0,1.0
"G[0,2](Lactate >= 0.038 -> O2Sat >= 56.101)
",9999999.000,9999999.000,0.000,1.000,0.000,0,0,25,1,1,25,25,1,0.0,0.0,1.0,0.0,0.0,1.0
"G[1,2](((HR <= 102.206 -> Lactate <= 0.813) & Potassium <= 2.271) | Temp <= 1.898)
",9999999.000,9999999.000,0.000,1.000,0.000,0,0,26,0,0,26,26,0,0.0,0.0,1.0,0.0,0.0,1.0
"G[1,2](Hgb >= 0.380 & O2Sat <= 83.669)
",9999999.000,9999999.000,0.000,1.000,0.000,0,0,0,26,26,0,0,26,0.0,0.0,0.0,0.0,0.0,1.0
"G[1,2](Hgb <= 8.469 | DBP >= 63.058)
",9999999.000,9999999.000,0.000,1.000,0.000,0,0,26,0,0,26,26,0,0.0,0.0,1.0,0.0,0.0,1.0
