Rule,Discrimination Score,Pos Robustness,Neg Robustness,Percent Class +,Percent Class -,TP,TN,FP,FN,Actual Yes,Actual No,Predicted Yes,Predicted No,TPR/Sens,TNR/Spec,FPR,Precision,Accuracy,MCR
"F[0,0](Phosphate >= 0.005 & SBP <= 91.757)
",0.325,0.185,0.000,0.000,1.000,11,0,0,0,11,0,11,0,1.0,0,0,1.0,1.0476190476190477,-0.04761904761904767
"F[0,0]((Creatinine <= 0.201 | Hct >= 1.159) -> SaO2 >= 0.430)
",-0.201,-0.201,0.000,0.000,1.000,11,0,0,0,11,0,11,0,1.0,0,0,1.0,1.0476190476190477,-0.04761904761904767
"F[1,1](((Glucose >= 22.690 & Temp >= 1.810) -> EtCO2 >= 5.976) & Calcium >= 2.418)
",-5444946172431507.000,-2.418,0.000,0.000,1.000,10,0,0,1,11,0,10,1,0.9090909090909091,0,0,1.0,0.9523809523809523,0.04761904761904767
"F[1,1](((SBP >= 12.678 -> Temp <= 28.377) & Lactate <= 32.412) & Calcium >= 6.297)
",-7987514096569954.000,-28.377,0.000,0.000,1.000,10,0,0,1,11,0,10,1,0.9090909090909091,0,0,1.0,0.9523809523809523,0.04761904761904767
"F[0,1](pH < 0.000 & SepsisLabel = 0.000)
",-9999999.000,-9999999.000,0.000,0.000,1.000,10,0,0,1,11,0,10,1,0.9090909090909091,0,0,1.0,0.9523809523809523,0.04761904761904767
"((Bilirubin_total > 0.000) U[1,2] (SepsisLabel = 0.000))
",-9999999.000,-9999999.000,0.000,0.000,1.000,10,0,0,1,11,0,10,1,0.9090909090909091,0,0,1.0,0.9523809523809523,0.04761904761904767
"F[0,1](((O2Sat >= 1.649 -> Hct <= 34.206) -> Lactate <= 12.855) & AST >= 1.051)
",-9999999.000,-9999999.000,0.000,0.000,1.000,10,0,0,1,11,0,10,1,0.9090909090909091,0,0,1.0,0.9523809523809523,0.04761904761904767
"F[1,1]((Magnesium >= 0.035 -> WBC >= 0.611) & AST >= 0.123)
",-8866461081325770.000,-0.123,0.000,0.000,1.000,10,0,0,1,11,0,10,1,0.9090909090909091,0,0,1.0,0.9523809523809523,0.04761904761904767
"F[0,1](Hgb >= 0.446 & WBC <= 11.567)
",-9999999.000,-9999999.000,0.000,0.000,1.000,10,0,0,1,11,0,10,1,0.9090909090909091,0,0,1.0,0.9523809523809523,0.04761904761904767
"F[1,1]((MAP >= 2.230 & O2Sat <= 50.100) & DBP <= 69.178)
",-2.230,-2.230,0.000,0.000,1.000,10,0,0,1,11,0,10,1,0.9090909090909091,0,0,1.0,0.9523809523809523,0.04761904761904767
"F[0,1]((Calcium <= 5.306 & Potassium <= 2.764) & Magnesium >= 0.002)
",-9999999.000,-9999999.000,0.000,0.000,1.000,10,0,0,1,11,0,10,1,0.9090909090909091,0,0,1.0,0.9523809523809523,0.04761904761904767
"F[1,1](((HR <= 74.138 | MAP <= 90.955) & BUN >= 10.473) & Platelets >= 10.258)
",-5895495994278290.000,-10.473,0.000,0.000,1.000,10,0,0,1,11,0,10,1,0.9090909090909091,0,0,1.0,0.9523809523809523,0.04761904761904767
"((Magnesium >= 0.006) U[1,1] (MAP >= 16.779))
",-0.006,-0.006,0.000,0.000,1.000,10,0,0,1,11,0,10,1,0.9090909090909091,0,0,1.0,0.9523809523809523,0.04761904761904767
"F[0,1](((Potassium >= 0.021 & Temp <= 26.948) & HR <= 34.363) & Potassium >= 5.551)
",-9999999.000,-9999999.000,0.000,0.000,1.000,10,0,0,1,11,0,10,1,0.9090909090909091,0,0,1.0,0.9523809523809523,0.04761904761904767
"F[0,1]((Potassium >= 0.051 | Magnesium <= 1.721) & SepsisLabel >= 0.051)
",-9999999.000,-9999999.000,0.000,0.000,1.000,10,0,0,1,11,0,10,1,0.9090909090909091,0,0,1.0,0.9523809523809523,0.04761904761904767
"((Creatinine >= 0.009) U[1,2] (EtCO2 >= 0.000))
",-9999999.000,-9999999.000,0.000,0.000,1.000,10,0,0,1,11,0,10,1,0.9090909090909091,0,0,1.0,0.9523809523809523,0.04761904761904767
"F[1,1]((Calcium <= 6.260 & Potassium <= 0.742) & Magnesium >= 0.058)
",-4179567887065715.000,-0.058,0.000,0.000,1.000,10,0,0,1,11,0,10,1,0.9090909090909091,0,0,1.0,0.9523809523809523,0.04761904761904767
"F[0,1](((HR <= 43.627 -> Glucose >= 13.216) | O2Sat >= 0.197) & Potassium >= 22.350)
",-9999999.000,-9999999.000,0.000,0.000,1.000,10,0,0,1,11,0,10,1,0.9090909090909091,0,0,1.0,0.9523809523809523,0.04761904761904767
"F[0,1]((Calcium <= 3.285 & Potassium <= 2.542) & Magnesium >= 0.073)
",-9999999.000,-9999999.000,0.000,0.000,1.000,10,0,0,1,11,0,10,1,0.9090909090909091,0,0,1.0,0.9523809523809523,0.04761904761904767
"F[0,0]((Resp >= 4.377 & HCO3 >= 0.000) & Creatinine >= 0.000)
",-1.528,-3.064,0.000,0.000,1.000,9,0,0,2,11,0,9,2,0.8181818181818182,0,0,1.0,0.8571428571428571,0.1428571428571429
"F[1,1](WBC >= 0.040 & SepsisLabel = 0.000)
",-0.040,-0.040,0.000,0.000,1.000,9,0,0,2,11,0,9,2,0.8181818181818182,0,0,1.0,0.8571428571428571,0.1428571428571429
"F[1,1]((EtCO2 >= 0.000 -> Hct <= 38.099) -> Platelets >= 1.304)
",5870780048586982.000,1.304,0.000,0.000,1.000,9,0,0,2,11,0,9,2,0.8181818181818182,0,0,1.0,0.8571428571428571,0.1428571428571429
"F[0,1]((Calcium >= 0.037 & Resp >= 1.147) | Alkalinephos >= 5.245)
",-9999999.000,-9999999.000,0.000,0.000,1.000,9,0,0,2,11,0,9,2,0.8181818181818182,0,0,1.0,0.8571428571428571,0.1428571428571429
"((Glucose <= 187.653) U[0,1] (WBC >= 0.345))
",-9999999.000,-9999999.000,0.000,0.000,1.000,9,0,0,2,11,0,9,2,0.8181818181818182,0,0,1.0,0.8571428571428571,0.1428571428571429
"F[1,1](Magnesium > 0.048 & SepsisLabel = 0.000)
",-0.048,-0.048,0.000,0.000,1.000,9,0,0,2,11,0,9,2,0.8181818181818182,0,0,1.0,0.8571428571428571,0.1428571428571429
"F[1,1](Creatinine > 0.022 & SepsisLabel = 0.000)
",-0.022,-0.022,0.000,0.000,1.000,9,0,0,2,11,0,9,2,0.8181818181818182,0,0,1.0,0.8571428571428571,0.1428571428571429
"F[0,1](((Chloride >= 0.000 -> Hgb <= 1.753) | Fibrinogen >= 0.430) & Glucose >= 0.371)
",-9999999.000,-9999999.000,0.000,0.000,1.000,8,0,0,3,11,0,8,3,0.7272727272727273,0,0,1.0,0.7619047619047619,0.23809523809523814
"F[1,1](Creatinine <= 0.721 & O2Sat >= 18.226)
",-18.226,-18.226,0.000,0.000,1.000,7,0,0,4,11,0,7,4,0.6363636363636364,0,0,1.0,0.6666666666666666,0.33333333333333337
"((MAP >= 13.228) U[1,2] (SBP <= 128.996))
",-9999999.000,-9999999.000,0.000,0.000,1.000,7,0,0,4,11,0,7,4,0.6363636363636364,0,0,1.0,0.6666666666666666,0.33333333333333337
"F[0,1](((Phosphate >= 0.029 & Glucose >= 0.840) & Lactate <= 190.395) | Resp >= 19.606)
",-9999999.000,-9999999.000,0.000,0.000,1.000,7,0,0,4,11,0,7,4,0.6363636363636364,0,0,1.0,0.6666666666666666,0.33333333333333337
"F[0,1](((Potassium <= 2.922 | MAP >= 7.635) -> PTT <= 51.838) & Glucose >= 10.587)
",-9999999.000,-9999999.000,0.000,0.000,1.000,7,0,0,4,11,0,7,4,0.6363636363636364,0,0,1.0,0.6666666666666666,0.33333333333333337
"F[0,1](((Calcium <= 7.466 -> Platelets >= 1.629) | FiO2 >= 2.986) | DBP >= 0.095)
",-9999999.000,-9999999.000,0.000,0.000,1.000,6,0,0,5,11,0,6,5,0.5454545454545454,0,0,1.0,0.5714285714285714,0.4285714285714286
"((MAP >= 0.585) U[1,2] (SBP <= 69.400))
",-9999999.000,-9999999.000,0.000,0.000,1.000,6,0,0,5,11,0,6,5,0.5454545454545454,0,0,1.0,0.5714285714285714,0.4285714285714286
"((BUN >= 0.110) U[0,1] (O2Sat >= 11.474))
",-9999999.000,-9999999.000,0.000,0.000,1.000,6,0,0,5,11,0,6,5,0.5454545454545454,0,0,1.0,0.5714285714285714,0.4285714285714286
"((HCO3 >= 0.000) U[0,1] (Temp >= 3.647))
",-9999999.000,-9999999.000,0.000,0.000,1.000,6,0,0,5,11,0,6,5,0.5454545454545454,0,0,1.0,0.5714285714285714,0.4285714285714286
"((SaO2 <= 0.000) U[0,1] (SBP >= 5.693))
",-9999999.000,-9999999.000,0.000,0.000,1.000,6,0,0,5,11,0,6,5,0.5454545454545454,0,0,1.0,0.5714285714285714,0.4285714285714286
"((MAP >= 9.314) U[1,2] (SBP <= 33.408))
",-9999999.000,-9999999.000,0.000,0.000,1.000,6,0,0,5,11,0,6,5,0.5454545454545454,0,0,1.0,0.5714285714285714,0.4285714285714286
"((MAP >= 7.958) U[1,2] (SBP <= 36.546))
",-9999999.000,-9999999.000,0.000,0.000,1.000,6,0,0,5,11,0,6,5,0.5454545454545454,0,0,1.0,0.5714285714285714,0.4285714285714286
"F[1,1]((FiO2 >= 0.000 & O2Sat >= 7.180) -> Magnesium >= 19.742)
",7.180,7.180,0.000,0.000,1.000,4,0,0,7,11,0,4,7,0.36363636363636365,0,0,1.0,0.38095238095238093,0.6190476190476191
"F[1,1]((SepsisLabel >= 0.000 -> O2Sat >= 24.186) -> Alkalinephos >= 8.704)
",0.000,0.000,0.000,0.000,1.000,4,0,0,7,11,0,4,7,0.36363636363636365,0,0,1.0,0.38095238095238093,0.6190476190476191
"((Glucose <= 142.055) U[1,1] (MAP <= 29.574))
",4998123813541299.000,142.055,0.000,0.000,1.000,4,0,0,7,11,0,4,7,0.36363636363636365,0,0,1.0,0.38095238095238093,0.6190476190476191
"F[1,1](((BUN <= 1.343 & Resp >= 0.958) | Potassium >= 4.691) -> PaCO2 >= 2.344)
",0.958,0.958,0.000,0.000,1.000,3,0,0,8,11,0,3,8,0.2727272727272727,0,0,1.0,0.2857142857142857,0.7142857142857143
"F[0,0]((Hct <= 26.325 & O2Sat <= 46.389) & Platelets <= 81.554)
",-0.034,-1.149,0.000,0.000,1.000,2,0,0,9,11,0,2,9,0.18181818181818182,0,0,1.0,0.19047619047619047,0.8095238095238095
"F[0,0](((Hgb >= 0.256 | Phosphate >= 0.004) & O2Sat <= 0.503) | HR <= 0.869)
",-0.810,-35.301,0.000,0.000,1.000,2,0,0,9,11,0,2,9,0.18181818181818182,0,0,1.0,0.19047619047619047,0.8095238095238095
"F[1,1](((SBP <= 135.146 | Bilirubin_total <= 0.000) -> FiO2 >= 0.000) -> Creatinine <= 0.000)
",0.000,0.000,0.000,0.000,1.000,1,0,0,10,11,0,1,10,0.09090909090909091,0,0,1.0,0.09523809523809523,0.9047619047619048
"F[0,1](EtCO2 >= 0.000 & HR <= 56.663)
",-9999999.000,-9999999.000,0.000,0.000,1.000,1,0,0,10,11,0,1,10,0.09090909090909091,0,0,1.0,0.09523809523809523,0.9047619047619048
"F[0,0]((Magnesium >= 0.071 | Temp <= 24.572) | Magnesium >= 1.501)
",1.219,14.715,0.000,0.000,1.000,1,0,0,10,11,0,1,10,0.09090909090909091,0,0,1.0,0.09523809523809523,0.9047619047619048
"F[0,0](Temp >= 6.049 -> WBC >= 0.507)
",-0.805,-36.076,0.000,0.000,1.000,1,0,0,10,11,0,1,10,0.09090909090909091,0,0,1.0,0.09523809523809523,0.9047619047619048
"((DBP >= 4.672) U[0,1] (O2Sat <= 91.674))
",-9999999.000,-9999999.000,0.000,0.000,1.000,1,0,0,10,11,0,1,10,0.09090909090909091,0,0,1.0,0.09523809523809523,0.9047619047619048
"((MAP >= 6.252) U[0,0] (SBP <= 51.689))
",2.239,72.807,0.000,0.000,1.000,1,0,0,10,11,0,1,10,0.09090909090909091,0,0,1.0,0.09523809523809523,0.9047619047619048
"F[1,1](((Calcium < 0.465 & Potassium < 1.291) & Magnesium < 0.099) & Phosphate < 0.997)
",0.099,0.099,0.000,0.000,1.000,1,0,0,10,11,0,1,10,0.09090909090909091,0,0,1.0,0.09523809523809523,0.9047619047619048
"F[1,1](((HCO3 >= 0.000 & Creatinine >= 0.019) | PTT <= 0.125) & Phosphate <= 0.361)
",8988425648183662.000,0.125,0.000,0.000,1.000,1,0,0,10,11,0,1,10,0.09090909090909091,0,0,1.0,0.09523809523809523,0.9047619047619048
"((Bilirubin_direct >= 0.000) U[0,1] (Hct <= 14.871))
",-9999999.000,-9999999.000,0.000,0.000,1.000,0,0,0,11,11,0,0,11,0.0,0,0,0.0,0.0,1.0
"F[1,2](Phosphate <= 2.333 & FiO2 >= 0.000)
",-9999999.000,-9999999.000,0.000,0.000,1.000,0,0,0,11,11,0,0,11,0.0,0,0,0.0,0.0,1.0
"((Hgb <= 6.620) U[0,1] (MAP <= 25.345))
",-9999999.000,-9999999.000,0.000,0.000,1.000,0,0,0,11,11,0,0,11,0.0,0,0,0.0,0.0,1.0
"F[2,2](((PaCO2 <= 0.000 | EtCO2 >= 0.000) | Resp >= 0.000) & BaseExcess >= 0.000)
",0.000,0.000,0.000,0.000,1.000,0,0,0,11,11,0,0,11,0.0,0,0,0.0,0.0,1.0
"((Temp >= 5.116) U[2,2] (Creatinine >= 0.020))
",-5884028498438254.000,-0.020,0.000,0.000,1.000,0,0,0,11,11,0,0,11,0.0,0,0,0.0,0.0,1.0
"F[0,2]((AST <= 0.000 | BUN <= 4.629) & AST >= 0.112)
",-9999999.000,-9999999.000,0.000,0.000,1.000,0,0,0,11,11,0,0,11,0.0,0,0,0.0,0.0,1.0
"F[2,2](((HR <= 57.852 | SaO2 <= 0.000) -> Phosphate >= 0.000) -> Potassium <= 0.000)
",0.000,0.000,0.000,0.000,1.000,0,0,0,11,11,0,0,11,0.0,0,0,0.0,0.0,1.0
"F[0,2](((Alkalinephos >= 0.000 | Phosphate <= 0.438) & Platelets <= 0.878) | Temp >= 0.097)
",-9999999.000,-9999999.000,0.000,0.000,1.000,0,0,0,11,11,0,0,11,0.0,0,0,0.0,0.0,1.0
"F[1,2](Creatinine >= 0.011 | Resp >= 4.050)
",-9999999.000,-9999999.000,0.000,0.000,1.000,0,0,0,11,11,0,0,11,0.0,0,0,0.0,0.0,1.0
"F[1,2]((BUN <= 0.785 | Bilirubin_direct <= 0.000) | Hgb >= 0.000)
",-9999999.000,-9999999.000,0.000,0.000,1.000,0,0,0,11,11,0,0,11,0.0,0,0,0.0,0.0,1.0
"F[1,2](((Bilirubin_total >= 0.000 & HR <= 37.931) -> Bilirubin_direct <= 58.144) -> Temp <= 55.717)
",-9999999.000,-9999999.000,0.000,0.000,1.000,0,0,0,11,11,0,0,11,0.0,0,0,0.0,0.0,1.0
"F[0,2]((Hgb >= 0.054 & Magnesium >= 0.015) -> Bilirubin_total <= 1.452)
",-9999999.000,-9999999.000,0.000,0.000,1.000,0,0,0,11,11,0,0,11,0.0,0,0,0.0,0.0,1.0
"((Hgb <= 3.781) U[0,2] (PaCO2 >= 0.000))
",-9999999.000,-9999999.000,0.000,0.000,1.000,0,0,0,11,11,0,0,11,0.0,0,0,0.0,0.0,1.0
"F[0,1](PTT <= 0.000 -> AST <= 0.000)
",-9999999.000,-9999999.000,0.000,0.000,1.000,0,0,0,11,11,0,0,11,0.0,0,0,0.0,0.0,1.0
"F[1,2](PaCO2 >= 0.000 & TroponinI <= 0.000)
",-9999999.000,-9999999.000,0.000,0.000,1.000,0,0,0,11,11,0,0,11,0.0,0,0,0.0,0.0,1.0
"F[0,2](((WBC <= 10.620 | PTT >= 0.000) -> Magnesium >= 0.000) -> Fibrinogen <= 0.000)
",-9999999.000,-9999999.000,0.000,0.000,1.000,0,0,0,11,11,0,0,11,0.0,0,0,0.0,0.0,1.0
"((EtCO2 >= 0.000) U[0,0] (Platelets <= 123.684))
",123.684,123.684,0.000,0.000,1.000,0,0,0,11,11,0,0,11,0.0,0,0,0.0,0.0,1.0
"F[1,2](((Bilirubin_direct <= 0.000 & pH >= 0.000) -> SBP >= 0.000) & HCO3 <= 0.000)
",-9999999.000,-9999999.000,0.000,0.000,1.000,0,0,0,11,11,0,0,11,0.0,0,0,0.0,0.0,1.0
"((DBP <= 62.794) U[0,1] (Bilirubin_total <= 0.000))
",-9999999.000,-9999999.000,0.000,0.000,1.000,0,0,0,11,11,0,0,11,0.0,0,0,0.0,0.0,1.0
"F[1,2](((TroponinI >= 0.000 -> Glucose >= 31.032) -> Chloride <= 208.090) -> SepsisLabel <= 107.239)
",-9999999.000,-9999999.000,0.000,0.000,1.000,0,0,0,11,11,0,0,11,0.0,0,0,0.0,0.0,1.0
"F[0,2](((PTT >= 0.000 & WBC >= 0.157) | AST <= 9.079) & Potassium >= 0.388)
",-9999999.000,-9999999.000,0.000,0.000,1.000,0,0,0,11,11,0,0,11,0.0,0,0,0.0,0.0,1.0
"((MAP <= 54.195) U[0,2] (O2Sat <= 35.577))
",-9999999.000,-9999999.000,0.000,0.000,1.000,0,0,0,11,11,0,0,11,0.0,0,0,0.0,0.0,1.0
"F[0,2](((DBP <= 58.969 | Bilirubin_direct <= 0.000) | TroponinI <= 0.000) & FiO2 >= 0.000)
",-9999999.000,-9999999.000,0.000,0.000,1.000,0,0,0,11,11,0,0,11,0.0,0,0,0.0,0.0,1.0
"F[2,2]((Potassium <= 0.613 & Bilirubin_direct >= 0.000) | EtCO2 >= 0.000)
",0.000,0.000,0.000,0.000,1.000,0,0,0,11,11,0,0,11,0.0,0,0,0.0,0.0,1.0
"F[0,1]((Chloride >= 0.000 & SBP <= 99.740) | Creatinine <= 91.557)
",-9999999.000,-9999999.000,0.000,0.000,1.000,0,0,0,11,11,0,0,11,0.0,0,0,0.0,0.0,1.0
"F[2,2](Lactate <= 0.000 & Temp >= 5.487)
",-5.487,-5.487,0.000,0.000,1.000,0,0,0,11,11,0,0,11,0.0,0,0,0.0,0.0,1.0
"F[1,2]((TroponinI >= 0.000 -> SBP >= 30.202) & PaCO2 >= 13.235)
",-9999999.000,-9999999.000,0.000,0.000,1.000,0,0,0,11,11,0,0,11,0.0,0,0,0.0,0.0,1.0
"F[0,2](BUN >= 0.229 | Phosphate <= 1.227)
",-9999999.000,-9999999.000,0.000,0.000,1.000,0,0,0,11,11,0,0,11,0.0,0,0,0.0,0.0,1.0
"F[1,2]((Creatinine >= 0.026 -> HR >= 6.776) | Lactate <= 61.764)
",-9999999.000,-9999999.000,0.000,0.000,1.000,0,0,0,11,11,0,0,11,0.0,0,0,0.0,0.0,1.0
"F[1,2](((Temp >= 3.352 -> Fibrinogen >= 0.000) -> Bilirubin_total >= 0.000) -> PaCO2 >= 0.000)
",-9999999.000,-9999999.000,0.000,0.000,1.000,0,0,0,11,11,0,0,11,0.0,0,0,0.0,0.0,1.0
"F[1,2]((Platelets <= 250.256 -> WBC <= 4.663) & SBP >= 0.146)
",-9999999.000,-9999999.000,0.000,0.000,1.000,0,0,0,11,11,0,0,11,0.0,0,0,0.0,0.0,1.0
"F[0,1](((Alkalinephos <= 0.000 -> WBC >= 0.085) & SBP <= 8.192) -> MAP >= 0.076)
",-9999999.000,-9999999.000,0.000,0.000,1.000,0,0,0,11,11,0,0,11,0.0,0,0,0.0,0.0,1.0
"F[1,2](Hgb >= 0.240 -> AST <= 0.000)
",-9999999.000,-9999999.000,0.000,0.000,1.000,0,0,0,11,11,0,0,11,0.0,0,0,0.0,0.0,1.0
"F[1,2]((SBP <= 66.223 -> PaCO2 >= 0.000) | Hct >= 0.000)
",-9999999.000,-9999999.000,0.000,0.000,1.000,0,0,0,11,11,0,0,11,0.0,0,0,0.0,0.0,1.0
"((FiO2 >= 0.000) U[0,2] (O2Sat <= 81.298))
",-9999999.000,-9999999.000,0.000,0.000,1.000,0,0,0,11,11,0,0,11,0.0,0,0,0.0,0.0,1.0
"F[1,1](((EtCO2 <= 0.000 | Resp <= 17.203) & MAP <= 11.708) | Lactate <= 5.433)
",11.708,11.708,0.000,0.000,1.000,0,0,0,11,11,0,0,11,0.0,0,0,0.0,0.0,1.0
"F[1,2](((BUN <= 2.878 & Potassium <= 0.268) & SBP >= 0.157) & PTT >= 0.074)
",-9999999.000,-9999999.000,0.000,0.000,1.000,0,0,0,11,11,0,0,11,0.0,0,0,0.0,0.0,1.0
"F[2,2]((Phosphate >= 0.094 & DBP <= 52.836) -> AST >= 12.268)
",0.094,0.094,0.000,0.000,1.000,0,0,0,11,11,0,0,11,0.0,0,0,0.0,0.0,1.0
"F[0,0]((SBP >= 8.797 | Calcium <= 6.965) -> EtCO2 <= 2.831)
",-1.394,-13.126,0.000,0.000,1.000,0,0,0,11,11,0,0,11,0.0,0,0,0.0,0.0,1.0
"F[1,1]((AST >= 0.000 & Resp >= 3.442) | Resp <= 17.802)
",5010748255668330.000,17.802,0.000,0.000,1.000,0,0,0,11,11,0,0,11,0.0,0,0,0.0,0.0,1.0
"F[0,0]((Phosphate <= 2.358 | BaseExcess <= 0.000) | Resp >= 0.000)
",0.722,24.551,0.000,0.000,1.000,0,0,0,11,11,0,0,11,0.0,0,0,0.0,0.0,1.0
"F[1,2](((Lactate >= 0.000 -> SBP <= 99.746) | HR <= 120.772) -> Platelets <= 35.628)
",-9999999.000,-9999999.000,0.000,0.000,1.000,0,0,0,11,11,0,0,11,0.0,0,0,0.0,0.0,1.0
"F[0,1](HR <= 90.778 | Hct <= 17.636)
",-9999999.000,-9999999.000,0.000,0.000,1.000,0,0,0,11,11,0,0,11,0.0,0,0,0.0,0.0,1.0
"((HCO3 >= 0.000) U[2,2] (Magnesium >= 0.086))
",0.000,0.000,0.000,0.000,1.000,0,0,0,11,11,0,0,11,0.0,0,0,0.0,0.0,1.0
"F[0,1](((Calcium <= 1.854 & Resp <= 6.018) | Phosphate >= 4.580) -> Alkalinephos <= 19.170)
",-9999999.000,-9999999.000,0.000,0.000,1.000,0,0,0,11,11,0,0,11,0.0,0,0,0.0,0.0,1.0
"F[2,2](((Bilirubin_total >= 0.000 -> PaCO2 <= 0.000) | FiO2 >= 0.000) | Potassium <= 0.000)
",0.000,0.000,0.000,0.000,1.000,0,0,0,11,11,0,0,11,0.0,0,0,0.0,0.0,1.0
"F[1,2](((Hgb <= 8.288 | Creatinine >= 0.020) | Calcium <= 0.541) | Calcium >= 0.027)
",-9999999.000,-9999999.000,0.000,0.000,1.000,0,0,0,11,11,0,0,11,0.0,0,0,0.0,0.0,1.0
"F[0,2]((Potassium <= 0.778 | Alkalinephos >= 0.000) -> Platelets >= 0.000)
",-9999999.000,-9999999.000,0.000,0.000,1.000,0,0,0,11,11,0,0,11,0.0,0,0,0.0,0.0,1.0
"((pH <= 0.000) U[0,1] (Fibrinogen >= 0.000))
",-9999999.000,-9999999.000,0.000,0.000,1.000,0,0,0,11,11,0,0,11,0.0,0,0,0.0,0.0,1.0
"F[0,2]((PaCO2 >= 0.000 & Hct >= 0.972) -> Potassium >= 0.873)
",-9999999.000,-9999999.000,0.000,0.000,1.000,0,0,0,11,11,0,0,11,0.0,0,0,0.0,0.0,1.0
"F[0,2]((MAP <= 40.188 -> BUN <= 3.592) & EtCO2 <= 1.838)
",-9999999.000,-9999999.000,0.000,0.000,1.000,0,0,0,11,11,0,0,11,0.0,0,0,0.0,0.0,1.0
"F[1,1](Bilirubin_direct >= 0.000 -> TroponinI >= 0.000)
",0.000,0.000,0.000,0.000,1.000,0,0,0,11,11,0,0,11,0.0,0,0,0.0,0.0,1.0
"((WBC >= 0.349) U[0,2] (Calcium <= 4.113))
",-9999999.000,-9999999.000,0.000,0.000,1.000,0,0,0,11,11,0,0,11,0.0,0,0,0.0,0.0,1.0
"F[0,2]((SepsisLabel >= 0.000 & DBP >= 5.815) | Glucose <= 69.302)
",-9999999.000,-9999999.000,0.000,0.000,1.000,0,0,0,11,11,0,0,11,0.0,0,0,0.0,0.0,1.0
"((BUN >= 0.239) U[0,2] (DBP >= 6.839))
",-9999999.000,-9999999.000,0.000,0.000,1.000,0,0,0,11,11,0,0,11,0.0,0,0,0.0,0.0,1.0
"F[1,1](((Creatinine >= 0.021 -> Alkalinephos >= 0.000) -> Hct >= 0.000) & Hgb >= 0.000)
",0.000,0.000,0.000,0.000,1.000,0,0,0,11,11,0,0,11,0.0,0,0,0.0,0.0,1.0
"F[1,1]((Hct >= 0.035 -> FiO2 >= 0.000) & pH <= 0.000)
",0.000,0.000,0.000,0.000,1.000,0,0,0,11,11,0,0,11,0.0,0,0,0.0,0.0,1.0
"F[1,2]((WBC <= 7.570 | HCO3 <= 0.000) | Alkalinephos <= 0.000)
",-9999999.000,-9999999.000,0.000,0.000,1.000,0,0,0,11,11,0,0,11,0.0,0,0,0.0,0.0,1.0
"F[2,2](((PaCO2 >= 0.000 & TroponinI >= 0.000) & AST >= 0.000) -> Calcium >= 0.000)
",0.000,0.000,0.000,0.000,1.000,0,0,0,11,11,0,0,11,0.0,0,0,0.0,0.0,1.0
"F[0,1](DBP <= 28.331 | BaseExcess <= 0.000)
",-9999999.000,-9999999.000,0.000,0.000,1.000,0,0,0,11,11,0,0,11,0.0,0,0,0.0,0.0,1.0
"F[2,2]((Bilirubin_total >= 0.000 & Magnesium >= 0.074) & MAP >= 0.064)
",-0.074,-0.074,0.000,0.000,1.000,0,0,0,11,11,0,0,11,0.0,0,0,0.0,0.0,1.0
"F[2,2]((MAP <= 42.140 | MAP <= 66.390) | HCO3 <= 27.467)
",4671774286150918.000,66.390,0.000,0.000,1.000,0,0,0,11,11,0,0,11,0.0,0,0,0.0,0.0,1.0
"F[1,2](HR <= 51.632 | Creatinine >= 0.037)
",-9999999.000,-9999999.000,0.000,0.000,1.000,0,0,0,11,11,0,0,11,0.0,0,0,0.0,0.0,1.0
"((HCO3 <= 0.000) U[1,2] (EtCO2 <= 0.000))
",-9999999.000,-9999999.000,0.000,0.000,1.000,0,0,0,11,11,0,0,11,0.0,0,0,0.0,0.0,1.0
"F[0,1]((EtCO2 >= 0.000 | Hgb <= 6.471) -> Alkalinephos <= 2.821)
",-9999999.000,-9999999.000,0.000,0.000,1.000,0,0,0,11,11,0,0,11,0.0,0,0,0.0,0.0,1.0
"F[0,0](((Lactate <= 0.000 -> EtCO2 >= 0.000) | Magnesium >= 0.000) -> Calcium >= 0.000)
",0.000,0.000,0.000,0.000,1.000,0,0,0,11,11,0,0,11,0.0,0,0,0.0,0.0,1.0
"F[0,0](MAP <= 72.433 -> Chloride >= 0.000)
",-1.616,-51.583,0.000,0.000,1.000,0,0,0,11,11,0,0,11,0.0,0,0,0.0,0.0,1.0
"F[0,2]((Phosphate <= 0.652 | Bilirubin_direct >= 0.000) & WBC >= 0.000)
",-9999999.000,-9999999.000,0.000,0.000,1.000,0,0,0,11,11,0,0,11,0.0,0,0,0.0,0.0,1.0
"F[0,2](AST <= 0.000 & FiO2 >= 0.000)
",-9999999.000,-9999999.000,0.000,0.000,1.000,0,0,0,11,11,0,0,11,0.0,0,0,0.0,0.0,1.0
"F[0,2](Lactate <= 0.000 -> Lactate <= 0.000)
",-9999999.000,-9999999.000,0.000,0.000,1.000,0,0,0,11,11,0,0,11,0.0,0,0,0.0,0.0,1.0
"F[1,2](((PaCO2 >= 0.000 -> BUN <= 4.634) -> Alkalinephos >= 0.259) | Bilirubin_direct >= 0.208)
",-9999999.000,-9999999.000,0.000,0.000,1.000,0,0,0,11,11,0,0,11,0.0,0,0,0.0,0.0,1.0
"((O2Sat >= 13.744) U[0,0] (BaseExcess >= 0.000))
",0.807,30.002,0.000,0.000,1.000,0,0,0,11,11,0,0,11,0.0,0,0,0.0,0.0,1.0
"F[0,0]((Temp >= 1.527 | PaCO2 >= 0.000) | Potassium >= 0.000)
",0.816,38.189,0.000,0.000,1.000,0,0,0,11,11,0,0,11,0.0,0,0,0.0,0.0,1.0
"((FiO2 >= 0.000) U[2,2] (WBC <= 3.052))
",6873407593033750.000,3.052,0.000,0.000,1.000,0,0,0,11,11,0,0,11,0.0,0,0,0.0,0.0,1.0
"((Lactate >= 0.000) U[1,2] (FiO2 >= 0.000))
",-9999999.000,-9999999.000,0.000,0.000,1.000,0,0,0,11,11,0,0,11,0.0,0,0,0.0,0.0,1.0
"F[0,1]((Glucose <= 128.313 -> HCO3 <= 0.000) & Potassium >= 0.000)
",-9999999.000,-9999999.000,0.000,0.000,1.000,0,0,0,11,11,0,0,11,0.0,0,0,0.0,0.0,1.0
"F[1,2](((SepsisLabel >= 0.000 & BaseExcess <= 0.000) -> Bilirubin_total <= 0.000) -> Temp <= 0.000)
",-9999999.000,-9999999.000,0.000,0.000,1.000,0,0,0,11,11,0,0,11,0.0,0,0,0.0,0.0,1.0
"F[0,2](((PaCO2 >= 0.000 | Glucose >= 12.708) | Hgb <= 125.006) & BaseExcess <= 65.317)
",-9999999.000,-9999999.000,0.000,0.000,1.000,0,0,0,11,11,0,0,11,0.0,0,0,0.0,0.0,1.0
"F[0,2](Calcium >= 0.116 & Platelets >= 13.933)
",-9999999.000,-9999999.000,0.000,0.000,1.000,0,0,0,11,11,0,0,11,0.0,0,0,0.0,0.0,1.0
"F[2,2](((MAP >= 7.383 | Creatinine >= 0.001) | Lactate >= 0.018) & Creatinine <= 0.578)
",-0.001,-0.001,0.000,0.000,1.000,0,0,0,11,11,0,0,11,0.0,0,0,0.0,0.0,1.0
"F[0,1](((Hgb >= 0.317 -> FiO2 <= 0.000) & Hct >= 0.000) -> Bilirubin_total <= 0.000)
",-9999999.000,-9999999.000,0.000,0.000,1.000,0,0,0,11,11,0,0,11,0.0,0,0,0.0,0.0,1.0
"F[2,2](((Temp >= 5.440 -> Phosphate >= 0.050) -> Fibrinogen <= 0.576) & DBP >= 0.027)
",-0.576,-0.576,0.000,0.000,1.000,0,0,0,11,11,0,0,11,0.0,0,0,0.0,0.0,1.0
"F[1,2](((Magnesium >= 0.068 & Fibrinogen >= 0.000) & Chloride <= 0.000) -> Platelets <= 0.000)
",-9999999.000,-9999999.000,0.000,0.000,1.000,0,0,0,11,11,0,0,11,0.0,0,0,0.0,0.0,1.0
"F[1,1](((EtCO2 <= 0.000 | Temp >= 0.200) & WBC >= 7.366) | FiO2 <= 23.193)
",23.193,23.193,0.000,0.000,1.000,0,0,0,11,11,0,0,11,0.0,0,0,0.0,0.0,1.0
"((FiO2 >= 0.000) U[1,1] (Bilirubin_direct <= 0.000))
",0.000,0.000,0.000,0.000,1.000,0,0,0,11,11,0,0,11,0.0,0,0,0.0,0.0,1.0
"F[1,2](((Fibrinogen >= 0.000 & BUN <= 3.116) & PaCO2 <= 1.834) & Chloride >= 0.196)
",-9999999.000,-9999999.000,0.000,0.000,1.000,0,0,0,11,11,0,0,11,0.0,0,0,0.0,0.0,1.0
"F[1,2]((DBP <= 54.986 -> Alkalinephos <= 0.000) & SaO2 <= 0.000)
",-9999999.000,-9999999.000,0.000,0.000,1.000,0,0,0,11,11,0,0,11,0.0,0,0,0.0,0.0,1.0
"F[0,0](((MAP >= 3.437 & SepsisLabel <= 0.000) -> pH >= 0.000) | Lactate <= 0.000)
",0.000,0.000,0.000,0.000,1.000,0,0,0,11,11,0,0,11,0.0,0,0,0.0,0.0,1.0
"F[1,2](((Bilirubin_total <= 0.000 & DBP >= 10.282) | Resp <= 22.256) | Creatinine >= 10.908)
",-9999999.000,-9999999.000,0.000,0.000,1.000,0,0,0,11,11,0,0,11,0.0,0,0,0.0,0.0,1.0
"F[1,2]((Magnesium >= 0.022 | pH <= 0.000) | Lactate >= 0.000)
",-9999999.000,-9999999.000,0.000,0.000,1.000,0,0,0,11,11,0,0,11,0.0,0,0,0.0,0.0,1.0
"F[2,2](BUN >= 0.227 & Bilirubin_direct >= 0.000)
",-8192129020869314.000,-0.227,0.000,0.000,1.000,0,0,0,11,11,0,0,11,0.0,0,0,0.0,0.0,1.0
"F[0,0]((Fibrinogen >= 0.000 & Bilirubin_direct <= 0.000) -> Hct <= 0.000)
",0.000,0.000,0.000,0.000,1.000,0,0,0,11,11,0,0,11,0.0,0,0,0.0,0.0,1.0
"((DBP <= 54.177) U[1,2] (Calcium >= 0.021))
",-9999999.000,-9999999.000,0.000,0.000,1.000,0,0,0,11,11,0,0,11,0.0,0,0,0.0,0.0,1.0
"F[2,2](((DBP >= 12.358 | PaCO2 >= 0.000) | Temp <= 0.000) -> Chloride >= 0.000)
",0.000,0.000,0.000,0.000,1.000,0,0,0,11,11,0,0,11,0.0,0,0,0.0,0.0,1.0
"F[0,1](Temp >= 4.786 -> HR <= 80.134)
",-9999999.000,-9999999.000,0.000,0.000,1.000,0,0,0,11,11,0,0,11,0.0,0,0,0.0,0.0,1.0
"F[0,2]((Lactate <= 0.000 & WBC <= 5.351) | AST <= 1.024)
",-9999999.000,-9999999.000,0.000,0.000,1.000,0,0,0,11,11,0,0,11,0.0,0,0,0.0,0.0,1.0
"F[0,2](Creatinine >= 0.005 | Hgb >= 0.157)
",-9999999.000,-9999999.000,0.000,0.000,1.000,0,0,0,11,11,0,0,11,0.0,0,0,0.0,0.0,1.0
"F[0,2]((Magnesium <= 0.714 | FiO2 >= 0.000) -> PTT <= 0.000)
",-9999999.000,-9999999.000,0.000,0.000,1.000,0,0,0,11,11,0,0,11,0.0,0,0,0.0,0.0,1.0
"F[1,1](((Resp >= 2.477 | O2Sat <= 38.910) | Chloride <= 69.528) & PaCO2 <= 39.824)
",39.824,39.824,0.000,0.000,1.000,0,0,0,11,11,0,0,11,0.0,0,0,0.0,0.0,1.0
"((Alkalinephos >= 0.000) U[0,1] (Calcium <= 2.163))
",-9999999.000,-9999999.000,0.000,0.000,1.000,0,0,0,11,11,0,0,11,0.0,0,0,0.0,0.0,1.0
"F[0,2]((Fibrinogen <= 0.000 & TroponinI <= 0.000) -> Potassium >= 0.000)
",-9999999.000,-9999999.000,0.000,0.000,1.000,0,0,0,11,11,0,0,11,0.0,0,0,0.0,0.0,1.0
"F[1,2](((Creatinine >= 0.019 -> WBC <= 3.588) & Hct <= 6.442) | Magnesium >= 0.406)
",-9999999.000,-9999999.000,0.000,0.000,1.000,0,0,0,11,11,0,0,11,0.0,0,0,0.0,0.0,1.0
"F[1,2](((HCO3 >= 0.000 | PaCO2 >= 0.000) -> SaO2 <= 0.000) -> Phosphate <= 0.000)
",-9999999.000,-9999999.000,0.000,0.000,1.000,0,0,0,11,11,0,0,11,0.0,0,0,0.0,0.0,1.0
"F[1,2](((Calcium <= 8.290 -> TroponinI >= 0.000) -> HCO3 >= 0.000) & Potassium >= 0.000)
",-9999999.000,-9999999.000,0.000,0.000,1.000,0,0,0,11,11,0,0,11,0.0,0,0,0.0,0.0,1.0
"F[0,1](((PaCO2 >= 0.000 & Fibrinogen <= 0.000) | TroponinI <= 0.000) -> Lactate <= 0.000)
",-9999999.000,-9999999.000,0.000,0.000,1.000,0,0,0,11,11,0,0,11,0.0,0,0,0.0,0.0,1.0
"((PaCO2 >= 0.000) U[0,2] (SBP >= 30.402))
",-9999999.000,-9999999.000,0.000,0.000,1.000,0,0,0,11,11,0,0,11,0.0,0,0,0.0,0.0,1.0
"F[1,2](Glucose <= 206.293 -> PTT <= 0.000)
",-9999999.000,-9999999.000,0.000,0.000,1.000,0,0,0,11,11,0,0,11,0.0,0,0,0.0,0.0,1.0
"F[1,2](((pH <= 0.000 | Hct >= 1.128) & O2Sat <= 36.262) | Fibrinogen <= 13.665)
",-9999999.000,-9999999.000,0.000,0.000,1.000,0,0,0,11,11,0,0,11,0.0,0,0,0.0,0.0,1.0
"F[2,2](WBC >= 0.167 | Calcium >= 0.321)
",-6029800133584494.000,-0.167,0.000,0.000,1.000,0,0,0,11,11,0,0,11,0.0,0,0,0.0,0.0,1.0
"F[0,1]((Chloride <= 0.000 | PaCO2 >= 0.000) -> SaO2 >= 0.000)
",-9999999.000,-9999999.000,0.000,0.000,1.000,0,0,0,11,11,0,0,11,0.0,0,0,0.0,0.0,1.0
"F[0,2](((Bilirubin_direct <= 0.000 -> BaseExcess >= 0.000) & MAP >= 0.000) | Fibrinogen >= 0.000)
",-9999999.000,-9999999.000,0.000,0.000,1.000,0,0,0,11,11,0,0,11,0.0,0,0,0.0,0.0,1.0
"F[1,2]((BUN <= 5.151 -> PaCO2 >= 0.000) -> HCO3 <= 0.000)
",-9999999.000,-9999999.000,0.000,0.000,1.000,0,0,0,11,11,0,0,11,0.0,0,0,0.0,0.0,1.0
"F[0,2](((PaCO2 <= 0.000 & WBC >= 0.178) & Fibrinogen >= 0.076) | Glucose >= 0.444)
",-9999999.000,-9999999.000,0.000,0.000,1.000,0,0,0,11,11,0,0,11,0.0,0,0,0.0,0.0,1.0
"F[0,2]((EtCO2 <= 0.000 -> Phosphate >= 0.011) & TroponinI >= 0.012)
",-9999999.000,-9999999.000,0.000,0.000,1.000,0,0,0,11,11,0,0,11,0.0,0,0,0.0,0.0,1.0
"F[1,2](Lactate <= 0.000 -> EtCO2 >= 0.000)
",-9999999.000,-9999999.000,0.000,0.000,1.000,0,0,0,11,11,0,0,11,0.0,0,0,0.0,0.0,1.0
"F[1,1]((Glucose >= 10.396 | Fibrinogen <= 0.000) & Glucose >= 0.000)
",0.000,0.000,0.000,0.000,1.000,0,0,0,11,11,0,0,11,0.0,0,0,0.0,0.0,1.0
"F[1,2]((O2Sat <= 34.207 & Resp >= 3.578) & EtCO2 >= 0.192)
",-9999999.000,-9999999.000,0.000,0.000,1.000,0,0,0,11,11,0,0,11,0.0,0,0,0.0,0.0,1.0
"F[1,2](SBP >= 6.135 -> HR >= 2.645)
",-9999999.000,-9999999.000,0.000,0.000,1.000,0,0,0,11,11,0,0,11,0.0,0,0,0.0,0.0,1.0
"F[0,2](((HR >= 21.123 & EtCO2 >= 0.000) & Hgb >= 0.000) & WBC <= 0.000)
",-9999999.000,-9999999.000,0.000,0.000,1.000,0,0,0,11,11,0,0,11,0.0,0,0,0.0,0.0,1.0
"((FiO2 <= 0.000) U[0,2] (HR >= 20.980))
",-9999999.000,-9999999.000,0.000,0.000,1.000,0,0,0,11,11,0,0,11,0.0,0,0,0.0,0.0,1.0
"F[0,0](DBP >= 6.540 | Creatinine <= 0.337)
",0.510,17.562,0.000,0.000,1.000,0,0,0,11,11,0,0,11,0.0,0,0,0.0,0.0,1.0
"F[2,2](((Glucose >= 11.518 -> Phosphate >= 0.031) & Potassium >= 0.105) & Phosphate <= 2.537)
",-7598020228960450.000,-0.105,0.000,0.000,1.000,0,0,0,11,11,0,0,11,0.0,0,0,0.0,0.0,1.0
"((EtCO2 >= 0.000) U[0,2] (Fibrinogen >= 0.000))
",-9999999.000,-9999999.000,0.000,0.000,1.000,0,0,0,11,11,0,0,11,0.0,0,0,0.0,0.0,1.0
"F[0,1](Creatinine <= 0.283 | PaCO2 >= 0.000)
",-9999999.000,-9999999.000,0.000,0.000,1.000,0,0,0,11,11,0,0,11,0.0,0,0,0.0,0.0,1.0
"F[0,1](Lactate >= 0.000 -> Temp <= 35.412)
",-9999999.000,-9999999.000,0.000,0.000,1.000,0,0,0,11,11,0,0,11,0.0,0,0,0.0,0.0,1.0
"F[1,2]((Phosphate >= 0.095 | Temp >= 4.786) | Fibrinogen >= 1.225)
",-9999999.000,-9999999.000,0.000,0.000,1.000,0,0,0,11,11,0,0,11,0.0,0,0,0.0,0.0,1.0
"F[0,1](((SBP <= 117.835 | O2Sat <= 82.881) | WBC <= 43.160) & pH <= 27.865)
",-9999999.000,-9999999.000,0.000,0.000,1.000,0,0,0,11,11,0,0,11,0.0,0,0,0.0,0.0,1.0
"((Glucose <= 69.056) U[0,1] (BUN <= 5.535))
",-9999999.000,-9999999.000,0.000,0.000,1.000,0,0,0,11,11,0,0,11,0.0,0,0,0.0,0.0,1.0
"((Lactate <= 0.000) U[1,2] (pH <= 0.000))
",-9999999.000,-9999999.000,0.000,0.000,1.000,0,0,0,11,11,0,0,11,0.0,0,0,0.0,0.0,1.0
"F[0,0](((Magnesium >= 0.050 -> Alkalinephos <= 0.000) & SepsisLabel >= 0.000) | Platelets <= 0.000)
",0.333,0.005,0.000,0.000,1.000,0,0,0,11,11,0,0,11,0.0,0,0,0.0,0.0,1.0
"F[1,2]((HCO3 >= 0.000 | Hct <= 28.833) & Platelets <= 30.709)
",-9999999.000,-9999999.000,0.000,0.000,1.000,0,0,0,11,11,0,0,11,0.0,0,0,0.0,0.0,1.0
"F[2,2](Temp >= 2.127 -> DBP >= 10.153)
",4790423346370253.000,2.127,0.000,0.000,1.000,0,0,0,11,11,0,0,11,0.0,0,0,0.0,0.0,1.0
"F[0,1](((BUN <= 0.469 | Chloride >= 0.000) -> DBP <= 0.000) & Chloride >= 0.000)
",-9999999.000,-9999999.000,0.000,0.000,1.000,0,0,0,11,11,0,0,11,0.0,0,0,0.0,0.0,1.0
"((MAP <= 60.960) U[0,2] (Bilirubin_total <= 0.000))
",-9999999.000,-9999999.000,0.000,0.000,1.000,0,0,0,11,11,0,0,11,0.0,0,0,0.0,0.0,1.0
"F[0,1](((Chloride <= 0.000 -> Fibrinogen <= 0.000) -> Glucose <= 0.000) & Bilirubin_direct >= 0.000)
",-9999999.000,-9999999.000,0.000,0.000,1.000,0,0,0,11,11,0,0,11,0.0,0,0,0.0,0.0,1.0
"F[0,0]((Potassium <= 0.692 | EtCO2 >= 0.000) & FiO2 <= 0.000)
",0.000,0.000,0.000,0.000,1.000,0,0,0,11,11,0,0,11,0.0,0,0,0.0,0.0,1.0
"F[0,2](((Potassium >= 0.178 & WBC >= 0.303) -> HR <= 7.794) -> Hgb <= 11.582)
",-9999999.000,-9999999.000,0.000,0.000,1.000,0,0,0,11,11,0,0,11,0.0,0,0,0.0,0.0,1.0
"((FiO2 >= 0.000) U[0,1] (Magnesium <= 0.363))
",-9999999.000,-9999999.000,0.000,0.000,1.000,0,0,0,11,11,0,0,11,0.0,0,0,0.0,0.0,1.0
"F[2,2](((Alkalinephos <= 0.000 -> Bilirubin_direct >= 0.000) | BaseExcess >= 0.000) & Lactate >= 0.000)
",0.000,0.000,0.000,0.000,1.000,0,0,0,11,11,0,0,11,0.0,0,0,0.0,0.0,1.0
"F[0,1]((Magnesium >= 0.038 & Phosphate <= 1.026) -> AST <= 0.916)
",-9999999.000,-9999999.000,0.000,0.000,1.000,0,0,0,11,11,0,0,11,0.0,0,0,0.0,0.0,1.0
"F[0,2]((EtCO2 >= 0.000 & HCO3 <= 0.000) | Fibrinogen >= 0.000)
",-9999999.000,-9999999.000,0.000,0.000,1.000,0,0,0,11,11,0,0,11,0.0,0,0,0.0,0.0,1.0
"F[0,2](Potassium <= 0.977 & Phosphate <= 1.807)
",-9999999.000,-9999999.000,0.000,0.000,1.000,0,0,0,11,11,0,0,11,0.0,0,0,0.0,0.0,1.0
"F[0,1](Hgb <= 5.413 | AST <= 0.000)
",-9999999.000,-9999999.000,0.000,0.000,1.000,0,0,0,11,11,0,0,11,0.0,0,0,0.0,0.0,1.0
"F[0,1](Lactate >= 0.000 & PaCO2 <= 0.000)
",-9999999.000,-9999999.000,0.000,0.000,1.000,0,0,0,11,11,0,0,11,0.0,0,0,0.0,0.0,1.0
"F[2,2](WBC <= 8.963 & MAP >= 2.260)
",-5089291208816419.000,-2.260,0.000,0.000,1.000,0,0,0,11,11,0,0,11,0.0,0,0,0.0,0.0,1.0
"F[2,2](Bilirubin_total <= 0.000 & SepsisLabel >= 0.000)
",0.000,0.000,0.000,0.000,1.000,0,0,0,11,11,0,0,11,0.0,0,0,0.0,0.0,1.0
"F[2,2](((Chloride <= 0.000 | SepsisLabel >= 0.000) | BUN <= 0.000) & Hgb >= 0.000)
",0.000,0.000,0.000,0.000,1.000,0,0,0,11,11,0,0,11,0.0,0,0,0.0,0.0,1.0
"F[0,1]((Glucose <= 195.245 -> SepsisLabel >= 0.000) & SaO2 >= 0.000)
",-9999999.000,-9999999.000,0.000,0.000,1.000,0,0,0,11,11,0,0,11,0.0,0,0,0.0,0.0,1.0
"F[2,2]((BUN >= 0.233 | Temp >= 3.859) & MAP <= 13.501)
",-0.233,-0.233,0.000,0.000,1.000,0,0,0,11,11,0,0,11,0.0,0,0,0.0,0.0,1.0
"F[0,1](Hgb <= 1.050 | Hct <= 27.195)
",-9999999.000,-9999999.000,0.000,0.000,1.000,0,0,0,11,11,0,0,11,0.0,0,0,0.0,0.0,1.0
"F[2,2]((HR >= 16.072 -> Hgb >= 0.324) & BaseExcess <= 9.080)
",5837097671143478.000,0.324,0.000,0.000,1.000,0,0,0,11,11,0,0,11,0.0,0,0,0.0,0.0,1.0
"F[1,1](((SepsisLabel >= 0.000 -> TroponinI <= 0.000) | PaCO2 <= 0.000) | Creatinine >= 0.000)
",0.000,0.000,0.000,0.000,1.000,0,0,0,11,11,0,0,11,0.0,0,0,0.0,0.0,1.0
"F[1,2](SepsisLabel > 0.000 -> SepsisLabel = 0.000)
",-9999999.000,-9999999.000,0.000,0.000,1.000,0,0,0,11,11,0,0,11,0.0,0,0,0.0,0.0,1.0
"F[2,2](HCO3 < 0.000 -> SepsisLabel = 0.000)
",0.000,0.000,0.000,0.000,1.000,0,0,0,11,11,0,0,11,0.0,0,0,0.0,0.0,1.0
"((SBP >= 2.754) U[0,2] (SepsisLabel = 0.000))
",-9999999.000,-9999999.000,0.000,0.000,1.000,0,0,0,11,11,0,0,11,0.0,0,0,0.0,0.0,1.0
"F[1,2](Phosphate >= 0.091 & SepsisLabel = 0.000)
",-9999999.000,-9999999.000,0.000,0.000,1.000,0,0,0,11,11,0,0,11,0.0,0,0,0.0,0.0,1.0
"((SepsisLabel <= 0.000) U[0,2] (SepsisLabel = 0.000))
",-9999999.000,-9999999.000,0.000,0.000,1.000,0,0,0,11,11,0,0,11,0.0,0,0,0.0,0.0,1.0
"((BaseExcess > 0.000) U[0,0] (SepsisLabel = 0.000))
",0.000,0.000,0.000,0.000,1.000,0,0,0,11,11,0,0,11,0.0,0,0,0.0,0.0,1.0
"F[0,2](Chloride >= 0.000 & SepsisLabel = 0.000)
",-9999999.000,-9999999.000,0.000,0.000,1.000,0,0,0,11,11,0,0,11,0.0,0,0,0.0,0.0,1.0
"((Calcium < 5.633) U[1,2] (SepsisLabel = 0.000))
",-9999999.000,-9999999.000,0.000,0.000,1.000,0,0,0,11,11,0,0,11,0.0,0,0,0.0,0.0,1.0
"((SBP > 7.997) U[0,2] (SepsisLabel = 0.000))
",-9999999.000,-9999999.000,0.000,0.000,1.000,0,0,0,11,11,0,0,11,0.0,0,0,0.0,0.0,1.0
"((DBP < 78.439) U[0,1] (SepsisLabel = 0.000))
",-9999999.000,-9999999.000,0.000,0.000,1.000,0,0,0,11,11,0,0,11,0.0,0,0,0.0,0.0,1.0
"F[0,1](pH >= 0.000 -> SepsisLabel = 0.000)
",-9999999.000,-9999999.000,0.000,0.000,1.000,0,0,0,11,11,0,0,11,0.0,0,0,0.0,0.0,1.0
"((Calcium <= 1.581) U[0,2] (SepsisLabel = 0.000))
",-9999999.000,-9999999.000,0.000,0.000,1.000,0,0,0,11,11,0,0,11,0.0,0,0,0.0,0.0,1.0
"((pH >= 0.000) U[0,2] (SepsisLabel = 0.000))
",-9999999.000,-9999999.000,0.000,0.000,1.000,0,0,0,11,11,0,0,11,0.0,0,0,0.0,0.0,1.0
"F[0,1](Alkalinephos >= 0.000 -> SepsisLabel = 0.000)
",-9999999.000,-9999999.000,0.000,0.000,1.000,0,0,0,11,11,0,0,11,0.0,0,0,0.0,0.0,1.0
"F[1,2](Magnesium < 0.092 & SepsisLabel = 0.000)
",-9999999.000,-9999999.000,0.000,0.000,1.000,0,0,0,11,11,0,0,11,0.0,0,0,0.0,0.0,1.0
"F[0,0](Phosphate <= 1.569 -> SepsisLabel = 0.000)
",-2.419,-1.379,0.000,0.000,1.000,0,0,0,11,11,0,0,11,0.0,0,0,0.0,0.0,1.0
"F[0,1](Creatinine < 0.552 -> SepsisLabel = 0.000)
",-9999999.000,-9999999.000,0.000,0.000,1.000,0,0,0,11,11,0,0,11,0.0,0,0,0.0,0.0,1.0
"F[1,1](SepsisLabel <= 0.000 -> SepsisLabel = 0.000)
",0.000,0.000,0.000,0.000,1.000,0,0,0,11,11,0,0,11,0.0,0,0,0.0,0.0,1.0
"F[1,2](DBP >= 17.198 & SepsisLabel = 0.000)
",-9999999.000,-9999999.000,0.000,0.000,1.000,0,0,0,11,11,0,0,11,0.0,0,0,0.0,0.0,1.0
"F[0,0]((Phosphate >= 0.055 & Magnesium > 0.022) -> Calcium < 4.401)
",-4.401,-4.401,0.000,0.000,1.000,0,0,0,11,11,0,0,11,0.0,0,0,0.0,0.0,1.0
"F[2,2]((Creatinine <= 0.232 -> Hgb >= 0.580) | BUN >= 0.321)
",-0.232,-0.232,0.000,0.000,1.000,0,0,0,11,11,0,0,11,0.0,0,0,0.0,0.0,1.0
"F[2,2]((O2Sat <= 65.604 -> Temp >= 1.872) | Platelets <= 20.459)
",5758735492535571.000,20.459,0.000,0.000,1.000,0,0,0,11,11,0,0,11,0.0,0,0,0.0,0.0,1.0
"F[0,2](((HR <= 26.529 | O2Sat <= 53.340) & HR >= 1.208) & Hgb <= 28.089)
",-9999999.000,-9999999.000,0.000,0.000,1.000,0,0,0,11,11,0,0,11,0.0,0,0,0.0,0.0,1.0
"F[2,2](((DBP <= 50.969 & Temp <= 30.124) | Temp <= 10.560) | Hgb >= 3.647)
",8479052255900498.000,30.124,0.000,0.000,1.000,0,0,0,11,11,0,0,11,0.0,0,0,0.0,0.0,1.0
"F[0,1](((O2Sat >= 17.252 & Resp <= 9.806) -> Potassium <= 7.427) & Magnesium <= 13.159)
",-9999999.000,-9999999.000,0.000,0.000,1.000,0,0,0,11,11,0,0,11,0.0,0,0,0.0,0.0,1.0
"F[1,1](((Hgb <= 4.355 & Magnesium <= 0.096) -> FiO2 >= 0.024) -> Potassium >= 0.014)
",4150631361610861.000,0.014,0.000,0.000,1.000,0,0,0,11,11,0,0,11,0.0,0,0,0.0,0.0,1.0
"F[0,2](((Hct >= 0.491 -> Hgb <= 10.922) -> Magnesium <= 2.328) & SaO2 <= 3.053)
",-9999999.000,-9999999.000,0.000,0.000,1.000,0,0,0,11,11,0,0,11,0.0,0,0,0.0,0.0,1.0
"F[2,2]((BUN >= 0.162 | Creatinine <= 0.557) | BaseExcess <= 0.093)
",0.557,0.557,0.000,0.000,1.000,0,0,0,11,11,0,0,11,0.0,0,0,0.0,0.0,1.0
"F[1,1](((Hgb >= 0.111 & Platelets >= 12.086) & Calcium <= 239.589) | Magnesium <= 190.728)
",190.728,190.728,0.000,0.000,1.000,0,0,0,11,11,0,0,11,0.0,0,0,0.0,0.0,1.0
"((Magnesium >= 0.052) U[0,0] (SepsisLabel = 0.000))
",-0.333,-0.005,0.000,0.000,1.000,0,0,0,11,11,0,0,11,0.0,0,0,0.0,0.0,1.0
"F[0,2](BaseExcess > 0.000 & SepsisLabel = 0.000)
",-9999999.000,-9999999.000,0.000,0.000,1.000,0,0,0,11,11,0,0,11,0.0,0,0,0.0,0.0,1.0
"((Alkalinephos <= 0.000) U[1,1] (SepsisLabel = 0.000))
",0.000,0.000,0.000,0.000,1.000,0,0,0,11,11,0,0,11,0.0,0,0,0.0,0.0,1.0
"F[2,2](Temp < 28.329 & SepsisLabel = 0.000)
",0.000,0.000,0.000,0.000,1.000,0,0,0,11,11,0,0,11,0.0,0,0,0.0,0.0,1.0
"F[0,2](pH < 0.000 -> SepsisLabel = 0.000)
",-9999999.000,-9999999.000,0.000,0.000,1.000,0,0,0,11,11,0,0,11,0.0,0,0,0.0,0.0,1.0
"((Lactate > 0.000) U[0,1] (SepsisLabel = 0.000))
",-9999999.000,-9999999.000,0.000,0.000,1.000,0,0,0,11,11,0,0,11,0.0,0,0,0.0,0.0,1.0
"F[1,2](Chloride >= 0.000 & SepsisLabel = 0.000)
",-9999999.000,-9999999.000,0.000,0.000,1.000,0,0,0,11,11,0,0,11,0.0,0,0,0.0,0.0,1.0
"F[0,2](Fibrinogen >= 0.000 -> SepsisLabel = 0.000)
",-9999999.000,-9999999.000,0.000,0.000,1.000,0,0,0,11,11,0,0,11,0.0,0,0,0.0,0.0,1.0
"((MAP >= 4.440) U[0,1] (SBP <= 89.571))
",-9999999.000,-9999999.000,0.000,0.000,1.000,0,0,0,11,11,0,0,11,0.0,0,0,0.0,0.0,1.0
"F[0,2](((Calcium < 0.565 & Potassium < 1.970) & Magnesium < 0.788) & Phosphate < 0.844)
",-9999999.000,-9999999.000,0.000,0.000,1.000,0,0,0,11,11,0,0,11,0.0,0,0,0.0,0.0,1.0
"((DBP <= 33.035) U[1,2] (Resp >= 3.245))
",-9999999.000,-9999999.000,0.000,0.000,1.000,0,0,0,11,11,0,0,11,0.0,0,0,0.0,0.0,1.0
"F[0,0]((Phosphate >= 0.087 & Magnesium > 0.075) -> Calcium < 6.398)
",-7202969408065395.000,-6.398,0.000,0.000,1.000,0,0,0,11,11,0,0,11,0.0,0,0,0.0,0.0,1.0
"F[1,2](((Calcium < 4.371 & Potassium < 2.281) & Magnesium < 0.288) & Phosphate < 2.472)
",-9999999.000,-9999999.000,0.000,0.000,1.000,0,0,0,11,11,0,0,11,0.0,0,0,0.0,0.0,1.0
"F[1,2]((Calcium <= 6.312 & Potassium <= 2.739) & Magnesium >= 0.031)
",-9999999.000,-9999999.000,0.000,0.000,1.000,0,0,0,11,11,0,0,11,0.0,0,0,0.0,0.0,1.0
"F[0,1](Hgb <= 7.260 | Hct <= 35.860)
",-9999999.000,-9999999.000,0.000,0.000,1.000,0,0,0,11,11,0,0,11,0.0,0,0,0.0,0.0,1.0
"F[1,2]((Phosphate >= 0.037 & Magnesium > 0.082) -> Calcium < 1.240)
",-9999999.000,-9999999.000,0.000,0.000,1.000,0,0,0,11,11,0,0,11,0.0,0,0,0.0,0.0,1.0
"F[2,2]((Calcium <= 1.208 & Potassium <= 3.329) & Magnesium >= 0.058)
",-0.058,-0.058,0.000,0.000,1.000,0,0,0,11,11,0,0,11,0.0,0,0,0.0,0.0,1.0
"F[0,2](Hgb <= 0.741 | Hct <= 15.189)
",-9999999.000,-9999999.000,0.000,0.000,1.000,0,0,0,11,11,0,0,11,0.0,0,0,0.0,0.0,1.0
"((MAP >= 6.625) U[0,1] (SBP <= 112.084))
",-9999999.000,-9999999.000,0.000,0.000,1.000,0,0,0,11,11,0,0,11,0.0,0,0,0.0,0.0,1.0
"F[2,2](((Calcium < 2.856 & Potassium < 3.538) & Magnesium < 0.268) & Phosphate < 2.100)
",0.268,0.268,0.000,0.000,1.000,0,0,0,11,11,0,0,11,0.0,0,0,0.0,0.0,1.0
"((MAP >= 8.642) U[0,2] (SBP <= 62.296))
",-9999999.000,-9999999.000,0.000,0.000,1.000,0,0,0,11,11,0,0,11,0.0,0,0,0.0,0.0,1.0
"F[2,2]((Calcium <= 4.644 & Potassium <= 1.691) & Magnesium >= 0.084)
",-0.084,-0.084,0.000,0.000,1.000,0,0,0,11,11,0,0,11,0.0,0,0,0.0,0.0,1.0
"F[2,2](Hgb <= 4.481 | Hct <= 9.680)
",9.680,9.680,0.000,0.000,1.000,0,0,0,11,11,0,0,11,0.0,0,0,0.0,0.0,1.0
"F[0,2]((Phosphate >= 0.034 & Magnesium > 0.083) -> Calcium < 1.709)
",-9999999.000,-9999999.000,0.000,0.000,1.000,0,0,0,11,11,0,0,11,0.0,0,0,0.0,0.0,1.0
"F[0,0](((Calcium < 1.088 & Potassium < 1.213) & Magnesium < 1.760) & Phosphate < 0.752)
",0.839,0.538,0.000,0.000,1.000,0,0,0,11,11,0,0,11,0.0,0,0,0.0,0.0,1.0
"F[1,2](Hgb <= 4.196 | Hct <= 33.209)
",-9999999.000,-9999999.000,0.000,0.000,1.000,0,0,0,11,11,0,0,11,0.0,0,0,0.0,0.0,1.0
"F[0,0]((Phosphate >= 0.001 & Magnesium > 0.045) -> Calcium < 0.632)
",-0.632,-0.632,0.000,0.000,1.000,0,0,0,11,11,0,0,11,0.0,0,0,0.0,0.0,1.0
"F[0,2](((Calcium < 6.320 & Potassium < 3.878) & Magnesium < 0.150) & Phosphate < 0.680)
",-9999999.000,-9999999.000,0.000,0.000,1.000,0,0,0,11,11,0,0,11,0.0,0,0,0.0,0.0,1.0
"F[0,1]((Phosphate >= 0.031 & Magnesium > 0.028) -> Calcium < 4.282)
",-9999999.000,-9999999.000,0.000,0.000,1.000,0,0,0,11,11,0,0,11,0.0,0,0,0.0,0.0,1.0
"F[1,2](Hgb <= 9.288 | Hct <= 15.378)
",-9999999.000,-9999999.000,0.000,0.000,1.000,0,0,0,11,11,0,0,11,0.0,0,0,0.0,0.0,1.0
"F[0,1](Hgb <= 11.700 | Hct <= 7.404)
",-9999999.000,-9999999.000,0.000,0.000,1.000,0,0,0,11,11,0,0,11,0.0,0,0,0.0,0.0,1.0
"F[2,2](((Calcium < 7.219 & Potassium < 3.683) & Magnesium < 1.860) & Phosphate < 2.181)
",8376704596938734.000,1.860,0.000,0.000,1.000,0,0,0,11,11,0,0,11,0.0,0,0,0.0,0.0,1.0
"((MAP >= 7.508) U[0,2] (SBP <= 112.247))
",-9999999.000,-9999999.000,0.000,0.000,1.000,0,0,0,11,11,0,0,11,0.0,0,0,0.0,0.0,1.0
"F[0,1]((Phosphate >= 0.077 & Magnesium > 0.087) -> Calcium < 7.699)
",-9999999.000,-9999999.000,0.000,0.000,1.000,0,0,0,11,11,0,0,11,0.0,0,0,0.0,0.0,1.0
"F[1,2](((Calcium < 5.952 & Potassium < 1.543) & Magnesium < 0.667) & Phosphate < 2.378)
",-9999999.000,-9999999.000,0.000,0.000,1.000,0,0,0,11,11,0,0,11,0.0,0,0,0.0,0.0,1.0
"F[0,2]((Calcium <= 5.461 & Potassium <= 4.025) & Magnesium >= 0.060)
",-9999999.000,-9999999.000,0.000,0.000,1.000,0,0,0,11,11,0,0,11,0.0,0,0,0.0,0.0,1.0
"F[1,2](Hgb <= 5.009 | Hct <= 37.575)
",-9999999.000,-9999999.000,0.000,0.000,1.000,0,0,0,11,11,0,0,11,0.0,0,0,0.0,0.0,1.0
"((MAP >= 9.409) U[2,2] (SBP <= 38.045))
",5354318921231162.000,38.045,0.000,0.000,1.000,0,0,0,11,11,0,0,11,0.0,0,0,0.0,0.0,1.0
"F[2,2]((Phosphate >= 0.038 & Magnesium > 0.081) -> Calcium < 8.465)
",-8.465,-8.465,0.000,0.000,1.000,0,0,0,11,11,0,0,11,0.0,0,0,0.0,0.0,1.0
"F[0,2]((Calcium <= 1.125 & Potassium <= 1.052) & Magnesium >= 0.019)
",-9999999.000,-9999999.000,0.000,0.000,1.000,0,0,0,11,11,0,0,11,0.0,0,0,0.0,0.0,1.0
"F[1,2]((Calcium <= 6.654 & Potassium <= 4.126) & Magnesium >= 0.050)
",-9999999.000,-9999999.000,0.000,0.000,1.000,0,0,0,11,11,0,0,11,0.0,0,0,0.0,0.0,1.0
"F[0,1](Hgb <= 1.412 | Hct <= 18.620)
",-9999999.000,-9999999.000,0.000,0.000,1.000,0,0,0,11,11,0,0,11,0.0,0,0,0.0,0.0,1.0
"F[1,2]((Phosphate >= 0.084 & Magnesium > 0.027) -> Calcium < 2.100)
",-9999999.000,-9999999.000,0.000,0.000,1.000,0,0,0,11,11,0,0,11,0.0,0,0,0.0,0.0,1.0
"F[0,0](((Calcium < 4.315 & Potassium < 4.052) & Magnesium < 1.424) & Phosphate < 1.948)
",3.115,1.287,0.000,0.000,1.000,0,0,0,11,11,0,0,11,0.0,0,0,0.0,0.0,1.0
"F[1,2](Hgb <= 5.329 | Hct <= 10.705)
",-9999999.000,-9999999.000,0.000,0.000,1.000,0,0,0,11,11,0,0,11,0.0,0,0,0.0,0.0,1.0
"((MAP >= 5.799) U[0,2] (SBP <= 62.496))
",-9999999.000,-9999999.000,0.000,0.000,1.000,0,0,0,11,11,0,0,11,0.0,0,0,0.0,0.0,1.0
"F[0,0]((Phosphate >= 0.070 & Magnesium > 0.065) -> Calcium < 7.459)
",-8397925443710838.000,-7.459,0.000,0.000,1.000,0,0,0,11,11,0,0,11,0.0,0,0,0.0,0.0,1.0
"F[0,1](((Calcium < 2.514 & Potassium < 1.528) & Magnesium < 1.357) & Phosphate < 0.454)
",-9999999.000,-9999999.000,0.000,0.000,1.000,0,0,0,11,11,0,0,11,0.0,0,0,0.0,0.0,1.0
"F[0,2](((MAP <= 37.594 -> Temp <= 21.488) -> TroponinI >= 4.595) -> HR <= 9.780)
",-9999999.000,-9999999.000,0.000,0.000,1.000,0,0,0,11,11,0,0,11,0.0,0,0,0.0,0.0,1.0
"F[0,1]((DBP <= 50.656 -> Glucose >= 28.444) -> O2Sat <= 124.330)
",-9999999.000,-9999999.000,0.000,0.000,1.000,0,0,0,11,11,0,0,11,0.0,0,0,0.0,0.0,1.0
"((Fibrinogen <= 0.000) U[0,2] (PTT >= 0.000))
",-9999999.000,-9999999.000,0.000,0.000,1.000,0,0,0,11,11,0,0,11,0.0,0,0,0.0,0.0,1.0
"F[0,1](((Glucose <= 92.786 | DBP >= 3.579) | TroponinI >= 10.817) | SaO2 <= 38.456)
",-9999999.000,-9999999.000,0.000,0.000,1.000,0,0,0,11,11,0,0,11,0.0,0,0,0.0,0.0,1.0
"F[1,1]((Temp <= 17.634 & Magnesium <= 0.210) | pH <= 0.589)
",0.589,0.589,0.000,0.000,1.000,0,0,0,11,11,0,0,11,0.0,0,0,0.0,0.0,1.0
"F[2,2]((EtCO2 >= 0.000 -> HCO3 >= 0.000) | MAP >= 0.000)
",0.000,0.000,0.000,0.000,1.000,0,0,0,11,11,0,0,11,0.0,0,0,0.0,0.0,1.0
"F[1,2](Lactate <= 0.000 -> MAP <= 70.445)
",-9999999.000,-9999999.000,0.000,0.000,1.000,0,0,0,11,11,0,0,11,0.0,0,0,0.0,0.0,1.0
"F[1,2](((Phosphate <= 2.483 | Hgb >= 0.584) -> MAP <= 2.010) & BUN >= 0.217)
",-9999999.000,-9999999.000,0.000,0.000,1.000,0,0,0,11,11,0,0,11,0.0,0,0,0.0,0.0,1.0
"((Chloride <= 0.000) U[0,2] (WBC >= 0.618))
",-9999999.000,-9999999.000,0.000,0.000,1.000,0,0,0,11,11,0,0,11,0.0,0,0,0.0,0.0,1.0
"F[1,2](SepsisLabel <= 0.000 | AST >= 0.000)
",-9999999.000,-9999999.000,0.000,0.000,1.000,0,0,0,11,11,0,0,11,0.0,0,0,0.0,0.0,1.0
"F[0,2]((Platelets >= 4.103 & SBP >= 27.819) | Hct <= 93.865)
",-9999999.000,-9999999.000,0.000,0.000,1.000,0,0,0,11,11,0,0,11,0.0,0,0,0.0,0.0,1.0
"F[0,2](Bilirubin_direct <= 0.000 & PTT <= 0.000)
",-9999999.000,-9999999.000,0.000,0.000,1.000,0,0,0,11,11,0,0,11,0.0,0,0,0.0,0.0,1.0
"F[1,1](Platelets <= 22.752 | Calcium >= 0.173)
",22.752,22.752,0.000,0.000,1.000,0,0,0,11,11,0,0,11,0.0,0,0,0.0,0.0,1.0
"F[0,1]((FiO2 >= 0.000 | BaseExcess >= 0.000) -> TroponinI <= 0.000)
",-9999999.000,-9999999.000,0.000,0.000,1.000,0,0,0,11,11,0,0,11,0.0,0,0,0.0,0.0,1.0
"F[0,2](BaseExcess >= 0.000 -> AST <= 0.000)
",-9999999.000,-9999999.000,0.000,0.000,1.000,0,0,0,11,11,0,0,11,0.0,0,0,0.0,0.0,1.0
"((DBP <= 46.539) U[1,2] (Alkalinephos <= 0.000))
",-9999999.000,-9999999.000,0.000,0.000,1.000,0,0,0,11,11,0,0,11,0.0,0,0,0.0,0.0,1.0
"((HCO3 >= 0.000) U[0,1] (Lactate >= 0.000))
",-9999999.000,-9999999.000,0.000,0.000,1.000,0,0,0,11,11,0,0,11,0.0,0,0,0.0,0.0,1.0
"F[0,1](((BaseExcess <= 0.000 | FiO2 <= 0.000) & DBP <= 0.000) & Bilirubin_total >= 0.000)
",-9999999.000,-9999999.000,0.000,0.000,1.000,0,0,0,11,11,0,0,11,0.0,0,0,0.0,0.0,1.0
"F[1,2]((Fibrinogen <= 0.000 | WBC <= 7.014) & Calcium >= 0.566)
",-9999999.000,-9999999.000,0.000,0.000,1.000,0,0,0,11,11,0,0,11,0.0,0,0,0.0,0.0,1.0
"F[0,1](((Alkalinephos >= 0.000 -> Calcium <= 2.406) & HCO3 <= 0.552) | SBP >= 0.239)
",-9999999.000,-9999999.000,0.000,0.000,1.000,0,0,0,11,11,0,0,11,0.0,0,0,0.0,0.0,1.0
"F[0,1]((HR >= 16.757 & Hct <= 24.133) | Fibrinogen <= 27.529)
",-9999999.000,-9999999.000,0.000,0.000,1.000,0,0,0,11,11,0,0,11,0.0,0,0,0.0,0.0,1.0
"F[1,2](pH >= 0.000 -> SBP <= 50.803)
",-9999999.000,-9999999.000,0.000,0.000,1.000,0,0,0,11,11,0,0,11,0.0,0,0,0.0,0.0,1.0
"((Fibrinogen >= 0.000) U[1,1] (PTT <= 0.000))
",0.000,0.000,0.000,0.000,1.000,0,0,0,11,11,0,0,11,0.0,0,0,0.0,0.0,1.0
"F[1,1](((Bilirubin_total <= 0.000 & Platelets >= 10.430) -> HCO3 <= 278.840) | BUN >= 5.915)
",-5.915,-5.915,0.000,0.000,1.000,0,0,0,11,11,0,0,11,0.0,0,0,0.0,0.0,1.0
"F[1,2](((DBP <= 45.949 & BaseExcess <= 0.000) -> Resp <= 0.000) -> BaseExcess <= 0.000)
",-9999999.000,-9999999.000,0.000,0.000,1.000,0,0,0,11,11,0,0,11,0.0,0,0,0.0,0.0,1.0
"F[1,2]((Bilirubin_direct >= 0.000 & AST <= 0.000) & FiO2 <= 0.000)
",-9999999.000,-9999999.000,0.000,0.000,1.000,0,0,0,11,11,0,0,11,0.0,0,0,0.0,0.0,1.0
"F[0,2]((Glucose <= 220.685 | WBC >= 0.133) & Chloride <= 2.638)
",-9999999.000,-9999999.000,0.000,0.000,1.000,0,0,0,11,11,0,0,11,0.0,0,0,0.0,0.0,1.0
"F[2,2]((Phosphate <= 1.131 & FiO2 <= 0.000) -> BaseExcess <= 0.000)
",0.000,0.000,0.000,0.000,1.000,0,0,0,11,11,0,0,11,0.0,0,0,0.0,0.0,1.0
"F[0,2](Potassium <= 3.765 -> HCO3 >= 0.000)
",-9999999.000,-9999999.000,0.000,0.000,1.000,0,0,0,11,11,0,0,11,0.0,0,0,0.0,0.0,1.0
"F[0,2](SepsisLabel >= 0.000 -> Potassium <= 1.026)
",-9999999.000,-9999999.000,0.000,0.000,1.000,0,0,0,11,11,0,0,11,0.0,0,0,0.0,0.0,1.0
"((SepsisLabel <= 0.000) U[0,0] (SaO2 >= 0.000))
",0.000,0.000,0.000,0.000,1.000,0,0,0,11,11,0,0,11,0.0,0,0,0.0,0.0,1.0
"((FiO2 >= 0.000) U[0,1] (SBP <= 102.635))
",-9999999.000,-9999999.000,0.000,0.000,1.000,0,0,0,11,11,0,0,11,0.0,0,0,0.0,0.0,1.0
"F[1,2]((Calcium <= 4.865 & Potassium <= 2.975) & Magnesium >= 0.052)
",-9999999.000,-9999999.000,0.000,0.000,1.000,0,0,0,11,11,0,0,11,0.0,0,0,0.0,0.0,1.0
"((SaO2 <= 0.000) U[0,2] (Bilirubin_direct >= 0.000))
",-9999999.000,-9999999.000,0.000,0.000,1.000,0,0,0,11,11,0,0,11,0.0,0,0,0.0,0.0,1.0
"((Calcium <= 0.531) U[0,1] (Fibrinogen <= 0.000))
",-9999999.000,-9999999.000,0.000,0.000,1.000,0,0,0,11,11,0,0,11,0.0,0,0,0.0,0.0,1.0
"F[1,2](((SBP <= 87.227 & Bilirubin_total >= 0.000) | Platelets <= 0.000) & Bilirubin_direct >= 0.000)
",-9999999.000,-9999999.000,0.000,0.000,1.000,0,0,0,11,11,0,0,11,0.0,0,0,0.0,0.0,1.0
"F[0,1](((TroponinI >= 0.000 -> Temp >= 0.961) & Lactate <= 33.363) -> Hgb <= 29.413)
",-9999999.000,-9999999.000,0.000,0.000,1.000,0,0,0,11,11,0,0,11,0.0,0,0,0.0,0.0,1.0
"((Creatinine <= 0.612) U[0,2] (MAP <= 24.052))
",-9999999.000,-9999999.000,0.000,0.000,1.000,0,0,0,11,11,0,0,11,0.0,0,0,0.0,0.0,1.0
"((Lactate <= 0.000) U[0,1] (Temp <= 22.854))
",-9999999.000,-9999999.000,0.000,0.000,1.000,0,0,0,11,11,0,0,11,0.0,0,0,0.0,0.0,1.0
"F[0,1](((Resp >= 4.698 -> pH <= 0.000) & Phosphate <= 0.000) & HCO3 >= 0.000)
",-9999999.000,-9999999.000,0.000,0.000,1.000,0,0,0,11,11,0,0,11,0.0,0,0,0.0,0.0,1.0
"((Magnesium >= 0.047) U[0,2] (Chloride <= 0.000))
",-9999999.000,-9999999.000,0.000,0.000,1.000,0,0,0,11,11,0,0,11,0.0,0,0,0.0,0.0,1.0
"F[0,2]((TroponinI <= 0.000 -> Calcium <= 5.913) -> Hgb >= 0.034)
",-9999999.000,-9999999.000,0.000,0.000,1.000,0,0,0,11,11,0,0,11,0.0,0,0,0.0,0.0,1.0
"F[0,1](DBP >= 10.081 -> MAP >= 8.685)
",-9999999.000,-9999999.000,0.000,0.000,1.000,0,0,0,11,11,0,0,11,0.0,0,0,0.0,0.0,1.0
"F[0,2](((MAP >= 16.562 & Platelets <= 56.555) | SBP <= 111.609) -> Glucose >= 7.244)
",-9999999.000,-9999999.000,0.000,0.000,1.000,0,0,0,11,11,0,0,11,0.0,0,0,0.0,0.0,1.0
"F[0,1]((DBP >= 12.534 & Magnesium <= 0.868) | MAP <= 0.872)
",-9999999.000,-9999999.000,0.000,0.000,1.000,0,0,0,11,11,0,0,11,0.0,0,0,0.0,0.0,1.0
"F[0,1](((DBP >= 1.793 -> Hgb <= 10.099) -> BUN >= 0.514) | DBP <= 5.569)
",-9999999.000,-9999999.000,0.000,0.000,1.000,0,0,0,11,11,0,0,11,0.0,0,0,0.0,0.0,1.0
"F[1,2](((DBP <= 60.401 & Hct <= 25.283) & Calcium >= 1.259) -> Hct <= 21.332)
",-9999999.000,-9999999.000,0.000,0.000,1.000,0,0,0,11,11,0,0,11,0.0,0,0,0.0,0.0,1.0
"((DBP <= 59.837) U[0,2] (WBC <= 3.291))
",-9999999.000,-9999999.000,0.000,0.000,1.000,0,0,0,11,11,0,0,11,0.0,0,0,0.0,0.0,1.0
"F[0,1]((Hct >= 1.465 -> SBP >= 30.084) & Potassium <= 51.611)
",-9999999.000,-9999999.000,0.000,0.000,1.000,0,0,0,11,11,0,0,11,0.0,0,0,0.0,0.0,1.0
"F[0,1](Platelets >= 2.091 -> SBP >= 29.097)
",-9999999.000,-9999999.000,0.000,0.000,1.000,0,0,0,11,11,0,0,11,0.0,0,0,0.0,0.0,1.0
"F[0,2]((Hgb >= 0.024 | SBP <= 79.664) | Glucose >= 30.700)
",-9999999.000,-9999999.000,0.000,0.000,1.000,0,0,0,11,11,0,0,11,0.0,0,0,0.0,0.0,1.0
"((MAP >= 16.494) U[2,2] (WBC >= 0.469))
",-0.469,-0.469,0.000,0.000,1.000,0,0,0,11,11,0,0,11,0.0,0,0,0.0,0.0,1.0
"F[1,2](O2Sat <= 43.697 & WBC >= 0.269)
",-9999999.000,-9999999.000,0.000,0.000,1.000,0,0,0,11,11,0,0,11,0.0,0,0,0.0,0.0,1.0
"((Calcium <= 2.832) U[0,2] (MAP <= 62.727))
",-9999999.000,-9999999.000,0.000,0.000,1.000,0,0,0,11,11,0,0,11,0.0,0,0,0.0,0.0,1.0
"F[2,2](((BUN <= 5.810 -> MAP <= 67.802) -> Hgb <= 35.792) & FiO2 <= 88.946)
",-35.792,-35.792,0.000,0.000,1.000,0,0,0,11,11,0,0,11,0.0,0,0,0.0,0.0,1.0
"F[1,2](((Glucose <= 108.171 & Magnesium <= 0.884) -> HR <= 1.702) & Phosphate <= 1.350)
",-9999999.000,-9999999.000,0.000,0.000,1.000,0,0,0,11,11,0,0,11,0.0,0,0,0.0,0.0,1.0
"((Calcium >= 0.348) U[0,1] (Glucose <= 199.247))
",-9999999.000,-9999999.000,0.000,0.000,1.000,0,0,0,11,11,0,0,11,0.0,0,0,0.0,0.0,1.0
"F[1,2]((Glucose <= 164.074 -> Resp >= 5.055) & SepsisLabel >= 4.604)
",-9999999.000,-9999999.000,0.000,0.000,1.000,0,0,0,11,11,0,0,11,0.0,0,0,0.0,0.0,1.0
"F[0,0]((MAP >= 3.291 -> Resp <= 13.930) & FiO2 <= 6.762)
",-0.925,-47.264,0.000,0.000,1.000,0,0,0,11,11,0,0,11,0.0,0,0,0.0,0.0,1.0
"F[1,2](HR <= 102.090 -> SBP <= 55.443)
",-9999999.000,-9999999.000,0.000,0.000,1.000,0,0,0,11,11,0,0,11,0.0,0,0,0.0,0.0,1.0
"F[1,2](Calcium <= 7.736 -> O2Sat <= 36.713)
",-9999999.000,-9999999.000,0.000,0.000,1.000,0,0,0,11,11,0,0,11,0.0,0,0,0.0,0.0,1.0
"F[0,2](((Hgb <= 6.506 & O2Sat <= 32.230) & TroponinI >= 24.341) | MAP >= 1.206)
",-9999999.000,-9999999.000,0.000,0.000,1.000,0,0,0,11,11,0,0,11,0.0,0,0,0.0,0.0,1.0
"F[0,2]((AST <= 0.000 & HR <= 77.092) -> BUN <= 99.030)
",-9999999.000,-9999999.000,0.000,0.000,1.000,0,0,0,11,11,0,0,11,0.0,0,0,0.0,0.0,1.0
"F[2,2](((O2Sat >= 9.997 & Lactate >= 0.000) -> SBP >= 0.000) & Bilirubin_total <= 0.000)
",0.000,0.000,0.000,0.000,1.000,0,0,0,11,11,0,0,11,0.0,0,0,0.0,0.0,1.0
"F[0,1]((Creatinine >= 0.027 & HCO3 >= 0.000) -> Lactate >= 0.000)
",-9999999.000,-9999999.000,0.000,0.000,1.000,0,0,0,11,11,0,0,11,0.0,0,0,0.0,0.0,1.0
"F[0,1](((Temp >= 1.312 & BaseExcess <= 0.000) & SBP <= 0.000) | AST <= 0.000)
",-9999999.000,-9999999.000,0.000,0.000,1.000,0,0,0,11,11,0,0,11,0.0,0,0,0.0,0.0,1.0
"F[0,1](((Potassium <= 1.493 & Lactate <= 0.000) | PaCO2 <= 0.000) & Lactate >= 0.000)
",-9999999.000,-9999999.000,0.000,0.000,1.000,0,0,0,11,11,0,0,11,0.0,0,0,0.0,0.0,1.0
"((Bilirubin_total <= 0.000) U[0,1] (Bilirubin_total <= 0.000))
",-9999999.000,-9999999.000,0.000,0.000,1.000,0,0,0,11,11,0,0,11,0.0,0,0,0.0,0.0,1.0
"F[1,2](Creatinine >= 0.001 & pH >= 0.000)
",-9999999.000,-9999999.000,0.000,0.000,1.000,0,0,0,11,11,0,0,11,0.0,0,0,0.0,0.0,1.0
"((BaseExcess <= 0.000) U[1,2] (EtCO2 <= 0.000))
",-9999999.000,-9999999.000,0.000,0.000,1.000,0,0,0,11,11,0,0,11,0.0,0,0,0.0,0.0,1.0
"F[2,2](PTT >= 0.000 -> SepsisLabel >= 0.000)
",0.000,0.000,0.000,0.000,1.000,0,0,0,11,11,0,0,11,0.0,0,0,0.0,0.0,1.0
"F[1,1](Resp <= 7.279 | EtCO2 >= 0.000)
",8195045818506506.000,7.279,0.000,0.000,1.000,0,0,0,11,11,0,0,11,0.0,0,0,0.0,0.0,1.0
"F[0,2](((HR >= 0.162 | Phosphate >= 0.093) & SaO2 >= 0.053) -> Fibrinogen >= 0.024)
",-9999999.000,-9999999.000,0.000,0.000,1.000,0,0,0,11,11,0,0,11,0.0,0,0,0.0,0.0,1.0
"((SaO2 <= 0.000) U[1,2] (Bilirubin_direct <= 0.000))
",-9999999.000,-9999999.000,0.000,0.000,1.000,0,0,0,11,11,0,0,11,0.0,0,0,0.0,0.0,1.0
"F[0,2](((Calcium >= 0.343 | BUN >= 0.029) | Resp >= 0.379) & Creatinine >= 0.238)
",-9999999.000,-9999999.000,0.000,0.000,1.000,0,0,0,11,11,0,0,11,0.0,0,0,0.0,0.0,1.0
"F[0,2](((Hct <= 7.668 | Platelets >= 1.110) | Bilirubin_direct >= 2.378) -> Fibrinogen >= 2.512)
",-9999999.000,-9999999.000,0.000,0.000,1.000,0,0,0,11,11,0,0,11,0.0,0,0,0.0,0.0,1.0
"F[1,2](((MAP <= 83.928 | TroponinI >= 0.000) -> SaO2 >= 0.000) -> pH >= 0.000)
",-9999999.000,-9999999.000,0.000,0.000,1.000,0,0,0,11,11,0,0,11,0.0,0,0,0.0,0.0,1.0
"F[0,2](((Hct >= 1.490 | Resp >= 4.389) -> Fibrinogen <= 18.170) | FiO2 <= 5.750)
",-9999999.000,-9999999.000,0.000,0.000,1.000,0,0,0,11,11,0,0,11,0.0,0,0,0.0,0.0,1.0
"F[0,2](((Potassium >= 0.153 | Resp >= 1.326) & Bilirubin_direct >= 2.252) | FiO2 <= 17.684)
",-9999999.000,-9999999.000,0.000,0.000,1.000,0,0,0,11,11,0,0,11,0.0,0,0,0.0,0.0,1.0
"F[1,2](HR >= 6.601 & Magnesium <= 0.512)
",-9999999.000,-9999999.000,0.000,0.000,1.000,0,0,0,11,11,0,0,11,0.0,0,0,0.0,0.0,1.0
"F[0,1]((Temp >= 1.099 | DBP >= 11.275) | Chloride <= 20.461)
",-9999999.000,-9999999.000,0.000,0.000,1.000,0,0,0,11,11,0,0,11,0.0,0,0,0.0,0.0,1.0
