Rule,Discrimination Score,Pos Robustness,Neg Robustness,Percent Class +,Percent Class -,TP,TN,FP,FN,Actual Yes,Actual No,Predicted Yes,Predicted No,TPR/Sens,TNR/Spec,FPR,Precision,Accuracy,MCR
"G[0,0](AST < 0.000 -> SepsisLabel = 0.000)
",0.000,0.000,0.000,1.000,0.000,10,0,0,0,10,0,10,0,1.0,0.0,0.0,1.0,1.0526315789473684,-0.05263157894736836
"G[0,0]((Bilirubin_total >= 0.000 -> AST >= 0.000) & FiO2 >= 0.000)
",-0.373,-11.489,0.000,1.000,0.000,10,0,0,0,10,0,10,0,1.0,0.0,0.0,1.0,1.0526315789473684,-0.05263157894736836
"G[0,0]((Calcium >= 0.386 & Glucose <= 93.043) | BUN <= 86.852)
",86.852,86.852,0.000,1.000,0.000,10,0,0,0,10,0,10,0,1.0,0.0,0.0,1.0,1.0526315789473684,-0.05263157894736836
"G[0,0](((Lactate >= 0.034 & Alkalinephos >= 0.000) | Potassium >= 0.000) | SBP >= 0.000)
",2.828,33.211,0.000,1.000,0.000,10,0,0,0,10,0,10,0,1.0,0.0,0.0,1.0,1.0526315789473684,-0.05263157894736836
"G[0,0]((Calcium >= 0.443 | DBP >= 0.583) | Bilirubin_total <= 76.574)
",20.612,77.688,0.000,1.000,0.000,10,0,0,0,10,0,10,0,1.0,0.0,0.0,1.0,1.0526315789473684,-0.05263157894736836
"G[0,0](((Potassium >= 0.140 | MAP >= 63.176) -> SaO2 >= 47.459) | BaseExcess <= 92.694)
",92.694,92.694,0.000,1.000,0.000,10,0,0,0,10,0,10,0,1.0,0.0,0.0,1.0,1.0526315789473684,-0.05263157894736836
"G[0,0]((Creatinine <= 0.509 & SepsisLabel <= 0.000) -> PTT <= 0.000)
",0.354,1.544,0.000,1.000,0.000,10,0,0,0,10,0,10,0,1.0,0.0,0.0,1.0,1.0526315789473684,-0.05263157894736836
"G[0,0](((Temp <= 37.524 -> BUN >= 0.599) -> O2Sat >= 0.767) -> Bilirubin_direct <= 3.802)
",-13.238,-3.703,0.000,1.000,0.000,10,0,0,0,10,0,10,0,1.0,0.0,0.0,1.0,1.0526315789473684,-0.05263157894736836
"G[0,0](TroponinI >= 0.000 & SepsisLabel = 0.000)
",-0.354,-7.889,0.000,1.000,0.000,10,0,0,0,10,0,10,0,1.0,0.0,0.0,1.0,1.0526315789473684,-0.05263157894736836
"G[0,0](((HCO3 <= 0.000 | AST <= 0.000) & Fibrinogen <= 0.000) & PTT <= 0.000)
",-0.354,-1.544,0.000,1.000,0.000,10,0,0,0,10,0,10,0,1.0,0.0,0.0,1.0,1.0526315789473684,-0.05263157894736836
"G[0,0](((Temp <= 35.449 -> PaCO2 <= 24.419) & Chloride <= 40.877) & Creatinine <= 38.191)
",-5.649,-24.831,0.000,1.000,0.000,10,0,0,0,10,0,10,0,1.0,0.0,0.0,1.0,1.0526315789473684,-0.05263157894736836
"G[0,1]((Lactate <= 0.288 | AST <= 0.000) & Magnesium >= 0.000)
",9999999.000,9999999.000,0.000,1.000,0.000,9,0,1,0,9,1,10,0,1.0,0.0,1.0,0.9,0.9473684210526315,0.052631578947368474
"G[0,1]((Calcium >= 0.019 -> FiO2 <= 0.129) | Lactate >= 0.025)
",9999999.000,9999999.000,0.000,1.000,0.000,9,0,1,0,9,1,10,0,1.0,0.0,1.0,0.9,0.9473684210526315,0.052631578947368474
"G[0,0](Glucose <= 133.690 -> Hgb <= 7.169)
",-133.690,-133.690,0.000,1.000,0.000,9,0,0,1,10,0,9,1,0.9,0.0,0.0,1.0,0.9473684210526315,0.052631578947368474
"G[0,1](HR <= 82.608 -> Potassium <= 0.528)
",9999999.000,9999999.000,0.000,1.000,0.000,9,0,1,0,9,1,10,0,1.0,0.0,1.0,0.9,0.9473684210526315,0.052631578947368474
"G[0,1]((AST <= 0.000 -> Bilirubin_total >= 0.000) | BaseExcess <= 0.000)
",9999999.000,9999999.000,0.000,1.000,0.000,9,0,1,0,9,1,10,0,1.0,0.0,1.0,0.9,0.9473684210526315,0.052631578947368474
"G[1,1]((Temp <= 37.140 -> Chloride >= 0.000) -> WBC >= 0.000)
",0.000,0.000,0.000,1.000,0.000,9,0,1,0,9,1,10,0,1.0,0.0,1.0,0.9,0.9473684210526315,0.052631578947368474
"G[1,1]((Lactate <= 0.700 & Glucose <= 129.900) -> Potassium <= 132.201)
",-132.201,-132.201,0.000,1.000,0.000,9,0,1,0,9,1,10,0,1.0,0.0,1.0,0.9,0.9473684210526315,0.052631578947368474
"G[1,1](((DBP <= 59.508 -> FiO2 >= 0.004) & Chloride >= 0.013) | EtCO2 <= 0.134)
",0.134,0.134,0.000,1.000,0.000,9,0,1,0,9,1,10,0,1.0,0.0,1.0,0.9,0.9473684210526315,0.052631578947368474
"G[1,1](((Glucose >= 46.145 & Platelets <= 26.797) -> DBP >= 3.699) & DBP >= 2.323)
",-2.323,-2.323,0.000,1.000,0.000,9,0,1,0,9,1,10,0,1.0,0.0,1.0,0.9,0.9473684210526315,0.052631578947368474
"G[0,1]((Magnesium >= 0.004 & AST >= 0.000) | HCO3 <= 0.000)
",9999999.000,9999999.000,0.000,1.000,0.000,9,0,1,0,9,1,10,0,1.0,0.0,1.0,0.9,0.9473684210526315,0.052631578947368474
"G[1,1](((AST <= 0.000 -> Platelets <= 5.610) -> BUN <= 34.886) | SepsisLabel >= 2.868)
",-2.868,-2.868,0.000,1.000,0.000,9,0,1,0,9,1,10,0,1.0,0.0,1.0,0.9,0.9473684210526315,0.052631578947368474
"G[0,1](((AST <= 0.000 & Calcium <= 4.905) -> Creatinine <= 1.088) | HCO3 >= 0.022)
",9999999.000,9999999.000,0.000,1.000,0.000,9,0,1,0,9,1,10,0,1.0,0.0,1.0,0.9,0.9473684210526315,0.052631578947368474
"G[0,1](PTT <= 0.000 | HR <= 82.899)
",9999999.000,9999999.000,0.000,1.000,0.000,9,0,1,0,9,1,10,0,1.0,0.0,1.0,0.9,0.9473684210526315,0.052631578947368474
"G[0,1]((BaseExcess <= 0.000 & Phosphate <= 0.000) | PaCO2 <= 0.000)
",9999999.000,9999999.000,0.000,1.000,0.000,9,0,1,0,9,1,10,0,1.0,0.0,1.0,0.9,0.9473684210526315,0.052631578947368474
"G[0,1](((Resp >= 9.683 -> Temp >= 13.989) -> O2Sat <= 35.643) -> WBC <= 37.432)
",9999999.000,9999999.000,0.000,1.000,0.000,9,0,1,0,9,1,10,0,1.0,0.0,1.0,0.9,0.9473684210526315,0.052631578947368474
"G[0,1]((DBP >= 36.916 | Temp <= 36.016) & SepsisLabel <= 37.160)
",9999999.000,9999999.000,0.000,1.000,0.000,9,0,1,0,9,1,10,0,1.0,0.0,1.0,0.9,0.9473684210526315,0.052631578947368474
"G[0,1](DBP <= 65.029 | pH <= 2.912)
",9999999.000,9999999.000,0.000,1.000,0.000,9,0,1,0,9,1,10,0,1.0,0.0,1.0,0.9,0.9473684210526315,0.052631578947368474
"G[0,0](HR >= 24.375 | MAP >= 8.220)
",37219.625,37219.625,0.000,1.000,0.000,9,0,0,1,10,0,9,1,0.9,0.0,0.0,1.0,0.9473684210526315,0.052631578947368474
"G[0,0](Phosphate >= 0.000 & MAP >= 23.200)
",-0.318,-2.356,0.000,1.000,0.000,9,0,0,1,10,0,9,1,0.9,0.0,0.0,1.0,0.9473684210526315,0.052631578947368474
"G[0,1](((Magnesium >= 0.048 | HR <= 80.993) -> Temp <= 83.970) | AST <= 80.370)
",9999999.000,9999999.000,0.000,1.000,0.000,9,0,1,0,9,1,10,0,1.0,0.0,1.0,0.9,0.9473684210526315,0.052631578947368474
"G[1,1](((O2Sat >= 40.661 -> Temp >= 8.574) | Phosphate >= 28.413) & PTT <= 37.553)
",8.574,8.574,0.000,1.000,0.000,9,0,1,0,9,1,10,0,1.0,0.0,1.0,0.9,0.9473684210526315,0.052631578947368474
"G[0,1](((Creatinine >= 0.016 | HR <= 81.363) | Alkalinephos <= 81.010) | Temp >= 66.497)
",9999999.000,9999999.000,0.000,1.000,0.000,9,0,1,0,9,1,10,0,1.0,0.0,1.0,0.9,0.9473684210526315,0.052631578947368474
"G[0,0]((Alkalinephos <= 0.000 & Fibrinogen <= 0.000) -> PaCO2 <= 0.000)
",0.000,0.000,0.000,1.000,0.000,9,0,0,1,10,0,9,1,0.9,0.0,0.0,1.0,0.9473684210526315,0.052631578947368474
"G[1,1]((Hgb <= 2.809 | Temp >= 28.988) | EtCO2 >= 28.289)
",2.809,2.809,0.000,1.000,0.000,9,0,1,0,9,1,10,0,1.0,0.0,1.0,0.9,0.9473684210526315,0.052631578947368474
"G[0,1](((Temp >= 3.681 | Hct <= 30.542) -> HR <= 37.189) | O2Sat >= 1.081)
",9999999.000,9999999.000,0.000,1.000,0.000,9,0,1,0,9,1,10,0,1.0,0.0,1.0,0.9,0.9473684210526315,0.052631578947368474
"G[0,1](((Hgb <= 9.087 & Hct >= 1.186) | Magnesium <= 22.706) | EtCO2 >= 0.647)
",9999999.000,9999999.000,0.000,1.000,0.000,9,0,1,0,9,1,10,0,1.0,0.0,1.0,0.9,0.9473684210526315,0.052631578947368474
"G[1,1](((Hct >= 0.113 & Bilirubin_total >= 0.000) | DBP <= 0.000) | WBC >= 0.000)
",0.000,0.000,0.000,1.000,0.000,9,0,1,0,9,1,10,0,1.0,0.0,1.0,0.9,0.9473684210526315,0.052631578947368474
"G[0,1](((Chloride <= 0.000 & HR >= 35.664) & Creatinine <= 80.332) | Chloride <= 84.895)
",9999999.000,9999999.000,0.000,1.000,0.000,9,0,1,0,9,1,10,0,1.0,0.0,1.0,0.9,0.9473684210526315,0.052631578947368474
"G[1,1]((DBP <= 76.408 -> HR >= 55.657) | WBC >= 76.628)
",-76.408,-76.408,0.000,1.000,0.000,9,0,1,0,9,1,10,0,1.0,0.0,1.0,0.9,0.9473684210526315,0.052631578947368474
"G[0,1](((AST <= 0.000 & PTT <= 0.000) -> Potassium >= 0.000) | Glucose <= 0.000)
",9999999.000,9999999.000,0.000,1.000,0.000,9,0,1,0,9,1,10,0,1.0,0.0,1.0,0.9,0.9473684210526315,0.052631578947368474
"G[0,0](((Bilirubin_total >= 0.000 -> Temp <= 37.520) | SBP <= 37.156) | Bilirubin_total >= 14.833)
",0.350,4.092,0.000,1.000,0.000,9,0,0,1,10,0,9,1,0.9,0.0,0.0,1.0,0.9473684210526315,0.052631578947368474
"G[0,0]((Potassium >= 0.033 & Hct <= 18.705) -> Hgb >= 2.276)
",-0.351,-4.562,0.000,1.000,0.000,9,0,0,1,10,0,9,1,0.9,0.0,0.0,1.0,0.9473684210526315,0.052631578947368474
"G[0,1]((PTT >= 0.000 -> FiO2 <= 0.321) | BaseExcess <= 0.075)
",9999999.000,9999999.000,0.000,1.000,0.000,9,0,1,0,9,1,10,0,1.0,0.0,1.0,0.9,0.9473684210526315,0.052631578947368474
"G[0,1](((SBP <= 132.117 | EtCO2 <= 0.000) -> BaseExcess >= 0.000) & MAP >= 0.000)
",9999999.000,9999999.000,0.000,1.000,0.000,9,0,1,0,9,1,10,0,1.0,0.0,1.0,0.9,0.9473684210526315,0.052631578947368474
"G[0,0]((O2Sat >= 38.579 & PTT <= 0.000) & Resp >= 0.000)
",-0.472,-5.831,0.000,1.000,0.000,9,0,0,1,10,0,9,1,0.9,0.0,0.0,1.0,0.9473684210526315,0.052631578947368474
"G[0,1]((Phosphate <= 0.000 | BUN >= 0.083) -> BaseExcess <= 1.674)
",9999999.000,9999999.000,0.000,1.000,0.000,9,0,1,0,9,1,10,0,1.0,0.0,1.0,0.9,0.9473684210526315,0.052631578947368474
"G[1,1]((PaCO2 <= 35.298 | WBC <= 7.981) -> Temp >= 0.508)
",-35.298,-35.298,0.000,1.000,0.000,9,0,1,0,9,1,10,0,1.0,0.0,1.0,0.9,0.9473684210526315,0.052631578947368474
"G[0,1]((Temp <= 37.296 | Alkalinephos >= 0.000) & Bilirubin_total <= 0.000)
",9999999.000,9999999.000,0.000,1.000,0.000,9,0,1,0,9,1,10,0,1.0,0.0,1.0,0.9,0.9473684210526315,0.052631578947368474
"G[1,1](Bilirubin_direct >= 0.000 | Platelets <= 43.877)
",43.877,43.877,0.000,1.000,0.000,9,0,1,0,9,1,10,0,1.0,0.0,1.0,0.9,0.9473684210526315,0.052631578947368474
"G[0,1](Calcium >= 0.280 -> Phosphate >= 0.000)
",9999999.000,9999999.000,0.000,1.000,0.000,9,0,1,0,9,1,10,0,1.0,0.0,1.0,0.9,0.9473684210526315,0.052631578947368474
"G[0,1]((O2Sat <= 95.624 & Bilirubin_direct <= 0.000) | Potassium >= 0.000)
",9999999.000,9999999.000,0.000,1.000,0.000,9,0,1,0,9,1,10,0,1.0,0.0,1.0,0.9,0.9473684210526315,0.052631578947368474
"G[0,0]((Creatinine <= 0.205 -> Platelets <= 48.350) & MAP >= 1.696)
",-48.350,-48.350,0.000,1.000,0.000,9,0,0,1,10,0,9,1,0.9,0.0,0.0,1.0,0.9473684210526315,0.052631578947368474
"G[0,0]((Lactate <= 0.824 -> Resp >= 1.721) | WBC >= 6.407)
",-3.298,-5.787,0.000,1.000,0.000,9,0,0,1,10,0,9,1,0.9,0.0,0.0,1.0,0.9473684210526315,0.052631578947368474
"G[1,1](((DBP <= 60.788 & Platelets <= 6.187) | PaCO2 >= 1.449) | Alkalinephos <= 44.769)
",44.769,44.769,0.000,1.000,0.000,9,0,1,0,9,1,10,0,1.0,0.0,1.0,0.9,0.9473684210526315,0.052631578947368474
"G[1,1](((BUN <= 6.302 | O2Sat >= 55.857) & PaCO2 <= 96.013) & BUN <= 98.658)
",6.302,6.302,0.000,1.000,0.000,9,0,1,0,9,1,10,0,1.0,0.0,1.0,0.9,0.9473684210526315,0.052631578947368474
"G[0,1](((Chloride >= 0.000 & Phosphate >= 0.000) -> HR <= 0.000) | SBP >= 0.000)
",9999999.000,9999999.000,0.000,1.000,0.000,9,0,1,0,9,1,10,0,1.0,0.0,1.0,0.9,0.9473684210526315,0.052631578947368474
"G[0,1](((FiO2 <= 0.293 & Magnesium <= 0.615) -> Hct <= 0.366) | Magnesium >= 0.044)
",9999999.000,9999999.000,0.000,1.000,0.000,9,0,1,0,9,1,10,0,1.0,0.0,1.0,0.9,0.9473684210526315,0.052631578947368474
"G[0,1](((SBP <= 116.703 & Platelets >= 1.516) -> DBP >= 2.446) | Potassium <= 8.709)
",9999999.000,9999999.000,0.000,1.000,0.000,9,0,1,0,9,1,10,0,1.0,0.0,1.0,0.9,0.9473684210526315,0.052631578947368474
"G[0,1](((Hgb <= 8.795 | MAP >= 71.896) & WBC <= 84.065) | Phosphate <= 98.049)
",9999999.000,9999999.000,0.000,1.000,0.000,9,0,1,0,9,1,10,0,1.0,0.0,1.0,0.9,0.9473684210526315,0.052631578947368474
"G[0,1]((BUN >= 0.230 | Hct <= 17.299) | HCO3 >= 2.276)
",9999999.000,9999999.000,0.000,1.000,0.000,9,0,1,0,9,1,10,0,1.0,0.0,1.0,0.9,0.9473684210526315,0.052631578947368474
"G[0,1](((Creatinine >= 0.000 -> Hct >= 2.194) | SepsisLabel <= 19.379) | SaO2 <= 31.011)
",9999999.000,9999999.000,0.000,1.000,0.000,9,0,1,0,9,1,10,0,1.0,0.0,1.0,0.9,0.9473684210526315,0.052631578947368474
"G[0,1]((Lactate <= 0.212 & Potassium >= 0.350) -> Hgb >= 0.289)
",9999999.000,9999999.000,0.000,1.000,0.000,9,0,1,0,9,1,10,0,1.0,0.0,1.0,0.9,0.9473684210526315,0.052631578947368474
"G[0,1](Chloride >= 0.000 & HCO3 >= 0.000)
",9999999.000,9999999.000,0.000,1.000,0.000,9,0,1,0,9,1,10,0,1.0,0.0,1.0,0.9,0.9473684210526315,0.052631578947368474
"G[0,1](((BUN >= 0.318 & Hgb <= 6.017) | BaseExcess >= 0.633) -> Resp >= 0.240)
",9999999.000,9999999.000,0.000,1.000,0.000,9,0,1,0,9,1,10,0,1.0,0.0,1.0,0.9,0.9473684210526315,0.052631578947368474
"G[1,1]((Alkalinephos <= 0.000 | HCO3 <= 0.000) -> Bilirubin_direct >= 0.000)
",0.000,0.000,0.000,1.000,0.000,9,0,1,0,9,1,10,0,1.0,0.0,1.0,0.9,0.9473684210526315,0.052631578947368474
"G[0,1]((FiO2 <= 0.129 -> Bilirubin_direct <= 0.000) -> Bilirubin_total <= 0.000)
",9999999.000,9999999.000,0.000,1.000,0.000,9,0,1,0,9,1,10,0,1.0,0.0,1.0,0.9,0.9473684210526315,0.052631578947368474
"G[1,1]((Hct <= 11.696 | Creatinine <= 0.789) | BaseExcess <= 0.172)
",11.696,11.696,0.000,1.000,0.000,9,0,1,0,9,1,10,0,1.0,0.0,1.0,0.9,0.9473684210526315,0.052631578947368474
"G[1,1](Chloride >= 0.000 & HCO3 >= 0.000)
",0.000,0.000,0.000,1.000,0.000,9,0,1,0,9,1,10,0,1.0,0.0,1.0,0.9,0.9473684210526315,0.052631578947368474
"G[0,1](((BaseExcess <= 0.000 & Potassium >= 0.084) | TroponinI <= 4.443) | Temp <= 4.088)
",9999999.000,9999999.000,0.000,1.000,0.000,9,0,1,0,9,1,10,0,1.0,0.0,1.0,0.9,0.9473684210526315,0.052631578947368474
"G[0,0]((BUN <= 1.279 | Glucose <= 125.870) -> DBP >= 16.669)
",-125.870,-125.870,0.000,1.000,0.000,9,0,0,1,10,0,9,1,0.9,0.0,0.0,1.0,0.9473684210526315,0.052631578947368474
"G[0,1](Chloride >= 0.000 & HCO3 >= 0.000)
",9999999.000,9999999.000,0.000,1.000,0.000,9,0,1,0,9,1,10,0,1.0,0.0,1.0,0.9,0.9473684210526315,0.052631578947368474
"G[1,1](FiO2 <= 0.359 & SepsisLabel = 0.000)
",0.000,0.000,0.000,1.000,0.000,9,0,1,0,9,1,10,0,1.0,0.0,1.0,0.9,0.9473684210526315,0.052631578947368474
"G[1,1](((BUN >= 0.698 & Temp >= 31.915) -> AST <= 37.062) | PTT >= 11.165)
",-11.165,-11.165,0.000,1.000,0.000,9,0,1,0,9,1,10,0,1.0,0.0,1.0,0.9,0.9473684210526315,0.052631578947368474
"G[0,1]((SepsisLabel >= 0.000 & TroponinI >= 0.000) & Chloride <= 0.000)
",9999999.000,9999999.000,0.000,1.000,0.000,9,0,1,0,9,1,10,0,1.0,0.0,1.0,0.9,0.9473684210526315,0.052631578947368474
"G[0,0](MAP <= 98.473 & Magnesium <= 1.183)
",-1.042,-10.179,0.000,1.000,0.000,9,0,0,1,10,0,9,1,0.9,0.0,0.0,1.0,0.9473684210526315,0.052631578947368474
"G[1,1](((Potassium >= 0.235 -> Magnesium >= 0.001) -> HCO3 <= 0.255) | TroponinI >= 0.077)
",-0.077,-0.077,0.000,1.000,0.000,9,0,1,0,9,1,10,0,1.0,0.0,1.0,0.9,0.9473684210526315,0.052631578947368474
"G[0,1](((Bilirubin_total <= 0.000 -> Calcium >= 0.438) -> Potassium >= 0.331) -> Calcium <= 2.819)
",9999999.000,9999999.000,0.000,1.000,0.000,8,0,1,1,9,1,9,1,0.8888888888888888,0.0,1.0,0.8888888888888888,0.8421052631578947,0.1578947368421053
"G[0,1](Phosphate <= 0.000 -> Platelets <= 67.055)
",9999999.000,9999999.000,0.000,1.000,0.000,8,0,1,1,9,1,9,1,0.8888888888888888,0.0,1.0,0.8888888888888888,0.8421052631578947,0.1578947368421053
"G[0,1](((Resp >= 7.386 & WBC >= 0.052) | Temp >= 0.704) & Potassium <= 7.070)
",9999999.000,9999999.000,0.000,1.000,0.000,8,0,1,1,9,1,9,1,0.8888888888888888,0.0,1.0,0.8888888888888888,0.8421052631578947,0.1578947368421053
"G[0,1]((Bilirubin_direct <= 0.000 & WBC <= 4.191) | Bilirubin_total >= 0.122)
",9999999.000,9999999.000,0.000,1.000,0.000,8,0,1,1,9,1,9,1,0.8888888888888888,0.0,1.0,0.8888888888888888,0.8421052631578947,0.1578947368421053
"G[0,1](((Creatinine >= 0.004 & EtCO2 <= 0.000) -> Phosphate <= 0.000) -> PaCO2 <= 0.000)
",9999999.000,9999999.000,0.000,1.000,0.000,8,0,1,1,9,1,9,1,0.8888888888888888,0.0,1.0,0.8888888888888888,0.8421052631578947,0.1578947368421053
"G[0,1](PTT >= 0.000 -> BUN <= 13.307)
",9999999.000,9999999.000,0.000,1.000,0.000,8,0,1,1,9,1,9,1,0.8888888888888888,0.0,1.0,0.8888888888888888,0.8421052631578947,0.1578947368421053
"G[0,1](((Magnesium <= 1.849 & AST <= 0.000) | PaCO2 >= 0.000) -> Platelets <= 0.000)
",9999999.000,9999999.000,0.000,1.000,0.000,8,0,1,1,9,1,9,1,0.8888888888888888,0.0,1.0,0.8888888888888888,0.8421052631578947,0.1578947368421053
"G[0,0](Potassium <= 2.274 -> Resp >= 11.823)
",-2.755,-38.299,0.000,1.000,0.000,7,0,0,3,10,0,7,3,0.7,0.0,0.0,1.0,0.7368421052631579,0.26315789473684215
"G[1,1]((FiO2 <= 0.462 -> Glucose <= 123.447) & PTT <= 130.142)
",-123.447,-123.447,0.000,1.000,0.000,6,0,1,3,9,1,7,3,0.6666666666666666,0.0,1.0,0.8571428571428571,0.631578947368421,0.368421052631579
"G[1,1](Glucose <= 81.069 & SepsisLabel = 0.000)
",0.000,0.000,0.000,1.000,0.000,4,0,1,5,9,1,5,5,0.4444444444444444,0.0,1.0,0.8,0.42105263157894735,0.5789473684210527
"G[1,1](Creatinine <= 0.357 & Temp <= 37.162)
",0.357,0.357,0.000,1.000,0.000,2,0,1,7,9,1,3,7,0.2222222222222222,0.0,1.0,0.6666666666666666,0.21052631578947367,0.7894736842105263
"G[0,0](((Calcium >= 0.005 & SaO2 >= 0.735) | Fibrinogen >= 4.376) & HR >= 4.486)
",0.141,0.430,0.000,1.000,0.000,1,0,0,9,10,0,1,9,0.1,0.0,0.0,1.0,0.10526315789473684,0.8947368421052632
"G[0,0](((Bilirubin_total <= 0.000 | HCO3 >= 0.000) -> Bilirubin_direct <= 0.000) -> DBP <= 0.000)
",0.000,0.000,0.000,1.000,0.000,1,0,0,9,10,0,1,9,0.1,0.0,0.0,1.0,0.10526315789473684,0.8947368421052632
"G[0,0](((BUN <= 12.231 | FiO2 <= 0.145) & Phosphate <= 0.213) -> Hct >= 0.023)
",-2.518,-0.187,0.000,1.000,0.000,1,0,0,9,10,0,1,9,0.1,0.0,0.0,1.0,0.10526315789473684,0.8947368421052632
"G[0,0]((BaseExcess <= 0.000 & WBC >= 0.400) & Resp >= 0.413)
",-94.976,-0.401,0.000,1.000,0.000,1,0,0,9,10,0,1,9,0.1,0.0,0.0,1.0,0.10526315789473684,0.8947368421052632
"G[0,0](((Hgb <= 4.724 | Hct <= 6.040) -> WBC >= 0.451) & Platelets >= 0.451)
",-6.040,-6.040,0.000,1.000,0.000,1,0,0,9,10,0,1,9,0.1,0.0,0.0,1.0,0.10526315789473684,0.8947368421052632
"G[0,0](((Hgb <= 6.407 | Hct <= 38.211) -> WBC >= 0.015) & Platelets >= 0.941)
",-38.211,-38.211,0.000,1.000,0.000,1,0,0,9,10,0,1,9,0.1,0.0,0.0,1.0,0.10526315789473684,0.8947368421052632
"G[0,0](((SepsisLabel <= 0.000 & Potassium >= 0.409) -> AST <= 1.798) & BUN >= 0.342)
",-3.575,-1.636,0.000,1.000,0.000,1,0,0,9,10,0,1,9,0.1,0.0,0.0,1.0,0.10526315789473684,0.8947368421052632
"G[0,0](EtCO2 <= 0.000 & SaO2 >= 0.114)
",-2.449,-12.457,0.000,1.000,0.000,1,0,0,9,10,0,1,9,0.1,0.0,0.0,1.0,0.10526315789473684,0.8947368421052632
"G[0,1](O2Sat <= 98.582 -> pH >= 0.222)
",9999999.000,9999999.000,0.000,1.000,0.000,1,0,0,9,10,0,1,9,0.1,0.0,0.0,1.0,0.10526315789473684,0.8947368421052632
"G[0,0](Platelets <= 60.693 -> WBC >= 0.258)
",-60.693,-60.693,0.000,1.000,0.000,1,0,0,9,10,0,1,9,0.1,0.0,0.0,1.0,0.10526315789473684,0.8947368421052632
"G[1,2](Hct <= 26.832 & PaCO2 <= 3.194)
",9999999.000,9999999.000,0.000,1.000,0.000,0,0,10,0,0,10,10,0,0.0,0.0,1.0,0.0,0.0,1.0
"G[1,2](Fibrinogen <= 0.000 -> O2Sat <= 94.131)
",9999999.000,9999999.000,0.000,1.000,0.000,0,0,1,9,9,1,1,9,0.0,0.0,1.0,0.0,0.0,1.0
"G[1,2]((Potassium <= 2.149 -> Bilirubin_total >= 0.000) & Glucose <= 0.000)
",9999999.000,9999999.000,0.000,1.000,0.000,0,0,5,5,5,5,5,5,0.0,0.0,1.0,0.0,0.0,1.0
"G[1,2](((BUN >= 0.491 & O2Sat <= 94.327) & Hgb <= 95.156) & PaCO2 <= 93.694)
",9999999.000,9999999.000,0.000,1.000,0.000,0,0,1,9,9,1,1,9,0.0,0.0,1.0,0.0,0.0,1.0
"G[0,2](Phosphate >= 0.000 -> Glucose <= 116.323)
",9999999.000,9999999.000,0.000,1.000,0.000,0,0,2,8,8,2,2,8,0.0,0.0,1.0,0.0,0.0,1.0
"G[0,2](Bilirubin_direct <= 0.000 & SaO2 <= 77.781)
",9999999.000,9999999.000,0.000,1.000,0.000,0,0,9,1,1,9,9,1,0.0,0.0,1.0,0.0,0.0,1.0
"G[0,2]((O2Sat <= 95.990 -> Glucose >= 8.949) & BaseExcess >= 7.097)
",9999999.000,9999999.000,0.000,1.000,0.000,0,0,0,10,10,0,0,10,0.0,0.0,0.0,0.0,0.0,1.0
"G[1,2](((WBC >= 0.355 | Resp <= 23.241) & Lactate <= 17.035) -> PTT <= 17.256)
",9999999.000,9999999.000,0.000,1.000,0.000,0,0,10,0,0,10,10,0,0.0,0.0,1.0,0.0,0.0,1.0
"G[1,2](Potassium >= 0.331 -> BaseExcess <= 0.000)
",9999999.000,9999999.000,0.000,1.000,0.000,0,0,10,0,0,10,10,0,0.0,0.0,1.0,0.0,0.0,1.0
"G[0,2](((Platelets >= 1.700 -> HCO3 <= 0.000) & PaCO2 >= 0.000) -> WBC >= 0.000)
",9999999.000,9999999.000,0.000,1.000,0.000,0,0,10,0,0,10,10,0,0.0,0.0,1.0,0.0,0.0,1.0
"G[2,2](Bilirubin_direct <= 0.000 -> pH >= 0.181)
",0.000,0.000,0.000,1.000,0.000,0,0,10,0,0,10,10,0,0.0,0.0,1.0,0.0,0.0,1.0
"G[1,2](Magnesium >= 0.032 -> Resp <= 18.629)
",9999999.000,9999999.000,0.000,1.000,0.000,0,0,10,0,0,10,10,0,0.0,0.0,1.0,0.0,0.0,1.0
"G[0,2]((SepsisLabel <= 0.000 -> HR <= 82.656) | Hgb >= 60.605)
",9999999.000,9999999.000,0.000,1.000,0.000,0,0,1,9,9,1,1,9,0.0,0.0,1.0,0.0,0.0,1.0
"G[1,2]((Magnesium >= 0.031 & HR <= 81.959) | HCO3 <= 80.829)
",9999999.000,9999999.000,0.000,1.000,0.000,0,0,10,0,0,10,10,0,0.0,0.0,1.0,0.0,0.0,1.0
"G[0,2]((BaseExcess >= 0.000 -> Glucose >= 55.427) -> BUN >= 10.580)
",9999999.000,9999999.000,0.000,1.000,0.000,0,0,2,8,8,2,2,8,0.0,0.0,1.0,0.0,0.0,1.0
"G[0,2]((TroponinI <= 0.000 | pH >= 0.119) | Chloride <= 5.589)
",9999999.000,9999999.000,0.000,1.000,0.000,0,0,10,0,0,10,10,0,0.0,0.0,1.0,0.0,0.0,1.0
"G[1,2]((BaseExcess <= 0.000 | pH >= 0.004) & SepsisLabel >= 0.048)
",9999999.000,9999999.000,0.000,1.000,0.000,0,0,1,9,9,1,1,9,0.0,0.0,1.0,0.0,0.0,1.0
"G[2,2](((Magnesium <= 0.514 & BaseExcess >= 0.000) | HR <= 0.000) | Magnesium >= 0.000)
",0.000,0.000,0.000,1.000,0.000,0,0,10,0,0,10,10,0,0.0,0.0,1.0,0.0,0.0,1.0
"G[0,2](((Creatinine <= 0.694 & Calcium >= 0.448) -> Potassium >= 0.081) & Calcium <= 8.278)
",9999999.000,9999999.000,0.000,1.000,0.000,0,0,9,1,1,9,9,1,0.0,0.0,1.0,0.0,0.0,1.0
"G[0,2](Hct >= 1.989 | BaseExcess <= 0.000)
",9999999.000,9999999.000,0.000,1.000,0.000,0,0,10,0,0,10,10,0,0.0,0.0,1.0,0.0,0.0,1.0
"G[0,2]((PTT <= 0.000 | SaO2 >= 2.298) | Chloride >= 1.143)
",9999999.000,9999999.000,0.000,1.000,0.000,0,0,10,0,0,10,10,0,0.0,0.0,1.0,0.0,0.0,1.0
"G[1,2](((Platelets <= 56.696 & SaO2 >= 1.282) | HR <= 16.326) | Temp <= 29.797)
",9999999.000,9999999.000,0.000,1.000,0.000,0,0,1,9,9,1,1,9,0.0,0.0,1.0,0.0,0.0,1.0
"G[2,2](AST >= 0.000 -> Bilirubin_direct <= 0.000)
",0.000,0.000,0.000,1.000,0.000,0,0,10,0,0,10,10,0,0.0,0.0,1.0,0.0,0.0,1.0
"G[0,2]((Bilirubin_total >= 0.000 -> PTT <= 0.000) -> Magnesium <= 0.000)
",9999999.000,9999999.000,0.000,1.000,0.000,0,0,9,1,1,9,9,1,0.0,0.0,1.0,0.0,0.0,1.0
"G[2,2]((Creatinine >= 0.018 -> Hgb <= 5.344) & Temp <= 6.756)
",-5.344,-5.344,0.000,1.000,0.000,0,0,10,0,0,10,10,0,0.0,0.0,1.0,0.0,0.0,1.0
"G[1,2]((Resp <= 15.566 | PaCO2 >= 0.801) -> Creatinine >= 2.007)
",9999999.000,9999999.000,0.000,1.000,0.000,0,0,5,5,5,5,5,5,0.0,0.0,1.0,0.0,0.0,1.0
"G[1,1](Calcium >= 0.309 & PTT <= 0.000)
",-0.309,-0.309,0.000,1.000,0.000,0,0,1,9,9,1,1,9,0.0,0.0,1.0,0.0,0.0,1.0
"G[2,2](Creatinine <= 0.424 | PTT >= 0.000)
",0.424,0.424,0.000,1.000,0.000,0,0,10,0,0,10,10,0,0.0,0.0,1.0,0.0,0.0,1.0
"G[1,2]((SBP <= 120.386 | WBC >= 0.381) | BUN <= 2.435)
",9999999.000,9999999.000,0.000,1.000,0.000,0,0,10,0,0,10,10,0,0.0,0.0,1.0,0.0,0.0,1.0
"G[0,2]((Fibrinogen >= 0.000 -> HR >= 64.974) | Hct <= 83.961)
",9999999.000,9999999.000,0.000,1.000,0.000,0,0,10,0,0,10,10,0,0.0,0.0,1.0,0.0,0.0,1.0
"G[1,1](((PaCO2 >= 1.175 | Lactate <= 0.640) & Fibrinogen >= 0.036) | TroponinI >= 0.002)
",-0.002,-0.002,0.000,1.000,0.000,0,0,1,9,9,1,1,9,0.0,0.0,1.0,0.0,0.0,1.0
"G[1,2](((Bilirubin_direct <= 0.000 -> HCO3 >= 0.000) & Alkalinephos <= 0.000) | Phosphate >= 0.000)
",9999999.000,9999999.000,0.000,1.000,0.000,0,0,10,0,0,10,10,0,0.0,0.0,1.0,0.0,0.0,1.0
"G[1,2]((FiO2 <= 0.220 | O2Sat >= 19.623) -> Potassium >= 10.721)
",9999999.000,9999999.000,0.000,1.000,0.000,0,0,1,9,9,1,1,9,0.0,0.0,1.0,0.0,0.0,1.0
"G[0,2](AST <= 0.000 | Potassium >= 0.313)
",9999999.000,9999999.000,0.000,1.000,0.000,0,0,10,0,0,10,10,0,0.0,0.0,1.0,0.0,0.0,1.0
"G[0,1]((Potassium <= 0.740 & DBP >= 31.508) -> Alkalinephos >= 44.867)
",9999999.000,9999999.000,0.000,1.000,0.000,0,0,0,10,10,0,0,10,0.0,0.0,0.0,0.0,0.0,1.0
"G[0,2](((Alkalinephos >= 0.000 | EtCO2 <= 0.000) | Temp <= 0.000) -> Creatinine >= 0.000)
",9999999.000,9999999.000,0.000,1.000,0.000,0,0,10,0,0,10,10,0,0.0,0.0,1.0,0.0,0.0,1.0
"G[0,1]((Potassium >= 0.133 & Resp >= 5.630) & BaseExcess >= 2.160)
",9999999.000,9999999.000,0.000,1.000,0.000,0,0,0,10,10,0,0,10,0.0,0.0,0.0,0.0,0.0,1.0
"G[1,2]((BaseExcess >= 0.000 | Fibrinogen <= 0.000) | Glucose >= 0.000)
",9999999.000,9999999.000,0.000,1.000,0.000,0,0,10,0,0,10,10,0,0.0,0.0,1.0,0.0,0.0,1.0
"G[0,2](EtCO2 >= 0.000 -> Calcium >= 0.307)
",9999999.000,9999999.000,0.000,1.000,0.000,0,0,0,10,10,0,0,10,0.0,0.0,0.0,0.0,0.0,1.0
"G[0,2](Calcium >= 0.475 -> Bilirubin_direct <= 0.000)
",9999999.000,9999999.000,0.000,1.000,0.000,0,0,10,0,0,10,10,0,0.0,0.0,1.0,0.0,0.0,1.0
"G[2,2]((PTT <= 0.000 | Alkalinephos <= 0.000) | PTT <= 0.000)
",0.000,0.000,0.000,1.000,0.000,0,0,10,0,0,10,10,0,0.0,0.0,1.0,0.0,0.0,1.0
"G[0,2](((PaCO2 >= 1.751 | Fibrinogen <= 0.000) | FiO2 >= 0.000) -> Hct <= 0.000)
",9999999.000,9999999.000,0.000,1.000,0.000,0,0,9,1,1,9,9,1,0.0,0.0,1.0,0.0,0.0,1.0
"G[1,2](((Temp >= 0.612 | Phosphate <= 0.000) & pH <= 0.000) -> PTT >= 0.000)
",9999999.000,9999999.000,0.000,1.000,0.000,0,0,10,0,0,10,10,0,0.0,0.0,1.0,0.0,0.0,1.0
"G[0,2](((Creatinine <= 0.133 -> Magnesium >= 0.057) & Bilirubin_direct <= 0.413) & pH >= 0.055)
",9999999.000,9999999.000,0.000,1.000,0.000,0,0,0,10,10,0,0,10,0.0,0.0,0.0,0.0,0.0,1.0
"G[1,2](Phosphate >= 0.000 -> Bilirubin_direct >= 0.000)
",9999999.000,9999999.000,0.000,1.000,0.000,0,0,10,0,0,10,10,0,0.0,0.0,1.0,0.0,0.0,1.0
"G[1,2](pH <= 3.007 & pH >= 0.199)
",9999999.000,9999999.000,0.000,1.000,0.000,0,0,1,9,9,1,1,9,0.0,0.0,1.0,0.0,0.0,1.0
"G[2,2](((EtCO2 >= 0.000 -> PTT >= 0.000) -> WBC <= 0.000) | Resp >= 0.000)
",0.000,0.000,0.000,1.000,0.000,0,0,10,0,0,10,10,0,0.0,0.0,1.0,0.0,0.0,1.0
"G[0,1]((Resp >= 13.156 -> Potassium <= 2.208) -> FiO2 >= 0.310)
",9999999.000,9999999.000,0.000,1.000,0.000,0,0,0,10,10,0,0,10,0.0,0.0,0.0,0.0,0.0,1.0
"G[0,2](((SBP >= 33.188 -> Alkalinephos <= 0.000) -> Chloride <= 0.000) & Glucose >= 0.000)
",9999999.000,9999999.000,0.000,1.000,0.000,0,0,10,0,0,10,10,0,0.0,0.0,1.0,0.0,0.0,1.0
"G[2,2]((Phosphate >= 0.000 -> DBP >= 29.878) & Platelets >= 24.777)
",-24.777,-24.777,0.000,1.000,0.000,0,0,10,0,0,10,10,0,0.0,0.0,1.0,0.0,0.0,1.0
"G[1,2](HCO3 <= 0.000 | BUN <= 15.242)
",9999999.000,9999999.000,0.000,1.000,0.000,0,0,10,0,0,10,10,0,0.0,0.0,1.0,0.0,0.0,1.0
"G[1,2](((Fibrinogen >= 0.000 | BUN >= 0.594) | Resp >= 0.019) -> TroponinI >= 0.140)
",9999999.000,9999999.000,0.000,1.000,0.000,0,0,1,9,9,1,1,9,0.0,0.0,1.0,0.0,0.0,1.0
"G[0,2](((Platelets <= 42.848 -> Temp <= 37.007) & BaseExcess >= 5.672) -> Hct >= 30.291)
",9999999.000,9999999.000,0.000,1.000,0.000,0,0,10,0,0,10,10,0,0.0,0.0,1.0,0.0,0.0,1.0
"G[0,2]((Temp <= 36.926 & EtCO2 <= 0.000) & AST <= 0.000)
",9999999.000,9999999.000,0.000,1.000,0.000,0,0,1,9,9,1,1,9,0.0,0.0,1.0,0.0,0.0,1.0
"G[1,2]((Hct >= 0.082 | Chloride <= 0.000) & PTT <= 0.000)
",9999999.000,9999999.000,0.000,1.000,0.000,0,0,10,0,0,10,10,0,0.0,0.0,1.0,0.0,0.0,1.0
"G[1,2]((Resp <= 21.413 & PaCO2 <= 4.733) | Hgb <= 36.411)
",9999999.000,9999999.000,0.000,1.000,0.000,0,0,10,0,0,10,10,0,0.0,0.0,1.0,0.0,0.0,1.0
"G[0,2]((EtCO2 <= 0.000 -> Platelets >= 1.736) & TroponinI >= 0.435)
",9999999.000,9999999.000,0.000,1.000,0.000,0,0,0,10,10,0,0,10,0.0,0.0,0.0,0.0,0.0,1.0
"G[1,2]((PaCO2 >= 1.366 & Platelets >= 1.259) -> O2Sat >= 0.213)
",9999999.000,9999999.000,0.000,1.000,0.000,0,0,10,0,0,10,10,0,0.0,0.0,1.0,0.0,0.0,1.0
"G[0,2](((Platelets <= 64.583 | PTT <= 0.000) | BaseExcess >= 0.000) & Lactate <= 0.000)
",9999999.000,9999999.000,0.000,1.000,0.000,0,0,9,1,1,9,9,1,0.0,0.0,1.0,0.0,0.0,1.0
"G[0,1]((HCO3 >= 0.000 | Lactate <= 0.457) & TroponinI >= 0.039)
",9999999.000,9999999.000,0.000,1.000,0.000,0,0,0,10,10,0,0,10,0.0,0.0,0.0,0.0,0.0,1.0
"G[0,2](AST >= 0.000 | Chloride <= 0.000)
",9999999.000,9999999.000,0.000,1.000,0.000,0,0,10,0,0,10,10,0,0.0,0.0,1.0,0.0,0.0,1.0
"G[0,2](((Chloride <= 0.000 -> BaseExcess >= 0.000) & TroponinI <= 0.000) & pH >= 0.000)
",9999999.000,9999999.000,0.000,1.000,0.000,0,0,10,0,0,10,10,0,0.0,0.0,1.0,0.0,0.0,1.0
"G[1,2](((DBP <= 64.139 -> Lactate <= 0.894) -> AST <= 0.170) & Phosphate >= 0.020)
",9999999.000,9999999.000,0.000,1.000,0.000,0,0,1,9,9,1,1,9,0.0,0.0,1.0,0.0,0.0,1.0
"G[2,2]((Lactate >= 0.017 -> MAP <= 82.807) | Fibrinogen >= 3.316)
",-3.316,-3.316,0.000,1.000,0.000,0,0,10,0,0,10,10,0,0.0,0.0,1.0,0.0,0.0,1.0
"G[2,2](((BUN >= 0.265 & Bilirubin_direct >= 0.000) & HR >= 0.000) | Magnesium >= 0.000)
",0.000,0.000,0.000,1.000,0.000,0,0,10,0,0,10,10,0,0.0,0.0,1.0,0.0,0.0,1.0
"G[2,2](((SepsisLabel <= 0.000 -> Creatinine >= 0.019) & PTT <= 0.822) -> Creatinine >= 0.037)
",0.000,0.000,0.000,1.000,0.000,0,0,10,0,0,10,10,0,0.0,0.0,1.0,0.0,0.0,1.0
"G[2,2](((Lactate <= 0.074 & Hct >= 0.372) -> FiO2 <= 12.397) | PTT <= 42.695)
",42.695,42.695,0.000,1.000,0.000,0,0,10,0,0,10,10,0,0.0,0.0,1.0,0.0,0.0,1.0
"G[2,2](Chloride >= 0.000 & HCO3 >= 0.000)
",0.000,0.000,0.000,1.000,0.000,0,0,10,0,0,10,10,0,0.0,0.0,1.0,0.0,0.0,1.0
"G[0,1](((Creatinine >= 0.028 -> Calcium <= 4.610) & Resp <= 1.878) | Fibrinogen >= 0.412)
",9999999.000,9999999.000,0.000,1.000,0.000,0,0,0,10,10,0,0,10,0.0,0.0,0.0,0.0,0.0,1.0
"G[1,2](TroponinI <= 0.000 -> SepsisLabel = 0.000)
",9999999.000,9999999.000,0.000,1.000,0.000,0,0,10,0,0,10,10,0,0.0,0.0,1.0,0.0,0.0,1.0
"G[0,2](Chloride >= 0.000 & HCO3 >= 0.000)
",9999999.000,9999999.000,0.000,1.000,0.000,0,0,10,0,0,10,10,0,0.0,0.0,1.0,0.0,0.0,1.0
"G[2,2](Platelets <= 10.290 -> WBC >= 0.144)
",-10.290,-10.290,0.000,1.000,0.000,0,0,10,0,0,10,10,0,0.0,0.0,1.0,0.0,0.0,1.0
"G[1,2](BUN <= 12.024 & Creatinine >= 0.018)
",9999999.000,9999999.000,0.000,1.000,0.000,0,0,1,9,9,1,1,9,0.0,0.0,1.0,0.0,0.0,1.0
"G[1,2](Lactate >= 0.006 -> SepsisLabel = 0.000)
",9999999.000,9999999.000,0.000,1.000,0.000,0,0,10,0,0,10,10,0,0.0,0.0,1.0,0.0,0.0,1.0
"G[2,2](Phosphate < 0.000 & SepsisLabel = 0.000)
",0.000,0.000,0.000,1.000,0.000,0,0,10,0,0,10,10,0,0.0,0.0,1.0,0.0,0.0,1.0
"G[0,1](Alkalinephos < 0.000 & SepsisLabel = 0.000)
",9999999.000,9999999.000,0.000,1.000,0.000,0,0,0,10,10,0,0,10,0.0,0.0,0.0,0.0,0.0,1.0
"G[1,2](PTT < 0.000 & SepsisLabel = 0.000)
",9999999.000,9999999.000,0.000,1.000,0.000,0,0,1,9,9,1,1,9,0.0,0.0,1.0,0.0,0.0,1.0
"G[2,2](SaO2 > 3.947 -> SepsisLabel = 0.000)
",0.000,0.000,0.000,1.000,0.000,0,0,10,0,0,10,10,0,0.0,0.0,1.0,0.0,0.0,1.0
"G[1,2](AST >= 0.000 & SepsisLabel = 0.000)
",9999999.000,9999999.000,0.000,1.000,0.000,0,0,10,0,0,10,10,0,0.0,0.0,1.0,0.0,0.0,1.0
"G[1,2](MAP >= 53.615 & SepsisLabel = 0.000)
",9999999.000,9999999.000,0.000,1.000,0.000,0,0,10,0,0,10,10,0,0.0,0.0,1.0,0.0,0.0,1.0
"G[0,2](SepsisLabel <= 0.000 -> SepsisLabel = 0.000)
",9999999.000,9999999.000,0.000,1.000,0.000,0,0,10,0,0,10,10,0,0.0,0.0,1.0,0.0,0.0,1.0
"G[0,2](EtCO2 > 0.000 -> SepsisLabel = 0.000)
",9999999.000,9999999.000,0.000,1.000,0.000,0,0,10,0,0,10,10,0,0.0,0.0,1.0,0.0,0.0,1.0
"G[1,2](Bilirubin_direct < 0.000 & SepsisLabel = 0.000)
",9999999.000,9999999.000,0.000,1.000,0.000,0,0,1,9,9,1,1,9,0.0,0.0,1.0,0.0,0.0,1.0
"G[0,2](PTT <= 0.000 & EtCO2 <= 0.000)
",9999999.000,9999999.000,0.000,1.000,0.000,0,0,10,0,0,10,10,0,0.0,0.0,1.0,0.0,0.0,1.0
"G[1,2](SaO2 < 52.004 -> SepsisLabel = 0.000)
",9999999.000,9999999.000,0.000,1.000,0.000,0,0,10,0,0,10,10,0,0.0,0.0,1.0,0.0,0.0,1.0
"G[0,2](MAP < 77.400 & SepsisLabel = 0.000)
",9999999.000,9999999.000,0.000,1.000,0.000,0,0,5,5,5,5,5,5,0.0,0.0,1.0,0.0,0.0,1.0
"G[1,1]((Creatinine <= 0.708 -> Platelets >= 3.174) & Hgb >= 1.370)
",-1.370,-1.370,0.000,1.000,0.000,0,0,1,9,9,1,1,9,0.0,0.0,1.0,0.0,0.0,1.0
"G[1,2](Lactate >= 0.019 -> SaO2 >= 0.610)
",9999999.000,9999999.000,0.000,1.000,0.000,0,0,10,0,0,10,10,0,0.0,0.0,1.0,0.0,0.0,1.0
"G[2,2]((Calcium <= 5.632 | Creatinine >= 0.031) & SBP >= 0.004)
",-0.004,-0.004,0.000,1.000,0.000,0,0,10,0,0,10,10,0,0.0,0.0,1.0,0.0,0.0,1.0
"G[0,2](Calcium <= 4.338 | Platelets <= 39.039)
",9999999.000,9999999.000,0.000,1.000,0.000,0,0,9,1,1,9,9,1,0.0,0.0,1.0,0.0,0.0,1.0
"G[1,2](DBP <= 65.297 & SBP >= 81.243)
",9999999.000,9999999.000,0.000,1.000,0.000,0,0,8,2,2,8,8,2,0.0,0.0,1.0,0.0,0.0,1.0
"G[0,2](O2Sat <= 94.373 & SBP <= 132.121)
",9999999.000,9999999.000,0.000,1.000,0.000,0,0,0,10,10,0,0,10,0.0,0.0,0.0,0.0,0.0,1.0
"G[2,2]((HR <= 83.466 & SBP <= 140.949) -> SBP <= 139.826)
",-139.826,-139.826,0.000,1.000,0.000,0,0,10,0,0,10,10,0,0.0,0.0,1.0,0.0,0.0,1.0
"G[1,1]((MAP >= 13.869 & O2Sat >= 20.034) -> EtCO2 >= 82.067)
",20.034,20.034,0.000,1.000,0.000,0,0,1,9,9,1,1,9,0.0,0.0,1.0,0.0,0.0,1.0
"G[2,2]((DBP <= 55.448 & HR >= 67.902) -> BaseExcess <= 81.346)
",-81.346,-81.346,0.000,1.000,0.000,0,0,10,0,0,10,10,0,0.0,0.0,1.0,0.0,0.0,1.0
"G[0,1]((MAP <= 100.393 & Temp <= 36.932) & EtCO2 <= 35.568)
",9999999.000,9999999.000,0.000,1.000,0.000,0,0,0,10,10,0,0,10,0.0,0.0,0.0,0.0,0.0,1.0
"G[1,2](BUN <= 12.072 & Creatinine >= 0.035)
",9999999.000,9999999.000,0.000,1.000,0.000,0,0,1,9,9,1,1,9,0.0,0.0,1.0,0.0,0.0,1.0
"G[0,1](Platelets <= 52.540 -> WBC >= 0.591)
",9999999.000,9999999.000,0.000,1.000,0.000,0,0,0,10,10,0,0,10,0.0,0.0,0.0,0.0,0.0,1.0
"G[1,2](Chloride >= 0.000 & HCO3 >= 0.000)
",9999999.000,9999999.000,0.000,1.000,0.000,0,0,10,0,0,10,10,0,0.0,0.0,1.0,0.0,0.0,1.0
"G[2,2](BUN <= 3.510 & Creatinine >= 0.038)
",-0.038,-0.038,0.000,1.000,0.000,0,0,10,0,0,10,10,0,0.0,0.0,1.0,0.0,0.0,1.0
"G[2,2](((Hgb <= 1.124 | Hct <= 2.373) -> WBC >= 0.510) & Platelets >= 3.077)
",-3.077,-3.077,0.000,1.000,0.000,0,0,10,0,0,10,10,0,0.0,0.0,1.0,0.0,0.0,1.0
"G[0,1](BUN <= 5.128 & Creatinine >= 0.004)
",9999999.000,9999999.000,0.000,1.000,0.000,0,0,0,10,10,0,0,10,0.0,0.0,0.0,0.0,0.0,1.0
"G[1,2](Platelets <= 4.228 -> WBC >= 0.151)
",9999999.000,9999999.000,0.000,1.000,0.000,0,0,1,9,9,1,1,9,0.0,0.0,1.0,0.0,0.0,1.0
"G[0,1](((Hgb <= 7.932 | Hct <= 24.991) -> WBC >= 0.554) & Platelets >= 3.054)
",9999999.000,9999999.000,0.000,1.000,0.000,0,0,0,10,10,0,0,10,0.0,0.0,0.0,0.0,0.0,1.0
"G[1,2](BUN <= 7.963 & Creatinine >= 0.022)
",9999999.000,9999999.000,0.000,1.000,0.000,0,0,1,9,9,1,1,9,0.0,0.0,1.0,0.0,0.0,1.0
"G[0,2](Chloride >= 0.000 & HCO3 >= 0.000)
",9999999.000,9999999.000,0.000,1.000,0.000,0,0,10,0,0,10,10,0,0.0,0.0,1.0,0.0,0.0,1.0
"G[0,2](Platelets <= 40.491 -> WBC >= 0.694)
",9999999.000,9999999.000,0.000,1.000,0.000,0,0,0,10,10,0,0,10,0.0,0.0,0.0,0.0,0.0,1.0
"G[0,1](((Hgb <= 8.955 | Hct <= 17.679) -> WBC >= 0.050) & Platelets >= 1.443)
",9999999.000,9999999.000,0.000,1.000,0.000,0,0,0,10,10,0,0,10,0.0,0.0,0.0,0.0,0.0,1.0
"G[0,2](BUN <= 10.492 & Creatinine >= 0.003)
",9999999.000,9999999.000,0.000,1.000,0.000,0,0,0,10,10,0,0,10,0.0,0.0,0.0,0.0,0.0,1.0
"G[0,2](Platelets <= 54.564 -> WBC >= 0.517)
",9999999.000,9999999.000,0.000,1.000,0.000,0,0,0,10,10,0,0,10,0.0,0.0,0.0,0.0,0.0,1.0
"G[0,1](((Hgb <= 13.749 | Hct <= 29.751) -> WBC >= 0.264) & Platelets >= 1.488)
",9999999.000,9999999.000,0.000,1.000,0.000,0,0,0,10,10,0,0,10,0.0,0.0,0.0,0.0,0.0,1.0
"G[2,2](BUN <= 14.238 & Creatinine >= 0.016)
",-0.016,-0.016,0.000,1.000,0.000,0,0,10,0,0,10,10,0,0.0,0.0,1.0,0.0,0.0,1.0
"G[2,2](Chloride >= 0.000 & HCO3 >= 0.000)
",0.000,0.000,0.000,1.000,0.000,0,0,10,0,0,10,10,0,0.0,0.0,1.0,0.0,0.0,1.0
"G[0,2](Platelets <= 18.436 -> WBC >= 0.334)
",9999999.000,9999999.000,0.000,1.000,0.000,0,0,0,10,10,0,0,10,0.0,0.0,0.0,0.0,0.0,1.0
"G[0,2](((Hgb <= 5.261 | Hct <= 21.851) -> WBC >= 0.100) & Platelets >= 2.436)
",9999999.000,9999999.000,0.000,1.000,0.000,0,0,0,10,10,0,0,10,0.0,0.0,0.0,0.0,0.0,1.0
"G[0,2](BUN <= 8.810 & Creatinine >= 0.003)
",9999999.000,9999999.000,0.000,1.000,0.000,0,0,0,10,10,0,0,10,0.0,0.0,0.0,0.0,0.0,1.0
"G[2,2](Platelets <= 49.071 -> WBC >= 0.118)
",-49.071,-49.071,0.000,1.000,0.000,0,0,10,0,0,10,10,0,0.0,0.0,1.0,0.0,0.0,1.0
"G[1,2](((Hgb <= 13.069 | Hct <= 6.158) -> WBC >= 0.525) & Platelets >= 0.480)
",9999999.000,9999999.000,0.000,1.000,0.000,0,0,1,9,9,1,1,9,0.0,0.0,1.0,0.0,0.0,1.0
"G[0,0](BUN <= 4.524 & Creatinine >= 0.024)
",-0.024,-0.024,0.000,1.000,0.000,0,0,0,10,10,0,0,10,0.0,0.0,0.0,0.0,0.0,1.0
"G[1,2](Chloride >= 0.000 & HCO3 >= 0.000)
",9999999.000,9999999.000,0.000,1.000,0.000,0,0,10,0,0,10,10,0,0.0,0.0,1.0,0.0,0.0,1.0
"G[1,2](Platelets <= 63.052 -> WBC >= 0.470)
",9999999.000,9999999.000,0.000,1.000,0.000,0,0,1,9,9,1,1,9,0.0,0.0,1.0,0.0,0.0,1.0
"G[1,1](((Hgb <= 4.492 | Hct <= 11.046) -> WBC >= 0.452) & Platelets >= 0.393)
",-11.046,-11.046,0.000,1.000,0.000,0,0,1,9,9,1,1,9,0.0,0.0,1.0,0.0,0.0,1.0
"G[2,2](BUN <= 6.352 & Creatinine >= 0.019)
",-0.019,-0.019,0.000,1.000,0.000,0,0,10,0,0,10,10,0,0.0,0.0,1.0,0.0,0.0,1.0
"G[0,2](Chloride >= 0.000 & HCO3 >= 0.000)
",9999999.000,9999999.000,0.000,1.000,0.000,0,0,10,0,0,10,10,0,0.0,0.0,1.0,0.0,0.0,1.0
"G[2,2](((Hgb <= 5.145 | Hct <= 26.110) -> WBC >= 0.586) & Platelets >= 1.892)
",-26.110,-26.110,0.000,1.000,0.000,0,0,10,0,0,10,10,0,0.0,0.0,1.0,0.0,0.0,1.0
"G[0,2]((Calcium <= 3.438 | Potassium <= 1.797) & Glucose <= 3.861)
",9999999.000,9999999.000,0.000,1.000,0.000,0,0,1,9,9,1,1,9,0.0,0.0,1.0,0.0,0.0,1.0
"G[1,2]((BUN >= 0.865 -> Potassium <= 3.477) & O2Sat >= 0.098)
",9999999.000,9999999.000,0.000,1.000,0.000,0,0,10,0,0,10,10,0,0.0,0.0,1.0,0.0,0.0,1.0
"G[0,2](((Platelets >= 0.334 & Potassium >= 0.305) | Resp <= 2.598) | BaseExcess <= 0.847)
",9999999.000,9999999.000,0.000,1.000,0.000,0,0,10,0,0,10,10,0,0.0,0.0,1.0,0.0,0.0,1.0
"G[1,2](((pH >= 0.211 -> Platelets <= 24.173) & BUN >= 2.483) -> AST >= 0.271)
",9999999.000,9999999.000,0.000,1.000,0.000,0,0,10,0,0,10,10,0,0.0,0.0,1.0,0.0,0.0,1.0
"G[1,2]((Magnesium <= 1.804 | SBP >= 87.482) -> pH <= 138.437)
",9999999.000,9999999.000,0.000,1.000,0.000,0,0,10,0,0,10,10,0,0.0,0.0,1.0,0.0,0.0,1.0
"G[0,2](BUN <= 4.983 -> SBP >= 104.220)
",9999999.000,9999999.000,0.000,1.000,0.000,0,0,7,3,3,7,7,3,0.0,0.0,1.0,0.0,0.0,1.0
"G[1,2]((Hgb >= 0.289 & SBP <= 135.487) & Hgb <= 123.427)
",9999999.000,9999999.000,0.000,1.000,0.000,0,0,1,9,9,1,1,9,0.0,0.0,1.0,0.0,0.0,1.0
"G[1,2](O2Sat <= 95.582 -> WBC <= 8.088)
",9999999.000,9999999.000,0.000,1.000,0.000,0,0,10,0,0,10,10,0,0.0,0.0,1.0,0.0,0.0,1.0
"G[1,2]((BUN <= 10.266 | MAP >= 63.831) -> TroponinI >= 13.609)
",9999999.000,9999999.000,0.000,1.000,0.000,0,0,1,9,9,1,1,9,0.0,0.0,1.0,0.0,0.0,1.0
"G[1,2]((DBP <= 70.779 -> WBC <= 7.724) | SepsisLabel >= 0.348)
",9999999.000,9999999.000,0.000,1.000,0.000,0,0,10,0,0,10,10,0,0.0,0.0,1.0,0.0,0.0,1.0
"G[0,2]((EtCO2 <= 0.000 -> HR <= 83.481) | Platelets <= 82.163)
",9999999.000,9999999.000,0.000,1.000,0.000,0,0,10,0,0,10,10,0,0.0,0.0,1.0,0.0,0.0,1.0
"G[1,2](TroponinI <= 0.000 -> O2Sat >= 43.835)
",9999999.000,9999999.000,0.000,1.000,0.000,0,0,10,0,0,10,10,0,0.0,0.0,1.0,0.0,0.0,1.0
"G[0,2](Bilirubin_total <= 0.000 & TroponinI <= 0.000)
",9999999.000,9999999.000,0.000,1.000,0.000,0,0,10,0,0,10,10,0,0.0,0.0,1.0,0.0,0.0,1.0
"G[1,2](WBC <= 7.359 | Chloride >= 0.000)
",9999999.000,9999999.000,0.000,1.000,0.000,0,0,10,0,0,10,10,0,0.0,0.0,1.0,0.0,0.0,1.0
"G[1,2]((Creatinine <= 0.274 -> Bilirubin_direct <= 0.000) & AST <= 0.000)
",9999999.000,9999999.000,0.000,1.000,0.000,0,0,10,0,0,10,10,0,0.0,0.0,1.0,0.0,0.0,1.0
"G[1,2](((AST <= 0.000 | SaO2 >= 3.447) & SBP >= 1.238) -> Resp >= 2.080)
",9999999.000,9999999.000,0.000,1.000,0.000,0,0,10,0,0,10,10,0,0.0,0.0,1.0,0.0,0.0,1.0
"G[1,2](Platelets <= 30.670 -> WBC >= 0.530)
",9999999.000,9999999.000,0.000,1.000,0.000,0,0,1,9,9,1,1,9,0.0,0.0,1.0,0.0,0.0,1.0
"G[0,2](FiO2 <= 0.212 | FiO2 >= 0.008)
",9999999.000,9999999.000,0.000,1.000,0.000,0,0,10,0,0,10,10,0,0.0,0.0,1.0,0.0,0.0,1.0
"G[1,2](((DBP <= 55.942 | Resp <= 21.264) & Glucose <= 19.880) | FiO2 >= 8.134)
",9999999.000,9999999.000,0.000,1.000,0.000,0,0,4,6,6,4,4,6,0.0,0.0,1.0,0.0,0.0,1.0
"G[0,2]((SBP <= 139.682 & BUN >= 0.884) -> Lactate <= 0.933)
",9999999.000,9999999.000,0.000,1.000,0.000,0,0,10,0,0,10,10,0,0.0,0.0,1.0,0.0,0.0,1.0
"G[1,2]((Calcium >= 0.492 -> SepsisLabel >= 0.000) -> PaCO2 >= 0.000)
",9999999.000,9999999.000,0.000,1.000,0.000,0,0,10,0,0,10,10,0,0.0,0.0,1.0,0.0,0.0,1.0
"G[1,2]((Lactate >= 0.004 -> PaCO2 <= 23.562) & EtCO2 >= 0.744)
",9999999.000,9999999.000,0.000,1.000,0.000,0,0,1,9,9,1,1,9,0.0,0.0,1.0,0.0,0.0,1.0
"G[0,2](((Potassium >= 0.269 & Potassium <= 1.377) | Temp >= 0.026) | Glucose <= 0.991)
",9999999.000,9999999.000,0.000,1.000,0.000,0,0,10,0,0,10,10,0,0.0,0.0,1.0,0.0,0.0,1.0
"G[1,2](((Temp >= 2.577 | PaCO2 >= 0.508) | pH >= 0.906) -> DBP <= 23.981)
",9999999.000,9999999.000,0.000,1.000,0.000,0,0,1,9,9,1,1,9,0.0,0.0,1.0,0.0,0.0,1.0
"G[2,2](((Potassium >= 0.005 & HR >= 76.142) -> BUN <= 84.995) | O2Sat <= 80.254)
",80.254,80.254,0.000,1.000,0.000,0,0,10,0,0,10,10,0,0.0,0.0,1.0,0.0,0.0,1.0
"G[0,2]((PTT <= 0.000 | Hct >= 0.776) -> Lactate >= 1.321)
",9999999.000,9999999.000,0.000,1.000,0.000,0,0,0,10,10,0,0,10,0.0,0.0,0.0,0.0,0.0,1.0
"G[0,2]((SBP >= 20.153 | TroponinI <= 0.000) | Fibrinogen <= 0.000)
",9999999.000,9999999.000,0.000,1.000,0.000,0,0,10,0,0,10,10,0,0.0,0.0,1.0,0.0,0.0,1.0
"G[1,2](((Bilirubin_total >= 0.000 -> Bilirubin_direct <= 0.000) & AST <= 0.000) & HR >= 0.000)
",9999999.000,9999999.000,0.000,1.000,0.000,0,0,10,0,0,10,10,0,0.0,0.0,1.0,0.0,0.0,1.0
"G[0,2]((Platelets <= 61.616 -> TroponinI >= 0.000) -> PaCO2 <= 0.000)
",9999999.000,9999999.000,0.000,1.000,0.000,0,0,9,1,1,9,9,1,0.0,0.0,1.0,0.0,0.0,1.0
"G[1,2](Creatinine <= 0.507 -> SaO2 >= 0.281)
",9999999.000,9999999.000,0.000,1.000,0.000,0,0,1,9,9,1,1,9,0.0,0.0,1.0,0.0,0.0,1.0
"G[0,2]((Lactate >= 0.041 -> Magnesium >= 0.095) | SaO2 <= 1.779)
",9999999.000,9999999.000,0.000,1.000,0.000,0,0,9,1,1,9,9,1,0.0,0.0,1.0,0.0,0.0,1.0
"G[0,1](((Hct <= 12.988 & Potassium >= 0.245) & TroponinI <= 2.806) | HR <= 1.221)
",9999999.000,9999999.000,0.000,1.000,0.000,0,0,0,10,10,0,0,10,0.0,0.0,0.0,0.0,0.0,1.0
"G[0,2](((PaCO2 >= 2.034 -> WBC >= 0.577) & BaseExcess >= 0.316) -> Bilirubin_total >= 0.680)
",9999999.000,9999999.000,0.000,1.000,0.000,0,0,10,0,0,10,10,0,0.0,0.0,1.0,0.0,0.0,1.0
"G[0,2](((Glucose <= 107.147 | MAP <= 86.238) & DBP <= 80.064) & Bilirubin_direct >= 67.823)
",9999999.000,9999999.000,0.000,1.000,0.000,0,0,0,10,10,0,0,10,0.0,0.0,0.0,0.0,0.0,1.0
"G[1,2]((Glucose >= 63.889 | SBP <= 117.813) | O2Sat <= 123.009)
",9999999.000,9999999.000,0.000,1.000,0.000,0,0,10,0,0,10,10,0,0.0,0.0,1.0,0.0,0.0,1.0
"G[1,2](Glucose >= 53.544 -> Potassium <= 2.679)
",9999999.000,9999999.000,0.000,1.000,0.000,0,0,10,0,0,10,10,0,0.0,0.0,1.0,0.0,0.0,1.0
"G[0,2](Glucose >= 42.581 | O2Sat <= 96.420)
",9999999.000,9999999.000,0.000,1.000,0.000,0,0,3,7,7,3,3,7,0.0,0.0,1.0,0.0,0.0,1.0
"G[0,2](Calcium <= 4.602 & Glucose <= 128.550)
",9999999.000,9999999.000,0.000,1.000,0.000,0,0,7,3,3,7,7,3,0.0,0.0,1.0,0.0,0.0,1.0
"G[1,2](Glucose <= 87.076 | pH <= 5.146)
",9999999.000,9999999.000,0.000,1.000,0.000,0,0,10,0,0,10,10,0,0.0,0.0,1.0,0.0,0.0,1.0
"G[0,2](MAP <= 79.954 -> pH >= 0.115)
",9999999.000,9999999.000,0.000,1.000,0.000,0,0,1,9,9,1,1,9,0.0,0.0,1.0,0.0,0.0,1.0
"G[1,2](((DBP >= 15.473 -> SaO2 >= 3.056) & Bilirubin_direct <= 88.113) | O2Sat <= 40.569)
",9999999.000,9999999.000,0.000,1.000,0.000,0,0,1,9,9,1,1,9,0.0,0.0,1.0,0.0,0.0,1.0
"G[1,2](((pH >= 0.209 -> SBP <= 121.852) & Alkalinephos <= 110.194) | TroponinI >= 40.542)
",9999999.000,9999999.000,0.000,1.000,0.000,0,0,10,0,0,10,10,0,0.0,0.0,1.0,0.0,0.0,1.0
"G[2,2]((SaO2 >= 1.822 -> SBP >= 17.288) -> Phosphate <= 110.009)
",-110.009,-110.009,0.000,1.000,0.000,0,0,10,0,0,10,10,0,0.0,0.0,1.0,0.0,0.0,1.0
"G[1,2](PaCO2 <= 24.582 & SBP >= 3.971)
",9999999.000,9999999.000,0.000,1.000,0.000,0,0,10,0,0,10,10,0,0.0,0.0,1.0,0.0,0.0,1.0
"G[0,1](((Potassium >= 0.363 -> SBP <= 131.762) & SBP >= 33.272) & Fibrinogen >= 46.857)
",9999999.000,9999999.000,0.000,1.000,0.000,0,0,0,10,10,0,0,10,0.0,0.0,0.0,0.0,0.0,1.0
"G[0,2](((MAP <= 102.722 | Potassium >= 0.196) | BUN <= 0.537) | Phosphate <= 2.603)
",9999999.000,9999999.000,0.000,1.000,0.000,0,0,10,0,0,10,10,0,0.0,0.0,1.0,0.0,0.0,1.0
"G[2,2](Magnesium >= 0.101 & Resp <= 19.101)
",-0.101,-0.101,0.000,1.000,0.000,0,0,10,0,0,10,10,0,0.0,0.0,1.0,0.0,0.0,1.0
"G[2,2](((Creatinine >= 0.015 -> Resp <= 16.243) -> PaCO2 >= 1.113) -> SBP <= 20.650)
",-20.650,-20.650,0.000,1.000,0.000,0,0,10,0,0,10,10,0,0.0,0.0,1.0,0.0,0.0,1.0
"G[2,2](((O2Sat >= 2.807 | Potassium <= 2.683) -> Resp <= 1.990) & Fibrinogen <= 4.532)
",-2.683,-2.683,0.000,1.000,0.000,0,0,10,0,0,10,10,0,0.0,0.0,1.0,0.0,0.0,1.0
"G[1,2](((Calcium <= 4.547 | pH <= 1.360) -> PTT <= 2.210) & Temp <= 1.620)
",9999999.000,9999999.000,0.000,1.000,0.000,0,0,1,9,9,1,1,9,0.0,0.0,1.0,0.0,0.0,1.0
"G[1,2](FiO2 <= 0.315 -> O2Sat <= 96.069)
",9999999.000,9999999.000,0.000,1.000,0.000,0,0,1,9,9,1,1,9,0.0,0.0,1.0,0.0,0.0,1.0
"G[2,2]((O2Sat <= 95.420 & SaO2 <= 39.818) | Alkalinephos >= 0.057)
",39.818,39.818,0.000,1.000,0.000,0,0,10,0,0,10,10,0,0.0,0.0,1.0,0.0,0.0,1.0
"G[1,2](((HR >= 24.556 | Magnesium >= 0.060) & PTT >= 0.090) | BUN >= 0.093)
",9999999.000,9999999.000,0.000,1.000,0.000,0,0,1,9,9,1,1,9,0.0,0.0,1.0,0.0,0.0,1.0
"G[0,1](((FiO2 >= 0.018 -> Temp <= 36.428) -> MAP <= 37.105) | Hct >= 16.035)
",9999999.000,9999999.000,0.000,1.000,0.000,0,0,0,10,10,0,0,10,0.0,0.0,0.0,0.0,0.0,1.0
"G[2,2](((Hct >= 0.367 -> Temp >= 18.821) & Hct >= 21.655) | Alkalinephos <= 36.014)
",36.014,36.014,0.000,1.000,0.000,0,0,10,0,0,10,10,0,0.0,0.0,1.0,0.0,0.0,1.0
"G[0,2](BUN <= 15.272 | FiO2 <= 0.437)
",9999999.000,9999999.000,0.000,1.000,0.000,0,0,10,0,0,10,10,0,0.0,0.0,1.0,0.0,0.0,1.0
"G[0,2](FiO2 >= 0.010 & Hct <= 23.271)
",9999999.000,9999999.000,0.000,1.000,0.000,0,0,0,10,10,0,0,10,0.0,0.0,0.0,0.0,0.0,1.0
"G[1,2]((Creatinine <= 0.549 | Lactate >= 0.022) & Bilirubin_total >= 0.011)
",9999999.000,9999999.000,0.000,1.000,0.000,0,0,1,9,9,1,1,9,0.0,0.0,1.0,0.0,0.0,1.0
"G[1,2]((DBP <= 58.241 & Bilirubin_direct >= 0.000) & Bilirubin_total <= 0.000)
",9999999.000,9999999.000,0.000,1.000,0.000,0,0,5,5,5,5,5,5,0.0,0.0,1.0,0.0,0.0,1.0
