Rule,Discrimination Score,Pos Robustness,Neg Robustness,Percent Class +,Percent Class -,TP,TN,FP,FN,Actual Yes,Actual No,Predicted Yes,Predicted No,TPR/Sens,TNR/Spec,FPR,Precision,Accuracy,MCR,Class
"G[0,0]((Lactate >= 0.000 -> Platelets >= 0.000) | pH >= 0.000)
",0.000,0.000,0.000,1.000,0.000,13,0,0,0,13,0,13,0,1.0,0.0,0.0,1.0,1.0,0.0,1
"G[0,1](((Hgb <= 0.000 | Hct <= 0.000) -> WBC >= 0.000) & Platelets >= 0.000)
",9999999.000,9999999.000,0.000,1.000,0.000,13,0,0,0,13,0,13,0,1.0,0.0,0.0,1.0,1.0,0.0,1
"G[0,1](SBP >= 78.159 -> BaseExcess >= 0.000)
",9999999.000,9999999.000,0.000,1.000,0.000,13,0,0,0,13,0,13,0,1.0,0.0,0.0,1.0,1.0,0.0,1
"G[0,1](((AST >= 0.000 -> Magnesium >= 0.006) | Calcium >= 0.074) -> EtCO2 <= 0.593)
",9999999.000,9999999.000,0.000,1.000,0.000,13,0,0,0,13,0,13,0,1.0,0.0,0.0,1.0,1.0,0.0,1
"G[1,1](((Phosphate >= 0.127 & MAP <= 92.231) | BUN >= 72.461) -> WBC >= 26.264)
",4586299606949801.000,0.127,0.000,1.000,0.000,13,0,0,0,13,0,13,0,1.0,0.0,0.0,1.0,1.0,0.0,1
"F[0,1](((HR <= 103.825 -> O2Sat <= 91.144) & Lactate >= 19.054) & Potassium >= 22.639)
",-9999999.000,-9999999.000,0.000,0.000,1.000,13,0,0,0,13,0,13,0,1.0,0.0,0.0,1.0,1.0,0.0,-1
"G[0,1](pH >= 0.179 -> Potassium <= 2.599)
",9999999.000,9999999.000,0.000,1.000,0.000,13,0,0,0,13,0,13,0,1.0,0.0,0.0,1.0,1.0,0.0,1
"G[1,1](Platelets <= 0.000 -> WBC >= 0.000)
",0.000,0.000,0.000,1.000,0.000,13,0,0,0,13,0,13,0,1.0,0.0,0.0,1.0,1.0,0.0,1
"G[0,0](((BaseExcess <= 0.000 | WBC >= 0.000) | Creatinine >= 0.000) & Chloride <= 0.000)
",0.000,0.000,0.000,1.000,0.000,13,0,0,0,13,0,13,0,1.0,0.0,0.0,1.0,1.0,0.0,1
"G[0,1](((Hgb <= 0.000 | Hct <= 0.000) -> WBC >= 0.000) & Platelets >= 0.000)
",9999999.000,9999999.000,0.000,1.000,0.000,13,0,0,0,13,0,13,0,1.0,0.0,0.0,1.0,1.0,0.0,1
"G[0,1](Chloride >= 0.000 & HCO3 >= 0.000)
",9999999.000,9999999.000,0.000,1.000,0.000,13,0,0,0,13,0,13,0,1.0,0.0,0.0,1.0,1.0,0.0,1
"G[0,1](Platelets <= 0.000 -> WBC >= 0.000)
",9999999.000,9999999.000,0.000,1.000,0.000,13,0,0,0,13,0,13,0,1.0,0.0,0.0,1.0,1.0,0.0,1
"G[0,1](((Phosphate <= 1.249 | AST >= 0.000) -> Potassium >= 0.000) & Potassium >= 0.000)
",9999999.000,9999999.000,0.000,1.000,0.000,13,0,0,0,13,0,13,0,1.0,0.0,0.0,1.0,1.0,0.0,1
"G[0,1](((SaO2 >= 1.880 & Alkalinephos <= 0.000) & Creatinine <= 0.000) -> Temp <= 0.000)
",9999999.000,9999999.000,0.000,1.000,0.000,13,0,0,0,13,0,13,0,1.0,0.0,0.0,1.0,1.0,0.0,1
"G[0,0](MAP >= 35.030 | Platelets >= 0.000)
",6.827,95.893,0.000,1.000,0.000,13,0,0,0,13,0,13,0,1.0,0.0,0.0,1.0,1.0,0.0,1
"G[0,1](((Hgb <= 0.000 | Hct <= 0.000) -> WBC >= 0.000) & Platelets >= 0.000)
",9999999.000,9999999.000,0.000,1.000,0.000,13,0,0,0,13,0,13,0,1.0,0.0,0.0,1.0,1.0,0.0,1
"G[0,0]((O2Sat <= 86.525 | BUN <= 8.189) | EtCO2 >= 0.355)
",7.750,24.953,0.000,1.000,0.000,13,0,0,0,13,0,13,0,1.0,0.0,0.0,1.0,1.0,0.0,1
"G[0,0](Platelets <= 0.000 -> WBC >= 0.000)
",0.000,0.000,0.000,1.000,0.000,13,0,0,0,13,0,13,0,1.0,0.0,0.0,1.0,1.0,0.0,1
"G[0,0](((Hgb <= 0.000 | Hct <= 0.000) -> WBC >= 0.000) & Platelets >= 0.000)
",0.000,0.000,0.000,1.000,0.000,13,0,0,0,13,0,13,0,1.0,0.0,0.0,1.0,1.0,0.0,1
"G[1,1](((Glucose >= 18.430 | SBP >= 54.740) & Glucose <= 146.538) | PaCO2 >= 26.294)
",-18.430,-18.430,0.000,1.000,0.000,13,0,0,0,13,0,13,0,1.0,0.0,0.0,1.0,1.0,0.0,1
"G[0,0]((Chloride >= 0.000 | SaO2 >= 0.877) -> PTT <= 60.482)
",-60.482,-60.482,0.000,1.000,0.000,13,0,0,0,13,0,13,0,1.0,0.0,0.0,1.0,1.0,0.0,1
"G[0,1](Platelets <= 0.000 | SBP <= 126.531)
",9999999.000,9999999.000,0.000,1.000,0.000,13,0,0,0,13,0,13,0,1.0,0.0,0.0,1.0,1.0,0.0,1
"G[0,0](((Potassium <= 3.543 -> Lactate <= 0.000) -> Creatinine <= 0.000) & Creatinine >= 0.000)
",0.000,0.000,0.000,1.000,0.000,13,0,0,0,13,0,13,0,1.0,0.0,0.0,1.0,1.0,0.0,1
"G[1,1]((Glucose >= 5.220 -> AST <= 0.000) & Chloride >= 0.000)
",0.000,0.000,0.000,1.000,0.000,13,0,0,0,13,0,13,0,1.0,0.0,0.0,1.0,1.0,0.0,1
"G[1,1](SepsisLabel <= 0.000 & WBC <= 0.000)
",0.000,0.000,0.000,1.000,0.000,13,0,0,0,13,0,13,0,1.0,0.0,0.0,1.0,1.0,0.0,1
"((Magnesium >= 0.088) U[1,2] (AST <= 0.000))
",-9999999.000,-9999999.000,0.000,0.000,1.000,13,0,0,0,13,0,13,0,1.0,0.0,0.0,1.0,1.0,0.0,-1
"F[0,0]((Glucose <= 58.748 -> Phosphate >= 0.051) & Platelets >= 0.090)
",-8268004473959900.000,-58.748,0.000,0.000,1.000,13,0,0,0,13,0,13,0,1.0,0.0,0.0,1.0,1.0,0.0,-1
"F[0,0]((Calcium <= 3.646 & Potassium <= 3.859) & Magnesium >= 0.063)
",-0.063,-0.063,0.000,0.000,1.000,13,0,0,0,13,0,13,0,1.0,0.0,0.0,1.0,1.0,0.0,-1
"F[0,0]((MAP <= 88.357 | pH <= 5.574) & pH >= 0.225)
",-8094561799987460.000,-0.225,0.000,0.000,1.000,13,0,0,0,13,0,13,0,1.0,0.0,0.0,1.0,1.0,0.0,-1
"F[0,1](((HR >= 19.868 -> Resp <= 32.381) & PTT >= 16.955) & DBP <= 27.492)
",-9999999.000,-9999999.000,0.000,0.000,1.000,13,0,0,0,13,0,13,0,1.0,0.0,0.0,1.0,1.0,0.0,-1
"F[0,1](((MAP <= 96.904 & Resp >= 20.013) -> pH >= 12.319) & TroponinI >= 24.237)
",-9999999.000,-9999999.000,0.000,0.000,1.000,13,0,0,0,13,0,13,0,1.0,0.0,0.0,1.0,1.0,0.0,-1
"F[0,0](((PaCO2 <= 74.228 & Resp <= 28.110) -> PTT >= 21.461) & AST >= 22.714)
",-6393405846318823.000,-22.714,0.000,0.000,1.000,13,0,0,0,13,0,13,0,1.0,0.0,0.0,1.0,1.0,0.0,-1
"F[0,0]((Calcium <= 4.707 & Potassium <= 2.587) & Magnesium >= 0.057)
",-0.057,-0.057,0.000,0.000,1.000,13,0,0,0,13,0,13,0,1.0,0.0,0.0,1.0,1.0,0.0,-1
"F[0,0]((Platelets >= 0.000 & FiO2 >= 0.010) & Bilirubin_total >= 0.003)
",-0.010,-0.010,0.000,0.000,1.000,13,0,0,0,13,0,13,0,1.0,0.0,0.0,1.0,1.0,0.0,-1
"((Potassium >= 0.028) U[1,2] (Chloride >= 0.000))
",-9999999.000,-9999999.000,0.000,0.000,1.000,13,0,0,0,13,0,13,0,1.0,0.0,0.0,1.0,1.0,0.0,-1
"F[0,1](((Calcium >= 0.064 & O2Sat <= 92.310) & SBP <= 95.831) | Phosphate >= 16.058)
",-9999999.000,-9999999.000,0.000,0.000,1.000,13,0,0,0,13,0,13,0,1.0,0.0,0.0,1.0,1.0,0.0,-1
"((Phosphate >= 0.092) U[1,2] (Bilirubin_direct <= 0.000))
",-9999999.000,-9999999.000,0.000,0.000,1.000,13,0,0,0,13,0,13,0,1.0,0.0,0.0,1.0,1.0,0.0,-1
"F[0,1]((Calcium <= 4.588 & Potassium <= 1.044) & Magnesium >= 0.080)
",-9999999.000,-9999999.000,0.000,0.000,1.000,13,0,0,0,13,0,13,0,1.0,0.0,0.0,1.0,1.0,0.0,-1
"F[0,0](DBP >= 7.350 & Phosphate >= 0.010)
",-2924800282000055.000,-0.010,0.000,0.000,1.000,13,0,0,0,13,0,13,0,1.0,0.0,0.0,1.0,1.0,0.0,-1
"G[0,1](HCO3 < 0.000 -> SepsisLabel = 0.000)
",9999999.000,9999999.000,0.000,1.000,0.000,13,0,0,0,13,0,13,0,1.0,0.0,0.0,1.0,1.0,0.0,1
"G[0,0](((HR <= 80.372 & Fibrinogen >= 0.000) | Resp >= 0.000) | Chloride >= 0.000)
",11.261,63.923,0.000,1.000,0.000,13,0,0,0,13,0,13,0,1.0,0.0,0.0,1.0,1.0,0.0,1
"G[0,0](Platelets <= 0.000 -> WBC >= 0.000)
",0.000,0.000,0.000,1.000,0.000,13,0,0,0,13,0,13,0,1.0,0.0,0.0,1.0,1.0,0.0,1
"G[1,1](Resp <= 29.382 -> Platelets <= 0.000)
",-8270190142626175.000,-29.382,0.000,1.000,0.000,13,0,0,0,13,0,13,0,1.0,0.0,0.0,1.0,1.0,0.0,1
"G[0,0](Chloride >= 0.000 & HCO3 >= 0.000)
",0.000,0.000,0.000,1.000,0.000,13,0,0,0,13,0,13,0,1.0,0.0,0.0,1.0,1.0,0.0,1
"G[0,0](((HR >= 23.301 -> Temp >= 2.272) | Platelets >= 1.405) | Creatinine <= 24.265)
",24.265,24.265,0.000,1.000,0.000,13,0,0,0,13,0,13,0,1.0,0.0,0.0,1.0,1.0,0.0,1
"G[0,0](Chloride >= 0.000 & HCO3 >= 0.000)
",0.000,0.000,0.000,1.000,0.000,13,0,0,0,13,0,13,0,1.0,0.0,0.0,1.0,1.0,0.0,1
"G[1,1](Hgb <= 0.000 -> BaseExcess >= 0.000)
",0.000,0.000,0.000,1.000,0.000,13,0,0,0,13,0,13,0,1.0,0.0,0.0,1.0,1.0,0.0,1
"G[0,1]((Temp >= 0.822 -> FiO2 <= 0.066) | Hct >= 0.002)
",9999999.000,9999999.000,0.000,1.000,0.000,13,0,0,0,13,0,13,0,1.0,0.0,0.0,1.0,1.0,0.0,1
"G[0,1]((SBP <= 147.308 -> FiO2 >= 0.006) -> Resp >= 0.011)
",9999999.000,9999999.000,0.000,1.000,0.000,13,0,0,0,13,0,13,0,1.0,0.0,0.0,1.0,1.0,0.0,1
"G[0,0](((EtCO2 >= 0.000 -> Chloride <= 0.000) & AST >= 0.000) | Calcium <= 0.000)
",0.000,0.000,0.000,1.000,0.000,13,0,0,0,13,0,13,0,1.0,0.0,0.0,1.0,1.0,0.0,1
"G[1,1](((MAP <= 90.540 | PTT >= 0.000) -> Creatinine >= 0.000) -> Hgb <= 0.000)
",0.000,0.000,0.000,1.000,0.000,13,0,0,0,13,0,13,0,1.0,0.0,0.0,1.0,1.0,0.0,1
"G[0,1](((Lactate >= 0.000 -> WBC >= 0.000) | Magnesium <= 0.000) & EtCO2 >= 0.000)
",9999999.000,9999999.000,0.000,1.000,0.000,13,0,0,0,13,0,13,0,1.0,0.0,0.0,1.0,1.0,0.0,1
"G[0,1]((Fibrinogen <= 0.000 & Glucose <= 91.890) | PTT <= 99.031)
",9999999.000,9999999.000,0.000,1.000,0.000,13,0,0,0,13,0,13,0,1.0,0.0,0.0,1.0,1.0,0.0,1
"G[1,1](Potassium < 0.174 -> SepsisLabel = 0.000)
",-0.174,-0.174,0.000,1.000,0.000,13,0,0,0,13,0,13,0,1.0,0.0,0.0,1.0,1.0,0.0,1
"G[0,1](Magnesium <= 0.827 -> SepsisLabel = 0.000)
",9999999.000,9999999.000,0.000,1.000,0.000,13,0,0,0,13,0,13,0,1.0,0.0,0.0,1.0,1.0,0.0,1
"G[0,1](((SaO2 <= 44.237 -> WBC >= 0.000) | Phosphate <= 0.000) | Alkalinephos <= 0.000)
",9999999.000,9999999.000,0.000,1.000,0.000,13,0,0,0,13,0,13,0,1.0,0.0,0.0,1.0,1.0,0.0,1
"G[0,1](PTT <= 0.000 -> Lactate >= 0.000)
",9999999.000,9999999.000,0.000,1.000,0.000,13,0,0,0,13,0,13,0,1.0,0.0,0.0,1.0,1.0,0.0,1
"G[0,1]((Bilirubin_direct <= 0.000 | SepsisLabel <= 0.000) | HCO3 <= 0.000)
",9999999.000,9999999.000,0.000,1.000,0.000,13,0,0,0,13,0,13,0,1.0,0.0,0.0,1.0,1.0,0.0,1
"G[0,0]((Bilirubin_total <= 0.000 & Hct <= 0.000) | pH <= 0.000)
",0.000,0.000,0.000,1.000,0.000,13,0,0,0,13,0,13,0,1.0,0.0,0.0,1.0,1.0,0.0,1
"G[0,1](PTT <= 0.000 | HCO3 <= 0.000)
",9999999.000,9999999.000,0.000,1.000,0.000,13,0,0,0,13,0,13,0,1.0,0.0,0.0,1.0,1.0,0.0,1
"G[0,1](((Fibrinogen >= 0.000 | FiO2 <= 0.038) | HR >= 0.010) | HCO3 >= 0.004)
",9999999.000,9999999.000,0.000,1.000,0.000,13,0,0,0,13,0,13,0,1.0,0.0,0.0,1.0,1.0,0.0,1
"G[1,1](Fibrinogen > 0.000 -> SepsisLabel = 0.000)
",0.000,0.000,0.000,1.000,0.000,13,0,0,0,13,0,13,0,1.0,0.0,0.0,1.0,1.0,0.0,1
"G[0,0]((SBP >= 17.277 | pH <= 5.411) -> Calcium <= 0.919)
",-1.707,-6.512,0.000,1.000,0.000,13,0,0,0,13,0,13,0,1.0,0.0,0.0,1.0,1.0,0.0,1
"G[1,1]((SaO2 <= 29.504 -> HR >= 27.236) | Calcium >= 21.646)
",-21.646,-21.646,0.000,1.000,0.000,13,0,0,0,13,0,13,0,1.0,0.0,0.0,1.0,1.0,0.0,1
"G[1,1](Creatinine <= 0.400 -> SepsisLabel = 0.000)
",-7197288826589135.000,-0.400,0.000,1.000,0.000,13,0,0,0,13,0,13,0,1.0,0.0,0.0,1.0,1.0,0.0,1
"G[0,1](Bilirubin_total >= 0.000 & SepsisLabel = 0.000)
",9999999.000,9999999.000,0.000,1.000,0.000,13,0,0,0,13,0,13,0,1.0,0.0,0.0,1.0,1.0,0.0,1
"G[0,1]((Chloride <= 0.000 | TroponinI <= 0.000) | Alkalinephos <= 0.000)
",9999999.000,9999999.000,0.000,1.000,0.000,13,0,0,0,13,0,13,0,1.0,0.0,0.0,1.0,1.0,0.0,1
"G[0,1](((Platelets >= 0.000 -> Bilirubin_total >= 0.000) & FiO2 >= 0.000) | SaO2 >= 0.000)
",9999999.000,9999999.000,0.000,1.000,0.000,13,0,0,0,13,0,13,0,1.0,0.0,0.0,1.0,1.0,0.0,1
"G[1,1](HR < 91.898 -> SepsisLabel = 0.000)
",-6466768377707751.000,-91.898,0.000,1.000,0.000,13,0,0,0,13,0,13,0,1.0,0.0,0.0,1.0,1.0,0.0,1
"F[0,1]((Calcium <= 0.675 & Potassium <= 1.228) & Magnesium >= 0.034)
",-9999999.000,-9999999.000,0.000,0.000,1.000,13,0,0,0,13,0,13,0,1.0,0.0,0.0,1.0,1.0,0.0,-1
"G[1,1](TroponinI >= 0.000 | Potassium >= 0.117)
",0.000,0.000,0.000,1.000,0.000,13,0,0,0,13,0,13,0,1.0,0.0,0.0,1.0,1.0,0.0,1
"G[0,1](Bilirubin_direct >= 0.000 | Calcium <= 7.779)
",9999999.000,9999999.000,0.000,1.000,0.000,13,0,0,0,13,0,13,0,1.0,0.0,0.0,1.0,1.0,0.0,1
"G[0,1](BaseExcess >= 0.000 | HR >= 36.458)
",9999999.000,9999999.000,0.000,1.000,0.000,13,0,0,0,13,0,13,0,1.0,0.0,0.0,1.0,1.0,0.0,1
"G[0,1](((Temp >= 0.354 & Potassium <= 2.247) -> Bilirubin_direct >= 0.063) -> HCO3 <= 2.870)
",9999999.000,9999999.000,0.000,1.000,0.000,13,0,0,0,13,0,13,0,1.0,0.0,0.0,1.0,1.0,0.0,1
"G[0,1]((SBP >= 32.931 | BaseExcess >= 0.000) | Temp >= 0.000)
",9999999.000,9999999.000,0.000,1.000,0.000,13,0,0,0,13,0,13,0,1.0,0.0,0.0,1.0,1.0,0.0,1
"G[0,1](((Glucose <= 95.241 -> MAP <= 89.966) & AST >= 9.627) -> Glucose <= 94.094)
",9999999.000,9999999.000,0.000,1.000,0.000,13,0,0,0,13,0,13,0,1.0,0.0,0.0,1.0,1.0,0.0,1
"G[1,1]((DBP <= 61.933 -> FiO2 <= 0.236) | BUN <= 0.164)
",2954009169511049.000,0.164,0.000,1.000,0.000,13,0,0,0,13,0,13,0,1.0,0.0,0.0,1.0,1.0,0.0,1
"G[0,1]((Calcium <= 1.706 | Calcium >= 0.277) | Calcium <= 4.453)
",9999999.000,9999999.000,0.000,1.000,0.000,13,0,0,0,13,0,13,0,1.0,0.0,0.0,1.0,1.0,0.0,1
"G[0,1]((Resp <= 31.042 -> SaO2 >= 1.810) | SepsisLabel <= 49.203)
",9999999.000,9999999.000,0.000,1.000,0.000,13,0,0,0,13,0,13,0,1.0,0.0,0.0,1.0,1.0,0.0,1
"G[0,1]((HCO3 <= 0.000 -> AST >= 0.000) -> Bilirubin_direct <= 0.000)
",9999999.000,9999999.000,0.000,1.000,0.000,13,0,0,0,13,0,13,0,1.0,0.0,0.0,1.0,1.0,0.0,1
"G[0,1](((Lactate <= 0.000 & EtCO2 >= 0.000) | DBP <= 0.000) | PTT >= 0.000)
",9999999.000,9999999.000,0.000,1.000,0.000,13,0,0,0,13,0,13,0,1.0,0.0,0.0,1.0,1.0,0.0,1
"G[0,1](((Magnesium <= 0.423 -> Chloride <= 0.000) & PaCO2 <= 0.000) -> HCO3 >= 0.000)
",9999999.000,9999999.000,0.000,1.000,0.000,13,0,0,0,13,0,13,0,1.0,0.0,0.0,1.0,1.0,0.0,1
"G[0,0](((FiO2 >= 0.010 | HCO3 <= 0.000) | Potassium <= 0.000) -> EtCO2 <= 0.000)
",0.000,0.000,0.000,1.000,0.000,13,0,0,0,13,0,13,0,1.0,0.0,0.0,1.0,1.0,0.0,1
"G[0,0](MAP <= 97.744 | SBP >= 4.282)
",-0.146,-1.436,0.000,1.000,0.000,13,0,0,0,13,0,13,0,1.0,0.0,0.0,1.0,1.0,0.0,1
"G[0,1]((Temp >= 3.929 | MAP <= 89.482) | BUN <= 96.658)
",9999999.000,9999999.000,0.000,1.000,0.000,13,0,0,0,13,0,13,0,1.0,0.0,0.0,1.0,1.0,0.0,1
"G[0,1]((BUN <= 6.051 | PaCO2 >= 0.252) | pH <= 66.209)
",9999999.000,9999999.000,0.000,1.000,0.000,13,0,0,0,13,0,13,0,1.0,0.0,0.0,1.0,1.0,0.0,1
"G[0,0](WBC < 0.000 -> SepsisLabel = 0.000)
",0.000,0.000,0.000,1.000,0.000,13,0,0,0,13,0,13,0,1.0,0.0,0.0,1.0,1.0,0.0,1
"G[0,1](((Bilirubin_total <= 0.000 | Resp >= 19.848) | WBC >= 20.313) & pH <= 28.509)
",9999999.000,9999999.000,0.000,1.000,0.000,13,0,0,0,13,0,13,0,1.0,0.0,0.0,1.0,1.0,0.0,1
"G[0,0](pH >= 0.182 | SepsisLabel <= 0.000)
",0.000,0.000,0.000,1.000,0.000,13,0,0,0,13,0,13,0,1.0,0.0,0.0,1.0,1.0,0.0,1
"G[0,0]((Glucose >= 1.691 & HR >= 62.263) | Temp <= 83.785)
",-7616215180184907.000,-1.691,0.000,1.000,0.000,13,0,0,0,13,0,13,0,1.0,0.0,0.0,1.0,1.0,0.0,1
"G[0,1](((Bilirubin_total >= 0.000 | Alkalinephos >= 0.000) | AST >= 0.000) & WBC <= 0.000)
",9999999.000,9999999.000,0.000,1.000,0.000,13,0,0,0,13,0,13,0,1.0,0.0,0.0,1.0,1.0,0.0,1
"((HR >= 30.593) U[0,0] (SaO2 >= 0.241))
",5156765523460897.000,37520.407,0.000,0.000,1.000,12,0,0,1,13,0,12,1,0.9230769230769231,0.0,0.0,1.0,0.9230769230769231,0.07692307692307687,-1
"F[0,1](Bilirubin_total <= 0.000 & Potassium >= 0.074)
",-9999999.000,-9999999.000,0.000,0.000,1.000,12,0,0,1,13,0,12,1,0.9230769230769231,0.0,0.0,1.0,0.9230769230769231,0.07692307692307687,-1
"F[0,1](Calcium <= 4.506 & FiO2 >= 0.006)
",-9999999.000,-9999999.000,0.000,0.000,1.000,12,0,0,1,13,0,12,1,0.9230769230769231,0.0,0.0,1.0,0.9230769230769231,0.07692307692307687,-1
"((Chloride >= 0.000) U[0,1] (Creatinine >= 0.003))
",-9999999.000,-9999999.000,0.000,0.000,1.000,12,0,0,1,13,0,12,1,0.9230769230769231,0.0,0.0,1.0,0.9230769230769231,0.07692307692307687,-1
"F[1,1]((PaCO2 >= 0.338 | SaO2 <= 16.759) & Magnesium >= 0.191)
",-0.191,-0.191,0.000,0.000,1.000,12,0,0,1,13,0,12,1,0.9230769230769231,0.0,0.0,1.0,0.9230769230769231,0.07692307692307687,-1
"F[0,1](Alkalinephos <= 0.000 & Phosphate >= 0.040)
",-9999999.000,-9999999.000,0.000,0.000,1.000,12,0,0,1,13,0,12,1,0.9230769230769231,0.0,0.0,1.0,0.9230769230769231,0.07692307692307687,-1
"F[0,0](((O2Sat <= 97.622 | SaO2 <= 20.722) & HR >= 2.872) -> BUN >= 1.131)
",-10.962,-21.761,0.000,0.000,1.000,12,0,0,1,13,0,12,1,0.9230769230769231,0.0,0.0,1.0,0.9230769230769231,0.07692307692307687,-1
"G[0,0]((MAP >= 44.980 -> SBP >= 56.798) & O2Sat >= 4.344)
",-6.118,-85.943,0.000,1.000,0.000,12,0,0,1,13,0,12,1,0.9230769230769231,0.0,0.0,1.0,0.9230769230769231,0.07692307692307687,1
"G[0,1](((FiO2 <= 0.165 & FiO2 >= 0.006) -> HCO3 <= 0.165) & HR >= 0.011)
",9999999.000,9999999.000,0.000,1.000,0.000,12,0,0,1,13,0,12,1,0.9230769230769231,0.0,0.0,1.0,0.9230769230769231,0.07692307692307687,1
"G[0,1](((Lactate >= 0.000 | Calcium <= 0.858) | Resp >= 0.196) & SaO2 <= 1.122)
",9999999.000,9999999.000,0.000,1.000,0.000,12,0,0,1,13,0,12,1,0.9230769230769231,0.0,0.0,1.0,0.9230769230769231,0.07692307692307687,1
"G[0,1]((Alkalinephos <= 0.000 | BaseExcess <= 0.000) & Creatinine <= 0.000)
",9999999.000,9999999.000,0.000,1.000,0.000,12,0,0,1,13,0,12,1,0.9230769230769231,0.0,0.0,1.0,0.9230769230769231,0.07692307692307687,1
"G[1,1](Phosphate <= 0.344 & PTT <= 0.000)
",0.000,0.000,0.000,1.000,0.000,12,0,0,1,13,0,12,1,0.9230769230769231,0.0,0.0,1.0,0.9230769230769231,0.07692307692307687,1
"G[0,0]((pH <= 4.988 | Phosphate >= 0.082) -> MAP >= 0.066)
",-9.316,-130.857,0.000,1.000,0.000,12,0,0,1,13,0,12,1,0.9230769230769231,0.0,0.0,1.0,0.9230769230769231,0.07692307692307687,1
"G[0,1](((Phosphate <= 1.275 -> SepsisLabel <= 0.000) -> Phosphate <= 0.000) & Lactate <= 0.000)
",9999999.000,9999999.000,0.000,1.000,0.000,12,0,0,1,13,0,12,1,0.9230769230769231,0.0,0.0,1.0,0.9230769230769231,0.07692307692307687,1
"G[0,1](Calcium <= 6.470 & PTT <= 0.000)
",9999999.000,9999999.000,0.000,1.000,0.000,12,0,0,1,13,0,12,1,0.9230769230769231,0.0,0.0,1.0,0.9230769230769231,0.07692307692307687,1
"G[0,1]((EtCO2 <= 0.000 -> Bilirubin_total >= 0.000) -> SaO2 <= 0.000)
",9999999.000,9999999.000,0.000,1.000,0.000,12,0,0,1,13,0,12,1,0.9230769230769231,0.0,0.0,1.0,0.9230769230769231,0.07692307692307687,1
"G[0,1](Calcium <= 6.565 & AST <= 0.000)
",9999999.000,9999999.000,0.000,1.000,0.000,12,0,0,1,13,0,12,1,0.9230769230769231,0.0,0.0,1.0,0.9230769230769231,0.07692307692307687,1
"G[0,1](SBP >= 6.672 | PaCO2 >= 1.423)
",9999999.000,9999999.000,0.000,1.000,0.000,12,0,0,1,13,0,12,1,0.9230769230769231,0.0,0.0,1.0,0.9230769230769231,0.07692307692307687,1
"G[0,1](((Creatinine >= 0.017 -> SBP <= 134.806) | AST >= 68.624) & Calcium <= 135.496)
",9999999.000,9999999.000,0.000,1.000,0.000,12,0,0,1,13,0,12,1,0.9230769230769231,0.0,0.0,1.0,0.9230769230769231,0.07692307692307687,1
"G[0,1](MAP >= 26.033 & SepsisLabel = 0.000)
",9999999.000,9999999.000,0.000,1.000,0.000,12,0,0,1,13,0,12,1,0.9230769230769231,0.0,0.0,1.0,0.9230769230769231,0.07692307692307687,1
"G[0,1]((FiO2 >= 9.67493570707655e-05 & SaO2 >= 2.745) -> MAP <= 17.657)
",9999999.000,9999999.000,0.000,1.000,0.000,12,0,0,1,13,0,12,1,0.9230769230769231,0.0,0.0,1.0,0.9230769230769231,0.07692307692307687,1
"G[1,1](Lactate >= 0.000 & O2Sat >= 53.373)
",-3755793840284109.500,-53.373,0.000,1.000,0.000,12,0,0,1,13,0,12,1,0.9230769230769231,0.0,0.0,1.0,0.9230769230769231,0.07692307692307687,1
"G[0,1]((O2Sat >= 67.957 & HR >= 60.675) | EtCO2 >= 51.957)
",9999999.000,9999999.000,0.000,1.000,0.000,12,0,0,1,13,0,12,1,0.9230769230769231,0.0,0.0,1.0,0.9230769230769231,0.07692307692307687,1
"G[0,0](Hct >= 0.000 & Resp <= 32.850)
",-5.474,-31.073,0.000,1.000,0.000,12,0,0,1,13,0,12,1,0.9230769230769231,0.0,0.0,1.0,0.9230769230769231,0.07692307692307687,1
"F[0,0]((PaCO2 <= 45.911 & Resp >= 17.550) -> BUN >= 15.133)
",-12.995,-43.811,0.000,0.000,1.000,11,0,0,2,13,0,11,2,0.8461538461538461,0.0,0.0,1.0,0.8461538461538461,0.15384615384615385,-1
"F[0,1]((Magnesium >= 0.053 | BUN >= 0.109) | PaCO2 >= 0.465)
",-9999999.000,-9999999.000,0.000,0.000,1.000,11,0,0,2,13,0,11,2,0.8461538461538461,0.0,0.0,1.0,0.8461538461538461,0.15384615384615385,-1
"G[1,1](Temp <= 10.777 & SepsisLabel >= 0.000)
",0.000,0.000,0.000,1.000,0.000,11,0,0,2,13,0,11,2,0.8461538461538461,0.0,0.0,1.0,0.8461538461538461,0.15384615384615385,1
"F[0,1](((Chloride >= 0.000 -> Potassium >= 0.026) | DBP <= 0.757) & Alkalinephos <= 3.560)
",-9999999.000,-9999999.000,0.000,0.000,1.000,11,0,0,2,13,0,11,2,0.8461538461538461,0.0,0.0,1.0,0.8461538461538461,0.15384615384615385,-1
"F[0,1](((PTT <= 0.000 & Phosphate <= 3.339) | Lactate >= 0.001) -> PaCO2 >= 0.093)
",-9999999.000,-9999999.000,0.000,0.000,1.000,11,0,0,2,13,0,11,2,0.8461538461538461,0.0,0.0,1.0,0.8461538461538461,0.15384615384615385,-1
"F[0,1](((pH <= 5.197 -> Calcium >= 0.200) & Temp <= 0.699) | Lactate >= 0.163)
",-9999999.000,-9999999.000,0.000,0.000,1.000,11,0,0,2,13,0,11,2,0.8461538461538461,0.0,0.0,1.0,0.8461538461538461,0.15384615384615385,-1
"((Temp >= 1.210) U[1,2] (O2Sat >= 62.546))
",-9999999.000,-9999999.000,0.000,0.000,1.000,10,0,0,3,13,0,10,3,0.7692307692307693,0.0,0.0,1.0,0.7692307692307693,0.23076923076923073,-1
"F[0,1]((DBP <= 65.634 -> SBP <= 128.237) -> Temp >= 125.616)
",-9999999.000,-9999999.000,0.000,0.000,1.000,9,0,0,4,13,0,9,4,0.6923076923076923,0.0,0.0,1.0,0.6923076923076923,0.3076923076923077,-1
"((Creatinine >= 0.009) U[0,0] (Glucose >= 16.872))
",-5329579556624767.000,-0.009,0.000,0.000,1.000,9,0,0,4,13,0,9,4,0.6923076923076923,0.0,0.0,1.0,0.6923076923076923,0.3076923076923077,-1
"((MAP >= 10.520) U[0,1] (SBP <= 128.973))
",-9999999.000,-9999999.000,0.000,0.000,1.000,7,0,0,6,13,0,7,6,0.5384615384615384,0.0,0.0,1.0,0.5384615384615384,0.46153846153846156,-1
"F[0,1]((DBP >= 60.640 -> pH >= 0.190) & WBC <= 3.806)
",-9999999.000,-9999999.000,0.000,0.000,1.000,7,0,0,6,13,0,7,6,0.5384615384615384,0.0,0.0,1.0,0.5384615384615384,0.46153846153846156,-1
"((SBP <= 130.262) U[1,2] (Fibrinogen <= 0.000))
",-9999999.000,-9999999.000,0.000,0.000,1.000,7,0,0,6,13,0,7,6,0.5384615384615384,0.0,0.0,1.0,0.5384615384615384,0.46153846153846156,-1
"G[0,0](pH <= 2.854 -> HR <= 82.061)
",-6425927196818246.000,-2.854,0.000,1.000,0.000,7,0,0,6,13,0,7,6,0.5384615384615384,0.0,0.0,1.0,0.5384615384615384,0.46153846153846156,1
"((MAP >= 41.050) U[0,1] (SBP <= 132.299))
",-9999999.000,-9999999.000,0.000,0.000,1.000,6,0,0,7,13,0,6,7,0.46153846153846156,0.0,0.0,1.0,0.46153846153846156,0.5384615384615384,-1
"((MAP >= 23.548) U[0,1] (SBP <= 134.630))
",-9999999.000,-9999999.000,0.000,0.000,1.000,6,0,0,7,13,0,6,7,0.46153846153846156,0.0,0.0,1.0,0.46153846153846156,0.5384615384615384,-1
"F[0,0]((HR >= 14.461 & Temp <= 33.035) -> Glucose >= 0.216)
",7784016809397743.000,0.216,0.000,0.000,1.000,6,0,0,7,13,0,6,7,0.46153846153846156,0.0,0.0,1.0,0.46153846153846156,0.5384615384615384,-1
"G[0,0](((PTT <= 0.000 & DBP <= 67.693) & DBP <= 62.278) | SBP <= 65.371)
",6.342,62.525,0.000,1.000,0.000,5,0,0,8,13,0,5,8,0.38461538461538464,0.0,0.0,1.0,0.38461538461538464,0.6153846153846154,1
"F[0,1](Resp <= 26.038 -> SBP <= 126.661)
",-9999999.000,-9999999.000,0.000,0.000,1.000,5,0,0,8,13,0,5,8,0.38461538461538464,0.0,0.0,1.0,0.38461538461538464,0.6153846153846154,-1
"G[0,1]((O2Sat <= 91.636 & BaseExcess <= 0.000) & EtCO2 <= 0.000)
",9999999.000,9999999.000,0.000,1.000,0.000,4,0,0,9,13,0,4,9,0.3076923076923077,0.0,0.0,1.0,0.3076923076923077,0.6923076923076923,1
"F[0,0](((Glucose >= 2.011 & Resp >= 24.397) | O2Sat <= 31.794) -> PTT >= 22.717)
",2.011,2.011,0.000,0.000,1.000,4,0,0,9,13,0,4,9,0.3076923076923077,0.0,0.0,1.0,0.3076923076923077,0.6923076923076923,-1
"F[0,0](Bilirubin_direct <= 0.000 & Resp <= 27.171)
",-6.474,-36.752,0.000,0.000,1.000,3,0,0,10,13,0,3,10,0.23076923076923078,0.0,0.0,1.0,0.23076923076923078,0.7692307692307692,-1
"F[1,1]((HR <= 86.990 -> pH >= 0.120) -> BaseExcess >= 0.187)
",3374992701226625.000,0.187,0.000,0.000,1.000,3,0,0,10,13,0,3,10,0.23076923076923078,0.0,0.0,1.0,0.23076923076923078,0.7692307692307692,-1
"((Glucose <= 113.847) U[1,2] (PaCO2 <= 25.683))
",-9999999.000,-9999999.000,0.000,0.000,1.000,3,0,0,10,13,0,3,10,0.23076923076923078,0.0,0.0,1.0,0.23076923076923078,0.7692307692307692,-1
"F[1,1]((Fibrinogen >= 0.000 -> O2Sat <= 95.291) | Calcium >= 28.475)
",-4007438193828450.500,-28.475,0.000,0.000,1.000,2,0,0,11,13,0,2,11,0.15384615384615385,0.0,0.0,1.0,0.15384615384615385,0.8461538461538461,-1
"F[1,1](((FiO2 >= 0.000 & Temp <= 36.450) | Magnesium >= 2.699) | BaseExcess >= 1.352)
",-6364495231893761.000,-0.000,0.000,0.000,1.000,2,0,0,11,13,0,2,11,0.15384615384615385,0.0,0.0,1.0,0.15384615384615385,0.8461538461538461,-1
"G[0,0](((pH >= 0.265 & Temp <= 33.399) | Alkalinephos >= 0.330) | DBP <= 10.127)
",-0.330,-0.330,0.000,1.000,0.000,2,0,0,11,13,0,2,11,0.15384615384615385,0.0,0.0,1.0,0.15384615384615385,0.8461538461538461,1
"G[0,0](((PaCO2 >= 1.634 -> HR <= 98.991) & TroponinI <= 80.571) & Temp >= 20.940)
",7359642310615999.000,1.634,0.000,1.000,0.000,2,0,0,11,13,0,2,11,0.15384615384615385,0.0,0.0,1.0,0.15384615384615385,0.8461538461538461,1
"G[1,1](Calcium >= 0.267 | Phosphate >= 0.088)
",-0.088,-0.088,0.000,1.000,0.000,1,0,0,12,13,0,1,12,0.07692307692307693,0.0,0.0,1.0,0.07692307692307693,0.9230769230769231,1
"G[0,0](SaO2 <= 43.223 -> PaCO2 >= 0.009)
",-43.223,-43.223,0.000,1.000,0.000,1,0,0,12,13,0,1,12,0.07692307692307693,0.0,0.0,1.0,0.07692307692307693,0.9230769230769231,1
"G[0,1](((HCO3 >= 0.000 | pH <= 0.337) -> Fibrinogen <= 2.316) & O2Sat <= 2.355)
",9999999.000,9999999.000,0.000,1.000,0.000,1,0,0,12,13,0,1,12,0.07692307692307693,0.0,0.0,1.0,0.07692307692307693,0.9230769230769231,1
"G[1,1](Lactate >= 0.000 & Glucose >= 18.897)
",-18.897,-18.897,0.000,1.000,0.000,1,0,0,12,13,0,1,12,0.07692307692307693,0.0,0.0,1.0,0.07692307692307693,0.9230769230769231,1
"G[0,1](((Bilirubin_total >= 0.000 & Creatinine >= 0.013) | Bilirubin_direct <= 0.493) & O2Sat <= 0.520)
",9999999.000,9999999.000,0.000,1.000,0.000,1,0,0,12,13,0,1,12,0.07692307692307693,0.0,0.0,1.0,0.07692307692307693,0.9230769230769231,1
"F[1,1](((PaCO2 <= 11.505 -> Creatinine <= 0.222) | Temp >= 0.009) | O2Sat <= 0.244)
",4389623216520272.500,0.244,0.000,0.000,1.000,1,0,0,12,13,0,1,12,0.07692307692307693,0.0,0.0,1.0,0.07692307692307693,0.9230769230769231,-1
"F[1,1]((Phosphate >= 0.078 & Magnesium > 0.066) -> Calcium < 2.008)
",-4521109102260162.000,-2.008,0.000,0.000,1.000,1,0,0,12,13,0,1,12,0.07692307692307693,0.0,0.0,1.0,0.07692307692307693,0.9230769230769231,-1
"((PaCO2 >= 1.169) U[0,1] (O2Sat >= 12.394))
",-9999999.000,-9999999.000,0.000,0.000,1.000,1,0,0,12,13,0,1,12,0.07692307692307693,0.0,0.0,1.0,0.07692307692307693,0.9230769230769231,-1
"F[1,1]((Phosphate >= 0.066 & Magnesium > 0.029) -> Calcium < 9.347)
",-2630971702165129.000,-9.347,0.000,0.000,1.000,1,0,0,12,13,0,1,12,0.07692307692307693,0.0,0.0,1.0,0.07692307692307693,0.9230769230769231,-1
"F[1,1](((Creatinine <= 0.458 & Potassium <= 2.346) & Magnesium <= 0.525) & HR >= 0.045)
",-0.045,-0.045,0.000,0.000,1.000,1,0,0,12,13,0,1,12,0.07692307692307693,0.0,0.0,1.0,0.07692307692307693,0.9230769230769231,-1
"((Potassium <= 0.273) U[1,1] (BUN <= 0.598))
",5388858480038345.000,0.598,0.000,0.000,1.000,1,0,0,12,13,0,1,12,0.07692307692307693,0.0,0.0,1.0,0.07692307692307693,0.9230769230769231,-1
"F[0,1](((Magnesium <= 0.475 -> O2Sat <= 93.662) & EtCO2 <= 86.634) & Magnesium <= 89.471)
",-9999999.000,-9999999.000,0.000,0.000,1.000,1,0,0,12,13,0,1,12,0.07692307692307693,0.0,0.0,1.0,0.07692307692307693,0.9230769230769231,-1
"F[1,1](((Resp <= 28.389 & Platelets >= 0.000) & Platelets >= 0.000) & Phosphate >= 0.000)
",0.000,0.000,0.000,0.000,1.000,1,0,0,12,13,0,1,12,0.07692307692307693,0.0,0.0,1.0,0.07692307692307693,0.9230769230769231,-1
"F[0,0]((Phosphate <= 2.011 | SepsisLabel <= 0.000) & SaO2 <= 0.000)
",0.000,0.000,0.000,0.000,1.000,1,0,0,12,13,0,1,12,0.07692307692307693,0.0,0.0,1.0,0.07692307692307693,0.9230769230769231,-1
"((SepsisLabel <= 0.000) U[0,0] (pH <= 7.283))
",2733263489144681.000,7.283,0.000,0.000,1.000,1,0,0,12,13,0,1,12,0.07692307692307693,0.0,0.0,1.0,0.07692307692307693,0.9230769230769231,-1
"((pH >= 0.071) U[0,1] (Resp <= 32.344))
",-9999999.000,-9999999.000,0.000,0.000,1.000,1,0,0,12,13,0,1,12,0.07692307692307693,0.0,0.0,1.0,0.07692307692307693,0.9230769230769231,-1
"G[1,1]((BUN >= 0.461 | Creatinine >= 0.015) & Hct <= 0.459)
",-8647931617848591.000,-0.015,0.000,1.000,0.000,1,0,0,12,13,0,1,12,0.07692307692307693,0.0,0.0,1.0,0.07692307692307693,0.9230769230769231,1
"((Creatinine <= 0.376) U[0,1] (Resp <= 29.396))
",-9999999.000,-9999999.000,0.000,0.000,1.000,1,0,0,12,13,0,1,12,0.07692307692307693,0.0,0.0,1.0,0.07692307692307693,0.9230769230769231,-1
"((Platelets <= 0.000) U[0,1] (Alkalinephos <= 0.000))
",-9999999.000,-9999999.000,0.000,0.000,1.000,0,0,0,13,13,0,0,13,0.0,0.0,0.0,0.0,0.0,1.0,-1
"F[0,1](((TroponinI >= 0.000 & Hct >= 0.000) & AST >= 0.000) -> SaO2 <= 0.000)
",-9999999.000,-9999999.000,0.000,0.000,1.000,0,0,0,13,13,0,0,13,0.0,0.0,0.0,0.0,0.0,1.0,-1
"F[0,2](Bilirubin_total > 0.000 & SepsisLabel = 0.000)
",-9999999.000,-9999999.000,0.000,0.000,1.000,0,0,0,13,13,0,0,13,0.0,0.0,0.0,0.0,0.0,1.0,-1
"F[1,2](SaO2 >= 0.838 & SepsisLabel = 0.000)
",-9999999.000,-9999999.000,0.000,0.000,1.000,0,0,0,13,13,0,0,13,0.0,0.0,0.0,0.0,0.0,1.0,-1
"((EtCO2 <= 0.000) U[0,1] (SepsisLabel = 0.000))
",-9999999.000,-9999999.000,0.000,0.000,1.000,0,0,0,13,13,0,0,13,0.0,0.0,0.0,0.0,0.0,1.0,-1
"F[0,2](Resp < 32.853 -> SepsisLabel = 0.000)
",-9999999.000,-9999999.000,0.000,0.000,1.000,0,0,0,13,13,0,0,13,0.0,0.0,0.0,0.0,0.0,1.0,-1
"((Potassium > 0.008) U[0,2] (SepsisLabel = 0.000))
",-9999999.000,-9999999.000,0.000,0.000,1.000,0,0,0,13,13,0,0,13,0.0,0.0,0.0,0.0,0.0,1.0,-1
"((MAP < 93.876) U[0,0] (SepsisLabel = 0.000))
",0.000,0.000,0.000,0.000,1.000,0,0,0,13,13,0,0,13,0.0,0.0,0.0,0.0,0.0,1.0,-1
"((HR > 31.593) U[0,1] (SepsisLabel = 0.000))
",-9999999.000,-9999999.000,0.000,0.000,1.000,0,0,0,13,13,0,0,13,0.0,0.0,0.0,0.0,0.0,1.0,-1
"((Fibrinogen < 0.000) U[0,1] (SepsisLabel = 0.000))
",-9999999.000,-9999999.000,0.000,0.000,1.000,0,0,0,13,13,0,0,13,0.0,0.0,0.0,0.0,0.0,1.0,-1
"((EtCO2 >= 0.000) U[1,2] (SepsisLabel = 0.000))
",-9999999.000,-9999999.000,0.000,0.000,1.000,0,0,0,13,13,0,0,13,0.0,0.0,0.0,0.0,0.0,1.0,-1
"((Potassium > 0.051) U[0,0] (SepsisLabel = 0.000))
",0.000,0.000,0.000,0.000,1.000,0,0,0,13,13,0,0,13,0.0,0.0,0.0,0.0,0.0,1.0,-1
"F[2,2](DBP >= 44.978 -> SepsisLabel = 0.000)
",0.000,0.000,0.000,0.000,1.000,0,0,0,13,13,0,0,13,0.0,0.0,0.0,0.0,0.0,1.0,-1
"((MAP <= 97.009) U[0,2] (SepsisLabel = 0.000))
",-9999999.000,-9999999.000,0.000,0.000,1.000,0,0,0,13,13,0,0,13,0.0,0.0,0.0,0.0,0.0,1.0,-1
"((TroponinI <= 0.000) U[0,2] (SepsisLabel = 0.000))
",-9999999.000,-9999999.000,0.000,0.000,1.000,0,0,0,13,13,0,0,13,0.0,0.0,0.0,0.0,0.0,1.0,-1
"((Lactate <= 0.000) U[0,0] (SepsisLabel = 0.000))
",0.000,0.000,0.000,0.000,1.000,0,0,0,13,13,0,0,13,0.0,0.0,0.0,0.0,0.0,1.0,-1
"((Phosphate <= 1.042) U[0,1] (SepsisLabel = 0.000))
",-9999999.000,-9999999.000,0.000,0.000,1.000,0,0,0,13,13,0,0,13,0.0,0.0,0.0,0.0,0.0,1.0,-1
"F[1,2](Potassium > 0.097 & SepsisLabel = 0.000)
",-9999999.000,-9999999.000,0.000,0.000,1.000,0,0,0,13,13,0,0,13,0.0,0.0,0.0,0.0,0.0,1.0,-1
"((MAP >= 45.704) U[0,2] (SBP <= 126.620))
",-9999999.000,-9999999.000,0.000,0.000,1.000,0,0,0,13,13,0,0,13,0.0,0.0,0.0,0.0,0.0,1.0,-1
"F[1,2](SaO2 >= 3.032 -> SepsisLabel = 0.000)
",-9999999.000,-9999999.000,0.000,0.000,1.000,0,0,0,13,13,0,0,13,0.0,0.0,0.0,0.0,0.0,1.0,-1
"F[1,2](O2Sat < 97.176 -> SepsisLabel = 0.000)
",-9999999.000,-9999999.000,0.000,0.000,1.000,0,0,0,13,13,0,0,13,0.0,0.0,0.0,0.0,0.0,1.0,-1
"F[1,2]((Calcium <= 7.106 & Resp >= 4.353) -> TroponinI <= 30.222)
",-9999999.000,-9999999.000,0.000,0.000,1.000,0,0,0,13,13,0,0,13,0.0,0.0,0.0,0.0,0.0,1.0,-1
"((Lactate <= 0.000) U[1,2] (Bilirubin_direct <= 0.000))
",-9999999.000,-9999999.000,0.000,0.000,1.000,0,0,0,13,13,0,0,13,0.0,0.0,0.0,0.0,0.0,1.0,-1
"((DBP <= 68.942) U[0,2] (Hgb <= 0.000))
",-9999999.000,-9999999.000,0.000,0.000,1.000,0,0,0,13,13,0,0,13,0.0,0.0,0.0,0.0,0.0,1.0,-1
"F[1,2](Platelets <= 0.000 -> BUN <= 1.267)
",-9999999.000,-9999999.000,0.000,0.000,1.000,0,0,0,13,13,0,0,13,0.0,0.0,0.0,0.0,0.0,1.0,-1
"F[1,2](Chloride <= 0.000 | SepsisLabel <= 0.000)
",-9999999.000,-9999999.000,0.000,0.000,1.000,0,0,0,13,13,0,0,13,0.0,0.0,0.0,0.0,0.0,1.0,-1
"F[0,2](EtCO2 <= 0.000 | WBC >= 0.000)
",-9999999.000,-9999999.000,0.000,0.000,1.000,0,0,0,13,13,0,0,13,0.0,0.0,0.0,0.0,0.0,1.0,-1
"F[1,2](((DBP <= 65.860 | Fibrinogen <= 0.000) & Calcium >= 0.000) -> SepsisLabel <= 0.000)
",-9999999.000,-9999999.000,0.000,0.000,1.000,0,0,0,13,13,0,0,13,0.0,0.0,0.0,0.0,0.0,1.0,-1
"F[0,2]((PaCO2 >= 1.499 & SepsisLabel <= 0.000) | Chloride >= 0.000)
",-9999999.000,-9999999.000,0.000,0.000,1.000,0,0,0,13,13,0,0,13,0.0,0.0,0.0,0.0,0.0,1.0,-1
"F[0,2](((Phosphate <= 0.461 & SaO2 >= 2.764) & Hgb >= 1.451) | SBP >= 1.527)
",-9999999.000,-9999999.000,0.000,0.000,1.000,0,0,0,13,13,0,0,13,0.0,0.0,0.0,0.0,0.0,1.0,-1
"F[1,2]((Hgb >= 0.000 & O2Sat <= 95.495) | PTT <= 89.526)
",-9999999.000,-9999999.000,0.000,0.000,1.000,0,0,0,13,13,0,0,13,0.0,0.0,0.0,0.0,0.0,1.0,-1
"F[2,2](EtCO2 >= 0.000 | PaCO2 >= 2.848)
",0.000,0.000,0.000,0.000,1.000,0,0,0,13,13,0,0,13,0.0,0.0,0.0,0.0,0.0,1.0,-1
"F[0,1]((DBP >= 32.090 | HR >= 44.706) | SaO2 <= 91.652)
",-9999999.000,-9999999.000,0.000,0.000,1.000,0,0,0,13,13,0,0,13,0.0,0.0,0.0,0.0,0.0,1.0,-1
"F[2,2]((AST >= 0.000 -> Creatinine <= 0.394) -> Fibrinogen >= 0.011)
",3313989594357145.000,0.011,0.000,0.000,1.000,0,0,0,13,13,0,0,13,0.0,0.0,0.0,0.0,0.0,1.0,-1
"F[1,2](TroponinI <= 0.000 & Platelets >= 0.000)
",-9999999.000,-9999999.000,0.000,0.000,1.000,0,0,0,13,13,0,0,13,0.0,0.0,0.0,0.0,0.0,1.0,-1
"F[2,2](((Temp >= 3.135 -> Lactate <= 0.000) -> Chloride >= 0.000) & Magnesium <= 0.000)
",0.000,0.000,0.000,0.000,1.000,0,0,0,13,13,0,0,13,0.0,0.0,0.0,0.0,0.0,1.0,-1
"F[0,1]((Potassium <= 2.239 | HR <= 93.948) | Calcium >= 8.504)
",-9999999.000,-9999999.000,0.000,0.000,1.000,0,0,0,13,13,0,0,13,0.0,0.0,0.0,0.0,0.0,1.0,-1
"F[0,2](((FiO2 >= 0.003 -> SaO2 <= 25.329) -> Alkalinephos >= 2.449) | PTT >= 1.503)
",-9999999.000,-9999999.000,0.000,0.000,1.000,0,0,0,13,13,0,0,13,0.0,0.0,0.0,0.0,0.0,1.0,-1
"F[2,2](Temp <= 34.619 & Bilirubin_direct <= 0.000)
",0.000,0.000,0.000,0.000,1.000,0,0,0,13,13,0,0,13,0.0,0.0,0.0,0.0,0.0,1.0,-1
"((SaO2 >= 1.465) U[1,2] (pH >= 0.108))
",-9999999.000,-9999999.000,0.000,0.000,1.000,0,0,0,13,13,0,0,13,0.0,0.0,0.0,0.0,0.0,1.0,-1
"F[0,2](Glucose >= 14.229 -> Platelets <= 0.000)
",-9999999.000,-9999999.000,0.000,0.000,1.000,0,0,0,13,13,0,0,13,0.0,0.0,0.0,0.0,0.0,1.0,-1
"((AST <= 0.000) U[1,2] (SBP >= 71.898))
",-9999999.000,-9999999.000,0.000,0.000,1.000,0,0,0,13,13,0,0,13,0.0,0.0,0.0,0.0,0.0,1.0,-1
"F[0,2](((PaCO2 >= 1.725 -> Resp <= 32.109) -> MAP <= 25.976) & Platelets <= 24.596)
",-9999999.000,-9999999.000,0.000,0.000,1.000,0,0,0,13,13,0,0,13,0.0,0.0,0.0,0.0,0.0,1.0,-1
"F[0,2](((HCO3 >= 0.000 | Fibrinogen >= 0.000) | Resp >= 0.000) & Fibrinogen <= 0.000)
",-9999999.000,-9999999.000,0.000,0.000,1.000,0,0,0,13,13,0,0,13,0.0,0.0,0.0,0.0,0.0,1.0,-1
"G[0,2](Potassium >= 0.121 & SepsisLabel = 0.000)
",9999999.000,9999999.000,0.000,1.000,0.000,0,0,0,13,13,0,0,13,0.0,0.0,0.0,0.0,0.0,1.0,1
"((Bilirubin_direct <= 0.000) U[0,2] (pH <= 6.940))
",-9999999.000,-9999999.000,0.000,0.000,1.000,0,0,0,13,13,0,0,13,0.0,0.0,0.0,0.0,0.0,1.0,-1
"F[1,2]((PTT <= 0.000 -> SaO2 >= 2.456) & Hgb <= 6.349)
",-9999999.000,-9999999.000,0.000,0.000,1.000,0,0,0,13,13,0,0,13,0.0,0.0,0.0,0.0,0.0,1.0,-1
"F[0,1](((DBP >= 30.732 & Phosphate <= 3.032) -> HCO3 <= 2.043) | Lactate >= 0.002)
",-9999999.000,-9999999.000,0.000,0.000,1.000,0,0,0,13,13,0,0,13,0.0,0.0,0.0,0.0,0.0,1.0,-1
"F[0,1](((Platelets >= 0.000 & EtCO2 >= 0.000) & Platelets >= 0.000) | SaO2 <= 0.000)
",-9999999.000,-9999999.000,0.000,0.000,1.000,0,0,0,13,13,0,0,13,0.0,0.0,0.0,0.0,0.0,1.0,-1
"F[0,1](((O2Sat <= 86.686 -> Lactate >= 0.000) & Chloride <= 0.000) | O2Sat <= 0.000)
",-9999999.000,-9999999.000,0.000,0.000,1.000,0,0,0,13,13,0,0,13,0.0,0.0,0.0,0.0,0.0,1.0,-1
"F[0,2]((Hgb <= 0.000 & TroponinI >= 0.000) -> Magnesium >= 0.000)
",-9999999.000,-9999999.000,0.000,0.000,1.000,0,0,0,13,13,0,0,13,0.0,0.0,0.0,0.0,0.0,1.0,-1
"F[0,2](((pH >= 0.110 & SaO2 >= 2.088) & AST >= 0.325) -> Hct <= 69.758)
",-9999999.000,-9999999.000,0.000,0.000,1.000,0,0,0,13,13,0,0,13,0.0,0.0,0.0,0.0,0.0,1.0,-1
"F[0,1](((FiO2 >= 0.006 -> PTT >= 0.000) & Magnesium <= 0.000) -> BaseExcess <= 0.000)
",-9999999.000,-9999999.000,0.000,0.000,1.000,0,0,0,13,13,0,0,13,0.0,0.0,0.0,0.0,0.0,1.0,-1
"((Fibrinogen >= 0.000) U[0,2] (Platelets <= 0.000))
",-9999999.000,-9999999.000,0.000,0.000,1.000,0,0,0,13,13,0,0,13,0.0,0.0,0.0,0.0,0.0,1.0,-1
"F[0,2](((Fibrinogen <= 0.000 -> Phosphate >= 0.084) -> Hgb <= 2.043) & Bilirubin_total <= 0.176)
",-9999999.000,-9999999.000,0.000,0.000,1.000,0,0,0,13,13,0,0,13,0.0,0.0,0.0,0.0,0.0,1.0,-1
"F[1,2]((TroponinI >= 0.000 & TroponinI >= 0.000) & Chloride <= 0.000)
",-9999999.000,-9999999.000,0.000,0.000,1.000,0,0,0,13,13,0,0,13,0.0,0.0,0.0,0.0,0.0,1.0,-1
"F[0,2]((Resp <= 27.430 | Phosphate <= 3.108) -> PTT >= 0.072)
",-9999999.000,-9999999.000,0.000,0.000,1.000,0,0,0,13,13,0,0,13,0.0,0.0,0.0,0.0,0.0,1.0,-1
"F[1,2](((Lactate >= 0.000 | SBP >= 63.479) & Alkalinephos <= 135.468) -> EtCO2 >= 43.801)
",-9999999.000,-9999999.000,0.000,0.000,1.000,0,0,0,13,13,0,0,13,0.0,0.0,0.0,0.0,0.0,1.0,-1
"F[1,2]((DBP >= 13.847 | pH <= 0.663) & Fibrinogen >= 0.098)
",-9999999.000,-9999999.000,0.000,0.000,1.000,0,0,0,13,13,0,0,13,0.0,0.0,0.0,0.0,0.0,1.0,-1
"F[0,2]((PTT <= 0.000 -> WBC >= 0.000) | O2Sat >= 0.000)
",-9999999.000,-9999999.000,0.000,0.000,1.000,0,0,0,13,13,0,0,13,0.0,0.0,0.0,0.0,0.0,1.0,-1
"F[1,2](((Fibrinogen >= 0.000 & PTT <= 0.000) & Magnesium >= 0.000) & pH <= 0.000)
",-9999999.000,-9999999.000,0.000,0.000,1.000,0,0,0,13,13,0,0,13,0.0,0.0,0.0,0.0,0.0,1.0,-1
"F[0,1](((Resp >= 15.017 | Lactate >= 0.000) -> Chloride <= 0.000) | Bilirubin_direct <= 0.000)
",-9999999.000,-9999999.000,0.000,0.000,1.000,0,0,0,13,13,0,0,13,0.0,0.0,0.0,0.0,0.0,1.0,-1
"F[0,1](((AST >= 0.000 & Potassium >= 0.129) & Hgb <= 2.858) | BaseExcess <= 1.782)
",-9999999.000,-9999999.000,0.000,0.000,1.000,0,0,0,13,13,0,0,13,0.0,0.0,0.0,0.0,0.0,1.0,-1
"F[2,2]((Creatinine <= 0.413 & Platelets <= 0.000) & HR <= 0.000)
",0.000,0.000,0.000,0.000,1.000,0,0,0,13,13,0,0,13,0.0,0.0,0.0,0.0,0.0,1.0,-1
"F[0,0](((SaO2 <= 56.788 -> TroponinI <= 0.000) -> HCO3 >= 0.000) | pH <= 0.000)
",0.000,0.000,0.000,0.000,1.000,0,0,0,13,13,0,0,13,0.0,0.0,0.0,0.0,0.0,1.0,-1
"F[1,2]((PTT <= 0.000 | Calcium <= 1.274) | Fibrinogen <= 1.507)
",-9999999.000,-9999999.000,0.000,0.000,1.000,0,0,0,13,13,0,0,13,0.0,0.0,0.0,0.0,0.0,1.0,-1
"F[1,1](((Magnesium <= 0.190 & Hct <= 0.000) | HCO3 >= 0.000) | Chloride <= 0.000)
",0.000,0.000,0.000,0.000,1.000,0,0,0,13,13,0,0,13,0.0,0.0,0.0,0.0,0.0,1.0,-1
"((SepsisLabel <= 0.000) U[2,2] (Lactate <= 0.000))
",0.000,0.000,0.000,0.000,1.000,0,0,0,13,13,0,0,13,0.0,0.0,0.0,0.0,0.0,1.0,-1
"F[2,2]((Hct <= 0.000 & Chloride <= 0.000) & PTT <= 0.000)
",0.000,0.000,0.000,0.000,1.000,0,0,0,13,13,0,0,13,0.0,0.0,0.0,0.0,0.0,1.0,-1
"F[0,2]((Creatinine <= 0.169 -> Hct <= 0.000) | SBP >= 0.000)
",-9999999.000,-9999999.000,0.000,0.000,1.000,0,0,0,13,13,0,0,13,0.0,0.0,0.0,0.0,0.0,1.0,-1
"((Lactate >= 0.000) U[0,1] (Alkalinephos <= 0.000))
",-9999999.000,-9999999.000,0.000,0.000,1.000,0,0,0,13,13,0,0,13,0.0,0.0,0.0,0.0,0.0,1.0,-1
"((pH <= 3.562) U[1,2] (Phosphate >= 0.042))
",-9999999.000,-9999999.000,0.000,0.000,1.000,0,0,0,13,13,0,0,13,0.0,0.0,0.0,0.0,0.0,1.0,-1
"((EtCO2 >= 0.000) U[1,1] (Lactate <= 0.000))
",0.000,0.000,0.000,0.000,1.000,0,0,0,13,13,0,0,13,0.0,0.0,0.0,0.0,0.0,1.0,-1
"((Potassium <= 0.176) U[1,2] (SBP >= 89.941))
",-9999999.000,-9999999.000,0.000,0.000,1.000,0,0,0,13,13,0,0,13,0.0,0.0,0.0,0.0,0.0,1.0,-1
"F[2,2](((Bilirubin_direct >= 0.000 | Creatinine <= 0.191) | BaseExcess <= 0.143) & BUN >= 0.019)
",-0.019,-0.019,0.000,0.000,1.000,0,0,0,13,13,0,0,13,0.0,0.0,0.0,0.0,0.0,1.0,-1
"F[1,2](AST <= 0.000 -> TroponinI >= 0.000)
",-9999999.000,-9999999.000,0.000,0.000,1.000,0,0,0,13,13,0,0,13,0.0,0.0,0.0,0.0,0.0,1.0,-1
"F[1,2]((O2Sat >= 32.120 -> Phosphate <= 2.876) | MAP >= 0.054)
",-9999999.000,-9999999.000,0.000,0.000,1.000,0,0,0,13,13,0,0,13,0.0,0.0,0.0,0.0,0.0,1.0,-1
"F[1,2](((Platelets >= 0.000 & EtCO2 >= 0.000) & Magnesium <= 0.000) -> Magnesium <= 0.000)
",-9999999.000,-9999999.000,0.000,0.000,1.000,0,0,0,13,13,0,0,13,0.0,0.0,0.0,0.0,0.0,1.0,-1
"F[2,2](((AST <= 0.000 -> Glucose <= 153.402) -> Fibrinogen >= 21.821) & Hct >= 13.362)
",-7522250437828049.000,-13.362,0.000,0.000,1.000,0,0,0,13,13,0,0,13,0.0,0.0,0.0,0.0,0.0,1.0,-1
"F[1,1](Hgb <= 0.000 | Platelets <= 0.000)
",0.000,0.000,0.000,0.000,1.000,0,0,0,13,13,0,0,13,0.0,0.0,0.0,0.0,0.0,1.0,-1
"F[2,2](Alkalinephos <= 0.000 -> Potassium <= 2.442)
",-5499036443628966.000,-2.442,0.000,0.000,1.000,0,0,0,13,13,0,0,13,0.0,0.0,0.0,0.0,0.0,1.0,-1
"F[1,1](Alkalinephos <= 0.000 -> Chloride <= 0.000)
",0.000,0.000,0.000,0.000,1.000,0,0,0,13,13,0,0,13,0.0,0.0,0.0,0.0,0.0,1.0,-1
"F[0,1](HR <= 98.200 -> Platelets <= 0.000)
",-9999999.000,-9999999.000,0.000,0.000,1.000,0,0,0,13,13,0,0,13,0.0,0.0,0.0,0.0,0.0,1.0,-1
"F[0,1](Alkalinephos <= 0.000 & PTT <= 0.000)
",-9999999.000,-9999999.000,0.000,0.000,1.000,0,0,0,13,13,0,0,13,0.0,0.0,0.0,0.0,0.0,1.0,-1
"((Calcium <= 7.133) U[1,2] (Magnesium >= 0.086))
",-9999999.000,-9999999.000,0.000,0.000,1.000,0,0,0,13,13,0,0,13,0.0,0.0,0.0,0.0,0.0,1.0,-1
"F[2,2](Potassium <= 2.027 | pH >= 0.203)
",2.027,2.027,0.000,0.000,1.000,0,0,0,13,13,0,0,13,0.0,0.0,0.0,0.0,0.0,1.0,-1
"F[1,1](((Potassium >= 0.136 | HCO3 <= 0.000) | Bilirubin_total >= 0.000) -> Bilirubin_direct >= 0.000)
",0.000,0.000,0.000,0.000,1.000,0,0,0,13,13,0,0,13,0.0,0.0,0.0,0.0,0.0,1.0,-1
"F[0,1](((HCO3 >= 0.000 & PTT >= 0.000) -> Potassium >= 0.000) & Alkalinephos >= 0.000)
",-9999999.000,-9999999.000,0.000,0.000,1.000,0,0,0,13,13,0,0,13,0.0,0.0,0.0,0.0,0.0,1.0,-1
"F[2,2](((Phosphate <= 0.299 -> Chloride <= 0.000) -> HCO3 >= 0.000) & Temp >= 0.000)
",0.000,0.000,0.000,0.000,1.000,0,0,0,13,13,0,0,13,0.0,0.0,0.0,0.0,0.0,1.0,-1
"F[0,2]((SaO2 >= 2.893 -> MAP <= 96.771) -> O2Sat <= 93.915)
",-9999999.000,-9999999.000,0.000,0.000,1.000,0,0,0,13,13,0,0,13,0.0,0.0,0.0,0.0,0.0,1.0,-1
"((Hct >= 0.000) U[0,0] (Calcium <= 4.104))
",4620725328352087.000,4.104,0.000,0.000,1.000,0,0,0,13,13,0,0,13,0.0,0.0,0.0,0.0,0.0,1.0,-1
"F[0,2](((HCO3 <= 0.000 -> SepsisLabel <= 0.000) & HR <= 0.000) -> Hct >= 0.000)
",-9999999.000,-9999999.000,0.000,0.000,1.000,0,0,0,13,13,0,0,13,0.0,0.0,0.0,0.0,0.0,1.0,-1
"F[0,0]((pH >= 0.261 -> DBP >= 0.868) & BaseExcess <= 72.586)
",-10.844,-87.978,0.000,0.000,1.000,0,0,0,13,13,0,0,13,0.0,0.0,0.0,0.0,0.0,1.0,-1
"F[0,2](Creatinine <= 0.176 & BaseExcess >= 0.000)
",-9999999.000,-9999999.000,0.000,0.000,1.000,0,0,0,13,13,0,0,13,0.0,0.0,0.0,0.0,0.0,1.0,-1
"F[1,1](((Resp >= 10.749 & Temp <= 14.405) -> Bilirubin_total >= 0.091) | Bilirubin_direct <= 21.573)
",6072268575288831.000,21.573,0.000,0.000,1.000,0,0,0,13,13,0,0,13,0.0,0.0,0.0,0.0,0.0,1.0,-1
"F[0,0]((Alkalinephos <= 0.000 & SBP >= 15.664) | O2Sat <= 142.473)
",6.852,60.627,0.000,0.000,1.000,0,0,0,13,13,0,0,13,0.0,0.0,0.0,0.0,0.0,1.0,-1
"F[2,2]((BUN <= 11.386 | Creatinine >= 0.008) & Hgb >= 0.013)
",-7288665605133169.000,-0.013,0.000,0.000,1.000,0,0,0,13,13,0,0,13,0.0,0.0,0.0,0.0,0.0,1.0,-1
"F[1,2]((SepsisLabel <= 0.000 & MAP <= 93.557) | BaseExcess <= 96.939)
",-9999999.000,-9999999.000,0.000,0.000,1.000,0,0,0,13,13,0,0,13,0.0,0.0,0.0,0.0,0.0,1.0,-1
"F[0,1](SepsisLabel >= 0.000 -> BUN <= 14.156)
",-9999999.000,-9999999.000,0.000,0.000,1.000,0,0,0,13,13,0,0,13,0.0,0.0,0.0,0.0,0.0,1.0,-1
"F[0,1](Glucose <= 43.879 | Bilirubin_direct >= 0.000)
",-9999999.000,-9999999.000,0.000,0.000,1.000,0,0,0,13,13,0,0,13,0.0,0.0,0.0,0.0,0.0,1.0,-1
"((Chloride >= 0.000) U[2,2] (Creatinine >= 0.010))
",0.000,0.000,0.000,0.000,1.000,0,0,0,13,13,0,0,13,0.0,0.0,0.0,0.0,0.0,1.0,-1
"F[1,2](pH <= 2.594 & Bilirubin_direct <= 0.000)
",-9999999.000,-9999999.000,0.000,0.000,1.000,0,0,0,13,13,0,0,13,0.0,0.0,0.0,0.0,0.0,1.0,-1
"F[0,2]((PaCO2 <= 6.383 & SBP <= 136.025) & SepsisLabel >= 54.695)
",-9999999.000,-9999999.000,0.000,0.000,1.000,0,0,0,13,13,0,0,13,0.0,0.0,0.0,0.0,0.0,1.0,-1
"((Calcium <= 9.267) U[0,2] (Potassium >= 0.007))
",-9999999.000,-9999999.000,0.000,0.000,1.000,0,0,0,13,13,0,0,13,0.0,0.0,0.0,0.0,0.0,1.0,-1
"F[2,2]((Glucose >= 10.867 -> Potassium >= 0.100) -> AST >= 0.134)
",-7219049080814421.000,-0.100,0.000,0.000,1.000,0,0,0,13,13,0,0,13,0.0,0.0,0.0,0.0,0.0,1.0,-1
"((HCO3 <= 0.000) U[0,2] (PaCO2 <= 31.862))
",-9999999.000,-9999999.000,0.000,0.000,1.000,0,0,0,13,13,0,0,13,0.0,0.0,0.0,0.0,0.0,1.0,-1
"F[0,0](((O2Sat >= 48.700 & Phosphate >= 0.047) -> FiO2 >= 0.005) & Alkalinephos <= 2.056)
",5566496525762310.000,0.005,0.000,0.000,1.000,0,0,0,13,13,0,0,13,0.0,0.0,0.0,0.0,0.0,1.0,-1
"((Glucose >= 19.587) U[1,2] (pH >= 0.139))
",-9999999.000,-9999999.000,0.000,0.000,1.000,0,0,0,13,13,0,0,13,0.0,0.0,0.0,0.0,0.0,1.0,-1
"((Calcium <= 3.463) U[0,2] (MAP <= 95.191))
",-9999999.000,-9999999.000,0.000,0.000,1.000,0,0,0,13,13,0,0,13,0.0,0.0,0.0,0.0,0.0,1.0,-1
"F[0,0](((EtCO2 >= 0.000 | WBC >= 0.000) & Hgb <= 0.000) & Temp >= 0.000)
",0.000,0.000,0.000,0.000,1.000,0,0,0,13,13,0,0,13,0.0,0.0,0.0,0.0,0.0,1.0,-1
"F[0,2]((PTT <= 0.000 & TroponinI >= 0.000) | PaCO2 <= 0.000)
",-9999999.000,-9999999.000,0.000,0.000,1.000,0,0,0,13,13,0,0,13,0.0,0.0,0.0,0.0,0.0,1.0,-1
"((pH >= 0.067) U[0,0] (PTT <= 0.000))
",0.000,0.000,0.000,0.000,1.000,0,0,0,13,13,0,0,13,0.0,0.0,0.0,0.0,0.0,1.0,-1
"F[0,2](((PaCO2 >= 1.536 | Lactate >= 0.000) | Platelets <= 0.000) | Platelets <= 0.000)
",-9999999.000,-9999999.000,0.000,0.000,1.000,0,0,0,13,13,0,0,13,0.0,0.0,0.0,0.0,0.0,1.0,-1
"((Phosphate >= 0.079) U[0,1] (Phosphate <= 2.567))
",-9999999.000,-9999999.000,0.000,0.000,1.000,0,0,0,13,13,0,0,13,0.0,0.0,0.0,0.0,0.0,1.0,-1
"F[0,1](BaseExcess >= 0.000 | PaCO2 >= 0.491)
",-9999999.000,-9999999.000,0.000,0.000,1.000,0,0,0,13,13,0,0,13,0.0,0.0,0.0,0.0,0.0,1.0,-1
"F[0,2](((TroponinI >= 0.000 & Lactate >= 0.000) | BaseExcess >= 0.000) -> Lactate <= 0.000)
",-9999999.000,-9999999.000,0.000,0.000,1.000,0,0,0,13,13,0,0,13,0.0,0.0,0.0,0.0,0.0,1.0,-1
"F[0,2]((HR <= 94.617 | Phosphate >= 0.003) -> HCO3 <= 0.908)
",-9999999.000,-9999999.000,0.000,0.000,1.000,0,0,0,13,13,0,0,13,0.0,0.0,0.0,0.0,0.0,1.0,-1
"F[2,2]((DBP >= 5.094 | Phosphate <= 3.230) -> HCO3 >= 0.001)
",-3636845921971765.500,-3.230,0.000,0.000,1.000,0,0,0,13,13,0,0,13,0.0,0.0,0.0,0.0,0.0,1.0,-1
"F[1,2]((Calcium >= 0.200 -> MAP >= 76.686) & FiO2 >= 54.498)
",-9999999.000,-9999999.000,0.000,0.000,1.000,0,0,0,13,13,0,0,13,0.0,0.0,0.0,0.0,0.0,1.0,-1
"F[0,1]((HR >= 48.950 & Fibrinogen >= 0.000) & AST <= 0.000)
",-9999999.000,-9999999.000,0.000,0.000,1.000,0,0,0,13,13,0,0,13,0.0,0.0,0.0,0.0,0.0,1.0,-1
"F[0,2]((Bilirubin_direct <= 0.000 | SBP >= 84.807) | SepsisLabel >= 42.704)
",-9999999.000,-9999999.000,0.000,0.000,1.000,0,0,0,13,13,0,0,13,0.0,0.0,0.0,0.0,0.0,1.0,-1
"F[0,1](((Phosphate >= 0.053 | SBP <= 145.330) | SepsisLabel <= 145.792) | MAP >= 48.745)
",-9999999.000,-9999999.000,0.000,0.000,1.000,0,0,0,13,13,0,0,13,0.0,0.0,0.0,0.0,0.0,1.0,-1
"F[0,2]((SBP >= 42.844 | SBP <= 130.272) & Creatinine >= 42.455)
",-9999999.000,-9999999.000,0.000,0.000,1.000,0,0,0,13,13,0,0,13,0.0,0.0,0.0,0.0,0.0,1.0,-1
"F[1,1](SBP <= 140.737 -> Alkalinephos >= 0.000)
",-2475880075768993.000,-140.737,0.000,0.000,1.000,0,0,0,13,13,0,0,13,0.0,0.0,0.0,0.0,0.0,1.0,-1
"F[1,2](((Chloride <= 0.000 & SaO2 <= 37.650) & HR <= 65.189) & SepsisLabel <= 54.682)
",-9999999.000,-9999999.000,0.000,0.000,1.000,0,0,0,13,13,0,0,13,0.0,0.0,0.0,0.0,0.0,1.0,-1
"F[0,1](((Alkalinephos >= 0.000 & BaseExcess >= 0.000) | BUN >= 0.000) | Platelets <= 0.000)
",-9999999.000,-9999999.000,0.000,0.000,1.000,0,0,0,13,13,0,0,13,0.0,0.0,0.0,0.0,0.0,1.0,-1
"F[0,2]((Temp <= 26.291 -> Glucose <= 144.255) | TroponinI <= 106.099)
",-9999999.000,-9999999.000,0.000,0.000,1.000,0,0,0,13,13,0,0,13,0.0,0.0,0.0,0.0,0.0,1.0,-1
"F[0,1](Potassium <= 2.735 -> Chloride <= 0.000)
",-9999999.000,-9999999.000,0.000,0.000,1.000,0,0,0,13,13,0,0,13,0.0,0.0,0.0,0.0,0.0,1.0,-1
"F[0,1](MAP >= 1.344 | SaO2 >= 2.172)
",-9999999.000,-9999999.000,0.000,0.000,1.000,0,0,0,13,13,0,0,13,0.0,0.0,0.0,0.0,0.0,1.0,-1
"F[1,2]((Fibrinogen >= 0.000 & SepsisLabel <= 0.000) | TroponinI <= 0.000)
",-9999999.000,-9999999.000,0.000,0.000,1.000,0,0,0,13,13,0,0,13,0.0,0.0,0.0,0.0,0.0,1.0,-1
"F[1,2]((Phosphate <= 2.645 | BaseExcess >= 0.000) & Lactate <= 0.000)
",-9999999.000,-9999999.000,0.000,0.000,1.000,0,0,0,13,13,0,0,13,0.0,0.0,0.0,0.0,0.0,1.0,-1
"((TroponinI >= 0.000) U[1,2] (AST >= 0.000))
",-9999999.000,-9999999.000,0.000,0.000,1.000,0,0,0,13,13,0,0,13,0.0,0.0,0.0,0.0,0.0,1.0,-1
"F[0,1](((DBP >= 22.641 & Creatinine <= 0.098) | Calcium <= 0.029) | AST <= 0.478)
",-9999999.000,-9999999.000,0.000,0.000,1.000,0,0,0,13,13,0,0,13,0.0,0.0,0.0,0.0,0.0,1.0,-1
"F[2,2](Magnesium >= 0.031 -> PTT <= 0.000)
",0.000,0.000,0.000,0.000,1.000,0,0,0,13,13,0,0,13,0.0,0.0,0.0,0.0,0.0,1.0,-1
"F[2,2](Potassium <= 4.239 -> HR >= 37.620)
",-4.239,-4.239,0.000,0.000,1.000,0,0,0,13,13,0,0,13,0.0,0.0,0.0,0.0,0.0,1.0,-1
"F[0,0]((Alkalinephos <= 0.000 | O2Sat <= 89.686) | SaO2 >= 78.943)
",1.394,9.042,0.000,0.000,1.000,0,0,0,13,13,0,0,13,0.0,0.0,0.0,0.0,0.0,1.0,-1
"F[0,2]((Magnesium <= 1.342 -> SBP >= 113.802) & Creatinine <= 150.306)
",-9999999.000,-9999999.000,0.000,0.000,1.000,0,0,0,13,13,0,0,13,0.0,0.0,0.0,0.0,0.0,1.0,-1
"F[1,2](Creatinine >= 0.004 | DBP <= 65.257)
",-9999999.000,-9999999.000,0.000,0.000,1.000,0,0,0,13,13,0,0,13,0.0,0.0,0.0,0.0,0.0,1.0,-1
"F[0,1](((EtCO2 <= 0.000 & Resp <= 28.568) & Bilirubin_total <= 32.076) -> Bilirubin_direct <= 27.176)
",-9999999.000,-9999999.000,0.000,0.000,1.000,0,0,0,13,13,0,0,13,0.0,0.0,0.0,0.0,0.0,1.0,-1
"F[1,2]((SepsisLabel >= 0.000 | Magnesium <= 1.699) & SepsisLabel <= 2.307)
",-9999999.000,-9999999.000,0.000,0.000,1.000,0,0,0,13,13,0,0,13,0.0,0.0,0.0,0.0,0.0,1.0,-1
"F[1,2]((BUN >= 0.449 & Resp <= 31.632) | WBC <= 28.772)
",-9999999.000,-9999999.000,0.000,0.000,1.000,0,0,0,13,13,0,0,13,0.0,0.0,0.0,0.0,0.0,1.0,-1
"F[1,2]((Creatinine <= 0.391 & HR >= 30.713) | Potassium <= 92.272)
",-9999999.000,-9999999.000,0.000,0.000,1.000,0,0,0,13,13,0,0,13,0.0,0.0,0.0,0.0,0.0,1.0,-1
"F[1,2](((BUN >= 0.065 | HR <= 95.175) -> SepsisLabel <= 85.618) -> Platelets <= 93.639)
",-9999999.000,-9999999.000,0.000,0.000,1.000,0,0,0,13,13,0,0,13,0.0,0.0,0.0,0.0,0.0,1.0,-1
"F[1,2](HR <= 86.056 -> SaO2 <= 79.206)
",-9999999.000,-9999999.000,0.000,0.000,1.000,0,0,0,13,13,0,0,13,0.0,0.0,0.0,0.0,0.0,1.0,-1
"F[0,1]((Calcium <= 9.475 -> SaO2 >= 1.451) -> SepsisLabel >= 2.992)
",-9999999.000,-9999999.000,0.000,0.000,1.000,0,0,0,13,13,0,0,13,0.0,0.0,0.0,0.0,0.0,1.0,-1
"F[2,2](FiO2 >= 0.010 | Phosphate <= 1.275)
",1.275,1.275,0.000,0.000,1.000,0,0,0,13,13,0,0,13,0.0,0.0,0.0,0.0,0.0,1.0,-1
"F[0,0](((Magnesium >= 0.006 & SaO2 >= 2.347) & BUN >= 1.646) -> EtCO2 >= 0.429)
",-7.727,-24.879,0.000,0.000,1.000,0,0,0,13,13,0,0,13,0.0,0.0,0.0,0.0,0.0,1.0,-1
"F[1,2](BUN <= 2.397 | pH <= 0.796)
",-9999999.000,-9999999.000,0.000,0.000,1.000,0,0,0,13,13,0,0,13,0.0,0.0,0.0,0.0,0.0,1.0,-1
"F[0,2](((MAP <= 94.909 | Temp <= 30.193) | Fibrinogen >= 3.077) -> Glucose >= 1.832)
",-9999999.000,-9999999.000,0.000,0.000,1.000,0,0,0,13,13,0,0,13,0.0,0.0,0.0,0.0,0.0,1.0,-1
"F[1,2](((O2Sat <= 94.424 | SaO2 >= 0.181) & Hgb <= 26.595) & DBP >= 1.436)
",-9999999.000,-9999999.000,0.000,0.000,1.000,0,0,0,13,13,0,0,13,0.0,0.0,0.0,0.0,0.0,1.0,-1
"F[1,2](O2Sat <= 92.139 & PaCO2 <= 41.054)
",-9999999.000,-9999999.000,0.000,0.000,1.000,0,0,0,13,13,0,0,13,0.0,0.0,0.0,0.0,0.0,1.0,-1
"F[2,2]((DBP >= 32.609 | Temp <= 30.851) & Calcium <= 21.469)
",21.469,21.469,0.000,0.000,1.000,0,0,0,13,13,0,0,13,0.0,0.0,0.0,0.0,0.0,1.0,-1
"F[0,2](((FiO2 <= 0.213 -> Resp <= 26.188) | EtCO2 >= 21.838) & FiO2 >= 0.260)
",-9999999.000,-9999999.000,0.000,0.000,1.000,0,0,0,13,13,0,0,13,0.0,0.0,0.0,0.0,0.0,1.0,-1
"((EtCO2 >= 0.000) U[0,0] (HR <= 99.910))
",7.860,25.308,0.000,0.000,1.000,0,0,0,13,13,0,0,13,0.0,0.0,0.0,0.0,0.0,1.0,-1
"((Calcium <= 3.545) U[1,2] (Resp >= 14.427))
",-9999999.000,-9999999.000,0.000,0.000,1.000,0,0,0,13,13,0,0,13,0.0,0.0,0.0,0.0,0.0,1.0,-1
"F[0,0](((Phosphate <= 0.607 & Temp >= 2.060) & WBC >= 2.999) -> WBC >= 1.790)
",4030310282022368.500,1.790,0.000,0.000,1.000,0,0,0,13,13,0,0,13,0.0,0.0,0.0,0.0,0.0,1.0,-1
"F[2,2](SBP >= 56.809 & Temp >= 0.196)
",-56.809,-56.809,0.000,0.000,1.000,0,0,0,13,13,0,0,13,0.0,0.0,0.0,0.0,0.0,1.0,-1
"F[0,2]((Creatinine >= 0.004 | O2Sat <= 92.584) -> DBP >= 10.286)
",-9999999.000,-9999999.000,0.000,0.000,1.000,0,0,0,13,13,0,0,13,0.0,0.0,0.0,0.0,0.0,1.0,-1
"F[0,2](((BUN >= 0.008 -> O2Sat >= 25.363) -> O2Sat >= 20.133) & Bilirubin_total <= 91.541)
",-9999999.000,-9999999.000,0.000,0.000,1.000,0,0,0,13,13,0,0,13,0.0,0.0,0.0,0.0,0.0,1.0,-1
"F[1,1](((Resp >= 4.906 -> Temp <= 15.258) & Creatinine >= 4.230) -> Creatinine >= 0.043)
",3122417812467625.000,0.043,0.000,0.000,1.000,0,0,0,13,13,0,0,13,0.0,0.0,0.0,0.0,0.0,1.0,-1
"F[1,1](((O2Sat <= 88.279 -> Temp >= 2.950) | Calcium <= 9.279) | pH >= 1.900)
",9.279,9.279,0.000,0.000,1.000,0,0,0,13,13,0,0,13,0.0,0.0,0.0,0.0,0.0,1.0,-1
"((DBP <= 65.286) U[0,1] (pH <= 0.703))
",-9999999.000,-9999999.000,0.000,0.000,1.000,0,0,0,13,13,0,0,13,0.0,0.0,0.0,0.0,0.0,1.0,-1
"F[0,2]((Calcium >= 0.061 -> MAP >= 17.866) | EtCO2 <= 93.782)
",-9999999.000,-9999999.000,0.000,0.000,1.000,0,0,0,13,13,0,0,13,0.0,0.0,0.0,0.0,0.0,1.0,-1
"F[1,2](BUN >= 0.112 & MAP <= 98.485)
",-9999999.000,-9999999.000,0.000,0.000,1.000,0,0,0,13,13,0,0,13,0.0,0.0,0.0,0.0,0.0,1.0,-1
"F[0,0]((MAP >= 24.145 | Potassium <= 1.478) | DBP >= 0.018)
",7.602,106.778,0.000,0.000,1.000,0,0,0,13,13,0,0,13,0.0,0.0,0.0,0.0,0.0,1.0,-1
"F[0,2]((FiO2 >= 0.002 & Glucose >= 17.691) & SBP >= 2.406)
",-9999999.000,-9999999.000,0.000,0.000,1.000,0,0,0,13,13,0,0,13,0.0,0.0,0.0,0.0,0.0,1.0,-1
"F[0,1](((EtCO2 <= 0.000 -> Bilirubin_total <= 0.000) | BUN >= 0.000) | SBP <= 0.000)
",-9999999.000,-9999999.000,0.000,0.000,1.000,0,0,0,13,13,0,0,13,0.0,0.0,0.0,0.0,0.0,1.0,-1
"F[1,2](((Glucose >= 8.191 & SaO2 <= 70.905) | PaCO2 >= 2.262) -> SepsisLabel <= 77.303)
",-9999999.000,-9999999.000,0.000,0.000,1.000,0,0,0,13,13,0,0,13,0.0,0.0,0.0,0.0,0.0,1.0,-1
"F[2,2]((Glucose <= 23.787 | SBP >= 60.412) & O2Sat >= 55.287)
",-7780963780569307.000,-55.287,0.000,0.000,1.000,0,0,0,13,13,0,0,13,0.0,0.0,0.0,0.0,0.0,1.0,-1
"F[0,2](((SaO2 <= 35.449 | Temp >= 2.442) | EtCO2 >= 2.212) -> Lactate >= 3.200)
",-9999999.000,-9999999.000,0.000,0.000,1.000,0,0,0,13,13,0,0,13,0.0,0.0,0.0,0.0,0.0,1.0,-1
"F[0,2](((Hgb <= 0.000 | Platelets <= 0.000) & Creatinine >= 0.000) | Lactate >= 0.000)
",-9999999.000,-9999999.000,0.000,0.000,1.000,0,0,0,13,13,0,0,13,0.0,0.0,0.0,0.0,0.0,1.0,-1
"F[0,1](Bilirubin_direct >= 0.000 | Calcium <= 7.999)
",-9999999.000,-9999999.000,0.000,0.000,1.000,0,0,0,13,13,0,0,13,0.0,0.0,0.0,0.0,0.0,1.0,-1
"F[0,2](((Glucose >= 10.303 | Magnesium >= 0.089) -> DBP >= 0.011) | Fibrinogen >= 0.067)
",-9999999.000,-9999999.000,0.000,0.000,1.000,0,0,0,13,13,0,0,13,0.0,0.0,0.0,0.0,0.0,1.0,-1
"F[0,2](((Calcium < 8.809 & Potassium < 1.719) & Magnesium < 2.114) & Phosphate < 2.771)
",-9999999.000,-9999999.000,0.000,0.000,1.000,0,0,0,13,13,0,0,13,0.0,0.0,0.0,0.0,0.0,1.0,-1
"F[0,2]((Calcium <= 3.300 & Potassium <= 3.649) & Magnesium >= 0.020)
",-9999999.000,-9999999.000,0.000,0.000,1.000,0,0,0,13,13,0,0,13,0.0,0.0,0.0,0.0,0.0,1.0,-1
"F[1,2](((Calcium < 2.039 & Potassium < 0.934) & Magnesium < 0.753) & Phosphate < 1.190)
",-9999999.000,-9999999.000,0.000,0.000,1.000,0,0,0,13,13,0,0,13,0.0,0.0,0.0,0.0,0.0,1.0,-1
"F[1,2]((Phosphate >= 0.113 & Magnesium > 0.062) -> Calcium < 6.465)
",-9999999.000,-9999999.000,0.000,0.000,1.000,0,0,0,13,13,0,0,13,0.0,0.0,0.0,0.0,0.0,1.0,-1
"F[1,2]((Phosphate >= 3.8979323592116875e-05 & Magnesium > 0.036) -> Calcium < 9.003)
",-9999999.000,-9999999.000,0.000,0.000,1.000,0,0,0,13,13,0,0,13,0.0,0.0,0.0,0.0,0.0,1.0,-1
"((MAP >= 18.153) U[1,2] (SBP <= 137.602))
",-9999999.000,-9999999.000,0.000,0.000,1.000,0,0,0,13,13,0,0,13,0.0,0.0,0.0,0.0,0.0,1.0,-1
"F[2,2]((Calcium <= 0.950 & Potassium <= 4.083) & Magnesium >= 0.033)
",-4732337932488958.000,-0.033,0.000,0.000,1.000,0,0,0,13,13,0,0,13,0.0,0.0,0.0,0.0,0.0,1.0,-1
"F[2,2](((Calcium < 6.185 & Potassium < 3.002) & Magnesium < 0.798) & Phosphate < 1.971)
",7185896459986241.000,0.798,0.000,0.000,1.000,0,0,0,13,13,0,0,13,0.0,0.0,0.0,0.0,0.0,1.0,-1
"F[1,2]((Phosphate >= 0.060 & Magnesium > 0.033) -> Calcium < 5.382)
",-9999999.000,-9999999.000,0.000,0.000,1.000,0,0,0,13,13,0,0,13,0.0,0.0,0.0,0.0,0.0,1.0,-1
"F[2,2](Hgb <= 0.000 | Hct <= 0.000)
",0.000,0.000,0.000,0.000,1.000,0,0,0,13,13,0,0,13,0.0,0.0,0.0,0.0,0.0,1.0,-1
"F[2,2]((Calcium <= 2.105 & Potassium <= 3.353) & Magnesium >= 0.018)
",-0.018,-0.018,0.000,0.000,1.000,0,0,0,13,13,0,0,13,0.0,0.0,0.0,0.0,0.0,1.0,-1
"F[0,2](((Calcium < 3.530 & Potassium < 2.933) & Magnesium < 0.732) & Phosphate < 0.405)
",-9999999.000,-9999999.000,0.000,0.000,1.000,0,0,0,13,13,0,0,13,0.0,0.0,0.0,0.0,0.0,1.0,-1
"F[0,2]((Phosphate >= 0.030 & Magnesium > 0.013) -> Calcium < 6.216)
",-9999999.000,-9999999.000,0.000,0.000,1.000,0,0,0,13,13,0,0,13,0.0,0.0,0.0,0.0,0.0,1.0,-1
"F[1,2](Hgb <= 0.000 | Hct <= 0.000)
",-9999999.000,-9999999.000,0.000,0.000,1.000,0,0,0,13,13,0,0,13,0.0,0.0,0.0,0.0,0.0,1.0,-1
"F[1,2](Hgb <= 0.000 | Hct <= 0.000)
",-9999999.000,-9999999.000,0.000,0.000,1.000,0,0,0,13,13,0,0,13,0.0,0.0,0.0,0.0,0.0,1.0,-1
"F[0,2]((Phosphate >= 0.073 & Magnesium > 0.037) -> Calcium < 6.224)
",-9999999.000,-9999999.000,0.000,0.000,1.000,0,0,0,13,13,0,0,13,0.0,0.0,0.0,0.0,0.0,1.0,-1
"((MAP >= 49.516) U[0,2] (SBP <= 133.109))
",-9999999.000,-9999999.000,0.000,0.000,1.000,0,0,0,13,13,0,0,13,0.0,0.0,0.0,0.0,0.0,1.0,-1
"F[1,1](TroponinI >= 0.000 -> SepsisLabel = 0.000)
",0.000,0.000,0.000,0.000,1.000,0,0,0,13,13,0,0,13,0.0,0.0,0.0,0.0,0.0,1.0,-1
"((DBP >= 17.176) U[0,1] (SepsisLabel = 0.000))
",-9999999.000,-9999999.000,0.000,0.000,1.000,0,0,0,13,13,0,0,13,0.0,0.0,0.0,0.0,0.0,1.0,-1
"F[1,2](Phosphate < 2.834 -> SepsisLabel = 0.000)
",-9999999.000,-9999999.000,0.000,0.000,1.000,0,0,0,13,13,0,0,13,0.0,0.0,0.0,0.0,0.0,1.0,-1
"F[1,1](BUN <= 2.600 -> SepsisLabel = 0.000)
",-5853830457498015.000,-2.600,0.000,0.000,1.000,0,0,0,13,13,0,0,13,0.0,0.0,0.0,0.0,0.0,1.0,-1
"F[0,2]((Calcium >= 0.360 -> Creatinine <= 0.428) | BaseExcess <= 0.380)
",-9999999.000,-9999999.000,0.000,0.000,1.000,0,0,0,13,13,0,0,13,0.0,0.0,0.0,0.0,0.0,1.0,-1
"F[0,2]((BUN <= 12.756 | BUN >= 0.473) & Lactate >= 0.259)
",-9999999.000,-9999999.000,0.000,0.000,1.000,0,0,0,13,13,0,0,13,0.0,0.0,0.0,0.0,0.0,1.0,-1
"F[0,2]((Magnesium >= 0.033 | Potassium <= 3.872) & SaO2 >= 0.146)
",-9999999.000,-9999999.000,0.000,0.000,1.000,0,0,0,13,13,0,0,13,0.0,0.0,0.0,0.0,0.0,1.0,-1
"F[2,2](Resp < 31.878 & SepsisLabel = 0.000)
",0.000,0.000,0.000,0.000,1.000,0,0,0,13,13,0,0,13,0.0,0.0,0.0,0.0,0.0,1.0,-1
"F[0,0](BUN <= 8.776 | Potassium >= 0.058)
",4940276075551674.000,8.776,0.000,0.000,1.000,0,0,0,13,13,0,0,13,0.0,0.0,0.0,0.0,0.0,1.0,-1
"F[0,0]((DBP <= 67.073 & MAP <= 87.322) | pH <= 89.503)
",89.503,89.503,0.000,0.000,1.000,0,0,0,13,13,0,0,13,0.0,0.0,0.0,0.0,0.0,1.0,-1
"((HR <= 102.594) U[0,1] (MAP >= 74.469))
",-9999999.000,-9999999.000,0.000,0.000,1.000,0,0,0,13,13,0,0,13,0.0,0.0,0.0,0.0,0.0,1.0,-1
"F[0,1](((DBP >= 21.999 & Resp <= 24.516) & BUN >= 19.536) -> AST >= 10.624)
",-9999999.000,-9999999.000,0.000,0.000,1.000,0,0,0,13,13,0,0,13,0.0,0.0,0.0,0.0,0.0,1.0,-1
"F[0,1](HR <= 102.205 -> SBP >= 79.720)
",-9999999.000,-9999999.000,0.000,0.000,1.000,0,0,0,13,13,0,0,13,0.0,0.0,0.0,0.0,0.0,1.0,-1
"F[2,2](O2Sat >= 57.760 & Resp >= 3.305)
",-4064510426492487.500,-57.760,0.000,0.000,1.000,0,0,0,13,13,0,0,13,0.0,0.0,0.0,0.0,0.0,1.0,-1
"F[1,2](Hgb <= 0.000 | Hct <= 0.000)
",-9999999.000,-9999999.000,0.000,0.000,1.000,0,0,0,13,13,0,0,13,0.0,0.0,0.0,0.0,0.0,1.0,-1
"F[1,2]((Phosphate >= 0.040 & Magnesium > 0.031) -> Calcium < 3.427)
",-9999999.000,-9999999.000,0.000,0.000,1.000,0,0,0,13,13,0,0,13,0.0,0.0,0.0,0.0,0.0,1.0,-1
"F[0,2](((Potassium <= 2.950 -> Hct <= 0.000) & Bilirubin_total >= 0.000) -> Chloride >= 0.000)
",-9999999.000,-9999999.000,0.000,0.000,1.000,0,0,0,13,13,0,0,13,0.0,0.0,0.0,0.0,0.0,1.0,-1
"F[2,2](((Calcium < 5.342 & Potassium < 3.583) & Magnesium < 0.623) & Phosphate < 1.038)
",0.623,0.623,0.000,0.000,1.000,0,0,0,13,13,0,0,13,0.0,0.0,0.0,0.0,0.0,1.0,-1
"F[0,0](((SBP >= 23.933 -> TroponinI <= 0.000) -> O2Sat <= 0.000) -> Resp >= 0.000)
",-11.261,-63.923,0.000,0.000,1.000,0,0,0,13,13,0,0,13,0.0,0.0,0.0,0.0,0.0,1.0,-1
"F[1,1]((Magnesium <= 1.854 | SepsisLabel >= 0.000) & Magnesium >= 0.000)
",0.000,0.000,0.000,0.000,1.000,0,0,0,13,13,0,0,13,0.0,0.0,0.0,0.0,0.0,1.0,-1
"((Potassium <= 0.985) U[1,2] (MAP >= 75.246))
",-9999999.000,-9999999.000,0.000,0.000,1.000,0,0,0,13,13,0,0,13,0.0,0.0,0.0,0.0,0.0,1.0,-1
"((Bilirubin_total <= 0.000) U[0,0] (WBC <= 0.000))
",0.000,0.000,0.000,0.000,1.000,0,0,0,13,13,0,0,13,0.0,0.0,0.0,0.0,0.0,1.0,-1
"F[0,2](((TroponinI <= 0.000 -> Creatinine >= 0.005) -> BUN >= 0.009) & Alkalinephos >= 0.020)
",-9999999.000,-9999999.000,0.000,0.000,1.000,0,0,0,13,13,0,0,13,0.0,0.0,0.0,0.0,0.0,1.0,-1
"F[1,2](((PTT >= 0.000 -> Temp >= 1.286) | HR <= 25.965) & EtCO2 <= 15.972)
",-9999999.000,-9999999.000,0.000,0.000,1.000,0,0,0,13,13,0,0,13,0.0,0.0,0.0,0.0,0.0,1.0,-1
"F[0,0]((BUN <= 5.413 & Platelets <= 0.000) & TroponinI <= 0.000)
",0.000,0.000,0.000,0.000,1.000,0,0,0,13,13,0,0,13,0.0,0.0,0.0,0.0,0.0,1.0,-1
"F[0,0]((pH <= 2.302 & Alkalinephos >= 0.000) | Hct >= 0.000)
",0.000,0.000,0.000,0.000,1.000,0,0,0,13,13,0,0,13,0.0,0.0,0.0,0.0,0.0,1.0,-1
"F[0,2](Platelets <= 0.000 & PaCO2 >= 2.341)
",-9999999.000,-9999999.000,0.000,0.000,1.000,0,0,0,13,13,0,0,13,0.0,0.0,0.0,0.0,0.0,1.0,-1
"((pH <= 3.145) U[1,2] (SBP <= 128.682))
",-9999999.000,-9999999.000,0.000,0.000,1.000,0,0,0,13,13,0,0,13,0.0,0.0,0.0,0.0,0.0,1.0,-1
"F[0,2](Glucose >= 4.747 -> Temp >= 5.043)
",-9999999.000,-9999999.000,0.000,0.000,1.000,0,0,0,13,13,0,0,13,0.0,0.0,0.0,0.0,0.0,1.0,-1
"F[0,1]((Phosphate >= 0.112 & Magnesium > 0.021) -> Calcium < 2.718)
",-9999999.000,-9999999.000,0.000,0.000,1.000,0,0,0,13,13,0,0,13,0.0,0.0,0.0,0.0,0.0,1.0,-1
"((MAP >= 4.151) U[1,2] (SBP <= 129.960))
",-9999999.000,-9999999.000,0.000,0.000,1.000,0,0,0,13,13,0,0,13,0.0,0.0,0.0,0.0,0.0,1.0,-1
"F[0,0](Hgb <= 0.000 | Hct <= 0.000)
",0.000,0.000,0.000,0.000,1.000,0,0,0,13,13,0,0,13,0.0,0.0,0.0,0.0,0.0,1.0,-1
"F[2,2]((Phosphate >= 0.006 & Magnesium > 0.052) -> Calcium < 4.683)
",-5272522242733370.000,-4.683,0.000,0.000,1.000,0,0,0,13,13,0,0,13,0.0,0.0,0.0,0.0,0.0,1.0,-1
"F[1,2](((Calcium < 0.430 & Potassium < 0.830) & Magnesium < 2.230) & Phosphate < 0.894)
",-9999999.000,-9999999.000,0.000,0.000,1.000,0,0,0,13,13,0,0,13,0.0,0.0,0.0,0.0,0.0,1.0,-1
"((MAP >= 52.383) U[1,2] (SBP <= 140.551))
",-9999999.000,-9999999.000,0.000,0.000,1.000,0,0,0,13,13,0,0,13,0.0,0.0,0.0,0.0,0.0,1.0,-1
"F[0,2](Hgb <= 0.000 | Hct <= 0.000)
",-9999999.000,-9999999.000,0.000,0.000,1.000,0,0,0,13,13,0,0,13,0.0,0.0,0.0,0.0,0.0,1.0,-1
"F[0,2]((Calcium <= 6.927 & Potassium <= 3.363) & Magnesium >= 0.008)
",-9999999.000,-9999999.000,0.000,0.000,1.000,0,0,0,13,13,0,0,13,0.0,0.0,0.0,0.0,0.0,1.0,-1
"F[2,2](((Calcium < 2.318 & Potassium < 4.179) & Magnesium < 1.492) & Phosphate < 1.696)
",6721335907235687.000,1.492,0.000,0.000,1.000,0,0,0,13,13,0,0,13,0.0,0.0,0.0,0.0,0.0,1.0,-1
"((MAP >= 2.354) U[1,2] (SBP <= 126.422))
",-9999999.000,-9999999.000,0.000,0.000,1.000,0,0,0,13,13,0,0,13,0.0,0.0,0.0,0.0,0.0,1.0,-1
"F[2,2](Hgb <= 0.000 | Hct <= 0.000)
",0.000,0.000,0.000,0.000,1.000,0,0,0,13,13,0,0,13,0.0,0.0,0.0,0.0,0.0,1.0,-1
"F[1,2](((Calcium < 2.742 & Potassium < 2.513) & Magnesium < 1.183) & Phosphate < 1.473)
",-9999999.000,-9999999.000,0.000,0.000,1.000,0,0,0,13,13,0,0,13,0.0,0.0,0.0,0.0,0.0,1.0,-1
"F[0,0](Hgb <= 0.000 | Hct <= 0.000)
",0.000,0.000,0.000,0.000,1.000,0,0,0,13,13,0,0,13,0.0,0.0,0.0,0.0,0.0,1.0,-1
"F[2,2]((Calcium <= 9.675 & Potassium <= 1.171) & Magnesium >= 0.086)
",-0.086,-0.086,0.000,0.000,1.000,0,0,0,13,13,0,0,13,0.0,0.0,0.0,0.0,0.0,1.0,-1
"F[0,0](((Calcium < 6.622 & Potassium < 3.165) & Magnesium < 1.192) & Phosphate < 0.904)
",8141450462576207.000,0.904,0.000,0.000,1.000,0,0,0,13,13,0,0,13,0.0,0.0,0.0,0.0,0.0,1.0,-1
"F[0,2](((Calcium < 3.822 & Potassium < 0.199) & Magnesium < 2.352) & Phosphate < 0.784)
",-9999999.000,-9999999.000,0.000,0.000,1.000,0,0,0,13,13,0,0,13,0.0,0.0,0.0,0.0,0.0,1.0,-1
"F[2,2]((Calcium <= 1.320 & Potassium <= 1.606) & Magnesium >= 0.007)
",-2748020453169399.000,-0.007,0.000,0.000,1.000,0,0,0,13,13,0,0,13,0.0,0.0,0.0,0.0,0.0,1.0,-1
"F[1,2](Hgb <= 0.000 | Hct <= 0.000)
",-9999999.000,-9999999.000,0.000,0.000,1.000,0,0,0,13,13,0,0,13,0.0,0.0,0.0,0.0,0.0,1.0,-1
"((MAP >= 11.956) U[0,2] (SBP <= 141.150))
",-9999999.000,-9999999.000,0.000,0.000,1.000,0,0,0,13,13,0,0,13,0.0,0.0,0.0,0.0,0.0,1.0,-1
"F[0,0]((PTT <= 0.000 | O2Sat >= 14.934) | BUN <= 95.625)
",6729026935101441.000,95.625,0.000,0.000,1.000,0,0,0,13,13,0,0,13,0.0,0.0,0.0,0.0,0.0,1.0,-1
"F[1,1](Resp <= 26.493 | DBP >= 30.513)
",7457179086354741.000,26.493,0.000,0.000,1.000,0,0,0,13,13,0,0,13,0.0,0.0,0.0,0.0,0.0,1.0,-1
"F[0,2](Hgb <= 0.000 | Hct <= 0.000)
",-9999999.000,-9999999.000,0.000,0.000,1.000,0,0,0,13,13,0,0,13,0.0,0.0,0.0,0.0,0.0,1.0,-1
"G[1,2](EtCO2 >= 0.000 | TroponinI >= 0.000)
",9999999.000,9999999.000,0.000,1.000,0.000,0,0,13,0,0,13,13,0,0.0,0.0,1.0,0.0,0.0,1.0,1
"G[2,2]((TroponinI >= 0.000 | MAP >= 14.191) -> WBC <= 97.918)
",-97.918,-97.918,0.000,1.000,0.000,0,0,13,0,0,13,13,0,0.0,0.0,1.0,0.0,0.0,1.0,1
"G[0,2]((Creatinine <= 0.403 & pH >= 0.196) | SepsisLabel <= 2.748)
",9999999.000,9999999.000,0.000,1.000,0.000,0,0,13,0,0,13,13,0,0.0,0.0,1.0,0.0,0.0,1.0,1
"G[0,1]((Lactate >= 0.000 & Calcium >= 0.219) & pH >= 0.304)
",9999999.000,9999999.000,0.000,1.000,0.000,0,0,0,13,13,0,0,13,0.0,0.0,0.0,0.0,0.0,1.0,1
"G[0,2](((AST <= 0.000 & Phosphate >= 0.069) | AST <= 1.094) & SepsisLabel <= 3.369)
",9999999.000,9999999.000,0.000,1.000,0.000,0,0,13,0,0,13,13,0,0.0,0.0,1.0,0.0,0.0,1.0,1
"G[0,2](((Chloride <= 0.000 & Platelets >= 0.000) & Hct >= 0.000) & Platelets >= 0.000)
",9999999.000,9999999.000,0.000,1.000,0.000,0,0,13,0,0,13,13,0,0.0,0.0,1.0,0.0,0.0,1.0,1
"G[0,1]((DBP >= 0.946 | HR <= 98.317) & Hgb >= 49.934)
",9999999.000,9999999.000,0.000,1.000,0.000,0,0,0,13,13,0,0,13,0.0,0.0,0.0,0.0,0.0,1.0,1
"G[0,2](((Fibrinogen <= 0.000 & PTT >= 0.000) & Creatinine <= 0.000) | EtCO2 <= 0.000)
",9999999.000,9999999.000,0.000,1.000,0.000,0,0,13,0,0,13,13,0,0.0,0.0,1.0,0.0,0.0,1.0,1
"G[0,2]((AST >= 0.000 -> PTT <= 0.000) | Potassium >= 0.000)
",9999999.000,9999999.000,0.000,1.000,0.000,0,0,13,0,0,13,13,0,0.0,0.0,1.0,0.0,0.0,1.0,1
"G[1,2](((DBP <= 69.331 & O2Sat <= 91.974) -> Glucose <= 85.852) & Lactate <= 89.029)
",9999999.000,9999999.000,0.000,1.000,0.000,0,0,13,0,0,13,13,0,0.0,0.0,1.0,0.0,0.0,1.0,1
"G[1,2]((TroponinI >= 0.000 & Potassium >= 0.143) -> WBC >= 0.009)
",9999999.000,9999999.000,0.000,1.000,0.000,0,0,12,1,1,12,12,1,0.0,0.0,1.0,0.0,0.0,1.0,1
"G[1,2](Platelets >= 0.000 -> BaseExcess >= 0.000)
",9999999.000,9999999.000,0.000,1.000,0.000,0,0,13,0,0,13,13,0,0.0,0.0,1.0,0.0,0.0,1.0,1
"G[1,2]((HR <= 101.218 & Chloride >= 0.000) | Chloride >= 0.000)
",9999999.000,9999999.000,0.000,1.000,0.000,0,0,13,0,0,13,13,0,0.0,0.0,1.0,0.0,0.0,1.0,1
"G[1,2](((PaCO2 <= 12.785 | TroponinI >= 0.000) & MAP >= 0.000) & Creatinine >= 0.000)
",9999999.000,9999999.000,0.000,1.000,0.000,0,0,13,0,0,13,13,0,0.0,0.0,1.0,0.0,0.0,1.0,1
"G[0,0]((DBP >= 36.951 | Glucose >= 6.285) & Alkalinephos >= 19.076)
",-5369341791928594.000,-19.076,0.000,1.000,0.000,0,0,0,13,13,0,0,13,0.0,0.0,0.0,0.0,0.0,1.0,1
"G[1,2]((Hct >= 0.000 -> Resp >= 4.734) | pH <= 30.747)
",9999999.000,9999999.000,0.000,1.000,0.000,0,0,13,0,0,13,13,0,0.0,0.0,1.0,0.0,0.0,1.0,1
"G[0,1](((MAP >= 43.561 | O2Sat <= 95.221) | BUN >= 66.623) -> TroponinI >= 11.968)
",9999999.000,9999999.000,0.000,1.000,0.000,0,0,0,13,13,0,0,13,0.0,0.0,0.0,0.0,0.0,1.0,1
"G[1,2](MAP >= 13.065 -> O2Sat <= 93.961)
",9999999.000,9999999.000,0.000,1.000,0.000,0,0,7,6,6,7,7,6,0.0,0.0,1.0,0.0,0.0,1.0,1
"G[0,2]((O2Sat <= 93.568 | SBP >= 115.189) | DBP <= 148.940)
",9999999.000,9999999.000,0.000,1.000,0.000,0,0,13,0,0,13,13,0,0.0,0.0,1.0,0.0,0.0,1.0,1
"G[1,2](((Creatinine <= 0.313 -> MAP <= 95.200) & EtCO2 >= 81.025) -> DBP <= 87.158)
",9999999.000,9999999.000,0.000,1.000,0.000,0,0,13,0,0,13,13,0,0.0,0.0,1.0,0.0,0.0,1.0,1
"G[2,2](((Calcium <= 7.708 & Glucose <= 153.432) | PaCO2 <= 28.503) -> Phosphate <= 36.875)
",-5189638033936679.000,-36.875,0.000,1.000,0.000,0,0,13,0,0,13,13,0,0.0,0.0,1.0,0.0,0.0,1.0,1
"G[1,2]((Calcium >= 0.083 | Bilirubin_total >= 0.000) & Chloride >= 0.000)
",9999999.000,9999999.000,0.000,1.000,0.000,0,0,13,0,0,13,13,0,0.0,0.0,1.0,0.0,0.0,1.0,1
"G[1,2]((AST >= 0.000 -> pH <= 6.017) & BUN <= 6.815)
",9999999.000,9999999.000,0.000,1.000,0.000,0,0,12,1,1,12,12,1,0.0,0.0,1.0,0.0,0.0,1.0,1
"G[1,2](((Hct >= 0.000 -> Magnesium >= 0.013) & Phosphate >= 0.010) -> PaCO2 <= 2.054)
",9999999.000,9999999.000,0.000,1.000,0.000,0,0,13,0,0,13,13,0,0.0,0.0,1.0,0.0,0.0,1.0,1
"G[0,2](((PTT >= 0.000 & BaseExcess >= 0.000) & SepsisLabel <= 0.000) -> Hgb >= 0.000)
",9999999.000,9999999.000,0.000,1.000,0.000,0,0,13,0,0,13,13,0,0.0,0.0,1.0,0.0,0.0,1.0,1
"G[2,2](((Hgb >= 0.000 & FiO2 >= 0.007) & DBP <= 0.056) | PTT <= 0.120)
",4338534864491029.500,0.120,0.000,1.000,0.000,0,0,13,0,0,13,13,0,0.0,0.0,1.0,0.0,0.0,1.0,1
"G[0,2]((Lactate >= 0.000 | PTT <= 0.000) & DBP >= 0.000)
",9999999.000,9999999.000,0.000,1.000,0.000,0,0,13,0,0,13,13,0,0.0,0.0,1.0,0.0,0.0,1.0,1
"G[0,2](((AST <= 0.000 -> AST <= 0.000) | Glucose <= 0.000) | DBP <= 0.000)
",9999999.000,9999999.000,0.000,1.000,0.000,0,0,13,0,0,13,13,0,0.0,0.0,1.0,0.0,0.0,1.0,1
"G[1,2](Bilirubin_total >= 0.000 & Resp <= 26.503)
",9999999.000,9999999.000,0.000,1.000,0.000,0,0,10,3,3,10,10,3,0.0,0.0,1.0,0.0,0.0,1.0,1
"G[0,2](Platelets <= 0.000 -> WBC >= 0.000)
",9999999.000,9999999.000,0.000,1.000,0.000,0,0,13,0,0,13,13,0,0.0,0.0,1.0,0.0,0.0,1.0,1
"G[0,2]((FiO2 >= 0.011 | MAP <= 89.786) -> SaO2 >= 76.201)
",9999999.000,9999999.000,0.000,1.000,0.000,0,0,4,9,9,4,4,9,0.0,0.0,1.0,0.0,0.0,1.0,1
"G[1,2](PTT < 0.000 & SepsisLabel = 0.000)
",9999999.000,9999999.000,0.000,1.000,0.000,0,0,0,13,13,0,0,13,0.0,0.0,0.0,0.0,0.0,1.0,1
"G[1,2](AST < 0.000 -> SepsisLabel = 0.000)
",9999999.000,9999999.000,0.000,1.000,0.000,0,0,13,0,0,13,13,0,0.0,0.0,1.0,0.0,0.0,1.0,1
"G[0,2]((MAP >= 6.245 & BUN <= 2.390) -> DBP >= 0.035)
",9999999.000,9999999.000,0.000,1.000,0.000,0,0,13,0,0,13,13,0,0.0,0.0,1.0,0.0,0.0,1.0,1
"G[2,2](Creatinine >= 0.008 & O2Sat <= 96.943)
",-0.008,-0.008,0.000,1.000,0.000,0,0,13,0,0,13,13,0,0.0,0.0,1.0,0.0,0.0,1.0,1
"G[1,2](Bilirubin_total > 0.000 & SepsisLabel = 0.000)
",9999999.000,9999999.000,0.000,1.000,0.000,0,0,0,13,13,0,0,13,0.0,0.0,0.0,0.0,0.0,1.0,1
"G[1,2](HCO3 >= 0.000 -> Creatinine >= 0.019)
",9999999.000,9999999.000,0.000,1.000,0.000,0,0,1,12,12,1,1,12,0.0,0.0,1.0,0.0,0.0,1.0,1
"G[1,2]((BUN >= 0.447 -> Phosphate >= 0.036) | Bilirubin_total <= 2.467)
",9999999.000,9999999.000,0.000,1.000,0.000,0,0,13,0,0,13,13,0,0.0,0.0,1.0,0.0,0.0,1.0,1
"G[0,2](Bilirubin_total <= 0.000 | BUN >= 0.027)
",9999999.000,9999999.000,0.000,1.000,0.000,0,0,13,0,0,13,13,0,0.0,0.0,1.0,0.0,0.0,1.0,1
"G[0,2](((Platelets <= 0.000 -> Potassium >= 0.126) -> DBP <= 2.914) -> Bilirubin_direct <= 0.563)
",9999999.000,9999999.000,0.000,1.000,0.000,0,0,13,0,0,13,13,0,0.0,0.0,1.0,0.0,0.0,1.0,1
"G[1,2](Glucose <= 114.119 | O2Sat <= 94.560)
",9999999.000,9999999.000,0.000,1.000,0.000,0,0,13,0,0,13,13,0,0.0,0.0,1.0,0.0,0.0,1.0,1
"G[1,2]((Chloride >= 0.000 & Hct <= 0.000) & PTT <= 0.000)
",9999999.000,9999999.000,0.000,1.000,0.000,0,0,13,0,0,13,13,0,0.0,0.0,1.0,0.0,0.0,1.0,1
"G[0,2]((Hgb >= 0.000 | FiO2 >= 0.002) -> Phosphate <= 0.114)
",9999999.000,9999999.000,0.000,1.000,0.000,0,0,12,1,1,12,12,1,0.0,0.0,1.0,0.0,0.0,1.0,1
"G[0,2](((MAP <= 87.413 | pH >= 0.111) | Resp >= 0.132) & Phosphate <= 4.681)
",9999999.000,9999999.000,0.000,1.000,0.000,0,0,13,0,0,13,13,0,0.0,0.0,1.0,0.0,0.0,1.0,1
"G[0,2]((SaO2 <= 59.912 -> SBP >= 34.686) | PTT >= 49.110)
",9999999.000,9999999.000,0.000,1.000,0.000,0,0,12,1,1,12,12,1,0.0,0.0,1.0,0.0,0.0,1.0,1
"G[0,2](Magnesium <= 1.492 | MAP >= 10.642)
",9999999.000,9999999.000,0.000,1.000,0.000,0,0,13,0,0,13,13,0,0.0,0.0,1.0,0.0,0.0,1.0,1
"G[1,2](((Potassium >= 0.125 | Temp <= 23.137) -> DBP >= 4.553) | MAP <= 34.633)
",9999999.000,9999999.000,0.000,1.000,0.000,0,0,13,0,0,13,13,0,0.0,0.0,1.0,0.0,0.0,1.0,1
"G[2,2]((pH <= 3.342 -> Temp >= 5.638) | HCO3 <= 8.811)
",2480200864644569.000,8.811,0.000,1.000,0.000,0,0,13,0,0,13,13,0,0.0,0.0,1.0,0.0,0.0,1.0,1
"G[0,2]((O2Sat <= 97.947 & pH <= 6.854) | O2Sat >= 0.195)
",9999999.000,9999999.000,0.000,1.000,0.000,0,0,13,0,0,13,13,0,0.0,0.0,1.0,0.0,0.0,1.0,1
"G[2,2]((FiO2 <= 0.200 & O2Sat >= 45.392) | Hgb <= 89.941)
",89.941,89.941,0.000,1.000,0.000,0,0,13,0,0,13,13,0,0.0,0.0,1.0,0.0,0.0,1.0,1
"G[0,2](((Creatinine <= 0.485 & Temp <= 30.186) & Bilirubin_direct <= 27.610) & AST >= 5.183)
",9999999.000,9999999.000,0.000,1.000,0.000,0,0,0,13,13,0,0,13,0.0,0.0,0.0,0.0,0.0,1.0,1
"G[1,2]((Potassium >= 0.005 | SaO2 >= 2.929) | BaseExcess >= 2.052)
",9999999.000,9999999.000,0.000,1.000,0.000,0,0,1,12,12,1,1,12,0.0,0.0,1.0,0.0,0.0,1.0,1
"G[0,2]((Creatinine <= 0.504 | SaO2 <= 6.564) | Bilirubin_direct <= 73.650)
",9999999.000,9999999.000,0.000,1.000,0.000,0,0,13,0,0,13,13,0,0.0,0.0,1.0,0.0,0.0,1.0,1
"G[0,2](((DBP <= 65.217 & Magnesium <= 1.438) -> Potassium >= 0.064) | Bilirubin_direct >= 0.085)
",9999999.000,9999999.000,0.000,1.000,0.000,0,0,3,10,10,3,3,10,0.0,0.0,1.0,0.0,0.0,1.0,1
"G[2,2]((Creatinine >= 0.006 -> PaCO2 <= 10.116) -> Temp <= 14.775)
",-4158707265486511.500,-14.775,0.000,1.000,0.000,0,0,13,0,0,13,13,0,0.0,0.0,1.0,0.0,0.0,1.0,1
"G[0,1]((Magnesium <= 0.427 & pH <= 1.872) -> DBP <= 1.759)
",9999999.000,9999999.000,0.000,1.000,0.000,0,0,0,13,13,0,0,13,0.0,0.0,0.0,0.0,0.0,1.0,1
"G[1,2](((FiO2 <= 0.114 | HR >= 9.030) -> Bilirubin_total >= 59.067) -> Magnesium >= 47.259)
",9999999.000,9999999.000,0.000,1.000,0.000,0,0,13,0,0,13,13,0,0.0,0.0,1.0,0.0,0.0,1.0,1
"G[1,2](Chloride >= 0.000 & HCO3 >= 0.000)
",9999999.000,9999999.000,0.000,1.000,0.000,0,0,13,0,0,13,13,0,0.0,0.0,1.0,0.0,0.0,1.0,1
"G[1,2](((Hgb <= 0.000 | Hct <= 0.000) -> WBC >= 0.000) & Platelets >= 0.000)
",9999999.000,9999999.000,0.000,1.000,0.000,0,0,13,0,0,13,13,0,0.0,0.0,1.0,0.0,0.0,1.0,1
"F[0,1]((Resp >= 18.402 -> Resp >= 12.096) | Hct <= 28.380)
",-9999999.000,-9999999.000,0.000,0.000,1.000,0,0,0,13,13,0,0,13,0.0,0.0,0.0,0.0,0.0,1.0,-1
"G[1,2](((pH >= 0.169 | PaCO2 >= 0.944) -> Lactate >= 0.305) | DBP <= 16.499)
",9999999.000,9999999.000,0.000,1.000,0.000,0,0,13,0,0,13,13,0,0.0,0.0,1.0,0.0,0.0,1.0,1
"G[1,2](Platelets <= 0.000 -> WBC >= 0.000)
",9999999.000,9999999.000,0.000,1.000,0.000,0,0,13,0,0,13,13,0,0.0,0.0,1.0,0.0,0.0,1.0,1
"G[1,2](WBC <= 0.000 | Lactate <= 0.000)
",9999999.000,9999999.000,0.000,1.000,0.000,0,0,13,0,0,13,13,0,0.0,0.0,1.0,0.0,0.0,1.0,1
"G[1,2]((O2Sat <= 96.140 | PTT >= 0.000) -> Temp >= 0.000)
",9999999.000,9999999.000,0.000,1.000,0.000,0,0,13,0,0,13,13,0,0.0,0.0,1.0,0.0,0.0,1.0,1
"G[1,1]((AST >= 0.000 -> Glucose <= 141.999) -> WBC >= 9.141)
",5146098159063799.000,9.141,0.000,1.000,0.000,0,0,0,13,13,0,0,13,0.0,0.0,0.0,0.0,0.0,1.0,1
"G[2,2](((Calcium >= 0.129 & Resp >= 8.339) -> PaCO2 >= 16.645) | BaseExcess >= 8.639)
",4694645215042953.000,8.339,0.000,1.000,0.000,0,0,13,0,0,13,13,0,0.0,0.0,1.0,0.0,0.0,1.0,1
"G[0,2](BUN <= 9.749 & Creatinine >= 0.010)
",9999999.000,9999999.000,0.000,1.000,0.000,0,0,0,13,13,0,0,13,0.0,0.0,0.0,0.0,0.0,1.0,1
"G[0,2](EtCO2 >= 0.000 & Creatinine <= 0.087)
",9999999.000,9999999.000,0.000,1.000,0.000,0,0,12,1,1,12,12,1,0.0,0.0,1.0,0.0,0.0,1.0,1
"G[0,2](((pH <= 6.404 | SaO2 >= 1.060) | Hgb <= 60.693) & Fibrinogen <= 51.456)
",9999999.000,9999999.000,0.000,1.000,0.000,0,0,13,0,0,13,13,0,0.0,0.0,1.0,0.0,0.0,1.0,1
"G[2,2](WBC <= 0.000 & FiO2 >= 0.009)
",-0.009,-0.009,0.000,1.000,0.000,0,0,13,0,0,13,13,0,0.0,0.0,1.0,0.0,0.0,1.0,1
"G[1,2](((Hgb <= 0.000 | Hct <= 0.000) -> WBC >= 0.000) & Platelets >= 0.000)
",9999999.000,9999999.000,0.000,1.000,0.000,0,0,13,0,0,13,13,0,0.0,0.0,1.0,0.0,0.0,1.0,1
"G[0,2](BUN <= 9.668 & Creatinine >= 0.014)
",9999999.000,9999999.000,0.000,1.000,0.000,0,0,0,13,13,0,0,13,0.0,0.0,0.0,0.0,0.0,1.0,1
"G[1,2](BUN <= 7.231 & Creatinine >= 0.016)
",9999999.000,9999999.000,0.000,1.000,0.000,0,0,0,13,13,0,0,13,0.0,0.0,0.0,0.0,0.0,1.0,1
"G[2,2](Chloride >= 0.000 & HCO3 >= 0.000)
",0.000,0.000,0.000,1.000,0.000,0,0,13,0,0,13,13,0,0.0,0.0,1.0,0.0,0.0,1.0,1
"G[0,1](BUN <= 2.160 & Creatinine >= 0.007)
",9999999.000,9999999.000,0.000,1.000,0.000,0,0,0,13,13,0,0,13,0.0,0.0,0.0,0.0,0.0,1.0,1
"G[0,2](O2Sat <= 87.273 -> pH >= 0.003)
",9999999.000,9999999.000,0.000,1.000,0.000,0,0,11,2,2,11,11,2,0.0,0.0,1.0,0.0,0.0,1.0,1
"G[2,2](Platelets <= 0.000 -> WBC >= 0.000)
",0.000,0.000,0.000,1.000,0.000,0,0,13,0,0,13,13,0,0.0,0.0,1.0,0.0,0.0,1.0,1
"G[1,2](((SBP <= 141.787 | PTT >= 0.000) | Calcium >= 0.000) -> pH <= 0.000)
",9999999.000,9999999.000,0.000,1.000,0.000,0,0,13,0,0,13,13,0,0.0,0.0,1.0,0.0,0.0,1.0,1
"G[1,2](((Hgb <= 0.000 | Hct <= 0.000) -> WBC >= 0.000) & Platelets >= 0.000)
",9999999.000,9999999.000,0.000,1.000,0.000,0,0,13,0,0,13,13,0,0.0,0.0,1.0,0.0,0.0,1.0,1
"G[0,1](BUN <= 9.649 & Creatinine >= 0.006)
",9999999.000,9999999.000,0.000,1.000,0.000,0,0,0,13,13,0,0,13,0.0,0.0,0.0,0.0,0.0,1.0,1
"G[1,2](Lactate <= 0.000 -> Platelets >= 0.000)
",9999999.000,9999999.000,0.000,1.000,0.000,0,0,13,0,0,13,13,0,0.0,0.0,1.0,0.0,0.0,1.0,1
"G[1,2]((Alkalinephos >= 0.000 & Temp >= 5.545) & Potassium <= 20.237)
",9999999.000,9999999.000,0.000,1.000,0.000,0,0,2,11,11,2,2,11,0.0,0.0,1.0,0.0,0.0,1.0,1
"G[1,2](TroponinI >= 0.000 -> HR <= 83.477)
",9999999.000,9999999.000,0.000,1.000,0.000,0,0,7,6,6,7,7,6,0.0,0.0,1.0,0.0,0.0,1.0,1
"G[1,2](Platelets <= 0.000 -> WBC >= 0.000)
",9999999.000,9999999.000,0.000,1.000,0.000,0,0,13,0,0,13,13,0,0.0,0.0,1.0,0.0,0.0,1.0,1
"G[0,0](BUN <= 1.920 & Creatinine >= 0.004)
",-0.004,-0.004,0.000,1.000,0.000,0,0,0,13,13,0,0,13,0.0,0.0,0.0,0.0,0.0,1.0,1
"G[0,2](pH <= 5.457 & SepsisLabel = 0.000)
",9999999.000,9999999.000,0.000,1.000,0.000,0,0,12,1,1,12,12,1,0.0,0.0,1.0,0.0,0.0,1.0,1
"G[2,2]((HR <= 79.095 & Potassium >= 0.043) | Calcium <= 1.253)
",1.253,1.253,0.000,1.000,0.000,0,0,13,0,0,13,13,0,0.0,0.0,1.0,0.0,0.0,1.0,1
"G[1,2](Chloride >= 0.000 & HCO3 >= 0.000)
",9999999.000,9999999.000,0.000,1.000,0.000,0,0,13,0,0,13,13,0,0.0,0.0,1.0,0.0,0.0,1.0,1
"G[0,1]((Fibrinogen >= 0.000 -> FiO2 <= 0.208) -> TroponinI >= 0.004)
",9999999.000,9999999.000,0.000,1.000,0.000,0,0,0,13,13,0,0,13,0.0,0.0,0.0,0.0,0.0,1.0,1
"G[2,2](BUN <= 6.416 & Creatinine >= 0.018)
",-2647689007553159.000,-0.018,0.000,1.000,0.000,0,0,13,0,0,13,13,0,0.0,0.0,1.0,0.0,0.0,1.0,1
"G[1,2](((WBC >= 0.000 -> SepsisLabel >= 0.000) & Lactate <= 0.000) | pH >= 0.000)
",9999999.000,9999999.000,0.000,1.000,0.000,0,0,13,0,0,13,13,0,0.0,0.0,1.0,0.0,0.0,1.0,1
"G[1,2](Resp >= 10.766 -> Platelets <= 0.000)
",9999999.000,9999999.000,0.000,1.000,0.000,0,0,13,0,0,13,13,0,0.0,0.0,1.0,0.0,0.0,1.0,1
"G[0,2](((pH <= 6.900 | Potassium >= 0.134) -> DBP >= 0.049) -> Fibrinogen >= 0.077)
",9999999.000,9999999.000,0.000,1.000,0.000,0,0,0,13,13,0,0,13,0.0,0.0,0.0,0.0,0.0,1.0,1
"G[0,2](((Resp <= 25.737 | Potassium >= 0.086) -> SepsisLabel >= 0.014) | EtCO2 <= 0.860)
",9999999.000,9999999.000,0.000,1.000,0.000,0,0,13,0,0,13,13,0,0.0,0.0,1.0,0.0,0.0,1.0,1
"G[0,2](((Phosphate <= 2.737 -> Resp <= 30.132) & O2Sat <= 27.977) -> Platelets >= 1.656)
",9999999.000,9999999.000,0.000,1.000,0.000,0,0,12,1,1,12,12,1,0.0,0.0,1.0,0.0,0.0,1.0,1
"G[1,2](((FiO2 >= 0.011 & Calcium >= 0.052) | Glucose <= 7.035) & WBC >= 0.237)
",9999999.000,9999999.000,0.000,1.000,0.000,0,0,0,13,13,0,0,13,0.0,0.0,0.0,0.0,0.0,1.0,1
"G[2,2]((FiO2 <= 0.154 | Magnesium <= 0.881) | SBP >= 0.019)
",0.881,0.881,0.000,1.000,0.000,0,0,13,0,0,13,13,0,0.0,0.0,1.0,0.0,0.0,1.0,1
"G[1,2](BaseExcess >= 0.000 -> pH >= 0.173)
",9999999.000,9999999.000,0.000,1.000,0.000,0,0,0,13,13,0,0,13,0.0,0.0,0.0,0.0,0.0,1.0,1
"G[0,1]((HR >= 27.014 -> Magnesium <= 1.716) -> Bilirubin_direct >= 0.050)
",9999999.000,9999999.000,0.000,1.000,0.000,0,0,0,13,13,0,0,13,0.0,0.0,0.0,0.0,0.0,1.0,1
"G[1,2](pH >= 0.134 | WBC >= 0.000)
",9999999.000,9999999.000,0.000,1.000,0.000,0,0,13,0,0,13,13,0,0.0,0.0,1.0,0.0,0.0,1.0,1
"G[1,2]((MAP <= 91.777 -> Chloride >= 0.000) | WBC <= 0.000)
",9999999.000,9999999.000,0.000,1.000,0.000,0,0,13,0,0,13,13,0,0.0,0.0,1.0,0.0,0.0,1.0,1
"G[1,2](Chloride >= 0.000 & HCO3 >= 0.000)
",9999999.000,9999999.000,0.000,1.000,0.000,0,0,13,0,0,13,13,0,0.0,0.0,1.0,0.0,0.0,1.0,1
"G[2,2](((Hgb <= 0.000 | Hct <= 0.000) -> WBC >= 0.000) & Platelets >= 0.000)
",0.000,0.000,0.000,1.000,0.000,0,0,13,0,0,13,13,0,0.0,0.0,1.0,0.0,0.0,1.0,1
"G[0,2](BUN <= 10.474 & Creatinine >= 0.009)
",9999999.000,9999999.000,0.000,1.000,0.000,0,0,0,13,13,0,0,13,0.0,0.0,0.0,0.0,0.0,1.0,1
"G[1,2](((SepsisLabel >= 0.000 & Resp >= 2.671) -> Phosphate <= 30.107) | Creatinine <= 31.147)
",9999999.000,9999999.000,0.000,1.000,0.000,0,0,13,0,0,13,13,0,0.0,0.0,1.0,0.0,0.0,1.0,1
"G[2,2]((Magnesium >= 0.079 & Potassium >= 0.008) -> WBC <= 2.776)
",-6250315593328199.000,-2.776,0.000,1.000,0.000,0,0,13,0,0,13,13,0,0.0,0.0,1.0,0.0,0.0,1.0,1
"G[1,2](Chloride >= 0.000 & HCO3 >= 0.000)
",9999999.000,9999999.000,0.000,1.000,0.000,0,0,13,0,0,13,13,0,0.0,0.0,1.0,0.0,0.0,1.0,1
"G[1,2]((PaCO2 >= 0.962 & Lactate >= 0.000) | BaseExcess <= 0.000)
",9999999.000,9999999.000,0.000,1.000,0.000,0,0,13,0,0,13,13,0,0.0,0.0,1.0,0.0,0.0,1.0,1
"G[2,2]((AST >= 0.000 | Magnesium >= 0.038) -> PaCO2 >= 0.047)
",0.000,0.000,0.000,1.000,0.000,0,0,13,0,0,13,13,0,0.0,0.0,1.0,0.0,0.0,1.0,1
"G[2,2](((PaCO2 >= 0.075 | Bilirubin_total <= 0.000) | HR <= 0.000) -> Temp <= 0.000)
",0.000,0.000,0.000,1.000,0.000,0,0,13,0,0,13,13,0,0.0,0.0,1.0,0.0,0.0,1.0,1
"G[1,2]((SepsisLabel >= 0.000 & SaO2 <= 50.319) -> Chloride >= 1.673)
",9999999.000,9999999.000,0.000,1.000,0.000,0,0,0,13,13,0,0,13,0.0,0.0,0.0,0.0,0.0,1.0,1
"G[1,2]((HCO3 >= 0.000 & DBP >= 24.147) -> Lactate >= 38.370)
",9999999.000,9999999.000,0.000,1.000,0.000,0,0,0,13,13,0,0,13,0.0,0.0,0.0,0.0,0.0,1.0,1
"G[0,2](BUN <= 8.040 & Creatinine >= 0.014)
",9999999.000,9999999.000,0.000,1.000,0.000,0,0,0,13,13,0,0,13,0.0,0.0,0.0,0.0,0.0,1.0,1
"G[0,2](((Potassium >= 0.126 -> Alkalinephos <= 0.000) & DBP <= 0.000) -> TroponinI <= 0.000)
",9999999.000,9999999.000,0.000,1.000,0.000,0,0,13,0,0,13,13,0,0.0,0.0,1.0,0.0,0.0,1.0,1
"G[2,2]((SaO2 <= 11.156 | MAP >= 17.943) & SepsisLabel >= 12.793)
",-7201912893476817.000,-12.793,0.000,1.000,0.000,0,0,13,0,0,13,13,0,0.0,0.0,1.0,0.0,0.0,1.0,1
"G[0,2]((O2Sat >= 70.721 -> Hct >= 0.000) & PTT >= 0.000)
",9999999.000,9999999.000,0.000,1.000,0.000,0,0,13,0,0,13,13,0,0.0,0.0,1.0,0.0,0.0,1.0,1
"G[1,2](((Hgb <= 0.000 | Hct <= 0.000) -> WBC >= 0.000) & Platelets >= 0.000)
",9999999.000,9999999.000,0.000,1.000,0.000,0,0,13,0,0,13,13,0,0.0,0.0,1.0,0.0,0.0,1.0,1
"G[2,2](((Lactate <= 0.000 & SBP >= 26.839) & Creatinine >= 20.703) -> Bilirubin_total <= 151.187)
",-5319412864401137.000,-151.187,0.000,1.000,0.000,0,0,13,0,0,13,13,0,0.0,0.0,1.0,0.0,0.0,1.0,1
"G[0,0](((Fibrinogen >= 0.000 -> Temp >= 1.524) & FiO2 <= 33.489) & Platelets >= 2.863)
",-26.802,-90.668,0.000,1.000,0.000,0,0,0,13,13,0,0,13,0.0,0.0,0.0,0.0,0.0,1.0,1
"G[1,2](MAP >= 24.563 & AST <= 0.000)
",9999999.000,9999999.000,0.000,1.000,0.000,0,0,13,0,0,13,13,0,0.0,0.0,1.0,0.0,0.0,1.0,1
"F[2,2](((HR >= 77.864 -> BUN >= 0.191) -> HCO3 <= 2.952) -> Chloride <= 6.260)
",-7047618486912250.000,-6.260,0.000,0.000,1.000,0,0,0,13,13,0,0,13,0.0,0.0,0.0,0.0,0.0,1.0,-1
"F[1,1](((HCO3 <= 0.000 & BaseExcess >= 0.000) -> BaseExcess >= 0.000) | Lactate >= 0.000)
",0.000,0.000,0.000,0.000,1.000,0,0,0,13,13,0,0,13,0.0,0.0,0.0,0.0,0.0,1.0,-1
"F[0,1]((pH <= 6.426 -> O2Sat <= 87.681) | PTT <= 89.793)
",-9999999.000,-9999999.000,0.000,0.000,1.000,0,0,0,13,13,0,0,13,0.0,0.0,0.0,0.0,0.0,1.0,-1
"((Alkalinephos >= 0.000) U[0,2] (pH >= 0.250))
",-9999999.000,-9999999.000,0.000,0.000,1.000,0,0,0,13,13,0,0,13,0.0,0.0,0.0,0.0,0.0,1.0,-1
"F[0,2](((Bilirubin_total >= 0.000 | Temp <= 7.856) -> pH <= 15.551) -> Hgb >= 3.705)
",-9999999.000,-9999999.000,0.000,0.000,1.000,0,0,0,13,13,0,0,13,0.0,0.0,0.0,0.0,0.0,1.0,-1
"((Creatinine <= 0.389) U[1,2] (Chloride >= 0.000))
",-9999999.000,-9999999.000,0.000,0.000,1.000,0,0,0,13,13,0,0,13,0.0,0.0,0.0,0.0,0.0,1.0,-1
"F[0,2](((Alkalinephos <= 0.000 & Potassium <= 2.385) | Phosphate <= 2.411) -> Temp <= 4.092)
",-9999999.000,-9999999.000,0.000,0.000,1.000,0,0,0,13,13,0,0,13,0.0,0.0,0.0,0.0,0.0,1.0,-1
"F[0,2](((MAP >= 16.461 & HCO3 <= 0.000) & Alkalinephos <= 0.000) & PaCO2 >= 0.000)
",-9999999.000,-9999999.000,0.000,0.000,1.000,0,0,0,13,13,0,0,13,0.0,0.0,0.0,0.0,0.0,1.0,-1
"F[1,2]((FiO2 <= 0.140 -> Fibrinogen >= 0.000) | Glucose >= 0.000)
",-9999999.000,-9999999.000,0.000,0.000,1.000,0,0,0,13,13,0,0,13,0.0,0.0,0.0,0.0,0.0,1.0,-1
"F[1,1]((PTT <= 0.000 & Bilirubin_direct >= 0.000) | SepsisLabel <= 0.000)
",0.000,0.000,0.000,0.000,1.000,0,0,0,13,13,0,0,13,0.0,0.0,0.0,0.0,0.0,1.0,-1
"F[2,2](((WBC >= 0.000 -> Lactate <= 0.000) -> PTT <= 0.000) -> O2Sat <= 0.000)
",0.000,0.000,0.000,0.000,1.000,0,0,0,13,13,0,0,13,0.0,0.0,0.0,0.0,0.0,1.0,-1
"F[0,2](Hgb <= 0.000 -> Lactate <= 0.000)
",-9999999.000,-9999999.000,0.000,0.000,1.000,0,0,0,13,13,0,0,13,0.0,0.0,0.0,0.0,0.0,1.0,-1
"F[1,2](Phosphate >= 0.081 | BaseExcess >= 0.000)
",-9999999.000,-9999999.000,0.000,0.000,1.000,0,0,0,13,13,0,0,13,0.0,0.0,0.0,0.0,0.0,1.0,-1
"F[2,2](((PaCO2 <= 21.368 & Lactate <= 0.000) | HR >= 0.000) | PaCO2 <= 0.000)
",0.000,0.000,0.000,0.000,1.000,0,0,0,13,13,0,0,13,0.0,0.0,0.0,0.0,0.0,1.0,-1
"F[0,2](Temp >= 1.493 | pH >= 0.080)
",-9999999.000,-9999999.000,0.000,0.000,1.000,0,0,0,13,13,0,0,13,0.0,0.0,0.0,0.0,0.0,1.0,-1
"F[0,1](((AST >= 0.000 -> pH >= 0.182) | MAP <= 6.994) | HR >= 0.129)
",-9999999.000,-9999999.000,0.000,0.000,1.000,0,0,0,13,13,0,0,13,0.0,0.0,0.0,0.0,0.0,1.0,-1
"((Calcium <= 4.001) U[1,2] (Hgb <= 0.000))
",-9999999.000,-9999999.000,0.000,0.000,1.000,0,0,0,13,13,0,0,13,0.0,0.0,0.0,0.0,0.0,1.0,-1
"((Bilirubin_total <= 0.000) U[2,2] (MAP <= 98.039))
",6898914403842586.000,98.039,0.000,0.000,1.000,0,0,0,13,13,0,0,13,0.0,0.0,0.0,0.0,0.0,1.0,-1
"F[0,2](Potassium <= 3.089 -> Temp <= 28.857)
",-9999999.000,-9999999.000,0.000,0.000,1.000,0,0,0,13,13,0,0,13,0.0,0.0,0.0,0.0,0.0,1.0,-1
"((Platelets >= 0.000) U[1,2] (Hct <= 0.000))
",-9999999.000,-9999999.000,0.000,0.000,1.000,0,0,0,13,13,0,0,13,0.0,0.0,0.0,0.0,0.0,1.0,-1
"((MAP <= 97.325) U[2,2] (BUN <= 8.778))
",6848643516805177.000,97.325,0.000,0.000,1.000,0,0,0,13,13,0,0,13,0.0,0.0,0.0,0.0,0.0,1.0,-1
"((EtCO2 >= 0.000) U[0,1] (Phosphate <= 2.853))
",-9999999.000,-9999999.000,0.000,0.000,1.000,0,0,0,13,13,0,0,13,0.0,0.0,0.0,0.0,0.0,1.0,-1
"F[0,2](FiO2 <= 0.170 & EtCO2 >= 0.000)
",-9999999.000,-9999999.000,0.000,0.000,1.000,0,0,0,13,13,0,0,13,0.0,0.0,0.0,0.0,0.0,1.0,-1
"F[0,1](SepsisLabel >= 0.000 | AST <= 0.000)
",-9999999.000,-9999999.000,0.000,0.000,1.000,0,0,0,13,13,0,0,13,0.0,0.0,0.0,0.0,0.0,1.0,-1
"F[0,1](((TroponinI >= 0.000 | MAP <= 89.191) -> Chloride >= 78.396) | SBP >= 74.771)
",-9999999.000,-9999999.000,0.000,0.000,1.000,0,0,0,13,13,0,0,13,0.0,0.0,0.0,0.0,0.0,1.0,-1
"F[1,2](((TroponinI >= 0.000 & O2Sat <= 87.045) & Bilirubin_direct >= 20.813) | Magnesium <= 92.772)
",-9999999.000,-9999999.000,0.000,0.000,1.000,0,0,0,13,13,0,0,13,0.0,0.0,0.0,0.0,0.0,1.0,-1
"G[1,2]((WBC <= 0.000 & Resp <= 32.181) | PTT >= 19.352)
",9999999.000,9999999.000,0.000,1.000,0.000,0,0,12,1,1,12,12,1,0.0,0.0,1.0,0.0,0.0,1.0,1
"F[1,2](((Creatinine >= 0.014 & Temp >= 2.009) -> Phosphate <= 6.647) | PaCO2 >= 4.057)
",-9999999.000,-9999999.000,0.000,0.000,1.000,0,0,0,13,13,0,0,13,0.0,0.0,0.0,0.0,0.0,1.0,-1
"F[0,0](Lactate >= 0.000 | Hct >= 0.000)
",0.426,19.769,0.000,0.000,1.000,0,0,0,13,13,0,0,13,0.0,0.0,0.0,0.0,0.0,1.0,-1
"G[2,2](Bilirubin_direct <= 0.000 | Phosphate >= 0.044)
",0.000,0.000,0.000,1.000,0.000,0,0,13,0,0,13,13,0,0.0,0.0,1.0,0.0,0.0,1.0,1
"((Hct <= 0.000) U[0,2] (Magnesium >= 0.026))
",-9999999.000,-9999999.000,0.000,0.000,1.000,0,0,0,13,13,0,0,13,0.0,0.0,0.0,0.0,0.0,1.0,-1
"((Resp >= 4.997) U[0,1] (Hgb >= 0.000))
",-9999999.000,-9999999.000,0.000,0.000,1.000,0,0,0,13,13,0,0,13,0.0,0.0,0.0,0.0,0.0,1.0,-1
"F[0,1]((PaCO2 <= 35.772 | BaseExcess >= 0.000) | Bilirubin_total >= 0.000)
",-9999999.000,-9999999.000,0.000,0.000,1.000,0,0,0,13,13,0,0,13,0.0,0.0,0.0,0.0,0.0,1.0,-1
"F[1,2](((Bilirubin_direct <= 0.000 & Bilirubin_direct <= 0.000) | pH <= 0.000) & Glucose <= 0.000)
",-9999999.000,-9999999.000,0.000,0.000,1.000,0,0,0,13,13,0,0,13,0.0,0.0,0.0,0.0,0.0,1.0,-1
"((BaseExcess <= 0.000) U[1,2] (Bilirubin_total <= 0.000))
",-9999999.000,-9999999.000,0.000,0.000,1.000,0,0,0,13,13,0,0,13,0.0,0.0,0.0,0.0,0.0,1.0,-1
"F[1,2](((Lactate <= 0.000 | DBP >= 1.603) | Fibrinogen >= 34.117) & Potassium <= 67.655)
",-9999999.000,-9999999.000,0.000,0.000,1.000,0,0,0,13,13,0,0,13,0.0,0.0,0.0,0.0,0.0,1.0,-1
"((PTT >= 0.000) U[0,2] (WBC <= 0.000))
",-9999999.000,-9999999.000,0.000,0.000,1.000,0,0,0,13,13,0,0,13,0.0,0.0,0.0,0.0,0.0,1.0,-1
"F[1,2]((Lactate <= 0.000 -> Bilirubin_total >= 0.000) & Hct <= 0.000)
",-9999999.000,-9999999.000,0.000,0.000,1.000,0,0,0,13,13,0,0,13,0.0,0.0,0.0,0.0,0.0,1.0,-1
"F[1,2]((MAP <= 96.000 & PaCO2 <= 74.156) | Platelets >= 0.955)
",-9999999.000,-9999999.000,0.000,0.000,1.000,0,0,0,13,13,0,0,13,0.0,0.0,0.0,0.0,0.0,1.0,-1
"F[0,2](((SepsisLabel <= 0.000 | PTT >= 0.000) -> Hgb >= 0.000) | HR <= 0.000)
",-9999999.000,-9999999.000,0.000,0.000,1.000,0,0,0,13,13,0,0,13,0.0,0.0,0.0,0.0,0.0,1.0,-1
"F[0,1](((Calcium <= 1.821 & Bilirubin_total >= 0.000) -> BaseExcess <= 0.000) | Bilirubin_direct <= 0.000)
",-9999999.000,-9999999.000,0.000,0.000,1.000,0,0,0,13,13,0,0,13,0.0,0.0,0.0,0.0,0.0,1.0,-1
"F[0,1]((Platelets <= 0.000 -> FiO2 <= 0.159) -> HR >= 0.006)
",-9999999.000,-9999999.000,0.000,0.000,1.000,0,0,0,13,13,0,0,13,0.0,0.0,0.0,0.0,0.0,1.0,-1
"F[0,1](Alkalinephos >= 0.000 & Bilirubin_direct >= 0.000)
",-9999999.000,-9999999.000,0.000,0.000,1.000,0,0,0,13,13,0,0,13,0.0,0.0,0.0,0.0,0.0,1.0,-1
"F[1,2]((HR <= 92.871 & Platelets <= 0.000) & Hgb <= 0.000)
",-9999999.000,-9999999.000,0.000,0.000,1.000,0,0,0,13,13,0,0,13,0.0,0.0,0.0,0.0,0.0,1.0,-1
"F[0,2]((HR <= 92.437 & pH >= 0.008) | Glucose <= 3.685)
",-9999999.000,-9999999.000,0.000,0.000,1.000,0,0,0,13,13,0,0,13,0.0,0.0,0.0,0.0,0.0,1.0,-1
"G[0,2](Resp > 6.502 & SepsisLabel = 0.000)
",9999999.000,9999999.000,0.000,1.000,0.000,0,0,12,1,1,12,12,1,0.0,0.0,1.0,0.0,0.0,1.0,1
"F[0,1]((Creatinine >= 0.012 -> AST <= 0.000) & pH <= 0.000)
",-9999999.000,-9999999.000,0.000,0.000,1.000,0,0,0,13,13,0,0,13,0.0,0.0,0.0,0.0,0.0,1.0,-1
"F[0,1]((SepsisLabel >= 0.000 | Phosphate <= 2.168) | BaseExcess >= 0.102)
",-9999999.000,-9999999.000,0.000,0.000,1.000,0,0,0,13,13,0,0,13,0.0,0.0,0.0,0.0,0.0,1.0,-1
"F[2,2](((SBP >= 121.013 & SepsisLabel <= 0.000) | Phosphate >= 0.000) & Hct <= 0.000)
",0.000,0.000,0.000,0.000,1.000,0,0,0,13,13,0,0,13,0.0,0.0,0.0,0.0,0.0,1.0,-1
"F[0,1](((EtCO2 >= 0.000 & Temp <= 25.604) | PTT >= 0.789) -> Chloride <= 28.196)
",-9999999.000,-9999999.000,0.000,0.000,1.000,0,0,0,13,13,0,0,13,0.0,0.0,0.0,0.0,0.0,1.0,-1
"F[0,0](((Potassium <= 2.899 -> Temp >= 5.209) -> WBC >= 0.445) -> BaseExcess <= 21.807)
",-3069061147624697.000,-21.807,0.000,0.000,1.000,0,0,0,13,13,0,0,13,0.0,0.0,0.0,0.0,0.0,1.0,-1
"F[0,1](((WBC <= 0.000 -> HCO3 >= 0.000) & AST <= 0.000) & Hct <= 0.000)
",-9999999.000,-9999999.000,0.000,0.000,1.000,0,0,0,13,13,0,0,13,0.0,0.0,0.0,0.0,0.0,1.0,-1
"((MAP >= 2.378) U[0,1] (Lactate <= 0.000))
",-9999999.000,-9999999.000,0.000,0.000,1.000,0,0,0,13,13,0,0,13,0.0,0.0,0.0,0.0,0.0,1.0,-1
"F[0,1](((SepsisLabel >= 0.000 & HR >= 61.938) | Fibrinogen <= 80.491) -> SBP >= 27.957)
",-9999999.000,-9999999.000,0.000,0.000,1.000,0,0,0,13,13,0,0,13,0.0,0.0,0.0,0.0,0.0,1.0,-1
"F[0,2]((MAP <= 86.577 -> Bilirubin_direct >= 0.000) & Hct <= 0.000)
",-9999999.000,-9999999.000,0.000,0.000,1.000,0,0,0,13,13,0,0,13,0.0,0.0,0.0,0.0,0.0,1.0,-1
"((FiO2 >= 0.006) U[0,1] (SBP >= 72.732))
",-9999999.000,-9999999.000,0.000,0.000,1.000,0,0,0,13,13,0,0,13,0.0,0.0,0.0,0.0,0.0,1.0,-1
"F[0,2]((pH <= 2.132 & Resp <= 29.211) -> BaseExcess >= 8.339)
",-9999999.000,-9999999.000,0.000,0.000,1.000,0,0,0,13,13,0,0,13,0.0,0.0,0.0,0.0,0.0,1.0,-1
"G[0,2](Platelets <= 0.000 -> WBC >= 0.000)
",9999999.000,9999999.000,0.000,1.000,0.000,0,0,13,0,0,13,13,0,0.0,0.0,1.0,0.0,0.0,1.0,1
"G[0,1](BUN <= 11.799 & Creatinine >= 0.018)
",9999999.000,9999999.000,0.000,1.000,0.000,0,0,0,13,13,0,0,13,0.0,0.0,0.0,0.0,0.0,1.0,1
"G[0,2](((MAP >= 63.000 & Resp >= 17.534) -> SBP <= 30.999) & Lactate >= 20.131)
",9999999.000,9999999.000,0.000,1.000,0.000,0,0,0,13,13,0,0,13,0.0,0.0,0.0,0.0,0.0,1.0,1
"G[2,2](Alkalinephos >= 0.000 & Hct >= 0.000)
",0.000,0.000,0.000,1.000,0.000,0,0,13,0,0,13,13,0,0.0,0.0,1.0,0.0,0.0,1.0,1
"G[1,2](TroponinI <= 0.000 & Lactate <= 0.000)
",9999999.000,9999999.000,0.000,1.000,0.000,0,0,13,0,0,13,13,0,0.0,0.0,1.0,0.0,0.0,1.0,1
"G[1,2](((EtCO2 >= 0.000 & AST >= 0.000) & Calcium >= 0.000) | SepsisLabel >= 0.000)
",9999999.000,9999999.000,0.000,1.000,0.000,0,0,13,0,0,13,13,0,0.0,0.0,1.0,0.0,0.0,1.0,1
"G[2,2](Chloride <= 0.000 | SaO2 <= 37.913)
",37.913,37.913,0.000,1.000,0.000,0,0,13,0,0,13,13,0,0.0,0.0,1.0,0.0,0.0,1.0,1
"G[2,2]((BUN <= 1.621 & HR <= 80.186) -> Bilirubin_direct <= 92.453)
",-92.453,-92.453,0.000,1.000,0.000,0,0,13,0,0,13,13,0,0.0,0.0,1.0,0.0,0.0,1.0,1
"G[1,2](Temp <= 35.296 -> SepsisLabel = 0.000)
",9999999.000,9999999.000,0.000,1.000,0.000,0,0,13,0,0,13,13,0,0.0,0.0,1.0,0.0,0.0,1.0,1
"G[2,2](((Glucose >= 4.104 | Calcium <= 3.153) -> Calcium <= 1.756) -> SepsisLabel <= 6.079)
",-6843852703943338.000,-6.079,0.000,1.000,0.000,0,0,13,0,0,13,13,0,0.0,0.0,1.0,0.0,0.0,1.0,1
"G[2,2](((Platelets <= 0.000 & Alkalinephos <= 0.000) | Hgb >= 0.000) | PTT >= 0.000)
",0.000,0.000,0.000,1.000,0.000,0,0,13,0,0,13,13,0,0.0,0.0,1.0,0.0,0.0,1.0,1
"G[1,2](Platelets <= 0.000 -> WBC >= 0.000)
",9999999.000,9999999.000,0.000,1.000,0.000,0,0,13,0,0,13,13,0,0.0,0.0,1.0,0.0,0.0,1.0,1
"G[0,1](((WBC >= 0.000 | Platelets <= 0.000) & Resp <= 0.000) & MAP <= 0.000)
",9999999.000,9999999.000,0.000,1.000,0.000,0,0,0,13,13,0,0,13,0.0,0.0,0.0,0.0,0.0,1.0,1
"G[0,1]((TroponinI >= 0.000 & Resp >= 2.979) -> Alkalinephos >= 5.578)
",9999999.000,9999999.000,0.000,1.000,0.000,0,0,0,13,13,0,0,13,0.0,0.0,0.0,0.0,0.0,1.0,1
"G[0,2]((Chloride >= 0.000 & Magnesium >= 0.019) & Alkalinephos >= 0.019)
",9999999.000,9999999.000,0.000,1.000,0.000,0,0,0,13,13,0,0,13,0.0,0.0,0.0,0.0,0.0,1.0,1
"G[0,2](((SaO2 >= 2.331 | MAP <= 95.504) -> TroponinI <= 90.818) | SBP <= 97.204)
",9999999.000,9999999.000,0.000,1.000,0.000,0,0,13,0,0,13,13,0,0.0,0.0,1.0,0.0,0.0,1.0,1
"G[0,2](EtCO2 > 0.000 -> SepsisLabel = 0.000)
",9999999.000,9999999.000,0.000,1.000,0.000,0,0,13,0,0,13,13,0,0.0,0.0,1.0,0.0,0.0,1.0,1
"G[0,0](((Hgb >= 0.000 | HR <= 98.522) & HCO3 <= 82.015) -> Potassium >= 36.801)
",0.000,0.000,0.000,1.000,0.000,0,0,0,13,13,0,0,13,0.0,0.0,0.0,0.0,0.0,1.0,1
"G[1,2](Hct <= 0.000 & HR <= 84.883)
",9999999.000,9999999.000,0.000,1.000,0.000,0,0,8,5,5,8,8,5,0.0,0.0,1.0,0.0,0.0,1.0,1
"G[0,1](((HR <= 80.460 | Magnesium <= 1.818) -> Hct >= 0.077) | PTT >= 0.043)
",9999999.000,9999999.000,0.000,1.000,0.000,0,0,0,13,13,0,0,13,0.0,0.0,0.0,0.0,0.0,1.0,1
"G[2,2](Calcium <= 3.763 -> SepsisLabel = 0.000)
",-8472908600086396.000,-3.763,0.000,1.000,0.000,0,0,13,0,0,13,13,0,0.0,0.0,1.0,0.0,0.0,1.0,1
"G[1,2](Alkalinephos <= 0.000 & SepsisLabel = 0.000)
",9999999.000,9999999.000,0.000,1.000,0.000,0,0,13,0,0,13,13,0,0.0,0.0,1.0,0.0,0.0,1.0,1
"G[0,2]((SBP >= 68.432 | Potassium <= 2.124) -> Glucose >= 0.102)
",9999999.000,9999999.000,0.000,1.000,0.000,0,0,0,13,13,0,0,13,0.0,0.0,0.0,0.0,0.0,1.0,1
"G[0,2](((Platelets <= 0.000 & Chloride <= 0.000) & O2Sat >= 0.000) -> Alkalinephos >= 0.000)
",9999999.000,9999999.000,0.000,1.000,0.000,0,0,13,0,0,13,13,0,0.0,0.0,1.0,0.0,0.0,1.0,1
"G[0,2](((DBP <= 72.849 | Hct <= 0.000) -> FiO2 >= 0.000) -> O2Sat <= 0.000)
",9999999.000,9999999.000,0.000,1.000,0.000,0,0,1,12,12,1,1,12,0.0,0.0,1.0,0.0,0.0,1.0,1
"G[2,2](((FiO2 <= 0.289 & Temp >= 1.752) | SaO2 >= 2.436) -> SBP >= 4.785)
",1.752,1.752,0.000,1.000,0.000,0,0,13,0,0,13,13,0,0.0,0.0,1.0,0.0,0.0,1.0,1
"G[0,2]((SBP <= 142.413 -> Hgb <= 0.000) & WBC <= 0.000)
",9999999.000,9999999.000,0.000,1.000,0.000,0,0,13,0,0,13,13,0,0.0,0.0,1.0,0.0,0.0,1.0,1
"G[0,2](PaCO2 >= 2.151 -> SepsisLabel = 0.000)
",9999999.000,9999999.000,0.000,1.000,0.000,0,0,13,0,0,13,13,0,0.0,0.0,1.0,0.0,0.0,1.0,1
"G[0,1]((pH >= 0.237 & DBP >= 0.982) | Bilirubin_total >= 58.123)
",9999999.000,9999999.000,0.000,1.000,0.000,0,0,0,13,13,0,0,13,0.0,0.0,0.0,0.0,0.0,1.0,1
"G[2,2](Hct >= 0.000 -> Lactate <= 0.000)
",0.000,0.000,0.000,1.000,0.000,0,0,13,0,0,13,13,0,0.0,0.0,1.0,0.0,0.0,1.0,1
"G[0,2](((BaseExcess >= 0.000 | WBC >= 0.000) & Lactate >= 0.000) -> Fibrinogen >= 0.000)
",9999999.000,9999999.000,0.000,1.000,0.000,0,0,13,0,0,13,13,0,0.0,0.0,1.0,0.0,0.0,1.0,1
"G[0,2](((HCO3 >= 0.000 | AST <= 0.000) | Lactate >= 0.000) -> Alkalinephos <= 0.000)
",9999999.000,9999999.000,0.000,1.000,0.000,0,0,13,0,0,13,13,0,0.0,0.0,1.0,0.0,0.0,1.0,1
"G[0,2](SepsisLabel <= 0.000 -> BUN <= 12.782)
",9999999.000,9999999.000,0.000,1.000,0.000,0,0,12,1,1,12,12,1,0.0,0.0,1.0,0.0,0.0,1.0,1
"G[1,2](WBC <= 0.000 & SepsisLabel = 0.000)
",9999999.000,9999999.000,0.000,1.000,0.000,0,0,13,0,0,13,13,0,0.0,0.0,1.0,0.0,0.0,1.0,1
"G[0,2](((FiO2 >= 0.003 & Hgb >= 0.000) | Magnesium >= 0.000) -> Glucose <= 0.000)
",9999999.000,9999999.000,0.000,1.000,0.000,0,0,8,5,5,8,8,5,0.0,0.0,1.0,0.0,0.0,1.0,1
"G[1,2](((Hgb <= 0.000 | Hct <= 0.000) -> WBC >= 0.000) & Platelets >= 0.000)
",9999999.000,9999999.000,0.000,1.000,0.000,0,0,13,0,0,13,13,0,0.0,0.0,1.0,0.0,0.0,1.0,1
"G[2,2](Chloride >= 0.000 & HCO3 >= 0.000)
",0.000,0.000,0.000,1.000,0.000,0,0,13,0,0,13,13,0,0.0,0.0,1.0,0.0,0.0,1.0,1
"G[0,2]((DBP >= 6.194 | Bilirubin_total >= 0.000) -> PaCO2 >= 0.000)
",9999999.000,9999999.000,0.000,1.000,0.000,0,0,13,0,0,13,13,0,0.0,0.0,1.0,0.0,0.0,1.0,1
"G[2,2]((SaO2 >= 2.219 | Calcium <= 1.011) -> Temp >= 0.082)
",-1.011,-1.011,0.000,1.000,0.000,0,0,13,0,0,13,13,0,0.0,0.0,1.0,0.0,0.0,1.0,1
"G[0,2](Bilirubin_total >= 0.000 | Hgb <= 0.000)
",9999999.000,9999999.000,0.000,1.000,0.000,0,0,13,0,0,13,13,0,0.0,0.0,1.0,0.0,0.0,1.0,1
"G[1,2]((HR >= 64.144 & PTT >= 0.000) & TroponinI <= 0.000)
",9999999.000,9999999.000,0.000,1.000,0.000,0,0,13,0,0,13,13,0,0.0,0.0,1.0,0.0,0.0,1.0,1
"G[2,2](BUN >= 0.116 & PTT <= 0.000)
",-4173708035066536.500,-0.116,0.000,1.000,0.000,0,0,13,0,0,13,13,0,0.0,0.0,1.0,0.0,0.0,1.0,1
"G[0,2](Chloride >= 0.000 & FiO2 >= 0.011)
",9999999.000,9999999.000,0.000,1.000,0.000,0,0,0,13,13,0,0,13,0.0,0.0,0.0,0.0,0.0,1.0,1
"G[1,2]((HR <= 98.480 | SaO2 <= 80.744) | DBP >= 0.018)
",9999999.000,9999999.000,0.000,1.000,0.000,0,0,13,0,0,13,13,0,0.0,0.0,1.0,0.0,0.0,1.0,1
"G[0,2]((SepsisLabel >= 0.000 | BaseExcess >= 0.000) & BaseExcess <= 0.000)
",9999999.000,9999999.000,0.000,1.000,0.000,0,0,13,0,0,13,13,0,0.0,0.0,1.0,0.0,0.0,1.0,1
"G[1,2]((Phosphate <= 0.710 -> Resp >= 20.125) & FiO2 >= 15.291)
",9999999.000,9999999.000,0.000,1.000,0.000,0,0,0,13,13,0,0,13,0.0,0.0,0.0,0.0,0.0,1.0,1
"G[0,2]((Potassium <= 4.204 | Lactate >= 0.000) -> MAP <= 0.000)
",9999999.000,9999999.000,0.000,1.000,0.000,0,0,0,13,13,0,0,13,0.0,0.0,0.0,0.0,0.0,1.0,1
"G[1,2]((O2Sat <= 86.697 -> Fibrinogen >= 0.000) -> Phosphate >= 0.000)
",9999999.000,9999999.000,0.000,1.000,0.000,0,0,13,0,0,13,13,0,0.0,0.0,1.0,0.0,0.0,1.0,1
"G[1,2]((AST <= 0.000 -> pH >= 0.156) & FiO2 >= 0.280)
",9999999.000,9999999.000,0.000,1.000,0.000,0,0,0,13,13,0,0,13,0.0,0.0,0.0,0.0,0.0,1.0,1
"G[0,2](((TroponinI <= 0.000 | MAP <= 98.230) & SBP >= 19.004) & Hgb >= 71.149)
",9999999.000,9999999.000,0.000,1.000,0.000,0,0,0,13,13,0,0,13,0.0,0.0,0.0,0.0,0.0,1.0,1
"G[1,1](FiO2 >= 0.002 & SepsisLabel = 0.000)
",-0.002,-0.002,0.000,1.000,0.000,0,0,0,13,13,0,0,13,0.0,0.0,0.0,0.0,0.0,1.0,1
"G[0,1](EtCO2 < 0.000 & SepsisLabel = 0.000)
",9999999.000,9999999.000,0.000,1.000,0.000,0,0,0,13,13,0,0,13,0.0,0.0,0.0,0.0,0.0,1.0,1
"G[0,2](Chloride >= 0.000 & HCO3 >= 0.000)
",9999999.000,9999999.000,0.000,1.000,0.000,0,0,13,0,0,13,13,0,0.0,0.0,1.0,0.0,0.0,1.0,1
"G[0,1](((Resp >= 18.036 -> Phosphate >= 0.084) & BUN >= 0.092) & pH >= 0.112)
",9999999.000,9999999.000,0.000,1.000,0.000,0,0,0,13,13,0,0,13,0.0,0.0,0.0,0.0,0.0,1.0,1
"G[0,2](WBC > 0.000 & SepsisLabel = 0.000)
",9999999.000,9999999.000,0.000,1.000,0.000,0,0,0,13,13,0,0,13,0.0,0.0,0.0,0.0,0.0,1.0,1
"G[0,2]((DBP >= 26.513 & SaO2 >= 2.114) -> Bilirubin_direct <= 29.221)
",9999999.000,9999999.000,0.000,1.000,0.000,0,0,13,0,0,13,13,0,0.0,0.0,1.0,0.0,0.0,1.0,1
"G[1,2](Bilirubin_direct >= 0.000 -> SepsisLabel = 0.000)
",9999999.000,9999999.000,0.000,1.000,0.000,0,0,13,0,0,13,13,0,0.0,0.0,1.0,0.0,0.0,1.0,1
"G[0,2](Temp <= 36.270 & Resp >= 13.891)
",9999999.000,9999999.000,0.000,1.000,0.000,0,0,8,5,5,8,8,5,0.0,0.0,1.0,0.0,0.0,1.0,1
"G[0,2](Resp <= 28.131 & SepsisLabel = 0.000)
",9999999.000,9999999.000,0.000,1.000,0.000,0,0,12,1,1,12,12,1,0.0,0.0,1.0,0.0,0.0,1.0,1
"F[0,2](((Glucose >= 6.788 -> Resp >= 1.594) -> Phosphate >= 20.082) | PaCO2 >= 7.831)
",-9999999.000,-9999999.000,0.000,0.000,1.000,0,0,0,13,13,0,0,13,0.0,0.0,0.0,0.0,0.0,1.0,-1
