Rule,Discrimination Score,Pos Robustness,Neg Robustness,Percent Class +,Percent Class -,TP,TN,FP,FN,Actual Yes,Actual No,Predicted Yes,Predicted No,TPR/Sens,TNR/Spec,FPR,Precision,Accuracy,MCR
"F[0,0]((EtCO2 >= 0.000 -> Magnesium >= 0.026) & SepsisLabel >= 0.053)
",-1.383,-11.970,0.000,0.000,1.000,22,0,0,0,22,0,22,0,1.0,0,0,1.0,1.0232558139534884,-0.023255813953488413
"F[0,0](((FiO2 <= 0.000 | O2Sat >= 10.769) & Phosphate <= 94.619) & FiO2 >= 2.617)
",-5893104021690181.000,-2.617,0.000,0.000,1.000,22,0,0,0,22,0,22,0,1.0,0,0,1.0,1.0232558139534884,-0.023255813953488413
"F[0,0]((Creatinine >= 0.010 | Glucose >= 16.430) & TroponinI >= 16.451)
",-16.451,-16.451,0.000,0.000,1.000,22,0,0,0,22,0,22,0,1.0,0,0,1.0,1.0232558139534884,-0.023255813953488413
"F[0,0]((DBP >= 50.214 | Platelets >= 3.486) & SepsisLabel >= 1.115)
",-0.028,-0.219,0.000,0.000,1.000,22,0,0,0,22,0,22,0,1.0,0,0,1.0,1.0232558139534884,-0.023255813953488413
"F[0,0](((Hgb <= 9.523 | O2Sat >= 53.187) | Creatinine <= 88.775) -> BUN >= 74.710)
",-6247005284401650.000,-88.775,0.000,0.000,1.000,22,0,0,0,22,0,22,0,1.0,0,0,1.0,1.0232558139534884,-0.023255813953488413
"F[0,0]((BUN >= 0.063 -> Temp >= 1.181) & Lactate >= 11.134)
",-2.095,-75.156,0.000,0.000,1.000,22,0,0,0,22,0,22,0,1.0,0,0,1.0,1.0232558139534884,-0.023255813953488413
"F[0,0]((Glucose >= 16.144 | Resp <= 24.180) -> EtCO2 >= 13.273)
",-0.577,-6.739,0.000,0.000,1.000,22,0,0,0,22,0,22,0,1.0,0,0,1.0,1.0232558139534884,-0.023255813953488413
"F[1,1](Bilirubin_direct < 0.000 & SepsisLabel = 0.000)
",0.000,0.000,0.000,0.000,1.000,21,0,0,1,22,0,21,1,0.9545454545454546,0,0,1.0,0.9767441860465116,0.023255813953488413
"F[1,1]((TroponinI >= 0.016 | BUN <= 6.249) -> Platelets >= 0.579)
",-7036176628301979.000,-6.249,0.000,0.000,1.000,21,0,0,1,22,0,21,1,0.9545454545454546,0,0,1.0,0.9767441860465116,0.023255813953488413
"F[0,1]((Calcium <= 4.505 & Potassium <= 1.686) & Magnesium >= 0.009)
",-9999999.000,-9999999.000,0.000,0.000,1.000,21,0,0,1,22,0,21,1,0.9545454545454546,0,0,1.0,0.9767441860465116,0.023255813953488413
"F[0,1](((WBC <= 0.573 & Magnesium >= 0.069) | Creatinine <= 1.684) -> SepsisLabel >= 0.026)
",-9999999.000,-9999999.000,0.000,0.000,1.000,21,0,0,1,22,0,21,1,0.9545454545454546,0,0,1.0,0.9767441860465116,0.023255813953488413
"F[0,1]((Calcium <= 1.584 & Potassium <= 2.309) & Magnesium >= 0.052)
",-9999999.000,-9999999.000,0.000,0.000,1.000,21,0,0,1,22,0,21,1,0.9545454545454546,0,0,1.0,0.9767441860465116,0.023255813953488413
"F[0,1]((Lactate >= 0.000 & TroponinI <= 1.188) & Lactate >= 0.073)
",-9999999.000,-9999999.000,0.000,0.000,1.000,21,0,0,1,22,0,21,1,0.9545454545454546,0,0,1.0,0.9767441860465116,0.023255813953488413
"F[0,0]((Calcium >= 0.263 & HCO3 <= 0.000) & WBC <= 0.000)
",-0.263,-0.263,0.000,0.000,1.000,21,0,0,1,22,0,21,1,0.9545454545454546,0,0,1.0,0.9767441860465116,0.023255813953488413
"F[1,1](((HR >= 41.691 & Magnesium <= 1.846) & Bilirubin_direct >= 0.091) & BaseExcess >= 0.107)
",-5867482303981358.000,-41.691,0.000,0.000,1.000,21,0,0,1,22,0,21,1,0.9545454545454546,0,0,1.0,0.9767441860465116,0.023255813953488413
"F[1,1](Platelets > 1.489 & SepsisLabel = 0.000)
",-6704797300576110.000,-1.489,0.000,0.000,1.000,21,0,0,1,22,0,21,1,0.9545454545454546,0,0,1.0,0.9767441860465116,0.023255813953488413
"F[0,0](((Temp >= 2.964 -> DBP <= 55.311) & BUN >= 3.964) & pH <= 58.442)
",-5.144,-84.316,0.000,0.000,1.000,21,0,0,1,22,0,21,1,0.9545454545454546,0,0,1.0,0.9767441860465116,0.023255813953488413
"F[0,1](((Potassium <= 3.648 -> Potassium >= 0.061) & Resp <= 1.417) | Bilirubin_total >= 0.210)
",-9999999.000,-9999999.000,0.000,0.000,1.000,21,0,0,1,22,0,21,1,0.9545454545454546,0,0,1.0,0.9767441860465116,0.023255813953488413
"F[1,1]((Calcium <= 7.071 & Potassium <= 3.074) & Magnesium >= 0.033)
",-0.033,-0.033,0.000,0.000,1.000,21,0,0,1,22,0,21,1,0.9545454545454546,0,0,1.0,0.9767441860465116,0.023255813953488413
"F[0,1](((FiO2 <= 0.000 & MAP <= 80.981) & Phosphate <= 93.610) & Lactate >= 43.614)
",-9999999.000,-9999999.000,0.000,0.000,1.000,21,0,0,1,22,0,21,1,0.9545454545454546,0,0,1.0,0.9767441860465116,0.023255813953488413
"F[0,0](((Temp >= 11.212 & Potassium <= 1.969) & DBP <= 2.190) | TroponinI >= 0.007)
",0.312,0.181,0.000,0.000,1.000,20,0,0,2,22,0,20,2,0.9090909090909091,0,0,1.0,0.9302325581395349,0.06976744186046513
"((Creatinine >= 0.011) U[0,0] (Hct >= 0.398))
",0.191,0.064,0.000,0.000,1.000,20,0,0,2,22,0,20,2,0.9090909090909091,0,0,1.0,0.9302325581395349,0.06976744186046513
"F[0,0]((Creatinine >= 0.001 | WBC <= 2.751) -> TroponinI >= 0.093)
",-3097875318307714.500,-2.751,0.000,0.000,1.000,20,0,0,2,22,0,20,2,0.9090909090909091,0,0,1.0,0.9302325581395349,0.06976744186046513
"F[0,0]((Creatinine >= 0.017 & Temp <= 22.783) | BUN >= 10.409)
",-1.793,-7.935,0.000,0.000,1.000,20,0,0,2,22,0,20,2,0.9090909090909091,0,0,1.0,0.9302325581395349,0.06976744186046513
"((Creatinine >= 0.040) U[1,1] (SepsisLabel >= 0.000))
",0.000,0.000,0.000,0.000,1.000,19,0,0,3,22,0,19,3,0.8636363636363636,0,0,1.0,0.8837209302325582,0.11627906976744184
"F[0,1](((HCO3 >= 0.000 -> Glucose >= 16.408) | AST <= 97.080) & Platelets >= 0.914)
",-9999999.000,-9999999.000,0.000,0.000,1.000,19,0,0,3,22,0,19,3,0.8636363636363636,0,0,1.0,0.8837209302325582,0.11627906976744184
"F[0,1](BUN >= 0.411 & SepsisLabel = 0.000)
",-9999999.000,-9999999.000,0.000,0.000,1.000,19,0,0,3,22,0,19,3,0.8636363636363636,0,0,1.0,0.8837209302325582,0.11627906976744184
"((TroponinI >= 0.026) U[1,2] (SepsisLabel = 0.000))
",-9999999.000,-9999999.000,0.000,0.000,1.000,19,0,0,3,22,0,19,3,0.8636363636363636,0,0,1.0,0.8837209302325582,0.11627906976744184
"((SBP >= 52.751) U[0,1] (TroponinI >= 0.033))
",-9999999.000,-9999999.000,0.000,0.000,1.000,19,0,0,3,22,0,19,3,0.8636363636363636,0,0,1.0,0.8837209302325582,0.11627906976744184
"F[0,1]((PaCO2 >= 0.000 & Potassium >= 0.036) & Temp >= 0.194)
",-9999999.000,-9999999.000,0.000,0.000,1.000,19,0,0,3,22,0,19,3,0.8636363636363636,0,0,1.0,0.8837209302325582,0.11627906976744184
"F[0,1](((Platelets <= 5.365 | SBP <= 163.776) | Bilirubin_total <= 109.271) & Hct >= 9.219)
",-9999999.000,-9999999.000,0.000,0.000,1.000,19,0,0,3,22,0,19,3,0.8636363636363636,0,0,1.0,0.8837209302325582,0.11627906976744184
"((DBP <= 54.893) U[0,1] (WBC >= 0.237))
",-9999999.000,-9999999.000,0.000,0.000,1.000,19,0,0,3,22,0,19,3,0.8636363636363636,0,0,1.0,0.8837209302325582,0.11627906976744184
"((Temp <= 32.461) U[0,1] (WBC >= 0.213))
",-9999999.000,-9999999.000,0.000,0.000,1.000,19,0,0,3,22,0,19,3,0.8636363636363636,0,0,1.0,0.8837209302325582,0.11627906976744184
"F[0,1]((O2Sat <= 92.204 -> SBP >= 9.382) & Platelets >= 32.787)
",-9999999.000,-9999999.000,0.000,0.000,1.000,19,0,0,3,22,0,19,3,0.8636363636363636,0,0,1.0,0.8837209302325582,0.11627906976744184
"F[1,1]((Resp <= 22.852 | Resp <= 23.108) -> Creatinine >= 4.516)
",-23.108,-23.108,0.000,0.000,1.000,18,0,0,4,22,0,18,4,0.8181818181818182,0,0,1.0,0.8372093023255814,0.16279069767441856
"F[0,1](Magnesium >= 0.042 | Creatinine >= 0.003)
",-9999999.000,-9999999.000,0.000,0.000,1.000,18,0,0,4,22,0,18,4,0.8181818181818182,0,0,1.0,0.8372093023255814,0.16279069767441856
"F[0,0](((Platelets <= 63.854 -> Bilirubin_direct >= 0.000) & HR <= 0.000) & MAP <= 0.000)
",-37641.000,-37641.000,0.000,0.000,1.000,18,0,0,4,22,0,18,4,0.8181818181818182,0,0,1.0,0.8372093023255814,0.16279069767441856
"F[1,1]((Alkalinephos <= 0.000 | Lactate <= 0.000) -> Resp <= 0.000)
",0.000,0.000,0.000,0.000,1.000,17,0,0,5,22,0,17,5,0.7727272727272727,0,0,1.0,0.7906976744186046,0.2093023255813954
"F[0,0](Creatinine >= 0.003 | Glucose >= 14.386)
",-0.003,-0.003,0.000,0.000,1.000,16,0,0,6,22,0,16,6,0.7272727272727273,0,0,1.0,0.7441860465116279,0.2558139534883721
"((Glucose >= 13.506) U[1,1] (SepsisLabel = 0.000))
",0.000,0.000,0.000,0.000,1.000,15,0,0,7,22,0,15,7,0.6818181818181818,0,0,1.0,0.6976744186046512,0.3023255813953488
"F[0,0](((Chloride <= 0.000 -> BaseExcess >= 0.000) -> O2Sat >= 0.000) -> MAP <= 0.000)
",1.621,50.381,0.000,0.000,1.000,15,0,0,7,22,0,15,7,0.6818181818181818,0,0,1.0,0.6976744186046512,0.3023255813953488
"F[0,0]((Fibrinogen >= 0.000 | Hgb <= 8.299) -> Temp >= 0.231)
",-2.007,-75.205,0.000,0.000,1.000,14,0,0,8,22,0,14,8,0.6363636363636364,0,0,1.0,0.6511627906976745,0.34883720930232553
"F[0,1](((Resp <= 24.582 & O2Sat >= 66.528) -> Hgb >= 13.092) | EtCO2 >= 41.548)
",-9999999.000,-9999999.000,0.000,0.000,1.000,14,0,0,8,22,0,14,8,0.6363636363636364,0,0,1.0,0.6511627906976745,0.34883720930232553
"((SaO2 >= 0.000) U[1,1] (SBP <= 122.128))
",4297007815390721.500,122.128,0.000,0.000,1.000,14,0,0,8,22,0,14,8,0.6363636363636364,0,0,1.0,0.6511627906976745,0.34883720930232553
"F[0,1](MAP < 71.734 & SepsisLabel = 0.000)
",-9999999.000,-9999999.000,0.000,0.000,1.000,13,0,0,9,22,0,13,9,0.5909090909090909,0,0,1.0,0.6046511627906976,0.39534883720930236
"F[0,0]((Hct <= 25.584 & Resp >= 9.474) -> PaCO2 >= 9.687)
",-1.152,-17.144,0.000,0.000,1.000,13,0,0,9,22,0,13,9,0.5909090909090909,0,0,1.0,0.6046511627906976,0.39534883720930236
"F[0,0](Resp <= 15.361 | TroponinI >= 0.025)
",0.555,3.638,0.000,0.000,1.000,12,0,0,10,22,0,12,10,0.5454545454545454,0,0,1.0,0.5581395348837209,0.4418604651162791
"F[0,0](((Phosphate <= 2.214 | Platelets <= 7.426) -> MAP <= 76.921) | Hct >= 2.459)
",-5.667,-2.365,0.000,0.000,1.000,12,0,0,10,22,0,12,10,0.5454545454545454,0,0,1.0,0.5581395348837209,0.4418604651162791
"F[1,1]((pH >= 0.000 -> Temp <= 19.271) | PTT >= 8.928)
",-5026255687833006.000,-8.928,0.000,0.000,1.000,12,0,0,10,22,0,12,10,0.5454545454545454,0,0,1.0,0.5581395348837209,0.4418604651162791
"((MAP >= 59.124) U[1,1] (SBP <= 144.067))
",5068923621576386.000,144.067,0.000,0.000,1.000,10,0,0,12,22,0,10,12,0.45454545454545453,0,0,1.0,0.46511627906976744,0.5348837209302326
"((BUN >= 0.250) U[1,2] (Resp <= 19.698))
",-9999999.000,-9999999.000,0.000,0.000,1.000,10,0,0,12,22,0,10,12,0.45454545454545453,0,0,1.0,0.46511627906976744,0.5348837209302326
"F[0,0](Resp <= 15.676 | Temp >= 1.989)
",2.120,74.780,0.000,0.000,1.000,9,0,0,13,22,0,9,13,0.4090909090909091,0,0,1.0,0.4186046511627907,0.5813953488372092
"F[1,1](((Hct >= 0.478 & Magnesium >= 0.032) | O2Sat >= 0.013) & Temp >= 0.113)
",-4070686054133114.500,-0.113,0.000,0.000,1.000,9,0,0,13,22,0,9,13,0.4090909090909091,0,0,1.0,0.4186046511627907,0.5813953488372092
"((MAP >= 55.934) U[0,0] (SBP <= 144.996))
",6.929,127.458,0.000,0.000,1.000,7,0,0,15,22,0,7,15,0.3181818181818182,0,0,1.0,0.32558139534883723,0.6744186046511628
"((Potassium <= 2.648) U[0,0] (Resp >= 1.127))
",1.825,49.272,0.000,0.000,1.000,7,0,0,15,22,0,7,15,0.3181818181818182,0,0,1.0,0.32558139534883723,0.6744186046511628
"((Resp >= 11.751) U[1,1] (SepsisLabel = 0.000))
",0.000,0.000,0.000,0.000,1.000,6,0,0,16,22,0,6,16,0.2727272727272727,0,0,1.0,0.27906976744186046,0.7209302325581395
"((MAP >= 21.183) U[1,2] (SBP <= 154.439))
",-9999999.000,-9999999.000,0.000,0.000,1.000,6,0,0,16,22,0,6,16,0.2727272727272727,0,0,1.0,0.27906976744186046,0.7209302325581395
"((Chloride <= 0.000) U[0,0] (SBP >= 13.616))
",0.953,11.054,0.000,0.000,1.000,6,0,0,16,22,0,6,16,0.2727272727272727,0,0,1.0,0.27906976744186046,0.7209302325581395
"F[1,1]((Platelets <= 4.419 | Temp >= 12.303) -> MAP >= 0.004)
",-4975878909218469.000,-4.419,0.000,0.000,1.000,5,0,0,17,22,0,5,17,0.22727272727272727,0,0,1.0,0.23255813953488372,0.7674418604651163
"((MAP >= 41.173) U[0,1] (SBP <= 134.361))
",-9999999.000,-9999999.000,0.000,0.000,1.000,5,0,0,17,22,0,5,17,0.22727272727272727,0,0,1.0,0.23255813953488372,0.7674418604651163
"F[0,1](((MAP <= 82.979 | Phosphate >= 0.031) -> Hct >= 0.008) & pH <= 0.732)
",-9999999.000,-9999999.000,0.000,0.000,1.000,4,0,0,18,22,0,4,18,0.18181818181818182,0,0,1.0,0.18604651162790697,0.813953488372093
"F[1,1](BUN <= 9.659 -> Resp >= 11.462)
",-5437629320456722.000,-9.659,0.000,0.000,1.000,4,0,0,18,22,0,4,18,0.18181818181818182,0,0,1.0,0.18604651162790697,0.813953488372093
"F[0,1](MAP >= 52.375 & SepsisLabel >= 0.000)
",-9999999.000,-9999999.000,0.000,0.000,1.000,3,0,0,19,22,0,3,19,0.13636363636363635,0,0,1.0,0.13953488372093023,0.8604651162790697
"F[1,1](SBP > 78.485 & SepsisLabel = 0.000)
",-78.485,-78.485,0.000,0.000,1.000,3,0,0,19,22,0,3,19,0.13636363636363635,0,0,1.0,0.13953488372093023,0.8604651162790697
"((MAP >= 1.945) U[1,2] (SBP <= 134.278))
",-9999999.000,-9999999.000,0.000,0.000,1.000,3,0,0,19,22,0,3,19,0.13636363636363635,0,0,1.0,0.13953488372093023,0.8604651162790697
"((MAP >= 32.730) U[0,1] (SBP <= 153.433))
",-9999999.000,-9999999.000,0.000,0.000,1.000,2,0,0,20,22,0,2,20,0.09090909090909091,0,0,1.0,0.09302325581395349,0.9069767441860466
"F[0,0](((Calcium < 5.050 & Potassium < 1.585) & Magnesium < 2.093) & Phosphate < 0.576)
",5184721386608302.000,0.576,0.000,0.000,1.000,2,0,0,20,22,0,2,20,0.09090909090909091,0,0,1.0,0.09302325581395349,0.9069767441860466
"((Phosphate <= 0.809) U[1,1] (Potassium <= 1.308))
",1.308,1.308,0.000,0.000,1.000,2,0,0,20,22,0,2,20,0.09090909090909091,0,0,1.0,0.09302325581395349,0.9069767441860466
"F[0,1](PTT >= 0.000 -> Resp >= 2.355)
",-9999999.000,-9999999.000,0.000,0.000,1.000,2,0,0,20,22,0,2,20,0.09090909090909091,0,0,1.0,0.09302325581395349,0.9069767441860466
"((Creatinine <= 0.286) U[1,1] (Platelets <= 35.558))
",35.558,35.558,0.000,0.000,1.000,2,0,0,20,22,0,2,20,0.09090909090909091,0,0,1.0,0.09302325581395349,0.9069767441860466
"((Calcium >= 0.098) U[0,1] (Resp >= 4.158))
",-9999999.000,-9999999.000,0.000,0.000,1.000,2,0,0,20,22,0,2,20,0.09090909090909091,0,0,1.0,0.09302325581395349,0.9069767441860466
"((Creatinine <= 0.502) U[1,2] (WBC <= 1.704))
",-9999999.000,-9999999.000,0.000,0.000,1.000,2,0,0,20,22,0,2,20,0.09090909090909091,0,0,1.0,0.09302325581395349,0.9069767441860466
"((Hgb <= 8.165) U[1,1] (BUN <= 10.411))
",5860828187826994.000,10.411,0.000,0.000,1.000,2,0,0,20,22,0,2,20,0.09090909090909091,0,0,1.0,0.09302325581395349,0.9069767441860466
"((TroponinI <= 1.705) U[1,1] (BaseExcess <= 0.000))
",1.705,1.705,0.000,0.000,1.000,2,0,0,20,22,0,2,20,0.09090909090909091,0,0,1.0,0.09302325581395349,0.9069767441860466
"((Hct <= 20.981) U[1,1] (Phosphate <= 1.615))
",2952878730077021.500,20.981,0.000,0.000,1.000,2,0,0,20,22,0,2,20,0.09090909090909091,0,0,1.0,0.09302325581395349,0.9069767441860466
"((MAP >= 5.972) U[0,0] (SBP <= 155.121))
",9.087,142.128,0.000,0.000,1.000,2,0,0,20,22,0,2,20,0.09090909090909091,0,0,1.0,0.09302325581395349,0.9069767441860466
"F[0,0](Creatinine <= 0.358 | DBP <= 55.606)
",0.721,18.774,0.000,0.000,1.000,2,0,0,20,22,0,2,20,0.09090909090909091,0,0,1.0,0.09302325581395349,0.9069767441860466
"((Calcium <= 5.445) U[1,1] (SepsisLabel = 0.000))
",5.445,5.445,0.000,0.000,1.000,2,0,0,20,22,0,2,20,0.09090909090909091,0,0,1.0,0.09302325581395349,0.9069767441860466
"F[0,1](Resp >= 4.999 & SepsisLabel = 0.000)
",-9999999.000,-9999999.000,0.000,0.000,1.000,2,0,0,20,22,0,2,20,0.09090909090909091,0,0,1.0,0.09302325581395349,0.9069767441860466
"F[0,0](((Calcium < 8.463 & Potassium < 1.513) & Magnesium < 0.764) & Phosphate < 1.705)
",3441697913357946.000,0.764,0.000,0.000,1.000,2,0,0,20,22,0,2,20,0.09090909090909091,0,0,1.0,0.09302325581395349,0.9069767441860466
"F[1,1](((Calcium < 8.781 & Potassium < 1.738) & Magnesium < 0.583) & Phosphate < 1.577)
",5251433094765794.000,0.583,0.000,0.000,1.000,1,0,0,21,22,0,1,21,0.045454545454545456,0,0,1.0,0.046511627906976744,0.9534883720930233
"((Hgb >= 0.178) U[0,0] (Phosphate <= 0.788))
",0.339,2.318,0.000,0.000,1.000,1,0,0,21,22,0,1,21,0.045454545454545456,0,0,1.0,0.046511627906976744,0.9534883720930233
"F[0,1](DBP >= 24.711 | TroponinI >= 0.069)
",-9999999.000,-9999999.000,0.000,0.000,1.000,1,0,0,21,22,0,1,21,0.045454545454545456,0,0,1.0,0.046511627906976744,0.9534883720930233
"F[0,0]((Phosphate >= 0.027 & Magnesium > 0.056) -> Calcium < 5.857)
",-3297219940861678.000,-5.857,0.000,0.000,1.000,1,0,0,21,22,0,1,21,0.045454545454545456,0,0,1.0,0.046511627906976744,0.9534883720930233
"F[0,1]((BaseExcess <= 0.000 -> O2Sat >= 51.815) & DBP <= 99.250)
",-9999999.000,-9999999.000,0.000,0.000,1.000,1,0,0,21,22,0,1,21,0.045454545454545456,0,0,1.0,0.046511627906976744,0.9534883720930233
"F[0,0](Temp >= 14.226 -> TroponinI <= 1.172)
",-1.818,-62.845,0.000,0.000,1.000,1,0,0,21,22,0,1,21,0.045454545454545456,0,0,1.0,0.046511627906976744,0.9534883720930233
"F[0,0]((Phosphate >= 0.005 & Magnesium > 0.038) -> Calcium < 7.731)
",-8704878417222973.000,-7.731,0.000,0.000,1.000,1,0,0,21,22,0,1,21,0.045454545454545456,0,0,1.0,0.046511627906976744,0.9534883720930233
"F[1,1](Bilirubin_direct >= 0.000 -> SBP <= 159.178)
",-159.178,-159.178,0.000,0.000,1.000,1,0,0,21,22,0,1,21,0.045454545454545456,0,0,1.0,0.046511627906976744,0.9534883720930233
"F[1,1](((SepsisLabel <= 0.000 -> SepsisLabel >= 0.000) | Platelets >= 0.000) | pH <= 0.000)
",0.000,0.000,0.000,0.000,1.000,0,0,0,22,22,0,0,22,0.0,0,0,0.0,0.0,1.0
"F[0,2](((WBC <= 3.234 -> Platelets >= 0.533) | Alkalinephos <= 14.851) -> FiO2 >= 2.923)
",-9999999.000,-9999999.000,0.000,0.000,1.000,0,0,0,22,22,0,0,22,0.0,0,0,0.0,0.0,1.0
"F[1,2](SBP <= 131.151 & WBC <= 0.758)
",-9999999.000,-9999999.000,0.000,0.000,1.000,0,0,0,22,22,0,0,22,0.0,0,0,0.0,0.0,1.0
"F[0,1]((Lactate >= 0.000 & Lactate >= 0.000) & SepsisLabel >= 0.000)
",-9999999.000,-9999999.000,0.000,0.000,1.000,0,0,0,22,22,0,0,22,0.0,0,0,0.0,0.0,1.0
"F[0,2]((Temp >= 16.084 | SepsisLabel <= 0.000) -> DBP >= 0.000)
",-9999999.000,-9999999.000,0.000,0.000,1.000,0,0,0,22,22,0,0,22,0.0,0,0,0.0,0.0,1.0
"((Bilirubin_direct >= 0.000) U[0,2] (Temp <= 30.148))
",-9999999.000,-9999999.000,0.000,0.000,1.000,0,0,0,22,22,0,0,22,0.0,0,0,0.0,0.0,1.0
"F[0,1](((Platelets >= 0.390 -> AST >= 0.000) -> Resp >= 0.000) & AST <= 0.000)
",-9999999.000,-9999999.000,0.000,0.000,1.000,0,0,0,22,22,0,0,22,0.0,0,0,0.0,0.0,1.0
"F[0,2](((Chloride <= 0.000 & Glucose <= 127.776) | HR >= 13.670) -> Hct >= 16.616)
",-9999999.000,-9999999.000,0.000,0.000,1.000,0,0,0,22,22,0,0,22,0.0,0,0,0.0,0.0,1.0
"((FiO2 >= 0.000) U[1,2] (Glucose >= 9.060))
",-9999999.000,-9999999.000,0.000,0.000,1.000,0,0,0,22,22,0,0,22,0.0,0,0,0.0,0.0,1.0
"F[0,0]((Magnesium >= 0.054 | HCO3 >= 0.000) -> Resp >= 0.000)
",-1.734,-49.500,0.000,0.000,1.000,0,0,0,22,22,0,0,22,0.0,0,0,0.0,0.0,1.0
"F[0,2]((Phosphate >= 0.046 -> BaseExcess >= 0.000) -> PaCO2 <= 0.000)
",-9999999.000,-9999999.000,0.000,0.000,1.000,0,0,0,22,22,0,0,22,0.0,0,0,0.0,0.0,1.0
"F[1,1](((Potassium >= 0.083 & Glucose >= 6.284) | Platelets <= 34.745) & Lactate <= 132.066)
",4889911664992894.000,34.745,0.000,0.000,1.000,0,0,0,22,22,0,0,22,0.0,0,0,0.0,0.0,1.0
"F[1,2]((AST >= 0.000 & BaseExcess >= 0.000) | O2Sat <= 0.000)
",-9999999.000,-9999999.000,0.000,0.000,1.000,0,0,0,22,22,0,0,22,0.0,0,0,0.0,0.0,1.0
"F[0,1]((MAP <= 82.595 | Fibrinogen <= 0.000) | HCO3 <= 0.000)
",-9999999.000,-9999999.000,0.000,0.000,1.000,0,0,0,22,22,0,0,22,0.0,0,0,0.0,0.0,1.0
"F[1,2](Lactate <= 0.000 & Hgb >= 0.465)
",-9999999.000,-9999999.000,0.000,0.000,1.000,0,0,0,22,22,0,0,22,0.0,0,0,0.0,0.0,1.0
"F[0,0]((MAP >= 8.356 -> Bilirubin_total <= 0.000) & HR >= 0.000)
",-1.730,-93.609,0.000,0.000,1.000,0,0,0,22,22,0,0,22,0.0,0,0,0.0,0.0,1.0
"F[2,2](((WBC >= 0.242 -> O2Sat >= 78.168) | Calcium >= 24.296) | HR >= 62.870)
",4358426741875790.500,0.242,0.000,0.000,1.000,0,0,0,22,22,0,0,22,0.0,0,0,0.0,0.0,1.0
"((HCO3 <= 0.000) U[1,2] (Creatinine >= 0.031))
",-9999999.000,-9999999.000,0.000,0.000,1.000,0,0,0,22,22,0,0,22,0.0,0,0,0.0,0.0,1.0
"((PaCO2 >= 0.000) U[0,2] (SaO2 >= 0.000))
",-9999999.000,-9999999.000,0.000,0.000,1.000,0,0,0,22,22,0,0,22,0.0,0,0,0.0,0.0,1.0
"F[0,2]((SBP <= 137.024 & HR >= 22.436) & SepsisLabel >= 7.336)
",-9999999.000,-9999999.000,0.000,0.000,1.000,0,0,0,22,22,0,0,22,0.0,0,0,0.0,0.0,1.0
"F[1,2](((AST <= 0.000 | Fibrinogen <= 0.000) & HR <= 0.000) | pH <= 0.000)
",-9999999.000,-9999999.000,0.000,0.000,1.000,0,0,0,22,22,0,0,22,0.0,0,0,0.0,0.0,1.0
"F[1,2](((Creatinine <= 0.302 | Chloride <= 0.000) | DBP <= 0.000) -> DBP >= 0.000)
",-9999999.000,-9999999.000,0.000,0.000,1.000,0,0,0,22,22,0,0,22,0.0,0,0,0.0,0.0,1.0
"F[1,1](((Lactate <= 0.000 | BUN <= 8.339) -> Bilirubin_total <= 7.700) & PTT <= 5.622)
",-2347313320730397.500,-8.339,0.000,0.000,1.000,0,0,0,22,22,0,0,22,0.0,0,0,0.0,0.0,1.0
"F[0,2](DBP <= 72.769 | Glucose <= 61.283)
",-9999999.000,-9999999.000,0.000,0.000,1.000,0,0,0,22,22,0,0,22,0.0,0,0,0.0,0.0,1.0
"((Glucose >= 2.608) U[0,1] (BaseExcess >= 0.000))
",-9999999.000,-9999999.000,0.000,0.000,1.000,0,0,0,22,22,0,0,22,0.0,0,0,0.0,0.0,1.0
"((SaO2 <= 0.000) U[1,2] (WBC >= 0.011))
",-9999999.000,-9999999.000,0.000,0.000,1.000,0,0,0,22,22,0,0,22,0.0,0,0,0.0,0.0,1.0
"F[2,2]((HR <= 70.053 & Phosphate >= 0.044) & TroponinI <= 0.141)
",-0.044,-0.044,0.000,0.000,1.000,0,0,0,22,22,0,0,22,0.0,0,0,0.0,0.0,1.0
"F[0,2](((Bilirubin_total >= 0.000 -> Magnesium >= 0.118) -> BUN >= 0.123) -> Temp >= 0.039)
",-9999999.000,-9999999.000,0.000,0.000,1.000,0,0,0,22,22,0,0,22,0.0,0,0,0.0,0.0,1.0
"((TroponinI <= 1.121) U[0,1] (pH <= 0.000))
",-9999999.000,-9999999.000,0.000,0.000,1.000,0,0,0,22,22,0,0,22,0.0,0,0,0.0,0.0,1.0
"F[1,1](pH >= 0.000 & FiO2 <= 0.000)
",0.000,0.000,0.000,0.000,1.000,0,0,0,22,22,0,0,22,0.0,0,0,0.0,0.0,1.0
"F[0,1]((AST <= 0.000 & SBP <= 136.348) -> SepsisLabel <= 142.923)
",-9999999.000,-9999999.000,0.000,0.000,1.000,0,0,0,22,22,0,0,22,0.0,0,0,0.0,0.0,1.0
"F[1,1](((FiO2 >= 0.000 -> BaseExcess <= 0.000) | Bilirubin_direct <= 0.000) & Hct <= 0.000)
",0.000,0.000,0.000,0.000,1.000,0,0,0,22,22,0,0,22,0.0,0,0,0.0,0.0,1.0
"F[2,2]((DBP >= 0.069 -> EtCO2 >= 0.000) -> FiO2 <= 0.000)
",0.000,0.000,0.000,0.000,1.000,0,0,0,22,22,0,0,22,0.0,0,0,0.0,0.0,1.0
"((PTT >= 0.000) U[1,2] (SepsisLabel <= 0.000))
",-9999999.000,-9999999.000,0.000,0.000,1.000,0,0,0,22,22,0,0,22,0.0,0,0,0.0,0.0,1.0
"F[1,2](Temp <= 29.127 | Hct >= 0.556)
",-9999999.000,-9999999.000,0.000,0.000,1.000,0,0,0,22,22,0,0,22,0.0,0,0,0.0,0.0,1.0
"F[2,2]((Creatinine >= 0.010 -> Phosphate <= 1.662) | SepsisLabel >= 0.027)
",-0.027,-0.027,0.000,0.000,1.000,0,0,0,22,22,0,0,22,0.0,0,0,0.0,0.0,1.0
"F[0,0](((Phosphate >= 0.041 & Potassium <= 0.946) | Hct >= 0.051) | WBC <= 1.454)
",15.237,1.476,0.000,0.000,1.000,0,0,0,22,22,0,0,22,0.0,0,0,0.0,0.0,1.0
"((pH <= 0.000) U[1,2] (PaCO2 <= 0.000))
",-9999999.000,-9999999.000,0.000,0.000,1.000,0,0,0,22,22,0,0,22,0.0,0,0,0.0,0.0,1.0
"F[1,2](((Magnesium <= 1.242 & EtCO2 <= 0.000) -> Fibrinogen >= 0.000) & Bilirubin_direct >= 0.000)
",-9999999.000,-9999999.000,0.000,0.000,1.000,0,0,0,22,22,0,0,22,0.0,0,0,0.0,0.0,1.0
"F[0,1](((SepsisLabel >= 0.000 | pH <= 0.000) | Bilirubin_direct >= 0.000) | Platelets >= 0.000)
",-9999999.000,-9999999.000,0.000,0.000,1.000,0,0,0,22,22,0,0,22,0.0,0,0,0.0,0.0,1.0
"((WBC <= 1.027) U[0,2] (BUN >= 0.622))
",-9999999.000,-9999999.000,0.000,0.000,1.000,0,0,0,22,22,0,0,22,0.0,0,0,0.0,0.0,1.0
"F[0,2]((Temp >= 3.386 -> PaCO2 <= 0.000) | Chloride >= 0.000)
",-9999999.000,-9999999.000,0.000,0.000,1.000,0,0,0,22,22,0,0,22,0.0,0,0,0.0,0.0,1.0
"F[0,1]((Calcium >= 0.411 & TroponinI >= 0.012) -> TroponinI <= 1.625)
",-9999999.000,-9999999.000,0.000,0.000,1.000,0,0,0,22,22,0,0,22,0.0,0,0,0.0,0.0,1.0
"F[2,2](Hgb <= 5.739 | Hct <= 7.199)
",7.199,7.199,0.000,0.000,1.000,0,0,0,22,22,0,0,22,0.0,0,0,0.0,0.0,1.0
"F[0,1](((Calcium <= 3.716 | Phosphate <= 0.676) & Glucose <= 0.898) | Platelets >= 0.021)
",-9999999.000,-9999999.000,0.000,0.000,1.000,0,0,0,22,22,0,0,22,0.0,0,0,0.0,0.0,1.0
"((HCO3 >= 0.000) U[2,2] (Hgb >= 0.414))
",0.000,0.000,0.000,0.000,1.000,0,0,0,22,22,0,0,22,0.0,0,0,0.0,0.0,1.0
"F[0,2]((Platelets <= 14.243 & AST <= 0.000) -> DBP <= 0.000)
",-9999999.000,-9999999.000,0.000,0.000,1.000,0,0,0,22,22,0,0,22,0.0,0,0,0.0,0.0,1.0
"F[2,2]((HCO3 <= 0.000 -> Fibrinogen <= 0.000) | pH <= 0.000)
",0.000,0.000,0.000,0.000,1.000,0,0,0,22,22,0,0,22,0.0,0,0,0.0,0.0,1.0
"F[2,2](((SepsisLabel >= 0.000 & Hgb <= 2.717) & Calcium >= 0.290) -> PaCO2 <= 2.416)
",-2720450904837331.000,-2.416,0.000,0.000,1.000,0,0,0,22,22,0,0,22,0.0,0,0,0.0,0.0,1.0
"F[2,2](((O2Sat <= 99.738 -> BaseExcess >= 0.000) & Phosphate <= 0.000) | Creatinine >= 0.000)
",0.000,0.000,0.000,0.000,1.000,0,0,0,22,22,0,0,22,0.0,0,0,0.0,0.0,1.0
"F[0,1]((Alkalinephos >= 0.000 | HCO3 <= 0.000) -> Glucose >= 0.000)
",-9999999.000,-9999999.000,0.000,0.000,1.000,0,0,0,22,22,0,0,22,0.0,0,0,0.0,0.0,1.0
"((Hct <= 10.098) U[0,1] (Bilirubin_total >= 0.000))
",-9999999.000,-9999999.000,0.000,0.000,1.000,0,0,0,22,22,0,0,22,0.0,0,0,0.0,0.0,1.0
"F[0,2](Bilirubin_total <= 0.000 -> FiO2 <= 0.000)
",-9999999.000,-9999999.000,0.000,0.000,1.000,0,0,0,22,22,0,0,22,0.0,0,0,0.0,0.0,1.0
"F[1,2](((DBP >= 14.870 -> Phosphate <= 0.207) | PTT >= 0.017) | Bilirubin_direct >= 0.030)
",-9999999.000,-9999999.000,0.000,0.000,1.000,0,0,0,22,22,0,0,22,0.0,0,0,0.0,0.0,1.0
"F[0,2](((Lactate <= 0.000 -> Hgb <= 6.209) -> TroponinI >= 0.337) & Creatinine <= 9.902)
",-9999999.000,-9999999.000,0.000,0.000,1.000,0,0,0,22,22,0,0,22,0.0,0,0,0.0,0.0,1.0
"F[1,2](((AST >= 0.000 -> Resp <= 16.725) -> Phosphate <= 17.198) | Resp >= 2.329)
",-9999999.000,-9999999.000,0.000,0.000,1.000,0,0,0,22,22,0,0,22,0.0,0,0,0.0,0.0,1.0
"F[0,1]((Hct >= 1.248 & Alkalinephos >= 0.000) | AST >= 0.000)
",-9999999.000,-9999999.000,0.000,0.000,1.000,0,0,0,22,22,0,0,22,0.0,0,0,0.0,0.0,1.0
"F[0,2](SaO2 >= 0.000 | pH <= 0.000)
",-9999999.000,-9999999.000,0.000,0.000,1.000,0,0,0,22,22,0,0,22,0.0,0,0,0.0,0.0,1.0
"F[0,2](((HCO3 >= 0.000 | FiO2 <= 0.000) -> BUN >= 0.000) -> AST <= 0.000)
",-9999999.000,-9999999.000,0.000,0.000,1.000,0,0,0,22,22,0,0,22,0.0,0,0,0.0,0.0,1.0
"F[1,2](((pH >= 0.000 -> Magnesium <= 1.857) -> AST <= 0.839) | PTT <= 0.781)
",-9999999.000,-9999999.000,0.000,0.000,1.000,0,0,0,22,22,0,0,22,0.0,0,0,0.0,0.0,1.0
"((DBP <= 60.283) U[0,2] (TroponinI <= 0.828))
",-9999999.000,-9999999.000,0.000,0.000,1.000,0,0,0,22,22,0,0,22,0.0,0,0,0.0,0.0,1.0
"F[0,1]((Calcium <= 8.854 & PTT >= 0.000) & SBP >= 0.000)
",-9999999.000,-9999999.000,0.000,0.000,1.000,0,0,0,22,22,0,0,22,0.0,0,0,0.0,0.0,1.0
"F[1,2](FiO2 >= 0.000 | WBC <= 3.535)
",-9999999.000,-9999999.000,0.000,0.000,1.000,0,0,0,22,22,0,0,22,0.0,0,0,0.0,0.0,1.0
"F[0,2](HR <= 80.919 & Bilirubin_direct >= 0.000)
",-9999999.000,-9999999.000,0.000,0.000,1.000,0,0,0,22,22,0,0,22,0.0,0,0,0.0,0.0,1.0
"F[2,2]((Magnesium >= 0.040 -> Temp >= 16.425) & SBP >= 4.003)
",-4506715727877650.000,-4.003,0.000,0.000,1.000,0,0,0,22,22,0,0,22,0.0,0,0,0.0,0.0,1.0
"F[0,2](WBC >= 0.218 & EtCO2 >= 0.000)
",-9999999.000,-9999999.000,0.000,0.000,1.000,0,0,0,22,22,0,0,22,0.0,0,0,0.0,0.0,1.0
"F[1,2](Hct <= 26.912 | Platelets <= 87.975)
",-9999999.000,-9999999.000,0.000,0.000,1.000,0,0,0,22,22,0,0,22,0.0,0,0,0.0,0.0,1.0
"F[1,2]((TroponinI >= 0.087 -> Bilirubin_direct >= 0.000) & Potassium <= 0.000)
",-9999999.000,-9999999.000,0.000,0.000,1.000,0,0,0,22,22,0,0,22,0.0,0,0,0.0,0.0,1.0
"F[0,1](((Platelets <= 39.292 | PTT <= 0.000) -> MAP <= 0.000) | Lactate <= 0.000)
",-9999999.000,-9999999.000,0.000,0.000,1.000,0,0,0,22,22,0,0,22,0.0,0,0,0.0,0.0,1.0
"((SaO2 >= 0.000) U[0,2] (Bilirubin_direct <= 0.000))
",-9999999.000,-9999999.000,0.000,0.000,1.000,0,0,0,22,22,0,0,22,0.0,0,0,0.0,0.0,1.0
"F[1,1](((pH >= 0.000 & MAP >= 18.683) -> Glucose <= 92.610) -> Bilirubin_direct <= 89.729)
",-3157051678266994.000,-89.729,0.000,0.000,1.000,0,0,0,22,22,0,0,22,0.0,0,0,0.0,0.0,1.0
"F[1,1]((Glucose >= 10.867 -> Bilirubin_direct >= 0.000) -> MAP >= 0.000)
",0.000,0.000,0.000,0.000,1.000,0,0,0,22,22,0,0,22,0.0,0,0,0.0,0.0,1.0
"F[1,2]((SepsisLabel <= 0.000 -> TroponinI <= 0.774) | PaCO2 >= 0.081)
",-9999999.000,-9999999.000,0.000,0.000,1.000,0,0,0,22,22,0,0,22,0.0,0,0,0.0,0.0,1.0
"F[0,2](Hct <= 1.644 -> Hct <= 1.554)
",-9999999.000,-9999999.000,0.000,0.000,1.000,0,0,0,22,22,0,0,22,0.0,0,0,0.0,0.0,1.0
"F[0,2](((SBP <= 111.582 & Alkalinephos >= 0.000) -> Fibrinogen >= 0.000) -> O2Sat <= 0.000)
",-9999999.000,-9999999.000,0.000,0.000,1.000,0,0,0,22,22,0,0,22,0.0,0,0,0.0,0.0,1.0
"((Potassium <= 1.022) U[0,1] (EtCO2 >= 0.000))
",-9999999.000,-9999999.000,0.000,0.000,1.000,0,0,0,22,22,0,0,22,0.0,0,0,0.0,0.0,1.0
"F[1,1]((Chloride >= 0.000 & Alkalinephos >= 0.000) & DBP >= 0.000)
",0.000,0.000,0.000,0.000,1.000,0,0,0,22,22,0,0,22,0.0,0,0,0.0,0.0,1.0
"F[0,1](PaCO2 >= 0.000 -> Lactate <= 0.000)
",-9999999.000,-9999999.000,0.000,0.000,1.000,0,0,0,22,22,0,0,22,0.0,0,0,0.0,0.0,1.0
"F[0,2](FiO2 <= 0.000 -> Magnesium <= 1.343)
",-9999999.000,-9999999.000,0.000,0.000,1.000,0,0,0,22,22,0,0,22,0.0,0,0,0.0,0.0,1.0
"F[2,2](((BUN >= 0.366 -> Chloride >= 0.000) -> WBC >= 0.000) & BaseExcess <= 0.000)
",0.000,0.000,0.000,0.000,1.000,0,0,0,22,22,0,0,22,0.0,0,0,0.0,0.0,1.0
"((Resp <= 22.294) U[1,1] (Lactate >= 0.000))
",6275176118289791.000,22.294,0.000,0.000,1.000,0,0,0,22,22,0,0,22,0.0,0,0,0.0,0.0,1.0
"F[1,2](((WBC >= 0.136 -> BaseExcess >= 0.000) & Magnesium >= 0.000) | SBP >= 0.000)
",-9999999.000,-9999999.000,0.000,0.000,1.000,0,0,0,22,22,0,0,22,0.0,0,0,0.0,0.0,1.0
"F[2,2](((MAP <= 88.317 | Potassium <= 1.701) -> Resp <= 1.982) -> PTT >= 0.164)
",2950878482795709.500,0.164,0.000,0.000,1.000,0,0,0,22,22,0,0,22,0.0,0,0,0.0,0.0,1.0
"F[1,1](((SaO2 >= 0.000 | MAP <= 95.049) | WBC >= 28.707) & SaO2 <= 96.084)
",6688451135572914.000,95.049,0.000,0.000,1.000,0,0,0,22,22,0,0,22,0.0,0,0,0.0,0.0,1.0
"F[0,0](((SaO2 <= 0.000 & HCO3 >= 0.000) -> Magnesium >= 0.000) & HR >= 0.000)
",0.000,0.000,0.000,0.000,1.000,0,0,0,22,22,0,0,22,0.0,0,0,0.0,0.0,1.0
"F[1,2](((Hgb >= 0.365 & Temp >= 7.215) -> BaseExcess >= 5.986) | pH >= 13.130)
",-9999999.000,-9999999.000,0.000,0.000,1.000,0,0,0,22,22,0,0,22,0.0,0,0,0.0,0.0,1.0
"F[1,1]((Phosphate >= 0.023 | PaCO2 >= 0.000) & O2Sat >= 0.000)
",0.000,0.000,0.000,0.000,1.000,0,0,0,22,22,0,0,22,0.0,0,0,0.0,0.0,1.0
"F[0,1](Chloride >= 0.000 | Chloride >= 0.000)
",-9999999.000,-9999999.000,0.000,0.000,1.000,0,0,0,22,22,0,0,22,0.0,0,0,0.0,0.0,1.0
"((Bilirubin_total <= 0.000) U[1,2] (Hgb <= 8.103))
",-9999999.000,-9999999.000,0.000,0.000,1.000,0,0,0,22,22,0,0,22,0.0,0,0,0.0,0.0,1.0
"((PTT >= 0.000) U[1,1] (Lactate <= 0.000))
",0.000,0.000,0.000,0.000,1.000,0,0,0,22,22,0,0,22,0.0,0,0,0.0,0.0,1.0
"F[2,2]((Bilirubin_total >= 0.000 -> DBP >= 36.458) -> Glucose >= 36.076)
",0.000,0.000,0.000,0.000,1.000,0,0,0,22,22,0,0,22,0.0,0,0,0.0,0.0,1.0
"F[1,2]((BUN <= 10.505 & HCO3 <= 0.000) | Creatinine <= 0.000)
",-9999999.000,-9999999.000,0.000,0.000,1.000,0,0,0,22,22,0,0,22,0.0,0,0,0.0,0.0,1.0
"((Hgb >= 0.348) U[0,2] (Bilirubin_total >= 0.000))
",-9999999.000,-9999999.000,0.000,0.000,1.000,0,0,0,22,22,0,0,22,0.0,0,0,0.0,0.0,1.0
"F[2,2](((WBC >= 0.072 | TroponinI >= 0.056) | Magnesium >= 0.040) -> Hgb <= 1.463)
",-6586740250629795.000,-1.463,0.000,0.000,1.000,0,0,0,22,22,0,0,22,0.0,0,0,0.0,0.0,1.0
"F[0,2](Hgb <= 3.439 -> Resp <= 16.858)
",-9999999.000,-9999999.000,0.000,0.000,1.000,0,0,0,22,22,0,0,22,0.0,0,0,0.0,0.0,1.0
"F[0,1](Phosphate <= 2.055 & TroponinI <= 1.095)
",-9999999.000,-9999999.000,0.000,0.000,1.000,0,0,0,22,22,0,0,22,0.0,0,0,0.0,0.0,1.0
"F[2,2](((Fibrinogen >= 0.000 | FiO2 >= 0.000) & Fibrinogen >= 0.000) -> O2Sat <= 0.000)
",0.000,0.000,0.000,0.000,1.000,0,0,0,22,22,0,0,22,0.0,0,0,0.0,0.0,1.0
"F[1,2](Magnesium <= 1.802 -> Glucose >= 9.678)
",-9999999.000,-9999999.000,0.000,0.000,1.000,0,0,0,22,22,0,0,22,0.0,0,0,0.0,0.0,1.0
"((Bilirubin_total >= 0.000) U[2,2] (Lactate >= 0.000))
",0.000,0.000,0.000,0.000,1.000,0,0,0,22,22,0,0,22,0.0,0,0,0.0,0.0,1.0
"F[0,2](((Potassium <= 1.162 -> Calcium >= 0.170) | AST <= 5.550) -> Resp <= 3.653)
",-9999999.000,-9999999.000,0.000,0.000,1.000,0,0,0,22,22,0,0,22,0.0,0,0,0.0,0.0,1.0
"F[2,2]((Hgb >= 0.234 -> Platelets <= 75.669) | Bilirubin_direct >= 2.649)
",-5964878459502574.000,-2.649,0.000,0.000,1.000,0,0,0,22,22,0,0,22,0.0,0,0,0.0,0.0,1.0
"F[1,2](Glucose <= 60.317 -> Temp >= 5.650)
",-9999999.000,-9999999.000,0.000,0.000,1.000,0,0,0,22,22,0,0,22,0.0,0,0,0.0,0.0,1.0
"F[0,1]((Potassium >= 0.085 & Chloride <= 0.000) | Creatinine >= 0.000)
",-9999999.000,-9999999.000,0.000,0.000,1.000,0,0,0,22,22,0,0,22,0.0,0,0,0.0,0.0,1.0
"F[0,2](Bilirubin_direct >= 0.000 -> Fibrinogen <= 0.000)
",-9999999.000,-9999999.000,0.000,0.000,1.000,0,0,0,22,22,0,0,22,0.0,0,0,0.0,0.0,1.0
"F[1,2]((Potassium <= 2.448 & DBP <= 71.151) -> Alkalinephos >= 21.930)
",-9999999.000,-9999999.000,0.000,0.000,1.000,0,0,0,22,22,0,0,22,0.0,0,0,0.0,0.0,1.0
"((O2Sat <= 92.661) U[2,2] (TroponinI >= 0.047))
",3260224200500270.000,92.661,0.000,0.000,1.000,0,0,0,22,22,0,0,22,0.0,0,0,0.0,0.0,1.0
"F[1,1](Platelets >= 3.419 | Creatinine <= 0.986)
",8876981756953662.000,0.986,0.000,0.000,1.000,0,0,0,22,22,0,0,22,0.0,0,0,0.0,0.0,1.0
"F[0,0]((EtCO2 >= 0.000 & pH <= 0.000) | O2Sat >= 0.000)
",2.129,56.952,0.000,0.000,1.000,0,0,0,22,22,0,0,22,0.0,0,0,0.0,0.0,1.0
"F[0,2](Creatinine <= 0.220 -> Potassium <= 3.183)
",-9999999.000,-9999999.000,0.000,0.000,1.000,0,0,0,22,22,0,0,22,0.0,0,0,0.0,0.0,1.0
"((PTT >= 0.000) U[0,1] (Lactate <= 0.000))
",-9999999.000,-9999999.000,0.000,0.000,1.000,0,0,0,22,22,0,0,22,0.0,0,0,0.0,0.0,1.0
"F[2,2](BaseExcess <= 0.000 & AST >= 0.000)
",0.000,0.000,0.000,0.000,1.000,0,0,0,22,22,0,0,22,0.0,0,0,0.0,0.0,1.0
"F[0,2](((SBP <= 161.792 | SaO2 <= 0.000) | SepsisLabel >= 0.000) -> PaCO2 >= 0.000)
",-9999999.000,-9999999.000,0.000,0.000,1.000,0,0,0,22,22,0,0,22,0.0,0,0,0.0,0.0,1.0
"F[2,2](BUN >= 0.269 & MAP <= 88.164)
",-4847225384923931.000,-0.269,0.000,0.000,1.000,0,0,0,22,22,0,0,22,0.0,0,0,0.0,0.0,1.0
"F[0,2]((Phosphate <= 1.911 & Lactate <= 0.000) & PTT <= 0.000)
",-9999999.000,-9999999.000,0.000,0.000,1.000,0,0,0,22,22,0,0,22,0.0,0,0,0.0,0.0,1.0
"((pH >= 0.000) U[1,2] (pH >= 0.000))
",-9999999.000,-9999999.000,0.000,0.000,1.000,0,0,0,22,22,0,0,22,0.0,0,0,0.0,0.0,1.0
"((Chloride <= 0.000) U[0,2] (AST <= 0.000))
",-9999999.000,-9999999.000,0.000,0.000,1.000,0,0,0,22,22,0,0,22,0.0,0,0,0.0,0.0,1.0
"F[1,2](BaseExcess >= 0.000 & Potassium <= 1.570)
",-9999999.000,-9999999.000,0.000,0.000,1.000,0,0,0,22,22,0,0,22,0.0,0,0,0.0,0.0,1.0
"F[1,2]((Platelets >= 4.044 | AST <= 0.000) -> Hct >= 0.000)
",-9999999.000,-9999999.000,0.000,0.000,1.000,0,0,0,22,22,0,0,22,0.0,0,0,0.0,0.0,1.0
"F[0,0](Alkalinephos <= 0.000 | FiO2 <= 0.000)
",0.000,0.000,0.000,0.000,1.000,0,0,0,22,22,0,0,22,0.0,0,0,0.0,0.0,1.0
"F[0,2](HR <= 69.608 -> DBP >= 6.023)
",-9999999.000,-9999999.000,0.000,0.000,1.000,0,0,0,22,22,0,0,22,0.0,0,0,0.0,0.0,1.0
"((SepsisLabel >= 0.000) U[2,2] (Phosphate <= 0.333))
",5996572605953502.000,0.333,0.000,0.000,1.000,0,0,0,22,22,0,0,22,0.0,0,0,0.0,0.0,1.0
"F[0,1](((Chloride <= 0.000 -> HCO3 <= 0.000) | EtCO2 <= 0.000) | HR >= 0.000)
",-9999999.000,-9999999.000,0.000,0.000,1.000,0,0,0,22,22,0,0,22,0.0,0,0,0.0,0.0,1.0
"F[0,0](Phosphate <= 2.017 -> SepsisLabel = 0.000)
",-4542750914751090.000,-2.017,0.000,0.000,1.000,0,0,0,22,22,0,0,22,0.0,0,0,0.0,0.0,1.0
"((PTT > 0.000) U[2,2] (SepsisLabel = 0.000))
",0.000,0.000,0.000,0.000,1.000,0,0,0,22,22,0,0,22,0.0,0,0,0.0,0.0,1.0
"F[1,2](FiO2 >= 0.000 & SepsisLabel = 0.000)
",-9999999.000,-9999999.000,0.000,0.000,1.000,0,0,0,22,22,0,0,22,0.0,0,0,0.0,0.0,1.0
"((Chloride > 0.000) U[0,0] (SepsisLabel = 0.000))
",0.000,0.000,0.000,0.000,1.000,0,0,0,22,22,0,0,22,0.0,0,0,0.0,0.0,1.0
"F[1,1](Chloride < 0.000 -> SepsisLabel = 0.000)
",0.000,0.000,0.000,0.000,1.000,0,0,0,22,22,0,0,22,0.0,0,0,0.0,0.0,1.0
"F[0,2](Resp < 15.031 & SepsisLabel = 0.000)
",-9999999.000,-9999999.000,0.000,0.000,1.000,0,0,0,22,22,0,0,22,0.0,0,0,0.0,0.0,1.0
"((EtCO2 >= 0.000) U[1,2] (SepsisLabel = 0.000))
",-9999999.000,-9999999.000,0.000,0.000,1.000,0,0,0,22,22,0,0,22,0.0,0,0,0.0,0.0,1.0
"((O2Sat > 16.425) U[0,2] (SepsisLabel = 0.000))
",-9999999.000,-9999999.000,0.000,0.000,1.000,0,0,0,22,22,0,0,22,0.0,0,0,0.0,0.0,1.0
"((Chloride <= 0.000) U[1,2] (SepsisLabel = 0.000))
",-9999999.000,-9999999.000,0.000,0.000,1.000,0,0,0,22,22,0,0,22,0.0,0,0,0.0,0.0,1.0
"F[2,2](Phosphate >= 0.025 -> Potassium <= 1.495)
",-1.495,-1.495,0.000,0.000,1.000,0,0,0,22,22,0,0,22,0.0,0,0,0.0,0.0,1.0
"F[0,2](BUN <= 12.524 & SepsisLabel = 0.000)
",-9999999.000,-9999999.000,0.000,0.000,1.000,0,0,0,22,22,0,0,22,0.0,0,0,0.0,0.0,1.0
"((TroponinI > 0.077) U[2,2] (SepsisLabel = 0.000))
",0.000,0.000,0.000,0.000,1.000,0,0,0,22,22,0,0,22,0.0,0,0,0.0,0.0,1.0
"F[0,2](Resp < 16.439 & SepsisLabel = 0.000)
",-9999999.000,-9999999.000,0.000,0.000,1.000,0,0,0,22,22,0,0,22,0.0,0,0,0.0,0.0,1.0
"F[0,1](Fibrinogen > 0.000 -> SepsisLabel = 0.000)
",-9999999.000,-9999999.000,0.000,0.000,1.000,0,0,0,22,22,0,0,22,0.0,0,0,0.0,0.0,1.0
"((SBP > 103.002) U[0,1] (SepsisLabel = 0.000))
",-9999999.000,-9999999.000,0.000,0.000,1.000,0,0,0,22,22,0,0,22,0.0,0,0,0.0,0.0,1.0
"((Phosphate <= 1.271) U[0,2] (SepsisLabel = 0.000))
",-9999999.000,-9999999.000,0.000,0.000,1.000,0,0,0,22,22,0,0,22,0.0,0,0,0.0,0.0,1.0
"((O2Sat <= 92.891) U[0,1] (SepsisLabel = 0.000))
",-9999999.000,-9999999.000,0.000,0.000,1.000,0,0,0,22,22,0,0,22,0.0,0,0,0.0,0.0,1.0
"F[1,2](DBP >= 38.443 & SepsisLabel = 0.000)
",-9999999.000,-9999999.000,0.000,0.000,1.000,0,0,0,22,22,0,0,22,0.0,0,0,0.0,0.0,1.0
"F[0,1](((Hct >= 0.429 -> Platelets <= 71.056) | BaseExcess <= 30.467) | Resp <= 41.390)
",-9999999.000,-9999999.000,0.000,0.000,1.000,0,0,0,22,22,0,0,22,0.0,0,0,0.0,0.0,1.0
"F[0,0](((Hct <= 12.108 | Hgb <= 5.491) -> TroponinI <= 5.758) | SaO2 <= 1.885)
",1.885,1.885,0.000,0.000,1.000,0,0,0,22,22,0,0,22,0.0,0,0,0.0,0.0,1.0
"F[0,1](BUN <= 4.522 | Creatinine <= 0.292)
",-9999999.000,-9999999.000,0.000,0.000,1.000,0,0,0,22,22,0,0,22,0.0,0,0,0.0,0.0,1.0
"F[2,2]((MAP <= 72.741 & Resp >= 0.896) -> SBP <= 19.126)
",-5383436724948603.000,-19.126,0.000,0.000,1.000,0,0,0,22,22,0,0,22,0.0,0,0,0.0,0.0,1.0
"F[2,2](((HR >= 54.147 & Resp <= 17.897) -> PTT >= 12.830) & Calcium <= 14.776)
",7222648418452131.000,12.830,0.000,0.000,1.000,0,0,0,22,22,0,0,22,0.0,0,0,0.0,0.0,1.0
"F[0,2]((Calcium >= 0.154 & Phosphate <= 1.233) & HR >= 0.029)
",-9999999.000,-9999999.000,0.000,0.000,1.000,0,0,0,22,22,0,0,22,0.0,0,0,0.0,0.0,1.0
"F[0,1]((HR >= 42.080 -> SBP <= 113.174) -> SepsisLabel <= 118.159)
",-9999999.000,-9999999.000,0.000,0.000,1.000,0,0,0,22,22,0,0,22,0.0,0,0,0.0,0.0,1.0
"F[1,2]((HR >= 36.124 -> MAP <= 78.015) & HR <= 76.995)
",-9999999.000,-9999999.000,0.000,0.000,1.000,0,0,0,22,22,0,0,22,0.0,0,0,0.0,0.0,1.0
"F[0,2](Creatinine <= 0.581 | Potassium >= 0.070)
",-9999999.000,-9999999.000,0.000,0.000,1.000,0,0,0,22,22,0,0,22,0.0,0,0,0.0,0.0,1.0
"F[1,2](BUN >= 0.041 -> Potassium <= 2.142)
",-9999999.000,-9999999.000,0.000,0.000,1.000,0,0,0,22,22,0,0,22,0.0,0,0,0.0,0.0,1.0
"F[1,2](((Calcium <= 2.242 | Potassium <= 0.544) | Fibrinogen <= 3.254) | HR >= 0.179)
",-9999999.000,-9999999.000,0.000,0.000,1.000,0,0,0,22,22,0,0,22,0.0,0,0,0.0,0.0,1.0
"F[2,2](((MAP >= 52.239 & SBP <= 119.300) -> Calcium >= 12.777) | Phosphate >= 88.232)
",12.777,12.777,0.000,0.000,1.000,0,0,0,22,22,0,0,22,0.0,0,0,0.0,0.0,1.0
"F[1,2](((DBP <= 53.209 -> SBP <= 126.324) | TroponinI >= 6.652) | Magnesium >= 7.398)
",-9999999.000,-9999999.000,0.000,0.000,1.000,0,0,0,22,22,0,0,22,0.0,0,0,0.0,0.0,1.0
"F[2,2](((Platelets <= 40.852 -> WBC <= 2.947) & Alkalinephos >= 0.101) -> SepsisLabel <= 3.639)
",-4097056386633621.500,-3.639,0.000,0.000,1.000,0,0,0,22,22,0,0,22,0.0,0,0,0.0,0.0,1.0
"F[2,2](Hct >= 0.424 -> WBC >= 0.042)
",3010400864376366.000,0.042,0.000,0.000,1.000,0,0,0,22,22,0,0,22,0.0,0,0,0.0,0.0,1.0
"F[0,2](((TroponinI >= 0.025 | WBC >= 0.245) & Bilirubin_total <= 6.319) & Potassium <= 2.361)
",-9999999.000,-9999999.000,0.000,0.000,1.000,0,0,0,22,22,0,0,22,0.0,0,0,0.0,0.0,1.0
"F[0,1](Calcium <= 1.183 | Creatinine >= 0.002)
",-9999999.000,-9999999.000,0.000,0.000,1.000,0,0,0,22,22,0,0,22,0.0,0,0,0.0,0.0,1.0
"F[0,2](((Hgb <= 9.329 & TroponinI <= 1.452) | DBP <= 0.951) | Resp >= 0.038)
",-9999999.000,-9999999.000,0.000,0.000,1.000,0,0,0,22,22,0,0,22,0.0,0,0,0.0,0.0,1.0
"F[1,1](pH >= 0.000 -> SepsisLabel = 0.000)
",0.000,0.000,0.000,0.000,1.000,0,0,0,22,22,0,0,22,0.0,0,0,0.0,0.0,1.0
"F[1,2](Lactate > 0.000 -> SepsisLabel = 0.000)
",-9999999.000,-9999999.000,0.000,0.000,1.000,0,0,0,22,22,0,0,22,0.0,0,0,0.0,0.0,1.0
"((PTT >= 0.000) U[0,0] (SepsisLabel = 0.000))
",0.224,0.524,0.000,0.000,1.000,0,0,0,22,22,0,0,22,0.0,0,0,0.0,0.0,1.0
"F[0,1](Hgb <= 6.027 | Hct <= 12.186)
",-9999999.000,-9999999.000,0.000,0.000,1.000,0,0,0,22,22,0,0,22,0.0,0,0,0.0,0.0,1.0
"F[1,2](((Calcium < 1.184 & Potassium < 2.467) & Magnesium < 0.879) & Phosphate < 0.621)
",-9999999.000,-9999999.000,0.000,0.000,1.000,0,0,0,22,22,0,0,22,0.0,0,0,0.0,0.0,1.0
"F[0,2]((Calcium <= 0.970 & Potassium <= 1.718) & Magnesium >= 0.007)
",-9999999.000,-9999999.000,0.000,0.000,1.000,0,0,0,22,22,0,0,22,0.0,0,0,0.0,0.0,1.0
"F[2,2](Hgb <= 9.463 | Hct <= 22.462)
",6322383851170916.000,22.462,0.000,0.000,1.000,0,0,0,22,22,0,0,22,0.0,0,0,0.0,0.0,1.0
"((MAP >= 54.786) U[2,2] (SBP <= 119.391))
",8401384886047381.000,119.391,0.000,0.000,1.000,0,0,0,22,22,0,0,22,0.0,0,0,0.0,0.0,1.0
"F[2,2]((Phosphate >= 0.009 & Magnesium > 0.077) -> Calcium < 6.358)
",-6.358,-6.358,0.000,0.000,1.000,0,0,0,22,22,0,0,22,0.0,0,0,0.0,0.0,1.0
"F[1,2](((Calcium < 4.036 & Potassium < 2.845) & Magnesium < 0.917) & Phosphate < 0.645)
",-9999999.000,-9999999.000,0.000,0.000,1.000,0,0,0,22,22,0,0,22,0.0,0,0,0.0,0.0,1.0
"F[1,2]((Calcium <= 8.811 & Potassium <= 1.096) & Magnesium >= 0.011)
",-9999999.000,-9999999.000,0.000,0.000,1.000,0,0,0,22,22,0,0,22,0.0,0,0,0.0,0.0,1.0
"F[0,1](Hgb <= 5.027 | Hct <= 26.139)
",-9999999.000,-9999999.000,0.000,0.000,1.000,0,0,0,22,22,0,0,22,0.0,0,0,0.0,0.0,1.0
"F[0,1]((Phosphate >= 0.033 & Magnesium > 0.014) -> Calcium < 5.742)
",-9999999.000,-9999999.000,0.000,0.000,1.000,0,0,0,22,22,0,0,22,0.0,0,0,0.0,0.0,1.0
"F[2,2](((Calcium < 9.162 & Potassium < 2.157) & Magnesium < 1.885) & Phosphate < 1.690)
",7610059013048963.000,1.690,0.000,0.000,1.000,0,0,0,22,22,0,0,22,0.0,0,0,0.0,0.0,1.0
"F[1,2](Hgb <= 6.470 | Hct <= 25.253)
",-9999999.000,-9999999.000,0.000,0.000,1.000,0,0,0,22,22,0,0,22,0.0,0,0,0.0,0.0,1.0
"F[0,2]((Phosphate >= 0.053 & Magnesium > 0.053) -> Calcium < 4.915)
",-9999999.000,-9999999.000,0.000,0.000,1.000,0,0,0,22,22,0,0,22,0.0,0,0,0.0,0.0,1.0
"F[1,2](((Calcium < 6.987 & Potassium < 1.744) & Magnesium < 0.260) & Phosphate < 2.172)
",-9999999.000,-9999999.000,0.000,0.000,1.000,0,0,0,22,22,0,0,22,0.0,0,0,0.0,0.0,1.0
"F[0,1](Hgb <= 10.228 | Hct <= 15.992)
",-9999999.000,-9999999.000,0.000,0.000,1.000,0,0,0,22,22,0,0,22,0.0,0,0,0.0,0.0,1.0
"F[1,1]((Phosphate >= 0.016 & Magnesium > 0.060) -> Calcium < 5.471)
",-6159898089670468.000,-5.471,0.000,0.000,1.000,0,0,0,22,22,0,0,22,0.0,0,0,0.0,0.0,1.0
"F[0,1]((Phosphate >= 0.048 & Magnesium > 0.024) -> Calcium < 7.092)
",-9999999.000,-9999999.000,0.000,0.000,1.000,0,0,0,22,22,0,0,22,0.0,0,0,0.0,0.0,1.0
"F[1,2]((Calcium <= 6.880 & Potassium <= 3.537) & Magnesium >= 0.068)
",-9999999.000,-9999999.000,0.000,0.000,1.000,0,0,0,22,22,0,0,22,0.0,0,0,0.0,0.0,1.0
"((Phosphate < 1.019) U[0,1] (SepsisLabel = 0.000))
",-9999999.000,-9999999.000,0.000,0.000,1.000,0,0,0,22,22,0,0,22,0.0,0,0,0.0,0.0,1.0
"F[2,2](((Calcium < 4.939 & Potassium < 2.158) & Magnesium < 1.419) & Phosphate < 1.102)
",2481425311471821.000,1.102,0.000,0.000,1.000,0,0,0,22,22,0,0,22,0.0,0,0,0.0,0.0,1.0
"((SaO2 >= 0.000) U[1,2] (SepsisLabel = 0.000))
",-9999999.000,-9999999.000,0.000,0.000,1.000,0,0,0,22,22,0,0,22,0.0,0,0,0.0,0.0,1.0
"F[1,2](((Calcium < 0.541 & Potassium < 2.219) & Magnesium < 0.284) & Phosphate < 1.877)
",-9999999.000,-9999999.000,0.000,0.000,1.000,0,0,0,22,22,0,0,22,0.0,0,0,0.0,0.0,1.0
"F[1,2](Hgb <= 6.768 | Hct <= 29.352)
",-9999999.000,-9999999.000,0.000,0.000,1.000,0,0,0,22,22,0,0,22,0.0,0,0,0.0,0.0,1.0
"((MAP >= 21.328) U[0,2] (SBP <= 111.145))
",-9999999.000,-9999999.000,0.000,0.000,1.000,0,0,0,22,22,0,0,22,0.0,0,0,0.0,0.0,1.0
"F[1,2]((Phosphate >= 0.043 & Magnesium > 0.110) -> Calcium < 9.025)
",-9999999.000,-9999999.000,0.000,0.000,1.000,0,0,0,22,22,0,0,22,0.0,0,0,0.0,0.0,1.0
"F[1,2](((Calcium < 2.702 & Potassium < 0.369) & Magnesium < 1.629) & Phosphate < 1.191)
",-9999999.000,-9999999.000,0.000,0.000,1.000,0,0,0,22,22,0,0,22,0.0,0,0,0.0,0.0,1.0
"F[2,2]((Calcium <= 4.630 & Potassium <= 3.085) & Magnesium >= 0.019)
",-2791327443429853.500,-0.019,0.000,0.000,1.000,0,0,0,22,22,0,0,22,0.0,0,0,0.0,0.0,1.0
"F[0,2](Hgb <= 2.721 | Hct <= 3.089)
",-9999999.000,-9999999.000,0.000,0.000,1.000,0,0,0,22,22,0,0,22,0.0,0,0,0.0,0.0,1.0
"F[1,2]((Phosphate >= 0.037 & Magnesium > 0.048) -> Calcium < 0.809)
",-9999999.000,-9999999.000,0.000,0.000,1.000,0,0,0,22,22,0,0,22,0.0,0,0,0.0,0.0,1.0
"F[1,2]((Calcium <= 4.076 & Potassium <= 3.735) & Magnesium >= 0.114)
",-9999999.000,-9999999.000,0.000,0.000,1.000,0,0,0,22,22,0,0,22,0.0,0,0,0.0,0.0,1.0
"F[0,1](Hgb <= 8.723 | Hct <= 11.453)
",-9999999.000,-9999999.000,0.000,0.000,1.000,0,0,0,22,22,0,0,22,0.0,0,0,0.0,0.0,1.0
"F[0,2]((Calcium <= 5.001 & Potassium <= 2.287) & Magnesium >= 0.083)
",-9999999.000,-9999999.000,0.000,0.000,1.000,0,0,0,22,22,0,0,22,0.0,0,0,0.0,0.0,1.0
"F[0,1](Hgb <= 8.579 | Hct <= 27.299)
",-9999999.000,-9999999.000,0.000,0.000,1.000,0,0,0,22,22,0,0,22,0.0,0,0,0.0,0.0,1.0
"((MAP >= 47.081) U[0,2] (SBP <= 133.512))
",-9999999.000,-9999999.000,0.000,0.000,1.000,0,0,0,22,22,0,0,22,0.0,0,0,0.0,0.0,1.0
"F[0,1]((Phosphate >= 0.037 & Magnesium > 0.092) -> Calcium < 2.626)
",-9999999.000,-9999999.000,0.000,0.000,1.000,0,0,0,22,22,0,0,22,0.0,0,0,0.0,0.0,1.0
"F[0,1](Resp <= 21.319 | SBP <= 163.576)
",-9999999.000,-9999999.000,0.000,0.000,1.000,0,0,0,22,22,0,0,22,0.0,0,0,0.0,0.0,1.0
"F[0,2](((Calcium >= 0.053 & WBC <= 3.723) | pH <= 6.611) -> Alkalinephos <= 6.749)
",-9999999.000,-9999999.000,0.000,0.000,1.000,0,0,0,22,22,0,0,22,0.0,0,0,0.0,0.0,1.0
"F[1,2](Glucose <= 80.795 -> Bilirubin_direct <= 0.000)
",-9999999.000,-9999999.000,0.000,0.000,1.000,0,0,0,22,22,0,0,22,0.0,0,0,0.0,0.0,1.0
"F[0,2](((Calcium <= 3.613 | Temp >= 7.712) & WBC <= 17.868) -> Glucose <= 30.429)
",-9999999.000,-9999999.000,0.000,0.000,1.000,0,0,0,22,22,0,0,22,0.0,0,0,0.0,0.0,1.0
"F[0,2](((Potassium >= 0.201 | HR >= 37.113) & Phosphate >= 56.277) | Lactate >= 19.746)
",-9999999.000,-9999999.000,0.000,0.000,1.000,0,0,0,22,22,0,0,22,0.0,0,0,0.0,0.0,1.0
"F[0,2]((Calcium <= 1.757 & Potassium <= 0.393) & Magnesium >= 0.073)
",-9999999.000,-9999999.000,0.000,0.000,1.000,0,0,0,22,22,0,0,22,0.0,0,0,0.0,0.0,1.0
"F[1,1]((TroponinI >= 0.036 -> SBP <= 115.204) & Magnesium <= 158.522)
",-115.204,-115.204,0.000,0.000,1.000,0,0,0,22,22,0,0,22,0.0,0,0,0.0,0.0,1.0
"F[1,2]((DBP <= 63.379 & WBC <= 0.888) & Hct <= 2.119)
",-9999999.000,-9999999.000,0.000,0.000,1.000,0,0,0,22,22,0,0,22,0.0,0,0,0.0,0.0,1.0
"((FiO2 <= 0.000) U[0,1] (AST >= 0.000))
",-9999999.000,-9999999.000,0.000,0.000,1.000,0,0,0,22,22,0,0,22,0.0,0,0,0.0,0.0,1.0
"F[0,1]((EtCO2 <= 0.000 | HR <= 77.395) | Temp <= 67.489)
",-9999999.000,-9999999.000,0.000,0.000,1.000,0,0,0,22,22,0,0,22,0.0,0,0,0.0,0.0,1.0
"F[0,2]((Hgb <= 9.015 & Temp >= 9.147) & Phosphate <= 26.382)
",-9999999.000,-9999999.000,0.000,0.000,1.000,0,0,0,22,22,0,0,22,0.0,0,0,0.0,0.0,1.0
"F[1,2]((Glucose <= 101.598 & Temp >= 6.978) & MAP >= 10.489)
",-9999999.000,-9999999.000,0.000,0.000,1.000,0,0,0,22,22,0,0,22,0.0,0,0,0.0,0.0,1.0
"F[2,2](((Glucose >= 2.239 -> Potassium <= 1.272) | Phosphate <= 1.048) | MAP >= 0.193)
",2360263274192994.500,1.048,0.000,0.000,1.000,0,0,0,22,22,0,0,22,0.0,0,0,0.0,0.0,1.0
"F[0,2](((Hct >= 0.926 -> Temp <= 35.530) & MAP <= 29.933) -> SBP <= 36.284)
",-9999999.000,-9999999.000,0.000,0.000,1.000,0,0,0,22,22,0,0,22,0.0,0,0,0.0,0.0,1.0
"F[0,1]((Creatinine <= 0.089 | Temp >= 8.549) | TroponinI >= 3.795)
",-9999999.000,-9999999.000,0.000,0.000,1.000,0,0,0,22,22,0,0,22,0.0,0,0,0.0,0.0,1.0
"F[1,1]((O2Sat <= 86.248 & Phosphate <= 1.409) | AST <= 1.245)
",6344763537784785.000,1.409,0.000,0.000,1.000,0,0,0,22,22,0,0,22,0.0,0,0,0.0,0.0,1.0
"F[1,2](((Glucose <= 77.694 | O2Sat <= 98.193) & WBC <= 84.870) & Alkalinephos >= 61.233)
",-9999999.000,-9999999.000,0.000,0.000,1.000,0,0,0,22,22,0,0,22,0.0,0,0,0.0,0.0,1.0
"F[0,2](DBP >= 13.348 -> Phosphate <= 0.832)
",-9999999.000,-9999999.000,0.000,0.000,1.000,0,0,0,22,22,0,0,22,0.0,0,0,0.0,0.0,1.0
"F[0,1](((O2Sat <= 86.103 & TroponinI <= 0.502) | Platelets <= 1.103) -> Fibrinogen <= 1.390)
",-9999999.000,-9999999.000,0.000,0.000,1.000,0,0,0,22,22,0,0,22,0.0,0,0,0.0,0.0,1.0
"F[0,2]((Hct >= 0.653 & O2Sat <= 88.790) | Fibrinogen <= 95.352)
",-9999999.000,-9999999.000,0.000,0.000,1.000,0,0,0,22,22,0,0,22,0.0,0,0,0.0,0.0,1.0
"F[1,2](((O2Sat <= 95.641 | HR >= 51.310) | Hct >= 5.087) | BaseExcess >= 20.444)
",-9999999.000,-9999999.000,0.000,0.000,1.000,0,0,0,22,22,0,0,22,0.0,0,0,0.0,0.0,1.0
"F[0,2]((Chloride <= 0.000 -> SBP >= 32.278) & Temp >= 13.400)
",-9999999.000,-9999999.000,0.000,0.000,1.000,0,0,0,22,22,0,0,22,0.0,0,0,0.0,0.0,1.0
"F[1,2](O2Sat >= 0.142 & Glucose <= 104.726)
",-9999999.000,-9999999.000,0.000,0.000,1.000,0,0,0,22,22,0,0,22,0.0,0,0,0.0,0.0,1.0
"((EtCO2 <= 0.000) U[0,2] (Magnesium <= 0.379))
",-9999999.000,-9999999.000,0.000,0.000,1.000,0,0,0,22,22,0,0,22,0.0,0,0,0.0,0.0,1.0
"F[1,2](((BUN >= 0.253 & BaseExcess <= 0.000) | AST >= 0.000) & TroponinI >= 0.000)
",-9999999.000,-9999999.000,0.000,0.000,1.000,0,0,0,22,22,0,0,22,0.0,0,0,0.0,0.0,1.0
"F[1,2]((Hct >= 1.100 | SepsisLabel >= 0.000) -> O2Sat >= 0.000)
",-9999999.000,-9999999.000,0.000,0.000,1.000,0,0,0,22,22,0,0,22,0.0,0,0,0.0,0.0,1.0
"F[0,0]((pH <= 0.000 -> PTT >= 0.000) & PaCO2 <= 0.000)
",-0.224,-0.524,0.000,0.000,1.000,0,0,0,22,22,0,0,22,0.0,0,0,0.0,0.0,1.0
"F[1,2]((EtCO2 >= 0.000 & Bilirubin_direct >= 0.000) -> Creatinine <= 0.000)
",-9999999.000,-9999999.000,0.000,0.000,1.000,0,0,0,22,22,0,0,22,0.0,0,0,0.0,0.0,1.0
"F[0,1](((BUN >= 0.050 | EtCO2 <= 0.000) | FiO2 <= 0.000) | pH >= 0.000)
",-9999999.000,-9999999.000,0.000,0.000,1.000,0,0,0,22,22,0,0,22,0.0,0,0,0.0,0.0,1.0
"F[1,2](((Hct <= 6.798 -> Phosphate >= 0.004) | PaCO2 >= 0.007) & PTT >= 0.003)
",-9999999.000,-9999999.000,0.000,0.000,1.000,0,0,0,22,22,0,0,22,0.0,0,0,0.0,0.0,1.0
"F[2,2](((Alkalinephos >= 0.000 | MAP <= 96.347) -> HR >= 60.985) -> BUN <= 72.711)
",-5116585407541013.000,-72.711,0.000,0.000,1.000,0,0,0,22,22,0,0,22,0.0,0,0,0.0,0.0,1.0
"F[0,1](EtCO2 <= 0.000 & Phosphate <= 1.188)
",-9999999.000,-9999999.000,0.000,0.000,1.000,0,0,0,22,22,0,0,22,0.0,0,0,0.0,0.0,1.0
"F[0,2](((FiO2 >= 0.000 -> MAP >= 55.746) -> Temp <= 97.087) | Potassium <= 83.279)
",-9999999.000,-9999999.000,0.000,0.000,1.000,0,0,0,22,22,0,0,22,0.0,0,0,0.0,0.0,1.0
"F[2,2](O2Sat >= 48.339 -> O2Sat <= 93.471)
",-3288710321460685.500,-93.471,0.000,0.000,1.000,0,0,0,22,22,0,0,22,0.0,0,0,0.0,0.0,1.0
"F[2,2](Creatinine >= 0.000 -> EtCO2 >= 0.000)
",0.000,0.000,0.000,0.000,1.000,0,0,0,22,22,0,0,22,0.0,0,0,0.0,0.0,1.0
"F[0,1](((Lactate >= 0.000 -> DBP <= 74.161) | Calcium <= 52.380) | HR >= 34.635)
",-9999999.000,-9999999.000,0.000,0.000,1.000,0,0,0,22,22,0,0,22,0.0,0,0,0.0,0.0,1.0
"F[0,2](((Resp >= 12.553 & Potassium >= 0.263) | DBP <= 2.782) -> Creatinine >= 0.215)
",-9999999.000,-9999999.000,0.000,0.000,1.000,0,0,0,22,22,0,0,22,0.0,0,0,0.0,0.0,1.0
"F[0,0](((PTT >= 0.000 -> FiO2 <= 0.000) -> Chloride >= 0.000) | Fibrinogen <= 0.000)
",0.000,0.000,0.000,0.000,1.000,0,0,0,22,22,0,0,22,0.0,0,0,0.0,0.0,1.0
"((Hct >= 0.721) U[0,2] (Hct >= 1.106))
",-9999999.000,-9999999.000,0.000,0.000,1.000,0,0,0,22,22,0,0,22,0.0,0,0,0.0,0.0,1.0
"F[2,2]((Hct >= 0.013 | HR >= 25.093) -> Hct >= 57.491)
",0.013,0.013,0.000,0.000,1.000,0,0,0,22,22,0,0,22,0.0,0,0,0.0,0.0,1.0
"F[0,1]((HR <= 73.141 & Platelets >= 1.705) -> O2Sat <= 46.560)
",-9999999.000,-9999999.000,0.000,0.000,1.000,0,0,0,22,22,0,0,22,0.0,0,0,0.0,0.0,1.0
"F[1,2](((Creatinine >= 0.006 | SBP >= 45.823) -> WBC >= 42.836) -> SBP <= 119.103)
",-9999999.000,-9999999.000,0.000,0.000,1.000,0,0,0,22,22,0,0,22,0.0,0,0,0.0,0.0,1.0
"F[1,2]((Glucose <= 25.681 & TroponinI >= 0.008) & Magnesium <= 0.116)
",-9999999.000,-9999999.000,0.000,0.000,1.000,0,0,0,22,22,0,0,22,0.0,0,0,0.0,0.0,1.0
"F[0,2](((Magnesium >= 0.047 | Platelets <= 43.230) | BaseExcess >= 3.499) -> BaseExcess >= 3.301)
",-9999999.000,-9999999.000,0.000,0.000,1.000,0,0,0,22,22,0,0,22,0.0,0,0,0.0,0.0,1.0
"F[0,2](((Platelets <= 75.018 & Potassium <= 3.579) -> Resp >= 0.123) -> Bilirubin_direct >= 0.222)
",-9999999.000,-9999999.000,0.000,0.000,1.000,0,0,0,22,22,0,0,22,0.0,0,0,0.0,0.0,1.0
"F[0,1]((Hct <= 14.531 -> Potassium >= 0.077) | Phosphate <= 1.256)
",-9999999.000,-9999999.000,0.000,0.000,1.000,0,0,0,22,22,0,0,22,0.0,0,0,0.0,0.0,1.0
"F[1,2](Hgb <= 9.163 | Potassium <= 1.345)
",-9999999.000,-9999999.000,0.000,0.000,1.000,0,0,0,22,22,0,0,22,0.0,0,0,0.0,0.0,1.0
"F[0,1](Potassium >= 0.213 | TroponinI <= 0.381)
",-9999999.000,-9999999.000,0.000,0.000,1.000,0,0,0,22,22,0,0,22,0.0,0,0,0.0,0.0,1.0
"F[0,0](((HR >= 52.745 -> Temp >= 1.510) | Resp >= 15.463) -> Potassium <= 17.661)
",-2.744,-41.923,0.000,0.000,1.000,0,0,0,22,22,0,0,22,0.0,0,0,0.0,0.0,1.0
"F[0,2](Magnesium <= 0.298 & WBC <= 3.974)
",-9999999.000,-9999999.000,0.000,0.000,1.000,0,0,0,22,22,0,0,22,0.0,0,0,0.0,0.0,1.0
"((Potassium >= 0.102) U[1,2] (WBC >= 0.035))
",-9999999.000,-9999999.000,0.000,0.000,1.000,0,0,0,22,22,0,0,22,0.0,0,0,0.0,0.0,1.0
"F[2,2](DBP <= 66.676 -> Temp >= 7.149)
",-2345950750987469.000,-66.676,0.000,0.000,1.000,0,0,0,22,22,0,0,22,0.0,0,0,0.0,0.0,1.0
"((Creatinine >= 0.017) U[0,1] (Hgb <= 0.609))
",-9999999.000,-9999999.000,0.000,0.000,1.000,0,0,0,22,22,0,0,22,0.0,0,0,0.0,0.0,1.0
"F[1,2](BUN <= 15.708 -> Platelets <= 81.755)
",-9999999.000,-9999999.000,0.000,0.000,1.000,0,0,0,22,22,0,0,22,0.0,0,0,0.0,0.0,1.0
"F[0,2](((BUN >= 0.197 & Glucose >= 8.152) & HCO3 <= 47.228) & Calcium <= 115.190)
",-9999999.000,-9999999.000,0.000,0.000,1.000,0,0,0,22,22,0,0,22,0.0,0,0,0.0,0.0,1.0
"F[0,2](((BUN <= 7.930 & Hgb <= 1.927) & Alkalinephos <= 3.241) | TroponinI >= 0.078)
",-9999999.000,-9999999.000,0.000,0.000,1.000,0,0,0,22,22,0,0,22,0.0,0,0,0.0,0.0,1.0
"F[2,2]((Creatinine >= 0.025 | TroponinI <= 0.722) -> PaCO2 <= 0.833)
",-7501800713960797.000,-0.833,0.000,0.000,1.000,0,0,0,22,22,0,0,22,0.0,0,0,0.0,0.0,1.0
"F[1,2](((Calcium <= 5.086 -> Hgb <= 1.341) & SBP <= 8.142) | Phosphate <= 2.774)
",-9999999.000,-9999999.000,0.000,0.000,1.000,0,0,0,22,22,0,0,22,0.0,0,0,0.0,0.0,1.0
"F[2,2](((DBP >= 6.470 | Potassium <= 1.825) | MAP >= 0.194) & Platelets <= 3.852)
",1.825,1.825,0.000,0.000,1.000,0,0,0,22,22,0,0,22,0.0,0,0,0.0,0.0,1.0
"F[0,2](((Magnesium >= 0.117 & MAP >= 53.332) & SaO2 >= 1.917) & Alkalinephos <= 96.643)
",-9999999.000,-9999999.000,0.000,0.000,1.000,0,0,0,22,22,0,0,22,0.0,0,0,0.0,0.0,1.0
"F[0,1](((Hct <= 30.112 -> SBP >= 101.294) -> Alkalinephos >= 62.231) -> Lactate <= 140.316)
",-9999999.000,-9999999.000,0.000,0.000,1.000,0,0,0,22,22,0,0,22,0.0,0,0,0.0,0.0,1.0
"F[1,2](((Glucose <= 68.599 -> Hgb >= 0.478) -> BaseExcess <= 6.706) | TroponinI >= 0.250)
",-9999999.000,-9999999.000,0.000,0.000,1.000,0,0,0,22,22,0,0,22,0.0,0,0,0.0,0.0,1.0
"F[1,1]((DBP <= 67.543 | Hct <= 32.443) | SepsisLabel >= 0.230)
",2376472386139853.000,67.543,0.000,0.000,1.000,0,0,0,22,22,0,0,22,0.0,0,0,0.0,0.0,1.0
"F[0,2]((DBP >= 47.091 & Hgb <= 10.216) -> Glucose <= 1.734)
",-9999999.000,-9999999.000,0.000,0.000,1.000,0,0,0,22,22,0,0,22,0.0,0,0,0.0,0.0,1.0
"F[0,2](BUN <= 9.937 -> HR <= 78.895)
",-9999999.000,-9999999.000,0.000,0.000,1.000,0,0,0,22,22,0,0,22,0.0,0,0,0.0,0.0,1.0
"F[0,2](((O2Sat >= 23.554 -> Potassium <= 2.236) | Hgb <= 2.166) & Potassium <= 2.329)
",-9999999.000,-9999999.000,0.000,0.000,1.000,0,0,0,22,22,0,0,22,0.0,0,0,0.0,0.0,1.0
"F[0,2](((Hct <= 17.382 & MAP >= 55.252) -> Temp <= 85.279) & Bilirubin_direct <= 91.419)
",-9999999.000,-9999999.000,0.000,0.000,1.000,0,0,0,22,22,0,0,22,0.0,0,0,0.0,0.0,1.0
"F[2,2](Hgb >= 0.236 -> MAP >= 33.275)
",4255519915033291.500,0.236,0.000,0.000,1.000,0,0,0,22,22,0,0,22,0.0,0,0,0.0,0.0,1.0
"F[1,2]((Calcium >= 0.143 -> DBP <= 58.633) -> DBP >= 49.611)
",-9999999.000,-9999999.000,0.000,0.000,1.000,0,0,0,22,22,0,0,22,0.0,0,0,0.0,0.0,1.0
"F[2,2](((BUN >= 0.131 | MAP <= 100.155) | SepsisLabel <= 91.346) & HCO3 >= 50.291)
",-7077883069255252.000,-50.291,0.000,0.000,1.000,0,0,0,22,22,0,0,22,0.0,0,0,0.0,0.0,1.0
"F[0,2](HR >= 20.556 -> Potassium >= 0.022)
",-9999999.000,-9999999.000,0.000,0.000,1.000,0,0,0,22,22,0,0,22,0.0,0,0,0.0,0.0,1.0
"F[0,1](Calcium <= 9.112 | MAP >= 27.857)
",-9999999.000,-9999999.000,0.000,0.000,1.000,0,0,0,22,22,0,0,22,0.0,0,0,0.0,0.0,1.0
"((Magnesium >= 0.082) U[0,2] (SBP >= 24.758))
",-9999999.000,-9999999.000,0.000,0.000,1.000,0,0,0,22,22,0,0,22,0.0,0,0,0.0,0.0,1.0
"((Creatinine >= 0.010) U[2,2] (Resp >= 5.918))
",-5872230580470988.000,-0.010,0.000,0.000,1.000,0,0,0,22,22,0,0,22,0.0,0,0,0.0,0.0,1.0
"F[1,2](Platelets >= 1.443 & Resp >= 10.506)
",-9999999.000,-9999999.000,0.000,0.000,1.000,0,0,0,22,22,0,0,22,0.0,0,0,0.0,0.0,1.0
"F[0,2](((Resp >= 14.074 | WBC <= 6.397) -> Phosphate >= 0.193) | Temp <= 4.739)
",-9999999.000,-9999999.000,0.000,0.000,1.000,0,0,0,22,22,0,0,22,0.0,0,0,0.0,0.0,1.0
"F[2,2]((Glucose <= 44.182 | MAP >= 56.297) -> DBP >= 24.671)
",-6218006307767804.000,-44.182,0.000,0.000,1.000,0,0,0,22,22,0,0,22,0.0,0,0,0.0,0.0,1.0
"F[0,2]((Resp >= 4.921 & SaO2 >= 0.000) & pH >= 0.000)
",-9999999.000,-9999999.000,0.000,0.000,1.000,0,0,0,22,22,0,0,22,0.0,0,0,0.0,0.0,1.0
