Rule,Discrimination Score,Pos Robustness,Neg Robustness,Percent Class +,Percent Class -,TP,TN,FP,FN,Actual Yes,Actual No,Predicted Yes,Predicted No,TPR/Sens,TNR/Spec,FPR,Precision,Accuracy,MCR,Class
"G[0,0](Chloride >= 0.000 & HCO3 >= 0.000)
",0.000,0.000,0.000,1.000,0.000,24,0,0,0,24,0,24,0,1.0,0.0,0.0,1.0,1.0212765957446808,-0.02127659574468077,1
"G[0,0](Phosphate >= 0.000 & HCO3 >= 0.000)
",0.000,0.000,0.000,1.000,0.000,24,0,0,0,24,0,24,0,1.0,0.0,0.0,1.0,1.0212765957446808,-0.02127659574468077,1
"F[0,0]((Calcium <= 2.553 & Potassium <= 3.826) & Magnesium >= 0.055)
",-3981126943654811.000,-0.055,0.000,0.000,1.000,24,0,0,0,24,0,24,0,1.0,0.0,0.0,1.0,1.0212765957446808,-0.02127659574468077,-1
"F[0,0](((Potassium <= 1.161 -> HR <= 122.910) | BUN <= 42.246) & EtCO2 >= 35.922)
",-3.951,-31.227,0.000,0.000,1.000,24,0,0,0,24,0,24,0,1.0,0.0,0.0,1.0,1.0212765957446808,-0.02127659574468077,-1
"F[0,0](((Calcium < 1.032 & Potassium < 1.621) & Magnesium < 0.241) & Phosphate < 0.000)
",-0.213,-0.091,0.000,0.000,1.000,24,0,0,0,24,0,24,0,1.0,0.0,0.0,1.0,1.0212765957446808,-0.02127659574468077,-1
"F[0,0]((EtCO2 <= 0.000 -> BUN >= 0.415) & BaseExcess >= 0.146)
",-5273502575284401.000,-0.146,0.000,0.000,1.000,24,0,0,0,24,0,24,0,1.0,0.0,0.0,1.0,1.0212765957446808,-0.02127659574468077,-1
"F[0,0]((BUN <= 12.160 & TroponinI >= 0.001) & Bilirubin_total >= 5.549369106304138e-05)
",-48001.288,-39155.826,0.000,0.000,1.000,24,0,0,0,24,0,24,0,1.0,0.0,0.0,1.0,1.0212765957446808,-0.02127659574468077,-1
"F[0,0](((Glucose >= 3.582 -> Hct <= 11.891) | Chloride <= 30.162) -> TroponinI >= 1.184)
",-14.879,-29.736,0.000,0.000,1.000,24,0,0,0,24,0,24,0,1.0,0.0,0.0,1.0,1.0212765957446808,-0.02127659574468077,-1
"F[0,0]((Calcium <= 9.755 & Potassium <= 1.063) & Magnesium >= 0.053)
",-3810657698031401.500,-0.053,0.000,0.000,1.000,24,0,0,0,24,0,24,0,1.0,0.0,0.0,1.0,1.0212765957446808,-0.02127659574468077,-1
"G[0,0](((pH >= 0.000 | Bilirubin_total <= 0.000) -> Glucose >= 0.000) | SepsisLabel <= 0.000)
",0.000,0.000,0.000,1.000,0.000,24,0,0,0,24,0,24,0,1.0,0.0,0.0,1.0,1.0212765957446808,-0.02127659574468077,1
"F[0,0](((Creatinine <= 0.335 & Hct >= 0.207) -> O2Sat >= 1.234) & AST >= 1.209)
",-0.819,-44.471,0.000,0.000,1.000,24,0,0,0,24,0,24,0,1.0,0.0,0.0,1.0,1.0212765957446808,-0.02127659574468077,-1
"F[0,0](((Calcium < 3.650 & Potassium < 1.434) & Magnesium < 0.515) & Phosphate < 0.000)
",-0.213,-0.091,0.000,0.000,1.000,24,0,0,0,24,0,24,0,1.0,0.0,0.0,1.0,1.0212765957446808,-0.02127659574468077,-1
"G[0,0](((Bilirubin_total <= 0.000 | Alkalinephos >= 0.000) -> Glucose >= 0.000) & BUN >= 0.000)
",-0.213,-0.391,0.000,1.000,0.000,24,0,0,0,24,0,24,0,1.0,0.0,0.0,1.0,1.0212765957446808,-0.02127659574468077,1
"G[0,0]((Potassium <= 0.231 | EtCO2 >= 0.000) & Temp >= 0.000)
",0.594,4.696,0.000,1.000,0.000,24,0,0,0,24,0,24,0,1.0,0.0,0.0,1.0,1.0212765957446808,-0.02127659574468077,1
"G[0,0](EtCO2 <= 0.000 | MAP >= 2.221)
",0.661,34.280,0.000,1.000,0.000,24,0,0,0,24,0,24,0,1.0,0.0,0.0,1.0,1.0212765957446808,-0.02127659574468077,1
"G[0,0]((HCO3 >= 0.000 | TroponinI >= 0.000) | Alkalinephos >= 7.759109268322164e-05)
",0.000,0.000,0.000,1.000,0.000,24,0,0,0,24,0,24,0,1.0,0.0,0.0,1.0,1.0212765957446808,-0.02127659574468077,1
"G[0,0](Calcium < 8.799 -> SepsisLabel = 0.000)
",-8.799,-8.799,0.000,1.000,0.000,24,0,0,0,24,0,24,0,1.0,0.0,0.0,1.0,1.0212765957446808,-0.02127659574468077,1
"G[0,0]((PaCO2 <= 0.000 | Platelets <= 40.987) | Bilirubin_direct <= 19.125)
",5768381890080703.000,40.987,0.000,1.000,0.000,24,0,0,0,24,0,24,0,1.0,0.0,0.0,1.0,1.0212765957446808,-0.02127659574468077,1
"G[0,0](((Temp <= 19.071 -> Chloride <= 0.000) -> SBP >= 0.000) -> Hct >= 0.000)
",-0.213,-0.001,0.000,1.000,0.000,24,0,0,0,24,0,24,0,1.0,0.0,0.0,1.0,1.0212765957446808,-0.02127659574468077,1
"G[0,0](((PaCO2 >= 0.000 -> Bilirubin_direct >= 0.000) -> Temp <= 0.000) | PaCO2 >= 0.000)
",0.000,0.000,0.000,1.000,0.000,24,0,0,0,24,0,24,0,1.0,0.0,0.0,1.0,1.0212765957446808,-0.02127659574468077,1
"G[0,0](((BUN >= 0.361 -> Temp <= 10.297) | TroponinI >= 3.900) | FiO2 <= 29.675)
",4176351643355547.000,29.675,0.000,1.000,0.000,24,0,0,0,24,0,24,0,1.0,0.0,0.0,1.0,1.0212765957446808,-0.02127659574468077,1
"G[0,0]((HCO3 >= 0.000 & AST <= 0.000) & BaseExcess >= 0.000)
",0.000,0.000,0.000,1.000,0.000,24,0,0,0,24,0,24,0,1.0,0.0,0.0,1.0,1.0212765957446808,-0.02127659574468077,1
"F[1,1](((PTT <= 0.000 | DBP >= 7.149) & Glucose <= 55.285) & Chloride >= 15.467)
",-2902419298024561.500,-15.467,0.000,0.000,1.000,23,0,0,1,24,0,23,1,0.9583333333333334,0.0,0.0,1.0,0.9787234042553191,0.021276595744680882,-1
"F[0,1]((Calcium <= 4.090 & Potassium <= 1.131) & Magnesium >= 0.036)
",-9999999.000,-9999999.000,0.000,0.000,1.000,23,0,0,1,24,0,23,1,0.9583333333333334,0.0,0.0,1.0,0.9787234042553191,0.021276595744680882,-1
"F[1,1](((Calcium < 7.472 & Potassium < 3.655) & Magnesium < 1.598) & Phosphate < 0.000)
",0.000,0.000,0.000,0.000,1.000,23,0,0,1,24,0,23,1,0.9583333333333334,0.0,0.0,1.0,0.9787234042553191,0.021276595744680882,-1
"F[0,1]((Calcium <= 2.823 & Potassium <= 0.394) & Magnesium >= 0.056)
",-9999999.000,-9999999.000,0.000,0.000,1.000,23,0,0,1,24,0,23,1,0.9583333333333334,0.0,0.0,1.0,0.9787234042553191,0.021276595744680882,-1
"F[0,1]((SaO2 >= 0.000 -> MAP <= 91.596) & SaO2 >= 10.112)
",-9999999.000,-9999999.000,0.000,0.000,1.000,23,0,0,1,24,0,23,1,0.9583333333333334,0.0,0.0,1.0,0.9787234042553191,0.021276595744680882,-1
"((SBP >= 4.765) U[1,1] (O2Sat >= 17.300))
",-2682259191817874.000,-4.765,0.000,0.000,1.000,23,0,0,1,24,0,23,1,0.9583333333333334,0.0,0.0,1.0,0.9787234042553191,0.021276595744680882,-1
"G[0,1](((Fibrinogen <= 0.000 -> Temp >= 4.297) & Magnesium >= 2.154) -> BUN >= 2.990)
",9999999.000,9999999.000,0.000,1.000,0.000,23,0,1,0,23,1,24,0,1.0,0.0,1.0,0.9583333333333334,0.9787234042553191,0.021276595744680882,1
"G[0,1]((HCO3 >= 0.000 | Temp >= 3.224) | Calcium >= 2.318)
",9999999.000,9999999.000,0.000,1.000,0.000,23,0,1,0,23,1,24,0,1.0,0.0,1.0,0.9583333333333334,0.9787234042553191,0.021276595744680882,1
"G[0,1]((Creatinine >= 0.000 & FiO2 <= 0.000) -> WBC >= 0.000)
",9999999.000,9999999.000,0.000,1.000,0.000,23,0,1,0,23,1,24,0,1.0,0.0,1.0,0.9583333333333334,0.9787234042553191,0.021276595744680882,1
"G[0,1](HCO3 <= 0.000 & Bilirubin_total <= 0.000)
",9999999.000,9999999.000,0.000,1.000,0.000,23,0,1,0,23,1,24,0,1.0,0.0,1.0,0.9583333333333334,0.9787234042553191,0.021276595744680882,1
"F[0,1]((Magnesium >= 0.036 & Potassium <= 1.949) & Glucose <= 3.927)
",-9999999.000,-9999999.000,0.000,0.000,1.000,23,0,0,1,24,0,23,1,0.9583333333333334,0.0,0.0,1.0,0.9787234042553191,0.021276595744680882,-1
"G[0,0](Hct <= 31.027 & BaseExcess >= 0.000)
",0.000,0.000,0.000,1.000,0.000,23,0,0,1,24,0,23,1,0.9583333333333334,0.0,0.0,1.0,0.9787234042553191,0.021276595744680882,1
"((AST < 0.000) U[1,2] (SepsisLabel = 0.000))
",-9999999.000,-9999999.000,0.000,0.000,1.000,23,0,0,1,24,0,23,1,0.9583333333333334,0.0,0.0,1.0,0.9787234042553191,0.021276595744680882,-1
"F[0,1]((Hct >= 1.024 -> Glucose >= 3.269) -> Phosphate >= 2.518)
",-9999999.000,-9999999.000,0.000,0.000,1.000,23,0,0,1,24,0,23,1,0.9583333333333334,0.0,0.0,1.0,0.9787234042553191,0.021276595744680882,-1
"F[0,1]((Calcium <= 4.393 & Potassium <= 3.567) & Magnesium >= 0.051)
",-9999999.000,-9999999.000,0.000,0.000,1.000,23,0,0,1,24,0,23,1,0.9583333333333334,0.0,0.0,1.0,0.9787234042553191,0.021276595744680882,-1
"F[0,1](SaO2 < 0.000 & SepsisLabel = 0.000)
",-9999999.000,-9999999.000,0.000,0.000,1.000,23,0,0,1,24,0,23,1,0.9583333333333334,0.0,0.0,1.0,0.9787234042553191,0.021276595744680882,-1
"((Resp > 3.470) U[1,2] (SepsisLabel = 0.000))
",-9999999.000,-9999999.000,0.000,0.000,1.000,23,0,0,1,24,0,23,1,0.9583333333333334,0.0,0.0,1.0,0.9787234042553191,0.021276595744680882,-1
"G[0,1](((FiO2 <= 0.000 -> Calcium >= 0.205) & BaseExcess >= 0.407) -> Lactate >= 0.270)
",9999999.000,9999999.000,0.000,1.000,0.000,23,0,1,0,23,1,24,0,1.0,0.0,1.0,0.9583333333333334,0.9787234042553191,0.021276595744680882,1
"((Alkalinephos <= 0.000) U[0,0] (O2Sat >= 19.740))
",0.781,36.102,0.000,0.000,1.000,23,0,0,1,24,0,23,1,0.9583333333333334,0.0,0.0,1.0,0.9787234042553191,0.021276595744680882,-1
"F[1,1](((Calcium >= 0.022 | SBP >= 8.274) -> Platelets >= 17.953) & Magnesium >= 5.810)
",-3270834557198377.500,-5.810,0.000,0.000,1.000,23,0,0,1,24,0,23,1,0.9583333333333334,0.0,0.0,1.0,0.9787234042553191,0.021276595744680882,-1
"F[0,1]((Calcium <= 7.900 & Potassium <= 2.442) & Magnesium >= 0.071)
",-9999999.000,-9999999.000,0.000,0.000,1.000,23,0,0,1,24,0,23,1,0.9583333333333334,0.0,0.0,1.0,0.9787234042553191,0.021276595744680882,-1
"F[0,0](DBP >= 13.799 & Temp <= 20.928)
",-0.983,-28.403,0.000,0.000,1.000,23,0,0,1,24,0,23,1,0.9583333333333334,0.0,0.0,1.0,0.9787234042553191,0.021276595744680882,-1
"F[1,1]((Resp <= 12.083 & Temp >= 6.473) & SaO2 <= 34.491)
",-3643981322964185.500,-6.473,0.000,0.000,1.000,23,0,0,1,24,0,23,1,0.9583333333333334,0.0,0.0,1.0,0.9787234042553191,0.021276595744680882,-1
"F[0,1](((Calcium < 5.945 & Potassium < 0.358) & Magnesium < 0.826) & Phosphate < 0.000)
",-9999999.000,-9999999.000,0.000,0.000,1.000,23,0,0,1,24,0,23,1,0.9583333333333334,0.0,0.0,1.0,0.9787234042553191,0.021276595744680882,-1
"F[0,0](BaseExcess >= 0.000 & Creatinine >= 0.005)
",-6188892762427969.000,-0.005,0.000,0.000,1.000,23,0,0,1,24,0,23,1,0.9583333333333334,0.0,0.0,1.0,0.9787234042553191,0.021276595744680882,-1
"F[0,0](Phosphate <= 0.000 -> Hgb >= 0.126)
",-0.213,-1.464,0.000,0.000,1.000,23,0,0,1,24,0,23,1,0.9583333333333334,0.0,0.0,1.0,0.9787234042553191,0.021276595744680882,-1
"F[0,1](Bilirubin_total < 0.000 & SepsisLabel = 0.000)
",-9999999.000,-9999999.000,0.000,0.000,1.000,23,0,0,1,24,0,23,1,0.9583333333333334,0.0,0.0,1.0,0.9787234042553191,0.021276595744680882,-1
"F[1,1](((Platelets >= 4.755 & Hgb <= 2.674) -> pH <= 7.114) & Phosphate >= 0.056)
",-4004730271460405.000,-7.114,0.000,0.000,1.000,23,0,0,1,24,0,23,1,0.9583333333333334,0.0,0.0,1.0,0.9787234042553191,0.021276595744680882,-1
"F[0,1](((BaseExcess <= 0.000 & DBP <= 71.697) -> DBP <= 28.717) & Creatinine >= 10.029)
",-9999999.000,-9999999.000,0.000,0.000,1.000,23,0,0,1,24,0,23,1,0.9583333333333334,0.0,0.0,1.0,0.9787234042553191,0.021276595744680882,-1
"G[1,1]((PaCO2 >= 0.000 | Alkalinephos >= 0.000) -> DBP >= 0.000)
",0.000,0.000,0.000,1.000,0.000,23,0,1,0,23,1,24,0,1.0,0.0,1.0,0.9583333333333334,0.9787234042553191,0.021276595744680882,1
"G[0,1](((Bilirubin_total >= 0.000 -> BUN <= 4.954) & SepsisLabel >= 0.312) -> Fibrinogen >= 0.447)
",9999999.000,9999999.000,0.000,1.000,0.000,23,0,1,0,23,1,24,0,1.0,0.0,1.0,0.9583333333333334,0.9787234042553191,0.021276595744680882,1
"G[1,1]((Magnesium >= 0.009 -> FiO2 <= 0.000) & SepsisLabel >= 0.000)
",0.000,0.000,0.000,1.000,0.000,23,0,1,0,23,1,24,0,1.0,0.0,1.0,0.9583333333333334,0.9787234042553191,0.021276595744680882,1
"G[0,1]((PaCO2 >= 0.000 | EtCO2 <= 0.000) & PaCO2 >= 0.000)
",9999999.000,9999999.000,0.000,1.000,0.000,23,0,1,0,23,1,24,0,1.0,0.0,1.0,0.9583333333333334,0.9787234042553191,0.021276595744680882,1
"G[1,1](Potassium >= 0.060 -> FiO2 >= 0.000)
",0.000,0.000,0.000,1.000,0.000,23,0,1,0,23,1,24,0,1.0,0.0,1.0,0.9583333333333334,0.9787234042553191,0.021276595744680882,1
"G[0,1](((PaCO2 >= 0.000 | AST >= 0.000) & HR >= 0.000) & Bilirubin_direct >= 0.000)
",9999999.000,9999999.000,0.000,1.000,0.000,23,0,1,0,23,1,24,0,1.0,0.0,1.0,0.9583333333333334,0.9787234042553191,0.021276595744680882,1
"G[0,1](Chloride >= 0.000 & HCO3 >= 0.000)
",9999999.000,9999999.000,0.000,1.000,0.000,23,0,1,0,23,1,24,0,1.0,0.0,1.0,0.9583333333333334,0.9787234042553191,0.021276595744680882,1
"G[0,1](EtCO2 <= 0.000 | AST >= 0.000)
",9999999.000,9999999.000,0.000,1.000,0.000,23,0,1,0,23,1,24,0,1.0,0.0,1.0,0.9583333333333334,0.9787234042553191,0.021276595744680882,1
"G[1,1](Fibrinogen <= 0.000 -> PaCO2 <= 0.000)
",0.000,0.000,0.000,1.000,0.000,23,0,1,0,23,1,24,0,1.0,0.0,1.0,0.9583333333333334,0.9787234042553191,0.021276595744680882,1
"G[0,1](((Calcium <= 1.610 -> Magnesium <= 0.413) & PTT >= 0.075) -> Potassium >= 0.050)
",9999999.000,9999999.000,0.000,1.000,0.000,23,0,1,0,23,1,24,0,1.0,0.0,1.0,0.9583333333333334,0.9787234042553191,0.021276595744680882,1
"G[0,1](((Fibrinogen >= 0.000 -> Bilirubin_total <= 0.000) | SaO2 >= 0.000) | O2Sat <= 0.000)
",9999999.000,9999999.000,0.000,1.000,0.000,23,0,1,0,23,1,24,0,1.0,0.0,1.0,0.9583333333333334,0.9787234042553191,0.021276595744680882,1
"G[0,1](((Creatinine >= 0.002 | TroponinI >= 0.001) | TroponinI <= 0.013) | EtCO2 >= 0.000)
",9999999.000,9999999.000,0.000,1.000,0.000,23,0,1,0,23,1,24,0,1.0,0.0,1.0,0.9583333333333334,0.9787234042553191,0.021276595744680882,1
"G[0,1](WBC <= 4.782 -> SepsisLabel = 0.000)
",9999999.000,9999999.000,0.000,1.000,0.000,23,0,1,0,23,1,24,0,1.0,0.0,1.0,0.9583333333333334,0.9787234042553191,0.021276595744680882,1
"G[0,1](O2Sat < 93.238 -> SepsisLabel = 0.000)
",9999999.000,9999999.000,0.000,1.000,0.000,23,0,1,0,23,1,24,0,1.0,0.0,1.0,0.9583333333333334,0.9787234042553191,0.021276595744680882,1
"G[1,1](((Potassium >= 0.165 & AST >= 0.000) | HCO3 >= 0.000) | AST >= 0.000)
",0.000,0.000,0.000,1.000,0.000,23,0,1,0,23,1,24,0,1.0,0.0,1.0,0.9583333333333334,0.9787234042553191,0.021276595744680882,1
"G[0,1]((Glucose <= 93.110 -> MAP <= 43.063) -> Magnesium <= 86.945)
",9999999.000,9999999.000,0.000,1.000,0.000,23,0,1,0,23,1,24,0,1.0,0.0,1.0,0.9583333333333334,0.9787234042553191,0.021276595744680882,1
"G[1,1]((Temp <= 23.501 -> Lactate >= 0.000) | DBP >= 0.000)
",0.000,0.000,0.000,1.000,0.000,23,0,1,0,23,1,24,0,1.0,0.0,1.0,0.9583333333333334,0.9787234042553191,0.021276595744680882,1
"G[0,0](((BUN <= 6.342 | O2Sat >= 1.215) -> Alkalinephos >= 17.145) -> Bilirubin_direct >= 7.424)
",12.814,6.765,0.000,1.000,0.000,23,0,0,1,24,0,23,1,0.9583333333333334,0.0,0.0,1.0,0.9787234042553191,0.021276595744680882,1
"G[0,1](((MAP >= 20.929 & EtCO2 <= 0.000) & O2Sat >= 0.000) | EtCO2 <= 0.000)
",9999999.000,9999999.000,0.000,1.000,0.000,23,0,1,0,23,1,24,0,1.0,0.0,1.0,0.9583333333333334,0.9787234042553191,0.021276595744680882,1
"G[1,1](SBP <= 118.639 -> SepsisLabel = 0.000)
",-4174250593316174.500,-118.639,0.000,1.000,0.000,23,0,1,0,23,1,24,0,1.0,0.0,1.0,0.9583333333333334,0.9787234042553191,0.021276595744680882,1
"G[0,1]((HCO3 <= 0.000 & Phosphate <= 0.000) | Bilirubin_direct >= 0.000)
",9999999.000,9999999.000,0.000,1.000,0.000,23,0,1,0,23,1,24,0,1.0,0.0,1.0,0.9583333333333334,0.9787234042553191,0.021276595744680882,1
"G[0,1](((Potassium <= 2.382 & SBP >= 6.859) & TroponinI <= 105.894) -> Creatinine <= 70.501)
",9999999.000,9999999.000,0.000,1.000,0.000,23,0,1,0,23,1,24,0,1.0,0.0,1.0,0.9583333333333334,0.9787234042553191,0.021276595744680882,1
"G[0,1]((Calcium <= 6.608 -> DBP >= 2.418) | Magnesium <= 76.816)
",9999999.000,9999999.000,0.000,1.000,0.000,23,0,1,0,23,1,24,0,1.0,0.0,1.0,0.9583333333333334,0.9787234042553191,0.021276595744680882,1
"G[0,1](((Temp >= 5.276 -> HCO3 >= 0.000) | pH >= 0.000) | EtCO2 <= 0.000)
",9999999.000,9999999.000,0.000,1.000,0.000,23,0,1,0,23,1,24,0,1.0,0.0,1.0,0.9583333333333334,0.9787234042553191,0.021276595744680882,1
"G[1,1]((MAP >= 11.045 | Resp >= 3.065) | PaCO2 <= 14.356)
",4040937841642933.000,14.356,0.000,1.000,0.000,23,0,1,0,23,1,24,0,1.0,0.0,1.0,0.9583333333333334,0.9787234042553191,0.021276595744680882,1
"G[0,1]((Bilirubin_total <= 0.000 | Alkalinephos >= 0.000) & SaO2 <= 0.000)
",9999999.000,9999999.000,0.000,1.000,0.000,23,0,1,0,23,1,24,0,1.0,0.0,1.0,0.9583333333333334,0.9787234042553191,0.021276595744680882,1
"G[1,1]((BUN <= 2.447 -> SepsisLabel <= 0.000) | Temp <= 0.000)
",0.000,0.000,0.000,1.000,0.000,23,0,1,0,23,1,24,0,1.0,0.0,1.0,0.9583333333333334,0.9787234042553191,0.021276595744680882,1
"G[1,1]((Platelets <= 61.294 & WBC >= 0.172) | Bilirubin_direct <= 1.354)
",3048279515403865.500,1.354,0.000,1.000,0.000,23,0,1,0,23,1,24,0,1.0,0.0,1.0,0.9583333333333334,0.9787234042553191,0.021276595744680882,1
"G[0,1]((Creatinine <= 0.111 -> AST >= 0.000) | AST >= 0.000)
",9999999.000,9999999.000,0.000,1.000,0.000,23,0,1,0,23,1,24,0,1.0,0.0,1.0,0.9583333333333334,0.9787234042553191,0.021276595744680882,1
"G[0,1](((SepsisLabel <= 0.000 | Phosphate <= 0.000) & pH <= 0.000) & Creatinine >= 0.000)
",9999999.000,9999999.000,0.000,1.000,0.000,23,0,1,0,23,1,24,0,1.0,0.0,1.0,0.9583333333333334,0.9787234042553191,0.021276595744680882,1
"G[0,1]((Alkalinephos >= 0.000 | PaCO2 >= 0.000) & Temp >= 0.000)
",9999999.000,9999999.000,0.000,1.000,0.000,23,0,1,0,23,1,24,0,1.0,0.0,1.0,0.9583333333333334,0.9787234042553191,0.021276595744680882,1
"G[0,1]((Hgb <= 1.097 -> MAP <= 81.818) | DBP <= 91.356)
",9999999.000,9999999.000,0.000,1.000,0.000,23,0,1,0,23,1,24,0,1.0,0.0,1.0,0.9583333333333334,0.9787234042553191,0.021276595744680882,1
"G[1,1](((Potassium >= 0.085 | HCO3 <= 0.000) | TroponinI <= 0.000) & pH <= 0.000)
",0.000,0.000,0.000,1.000,0.000,23,0,1,0,23,1,24,0,1.0,0.0,1.0,0.9583333333333334,0.9787234042553191,0.021276595744680882,1
"G[0,1](PaCO2 >= 0.000 & Chloride <= 0.000)
",9999999.000,9999999.000,0.000,1.000,0.000,23,0,1,0,23,1,24,0,1.0,0.0,1.0,0.9583333333333334,0.9787234042553191,0.021276595744680882,1
"G[0,1](((PaCO2 >= 0.000 -> Resp <= 11.148) & pH >= 3.259) | Magnesium <= 10.341)
",9999999.000,9999999.000,0.000,1.000,0.000,23,0,1,0,23,1,24,0,1.0,0.0,1.0,0.9583333333333334,0.9787234042553191,0.021276595744680882,1
"G[0,1]((Phosphate >= 0.000 -> Lactate >= 0.000) | Bilirubin_total <= 0.000)
",9999999.000,9999999.000,0.000,1.000,0.000,23,0,1,0,23,1,24,0,1.0,0.0,1.0,0.9583333333333334,0.9787234042553191,0.021276595744680882,1
"G[0,0]((pH >= 0.000 & Hct >= 0.611) -> HR >= 1.411)
",-5381365747140975.000,-39154.589,0.000,1.000,0.000,23,0,0,1,24,0,23,1,0.9583333333333334,0.0,0.0,1.0,0.9787234042553191,0.021276595744680882,1
"G[0,1]((SepsisLabel >= 0.000 -> Temp >= 6.436) -> Temp >= 3.523)
",9999999.000,9999999.000,0.000,1.000,0.000,23,0,1,0,23,1,24,0,1.0,0.0,1.0,0.9583333333333334,0.9787234042553191,0.021276595744680882,1
"G[0,1](Chloride >= 0.000 & HCO3 >= 0.000)
",9999999.000,9999999.000,0.000,1.000,0.000,23,0,1,0,23,1,24,0,1.0,0.0,1.0,0.9583333333333334,0.9787234042553191,0.021276595744680882,1
"G[1,1](((Magnesium >= 0.025 -> Hgb <= 3.343) | Fibrinogen >= 0.021) | Creatinine <= 5.991)
",5.991,5.991,0.000,1.000,0.000,23,0,1,0,23,1,24,0,1.0,0.0,1.0,0.9583333333333334,0.9787234042553191,0.021276595744680882,1
"G[0,1]((Magnesium <= 1.349 -> Phosphate >= 0.000) | SaO2 >= 0.000)
",9999999.000,9999999.000,0.000,1.000,0.000,23,0,1,0,23,1,24,0,1.0,0.0,1.0,0.9583333333333334,0.9787234042553191,0.021276595744680882,1
"((Temp >= 5.842) U[1,2] (Calcium <= 3.288))
",-9999999.000,-9999999.000,0.000,0.000,1.000,22,0,0,2,24,0,22,2,0.9166666666666666,0.0,0.0,1.0,0.9361702127659575,0.06382978723404253,-1
"G[1,1]((HR >= 25.669 & MAP <= 62.466) -> O2Sat >= 8.672)
",8.672,8.672,0.000,1.000,0.000,22,0,1,1,23,1,23,1,0.9565217391304348,0.0,1.0,0.9565217391304348,0.9361702127659575,0.06382978723404253,1
"G[1,1](((Hgb <= 9.342 & Magnesium <= 0.595) | Platelets <= 0.330) | Potassium <= 0.294)
",0.595,0.595,0.000,1.000,0.000,22,0,1,1,23,1,23,1,0.9565217391304348,0.0,1.0,0.9565217391304348,0.9361702127659575,0.06382978723404253,1
"G[1,1]((Bilirubin_direct <= 0.000 & Phosphate >= 0.000) & Glucose <= 0.000)
",0.000,0.000,0.000,1.000,0.000,22,0,1,1,23,1,23,1,0.9565217391304348,0.0,1.0,0.9565217391304348,0.9361702127659575,0.06382978723404253,1
"G[0,1](Hct <= 28.360 | MAP <= 50.380)
",9999999.000,9999999.000,0.000,1.000,0.000,22,0,1,1,23,1,23,1,0.9565217391304348,0.0,1.0,0.9565217391304348,0.9361702127659575,0.06382978723404253,1
"((MAP >= 8.756) U[1,1] (SBP <= 54.273))
",54.273,54.273,0.000,0.000,1.000,22,0,0,2,24,0,22,2,0.9166666666666666,0.0,0.0,1.0,0.9361702127659575,0.06382978723404253,-1
"F[0,1](((Potassium >= 0.115 & TroponinI <= 0.025) | EtCO2 >= 7.552907414530998e-05) & Resp <= 0.004)
",-9999999.000,-9999999.000,0.000,0.000,1.000,22,0,0,2,24,0,22,2,0.9166666666666666,0.0,0.0,1.0,0.9361702127659575,0.06382978723404253,-1
"F[0,1](((Hgb >= 0.274 -> WBC <= 1.512) | Resp <= 1.618) -> PaCO2 >= 0.019)
",-9999999.000,-9999999.000,0.000,0.000,1.000,22,0,0,2,24,0,22,2,0.9166666666666666,0.0,0.0,1.0,0.9361702127659575,0.06382978723404253,-1
"F[1,1](TroponinI >= 0.000 -> Hgb >= 0.171)
",8801553598585571.000,0.000,0.000,0.000,1.000,22,0,0,2,24,0,22,2,0.9166666666666666,0.0,0.0,1.0,0.9361702127659575,0.06382978723404253,-1
"((DBP >= 4.191) U[1,1] (Creatinine >= 0.000))
",-2863050983750957.500,-0.000,0.000,0.000,1.000,22,0,0,2,24,0,22,2,0.9166666666666666,0.0,0.0,1.0,0.9361702127659575,0.06382978723404253,-1
"F[1,1](pH >= 0.000 -> WBC >= 0.180)
",0.000,0.000,0.000,0.000,1.000,22,0,0,2,24,0,22,2,0.9166666666666666,0.0,0.0,1.0,0.9361702127659575,0.06382978723404253,-1
"((Fibrinogen >= 0.000) U[1,1] (Potassium >= 0.141))
",0.000,0.000,0.000,0.000,1.000,22,0,0,2,24,0,22,2,0.9166666666666666,0.0,0.0,1.0,0.9361702127659575,0.06382978723404253,-1
"F[1,1](((Hct <= 33.307 | O2Sat >= 17.281) -> Platelets >= 11.553) | WBC >= 15.385)
",-2165189276453298.750,-15.385,0.000,0.000,1.000,22,0,0,2,24,0,22,2,0.9166666666666666,0.0,0.0,1.0,0.9361702127659575,0.06382978723404253,-1
"((MAP >= 4.384) U[1,1] (SBP <= 110.365))
",3883111321028310.500,110.365,0.000,0.000,1.000,22,0,0,2,24,0,22,2,0.9166666666666666,0.0,0.0,1.0,0.9361702127659575,0.06382978723404253,-1
"((TroponinI >= 0.000) U[1,1] (Magnesium >= 0.038))
",-3365870016808946.000,-0.000,0.000,0.000,1.000,22,0,0,2,24,0,22,2,0.9166666666666666,0.0,0.0,1.0,0.9361702127659575,0.06382978723404253,-1
"((Creatinine >= 0.010) U[0,1] (Hgb >= 0.263))
",-9999999.000,-9999999.000,0.000,0.000,1.000,21,0,0,3,24,0,21,3,0.875,0.0,0.0,1.0,0.8936170212765957,0.1063829787234043,-1
"F[0,0](((TroponinI <= 0.012 & MAP <= 80.994) -> Resp >= 4.852) | MAP >= 16.619)
",0.660,29.890,0.000,0.000,1.000,21,0,0,3,24,0,21,3,0.875,0.0,0.0,1.0,0.8936170212765957,0.1063829787234043,-1
"F[0,1](Chloride <= 0.000 -> Hgb >= 0.050)
",-9999999.000,-9999999.000,0.000,0.000,1.000,21,0,0,3,24,0,21,3,0.875,0.0,0.0,1.0,0.8936170212765957,0.1063829787234043,-1
"F[0,0](((BUN >= 0.472 | DBP >= 16.432) & Fibrinogen <= 45.448) | O2Sat >= 3.081)
",0.788,42.725,0.000,0.000,1.000,21,0,0,3,24,0,21,3,0.875,0.0,0.0,1.0,0.8936170212765957,0.1063829787234043,-1
"F[0,1](Creatinine <= 0.267 -> Potassium >= 0.133)
",-9999999.000,-9999999.000,0.000,0.000,1.000,21,0,0,3,24,0,21,3,0.875,0.0,0.0,1.0,0.8936170212765957,0.1063829787234043,-1
"F[0,1]((Temp >= 6.429 | Potassium >= 0.128) & Glucose >= 0.011)
",-9999999.000,-9999999.000,0.000,0.000,1.000,21,0,0,3,24,0,21,3,0.875,0.0,0.0,1.0,0.8936170212765957,0.1063829787234043,-1
"((SepsisLabel >= 0.000) U[0,1] (Magnesium >= 0.061))
",-9999999.000,-9999999.000,0.000,0.000,1.000,21,0,0,3,24,0,21,3,0.875,0.0,0.0,1.0,0.8936170212765957,0.1063829787234043,-1
"G[0,1](((Bilirubin_direct <= 0.000 -> Chloride >= 0.000) & Platelets <= 0.000) & PaCO2 >= 0.000)
",9999999.000,9999999.000,0.000,1.000,0.000,21,0,1,2,23,1,22,2,0.9130434782608695,0.0,1.0,0.9545454545454546,0.8936170212765957,0.1063829787234043,1
"G[0,0](((Bilirubin_direct >= 0.000 -> SaO2 >= 0.000) -> SBP <= 0.000) & TroponinI <= 0.000)
",0.000,0.000,0.000,1.000,0.000,21,0,0,3,24,0,21,3,0.875,0.0,0.0,1.0,0.8936170212765957,0.1063829787234043,1
"G[0,1]((Hgb >= 0.244 & Calcium >= 0.255) -> Lactate >= 0.184)
",9999999.000,9999999.000,0.000,1.000,0.000,21,0,1,2,23,1,22,2,0.9130434782608695,0.0,1.0,0.9545454545454546,0.8936170212765957,0.1063829787234043,1
"G[1,1](((Platelets >= 4.991 & Potassium <= 0.235) -> Lactate >= 0.042) -> Temp <= 3.745)
",-4216746572641851.000,-3.745,0.000,1.000,0.000,13,0,1,10,23,1,14,10,0.5652173913043478,0.0,1.0,0.9285714285714286,0.5531914893617021,0.44680851063829785,1
"G[0,1](Potassium >= 0.068 | Resp <= 8.631)
",9999999.000,9999999.000,0.000,1.000,0.000,13,0,0,11,24,0,13,11,0.5416666666666666,0.0,0.0,1.0,0.5531914893617021,0.44680851063829785,1
"G[0,1](((Alkalinephos <= 0.000 & AST >= 0.000) & Alkalinephos <= 0.000) -> Temp <= 0.000)
",9999999.000,9999999.000,0.000,1.000,0.000,13,0,0,11,24,0,13,11,0.5416666666666666,0.0,0.0,1.0,0.5531914893617021,0.44680851063829785,1
"F[1,1]((HR >= 22.029 -> Magnesium >= 0.003) & WBC <= 1.007)
",3581182962524270.000,0.003,0.000,0.000,1.000,13,0,0,11,24,0,13,11,0.5416666666666666,0.0,0.0,1.0,0.5531914893617021,0.44680851063829785,-1
"F[0,1]((Glucose >= 2.532 | O2Sat <= 59.688) -> TroponinI >= 18.987)
",-9999999.000,-9999999.000,0.000,0.000,1.000,13,0,0,11,24,0,13,11,0.5416666666666666,0.0,0.0,1.0,0.5531914893617021,0.44680851063829785,-1
"((Hct >= 0.672) U[1,2] (Temp <= 33.215))
",-9999999.000,-9999999.000,0.000,0.000,1.000,13,0,0,11,24,0,13,11,0.5416666666666666,0.0,0.0,1.0,0.5531914893617021,0.44680851063829785,-1
"G[0,1]((Resp <= 15.813 & Phosphate <= 0.000) & AST <= 0.000)
",9999999.000,9999999.000,0.000,1.000,0.000,12,0,0,12,24,0,12,12,0.5,0.0,0.0,1.0,0.5106382978723404,0.4893617021276596,1
"((Magnesium >= 0.045) U[1,2] (Resp <= 7.240))
",-9999999.000,-9999999.000,0.000,0.000,1.000,12,0,0,12,24,0,12,12,0.5,0.0,0.0,1.0,0.5106382978723404,0.4893617021276596,-1
"((Hgb >= 0.434) U[1,2] (HR >= 16.175))
",-9999999.000,-9999999.000,0.000,0.000,1.000,12,0,0,12,24,0,12,12,0.5,0.0,0.0,1.0,0.5106382978723404,0.4893617021276596,-1
"F[1,1]((Glucose >= 0.043 | TroponinI >= 0.001) | O2Sat >= 0.001)
",-5358385560535025.000,-0.001,0.000,0.000,1.000,12,0,0,12,24,0,12,12,0.5,0.0,0.0,1.0,0.5106382978723404,0.4893617021276596,-1
"((SBP <= 76.784) U[0,1] (O2Sat >= 3.920))
",-9999999.000,-9999999.000,0.000,0.000,1.000,12,0,0,12,24,0,12,12,0.5,0.0,0.0,1.0,0.5106382978723404,0.4893617021276596,-1
"((Calcium >= 0.093) U[0,1] (MAP >= 7.846))
",-9999999.000,-9999999.000,0.000,0.000,1.000,12,0,0,12,24,0,12,12,0.5,0.0,0.0,1.0,0.5106382978723404,0.4893617021276596,-1
"F[1,1]((DBP >= 22.148 -> Magnesium >= 0.060) | SaO2 >= 0.021)
",4293748391336286.500,0.060,0.000,0.000,1.000,11,0,0,13,24,0,11,13,0.4583333333333333,0.0,0.0,1.0,0.46808510638297873,0.5319148936170213,-1
"G[1,1]((Lactate <= 0.000 & BUN <= 1.564) -> O2Sat >= 0.237)
",0.000,0.000,0.000,1.000,0.000,11,0,1,12,23,1,12,12,0.4782608695652174,0.0,1.0,0.9166666666666666,0.46808510638297873,0.5319148936170213,1
"G[1,1]((HCO3 <= 0.000 -> Resp <= 16.220) -> pH >= 0.559)
",2519000403885602.500,0.559,0.000,1.000,0.000,11,0,1,12,23,1,12,12,0.4782608695652174,0.0,1.0,0.9166666666666666,0.46808510638297873,0.5319148936170213,1
"((MAP >= 11.606) U[1,2] (SBP <= 46.568))
",-9999999.000,-9999999.000,0.000,0.000,1.000,10,0,0,14,24,0,10,14,0.4166666666666667,0.0,0.0,1.0,0.425531914893617,0.574468085106383,-1
"((DBP <= 26.246) U[0,1] (SBP >= 3.019))
",-9999999.000,-9999999.000,0.000,0.000,1.000,10,0,0,14,24,0,10,14,0.4166666666666667,0.0,0.0,1.0,0.425531914893617,0.574468085106383,-1
"((MAP >= 7.587) U[1,2] (SBP <= 51.683))
",-9999999.000,-9999999.000,0.000,0.000,1.000,10,0,0,14,24,0,10,14,0.4166666666666667,0.0,0.0,1.0,0.425531914893617,0.574468085106383,-1
"F[1,1]((PTT >= 0.000 -> Temp <= 17.872) & Chloride <= 22.675)
",-5030485490152367.000,-17.872,0.000,0.000,1.000,10,0,0,14,24,0,10,14,0.4166666666666667,0.0,0.0,1.0,0.425531914893617,0.574468085106383,-1
"F[0,1](Bilirubin_total >= 0.000 -> DBP >= 7.928)
",-9999999.000,-9999999.000,0.000,0.000,1.000,10,0,0,14,24,0,10,14,0.4166666666666667,0.0,0.0,1.0,0.425531914893617,0.574468085106383,-1
"((MAP >= 10.862) U[1,2] (SBP <= 96.098))
",-9999999.000,-9999999.000,0.000,0.000,1.000,10,0,0,14,24,0,10,14,0.4166666666666667,0.0,0.0,1.0,0.425531914893617,0.574468085106383,-1
"((DBP >= 5.722) U[1,2] (SBP <= 98.432))
",-9999999.000,-9999999.000,0.000,0.000,1.000,10,0,0,14,24,0,10,14,0.4166666666666667,0.0,0.0,1.0,0.425531914893617,0.574468085106383,-1
"G[0,1]((Hct >= 1.284 -> WBC >= 0.006) & DBP <= 4.960)
",9999999.000,9999999.000,0.000,1.000,0.000,10,0,0,14,24,0,10,14,0.4166666666666667,0.0,0.0,1.0,0.425531914893617,0.574468085106383,1
"G[0,1](((pH >= 0.000 | PaCO2 >= 0.000) | Platelets <= 0.000) -> HR <= 0.000)
",9999999.000,9999999.000,0.000,1.000,0.000,8,0,0,16,24,0,8,16,0.3333333333333333,0.0,0.0,1.0,0.3404255319148936,0.6595744680851063,1
"F[0,1]((BUN >= 0.144 -> Hgb >= 0.257) & HR >= 0.186)
",-9999999.000,-9999999.000,0.000,0.000,1.000,8,0,0,16,24,0,8,16,0.3333333333333333,0.0,0.0,1.0,0.3404255319148936,0.6595744680851063,-1
"F[0,1]((HR >= 3.117 & TroponinI <= 0.030) & HCO3 <= 0.018)
",-9999999.000,-9999999.000,0.000,0.000,1.000,8,0,0,16,24,0,8,16,0.3333333333333333,0.0,0.0,1.0,0.3404255319148936,0.6595744680851063,-1
"F[1,1](HR <= 122.022 | WBC >= 0.164)
",4293250305290366.500,122.022,0.000,0.000,1.000,4,0,0,20,24,0,4,20,0.16666666666666666,0.0,0.0,1.0,0.1702127659574468,0.8297872340425532,-1
"((Glucose <= 55.599) U[0,0] (HR <= 98.280))
",3912409747730353.500,55.599,0.000,0.000,1.000,4,0,0,20,24,0,4,20,0.16666666666666666,0.0,0.0,1.0,0.1702127659574468,0.8297872340425532,-1
"G[0,0](Hct <= 30.095 & HR >= 5.848)
",4918.999,30.094,0.000,1.000,0.000,4,0,0,20,24,0,4,20,0.16666666666666666,0.0,0.0,1.0,0.1702127659574468,0.8297872340425532,1
"((HR <= 85.933) U[1,2] (SepsisLabel = 0.000))
",-9999999.000,-9999999.000,0.000,0.000,1.000,3,0,0,21,24,0,3,21,0.125,0.0,0.0,1.0,0.1276595744680851,0.8723404255319149,-1
"G[0,0](BUN >= 0.136 | Temp >= 4.610)
",0.591,23.870,0.000,1.000,0.000,2,0,0,22,24,0,2,22,0.08333333333333333,0.0,0.0,1.0,0.0851063829787234,0.9148936170212766,1
"G[0,0]((FiO2 >= 0.000 -> MAP >= 18.076) | Creatinine >= 3.269)
",-0.661,-0.995,0.000,1.000,0.000,2,0,0,22,24,0,2,22,0.08333333333333333,0.0,0.0,1.0,0.0851063829787234,0.9148936170212766,1
"G[0,0](((Bilirubin_total >= 0.000 -> TroponinI <= 0.010) | Lactate <= 0.010) & DBP >= 0.001)
",-0.210,-0.171,0.000,1.000,0.000,2,0,0,22,24,0,2,22,0.08333333333333333,0.0,0.0,1.0,0.0851063829787234,0.9148936170212766,1
"G[1,1](((Hgb <= 7.971 | Hct <= 19.581) -> WBC >= 0.110) & Platelets >= 6.999)
",-5511669288291407.000,-19.581,0.000,1.000,0.000,1,0,1,22,23,1,2,22,0.043478260869565216,0.0,1.0,0.5,0.0425531914893617,0.9574468085106383,1
"((Magnesium <= 1.403) U[1,2] (TroponinI <= 0.017))
",-9999999.000,-9999999.000,0.000,0.000,1.000,1,0,0,23,24,0,1,23,0.041666666666666664,0.0,0.0,1.0,0.0425531914893617,0.9574468085106383,-1
"F[0,0]((BUN >= 0.200 -> WBC >= 0.142) -> Resp <= 2.820)
",-1.628,-2.005,0.000,0.000,1.000,1,0,0,23,24,0,1,23,0.041666666666666664,0.0,0.0,1.0,0.0425531914893617,0.9574468085106383,-1
"((Hct < 28.016) U[1,1] (SepsisLabel = 0.000))
",28.016,28.016,0.000,0.000,1.000,1,0,0,23,24,0,1,23,0.041666666666666664,0.0,0.0,1.0,0.0425531914893617,0.9574468085106383,-1
"F[0,0]((EtCO2 >= 0.000 | Hgb >= 0.265) & Temp <= 2.164)
",-0.591,-24.515,0.000,0.000,1.000,1,0,0,23,24,0,1,23,0.041666666666666664,0.0,0.0,1.0,0.0425531914893617,0.9574468085106383,-1
"F[1,1]((Phosphate >= 0.000 & Magnesium > 0.008) -> Calcium < 4.443)
",-2501372906588909.500,-4.443,0.000,0.000,1.000,1,0,0,23,24,0,1,23,0.041666666666666664,0.0,0.0,1.0,0.0425531914893617,0.9574468085106383,-1
"F[0,0]((O2Sat <= 47.323 | Potassium >= 0.098) & HCO3 <= 0.631)
",0.973,0.346,0.000,0.000,1.000,1,0,0,23,24,0,1,23,0.041666666666666664,0.0,0.0,1.0,0.0425531914893617,0.9574468085106383,-1
"F[1,1]((BUN >= 0.458 & Chloride <= 0.000) -> Potassium <= 0.000)
",0.000,0.000,0.000,0.000,1.000,1,0,0,23,24,0,1,23,0.041666666666666664,0.0,0.0,1.0,0.0425531914893617,0.9574468085106383,-1
"F[0,0](((BUN <= 13.865 & Creatinine >= 0.007) & Magnesium <= 0.318) | Hgb <= 0.033)
",3.790,0.031,0.000,0.000,1.000,1,0,0,23,24,0,1,23,0.041666666666666664,0.0,0.0,1.0,0.0425531914893617,0.9574468085106383,-1
"((MAP <= 68.632) U[1,2] (SepsisLabel = 0.000))
",-9999999.000,-9999999.000,0.000,0.000,1.000,1,0,0,23,24,0,1,23,0.041666666666666664,0.0,0.0,1.0,0.0425531914893617,0.9574468085106383,-1
"G[1,1](Platelets <= 74.826 -> WBC >= 0.111)
",-5265422318148399.000,-74.826,0.000,1.000,0.000,1,0,1,22,23,1,2,22,0.043478260869565216,0.0,1.0,0.5,0.0425531914893617,0.9574468085106383,1
"F[0,0]((DBP <= 69.710 -> Hct <= 7.132) & Bilirubin_direct <= 34.117)
",-1.760,-50.665,0.000,0.000,1.000,1,0,0,23,24,0,1,23,0.041666666666666664,0.0,0.0,1.0,0.0425531914893617,0.9574468085106383,-1
"F[1,1]((Phosphate >= 0.000 & Magnesium > 0.011) -> Calcium < 9.397)
",-5289778601291135.000,-9.397,0.000,0.000,1.000,1,0,0,23,24,0,1,23,0.041666666666666664,0.0,0.0,1.0,0.0425531914893617,0.9574468085106383,-1
"((Potassium <= 2.257) U[0,0] (WBC <= 4.838))
",5447338800750911.000,4.838,0.000,0.000,1.000,1,0,0,23,24,0,1,23,0.041666666666666664,0.0,0.0,1.0,0.0425531914893617,0.9574468085106383,-1
"F[1,1](Hgb <= 1.595 | Hct <= 12.131)
",3414469908592706.000,12.131,0.000,0.000,1.000,1,0,0,23,24,0,1,23,0.041666666666666664,0.0,0.0,1.0,0.0425531914893617,0.9574468085106383,-1
"((Hct >= 1.178) U[1,2] (Platelets >= 1.564))
",-9999999.000,-9999999.000,0.000,0.000,1.000,1,0,0,23,24,0,1,23,0.041666666666666664,0.0,0.0,1.0,0.0425531914893617,0.9574468085106383,-1
"((HCO3 >= 0.000) U[1,1] (Glucose <= 28.492))
",4009877340848369.500,28.492,0.000,0.000,1.000,1,0,0,23,24,0,1,23,0.041666666666666664,0.0,0.0,1.0,0.0425531914893617,0.9574468085106383,-1
"F[0,0](Fibrinogen >= 0.000 -> Calcium <= 9.343)
",-9.343,-9.343,0.000,0.000,1.000,1,0,0,23,24,0,1,23,0.041666666666666664,0.0,0.0,1.0,0.0425531914893617,0.9574468085106383,-1
"F[1,1]((Phosphate >= 0.000 & Magnesium > 0.032) -> Calcium < 1.797)
",-2023748009409634.750,-1.797,0.000,0.000,1.000,1,0,0,23,24,0,1,23,0.041666666666666664,0.0,0.0,1.0,0.0425531914893617,0.9574468085106383,-1
"((MAP <= 54.591) U[1,2] (SepsisLabel = 0.000))
",-9999999.000,-9999999.000,0.000,0.000,1.000,1,0,0,23,24,0,1,23,0.041666666666666664,0.0,0.0,1.0,0.0425531914893617,0.9574468085106383,-1
"G[0,1](HR >= 22.594 & Chloride >= 0.000)
",9999999.000,9999999.000,0.000,1.000,0.000,1,0,1,22,23,1,2,22,0.043478260869565216,0.0,1.0,0.5,0.0425531914893617,0.9574468085106383,1
"F[1,1](((DBP >= 8.469 -> PaCO2 >= 0.000) & SaO2 <= 0.000) & WBC <= 0.000)
",0.000,0.000,0.000,0.000,1.000,1,0,0,23,24,0,1,23,0.041666666666666664,0.0,0.0,1.0,0.0425531914893617,0.9574468085106383,-1
"G[1,1](((Hgb <= 10.909 | Hct <= 27.546) -> WBC >= 0.184) & Platelets >= 6.472)
",-27.546,-27.546,0.000,1.000,0.000,1,0,1,22,23,1,2,22,0.043478260869565216,0.0,1.0,0.5,0.0425531914893617,0.9574468085106383,1
"G[0,0](((Hgb <= 9.468 | Hct <= 7.170) -> WBC >= 0.049) & Platelets >= 3.357)
",-19.987,-9.368,0.000,1.000,0.000,1,0,0,23,24,0,1,23,0.041666666666666664,0.0,0.0,1.0,0.0425531914893617,0.9574468085106383,1
"G[0,0]((Hct >= 1.404 -> Potassium <= 1.487) & Resp >= 0.134)
",-3347672449452862.000,-1.487,0.000,1.000,0.000,1,0,0,23,24,0,1,23,0.041666666666666664,0.0,0.0,1.0,0.0425531914893617,0.9574468085106383,1
"G[1,1](Phosphate >= 0.000 -> Hgb >= 0.215)
",0.000,0.000,0.000,1.000,0.000,1,0,1,22,23,1,2,22,0.043478260869565216,0.0,1.0,0.5,0.0425531914893617,0.9574468085106383,1
"G[0,0](BUN >= 0.084 & Potassium >= 0.014)
",-6074876279053777.000,-0.084,0.000,1.000,0.000,1,0,0,23,24,0,1,23,0.041666666666666664,0.0,0.0,1.0,0.0425531914893617,0.9574468085106383,1
"G[1,1]((Creatinine <= 0.197 | Resp <= 14.533) -> Glucose >= 4.412)
",-14.533,-14.533,0.000,1.000,0.000,1,0,1,22,23,1,2,22,0.043478260869565216,0.0,1.0,0.5,0.0425531914893617,0.9574468085106383,1
"G[0,1]((Resp <= 14.380 & WBC <= 1.098) -> Chloride >= 0.117)
",9999999.000,9999999.000,0.000,1.000,0.000,1,0,1,22,23,1,2,22,0.043478260869565216,0.0,1.0,0.5,0.0425531914893617,0.9574468085106383,1
"F[0,0]((O2Sat <= 30.201 | Bilirubin_total <= 0.000) -> Hgb <= 0.000)
",-1.247,-18.383,0.000,0.000,1.000,1,0,0,23,24,0,1,23,0.041666666666666664,0.0,0.0,1.0,0.0425531914893617,0.9574468085106383,-1
"G[0,0]((TroponinI >= 1.7410372516261898e-05 & Bilirubin_total >= 0.000) & EtCO2 >= 0.000)
",-39156.000,-39156.000,0.000,1.000,0.000,1,0,0,23,24,0,1,23,0.041666666666666664,0.0,0.0,1.0,0.0425531914893617,0.9574468085106383,1
"G[0,0](TroponinI > 0.001 & SepsisLabel = 0.000)
",-0.213,-7.261,0.000,1.000,0.000,1,0,0,23,24,0,1,23,0.041666666666666664,0.0,0.0,1.0,0.0425531914893617,0.9574468085106383,1
"G[0,0](((MAP <= 92.299 & MAP <= 62.554) -> Magnesium <= 52.011) & Platelets >= 5.555)
",-12.234,-59.345,0.000,1.000,0.000,1,0,0,23,24,0,1,23,0.041666666666666664,0.0,0.0,1.0,0.0425531914893617,0.9574468085106383,1
"G[0,1](((MAP >= 6.748 | Potassium >= 0.150) | MAP >= 0.044) | pH >= 0.048)
",9999999.000,9999999.000,0.000,1.000,0.000,1,0,1,22,23,1,2,22,0.043478260869565216,0.0,1.0,0.5,0.0425531914893617,0.9574468085106383,1
"G[1,1](Platelets <= 44.351 -> WBC >= 0.156)
",-44.351,-44.351,0.000,1.000,0.000,1,0,1,22,23,1,2,22,0.043478260869565216,0.0,1.0,0.5,0.0425531914893617,0.9574468085106383,1
"F[0,0]((Phosphate >= 0.000 & Magnesium > 0.008) -> Calcium < 3.245)
",-3653573814212450.000,-3.245,0.000,0.000,1.000,1,0,0,23,24,0,1,23,0.041666666666666664,0.0,0.0,1.0,0.0425531914893617,0.9574468085106383,-1
"G[0,0]((EtCO2 >= 0.000 -> Temp >= 7.808) & FiO2 <= 21.407)
",-0.594,-23.137,0.000,1.000,0.000,1,0,0,23,24,0,1,23,0.041666666666666664,0.0,0.0,1.0,0.0425531914893617,0.9574468085106383,1
"((MAP >= 11.297) U[0,0] (Temp <= 9.922))
",0.891,38.421,0.000,0.000,1.000,1,0,0,23,24,0,1,23,0.041666666666666664,0.0,0.0,1.0,0.0425531914893617,0.9574468085106383,-1
"F[2,2](WBC <= 1.297 -> WBC >= 0.153)
",-1.297,-1.297,0.000,0.000,1.000,0,0,0,24,24,0,0,24,0.0,0.0,0.0,0.0,0.0,1.0,-1
"F[2,2]((DBP <= 67.357 | PTT >= 0.000) & O2Sat >= 0.000)
",0.000,0.000,0.000,0.000,1.000,0,0,0,24,24,0,0,24,0.0,0.0,0.0,0.0,0.0,1.0,-1
"F[2,2](Alkalinephos <= 0.000 | Hct <= 9.368)
",5273487951864847.000,9.368,0.000,0.000,1.000,0,0,0,24,24,0,0,24,0.0,0.0,0.0,0.0,0.0,1.0,-1
"F[2,2](PTT >= 0.000 & SBP >= 22.207)
",-3125399188231609.500,-22.207,0.000,0.000,1.000,0,0,0,24,24,0,0,24,0.0,0.0,0.0,0.0,0.0,1.0,-1
"((SBP >= 3.783) U[0,2] (Temp <= 29.665))
",-9999999.000,-9999999.000,0.000,0.000,1.000,0,0,0,24,24,0,0,24,0.0,0.0,0.0,0.0,0.0,1.0,-1
"F[1,2](Hgb <= 9.177 | TroponinI <= 0.003)
",-9999999.000,-9999999.000,0.000,0.000,1.000,0,0,0,24,24,0,0,24,0.0,0.0,0.0,0.0,0.0,1.0,-1
"F[1,2]((Hct <= 15.338 & Resp <= 16.852) -> Bilirubin_direct <= 6.356)
",-9999999.000,-9999999.000,0.000,0.000,1.000,0,0,0,24,24,0,0,24,0.0,0.0,0.0,0.0,0.0,1.0,-1
"((HR >= 14.524) U[2,2] (BUN >= 0.294))
",-0.294,-0.294,0.000,0.000,1.000,0,0,0,24,24,0,0,24,0.0,0.0,0.0,0.0,0.0,1.0,-1
"F[0,1](Bilirubin_direct <= 0.000 | Magnesium >= 0.065)
",-9999999.000,-9999999.000,0.000,0.000,1.000,0,0,0,24,24,0,0,24,0.0,0.0,0.0,0.0,0.0,1.0,-1
"F[2,2]((Phosphate <= 0.000 | Alkalinephos >= 0.000) & HR <= 0.000)
",0.000,0.000,0.000,0.000,1.000,0,0,0,24,24,0,0,24,0.0,0.0,0.0,0.0,0.0,1.0,-1
"((SaO2 >= 0.000) U[0,1] (SepsisLabel = 0.000))
",-9999999.000,-9999999.000,0.000,0.000,1.000,0,0,0,24,24,0,0,24,0.0,0.0,0.0,0.0,0.0,1.0,-1
"F[0,2](((TroponinI <= 0.011 & Bilirubin_direct <= 0.000) & Platelets >= 0.000) & Magnesium >= 0.000)
",-9999999.000,-9999999.000,0.000,0.000,1.000,0,0,0,24,24,0,0,24,0.0,0.0,0.0,0.0,0.0,1.0,-1
"F[1,1](HR <= 117.990 | PTT >= 0.000)
",2767612446547132.500,117.990,0.000,0.000,1.000,0,0,0,24,24,0,0,24,0.0,0.0,0.0,0.0,0.0,1.0,-1
"F[2,2]((BUN >= 0.436 -> PaCO2 >= 0.000) & Calcium >= 0.000)
",0.000,0.000,0.000,0.000,1.000,0,0,0,24,24,0,0,24,0.0,0.0,0.0,0.0,0.0,1.0,-1
"F[1,2](PaCO2 <= 0.000 & Lactate <= 0.000)
",-9999999.000,-9999999.000,0.000,0.000,1.000,0,0,0,24,24,0,0,24,0.0,0.0,0.0,0.0,0.0,1.0,-1
"((Glucose <= 66.934) U[0,1] (SepsisLabel <= 0.000))
",-9999999.000,-9999999.000,0.000,0.000,1.000,0,0,0,24,24,0,0,24,0.0,0.0,0.0,0.0,0.0,1.0,-1
"F[1,2](Glucose <= 95.992 & O2Sat <= 53.079)
",-9999999.000,-9999999.000,0.000,0.000,1.000,0,0,0,24,24,0,0,24,0.0,0.0,0.0,0.0,0.0,1.0,-1
"((Bilirubin_total >= 0.000) U[1,1] (PTT >= 0.000))
",0.000,0.000,0.000,0.000,1.000,0,0,0,24,24,0,0,24,0.0,0.0,0.0,0.0,0.0,1.0,-1
"F[0,0]((Chloride <= 0.000 & TroponinI >= 0.001) -> MAP <= 0.022)
",-1.463,-0.015,0.000,0.000,1.000,0,0,0,24,24,0,0,24,0.0,0.0,0.0,0.0,0.0,1.0,-1
"((Chloride >= 0.000) U[0,1] (PaCO2 >= 0.000))
",-9999999.000,-9999999.000,0.000,0.000,1.000,0,0,0,24,24,0,0,24,0.0,0.0,0.0,0.0,0.0,1.0,-1
"((BaseExcess <= 0.000) U[0,2] (Chloride >= 0.000))
",-9999999.000,-9999999.000,0.000,0.000,1.000,0,0,0,24,24,0,0,24,0.0,0.0,0.0,0.0,0.0,1.0,-1
"F[1,2]((Creatinine >= 0.008 -> Platelets >= 5.876) & Bilirubin_direct >= 1.875)
",-9999999.000,-9999999.000,0.000,0.000,1.000,0,0,0,24,24,0,0,24,0.0,0.0,0.0,0.0,0.0,1.0,-1
"F[0,1]((Glucose <= 14.899 & HCO3 <= 0.000) -> Hgb <= 0.000)
",-9999999.000,-9999999.000,0.000,0.000,1.000,0,0,0,24,24,0,0,24,0.0,0.0,0.0,0.0,0.0,1.0,-1
"F[0,1](((WBC >= 0.034 & HCO3 <= 0.000) -> Fibrinogen <= 0.000) -> SepsisLabel >= 0.000)
",-9999999.000,-9999999.000,0.000,0.000,1.000,0,0,0,24,24,0,0,24,0.0,0.0,0.0,0.0,0.0,1.0,-1
"F[0,2](((Magnesium >= 0.040 | Platelets >= 6.585) | AST <= 57.444) & EtCO2 >= 2.485)
",-9999999.000,-9999999.000,0.000,0.000,1.000,0,0,0,24,24,0,0,24,0.0,0.0,0.0,0.0,0.0,1.0,-1
"G[2,2](Chloride >= 0.000 & HCO3 >= 0.000)
",0.000,0.000,0.000,1.000,0.000,0,0,24,0,0,24,24,0,0.0,0.0,1.0,0.0,0.0,1.0,1
"((AST >= 0.000) U[0,1] (SepsisLabel = 0.000))
",-9999999.000,-9999999.000,0.000,0.000,1.000,0,0,0,24,24,0,0,24,0.0,0.0,0.0,0.0,0.0,1.0,-1
"F[0,1](Alkalinephos >= 0.000 & SBP <= 101.850)
",-9999999.000,-9999999.000,0.000,0.000,1.000,0,0,0,24,24,0,0,24,0.0,0.0,0.0,0.0,0.0,1.0,-1
"((SaO2 <= 0.000) U[1,2] (Lactate >= 0.000))
",-9999999.000,-9999999.000,0.000,0.000,1.000,0,0,0,24,24,0,0,24,0.0,0.0,0.0,0.0,0.0,1.0,-1
"((Chloride >= 0.000) U[1,2] (O2Sat <= 51.074))
",-9999999.000,-9999999.000,0.000,0.000,1.000,0,0,0,24,24,0,0,24,0.0,0.0,0.0,0.0,0.0,1.0,-1
"F[0,1](TroponinI >= 0.000 | Resp >= 3.922)
",-9999999.000,-9999999.000,0.000,0.000,1.000,0,0,0,24,24,0,0,24,0.0,0.0,0.0,0.0,0.0,1.0,-1
"((Bilirubin_direct <= 0.000) U[2,2] (Alkalinephos <= 0.000))
",0.000,0.000,0.000,0.000,1.000,0,0,0,24,24,0,0,24,0.0,0.0,0.0,0.0,0.0,1.0,-1
"F[1,2]((Calcium <= 9.613 -> O2Sat <= 31.861) & EtCO2 <= 45.114)
",-9999999.000,-9999999.000,0.000,0.000,1.000,0,0,0,24,24,0,0,24,0.0,0.0,0.0,0.0,0.0,1.0,-1
"F[0,1](Platelets >= 5.993 | Hct <= 32.621)
",-9999999.000,-9999999.000,0.000,0.000,1.000,0,0,0,24,24,0,0,24,0.0,0.0,0.0,0.0,0.0,1.0,-1
"F[0,2]((SBP <= 48.447 & DBP <= 55.389) -> Glucose >= 13.670)
",-9999999.000,-9999999.000,0.000,0.000,1.000,0,0,0,24,24,0,0,24,0.0,0.0,0.0,0.0,0.0,1.0,-1
"F[0,2]((O2Sat >= 6.508 -> Magnesium >= 0.046) | Resp <= 0.661)
",-9999999.000,-9999999.000,0.000,0.000,1.000,0,0,0,24,24,0,0,24,0.0,0.0,0.0,0.0,0.0,1.0,-1
"F[0,0](BaseExcess >= 0.000 & SepsisLabel >= 0.000)
",0.000,0.000,0.000,0.000,1.000,0,0,0,24,24,0,0,24,0.0,0.0,0.0,0.0,0.0,1.0,-1
"((PaCO2 <= 0.000) U[2,2] (BaseExcess <= 0.000))
",0.000,0.000,0.000,0.000,1.000,0,0,0,24,24,0,0,24,0.0,0.0,0.0,0.0,0.0,1.0,-1
"F[1,2](HCO3 >= 0.000 | TroponinI <= 0.018)
",-9999999.000,-9999999.000,0.000,0.000,1.000,0,0,0,24,24,0,0,24,0.0,0.0,0.0,0.0,0.0,1.0,-1
"F[1,2](((O2Sat <= 71.004 | FiO2 <= 0.000) -> Resp <= 0.000) & Lactate <= 0.000)
",-9999999.000,-9999999.000,0.000,0.000,1.000,0,0,0,24,24,0,0,24,0.0,0.0,0.0,0.0,0.0,1.0,-1
"F[1,2]((Bilirubin_direct <= 0.000 -> Potassium <= 1.826) -> Bilirubin_direct >= 0.040)
",-9999999.000,-9999999.000,0.000,0.000,1.000,0,0,0,24,24,0,0,24,0.0,0.0,0.0,0.0,0.0,1.0,-1
"F[0,2]((Phosphate >= 0.000 -> Hgb >= 0.134) | O2Sat <= 4.108)
",-9999999.000,-9999999.000,0.000,0.000,1.000,0,0,0,24,24,0,0,24,0.0,0.0,0.0,0.0,0.0,1.0,-1
"F[0,1](((Calcium <= 8.013 | O2Sat <= 63.756) & Resp >= 13.305) -> O2Sat >= 22.398)
",-9999999.000,-9999999.000,0.000,0.000,1.000,0,0,0,24,24,0,0,24,0.0,0.0,0.0,0.0,0.0,1.0,-1
"F[1,1](((Bilirubin_total >= 0.000 & HCO3 <= 0.000) | Chloride <= 0.000) | AST >= 0.000)
",0.000,0.000,0.000,0.000,1.000,0,0,0,24,24,0,0,24,0.0,0.0,0.0,0.0,0.0,1.0,-1
"((DBP >= 1.551) U[0,0] (Fibrinogen >= 0.000))
",0.669,26.511,0.000,0.000,1.000,0,0,0,24,24,0,0,24,0.0,0.0,0.0,0.0,0.0,1.0,-1
"F[2,2]((pH >= 0.000 & Chloride >= 0.000) | Bilirubin_direct >= 0.000)
",0.000,0.000,0.000,0.000,1.000,0,0,0,24,24,0,0,24,0.0,0.0,0.0,0.0,0.0,1.0,-1
"F[1,2]((PTT >= 0.000 & Creatinine >= 0.002) -> MAP <= 0.198)
",-9999999.000,-9999999.000,0.000,0.000,1.000,0,0,0,24,24,0,0,24,0.0,0.0,0.0,0.0,0.0,1.0,-1
"F[0,2]((PTT <= 0.000 & Calcium >= 0.104) & Creatinine >= 0.291)
",-9999999.000,-9999999.000,0.000,0.000,1.000,0,0,0,24,24,0,0,24,0.0,0.0,0.0,0.0,0.0,1.0,-1
"F[0,1](((MAP <= 49.868 -> Fibrinogen >= 0.000) | pH >= 0.000) & Phosphate <= 0.000)
",-9999999.000,-9999999.000,0.000,0.000,1.000,0,0,0,24,24,0,0,24,0.0,0.0,0.0,0.0,0.0,1.0,-1
"F[0,2]((PaCO2 <= 0.000 | Glucose >= 3.570) -> DBP >= 0.583)
",-9999999.000,-9999999.000,0.000,0.000,1.000,0,0,0,24,24,0,0,24,0.0,0.0,0.0,0.0,0.0,1.0,-1
"F[1,1](((Alkalinephos >= 0.000 & PaCO2 <= 0.000) & Platelets <= 0.000) | pH <= 0.000)
",0.000,0.000,0.000,0.000,1.000,0,0,0,24,24,0,0,24,0.0,0.0,0.0,0.0,0.0,1.0,-1
"F[2,2](AST <= 0.000 & SaO2 >= 0.000)
",0.000,0.000,0.000,0.000,1.000,0,0,0,24,24,0,0,24,0.0,0.0,0.0,0.0,0.0,1.0,-1
"F[2,2]((BaseExcess <= 0.000 | Creatinine <= 0.301) | Magnesium >= 0.014)
",5431268926223855.000,0.301,0.000,0.000,1.000,0,0,0,24,24,0,0,24,0.0,0.0,0.0,0.0,0.0,1.0,-1
"F[1,2]((Bilirubin_direct >= 0.000 & HR <= 52.374) & AST >= 14.803)
",-9999999.000,-9999999.000,0.000,0.000,1.000,0,0,0,24,24,0,0,24,0.0,0.0,0.0,0.0,0.0,1.0,-1
"F[1,2]((SBP >= 31.270 -> SepsisLabel >= 0.000) | HR <= 0.000)
",-9999999.000,-9999999.000,0.000,0.000,1.000,0,0,0,24,24,0,0,24,0.0,0.0,0.0,0.0,0.0,1.0,-1
"F[1,1](((SBP <= 97.857 & Fibrinogen >= 0.000) -> BUN >= 0.000) | Glucose <= 0.000)
",0.000,0.000,0.000,0.000,1.000,0,0,0,24,24,0,0,24,0.0,0.0,0.0,0.0,0.0,1.0,-1
"F[0,1]((TroponinI <= 0.012 -> SaO2 <= 0.000) | O2Sat <= 0.000)
",-9999999.000,-9999999.000,0.000,0.000,1.000,0,0,0,24,24,0,0,24,0.0,0.0,0.0,0.0,0.0,1.0,-1
"F[1,1](MAP <= 58.303 -> Phosphate >= 0.000)
",-2735143490967395.500,-58.303,0.000,0.000,1.000,0,0,0,24,24,0,0,24,0.0,0.0,0.0,0.0,0.0,1.0,-1
"F[2,2](Magnesium >= 0.057 -> BaseExcess <= 0.000)
",0.000,0.000,0.000,0.000,1.000,0,0,0,24,24,0,0,24,0.0,0.0,0.0,0.0,0.0,1.0,-1
"F[0,2](Temp >= 2.754 | Potassium >= 0.010)
",-9999999.000,-9999999.000,0.000,0.000,1.000,0,0,0,24,24,0,0,24,0.0,0.0,0.0,0.0,0.0,1.0,-1
"F[0,1]((Calcium <= 5.679 -> BUN <= 4.887) -> Calcium <= 6.455)
",-9999999.000,-9999999.000,0.000,0.000,1.000,0,0,0,24,24,0,0,24,0.0,0.0,0.0,0.0,0.0,1.0,-1
"F[1,1](Bilirubin_total <= 0.000 -> PaCO2 <= 0.000)
",0.000,0.000,0.000,0.000,1.000,0,0,0,24,24,0,0,24,0.0,0.0,0.0,0.0,0.0,1.0,-1
"((Bilirubin_total >= 0.000) U[0,1] (PTT >= 0.000))
",-9999999.000,-9999999.000,0.000,0.000,1.000,0,0,0,24,24,0,0,24,0.0,0.0,0.0,0.0,0.0,1.0,-1
"((Bilirubin_direct <= 0.000) U[2,2] (Alkalinephos <= 0.000))
",0.000,0.000,0.000,0.000,1.000,0,0,0,24,24,0,0,24,0.0,0.0,0.0,0.0,0.0,1.0,-1
"F[2,2](((HR >= 18.716 | PaCO2 <= 0.000) -> Bilirubin_total <= 0.000) & AST >= 0.000)
",0.000,0.000,0.000,0.000,1.000,0,0,0,24,24,0,0,24,0.0,0.0,0.0,0.0,0.0,1.0,-1
"F[1,1](((MAP <= 82.416 & TroponinI >= 3.919183832498288e-05) | EtCO2 >= 0.000) | Bilirubin_direct <= 0.030)
",2879619378959784.000,0.030,0.000,0.000,1.000,0,0,0,24,24,0,0,24,0.0,0.0,0.0,0.0,0.0,1.0,-1
"F[0,2]((EtCO2 <= 0.000 & BUN <= 6.730) & Chloride <= 1.928)
",-9999999.000,-9999999.000,0.000,0.000,1.000,0,0,0,24,24,0,0,24,0.0,0.0,0.0,0.0,0.0,1.0,-1
"F[2,2](SepsisLabel >= 0.000 -> AST >= 0.000)
",0.000,0.000,0.000,0.000,1.000,0,0,0,24,24,0,0,24,0.0,0.0,0.0,0.0,0.0,1.0,-1
"((SBP >= 15.660) U[0,2] (Glucose >= 2.850))
",-9999999.000,-9999999.000,0.000,0.000,1.000,0,0,0,24,24,0,0,24,0.0,0.0,0.0,0.0,0.0,1.0,-1
"F[0,0](Temp >= 6.214 -> BUN <= 12.934)
",-0.975,-33.113,0.000,0.000,1.000,0,0,0,24,24,0,0,24,0.0,0.0,0.0,0.0,0.0,1.0,-1
"((AST <= 0.000) U[0,1] (WBC <= 1.697))
",-9999999.000,-9999999.000,0.000,0.000,1.000,0,0,0,24,24,0,0,24,0.0,0.0,0.0,0.0,0.0,1.0,-1
"F[0,1](((Bilirubin_total >= 0.000 -> BUN >= 0.067) & MAP <= 6.855) -> MAP <= 8.514)
",-9999999.000,-9999999.000,0.000,0.000,1.000,0,0,0,24,24,0,0,24,0.0,0.0,0.0,0.0,0.0,1.0,-1
"((Hgb <= 8.124) U[0,1] (PTT >= 0.000))
",-9999999.000,-9999999.000,0.000,0.000,1.000,0,0,0,24,24,0,0,24,0.0,0.0,0.0,0.0,0.0,1.0,-1
"F[0,2]((Hct >= 1.214 & Bilirubin_direct <= 0.000) -> SaO2 <= 0.000)
",-9999999.000,-9999999.000,0.000,0.000,1.000,0,0,0,24,24,0,0,24,0.0,0.0,0.0,0.0,0.0,1.0,-1
"F[1,2](Calcium > 0.152 & SepsisLabel = 0.000)
",-9999999.000,-9999999.000,0.000,0.000,1.000,0,0,0,24,24,0,0,24,0.0,0.0,0.0,0.0,0.0,1.0,-1
"F[1,1](Alkalinephos <= 0.000 -> SepsisLabel = 0.000)
",0.000,0.000,0.000,0.000,1.000,0,0,0,24,24,0,0,24,0.0,0.0,0.0,0.0,0.0,1.0,-1
"F[2,2]((SaO2 <= 0.000 -> SepsisLabel >= 0.000) | PTT >= 0.000)
",0.000,0.000,0.000,0.000,1.000,0,0,0,24,24,0,0,24,0.0,0.0,0.0,0.0,0.0,1.0,-1
"F[0,2]((Fibrinogen <= 0.000 & HR >= 6.392) | HR <= 116.209)
",-9999999.000,-9999999.000,0.000,0.000,1.000,0,0,0,24,24,0,0,24,0.0,0.0,0.0,0.0,0.0,1.0,-1
"F[0,0](WBC <= 0.956 | pH >= 0.000)
",4303786190762241.500,0.956,0.000,0.000,1.000,0,0,0,24,24,0,0,24,0.0,0.0,0.0,0.0,0.0,1.0,-1
"F[0,2]((FiO2 <= 0.000 | FiO2 <= 0.000) -> pH >= 0.000)
",-9999999.000,-9999999.000,0.000,0.000,1.000,0,0,0,24,24,0,0,24,0.0,0.0,0.0,0.0,0.0,1.0,-1
"F[1,2](Bilirubin_direct >= 0.000 | PTT <= 0.000)
",-9999999.000,-9999999.000,0.000,0.000,1.000,0,0,0,24,24,0,0,24,0.0,0.0,0.0,0.0,0.0,1.0,-1
"F[0,1]((WBC <= 4.799 -> SepsisLabel >= 0.000) | Chloride >= 0.000)
",-9999999.000,-9999999.000,0.000,0.000,1.000,0,0,0,24,24,0,0,24,0.0,0.0,0.0,0.0,0.0,1.0,-1
"F[0,2](Hgb >= 0.397 | BUN <= 11.795)
",-9999999.000,-9999999.000,0.000,0.000,1.000,0,0,0,24,24,0,0,24,0.0,0.0,0.0,0.0,0.0,1.0,-1
"F[0,1]((HCO3 <= 0.000 | Bilirubin_total <= 0.000) | O2Sat >= 0.000)
",-9999999.000,-9999999.000,0.000,0.000,1.000,0,0,0,24,24,0,0,24,0.0,0.0,0.0,0.0,0.0,1.0,-1
"F[0,2]((Temp <= 28.028 | PaCO2 <= 0.000) -> PTT <= 0.000)
",-9999999.000,-9999999.000,0.000,0.000,1.000,0,0,0,24,24,0,0,24,0.0,0.0,0.0,0.0,0.0,1.0,-1
"F[0,1](DBP <= 50.532 | Chloride <= 0.000)
",-9999999.000,-9999999.000,0.000,0.000,1.000,0,0,0,24,24,0,0,24,0.0,0.0,0.0,0.0,0.0,1.0,-1
"F[0,1](((SBP >= 14.179 | HR <= 54.631) | Hgb <= 73.698) | BaseExcess >= 23.287)
",-9999999.000,-9999999.000,0.000,0.000,1.000,0,0,0,24,24,0,0,24,0.0,0.0,0.0,0.0,0.0,1.0,-1
"F[0,2](((Lactate >= 0.000 | BUN <= 12.472) -> AST >= 0.364) & Magnesium <= 11.749)
",-9999999.000,-9999999.000,0.000,0.000,1.000,0,0,0,24,24,0,0,24,0.0,0.0,0.0,0.0,0.0,1.0,-1
"F[0,2](((Hgb >= 0.227 & Platelets >= 0.794) -> HR <= 137.670) -> PaCO2 <= 108.026)
",-9999999.000,-9999999.000,0.000,0.000,1.000,0,0,0,24,24,0,0,24,0.0,0.0,0.0,0.0,0.0,1.0,-1
"F[1,1](((Bilirubin_direct >= 0.000 & Magnesium <= 0.615) & Calcium >= 0.037) -> Fibrinogen >= 0.025)
",3549761951342382.000,0.025,0.000,0.000,1.000,0,0,0,24,24,0,0,24,0.0,0.0,0.0,0.0,0.0,1.0,-1
"F[0,0](((Bilirubin_total <= 0.000 -> Magnesium <= 1.243) -> Bilirubin_total <= 1.895) -> Bilirubin_total <= 1.677)
",-18.719,-1.658,0.000,0.000,1.000,0,0,0,24,24,0,0,24,0.0,0.0,0.0,0.0,0.0,1.0,-1
"F[2,2](((FiO2 <= 0.000 -> FiO2 >= 0.000) | Glucose <= 0.000) -> Phosphate <= 0.000)
",0.000,0.000,0.000,0.000,1.000,0,0,0,24,24,0,0,24,0.0,0.0,0.0,0.0,0.0,1.0,-1
"((MAP >= 11.913) U[0,1] (Calcium <= 4.925))
",-9999999.000,-9999999.000,0.000,0.000,1.000,0,0,0,24,24,0,0,24,0.0,0.0,0.0,0.0,0.0,1.0,-1
"((Fibrinogen >= 0.000) U[1,1] (TroponinI <= 0.027))
",2576922673414257.000,0.027,0.000,0.000,1.000,0,0,0,24,24,0,0,24,0.0,0.0,0.0,0.0,0.0,1.0,-1
"F[0,2]((O2Sat <= 88.340 -> HR >= 24.260) -> BUN >= 5.048)
",-9999999.000,-9999999.000,0.000,0.000,1.000,0,0,0,24,24,0,0,24,0.0,0.0,0.0,0.0,0.0,1.0,-1
"F[0,2](((Hgb >= 0.083 | HCO3 <= 0.000) & Temp >= 0.000) -> BaseExcess <= 0.000)
",-9999999.000,-9999999.000,0.000,0.000,1.000,0,0,0,24,24,0,0,24,0.0,0.0,0.0,0.0,0.0,1.0,-1
"((Potassium >= 0.136) U[0,1] (Calcium <= 1.228))
",-9999999.000,-9999999.000,0.000,0.000,1.000,0,0,0,24,24,0,0,24,0.0,0.0,0.0,0.0,0.0,1.0,-1
"F[0,2](((BUN <= 8.383 -> DBP <= 84.048) | HR >= 13.651) -> DBP >= 11.274)
",-9999999.000,-9999999.000,0.000,0.000,1.000,0,0,0,24,24,0,0,24,0.0,0.0,0.0,0.0,0.0,1.0,-1
"F[1,2]((Chloride >= 0.000 & Resp <= 18.130) & PTT <= 18.616)
",-9999999.000,-9999999.000,0.000,0.000,1.000,0,0,0,24,24,0,0,24,0.0,0.0,0.0,0.0,0.0,1.0,-1
"F[1,2](((MAP <= 64.870 -> FiO2 <= 0.000) -> Bilirubin_total >= 0.000) | Hgb <= 0.000)
",-9999999.000,-9999999.000,0.000,0.000,1.000,0,0,0,24,24,0,0,24,0.0,0.0,0.0,0.0,0.0,1.0,-1
"((Potassium <= 1.961) U[0,1] (Bilirubin_direct >= 0.000))
",-9999999.000,-9999999.000,0.000,0.000,1.000,0,0,0,24,24,0,0,24,0.0,0.0,0.0,0.0,0.0,1.0,-1
"F[1,2]((FiO2 <= 0.000 | SBP >= 26.484) & BaseExcess <= 107.126)
",-9999999.000,-9999999.000,0.000,0.000,1.000,0,0,0,24,24,0,0,24,0.0,0.0,0.0,0.0,0.0,1.0,-1
"((O2Sat <= 66.171) U[1,2] (HCO3 >= 0.000))
",-9999999.000,-9999999.000,0.000,0.000,1.000,0,0,0,24,24,0,0,24,0.0,0.0,0.0,0.0,0.0,1.0,-1
"F[1,2]((HR <= 42.986 & O2Sat >= 0.416) | Magnesium >= 15.708)
",-9999999.000,-9999999.000,0.000,0.000,1.000,0,0,0,24,24,0,0,24,0.0,0.0,0.0,0.0,0.0,1.0,-1
"F[1,1]((Fibrinogen >= 0.000 -> Bilirubin_total <= 0.000) & PTT <= 0.000)
",0.000,0.000,0.000,0.000,1.000,0,0,0,24,24,0,0,24,0.0,0.0,0.0,0.0,0.0,1.0,-1
"F[2,2](Alkalinephos >= 0.000 -> TroponinI >= 0.000)
",0.000,0.000,0.000,0.000,1.000,0,0,0,24,24,0,0,24,0.0,0.0,0.0,0.0,0.0,1.0,-1
"((Bilirubin_total <= 0.000) U[0,0] (PTT <= 0.000))
",-0.213,-0.174,0.000,0.000,1.000,0,0,0,24,24,0,0,24,0.0,0.0,0.0,0.0,0.0,1.0,-1
"F[0,1]((AST >= 0.000 -> pH >= 0.000) -> Hct >= 0.000)
",-9999999.000,-9999999.000,0.000,0.000,1.000,0,0,0,24,24,0,0,24,0.0,0.0,0.0,0.0,0.0,1.0,-1
"F[0,2](TroponinI >= 0.000 & MAP >= 5.795)
",-9999999.000,-9999999.000,0.000,0.000,1.000,0,0,0,24,24,0,0,24,0.0,0.0,0.0,0.0,0.0,1.0,-1
"F[0,1]((Fibrinogen <= 0.000 | HR <= 117.020) & Glucose <= 111.126)
",-9999999.000,-9999999.000,0.000,0.000,1.000,0,0,0,24,24,0,0,24,0.0,0.0,0.0,0.0,0.0,1.0,-1
"F[2,2](Alkalinephos <= 0.000 & Platelets >= 0.258)
",-2319926322016877.000,-0.258,0.000,0.000,1.000,0,0,0,24,24,0,0,24,0.0,0.0,0.0,0.0,0.0,1.0,-1
"F[2,2](O2Sat <= 69.951 -> WBC <= 1.282)
",-4922384475991183.000,-69.951,0.000,0.000,1.000,0,0,0,24,24,0,0,24,0.0,0.0,0.0,0.0,0.0,1.0,-1
"((Fibrinogen >= 0.000) U[1,2] (SepsisLabel <= 0.000))
",-9999999.000,-9999999.000,0.000,0.000,1.000,0,0,0,24,24,0,0,24,0.0,0.0,0.0,0.0,0.0,1.0,-1
"F[0,1]((EtCO2 >= 0.000 | HR >= 22.711) -> Calcium <= 130.875)
",-9999999.000,-9999999.000,0.000,0.000,1.000,0,0,0,24,24,0,0,24,0.0,0.0,0.0,0.0,0.0,1.0,-1
"F[1,2]((SBP >= 8.000 & WBC >= 0.193) | Calcium <= 5.358)
",-9999999.000,-9999999.000,0.000,0.000,1.000,0,0,0,24,24,0,0,24,0.0,0.0,0.0,0.0,0.0,1.0,-1
"F[1,2](Platelets >= 4.428 | Resp >= 0.988)
",-9999999.000,-9999999.000,0.000,0.000,1.000,0,0,0,24,24,0,0,24,0.0,0.0,0.0,0.0,0.0,1.0,-1
"F[2,2]((Potassium <= 1.109 & TroponinI <= 0.021) | PTT >= 0.000)
",0.021,0.021,0.000,0.000,1.000,0,0,0,24,24,0,0,24,0.0,0.0,0.0,0.0,0.0,1.0,-1
"((Calcium >= 0.160) U[0,2] (TroponinI <= 0.015))
",-9999999.000,-9999999.000,0.000,0.000,1.000,0,0,0,24,24,0,0,24,0.0,0.0,0.0,0.0,0.0,1.0,-1
"F[1,2]((Hct <= 17.892 & TroponinI <= 0.011) -> PTT >= 0.000)
",-9999999.000,-9999999.000,0.000,0.000,1.000,0,0,0,24,24,0,0,24,0.0,0.0,0.0,0.0,0.0,1.0,-1
"F[0,0](HR >= 22.502 -> Platelets <= 60.274)
",-5378466951620639.000,-39133.498,0.000,0.000,1.000,0,0,0,24,24,0,0,24,0.0,0.0,0.0,0.0,0.0,1.0,-1
"F[2,2](MAP <= 38.433 & TroponinI >= 0.000)
",-0.000,-0.000,0.000,0.000,1.000,0,0,0,24,24,0,0,24,0.0,0.0,0.0,0.0,0.0,1.0,-1
"((Resp <= 11.098) U[1,2] (TroponinI >= 0.001))
",-9999999.000,-9999999.000,0.000,0.000,1.000,0,0,0,24,24,0,0,24,0.0,0.0,0.0,0.0,0.0,1.0,-1
"F[0,2]((O2Sat >= 14.349 | TroponinI >= 0.001) -> Glucose <= 0.010)
",-9999999.000,-9999999.000,0.000,0.000,1.000,0,0,0,24,24,0,0,24,0.0,0.0,0.0,0.0,0.0,1.0,-1
"F[0,2]((SBP >= 6.559 -> TroponinI <= 0.019) -> Potassium >= 0.000)
",-9999999.000,-9999999.000,0.000,0.000,1.000,0,0,0,24,24,0,0,24,0.0,0.0,0.0,0.0,0.0,1.0,-1
"F[0,2]((Magnesium >= 0.081 -> SBP <= 85.619) -> O2Sat >= 3.369)
",-9999999.000,-9999999.000,0.000,0.000,1.000,0,0,0,24,24,0,0,24,0.0,0.0,0.0,0.0,0.0,1.0,-1
"F[0,1](((Creatinine <= 0.043 -> SBP <= 120.139) & MAP <= 68.039) -> MAP <= 49.450)
",-9999999.000,-9999999.000,0.000,0.000,1.000,0,0,0,24,24,0,0,24,0.0,0.0,0.0,0.0,0.0,1.0,-1
"((Hct >= 0.143) U[0,1] (SBP <= 76.734))
",-9999999.000,-9999999.000,0.000,0.000,1.000,0,0,0,24,24,0,0,24,0.0,0.0,0.0,0.0,0.0,1.0,-1
"F[1,2]((Platelets <= 102.118 -> SBP <= 94.851) & MAP >= 3.222)
",-9999999.000,-9999999.000,0.000,0.000,1.000,0,0,0,24,24,0,0,24,0.0,0.0,0.0,0.0,0.0,1.0,-1
"F[0,1]((Creatinine <= 0.181 -> O2Sat <= 55.736) | HR >= 1.916)
",-9999999.000,-9999999.000,0.000,0.000,1.000,0,0,0,24,24,0,0,24,0.0,0.0,0.0,0.0,0.0,1.0,-1
"F[0,1](DBP <= 57.859 | Potassium >= 0.075)
",-9999999.000,-9999999.000,0.000,0.000,1.000,0,0,0,24,24,0,0,24,0.0,0.0,0.0,0.0,0.0,1.0,-1
"F[0,2]((Glucose <= 54.807 & O2Sat <= 27.704) & BUN <= 66.777)
",-9999999.000,-9999999.000,0.000,0.000,1.000,0,0,0,24,24,0,0,24,0.0,0.0,0.0,0.0,0.0,1.0,-1
"F[0,1](((Hct >= 0.814 | Resp >= 0.936) & MAP >= 1.854) -> Phosphate <= 15.612)
",-9999999.000,-9999999.000,0.000,0.000,1.000,0,0,0,24,24,0,0,24,0.0,0.0,0.0,0.0,0.0,1.0,-1
"F[2,2](((Platelets >= 3.341 -> TroponinI <= 0.008) & AST <= 0.009) & O2Sat >= 0.001)
",-2440061468195554.500,-0.008,0.000,0.000,1.000,0,0,0,24,24,0,0,24,0.0,0.0,0.0,0.0,0.0,1.0,-1
"F[1,2]((Hgb >= 0.165 -> Resp <= 14.577) | PTT >= 1.777)
",-9999999.000,-9999999.000,0.000,0.000,1.000,0,0,0,24,24,0,0,24,0.0,0.0,0.0,0.0,0.0,1.0,-1
"F[0,2](((Calcium >= 0.069 -> Temp >= 1.491) & Hct >= 7.482) & Fibrinogen >= 6.774)
",-9999999.000,-9999999.000,0.000,0.000,1.000,0,0,0,24,24,0,0,24,0.0,0.0,0.0,0.0,0.0,1.0,-1
"((Creatinine <= 0.061) U[0,2] (DBP <= 62.028))
",-9999999.000,-9999999.000,0.000,0.000,1.000,0,0,0,24,24,0,0,24,0.0,0.0,0.0,0.0,0.0,1.0,-1
"F[2,2]((Potassium <= 2.810 | Temp >= 3.946) -> Resp >= 0.940)
",-6327303471800786.000,-2.810,0.000,0.000,1.000,0,0,0,24,24,0,0,24,0.0,0.0,0.0,0.0,0.0,1.0,-1
"F[0,1](DBP <= 44.469 | Hct <= 27.059)
",-9999999.000,-9999999.000,0.000,0.000,1.000,0,0,0,24,24,0,0,24,0.0,0.0,0.0,0.0,0.0,1.0,-1
"F[0,2]((DBP >= 6.490 & Hgb <= 7.305) & O2Sat >= 0.187)
",-9999999.000,-9999999.000,0.000,0.000,1.000,0,0,0,24,24,0,0,24,0.0,0.0,0.0,0.0,0.0,1.0,-1
"((Resp <= 13.202) U[0,2] (WBC <= 3.513))
",-9999999.000,-9999999.000,0.000,0.000,1.000,0,0,0,24,24,0,0,24,0.0,0.0,0.0,0.0,0.0,1.0,-1
"F[0,2](((Hgb >= 0.129 & Temp >= 7.932) & Glucose <= 31.958) & Creatinine <= 20.918)
",-9999999.000,-9999999.000,0.000,0.000,1.000,0,0,0,24,24,0,0,24,0.0,0.0,0.0,0.0,0.0,1.0,-1
"F[2,2](((Platelets >= 5.953 | Temp <= 33.235) & MAP <= 12.402) -> TroponinI <= 9.980)
",-3490882344901550.000,-12.402,0.000,0.000,1.000,0,0,0,24,24,0,0,24,0.0,0.0,0.0,0.0,0.0,1.0,-1
"F[0,2](((O2Sat >= 18.888 -> Platelets >= 5.397) -> PTT <= 16.182) | Chloride >= 5.661)
",-9999999.000,-9999999.000,0.000,0.000,1.000,0,0,0,24,24,0,0,24,0.0,0.0,0.0,0.0,0.0,1.0,-1
"F[1,1]((Temp <= 14.227 | WBC <= 0.978) -> Hgb <= 5.364)
",-2669663327769479.000,-14.227,0.000,0.000,1.000,0,0,0,24,24,0,0,24,0.0,0.0,0.0,0.0,0.0,1.0,-1
"F[0,2](((Hgb <= 0.552 & MAP >= 6.155) -> Phosphate <= 97.528) | TroponinI >= 13.385)
",-9999999.000,-9999999.000,0.000,0.000,1.000,0,0,0,24,24,0,0,24,0.0,0.0,0.0,0.0,0.0,1.0,-1
"F[2,2]((MAP <= 73.950 & Platelets <= 52.279) | Phosphate <= 60.524)
",60.524,60.524,0.000,0.000,1.000,0,0,0,24,24,0,0,24,0.0,0.0,0.0,0.0,0.0,1.0,-1
"F[0,2](BUN >= 0.480 & Resp >= 0.028)
",-9999999.000,-9999999.000,0.000,0.000,1.000,0,0,0,24,24,0,0,24,0.0,0.0,0.0,0.0,0.0,1.0,-1
"F[1,2](BUN <= 1.959 & MAP <= 39.531)
",-9999999.000,-9999999.000,0.000,0.000,1.000,0,0,0,24,24,0,0,24,0.0,0.0,0.0,0.0,0.0,1.0,-1
"F[0,2](HR >= 17.301 & Temp >= 3.470)
",-9999999.000,-9999999.000,0.000,0.000,1.000,0,0,0,24,24,0,0,24,0.0,0.0,0.0,0.0,0.0,1.0,-1
"F[1,1]((AST <= 0.000 & Fibrinogen <= 0.000) | Bilirubin_direct >= 0.000)
",0.000,0.000,0.000,0.000,1.000,0,0,0,24,24,0,0,24,0.0,0.0,0.0,0.0,0.0,1.0,-1
"F[2,2]((HR <= 90.395 | Platelets <= 66.233) | MAP <= 68.533)
",90.395,90.395,0.000,0.000,1.000,0,0,0,24,24,0,0,24,0.0,0.0,0.0,0.0,0.0,1.0,-1
"F[0,2](Glucose <= 89.686 -> SepsisLabel = 0.000)
",-9999999.000,-9999999.000,0.000,0.000,1.000,0,0,0,24,24,0,0,24,0.0,0.0,0.0,0.0,0.0,1.0,-1
"((DBP >= 19.591) U[0,1] (MAP <= 57.716))
",-9999999.000,-9999999.000,0.000,0.000,1.000,0,0,0,24,24,0,0,24,0.0,0.0,0.0,0.0,0.0,1.0,-1
"F[1,1](((BUN >= 0.294 -> Glucose <= 30.239) -> SepsisLabel <= 45.028) -> Fibrinogen <= 65.714)
",-4624216652025073.000,-65.714,0.000,0.000,1.000,0,0,0,24,24,0,0,24,0.0,0.0,0.0,0.0,0.0,1.0,-1
"((BUN <= 7.969) U[0,2] (Hct <= 29.604))
",-9999999.000,-9999999.000,0.000,0.000,1.000,0,0,0,24,24,0,0,24,0.0,0.0,0.0,0.0,0.0,1.0,-1
"((BUN <= 12.424) U[0,2] (Calcium >= 0.261))
",-9999999.000,-9999999.000,0.000,0.000,1.000,0,0,0,24,24,0,0,24,0.0,0.0,0.0,0.0,0.0,1.0,-1
"F[0,1]((BUN <= 8.733 | Platelets <= 15.787) -> Resp <= 65.679)
",-9999999.000,-9999999.000,0.000,0.000,1.000,0,0,0,24,24,0,0,24,0.0,0.0,0.0,0.0,0.0,1.0,-1
"F[1,1](((Magnesium <= 1.814 -> WBC <= 1.039) & EtCO2 <= 5.067) | BaseExcess <= 1.976)
",4450227229257294.500,1.976,0.000,0.000,1.000,0,0,0,24,24,0,0,24,0.0,0.0,0.0,0.0,0.0,1.0,-1
"((Creatinine <= 0.103) U[2,2] (Magnesium >= 0.048))
",7453454934386731.000,0.103,0.000,0.000,1.000,0,0,0,24,24,0,0,24,0.0,0.0,0.0,0.0,0.0,1.0,-1
"F[0,0](Calcium <= 3.697 | Potassium >= 0.102)
",4161906051136725.000,3.697,0.000,0.000,1.000,0,0,0,24,24,0,0,24,0.0,0.0,0.0,0.0,0.0,1.0,-1
"F[2,2](Hgb <= 4.168 | Potassium <= 1.407)
",4.168,4.168,0.000,0.000,1.000,0,0,0,24,24,0,0,24,0.0,0.0,0.0,0.0,0.0,1.0,-1
"F[0,1](((Glucose <= 27.592 | Potassium <= 3.481) | SBP >= 0.022) -> O2Sat <= 3.962)
",-9999999.000,-9999999.000,0.000,0.000,1.000,0,0,0,24,24,0,0,24,0.0,0.0,0.0,0.0,0.0,1.0,-1
"F[1,2](((Creatinine >= 0.006 & Hct <= 7.447) & O2Sat >= 0.742) | MAP >= 1.104)
",-9999999.000,-9999999.000,0.000,0.000,1.000,0,0,0,24,24,0,0,24,0.0,0.0,0.0,0.0,0.0,1.0,-1
"F[0,1](Creatinine >= 0.014 | Glucose <= 24.749)
",-9999999.000,-9999999.000,0.000,0.000,1.000,0,0,0,24,24,0,0,24,0.0,0.0,0.0,0.0,0.0,1.0,-1
"((Calcium >= 0.266) U[0,1] (Glucose <= 6.538))
",-9999999.000,-9999999.000,0.000,0.000,1.000,0,0,0,24,24,0,0,24,0.0,0.0,0.0,0.0,0.0,1.0,-1
"F[0,0](HCO3 <= 0.000 -> SepsisLabel = 0.000)
",0.000,0.000,0.000,0.000,1.000,0,0,0,24,24,0,0,24,0.0,0.0,0.0,0.0,0.0,1.0,-1
"F[1,2](MAP <= 32.033 & SepsisLabel = 0.000)
",-9999999.000,-9999999.000,0.000,0.000,1.000,0,0,0,24,24,0,0,24,0.0,0.0,0.0,0.0,0.0,1.0,-1
"F[0,2](SBP >= 11.179 -> SepsisLabel = 0.000)
",-9999999.000,-9999999.000,0.000,0.000,1.000,0,0,0,24,24,0,0,24,0.0,0.0,0.0,0.0,0.0,1.0,-1
"F[2,2]((O2Sat >= 18.800 | Temp <= 12.906) -> Alkalinephos >= 3.311)
",-12.906,-12.906,0.000,0.000,1.000,0,0,0,24,24,0,0,24,0.0,0.0,0.0,0.0,0.0,1.0,-1
"((Resp <= 18.895) U[0,1] (SBP <= 53.116))
",-9999999.000,-9999999.000,0.000,0.000,1.000,0,0,0,24,24,0,0,24,0.0,0.0,0.0,0.0,0.0,1.0,-1
"F[1,2]((AST <= 0.000 | Creatinine <= 0.062) & Hct >= 0.004)
",-9999999.000,-9999999.000,0.000,0.000,1.000,0,0,0,24,24,0,0,24,0.0,0.0,0.0,0.0,0.0,1.0,-1
"((Calcium <= 5.688) U[0,2] (Hct >= 1.140))
",-9999999.000,-9999999.000,0.000,0.000,1.000,0,0,0,24,24,0,0,24,0.0,0.0,0.0,0.0,0.0,1.0,-1
"((Fibrinogen >= 0.000) U[0,2] (SepsisLabel = 0.000))
",-9999999.000,-9999999.000,0.000,0.000,1.000,0,0,0,24,24,0,0,24,0.0,0.0,0.0,0.0,0.0,1.0,-1
"F[2,2](Magnesium <= 0.693 -> SepsisLabel = 0.000)
",-3120406863642270.000,-0.693,0.000,0.000,1.000,0,0,0,24,24,0,0,24,0.0,0.0,0.0,0.0,0.0,1.0,-1
"((Calcium < 2.485) U[2,2] (SepsisLabel = 0.000))
",5594972369181761.000,2.485,0.000,0.000,1.000,0,0,0,24,24,0,0,24,0.0,0.0,0.0,0.0,0.0,1.0,-1
"F[2,2](SepsisLabel < 0.000 -> SepsisLabel = 0.000)
",0.000,0.000,0.000,0.000,1.000,0,0,0,24,24,0,0,24,0.0,0.0,0.0,0.0,0.0,1.0,-1
"((DBP <= 62.636) U[0,2] (HR <= 75.970))
",-9999999.000,-9999999.000,0.000,0.000,1.000,0,0,0,24,24,0,0,24,0.0,0.0,0.0,0.0,0.0,1.0,-1
"((Alkalinephos < 0.000) U[2,2] (SepsisLabel = 0.000))
",0.000,0.000,0.000,0.000,1.000,0,0,0,24,24,0,0,24,0.0,0.0,0.0,0.0,0.0,1.0,-1
"F[0,2](Hgb > 0.122 & SepsisLabel = 0.000)
",-9999999.000,-9999999.000,0.000,0.000,1.000,0,0,0,24,24,0,0,24,0.0,0.0,0.0,0.0,0.0,1.0,-1
"F[0,2](HR < 44.941 -> SepsisLabel = 0.000)
",-9999999.000,-9999999.000,0.000,0.000,1.000,0,0,0,24,24,0,0,24,0.0,0.0,0.0,0.0,0.0,1.0,-1
"((Platelets < 45.145) U[0,2] (SepsisLabel = 0.000))
",-9999999.000,-9999999.000,0.000,0.000,1.000,0,0,0,24,24,0,0,24,0.0,0.0,0.0,0.0,0.0,1.0,-1
"F[2,2](Phosphate > 0.000 -> SepsisLabel = 0.000)
",0.000,0.000,0.000,0.000,1.000,0,0,0,24,24,0,0,24,0.0,0.0,0.0,0.0,0.0,1.0,-1
"F[0,1](Creatinine < 0.337 -> SepsisLabel = 0.000)
",-9999999.000,-9999999.000,0.000,0.000,1.000,0,0,0,24,24,0,0,24,0.0,0.0,0.0,0.0,0.0,1.0,-1
"F[0,2](MAP < 59.336 & SepsisLabel = 0.000)
",-9999999.000,-9999999.000,0.000,0.000,1.000,0,0,0,24,24,0,0,24,0.0,0.0,0.0,0.0,0.0,1.0,-1
"((SepsisLabel > 0.000) U[0,1] (SepsisLabel = 0.000))
",-9999999.000,-9999999.000,0.000,0.000,1.000,0,0,0,24,24,0,0,24,0.0,0.0,0.0,0.0,0.0,1.0,-1
"F[1,2]((Hct <= 29.451 -> Hgb <= 6.703) & SepsisLabel >= 0.165)
",-9999999.000,-9999999.000,0.000,0.000,1.000,0,0,0,24,24,0,0,24,0.0,0.0,0.0,0.0,0.0,1.0,-1
"F[0,2](Glucose >= 0.601 | Hgb >= 0.409)
",-9999999.000,-9999999.000,0.000,0.000,1.000,0,0,0,24,24,0,0,24,0.0,0.0,0.0,0.0,0.0,1.0,-1
"F[0,2]((Phosphate >= 0.000 & Magnesium > 0.053) -> Calcium < 8.348)
",-9999999.000,-9999999.000,0.000,0.000,1.000,0,0,0,24,24,0,0,24,0.0,0.0,0.0,0.0,0.0,1.0,-1
"F[2,2](Hgb <= 5.492 | Hct <= 2.418)
",3091943711720174.000,5.492,0.000,0.000,1.000,0,0,0,24,24,0,0,24,0.0,0.0,0.0,0.0,0.0,1.0,-1
"F[0,2]((Phosphate >= 0.000 & Magnesium > 0.048) -> Calcium < 8.349)
",-9999999.000,-9999999.000,0.000,0.000,1.000,0,0,0,24,24,0,0,24,0.0,0.0,0.0,0.0,0.0,1.0,-1
"F[0,2](((Calcium < 5.412 & Potassium < 0.274) & Magnesium < 1.383) & Phosphate < 0.000)
",-9999999.000,-9999999.000,0.000,0.000,1.000,0,0,0,24,24,0,0,24,0.0,0.0,0.0,0.0,0.0,1.0,-1
"F[0,1](Glucose <= 29.407 -> SepsisLabel = 0.000)
",-9999999.000,-9999999.000,0.000,0.000,1.000,0,0,0,24,24,0,0,24,0.0,0.0,0.0,0.0,0.0,1.0,-1
"F[0,2](O2Sat < 69.430 & SepsisLabel = 0.000)
",-9999999.000,-9999999.000,0.000,0.000,1.000,0,0,0,24,24,0,0,24,0.0,0.0,0.0,0.0,0.0,1.0,-1
"((Lactate <= 0.000) U[1,1] (SepsisLabel = 0.000))
",0.000,0.000,0.000,0.000,1.000,0,0,0,24,24,0,0,24,0.0,0.0,0.0,0.0,0.0,1.0,-1
"F[1,2](((Calcium < 8.494 & Potassium < 0.218) & Magnesium < 0.222) & Phosphate < 0.000)
",-9999999.000,-9999999.000,0.000,0.000,1.000,0,0,0,24,24,0,0,24,0.0,0.0,0.0,0.0,0.0,1.0,-1
"F[0,1](Hgb <= 2.904 | Hct <= 9.702)
",-9999999.000,-9999999.000,0.000,0.000,1.000,0,0,0,24,24,0,0,24,0.0,0.0,0.0,0.0,0.0,1.0,-1
"F[0,1]((Phosphate >= 0.000 & Magnesium > 0.071) -> Calcium < 2.846)
",-9999999.000,-9999999.000,0.000,0.000,1.000,0,0,0,24,24,0,0,24,0.0,0.0,0.0,0.0,0.0,1.0,-1
"F[1,2](Hgb <= 8.321 | Hct <= 3.718)
",-9999999.000,-9999999.000,0.000,0.000,1.000,0,0,0,24,24,0,0,24,0.0,0.0,0.0,0.0,0.0,1.0,-1
"((MAP >= 7.318) U[0,1] (SBP <= 50.246))
",-9999999.000,-9999999.000,0.000,0.000,1.000,0,0,0,24,24,0,0,24,0.0,0.0,0.0,0.0,0.0,1.0,-1
"F[0,2](((Calcium < 8.325 & Potassium < 0.336) & Magnesium < 1.566) & Phosphate < 0.000)
",-9999999.000,-9999999.000,0.000,0.000,1.000,0,0,0,24,24,0,0,24,0.0,0.0,0.0,0.0,0.0,1.0,-1
"F[1,2]((Calcium <= 3.897 & Potassium <= 1.283) & Magnesium >= 0.042)
",-9999999.000,-9999999.000,0.000,0.000,1.000,0,0,0,24,24,0,0,24,0.0,0.0,0.0,0.0,0.0,1.0,-1
"F[0,2](Hgb <= 6.612 | Hct <= 31.304)
",-9999999.000,-9999999.000,0.000,0.000,1.000,0,0,0,24,24,0,0,24,0.0,0.0,0.0,0.0,0.0,1.0,-1
"F[0,2]((Phosphate >= 0.000 & Magnesium > 0.047) -> Calcium < 4.458)
",-9999999.000,-9999999.000,0.000,0.000,1.000,0,0,0,24,24,0,0,24,0.0,0.0,0.0,0.0,0.0,1.0,-1
"F[1,2](((Calcium < 4.063 & Potassium < 1.410) & Magnesium < 0.369) & Phosphate < 0.000)
",-9999999.000,-9999999.000,0.000,0.000,1.000,0,0,0,24,24,0,0,24,0.0,0.0,0.0,0.0,0.0,1.0,-1
"F[0,1]((DBP <= 78.295 | O2Sat <= 84.149) -> Hgb <= 70.351)
",-9999999.000,-9999999.000,0.000,0.000,1.000,0,0,0,24,24,0,0,24,0.0,0.0,0.0,0.0,0.0,1.0,-1
"F[1,2]((HR >= 25.086 | Resp >= 0.355) -> Bilirubin_direct >= 3.384)
",-9999999.000,-9999999.000,0.000,0.000,1.000,0,0,0,24,24,0,0,24,0.0,0.0,0.0,0.0,0.0,1.0,-1
"F[1,2](SepsisLabel >= 0.000 -> SepsisLabel = 0.000)
",-9999999.000,-9999999.000,0.000,0.000,1.000,0,0,0,24,24,0,0,24,0.0,0.0,0.0,0.0,0.0,1.0,-1
"F[1,1](Lactate <= 0.000 & SepsisLabel = 0.000)
",0.000,0.000,0.000,0.000,1.000,0,0,0,24,24,0,0,24,0.0,0.0,0.0,0.0,0.0,1.0,-1
"F[1,2](Hgb <= 5.444 | Hct <= 12.549)
",-9999999.000,-9999999.000,0.000,0.000,1.000,0,0,0,24,24,0,0,24,0.0,0.0,0.0,0.0,0.0,1.0,-1
"F[0,1](Hgb <= 5.478 | Hct <= 17.551)
",-9999999.000,-9999999.000,0.000,0.000,1.000,0,0,0,24,24,0,0,24,0.0,0.0,0.0,0.0,0.0,1.0,-1
"F[0,2]((Calcium <= 4.886 & Potassium <= 0.597) & Magnesium >= 0.056)
",-9999999.000,-9999999.000,0.000,0.000,1.000,0,0,0,24,24,0,0,24,0.0,0.0,0.0,0.0,0.0,1.0,-1
"F[1,2](Hgb <= 2.206 | Hct <= 21.335)
",-9999999.000,-9999999.000,0.000,0.000,1.000,0,0,0,24,24,0,0,24,0.0,0.0,0.0,0.0,0.0,1.0,-1
"((MAP >= 14.150) U[0,2] (SBP <= 77.033))
",-9999999.000,-9999999.000,0.000,0.000,1.000,0,0,0,24,24,0,0,24,0.0,0.0,0.0,0.0,0.0,1.0,-1
"F[1,2]((Phosphate >= 0.000 & Magnesium > 0.035) -> Calcium < 0.963)
",-9999999.000,-9999999.000,0.000,0.000,1.000,0,0,0,24,24,0,0,24,0.0,0.0,0.0,0.0,0.0,1.0,-1
"F[1,2](((Calcium < 8.018 & Potassium < 2.915) & Magnesium < 0.852) & Phosphate < 0.000)
",-9999999.000,-9999999.000,0.000,0.000,1.000,0,0,0,24,24,0,0,24,0.0,0.0,0.0,0.0,0.0,1.0,-1
"F[1,2]((Calcium <= 7.513 & Potassium <= 1.772) & Magnesium >= 0.073)
",-9999999.000,-9999999.000,0.000,0.000,1.000,0,0,0,24,24,0,0,24,0.0,0.0,0.0,0.0,0.0,1.0,-1
"F[1,2](((Calcium < 7.160 & Potassium < 0.235) & Magnesium < 0.094) & Phosphate < 0.000)
",-9999999.000,-9999999.000,0.000,0.000,1.000,0,0,0,24,24,0,0,24,0.0,0.0,0.0,0.0,0.0,1.0,-1
"F[1,2](Phosphate < 0.000 & SepsisLabel = 0.000)
",-9999999.000,-9999999.000,0.000,0.000,1.000,0,0,0,24,24,0,0,24,0.0,0.0,0.0,0.0,0.0,1.0,-1
"((MAP >= 17.415) U[0,1] (SBP <= 122.230))
",-9999999.000,-9999999.000,0.000,0.000,1.000,0,0,0,24,24,0,0,24,0.0,0.0,0.0,0.0,0.0,1.0,-1
"F[1,2]((Phosphate >= 0.000 & Magnesium > 0.029) -> Calcium < 3.322)
",-9999999.000,-9999999.000,0.000,0.000,1.000,0,0,0,24,24,0,0,24,0.0,0.0,0.0,0.0,0.0,1.0,-1
"F[0,1](Hgb <= 5.424 | Hct <= 32.027)
",-9999999.000,-9999999.000,0.000,0.000,1.000,0,0,0,24,24,0,0,24,0.0,0.0,0.0,0.0,0.0,1.0,-1
"((MAP >= 3.760) U[0,1] (SBP <= 64.397))
",-9999999.000,-9999999.000,0.000,0.000,1.000,0,0,0,24,24,0,0,24,0.0,0.0,0.0,0.0,0.0,1.0,-1
"F[2,2]((Calcium <= 9.214 & Potassium <= 3.178) & Magnesium >= 0.019)
",-2712781974011730.000,-0.019,0.000,0.000,1.000,0,0,0,24,24,0,0,24,0.0,0.0,0.0,0.0,0.0,1.0,-1
"((MAP >= 5.616) U[0,1] (SBP <= 111.040))
",-9999999.000,-9999999.000,0.000,0.000,1.000,0,0,0,24,24,0,0,24,0.0,0.0,0.0,0.0,0.0,1.0,-1
"F[0,1](FiO2 >= 0.000 & Lactate >= 0.000)
",-9999999.000,-9999999.000,0.000,0.000,1.000,0,0,0,24,24,0,0,24,0.0,0.0,0.0,0.0,0.0,1.0,-1
"F[0,1]((Fibrinogen <= 0.000 | Fibrinogen <= 0.000) -> Creatinine <= 0.000)
",-9999999.000,-9999999.000,0.000,0.000,1.000,0,0,0,24,24,0,0,24,0.0,0.0,0.0,0.0,0.0,1.0,-1
"F[0,1](PaCO2 <= 0.000 -> AST >= 0.000)
",-9999999.000,-9999999.000,0.000,0.000,1.000,0,0,0,24,24,0,0,24,0.0,0.0,0.0,0.0,0.0,1.0,-1
"F[0,1](((SepsisLabel >= 0.000 & PTT <= 0.000) -> Calcium >= 0.000) & Platelets >= 0.000)
",-9999999.000,-9999999.000,0.000,0.000,1.000,0,0,0,24,24,0,0,24,0.0,0.0,0.0,0.0,0.0,1.0,-1
"G[1,2]((Temp <= 13.775 -> TroponinI >= 1.0000549145906793e-05) -> Glucose >= 0.000)
",9999999.000,9999999.000,0.000,1.000,0.000,0,0,24,0,0,24,24,0,0.0,0.0,1.0,0.0,0.0,1.0,1
"G[1,2]((BUN <= 1.774 -> HR >= 19.465) & SBP <= 118.804)
",9999999.000,9999999.000,0.000,1.000,0.000,0,0,11,13,13,11,11,13,0.0,0.0,1.0,0.0,0.0,1.0,1
"G[0,2]((DBP >= 12.876 -> TroponinI >= 0.000) & Creatinine >= 0.001)
",9999999.000,9999999.000,0.000,1.000,0.000,0,0,0,24,24,0,0,24,0.0,0.0,0.0,0.0,0.0,1.0,1
"G[0,2]((Calcium <= 8.369 | Platelets >= 0.351) -> HCO3 >= 1.743)
",9999999.000,9999999.000,0.000,1.000,0.000,0,0,0,24,24,0,0,24,0.0,0.0,0.0,0.0,0.0,1.0,1
"G[1,2](Magnesium >= 0.067 | O2Sat >= 8.000)
",9999999.000,9999999.000,0.000,1.000,0.000,0,0,12,12,12,12,12,12,0.0,0.0,1.0,0.0,0.0,1.0,1
"G[0,2](Glucose <= 59.111 & SBP <= 68.536)
",9999999.000,9999999.000,0.000,1.000,0.000,0,0,10,14,14,10,10,14,0.0,0.0,1.0,0.0,0.0,1.0,1
"G[0,0](((Hgb >= 0.388 & SBP >= 1.273) | pH >= 1.271) & Glucose >= 1.736)
",-1.736,-1.736,0.000,1.000,0.000,0,0,0,24,24,0,0,24,0.0,0.0,0.0,0.0,0.0,1.0,1
"G[2,2]((Hct <= 18.418 & O2Sat <= 75.155) -> EtCO2 >= 22.662)
",-5184214925179359.000,-18.418,0.000,1.000,0.000,0,0,24,0,0,24,24,0,0.0,0.0,1.0,0.0,0.0,1.0,1
"G[0,0](((Magnesium >= 0.008 & Temp >= 5.941) -> Chloride >= 6.920) -> Bilirubin_total >= 7.528)
",-1.349,-4.009,0.000,1.000,0.000,0,0,0,24,24,0,0,24,0.0,0.0,0.0,0.0,0.0,1.0,1
"G[0,2](((Glucose <= 99.006 & Resp >= 2.596) -> SBP <= 16.699) | HR >= 0.999)
",9999999.000,9999999.000,0.000,1.000,0.000,0,0,24,0,0,24,24,0,0.0,0.0,1.0,0.0,0.0,1.0,1
"G[1,2]((Hgb <= 8.111 & O2Sat >= 11.225) -> Calcium <= 62.916)
",9999999.000,9999999.000,0.000,1.000,0.000,0,0,24,0,0,24,24,0,0.0,0.0,1.0,0.0,0.0,1.0,1
"G[0,2](Calcium <= 9.637 | O2Sat <= 52.963)
",9999999.000,9999999.000,0.000,1.000,0.000,0,0,23,1,1,23,23,1,0.0,0.0,1.0,0.0,0.0,1.0,1
"G[1,2](Calcium <= 1.132 | Resp >= 2.196)
",9999999.000,9999999.000,0.000,1.000,0.000,0,0,24,0,0,24,24,0,0.0,0.0,1.0,0.0,0.0,1.0,1
"G[2,2](((DBP <= 54.615 & Glucose <= 78.017) -> Magnesium >= 2.289) | Potassium >= 2.878)
",-3240047156104857.500,-2.878,0.000,1.000,0.000,0,0,24,0,0,24,24,0,0.0,0.0,1.0,0.0,0.0,1.0,1
"G[2,2]((Hgb >= 0.100 | Platelets <= 89.309) & O2Sat <= 20.823)
",5861195781266255.000,20.823,0.000,1.000,0.000,0,0,24,0,0,24,24,0,0.0,0.0,1.0,0.0,0.0,1.0,1
"G[0,2]((O2Sat >= 2.220 | WBC >= 0.126) | pH <= 0.618)
",9999999.000,9999999.000,0.000,1.000,0.000,0,0,24,0,0,24,24,0,0.0,0.0,1.0,0.0,0.0,1.0,1
"G[2,2](((Magnesium <= 0.935 & MAP >= 16.385) | PTT >= 10.372) | Calcium <= 67.531)
",4752079797524513.000,67.531,0.000,1.000,0.000,0,0,24,0,0,24,24,0,0.0,0.0,1.0,0.0,0.0,1.0,1
"G[1,1](DBP <= 45.042 & Platelets >= 5.737)
",-6459449952577999.000,-5.737,0.000,1.000,0.000,0,0,1,23,23,1,1,23,0.0,0.0,1.0,0.0,0.0,1.0,1
"G[0,2](((Creatinine >= 0.014 -> Temp >= 3.211) & Magnesium <= 12.497) -> WBC <= 29.353)
",9999999.000,9999999.000,0.000,1.000,0.000,0,0,24,0,0,24,24,0,0.0,0.0,1.0,0.0,0.0,1.0,1
"G[0,0](BUN <= 4.425 & Creatinine >= 0.006)
",-7394095721713165.000,-0.006,0.000,1.000,0.000,0,0,0,24,24,0,0,24,0.0,0.0,0.0,0.0,0.0,1.0,1
"G[0,2](((Hgb <= 9.113 | Hct <= 21.494) -> WBC >= 0.068) & Platelets >= 4.020)
",9999999.000,9999999.000,0.000,1.000,0.000,0,0,0,24,24,0,0,24,0.0,0.0,0.0,0.0,0.0,1.0,1
"G[0,2](HCO3 <= 0.000 | PaCO2 <= 0.000)
",9999999.000,9999999.000,0.000,1.000,0.000,0,0,24,0,0,24,24,0,0.0,0.0,1.0,0.0,0.0,1.0,1
"G[0,2](HR >= 18.493 & AST <= 0.000)
",9999999.000,9999999.000,0.000,1.000,0.000,0,0,2,22,22,2,2,22,0.0,0.0,1.0,0.0,0.0,1.0,1
"G[1,2](((Hgb <= 3.628 | Hct <= 9.775) -> WBC >= 0.221) & Platelets >= 6.386)
",9999999.000,9999999.000,0.000,1.000,0.000,0,0,2,22,22,2,2,22,0.0,0.0,1.0,0.0,0.0,1.0,1
"G[1,2](((PaCO2 >= 0.000 -> Bilirubin_total >= 0.000) & SBP >= 0.000) | O2Sat >= 0.000)
",9999999.000,9999999.000,0.000,1.000,0.000,0,0,24,0,0,24,24,0,0.0,0.0,1.0,0.0,0.0,1.0,1
"G[2,2]((Calcium >= 0.252 | HR >= 19.741) & Lactate >= 4.939)
",-4.939,-4.939,0.000,1.000,0.000,0,0,24,0,0,24,24,0,0.0,0.0,1.0,0.0,0.0,1.0,1
"G[0,1]((Creatinine <= 0.329 -> HR <= 126.315) -> PTT >= 4.041)
",9999999.000,9999999.000,0.000,1.000,0.000,0,0,0,24,24,0,0,24,0.0,0.0,0.0,0.0,0.0,1.0,1
"G[1,2](((Glucose >= 3.429 & Temp >= 4.539) -> SBP >= 6.437) -> Magnesium <= 9.374)
",9999999.000,9999999.000,0.000,1.000,0.000,0,0,24,0,0,24,24,0,0.0,0.0,1.0,0.0,0.0,1.0,1
"G[2,2](Creatinine <= 0.338 & MAP <= 45.503)
",3044489783675726.500,0.338,0.000,1.000,0.000,0,0,24,0,0,24,24,0,0.0,0.0,1.0,0.0,0.0,1.0,1
"G[1,2]((Calcium <= 4.641 -> Hgb <= 4.321) | Chloride >= 0.081)
",9999999.000,9999999.000,0.000,1.000,0.000,0,0,24,0,0,24,24,0,0.0,0.0,1.0,0.0,0.0,1.0,1
"G[1,2](HR >= 31.429 & Potassium >= 0.139)
",9999999.000,9999999.000,0.000,1.000,0.000,0,0,2,22,22,2,2,22,0.0,0.0,1.0,0.0,0.0,1.0,1
"G[0,2](((Calcium >= 0.284 | Creatinine <= 0.080) | Chloride <= 0.311) & Potassium >= 0.012)
",9999999.000,9999999.000,0.000,1.000,0.000,0,0,0,24,24,0,0,24,0.0,0.0,0.0,0.0,0.0,1.0,1
"G[0,2](Glucose <= 36.736 | Platelets <= 87.048)
",9999999.000,9999999.000,0.000,1.000,0.000,0,0,22,2,2,22,22,2,0.0,0.0,1.0,0.0,0.0,1.0,1
"G[1,2]((MAP <= 28.868 & WBC <= 3.330) | Hct <= 4.897)
",9999999.000,9999999.000,0.000,1.000,0.000,0,0,23,1,1,23,23,1,0.0,0.0,1.0,0.0,0.0,1.0,1
"G[1,2]((BUN <= 6.330 | SBP >= 19.498) | Platelets >= 3.583)
",9999999.000,9999999.000,0.000,1.000,0.000,0,0,24,0,0,24,24,0,0.0,0.0,1.0,0.0,0.0,1.0,1
"G[1,2](O2Sat <= 48.492 | Resp <= 14.911)
",9999999.000,9999999.000,0.000,1.000,0.000,0,0,13,11,11,13,13,11,0.0,0.0,1.0,0.0,0.0,1.0,1
"G[0,2](Creatinine <= 0.016 & Potassium <= 3.903)
",9999999.000,9999999.000,0.000,1.000,0.000,0,0,22,2,2,22,22,2,0.0,0.0,1.0,0.0,0.0,1.0,1
"G[0,2]((MAP <= 59.213 & O2Sat >= 9.520) -> Phosphate <= 38.551)
",9999999.000,9999999.000,0.000,1.000,0.000,0,0,24,0,0,24,24,0,0.0,0.0,1.0,0.0,0.0,1.0,1
"G[0,2]((Creatinine <= 0.184 | Platelets >= 4.527) -> Platelets <= 121.029)
",9999999.000,9999999.000,0.000,1.000,0.000,0,0,22,2,2,22,22,2,0.0,0.0,1.0,0.0,0.0,1.0,1
"G[1,2]((DBP >= 5.099 -> Temp <= 20.116) -> EtCO2 >= 5.083)
",9999999.000,9999999.000,0.000,1.000,0.000,0,0,11,13,13,11,11,13,0.0,0.0,1.0,0.0,0.0,1.0,1
"G[0,2](SBP >= 33.382 -> Temp >= 1.150)
",9999999.000,9999999.000,0.000,1.000,0.000,0,0,21,3,3,21,21,3,0.0,0.0,1.0,0.0,0.0,1.0,1
"G[1,1](MAP <= 82.973 & Potassium >= 0.042)
",-6032165465437409.000,-0.042,0.000,1.000,0.000,0,0,1,23,23,1,1,23,0.0,0.0,1.0,0.0,0.0,1.0,1
"G[1,2](((DBP <= 66.938 & Resp >= 1.343) | Chloride <= 15.417) | Creatinine <= 18.455)
",9999999.000,9999999.000,0.000,1.000,0.000,0,0,24,0,0,24,24,0,0.0,0.0,1.0,0.0,0.0,1.0,1
"G[0,2]((MAP >= 1.657 -> SBP >= 20.208) | DBP >= 28.446)
",9999999.000,9999999.000,0.000,1.000,0.000,0,0,24,0,0,24,24,0,0.0,0.0,1.0,0.0,0.0,1.0,1
"G[2,2](((O2Sat <= 58.691 & SBP <= 53.834) | EtCO2 <= 90.401) | HR >= 26.603)
",6361422879187457.000,90.401,0.000,1.000,0.000,0,0,24,0,0,24,24,0,0.0,0.0,1.0,0.0,0.0,1.0,1
"G[0,1](((BUN <= 11.544 & Magnesium >= 0.008) & Hgb >= 0.021) & Alkalinephos <= 0.423)
",9999999.000,9999999.000,0.000,1.000,0.000,0,0,0,24,24,0,0,24,0.0,0.0,0.0,0.0,0.0,1.0,1
"G[2,2]((Magnesium <= 0.881 | Platelets <= 17.866) -> MAP <= 24.001)
",-24.001,-24.001,0.000,1.000,0.000,0,0,24,0,0,24,24,0,0.0,0.0,1.0,0.0,0.0,1.0,1
"G[1,2]((Calcium >= 0.396 | WBC >= 0.046) -> PTT <= 0.525)
",9999999.000,9999999.000,0.000,1.000,0.000,0,0,24,0,0,24,24,0,0.0,0.0,1.0,0.0,0.0,1.0,1
"G[0,2](((Hct >= 0.046 & Magnesium <= 1.742) -> SepsisLabel >= 0.039) -> HCO3 >= 0.041)
",9999999.000,9999999.000,0.000,1.000,0.000,0,0,0,24,24,0,0,24,0.0,0.0,0.0,0.0,0.0,1.0,1
"G[0,2]((Glucose <= 15.767 -> Magnesium <= 0.747) & MAP <= 0.997)
",9999999.000,9999999.000,0.000,1.000,0.000,0,0,12,12,12,12,12,12,0.0,0.0,1.0,0.0,0.0,1.0,1
"G[0,2](Creatinine <= 0.209 & WBC >= 0.230)
",9999999.000,9999999.000,0.000,1.000,0.000,0,0,0,24,24,0,0,24,0.0,0.0,0.0,0.0,0.0,1.0,1
"G[2,2](((HR >= 3.633 & SBP >= 17.077) | PTT >= 24.987) | EtCO2 <= 48.990)
",48.990,48.990,0.000,1.000,0.000,0,0,24,0,0,24,24,0,0.0,0.0,1.0,0.0,0.0,1.0,1
"G[1,2]((DBP <= 31.346 & WBC >= 0.174) | Lactate >= 0.212)
",9999999.000,9999999.000,0.000,1.000,0.000,0,0,1,23,23,1,1,23,0.0,0.0,1.0,0.0,0.0,1.0,1
"G[1,2](BUN <= 2.589 & Creatinine >= 0.001)
",9999999.000,9999999.000,0.000,1.000,0.000,0,0,1,23,23,1,1,23,0.0,0.0,1.0,0.0,0.0,1.0,1
"G[0,2](((Chloride <= 0.000 -> SepsisLabel <= 0.000) & Resp >= 0.000) | EtCO2 >= 0.000)
",9999999.000,9999999.000,0.000,1.000,0.000,0,0,24,0,0,24,24,0,0.0,0.0,1.0,0.0,0.0,1.0,1
"G[0,2]((SepsisLabel <= 0.000 -> HCO3 >= 0.000) -> pH >= 0.000)
",9999999.000,9999999.000,0.000,1.000,0.000,0,0,24,0,0,24,24,0,0.0,0.0,1.0,0.0,0.0,1.0,1
"G[1,2](Potassium >= 0.011 | Platelets <= 51.117)
",9999999.000,9999999.000,0.000,1.000,0.000,0,0,24,0,0,24,24,0,0.0,0.0,1.0,0.0,0.0,1.0,1
"G[1,2](FiO2 >= 0.000 & Platelets <= 99.676)
",9999999.000,9999999.000,0.000,1.000,0.000,0,0,23,1,1,23,23,1,0.0,0.0,1.0,0.0,0.0,1.0,1
"G[0,2]((PaCO2 >= 0.000 & Temp >= 7.973) & SaO2 <= 28.500)
",9999999.000,9999999.000,0.000,1.000,0.000,0,0,1,23,23,1,1,23,0.0,0.0,1.0,0.0,0.0,1.0,1
"G[1,2]((Creatinine <= 0.215 -> TroponinI <= 0.019) -> Resp >= 0.000)
",9999999.000,9999999.000,0.000,1.000,0.000,0,0,24,0,0,24,24,0,0.0,0.0,1.0,0.0,0.0,1.0,1
"G[0,2](BUN <= 7.358 & Creatinine >= 0.014)
",9999999.000,9999999.000,0.000,1.000,0.000,0,0,0,24,24,0,0,24,0.0,0.0,0.0,0.0,0.0,1.0,1
"G[0,2](((Hct >= 0.705 -> HR >= 27.103) | Alkalinephos >= 39.786) -> HCO3 >= 27.832)
",9999999.000,9999999.000,0.000,1.000,0.000,0,0,0,24,24,0,0,24,0.0,0.0,0.0,0.0,0.0,1.0,1
"G[0,2](((Hct <= 15.394 | BUN <= 5.540) | MAP >= 0.100) -> Resp <= 2.367)
",9999999.000,9999999.000,0.000,1.000,0.000,0,0,12,12,12,12,12,12,0.0,0.0,1.0,0.0,0.0,1.0,1
"G[1,2](Calcium <= 5.744 & Phosphate >= 0.000)
",9999999.000,9999999.000,0.000,1.000,0.000,0,0,23,1,1,23,23,1,0.0,0.0,1.0,0.0,0.0,1.0,1
"G[0,2]((BUN >= 0.260 -> Platelets <= 43.549) | TroponinI <= 54.402)
",9999999.000,9999999.000,0.000,1.000,0.000,0,0,24,0,0,24,24,0,0.0,0.0,1.0,0.0,0.0,1.0,1
"G[0,2](((HCO3 <= 0.000 & O2Sat >= 17.911) | EtCO2 <= 97.196) -> Calcium >= 19.667)
",9999999.000,9999999.000,0.000,1.000,0.000,0,0,0,24,24,0,0,24,0.0,0.0,0.0,0.0,0.0,1.0,1
"G[2,2](Phosphate <= 0.000 & BaseExcess >= 0.000)
",0.000,0.000,0.000,1.000,0.000,0,0,24,0,0,24,24,0,0.0,0.0,1.0,0.0,0.0,1.0,1
"G[0,2](((Hgb <= 5.591 | Hct <= 20.468) -> WBC >= 0.074) & Platelets >= 4.045)
",9999999.000,9999999.000,0.000,1.000,0.000,0,0,0,24,24,0,0,24,0.0,0.0,0.0,0.0,0.0,1.0,1
"G[1,2](((DBP >= 10.712 | Lactate >= 0.000) | BaseExcess <= 0.000) & Calcium <= 0.000)
",9999999.000,9999999.000,0.000,1.000,0.000,0,0,23,1,1,23,23,1,0.0,0.0,1.0,0.0,0.0,1.0,1
"G[0,1](Platelets <= 87.806 -> WBC >= 0.166)
",9999999.000,9999999.000,0.000,1.000,0.000,0,0,0,24,24,0,0,24,0.0,0.0,0.0,0.0,0.0,1.0,1
"G[1,1](((DBP >= 7.210 | MAP >= 8.177) & HR <= 70.004) & PTT >= 13.835)
",-3894237988650441.500,-13.835,0.000,1.000,0.000,0,0,1,23,23,1,1,23,0.0,0.0,1.0,0.0,0.0,1.0,1
"G[0,2]((HR <= 101.580 -> DBP <= 36.197) -> SaO2 >= 1.864)
",9999999.000,9999999.000,0.000,1.000,0.000,0,0,0,24,24,0,0,24,0.0,0.0,0.0,0.0,0.0,1.0,1
"G[1,2]((BUN <= 4.786 & Potassium <= 0.604) & AST <= 1.773)
",9999999.000,9999999.000,0.000,1.000,0.000,0,0,23,1,1,23,23,1,0.0,0.0,1.0,0.0,0.0,1.0,1
"G[0,2]((TroponinI <= 0.018 | TroponinI >= 0.000) -> Phosphate >= 0.001)
",9999999.000,9999999.000,0.000,1.000,0.000,0,0,0,24,24,0,0,24,0.0,0.0,0.0,0.0,0.0,1.0,1
"G[0,2](((Hct <= 5.745 -> Phosphate >= 0.000) -> DBP >= 0.000) & HR >= 0.000)
",9999999.000,9999999.000,0.000,1.000,0.000,0,0,24,0,0,24,24,0,0.0,0.0,1.0,0.0,0.0,1.0,1
"G[0,2](Platelets >= 1.155 | HR <= 82.863)
",9999999.000,9999999.000,0.000,1.000,0.000,0,0,9,15,15,9,9,15,0.0,0.0,1.0,0.0,0.0,1.0,1
"G[0,2](Platelets <= 160.481 -> WBC >= 0.010)
",9999999.000,9999999.000,0.000,1.000,0.000,0,0,0,24,24,0,0,24,0.0,0.0,0.0,0.0,0.0,1.0,1
"G[0,1](((Hgb <= 5.140 | Hct <= 8.079) -> WBC >= 0.017) & Platelets >= 6.446)
",9999999.000,9999999.000,0.000,1.000,0.000,0,0,0,24,24,0,0,24,0.0,0.0,0.0,0.0,0.0,1.0,1
"G[0,1]((SBP >= 31.618 & Temp >= 4.556) & O2Sat >= 5.800)
",9999999.000,9999999.000,0.000,1.000,0.000,0,0,1,23,23,1,1,23,0.0,0.0,1.0,0.0,0.0,1.0,1
"G[1,2]((SepsisLabel <= 0.000 -> Bilirubin_direct >= 0.000) -> Fibrinogen <= 0.000)
",9999999.000,9999999.000,0.000,1.000,0.000,0,0,24,0,0,24,24,0,0.0,0.0,1.0,0.0,0.0,1.0,1
"G[2,2]((Temp <= 21.590 | Potassium <= 3.550) & Resp <= 1.322)
",2977132336417742.500,1.322,0.000,1.000,0.000,0,0,24,0,0,24,24,0,0.0,0.0,1.0,0.0,0.0,1.0,1
"G[1,2](Chloride >= 0.000 & HCO3 >= 0.000)
",9999999.000,9999999.000,0.000,1.000,0.000,0,0,24,0,0,24,24,0,0.0,0.0,1.0,0.0,0.0,1.0,1
"G[2,2](Hgb <= 11.285 & PaCO2 <= 0.000)
",0.000,0.000,0.000,1.000,0.000,0,0,24,0,0,24,24,0,0.0,0.0,1.0,0.0,0.0,1.0,1
"G[0,2](Chloride >= 0.000 & HCO3 >= 0.000)
",9999999.000,9999999.000,0.000,1.000,0.000,0,0,24,0,0,24,24,0,0.0,0.0,1.0,0.0,0.0,1.0,1
"G[0,2]((pH <= 0.000 | Potassium >= 0.086) -> Creatinine >= 0.127)
",9999999.000,9999999.000,0.000,1.000,0.000,0,0,0,24,24,0,0,24,0.0,0.0,0.0,0.0,0.0,1.0,1
"G[1,2](Platelets <= 98.535 -> WBC >= 0.079)
",9999999.000,9999999.000,0.000,1.000,0.000,0,0,2,22,22,2,2,22,0.0,0.0,1.0,0.0,0.0,1.0,1
"G[0,2](((Hgb <= 2.059 | Hct <= 31.370) -> WBC >= 0.017) & Platelets >= 1.939)
",9999999.000,9999999.000,0.000,1.000,0.000,0,0,0,24,24,0,0,24,0.0,0.0,0.0,0.0,0.0,1.0,1
"G[0,2](BUN <= 5.474 & Creatinine >= 0.011)
",9999999.000,9999999.000,0.000,1.000,0.000,0,0,0,24,24,0,0,24,0.0,0.0,0.0,0.0,0.0,1.0,1
"G[0,2](EtCO2 >= 0.000 | Alkalinephos <= 0.000)
",9999999.000,9999999.000,0.000,1.000,0.000,0,0,24,0,0,24,24,0,0.0,0.0,1.0,0.0,0.0,1.0,1
"G[0,2](Alkalinephos <= 0.000 -> SaO2 <= 0.000)
",9999999.000,9999999.000,0.000,1.000,0.000,0,0,24,0,0,24,24,0,0.0,0.0,1.0,0.0,0.0,1.0,1
"G[0,2](((Lactate <= 0.000 & Potassium <= 0.776) | Creatinine >= 0.066) -> SBP >= 0.043)
",9999999.000,9999999.000,0.000,1.000,0.000,0,0,1,23,23,1,1,23,0.0,0.0,1.0,0.0,0.0,1.0,1
"G[1,2](((PaCO2 <= 0.000 -> BUN >= 0.383) | FiO2 >= 0.143) & Hgb >= 0.368)
",9999999.000,9999999.000,0.000,1.000,0.000,0,0,2,22,22,2,2,22,0.0,0.0,1.0,0.0,0.0,1.0,1
"G[0,1](Platelets <= 152.915 -> WBC >= 0.077)
",9999999.000,9999999.000,0.000,1.000,0.000,0,0,0,24,24,0,0,24,0.0,0.0,0.0,0.0,0.0,1.0,1
"G[0,1](((Hgb <= 1.269 | Hct <= 15.253) -> WBC >= 0.128) & Platelets >= 5.537)
",9999999.000,9999999.000,0.000,1.000,0.000,0,0,0,24,24,0,0,24,0.0,0.0,0.0,0.0,0.0,1.0,1
"G[0,1](BUN <= 1.407 & Creatinine >= 0.009)
",9999999.000,9999999.000,0.000,1.000,0.000,0,0,0,24,24,0,0,24,0.0,0.0,0.0,0.0,0.0,1.0,1
"G[0,2]((Chloride >= 0.000 & WBC >= 0.101) & Glucose <= 2.942)
",9999999.000,9999999.000,0.000,1.000,0.000,0,0,0,24,24,0,0,24,0.0,0.0,0.0,0.0,0.0,1.0,1
"G[0,2](Chloride >= 0.000 -> PaCO2 <= 0.000)
",9999999.000,9999999.000,0.000,1.000,0.000,0,0,24,0,0,24,24,0,0.0,0.0,1.0,0.0,0.0,1.0,1
"G[1,2](Chloride >= 0.000 -> Alkalinephos <= 0.000)
",9999999.000,9999999.000,0.000,1.000,0.000,0,0,24,0,0,24,24,0,0.0,0.0,1.0,0.0,0.0,1.0,1
"G[0,2](Chloride >= 0.000 & HCO3 >= 0.000)
",9999999.000,9999999.000,0.000,1.000,0.000,0,0,24,0,0,24,24,0,0.0,0.0,1.0,0.0,0.0,1.0,1
"G[0,2](Chloride >= 0.000 & HCO3 >= 0.000)
",9999999.000,9999999.000,0.000,1.000,0.000,0,0,24,0,0,24,24,0,0.0,0.0,1.0,0.0,0.0,1.0,1
"G[1,2](DBP >= 5.257 -> HCO3 >= 0.000)
",9999999.000,9999999.000,0.000,1.000,0.000,0,0,24,0,0,24,24,0,0.0,0.0,1.0,0.0,0.0,1.0,1
"G[0,2](Platelets <= 116.914 -> WBC >= 0.228)
",9999999.000,9999999.000,0.000,1.000,0.000,0,0,0,24,24,0,0,24,0.0,0.0,0.0,0.0,0.0,1.0,1
"G[0,1](Calcium <= 2.436 & MAP >= 2.154)
",9999999.000,9999999.000,0.000,1.000,0.000,0,0,1,23,23,1,1,23,0.0,0.0,1.0,0.0,0.0,1.0,1
"G[1,2](((Hgb <= 11.082 | Hct <= 8.476) -> WBC >= 0.174) & Platelets >= 3.732)
",9999999.000,9999999.000,0.000,1.000,0.000,0,0,2,22,22,2,2,22,0.0,0.0,1.0,0.0,0.0,1.0,1
"G[2,2]((Creatinine >= 0.015 -> Creatinine >= 0.008) -> SaO2 <= 0.355)
",-6402463223570524.000,-0.355,0.000,1.000,0.000,0,0,24,0,0,24,24,0,0.0,0.0,1.0,0.0,0.0,1.0,1
"G[1,2]((Calcium <= 7.924 & Creatinine >= 0.005) & BUN >= 0.002)
",9999999.000,9999999.000,0.000,1.000,0.000,0,0,1,23,23,1,1,23,0.0,0.0,1.0,0.0,0.0,1.0,1
"G[1,2](HCO3 <= 0.000 -> Chloride <= 0.000)
",9999999.000,9999999.000,0.000,1.000,0.000,0,0,24,0,0,24,24,0,0.0,0.0,1.0,0.0,0.0,1.0,1
"G[1,2](BUN <= 9.281 & Creatinine >= 0.011)
",9999999.000,9999999.000,0.000,1.000,0.000,0,0,1,23,23,1,1,23,0.0,0.0,1.0,0.0,0.0,1.0,1
"G[1,2](((Hct >= 1.094 & SaO2 <= 0.000) | Phosphate <= 0.000) & WBC >= 0.000)
",9999999.000,9999999.000,0.000,1.000,0.000,0,0,24,0,0,24,24,0,0.0,0.0,1.0,0.0,0.0,1.0,1
"G[0,2](((Hgb <= 9.125 & TroponinI >= 0.000) | BaseExcess <= 0.007) | Hgb <= 0.002)
",9999999.000,9999999.000,0.000,1.000,0.000,0,0,24,0,0,24,24,0,0.0,0.0,1.0,0.0,0.0,1.0,1
"G[1,2]((pH >= 0.000 -> Bilirubin_direct <= 0.000) & Lactate <= 0.000)
",9999999.000,9999999.000,0.000,1.000,0.000,0,0,24,0,0,24,24,0,0.0,0.0,1.0,0.0,0.0,1.0,1
"G[0,2]((PTT <= 0.000 & TroponinI >= 0.000) -> Hct >= 0.000)
",9999999.000,9999999.000,0.000,1.000,0.000,0,0,24,0,0,24,24,0,0.0,0.0,1.0,0.0,0.0,1.0,1
"F[2,2](O2Sat >= 22.753 -> Platelets >= 0.880)
",0.880,0.880,0.000,0.000,1.000,0,0,0,24,24,0,0,24,0.0,0.0,0.0,0.0,0.0,1.0,-1
"((Resp <= 17.476) U[1,2] (MAP <= 36.195))
",-9999999.000,-9999999.000,0.000,0.000,1.000,0,0,0,24,24,0,0,24,0.0,0.0,0.0,0.0,0.0,1.0,-1
"F[0,0]((TroponinI >= 0.000 & FiO2 <= 0.000) | Alkalinephos <= 0.000)
",-0.213,-0.000,0.000,0.000,1.000,0,0,0,24,24,0,0,24,0.0,0.0,0.0,0.0,0.0,1.0,-1
"F[2,2]((Magnesium <= 2.082 -> BUN <= 10.212) | FiO2 <= 9.792)
",2756096078989869.000,9.792,0.000,0.000,1.000,0,0,0,24,24,0,0,24,0.0,0.0,0.0,0.0,0.0,1.0,-1
"F[2,2](PTT >= 0.000 | Glucose >= 0.993)
",0.000,0.000,0.000,0.000,1.000,0,0,0,24,24,0,0,24,0.0,0.0,0.0,0.0,0.0,1.0,-1
"F[1,2]((EtCO2 <= 0.000 -> Temp <= 36.105) -> Temp <= 35.139)
",-9999999.000,-9999999.000,0.000,0.000,1.000,0,0,0,24,24,0,0,24,0.0,0.0,0.0,0.0,0.0,1.0,-1
"F[2,2]((HR <= 75.670 -> Platelets <= 129.295) | Platelets >= 4.503)
",-2534924888408914.000,-4.503,0.000,0.000,1.000,0,0,0,24,24,0,0,24,0.0,0.0,0.0,0.0,0.0,1.0,-1
"G[0,1](BUN <= 2.746 & Creatinine >= 0.011)
",9999999.000,9999999.000,0.000,1.000,0.000,0,0,0,24,24,0,0,24,0.0,0.0,0.0,0.0,0.0,1.0,1
"F[1,2]((Lactate >= 0.000 | Fibrinogen <= 0.000) -> Potassium <= 0.000)
",-9999999.000,-9999999.000,0.000,0.000,1.000,0,0,0,24,24,0,0,24,0.0,0.0,0.0,0.0,0.0,1.0,-1
"F[0,2](Hgb <= 6.966 | Hct <= 18.858)
",-9999999.000,-9999999.000,0.000,0.000,1.000,0,0,0,24,24,0,0,24,0.0,0.0,0.0,0.0,0.0,1.0,-1
"F[0,2]((Temp >= 5.137 & HCO3 >= 0.000) -> Glucose <= 0.000)
",-9999999.000,-9999999.000,0.000,0.000,1.000,0,0,0,24,24,0,0,24,0.0,0.0,0.0,0.0,0.0,1.0,-1
"F[2,2](((Bilirubin_total >= 0.000 -> HCO3 >= 0.000) & EtCO2 >= 0.000) | HR <= 0.000)
",0.000,0.000,0.000,0.000,1.000,0,0,0,24,24,0,0,24,0.0,0.0,0.0,0.0,0.0,1.0,-1
"((pH >= 0.000) U[0,1] (Bilirubin_total <= 0.000))
",-9999999.000,-9999999.000,0.000,0.000,1.000,0,0,0,24,24,0,0,24,0.0,0.0,0.0,0.0,0.0,1.0,-1
"F[0,2]((PaCO2 <= 0.000 -> SBP >= 25.820) -> Chloride <= 111.883)
",-9999999.000,-9999999.000,0.000,0.000,1.000,0,0,0,24,24,0,0,24,0.0,0.0,0.0,0.0,0.0,1.0,-1
"F[2,2](((Glucose <= 87.627 | Magnesium >= 0.023) -> PaCO2 >= 0.078) | PTT >= 0.040)
",-2868259181283118.500,-0.040,0.000,0.000,1.000,0,0,0,24,24,0,0,24,0.0,0.0,0.0,0.0,0.0,1.0,-1
"((PTT <= 0.000) U[0,2] (Magnesium >= 0.047))
",-9999999.000,-9999999.000,0.000,0.000,1.000,0,0,0,24,24,0,0,24,0.0,0.0,0.0,0.0,0.0,1.0,-1
"F[1,2](((MAP >= 18.562 & TroponinI <= 0.029) -> Temp <= 0.028) | Phosphate >= 5.1641674184742974e-05)
",-9999999.000,-9999999.000,0.000,0.000,1.000,0,0,0,24,24,0,0,24,0.0,0.0,0.0,0.0,0.0,1.0,-1
"((Resp <= 17.268) U[1,2] (pH >= 0.000))
",-9999999.000,-9999999.000,0.000,0.000,1.000,0,0,0,24,24,0,0,24,0.0,0.0,0.0,0.0,0.0,1.0,-1
"((BaseExcess >= 0.000) U[0,2] (TroponinI <= 0.028))
",-9999999.000,-9999999.000,0.000,0.000,1.000,0,0,0,24,24,0,0,24,0.0,0.0,0.0,0.0,0.0,1.0,-1
"G[0,1](BUN <= 4.119 & Creatinine >= 0.009)
",9999999.000,9999999.000,0.000,1.000,0.000,0,0,0,24,24,0,0,24,0.0,0.0,0.0,0.0,0.0,1.0,1
"G[1,2](Glucose <= 67.824 & Fibrinogen >= 0.000)
",9999999.000,9999999.000,0.000,1.000,0.000,0,0,23,1,1,23,23,1,0.0,0.0,1.0,0.0,0.0,1.0,1
"G[1,2]((BaseExcess <= 0.000 & EtCO2 <= 0.000) | Hgb <= 0.000)
",9999999.000,9999999.000,0.000,1.000,0.000,0,0,24,0,0,24,24,0,0.0,0.0,1.0,0.0,0.0,1.0,1
"G[0,1](Platelets <= 30.300 -> WBC >= 0.158)
",9999999.000,9999999.000,0.000,1.000,0.000,0,0,0,24,24,0,0,24,0.0,0.0,0.0,0.0,0.0,1.0,1
"G[0,2](DBP <= 80.641 & Platelets >= 3.244)
",9999999.000,9999999.000,0.000,1.000,0.000,0,0,0,24,24,0,0,24,0.0,0.0,0.0,0.0,0.0,1.0,1
"G[1,2]((SBP >= 15.673 & HR >= 12.251) & Fibrinogen <= 72.121)
",9999999.000,9999999.000,0.000,1.000,0.000,0,0,13,11,11,13,13,11,0.0,0.0,1.0,0.0,0.0,1.0,1
"F[0,2]((Bilirubin_total >= 0.000 -> BUN >= 0.377) -> Chloride >= 0.379)
",-9999999.000,-9999999.000,0.000,0.000,1.000,0,0,0,24,24,0,0,24,0.0,0.0,0.0,0.0,0.0,1.0,-1
"F[2,2](PaCO2 >= 0.000 -> MAP >= 4.935)
",0.000,0.000,0.000,0.000,1.000,0,0,0,24,24,0,0,24,0.0,0.0,0.0,0.0,0.0,1.0,-1
"G[2,2](Bilirubin_total >= 0.000 -> SaO2 <= 0.000)
",0.000,0.000,0.000,1.000,0.000,0,0,24,0,0,24,24,0,0.0,0.0,1.0,0.0,0.0,1.0,1
"F[2,2](Bilirubin_direct >= 0.000 | Chloride <= 0.000)
",0.000,0.000,0.000,0.000,1.000,0,0,0,24,24,0,0,24,0.0,0.0,0.0,0.0,0.0,1.0,-1
"F[0,1]((PTT >= 0.000 | SBP <= 97.173) | SBP >= 13.420)
",-9999999.000,-9999999.000,0.000,0.000,1.000,0,0,0,24,24,0,0,24,0.0,0.0,0.0,0.0,0.0,1.0,-1
"F[0,2](SBP >= 15.784 -> HCO3 >= 0.000)
",-9999999.000,-9999999.000,0.000,0.000,1.000,0,0,0,24,24,0,0,24,0.0,0.0,0.0,0.0,0.0,1.0,-1
"F[0,1](((O2Sat >= 12.699 | Phosphate >= 0.000) -> Calcium >= 0.000) | Potassium >= 0.000)
",-9999999.000,-9999999.000,0.000,0.000,1.000,0,0,0,24,24,0,0,24,0.0,0.0,0.0,0.0,0.0,1.0,-1
"F[0,1]((BaseExcess >= 0.000 | HCO3 >= 0.000) & Calcium >= 0.000)
",-9999999.000,-9999999.000,0.000,0.000,1.000,0,0,0,24,24,0,0,24,0.0,0.0,0.0,0.0,0.0,1.0,-1
"F[0,2](((Hgb >= 0.106 | DBP <= 38.269) | AST <= 83.094) | pH <= 74.142)
",-9999999.000,-9999999.000,0.000,0.000,1.000,0,0,0,24,24,0,0,24,0.0,0.0,0.0,0.0,0.0,1.0,-1
"F[0,1]((EtCO2 <= 0.000 & Temp <= 14.933) | EtCO2 >= 1.602)
",-9999999.000,-9999999.000,0.000,0.000,1.000,0,0,0,24,24,0,0,24,0.0,0.0,0.0,0.0,0.0,1.0,-1
"F[1,2](((Potassium <= 3.827 -> pH <= 0.000) | Phosphate <= 0.000) -> WBC >= 0.000)
",-9999999.000,-9999999.000,0.000,0.000,1.000,0,0,0,24,24,0,0,24,0.0,0.0,0.0,0.0,0.0,1.0,-1
"F[0,0](((Phosphate >= 0.000 & AST <= 0.000) | BaseExcess >= 0.000) & AST <= 0.000)
",0.000,0.000,0.000,0.000,1.000,0,0,0,24,24,0,0,24,0.0,0.0,0.0,0.0,0.0,1.0,-1
"((PTT >= 0.000) U[1,2] (O2Sat <= 55.095))
",-9999999.000,-9999999.000,0.000,0.000,1.000,0,0,0,24,24,0,0,24,0.0,0.0,0.0,0.0,0.0,1.0,-1
"F[1,2]((Magnesium >= 0.085 & Bilirubin_total <= 0.000) -> SBP >= 0.000)
",-9999999.000,-9999999.000,0.000,0.000,1.000,0,0,0,24,24,0,0,24,0.0,0.0,0.0,0.0,0.0,1.0,-1
"F[0,2](Temp >= 7.219 & Phosphate >= 0.000)
",-9999999.000,-9999999.000,0.000,0.000,1.000,0,0,0,24,24,0,0,24,0.0,0.0,0.0,0.0,0.0,1.0,-1
"((Phosphate >= 0.000) U[0,2] (Glucose >= 0.964))
",-9999999.000,-9999999.000,0.000,0.000,1.000,0,0,0,24,24,0,0,24,0.0,0.0,0.0,0.0,0.0,1.0,-1
"F[0,1](Chloride <= 0.000 | Potassium <= 3.870)
",-9999999.000,-9999999.000,0.000,0.000,1.000,0,0,0,24,24,0,0,24,0.0,0.0,0.0,0.0,0.0,1.0,-1
"F[0,0]((Fibrinogen <= 0.000 | SaO2 <= 0.000) | HR >= 0.000)
",39156.000,39156.000,0.000,0.000,1.000,0,0,0,24,24,0,0,24,0.0,0.0,0.0,0.0,0.0,1.0,-1
"F[0,2](((Glucose <= 99.089 | EtCO2 <= 0.000) & Bilirubin_total >= 0.000) | Creatinine >= 0.000)
",-9999999.000,-9999999.000,0.000,0.000,1.000,0,0,0,24,24,0,0,24,0.0,0.0,0.0,0.0,0.0,1.0,-1
"F[1,2](((Hgb >= 0.465 -> Fibrinogen <= 0.000) & HR >= 0.000) | TroponinI >= 0.000)
",-9999999.000,-9999999.000,0.000,0.000,1.000,0,0,0,24,24,0,0,24,0.0,0.0,0.0,0.0,0.0,1.0,-1
"F[0,2]((Resp >= 1.460 | Magnesium >= 0.056) & AST >= 0.007)
",-9999999.000,-9999999.000,0.000,0.000,1.000,0,0,0,24,24,0,0,24,0.0,0.0,0.0,0.0,0.0,1.0,-1
"F[0,1](Hgb <= 10.007 & Lactate >= 0.000)
",-9999999.000,-9999999.000,0.000,0.000,1.000,0,0,0,24,24,0,0,24,0.0,0.0,0.0,0.0,0.0,1.0,-1
"F[0,1]((SBP <= 120.123 | AST >= 0.000) -> Alkalinephos <= 0.000)
",-9999999.000,-9999999.000,0.000,0.000,1.000,0,0,0,24,24,0,0,24,0.0,0.0,0.0,0.0,0.0,1.0,-1
"((Creatinine >= 0.013) U[0,1] (Phosphate <= 0.000))
",-9999999.000,-9999999.000,0.000,0.000,1.000,0,0,0,24,24,0,0,24,0.0,0.0,0.0,0.0,0.0,1.0,-1
"((pH >= 0.000) U[2,2] (Glucose >= 3.793))
",0.000,0.000,0.000,0.000,1.000,0,0,0,24,24,0,0,24,0.0,0.0,0.0,0.0,0.0,1.0,-1
"F[1,2]((Bilirubin_direct <= 0.000 -> BaseExcess <= 0.000) | TroponinI <= 0.000)
",-9999999.000,-9999999.000,0.000,0.000,1.000,0,0,0,24,24,0,0,24,0.0,0.0,0.0,0.0,0.0,1.0,-1
"F[0,2](Potassium >= 0.047 & Lactate >= 0.000)
",-9999999.000,-9999999.000,0.000,0.000,1.000,0,0,0,24,24,0,0,24,0.0,0.0,0.0,0.0,0.0,1.0,-1
"F[0,2](Temp >= 0.132 | Hct >= 0.964)
",-9999999.000,-9999999.000,0.000,0.000,1.000,0,0,0,24,24,0,0,24,0.0,0.0,0.0,0.0,0.0,1.0,-1
"G[0,2](((DBP <= 57.281 & Alkalinephos >= 0.000) -> SepsisLabel >= 0.000) | Hct <= 0.000)
",9999999.000,9999999.000,0.000,1.000,0.000,0,0,24,0,0,24,24,0,0.0,0.0,1.0,0.0,0.0,1.0,1
"G[2,2]((AST >= 0.000 | AST >= 0.000) -> Alkalinephos >= 0.000)
",0.000,0.000,0.000,1.000,0.000,0,0,24,0,0,24,24,0,0.0,0.0,1.0,0.0,0.0,1.0,1
"G[1,2](((Calcium >= 0.113 | DBP >= 21.041) | Bilirubin_total >= 5.664) -> Calcium >= 14.257)
",9999999.000,9999999.000,0.000,1.000,0.000,0,0,12,12,12,12,12,12,0.0,0.0,1.0,0.0,0.0,1.0,1
"G[1,2](Temp <= 8.849 | SaO2 <= 0.000)
",9999999.000,9999999.000,0.000,1.000,0.000,0,0,24,0,0,24,24,0,0.0,0.0,1.0,0.0,0.0,1.0,1
"G[2,2](EtCO2 < 0.000 -> SepsisLabel = 0.000)
",0.000,0.000,0.000,1.000,0.000,0,0,24,0,0,24,24,0,0.0,0.0,1.0,0.0,0.0,1.0,1
"G[0,2]((TroponinI >= 0.000 -> WBC >= 0.161) | PTT <= 5.317)
",9999999.000,9999999.000,0.000,1.000,0.000,0,0,24,0,0,24,24,0,0.0,0.0,1.0,0.0,0.0,1.0,1
"G[1,2]((Lactate <= 0.000 & Phosphate >= 0.000) | AST >= 0.000)
",9999999.000,9999999.000,0.000,1.000,0.000,0,0,24,0,0,24,24,0,0.0,0.0,1.0,0.0,0.0,1.0,1
"G[0,1](Magnesium >= 0.021 & TroponinI <= 0.002)
",9999999.000,9999999.000,0.000,1.000,0.000,0,0,0,24,24,0,0,24,0.0,0.0,0.0,0.0,0.0,1.0,1
"G[1,2](((BUN >= 0.331 | Calcium <= 0.782) -> PaCO2 <= 9.227) | HR >= 0.348)
",9999999.000,9999999.000,0.000,1.000,0.000,0,0,24,0,0,24,24,0,0.0,0.0,1.0,0.0,0.0,1.0,1
"G[2,2]((Temp <= 13.849 -> Creatinine >= 0.012) | SBP <= 0.298)
",2682264086926550.000,0.298,0.000,1.000,0.000,0,0,24,0,0,24,24,0,0.0,0.0,1.0,0.0,0.0,1.0,1
"G[0,2]((Resp >= 1.161 | Potassium <= 2.262) & DBP >= 0.052)
",9999999.000,9999999.000,0.000,1.000,0.000,0,0,1,23,23,1,1,23,0.0,0.0,1.0,0.0,0.0,1.0,1
"G[2,2]((SepsisLabel >= 0.000 -> BaseExcess <= 0.000) -> MAP >= 0.000)
",0.000,0.000,0.000,1.000,0.000,0,0,24,0,0,24,24,0,0.0,0.0,1.0,0.0,0.0,1.0,1
"G[1,2](Chloride >= 0.000 & HCO3 >= 0.000)
",9999999.000,9999999.000,0.000,1.000,0.000,0,0,24,0,0,24,24,0,0.0,0.0,1.0,0.0,0.0,1.0,1
"G[0,2](MAP >= 10.272 | Lactate >= 0.000)
",9999999.000,9999999.000,0.000,1.000,0.000,0,0,24,0,0,24,24,0,0.0,0.0,1.0,0.0,0.0,1.0,1
"G[0,2]((MAP >= 11.583 & BUN <= 12.722) -> WBC >= 0.317)
",9999999.000,9999999.000,0.000,1.000,0.000,0,0,13,11,11,13,13,11,0.0,0.0,1.0,0.0,0.0,1.0,1
"G[0,2](BUN <= 12.550 & Creatinine >= 0.003)
",9999999.000,9999999.000,0.000,1.000,0.000,0,0,0,24,24,0,0,24,0.0,0.0,0.0,0.0,0.0,1.0,1
"G[1,2](Magnesium >= 0.047 | Chloride >= 0.000)
",9999999.000,9999999.000,0.000,1.000,0.000,0,0,24,0,0,24,24,0,0.0,0.0,1.0,0.0,0.0,1.0,1
"G[1,2](BUN > 0.217 & SepsisLabel = 0.000)
",9999999.000,9999999.000,0.000,1.000,0.000,0,0,2,22,22,2,2,22,0.0,0.0,1.0,0.0,0.0,1.0,1
"G[0,2](Bilirubin_direct < 0.000 -> SepsisLabel = 0.000)
",9999999.000,9999999.000,0.000,1.000,0.000,0,0,24,0,0,24,24,0,0.0,0.0,1.0,0.0,0.0,1.0,1
"G[1,2](Magnesium <= 0.418 -> SepsisLabel = 0.000)
",9999999.000,9999999.000,0.000,1.000,0.000,0,0,24,0,0,24,24,0,0.0,0.0,1.0,0.0,0.0,1.0,1
"G[1,2](((PTT <= 0.000 | Potassium <= 3.513) & HR <= 3.582) -> Phosphate >= 0.110)
",9999999.000,9999999.000,0.000,1.000,0.000,0,0,14,10,10,14,14,10,0.0,0.0,1.0,0.0,0.0,1.0,1
"G[0,0](BaseExcess < 0.000 & SepsisLabel = 0.000)
",-0.213,-7.261,0.000,1.000,0.000,0,0,0,24,24,0,0,24,0.0,0.0,0.0,0.0,0.0,1.0,1
"G[1,2]((FiO2 >= 0.000 & PTT <= 0.000) & BUN <= 0.000)
",9999999.000,9999999.000,0.000,1.000,0.000,0,0,23,1,1,23,23,1,0.0,0.0,1.0,0.0,0.0,1.0,1
"G[0,2]((Bilirubin_direct <= 0.000 | Bilirubin_total >= 0.000) | Chloride <= 0.000)
",9999999.000,9999999.000,0.000,1.000,0.000,0,0,24,0,0,24,24,0,0.0,0.0,1.0,0.0,0.0,1.0,1
"G[0,1](((Temp <= 16.354 | O2Sat >= 10.535) -> Creatinine <= 42.723) & Platelets >= 1.797)
",9999999.000,9999999.000,0.000,1.000,0.000,0,0,0,24,24,0,0,24,0.0,0.0,0.0,0.0,0.0,1.0,1
"G[1,2]((PaCO2 <= 0.000 -> DBP >= 5.466) & O2Sat <= 23.487)
",9999999.000,9999999.000,0.000,1.000,0.000,0,0,2,22,22,2,2,22,0.0,0.0,1.0,0.0,0.0,1.0,1
"G[0,2]((Temp >= 6.400 & Fibrinogen >= 0.000) & Temp <= 0.000)
",9999999.000,9999999.000,0.000,1.000,0.000,0,0,0,24,24,0,0,24,0.0,0.0,0.0,0.0,0.0,1.0,1
"G[0,2](((WBC <= 3.471 | Fibrinogen <= 0.000) -> PTT <= 0.000) & Resp >= 0.000)
",9999999.000,9999999.000,0.000,1.000,0.000,0,0,24,0,0,24,24,0,0.0,0.0,1.0,0.0,0.0,1.0,1
"G[0,2](Phosphate >= 0.000 -> Bilirubin_direct <= 0.000)
",9999999.000,9999999.000,0.000,1.000,0.000,0,0,24,0,0,24,24,0,0.0,0.0,1.0,0.0,0.0,1.0,1
"G[1,2]((MAP <= 95.097 -> MAP >= 17.167) | DBP <= 43.923)
",9999999.000,9999999.000,0.000,1.000,0.000,0,0,22,2,2,22,22,2,0.0,0.0,1.0,0.0,0.0,1.0,1
"G[1,2]((FiO2 >= 0.000 | DBP >= 18.432) -> WBC <= 25.016)
",9999999.000,9999999.000,0.000,1.000,0.000,0,0,24,0,0,24,24,0,0.0,0.0,1.0,0.0,0.0,1.0,1
"G[2,2]((SepsisLabel <= 0.000 & PTT <= 0.000) & FiO2 >= 0.000)
",0.000,0.000,0.000,1.000,0.000,0,0,24,0,0,24,24,0,0.0,0.0,1.0,0.0,0.0,1.0,1
"G[1,2](Glucose <= 28.918 & WBC <= 4.475)
",9999999.000,9999999.000,0.000,1.000,0.000,0,0,23,1,1,23,23,1,0.0,0.0,1.0,0.0,0.0,1.0,1
"G[2,2](((SaO2 >= 0.000 | WBC <= 2.568) -> DBP >= 0.223) & AST >= 0.022)
",-2891582089451769.500,-2.568,0.000,1.000,0.000,0,0,24,0,0,24,24,0,0.0,0.0,1.0,0.0,0.0,1.0,1
"G[1,2]((PaCO2 <= 0.000 & Potassium >= 0.075) -> Temp >= 0.038)
",9999999.000,9999999.000,0.000,1.000,0.000,0,0,24,0,0,24,24,0,0.0,0.0,1.0,0.0,0.0,1.0,1
"G[0,2](Chloride >= 0.000 & HCO3 >= 0.000)
",9999999.000,9999999.000,0.000,1.000,0.000,0,0,24,0,0,24,24,0,0.0,0.0,1.0,0.0,0.0,1.0,1
"G[2,2](SaO2 >= 0.000 -> BaseExcess >= 0.000)
",0.000,0.000,0.000,1.000,0.000,0,0,24,0,0,24,24,0,0.0,0.0,1.0,0.0,0.0,1.0,1
"G[0,1](((FiO2 <= 0.000 | Temp <= 16.700) -> EtCO2 >= 2.552) & Alkalinephos >= 3.682)
",9999999.000,9999999.000,0.000,1.000,0.000,0,0,0,24,24,0,0,24,0.0,0.0,0.0,0.0,0.0,1.0,1
"G[1,2](BUN <= 9.332 & Creatinine >= 0.011)
",9999999.000,9999999.000,0.000,1.000,0.000,0,0,1,23,23,1,1,23,0.0,0.0,1.0,0.0,0.0,1.0,1
"G[1,2](((O2Sat >= 0.489 & TroponinI >= 0.000) -> BUN >= 0.000) & HCO3 >= 6.849844224602472e-06)
",9999999.000,9999999.000,0.000,1.000,0.000,0,0,1,23,23,1,1,23,0.0,0.0,1.0,0.0,0.0,1.0,1
"G[1,2](Platelets <= 11.646 -> WBC >= 0.107)
",9999999.000,9999999.000,0.000,1.000,0.000,0,0,2,22,22,2,2,22,0.0,0.0,1.0,0.0,0.0,1.0,1
"G[0,2](((Hct >= 1.109 & FiO2 >= 0.000) | MAP <= 0.000) | HR <= 0.000)
",9999999.000,9999999.000,0.000,1.000,0.000,0,0,13,11,11,13,13,11,0.0,0.0,1.0,0.0,0.0,1.0,1
"G[0,2](Glucose > 1.703 -> SepsisLabel = 0.000)
",9999999.000,9999999.000,0.000,1.000,0.000,0,0,24,0,0,24,24,0,0.0,0.0,1.0,0.0,0.0,1.0,1
"G[1,2]((Magnesium >= 0.047 | Potassium <= 3.556) & pH <= 1.733)
",9999999.000,9999999.000,0.000,1.000,0.000,0,0,24,0,0,24,24,0,0.0,0.0,1.0,0.0,0.0,1.0,1
"G[2,2](Resp >= 3.075 -> SepsisLabel = 0.000)
",0.000,0.000,0.000,1.000,0.000,0,0,24,0,0,24,24,0,0.0,0.0,1.0,0.0,0.0,1.0,1
"G[0,1]((Lactate >= 0.000 -> Glucose >= 1.077) & AST >= 3.906)
",9999999.000,9999999.000,0.000,1.000,0.000,0,0,0,24,24,0,0,24,0.0,0.0,0.0,0.0,0.0,1.0,1
"G[0,2](Phosphate < 0.000 -> SepsisLabel = 0.000)
",9999999.000,9999999.000,0.000,1.000,0.000,0,0,24,0,0,24,24,0,0.0,0.0,1.0,0.0,0.0,1.0,1
"G[1,2]((Calcium <= 0.701 & SaO2 >= 0.000) & Calcium <= 0.000)
",9999999.000,9999999.000,0.000,1.000,0.000,0,0,23,1,1,23,23,1,0.0,0.0,1.0,0.0,0.0,1.0,1
"G[0,1](((HCO3 <= 0.000 & O2Sat >= 6.294) | O2Sat >= 21.931) & SBP >= 11.360)
",9999999.000,9999999.000,0.000,1.000,0.000,0,0,1,23,23,1,1,23,0.0,0.0,1.0,0.0,0.0,1.0,1
"G[0,1](Platelets <= 149.728 -> WBC >= 0.219)
",9999999.000,9999999.000,0.000,1.000,0.000,0,0,0,24,24,0,0,24,0.0,0.0,0.0,0.0,0.0,1.0,1
"G[2,2](HCO3 <= 0.000 -> BaseExcess <= 0.000)
",0.000,0.000,0.000,1.000,0.000,0,0,24,0,0,24,24,0,0.0,0.0,1.0,0.0,0.0,1.0,1
"G[2,2](((HR >= 0.761 | HR >= 38.164) | Bilirubin_direct <= 125.182) -> Phosphate >= 19.145)
",-1761777832571816.500,-125.182,0.000,1.000,0.000,0,0,24,0,0,24,24,0,0.0,0.0,1.0,0.0,0.0,1.0,1
"G[0,1](SBP >= 5.730 & Magnesium >= 0.012)
",9999999.000,9999999.000,0.000,1.000,0.000,0,0,0,24,24,0,0,24,0.0,0.0,0.0,0.0,0.0,1.0,1
"G[0,2](SepsisLabel <= 0.000 -> SepsisLabel = 0.000)
",9999999.000,9999999.000,0.000,1.000,0.000,0,0,24,0,0,24,24,0,0.0,0.0,1.0,0.0,0.0,1.0,1
"G[1,2](O2Sat >= 2.987 & SepsisLabel = 0.000)
",9999999.000,9999999.000,0.000,1.000,0.000,0,0,12,12,12,12,12,12,0.0,0.0,1.0,0.0,0.0,1.0,1
"G[0,2](SBP >= 11.732 -> PaCO2 <= 0.000)
",9999999.000,9999999.000,0.000,1.000,0.000,0,0,24,0,0,24,24,0,0.0,0.0,1.0,0.0,0.0,1.0,1
"F[1,2](Lactate >= 0.000 & Fibrinogen <= 0.000)
",-9999999.000,-9999999.000,0.000,0.000,1.000,0,0,0,24,24,0,0,24,0.0,0.0,0.0,0.0,0.0,1.0,-1
