Rule,Discrimination Score,Pos Robustness,Neg Robustness,Percent Class +,Percent Class -,TP,TN,FP,FN,Actual Yes,Actual No,Predicted Yes,Predicted No,TPR/Sens,TNR/Spec,FPR,Precision,Accuracy,MCR
"G[0,1]((PaCO2 >= 0.000 & Chloride <= 0.000) & TroponinI >= 0.000)
",9999999.000,9999999.000,0.000,1.000,0.000,26,0,0,0,26,0,26,0,1.0,0.0,0.0,1.0,1.0,0.0
"G[0,1](Glucose >= 3.268 -> HR >= 75.455)
",9999999.000,9999999.000,0.000,1.000,0.000,26,0,0,0,26,0,26,0,1.0,0.0,0.0,1.0,1.0,0.0
"G[1,1]((Potassium >= 0.132 & Bilirubin_total <= 0.000) | Resp >= 0.000)
",0.000,0.000,0.000,1.000,0.000,26,0,0,0,26,0,26,0,1.0,0.0,0.0,1.0,1.0,0.0
"G[1,1](Hgb >= 0.019 -> SepsisLabel = 0.000)
",0.000,0.000,0.000,1.000,0.000,26,0,0,0,26,0,26,0,1.0,0.0,0.0,1.0,1.0,0.0
"G[1,1](HR > 10.643 -> SepsisLabel = 0.000)
",0.000,0.000,0.000,1.000,0.000,26,0,0,0,26,0,26,0,1.0,0.0,0.0,1.0,1.0,0.0
"G[0,1](Glucose >= 0.394 -> SepsisLabel = 0.000)
",9999999.000,9999999.000,0.000,1.000,0.000,26,0,0,0,26,0,26,0,1.0,0.0,0.0,1.0,1.0,0.0
"G[0,1](O2Sat < 96.841 -> SepsisLabel = 0.000)
",9999999.000,9999999.000,0.000,1.000,0.000,26,0,0,0,26,0,26,0,1.0,0.0,0.0,1.0,1.0,0.0
"G[0,1](FiO2 >= 0.000 | FiO2 >= 0.000)
",9999999.000,9999999.000,0.000,1.000,0.000,26,0,0,0,26,0,26,0,1.0,0.0,0.0,1.0,1.0,0.0
"G[0,1](((Resp <= 17.163 | EtCO2 <= 0.000) & SBP >= 0.000) & SepsisLabel >= 0.000)
",9999999.000,9999999.000,0.000,1.000,0.000,26,0,0,0,26,0,26,0,1.0,0.0,0.0,1.0,1.0,0.0
"G[0,0](((Potassium <= 2.848 -> TroponinI >= 0.781) | SepsisLabel >= 1.227) -> Resp >= 0.907)
",-2.504,-57.670,0.000,1.000,0.000,26,0,0,0,26,0,26,0,1.0,0.0,0.0,1.0,1.0,0.0
"G[0,1]((HR >= 46.905 | Magnesium >= 0.027) | Calcium <= 1.537)
",9999999.000,9999999.000,0.000,1.000,0.000,26,0,0,0,26,0,26,0,1.0,0.0,0.0,1.0,1.0,0.0
"G[0,1](pH < 0.000 -> SepsisLabel = 0.000)
",9999999.000,9999999.000,0.000,1.000,0.000,26,0,0,0,26,0,26,0,1.0,0.0,0.0,1.0,1.0,0.0
"G[0,1](Bilirubin_direct >= 0.000 & SepsisLabel = 0.000)
",9999999.000,9999999.000,0.000,1.000,0.000,26,0,0,0,26,0,26,0,1.0,0.0,0.0,1.0,1.0,0.0
"G[0,0](((AST <= 0.000 -> Alkalinephos >= 0.000) | BaseExcess <= 0.000) | Resp <= 0.000)
",0.000,0.000,0.000,1.000,0.000,26,0,0,0,26,0,26,0,1.0,0.0,0.0,1.0,1.0,0.0
"G[0,1](AST >= 0.000 -> SepsisLabel = 0.000)
",9999999.000,9999999.000,0.000,1.000,0.000,26,0,0,0,26,0,26,0,1.0,0.0,0.0,1.0,1.0,0.0
"G[1,1](((Platelets >= 4.505 & Creatinine <= 0.744) & HCO3 >= 0.036) | Hct <= 0.427)
",0.427,0.427,0.000,1.000,0.000,26,0,0,0,26,0,26,0,1.0,0.0,0.0,1.0,1.0,0.0
"G[0,1]((Magnesium >= 0.009 -> O2Sat >= 67.873) & Creatinine <= 96.596)
",9999999.000,9999999.000,0.000,1.000,0.000,26,0,0,0,26,0,26,0,1.0,0.0,0.0,1.0,1.0,0.0
"G[1,1](Chloride >= 0.000 & SepsisLabel = 0.000)
",0.000,0.000,0.000,1.000,0.000,26,0,0,0,26,0,26,0,1.0,0.0,0.0,1.0,1.0,0.0
"G[1,1](((Magnesium >= 0.020 -> PTT <= 5.449) & PaCO2 >= 0.084) -> Platelets >= 0.255)
",0.255,0.255,0.000,1.000,0.000,26,0,0,0,26,0,26,0,1.0,0.0,0.0,1.0,1.0,0.0
"G[0,0]((Hgb <= 11.316 | Potassium >= 0.125) & EtCO2 <= 0.859)
",-3.063,-15.218,0.000,1.000,0.000,26,0,0,0,26,0,26,0,1.0,0.0,0.0,1.0,1.0,0.0
"G[0,1]((Potassium <= 1.551 -> Fibrinogen >= 0.000) -> Bilirubin_direct <= 0.000)
",9999999.000,9999999.000,0.000,1.000,0.000,26,0,0,0,26,0,26,0,1.0,0.0,0.0,1.0,1.0,0.0
"G[0,0]((SaO2 <= 0.000 & Alkalinephos >= 0.000) | pH <= 0.000)
",0.000,0.000,0.000,1.000,0.000,26,0,0,0,26,0,26,0,1.0,0.0,0.0,1.0,1.0,0.0
"G[0,1]((Potassium <= 4.337 & PTT >= 0.390) -> DBP <= 14.950)
",9999999.000,9999999.000,0.000,1.000,0.000,26,0,0,0,26,0,26,0,1.0,0.0,0.0,1.0,1.0,0.0
"G[0,0](((Magnesium <= 0.201 -> Platelets >= 8.016) & AST <= 205.068) -> Hgb >= 6.920)
",0.201,0.201,0.000,1.000,0.000,26,0,0,0,26,0,26,0,1.0,0.0,0.0,1.0,1.0,0.0
"G[0,0]((EtCO2 >= 0.000 | HR >= 20.386) | Potassium >= 29.701)
",39237.614,39237.614,0.000,1.000,0.000,26,0,0,0,26,0,26,0,1.0,0.0,0.0,1.0,1.0,0.0
"G[0,1](((Phosphate >= 0.000 & AST >= 0.000) -> Hgb >= 0.000) | Phosphate <= 0.000)
",9999999.000,9999999.000,0.000,1.000,0.000,26,0,0,0,26,0,26,0,1.0,0.0,0.0,1.0,1.0,0.0
"G[1,1](((PTT <= 22.375 -> Chloride >= 0.000) & Lactate <= 0.000) -> AST <= 0.000)
",0.000,0.000,0.000,1.000,0.000,26,0,0,0,26,0,26,0,1.0,0.0,0.0,1.0,1.0,0.0
"G[0,1](Glucose <= 28.303 | WBC >= 0.203)
",9999999.000,9999999.000,0.000,1.000,0.000,26,0,0,0,26,0,26,0,1.0,0.0,0.0,1.0,1.0,0.0
"G[1,1](DBP <= 72.957 -> BaseExcess <= 0.000)
",-72.957,-72.957,0.000,1.000,0.000,26,0,0,0,26,0,26,0,1.0,0.0,0.0,1.0,1.0,0.0
"G[0,1](((Bilirubin_total >= 0.000 -> SaO2 >= 0.000) | SBP <= 0.000) -> Hct >= 0.000)
",9999999.000,9999999.000,0.000,1.000,0.000,26,0,0,0,26,0,26,0,1.0,0.0,0.0,1.0,1.0,0.0
"G[1,1]((Glucose <= 87.752 | BaseExcess >= 0.000) -> Temp >= 0.000)
",-6175031940630507.000,-87.752,0.000,1.000,0.000,26,0,0,0,26,0,26,0,1.0,0.0,0.0,1.0,1.0,0.0
"G[0,0](Creatinine <= 0.606 -> Platelets <= 30.772)
",-8661508435314230.000,-30.772,0.000,1.000,0.000,26,0,0,0,26,0,26,0,1.0,0.0,0.0,1.0,1.0,0.0
"G[1,1](((BUN >= 0.524 | WBC >= 0.076) | Chloride >= 0.015) -> pH >= 0.291)
",8909886135958334.000,0.015,0.000,1.000,0.000,26,0,0,0,26,0,26,0,1.0,0.0,0.0,1.0,1.0,0.0
"G[1,1](((Lactate >= 0.000 | Creatinine <= 0.304) & EtCO2 >= 0.028) -> Hct <= 0.053)
",-7595852456841003.000,-0.053,0.000,1.000,0.000,26,0,0,0,26,0,26,0,1.0,0.0,0.0,1.0,1.0,0.0
"G[1,1](((HR >= 45.307 | TroponinI <= 17.953) | MAP >= 0.043) | SBP >= 0.884)
",17.953,17.953,0.000,1.000,0.000,26,0,0,0,26,0,26,0,1.0,0.0,0.0,1.0,1.0,0.0
"G[1,1](((Creatinine >= 0.012 -> WBC >= 0.223) & pH >= 0.354) -> SepsisLabel >= 0.564)
",0.354,0.354,0.000,1.000,0.000,26,0,0,0,26,0,26,0,1.0,0.0,0.0,1.0,1.0,0.0
"G[0,1](((Resp <= 18.292 | Lactate <= 0.000) | Creatinine <= 0.000) & Creatinine >= 0.000)
",9999999.000,9999999.000,0.000,1.000,0.000,26,0,0,0,26,0,26,0,1.0,0.0,0.0,1.0,1.0,0.0
"G[0,0](((pH <= 0.000 & Lactate <= 0.000) -> EtCO2 <= 0.000) | HCO3 >= 0.000)
",0.000,0.000,0.000,1.000,0.000,26,0,0,0,26,0,26,0,1.0,0.0,0.0,1.0,1.0,0.0
"G[0,1](Fibrinogen <= 0.000 & SepsisLabel = 0.000)
",9999999.000,9999999.000,0.000,1.000,0.000,26,0,0,0,26,0,26,0,1.0,0.0,0.0,1.0,1.0,0.0
"G[0,1](((FiO2 >= 0.000 | Bilirubin_total >= 0.000) | pH >= 0.000) | PTT <= 0.000)
",9999999.000,9999999.000,0.000,1.000,0.000,26,0,0,0,26,0,26,0,1.0,0.0,0.0,1.0,1.0,0.0
"G[0,1](((Phosphate >= 0.000 -> Alkalinephos >= 0.000) & SaO2 <= 0.000) | FiO2 <= 0.000)
",9999999.000,9999999.000,0.000,1.000,0.000,26,0,0,0,26,0,26,0,1.0,0.0,0.0,1.0,1.0,0.0
"G[0,1](((Glucose <= 41.392 | Alkalinephos >= 0.000) | Platelets >= 0.000) | BUN >= 0.000)
",9999999.000,9999999.000,0.000,1.000,0.000,26,0,0,0,26,0,26,0,1.0,0.0,0.0,1.0,1.0,0.0
"G[0,0](Chloride >= 0.000 & HCO3 >= 0.000)
",0.000,0.000,0.000,1.000,0.000,26,0,0,0,26,0,26,0,1.0,0.0,0.0,1.0,1.0,0.0
"G[0,1]((Hgb <= 2.638 -> Resp >= 0.197) -> O2Sat >= 8.693)
",9999999.000,9999999.000,0.000,1.000,0.000,26,0,0,0,26,0,26,0,1.0,0.0,0.0,1.0,1.0,0.0
"G[0,0](((WBC <= 13.069 -> Bilirubin_direct >= 0.000) | Alkalinephos <= 0.000) | BaseExcess <= 0.000)
",0.000,0.000,0.000,1.000,0.000,26,0,0,0,26,0,26,0,1.0,0.0,0.0,1.0,1.0,0.0
"G[0,1](Chloride >= 0.000 & HCO3 >= 0.000)
",9999999.000,9999999.000,0.000,1.000,0.000,26,0,0,0,26,0,26,0,1.0,0.0,0.0,1.0,1.0,0.0
"G[1,1]((HR <= 86.313 | Alkalinephos <= 0.000) | Potassium >= 0.000)
",6073772169977796.000,86.313,0.000,1.000,0.000,26,0,0,0,26,0,26,0,1.0,0.0,0.0,1.0,1.0,0.0
"G[0,1](((Phosphate <= 0.000 -> SepsisLabel >= 0.000) -> FiO2 <= 0.000) -> DBP >= 0.000)
",9999999.000,9999999.000,0.000,1.000,0.000,26,0,0,0,26,0,26,0,1.0,0.0,0.0,1.0,1.0,0.0
"G[0,1]((pH >= 0.000 & EtCO2 >= 0.000) | Phosphate >= 0.000)
",9999999.000,9999999.000,0.000,1.000,0.000,26,0,0,0,26,0,26,0,1.0,0.0,0.0,1.0,1.0,0.0
"G[1,1]((Magnesium >= 0.001 -> Fibrinogen >= 0.000) & Hgb <= 0.000)
",0.000,0.000,0.000,1.000,0.000,26,0,0,0,26,0,26,0,1.0,0.0,0.0,1.0,1.0,0.0
"G[0,1](((TroponinI >= 0.037 -> PTT <= 20.323) -> Bilirubin_direct <= 17.763) | BaseExcess <= 5.514)
",9999999.000,9999999.000,0.000,1.000,0.000,26,0,0,0,26,0,26,0,1.0,0.0,0.0,1.0,1.0,0.0
"G[0,1]((pH >= 0.000 & Phosphate >= 0.000) | DBP >= 0.000)
",9999999.000,9999999.000,0.000,1.000,0.000,26,0,0,0,26,0,26,0,1.0,0.0,0.0,1.0,1.0,0.0
"G[0,1](((SepsisLabel >= 0.000 & SBP >= 44.871) -> Bilirubin_direct <= 122.452) | BUN >= 29.343)
",9999999.000,9999999.000,0.000,1.000,0.000,26,0,0,0,26,0,26,0,1.0,0.0,0.0,1.0,1.0,0.0
"G[0,0](((AST <= 0.000 & SaO2 <= 0.000) | SaO2 >= 0.000) | Resp <= 0.000)
",0.000,0.000,0.000,1.000,0.000,26,0,0,0,26,0,26,0,1.0,0.0,0.0,1.0,1.0,0.0
"G[0,1](Chloride >= 0.000 & HCO3 >= 0.000)
",9999999.000,9999999.000,0.000,1.000,0.000,26,0,0,0,26,0,26,0,1.0,0.0,0.0,1.0,1.0,0.0
"G[0,0](Chloride >= 0.000 & HCO3 >= 0.000)
",0.000,0.000,0.000,1.000,0.000,26,0,0,0,26,0,26,0,1.0,0.0,0.0,1.0,1.0,0.0
"G[1,1]((HR <= 87.299 | Chloride >= 0.000) -> Bilirubin_total >= 0.000)
",-6143149022791887.000,-87.299,0.000,1.000,0.000,26,0,0,0,26,0,26,0,1.0,0.0,0.0,1.0,1.0,0.0
"G[0,0](Phosphate >= 0.000 | Fibrinogen >= 0.000)
",0.000,0.000,0.000,1.000,0.000,26,0,0,0,26,0,26,0,1.0,0.0,0.0,1.0,1.0,0.0
"G[0,0](BUN >= 0.573 -> Phosphate >= 0.000)
",0.000,0.000,0.000,1.000,0.000,26,0,0,0,26,0,26,0,1.0,0.0,0.0,1.0,1.0,0.0
"G[0,1](((EtCO2 >= 0.000 & DBP <= 91.304) | Lactate >= 48.016) | TroponinI <= 91.025)
",9999999.000,9999999.000,0.000,1.000,0.000,26,0,0,0,26,0,26,0,1.0,0.0,0.0,1.0,1.0,0.0
"G[1,1](Platelets >= 6.197 -> Temp >= 1.677)
",7551108522024382.000,1.677,0.000,1.000,0.000,26,0,0,0,26,0,26,0,1.0,0.0,0.0,1.0,1.0,0.0
"G[0,1](((Creatinine <= 0.693 | SaO2 <= 0.000) & Magnesium >= 0.000) & Phosphate >= 0.000)
",9999999.000,9999999.000,0.000,1.000,0.000,26,0,0,0,26,0,26,0,1.0,0.0,0.0,1.0,1.0,0.0
"G[1,1]((AST >= 0.000 & Platelets <= 126.942) & Chloride <= 134.760)
",0.000,0.000,0.000,1.000,0.000,26,0,0,0,26,0,26,0,1.0,0.0,0.0,1.0,1.0,0.0
"G[0,0](Chloride >= 0.000 & HCO3 >= 0.000)
",0.000,0.000,0.000,1.000,0.000,26,0,0,0,26,0,26,0,1.0,0.0,0.0,1.0,1.0,0.0
"G[0,0](((Magnesium <= 0.593 & MAP <= 85.566) & Alkalinephos <= 91.840) -> Magnesium <= 78.015)
",-78.015,-78.015,0.000,1.000,0.000,26,0,0,0,26,0,26,0,1.0,0.0,0.0,1.0,1.0,0.0
"G[0,1](Magnesium >= 0.025 -> Chloride >= 0.000)
",9999999.000,9999999.000,0.000,1.000,0.000,26,0,0,0,26,0,26,0,1.0,0.0,0.0,1.0,1.0,0.0
"G[0,1]((MAP >= 46.197 | HCO3 <= 0.000) & HCO3 <= 0.000)
",9999999.000,9999999.000,0.000,1.000,0.000,26,0,0,0,26,0,26,0,1.0,0.0,0.0,1.0,1.0,0.0
"G[0,0](((SepsisLabel >= 0.000 & pH <= 0.000) & Magnesium <= 0.000) -> BUN <= 0.000)
",0.000,0.000,0.000,1.000,0.000,25,0,0,1,26,0,25,1,0.9615384615384616,0.0,0.0,1.0,0.9615384615384616,0.038461538461538436
"G[0,0]((Fibrinogen >= 0.000 & Magnesium >= 0.008) -> Bilirubin_direct >= 0.023)
",4516358019065220.000,0.008,0.000,1.000,0.000,25,0,0,1,26,0,25,1,0.9615384615384616,0.0,0.0,1.0,0.9615384615384616,0.038461538461538436
"G[1,1]((Platelets <= 95.680 & DBP <= 91.891) & Potassium <= 91.232)
",91.232,91.232,0.000,1.000,0.000,25,0,0,1,26,0,25,1,0.9615384615384616,0.0,0.0,1.0,0.9615384615384616,0.038461538461538436
"G[0,1](((HCO3 <= 0.000 & Hct >= 1.126) -> Temp <= 26.841) | PaCO2 >= 1.190)
",9999999.000,9999999.000,0.000,1.000,0.000,25,0,0,1,26,0,25,1,0.9615384615384616,0.0,0.0,1.0,0.9615384615384616,0.038461538461538436
"G[0,1](MAP <= 83.310 -> Platelets <= 187.868)
",9999999.000,9999999.000,0.000,1.000,0.000,25,0,0,1,26,0,25,1,0.9615384615384616,0.0,0.0,1.0,0.9615384615384616,0.038461538461538436
"G[0,1]((SaO2 <= 0.000 & Creatinine <= 0.081) | PTT <= 0.821)
",9999999.000,9999999.000,0.000,1.000,0.000,25,0,0,1,26,0,25,1,0.9615384615384616,0.0,0.0,1.0,0.9615384615384616,0.038461538461538436
"G[0,1](((BUN >= 0.544 | Magnesium >= 0.009) | Hct >= 0.014) -> SBP <= 1.234)
",9999999.000,9999999.000,0.000,1.000,0.000,24,0,0,2,26,0,24,2,0.9230769230769231,0.0,0.0,1.0,0.9230769230769231,0.07692307692307687
"G[0,0](Bilirubin_direct <= 0.000 -> Calcium <= 2.293)
",-2.293,-2.293,0.000,1.000,0.000,24,0,0,2,26,0,24,2,0.9230769230769231,0.0,0.0,1.0,0.9230769230769231,0.07692307692307687
"G[0,1](Glucose <= 115.249 & Platelets <= 123.041)
",9999999.000,9999999.000,0.000,1.000,0.000,24,0,0,2,26,0,24,2,0.9230769230769231,0.0,0.0,1.0,0.9230769230769231,0.07692307692307687
"G[0,1](((HR >= 45.945 | Platelets >= 0.539) | DBP >= 0.773) & SaO2 <= 179.564)
",9999999.000,9999999.000,0.000,1.000,0.000,24,0,0,2,26,0,24,2,0.9230769230769231,0.0,0.0,1.0,0.9230769230769231,0.07692307692307687
"G[0,1](((Bilirubin_direct <= 0.000 | Bilirubin_total >= 0.000) -> Creatinine >= 0.000) & Hct <= 0.000)
",9999999.000,9999999.000,0.000,1.000,0.000,24,0,0,2,26,0,24,2,0.9230769230769231,0.0,0.0,1.0,0.9230769230769231,0.07692307692307687
"G[0,0](((SaO2 <= 0.000 & Alkalinephos >= 0.000) | SBP >= 0.000) -> Hct <= 0.000)
",-0.289,-2.835,0.000,1.000,0.000,24,0,0,2,26,0,24,2,0.9230769230769231,0.0,0.0,1.0,0.9230769230769231,0.07692307692307687
"G[0,0](BUN < 5.273 & SepsisLabel = 0.000)
",0.000,0.000,0.000,1.000,0.000,24,0,0,2,26,0,24,2,0.9230769230769231,0.0,0.0,1.0,0.9230769230769231,0.07692307692307687
"G[0,1](((Temp <= 14.250 -> Creatinine <= 0.938) & Potassium <= 0.474) & Hgb <= 0.843)
",9999999.000,9999999.000,0.000,1.000,0.000,24,0,0,2,26,0,24,2,0.9230769230769231,0.0,0.0,1.0,0.9230769230769231,0.07692307692307687
"G[1,1](((MAP <= 91.330 -> O2Sat >= 30.835) -> AST <= 99.713) & MAP >= 47.168)
",-7016674255535756.000,-99.713,0.000,1.000,0.000,24,0,0,2,26,0,24,2,0.9230769230769231,0.0,0.0,1.0,0.9230769230769231,0.07692307692307687
"G[0,1]((DBP <= 81.206 | TroponinI >= 0.559) -> O2Sat >= 0.745)
",9999999.000,9999999.000,0.000,1.000,0.000,24,0,0,2,26,0,24,2,0.9230769230769231,0.0,0.0,1.0,0.9230769230769231,0.07692307692307687
"G[0,1](((Creatinine <= 0.566 -> DBP >= 42.579) & WBC <= 88.318) | SBP >= 54.672)
",9999999.000,9999999.000,0.000,1.000,0.000,23,0,0,3,26,0,23,3,0.8846153846153846,0.0,0.0,1.0,0.8846153846153846,0.11538461538461542
"G[0,1](SBP > 33.929 & SepsisLabel = 0.000)
",9999999.000,9999999.000,0.000,1.000,0.000,23,0,0,3,26,0,23,3,0.8846153846153846,0.0,0.0,1.0,0.8846153846153846,0.11538461538461542
"G[0,1](((Temp <= 22.751 & HR >= 42.066) | O2Sat <= 86.425) & BaseExcess <= 90.359)
",9999999.000,9999999.000,0.000,1.000,0.000,20,0,0,6,26,0,20,6,0.7692307692307693,0.0,0.0,1.0,0.7692307692307693,0.23076923076923073
"G[0,0](MAP >= 27.312 & Temp <= 28.135)
",-5.841,-66.015,0.000,1.000,0.000,19,0,0,7,26,0,19,7,0.7307692307692307,0.0,0.0,1.0,0.7307692307692307,0.2692307692307693
"G[0,0](Glucose <= 121.857 & MAP >= 68.436)
",0.743,26.410,0.000,1.000,0.000,19,0,0,7,26,0,19,7,0.7307692307692307,0.0,0.0,1.0,0.7307692307692307,0.2692307692307693
"G[0,1]((SBP <= 103.853 | TroponinI >= 0.316) -> SaO2 >= 0.809)
",9999999.000,9999999.000,0.000,1.000,0.000,11,0,0,15,26,0,11,15,0.4230769230769231,0.0,0.0,1.0,0.4230769230769231,0.5769230769230769
"G[0,1]((DBP >= 57.507 & SBP <= 106.062) & SBP <= 115.530)
",9999999.000,9999999.000,0.000,1.000,0.000,4,0,0,22,26,0,4,22,0.15384615384615385,0.0,0.0,1.0,0.15384615384615385,0.8461538461538461
"G[0,1](SepsisLabel <= 0.000 -> O2Sat <= 96.484)
",9999999.000,9999999.000,0.000,1.000,0.000,4,0,0,22,26,0,4,22,0.15384615384615385,0.0,0.0,1.0,0.15384615384615385,0.8461538461538461
"G[0,0](((PTT <= 28.265 | WBC <= 1.806) -> PTT >= 0.360) | TroponinI >= 0.193)
",-0.193,-0.193,0.000,1.000,0.000,3,0,0,23,26,0,3,23,0.11538461538461539,0.0,0.0,1.0,0.11538461538461539,0.8846153846153846
"G[0,1](FiO2 >= 0.000 & O2Sat <= 95.024)
",9999999.000,9999999.000,0.000,1.000,0.000,2,0,0,24,26,0,2,24,0.07692307692307693,0.0,0.0,1.0,0.07692307692307693,0.9230769230769231
"G[1,1]((Bilirubin_total >= 0.000 -> Hct >= 0.364) | SBP <= 14.755)
",14.755,14.755,0.000,1.000,0.000,2,0,0,24,26,0,2,24,0.07692307692307693,0.0,0.0,1.0,0.07692307692307693,0.9230769230769231
"G[0,0]((pH <= 0.000 -> Hgb >= 0.040) & Temp <= 12.184)
",-3.454,-78.638,0.000,1.000,0.000,1,0,0,25,26,0,1,25,0.038461538461538464,0.0,0.0,1.0,0.038461538461538464,0.9615384615384616
"G[0,1](((HR <= 92.220 & Temp <= 34.036) | MAP <= 13.654) -> HR <= 25.497)
",9999999.000,9999999.000,0.000,1.000,0.000,1,0,0,25,26,0,1,25,0.038461538461538464,0.0,0.0,1.0,0.038461538461538464,0.9615384615384616
"G[0,0]((Platelets <= 25.762 | BUN <= 9.928) & HR <= 6.651)
",-39251.349,-39251.349,0.000,1.000,0.000,1,0,0,25,26,0,1,25,0.038461538461538464,0.0,0.0,1.0,0.038461538461538464,0.9615384615384616
"G[1,1](Glucose >= 2.703 | TroponinI >= 0.895)
",-8059140962807169.000,-0.895,0.000,1.000,0.000,1,0,0,25,26,0,1,25,0.038461538461538464,0.0,0.0,1.0,0.038461538461538464,0.9615384615384616
"G[0,0]((PTT >= 0.354 & TroponinI >= 0.119) & Calcium >= 0.644)
",-5804704866322993.000,-0.644,0.000,1.000,0.000,1,0,0,25,26,0,1,25,0.038461538461538464,0.0,0.0,1.0,0.038461538461538464,0.9615384615384616
"G[1,2](DBP <= 83.836 | Platelets >= 4.456)
",9999999.000,9999999.000,0.000,1.000,0.000,0,0,23,3,3,23,23,3,0.0,0.0,1.0,0.0,0.0,1.0
"G[1,2](((Bilirubin_total >= 0.000 -> HR <= 94.970) & Calcium <= 88.330) -> DBP >= 11.958)
",9999999.000,9999999.000,0.000,1.000,0.000,0,0,24,2,2,24,24,2,0.0,0.0,1.0,0.0,0.0,1.0
"G[1,2]((WBC >= 0.083 & SaO2 <= 0.000) & Magnesium <= 0.000)
",9999999.000,9999999.000,0.000,1.000,0.000,0,0,0,26,26,0,0,26,0.0,0.0,0.0,0.0,0.0,1.0
"G[0,1](Platelets <= 169.800 -> WBC >= 0.562)
",9999999.000,9999999.000,0.000,1.000,0.000,0,0,0,26,26,0,0,26,0.0,0.0,0.0,0.0,0.0,1.0
"G[1,2](Chloride >= 0.000 & HCO3 >= 0.000)
",9999999.000,9999999.000,0.000,1.000,0.000,0,0,26,0,0,26,26,0,0.0,0.0,1.0,0.0,0.0,1.0
"G[2,2](((Platelets <= 10.400 -> Resp >= 15.665) -> HR >= 12.496) | BUN >= 1.041)
",5854891838899023.000,10.400,0.000,1.000,0.000,0,0,26,0,0,26,26,0,0.0,0.0,1.0,0.0,0.0,1.0
"G[1,2](BUN <= 14.934 & Creatinine >= 0.038)
",9999999.000,9999999.000,0.000,1.000,0.000,0,0,0,26,26,0,0,26,0.0,0.0,0.0,0.0,0.0,1.0
"G[1,1](((Hgb <= 7.415 | Hct <= 7.085) -> WBC >= 0.071) & Platelets >= 3.574)
",-7.415,-7.415,0.000,1.000,0.000,0,0,0,26,26,0,0,26,0.0,0.0,0.0,0.0,0.0,1.0
"G[0,2](((Temp >= 0.444 -> Phosphate >= 0.000) | EtCO2 <= 0.000) & O2Sat <= 0.000)
",9999999.000,9999999.000,0.000,1.000,0.000,0,0,0,26,26,0,0,26,0.0,0.0,0.0,0.0,0.0,1.0
"G[2,2](((Resp >= 7.712 -> HR >= 32.721) & Platelets >= 32.952) & O2Sat <= 89.769)
",-32.952,-32.952,0.000,1.000,0.000,0,0,26,0,0,26,26,0,0.0,0.0,1.0,0.0,0.0,1.0
"G[1,2]((Magnesium <= 0.869 -> HR >= 14.059) -> HR <= 85.080)
",9999999.000,9999999.000,0.000,1.000,0.000,0,0,22,4,4,22,22,4,0.0,0.0,1.0,0.0,0.0,1.0
"G[0,2](SBP >= 75.588 & DBP <= 79.076)
",9999999.000,9999999.000,0.000,1.000,0.000,0,0,19,7,7,19,19,7,0.0,0.0,1.0,0.0,0.0,1.0
"G[2,2]((Hct >= 1.080 | Temp >= 0.245) | MAP <= 17.629)
",17.629,17.629,0.000,1.000,0.000,0,0,26,0,0,26,26,0,0.0,0.0,1.0,0.0,0.0,1.0
"G[1,2](((Temp <= 16.802 -> Calcium <= 7.765) & O2Sat <= 8.819) | Alkalinephos <= 7.551)
",9999999.000,9999999.000,0.000,1.000,0.000,0,0,26,0,0,26,26,0,0.0,0.0,1.0,0.0,0.0,1.0
"G[0,2](Platelets <= 166.042 -> WBC >= 0.135)
",9999999.000,9999999.000,0.000,1.000,0.000,0,0,0,26,26,0,0,26,0.0,0.0,0.0,0.0,0.0,1.0
"G[0,1](((Potassium >= 0.062 -> Temp >= 1.358) -> DBP <= 12.277) & Resp >= 4.186)
",9999999.000,9999999.000,0.000,1.000,0.000,0,0,0,26,26,0,0,26,0.0,0.0,0.0,0.0,0.0,1.0
"G[1,2](((FiO2 <= 0.000 & DBP >= 52.564) & pH <= 67.134) -> Hct >= 21.882)
",9999999.000,9999999.000,0.000,1.000,0.000,0,0,3,23,23,3,3,23,0.0,0.0,1.0,0.0,0.0,1.0
"G[0,1](BUN <= 14.668 & Creatinine >= 0.020)
",9999999.000,9999999.000,0.000,1.000,0.000,0,0,0,26,26,0,0,26,0.0,0.0,0.0,0.0,0.0,1.0
"G[2,2](((DBP <= 76.751 -> TroponinI <= 8.200) | Creatinine >= 0.893) & MAP >= 0.371)
",-4020611686364133.000,-0.893,0.000,1.000,0.000,0,0,26,0,0,26,26,0,0.0,0.0,1.0,0.0,0.0,1.0
"G[1,2](((WBC <= 2.444 & EtCO2 >= 0.000) -> PaCO2 >= 0.000) -> AST >= 0.000)
",9999999.000,9999999.000,0.000,1.000,0.000,0,0,26,0,0,26,26,0,0.0,0.0,1.0,0.0,0.0,1.0
"G[0,2](((Hgb <= 2.033 | Hct <= 26.751) -> WBC >= 0.364) & Platelets >= 1.595)
",9999999.000,9999999.000,0.000,1.000,0.000,0,0,0,26,26,0,0,26,0.0,0.0,0.0,0.0,0.0,1.0
"G[0,2](Platelets <= 71.760 -> WBC >= 0.014)
",9999999.000,9999999.000,0.000,1.000,0.000,0,0,0,26,26,0,0,26,0.0,0.0,0.0,0.0,0.0,1.0
"G[0,2](Magnesium <= 0.283 | Resp >= 3.014)
",9999999.000,9999999.000,0.000,1.000,0.000,0,0,26,0,0,26,26,0,0.0,0.0,1.0,0.0,0.0,1.0
"G[1,2](((Hgb <= 0.866 | Hct <= 30.838) -> WBC >= 0.481) & Platelets >= 5.220)
",9999999.000,9999999.000,0.000,1.000,0.000,0,0,0,26,26,0,0,26,0.0,0.0,0.0,0.0,0.0,1.0
"G[0,2](((Hgb <= 6.880 | PTT <= 1.430) | Lactate <= 24.766) & PaCO2 >= 0.390)
",9999999.000,9999999.000,0.000,1.000,0.000,0,0,0,26,26,0,0,26,0.0,0.0,0.0,0.0,0.0,1.0
"G[1,2]((Fibrinogen <= 0.000 & HR >= 46.854) & Resp >= 74.058)
",9999999.000,9999999.000,0.000,1.000,0.000,0,0,0,26,26,0,0,26,0.0,0.0,0.0,0.0,0.0,1.0
"G[0,2](((EtCO2 <= 0.000 -> Chloride <= 0.000) -> EtCO2 >= 0.000) & HR >= 0.000)
",9999999.000,9999999.000,0.000,1.000,0.000,0,0,26,0,0,26,26,0,0.0,0.0,1.0,0.0,0.0,1.0
"G[1,1](BUN <= 9.373 & Creatinine >= 0.028)
",-7956590123785771.000,-0.028,0.000,1.000,0.000,0,0,0,26,26,0,0,26,0.0,0.0,0.0,0.0,0.0,1.0
"G[0,1](((Calcium >= 0.003 | Potassium >= 0.103) -> FiO2 >= 0.083) -> FiO2 >= 0.051)
",9999999.000,9999999.000,0.000,1.000,0.000,0,0,0,26,26,0,0,26,0.0,0.0,0.0,0.0,0.0,1.0
"G[1,2](((Hgb <= 7.397 | Hct <= 13.631) -> WBC >= 0.197) & Platelets >= 1.712)
",9999999.000,9999999.000,0.000,1.000,0.000,0,0,0,26,26,0,0,26,0.0,0.0,0.0,0.0,0.0,1.0
"G[0,2](((Platelets >= 0.628 & SBP >= 84.202) & HCO3 >= 56.936) & O2Sat <= 124.762)
",9999999.000,9999999.000,0.000,1.000,0.000,0,0,0,26,26,0,0,26,0.0,0.0,0.0,0.0,0.0,1.0
"G[0,2](Platelets <= 142.173 -> WBC >= 0.312)
",9999999.000,9999999.000,0.000,1.000,0.000,0,0,0,26,26,0,0,26,0.0,0.0,0.0,0.0,0.0,1.0
"G[0,2](((TroponinI <= 19.702 -> Creatinine <= 0.392) | Temp <= 0.625) & Fibrinogen >= 0.020)
",9999999.000,9999999.000,0.000,1.000,0.000,0,0,0,26,26,0,0,26,0.0,0.0,0.0,0.0,0.0,1.0
"G[0,2](((SaO2 <= 0.000 | Phosphate >= 0.000) | HCO3 <= 0.000) -> SBP <= 0.000)
",9999999.000,9999999.000,0.000,1.000,0.000,0,0,0,26,26,0,0,26,0.0,0.0,0.0,0.0,0.0,1.0
"G[1,2](Chloride >= 0.000 & HCO3 >= 0.000)
",9999999.000,9999999.000,0.000,1.000,0.000,0,0,26,0,0,26,26,0,0.0,0.0,1.0,0.0,0.0,1.0
"G[0,2](Magnesium >= 0.022 | Magnesium >= 0.000)
",9999999.000,9999999.000,0.000,1.000,0.000,0,0,26,0,0,26,26,0,0.0,0.0,1.0,0.0,0.0,1.0
"G[1,2]((Creatinine <= 0.887 -> SepsisLabel >= 0.000) -> AST <= 0.000)
",9999999.000,9999999.000,0.000,1.000,0.000,0,0,26,0,0,26,26,0,0.0,0.0,1.0,0.0,0.0,1.0
"G[1,2]((Temp >= 3.550 | SaO2 <= 0.000) -> Alkalinephos <= 0.000)
",9999999.000,9999999.000,0.000,1.000,0.000,0,0,26,0,0,26,26,0,0.0,0.0,1.0,0.0,0.0,1.0
"G[0,2](Hct >= 0.061 & Hgb <= 14.360)
",9999999.000,9999999.000,0.000,1.000,0.000,0,0,0,26,26,0,0,26,0.0,0.0,0.0,0.0,0.0,1.0
"G[1,2](BUN <= 10.443 & Creatinine >= 0.021)
",9999999.000,9999999.000,0.000,1.000,0.000,0,0,0,26,26,0,0,26,0.0,0.0,0.0,0.0,0.0,1.0
"G[0,2](((SaO2 >= 0.000 | O2Sat <= 96.250) -> O2Sat >= 1.752) & SepsisLabel >= 92.405)
",9999999.000,9999999.000,0.000,1.000,0.000,0,0,0,26,26,0,0,26,0.0,0.0,0.0,0.0,0.0,1.0
"G[0,2](BUN >= 0.348 | Lactate <= 0.000)
",9999999.000,9999999.000,0.000,1.000,0.000,0,0,26,0,0,26,26,0,0.0,0.0,1.0,0.0,0.0,1.0
"G[0,1](((Hgb <= 3.099 | Hct <= 38.090) -> WBC >= 0.203) & Platelets >= 0.100)
",9999999.000,9999999.000,0.000,1.000,0.000,0,0,0,26,26,0,0,26,0.0,0.0,0.0,0.0,0.0,1.0
"G[1,1](Platelets <= 181.365 -> WBC >= 0.174)
",-181.365,-181.365,0.000,1.000,0.000,0,0,0,26,26,0,0,26,0.0,0.0,0.0,0.0,0.0,1.0
"G[0,1](BUN <= 0.805 & Creatinine >= 0.002)
",9999999.000,9999999.000,0.000,1.000,0.000,0,0,0,26,26,0,0,26,0.0,0.0,0.0,0.0,0.0,1.0
"G[2,2](((AST >= 0.000 | SaO2 <= 0.000) -> SepsisLabel <= 0.000) | Phosphate >= 0.000)
",0.000,0.000,0.000,1.000,0.000,0,0,26,0,0,26,26,0,0.0,0.0,1.0,0.0,0.0,1.0
"G[0,2](Chloride >= 0.000 & HCO3 >= 0.000)
",9999999.000,9999999.000,0.000,1.000,0.000,0,0,26,0,0,26,26,0,0.0,0.0,1.0,0.0,0.0,1.0
"G[0,2](Hct < 24.375 -> SepsisLabel = 0.000)
",9999999.000,9999999.000,0.000,1.000,0.000,0,0,26,0,0,26,26,0,0.0,0.0,1.0,0.0,0.0,1.0
"G[0,2]((pH <= 0.000 & Potassium <= 2.280) & Phosphate <= 2.458)
",9999999.000,9999999.000,0.000,1.000,0.000,0,0,24,2,2,24,24,2,0.0,0.0,1.0,0.0,0.0,1.0
"G[1,2]((BUN >= 0.308 -> AST >= 0.000) & TroponinI >= 0.000)
",9999999.000,9999999.000,0.000,1.000,0.000,0,0,26,0,0,26,26,0,0.0,0.0,1.0,0.0,0.0,1.0
"G[2,2](((Hgb <= 2.104 | Hct <= 3.834) -> WBC >= 0.301) & Platelets >= 8.496)
",-8.496,-8.496,0.000,1.000,0.000,0,0,26,0,0,26,26,0,0.0,0.0,1.0,0.0,0.0,1.0
"G[1,2](Platelets <= 238.867 -> WBC >= 0.325)
",9999999.000,9999999.000,0.000,1.000,0.000,0,0,0,26,26,0,0,26,0.0,0.0,0.0,0.0,0.0,1.0
"G[2,2](Alkalinephos >= 0.000 -> Platelets >= 6.689)
",0.000,0.000,0.000,1.000,0.000,0,0,26,0,0,26,26,0,0.0,0.0,1.0,0.0,0.0,1.0
"G[1,2](Chloride >= 0.000 & HCO3 >= 0.000)
",9999999.000,9999999.000,0.000,1.000,0.000,0,0,26,0,0,26,26,0,0.0,0.0,1.0,0.0,0.0,1.0
"G[0,2](BUN <= 3.788 & Creatinine >= 0.028)
",9999999.000,9999999.000,0.000,1.000,0.000,0,0,0,26,26,0,0,26,0.0,0.0,0.0,0.0,0.0,1.0
"G[0,2]((Bilirubin_direct >= 0.000 | Creatinine >= 0.013) -> Hgb <= 0.983)
",9999999.000,9999999.000,0.000,1.000,0.000,0,0,24,2,2,24,24,2,0.0,0.0,1.0,0.0,0.0,1.0
"G[0,2](((Hgb >= 0.509 | Bilirubin_direct <= 0.000) | TroponinI >= 0.000) | pH >= 0.000)
",9999999.000,9999999.000,0.000,1.000,0.000,0,0,26,0,0,26,26,0,0.0,0.0,1.0,0.0,0.0,1.0
"G[1,2](((Hgb <= 13.669 -> Creatinine <= 0.162) & Alkalinephos <= 0.910) & MAP <= 0.955)
",9999999.000,9999999.000,0.000,1.000,0.000,0,0,2,24,24,2,2,24,0.0,0.0,1.0,0.0,0.0,1.0
"G[1,2](((Hgb <= 8.106 | Hct <= 12.628) -> WBC >= 0.105) & Platelets >= 6.613)
",9999999.000,9999999.000,0.000,1.000,0.000,0,0,0,26,26,0,0,26,0.0,0.0,0.0,0.0,0.0,1.0
"G[1,2](Platelets <= 40.708 -> WBC >= 0.260)
",9999999.000,9999999.000,0.000,1.000,0.000,0,0,0,26,26,0,0,26,0.0,0.0,0.0,0.0,0.0,1.0
"G[2,2]((FiO2 <= 0.000 | HR <= 80.833) | BaseExcess >= 23.681)
",5688130984496444.000,80.833,0.000,1.000,0.000,0,0,26,0,0,26,26,0,0.0,0.0,1.0,0.0,0.0,1.0
"G[1,2](((Phosphate >= 0.000 -> Fibrinogen >= 0.000) | Bilirubin_direct <= 0.000) & Magnesium <= 0.000)
",9999999.000,9999999.000,0.000,1.000,0.000,0,0,26,0,0,26,26,0,0.0,0.0,1.0,0.0,0.0,1.0
"G[1,2]((AST >= 0.000 -> Hgb >= 0.413) -> BaseExcess >= 0.226)
",9999999.000,9999999.000,0.000,1.000,0.000,0,0,26,0,0,26,26,0,0.0,0.0,1.0,0.0,0.0,1.0
"G[0,2](((BaseExcess <= 0.000 & FiO2 >= 0.000) -> O2Sat >= 0.000) | O2Sat <= 0.000)
",9999999.000,9999999.000,0.000,1.000,0.000,0,0,26,0,0,26,26,0,0.0,0.0,1.0,0.0,0.0,1.0
"G[1,1](BUN <= 1.380 & Creatinine >= 0.004)
",-8303025847432490.000,-0.004,0.000,1.000,0.000,0,0,0,26,26,0,0,26,0.0,0.0,0.0,0.0,0.0,1.0
"G[1,2](BaseExcess >= 0.000 | Platelets <= 154.043)
",9999999.000,9999999.000,0.000,1.000,0.000,0,0,26,0,0,26,26,0,0.0,0.0,1.0,0.0,0.0,1.0
"G[1,2]((PaCO2 >= 0.000 -> Fibrinogen <= 0.000) & TroponinI >= 0.000)
",9999999.000,9999999.000,0.000,1.000,0.000,0,0,26,0,0,26,26,0,0.0,0.0,1.0,0.0,0.0,1.0
"G[0,2](((Hgb <= 13.907 | Hct <= 8.907) -> WBC >= 0.133) & Platelets >= 6.005)
",9999999.000,9999999.000,0.000,1.000,0.000,0,0,0,26,26,0,0,26,0.0,0.0,0.0,0.0,0.0,1.0
"G[0,2]((Hgb >= 0.531 & Fibrinogen >= 0.000) | Calcium >= 0.000)
",9999999.000,9999999.000,0.000,1.000,0.000,0,0,26,0,0,26,26,0,0.0,0.0,1.0,0.0,0.0,1.0
"G[1,2](FiO2 >= 0.000 & MAP <= 82.734)
",9999999.000,9999999.000,0.000,1.000,0.000,0,0,18,8,8,18,18,8,0.0,0.0,1.0,0.0,0.0,1.0
"G[1,2](PTT <= 19.506 & Lactate >= 0.000)
",9999999.000,9999999.000,0.000,1.000,0.000,0,0,26,0,0,26,26,0,0.0,0.0,1.0,0.0,0.0,1.0
"G[0,2](Bilirubin_direct <= 0.000 & MAP <= 96.779)
",9999999.000,9999999.000,0.000,1.000,0.000,0,0,23,3,3,23,23,3,0.0,0.0,1.0,0.0,0.0,1.0
"G[1,2](BUN <= 16.705 & Creatinine >= 0.009)
",9999999.000,9999999.000,0.000,1.000,0.000,0,0,0,26,26,0,0,26,0.0,0.0,0.0,0.0,0.0,1.0
"G[1,2](((Hgb <= 8.391 | Hct <= 4.707) -> WBC >= 0.459) & Platelets >= 0.474)
",9999999.000,9999999.000,0.000,1.000,0.000,0,0,0,26,26,0,0,26,0.0,0.0,0.0,0.0,0.0,1.0
"G[0,2](FiO2 <= 0.000 -> HCO3 <= 0.000)
",9999999.000,9999999.000,0.000,1.000,0.000,0,0,26,0,0,26,26,0,0.0,0.0,1.0,0.0,0.0,1.0
"G[0,1](PTT >= 0.271 & EtCO2 >= 0.000)
",9999999.000,9999999.000,0.000,1.000,0.000,0,0,0,26,26,0,0,26,0.0,0.0,0.0,0.0,0.0,1.0
"G[0,2](Platelets <= 101.526 -> WBC >= 0.348)
",9999999.000,9999999.000,0.000,1.000,0.000,0,0,0,26,26,0,0,26,0.0,0.0,0.0,0.0,0.0,1.0
"G[1,2](((HR >= 72.975 | pH >= 0.000) -> EtCO2 <= 0.000) -> pH >= 0.000)
",9999999.000,9999999.000,0.000,1.000,0.000,0,0,26,0,0,26,26,0,0.0,0.0,1.0,0.0,0.0,1.0
"G[0,0](((Temp >= 1.495 & Calcium <= 0.552) | PaCO2 <= 1.640) -> EtCO2 >= 0.176)
",-3.549,-16.040,0.000,1.000,0.000,0,0,0,26,26,0,0,26,0.0,0.0,0.0,0.0,0.0,1.0
"G[1,2](((Platelets >= 6.254 & SBP >= 34.955) | Calcium <= 108.434) | SaO2 <= 117.435)
",9999999.000,9999999.000,0.000,1.000,0.000,0,0,26,0,0,26,26,0,0.0,0.0,1.0,0.0,0.0,1.0
"G[1,2](Calcium <= 4.423 & WBC <= 8.655)
",9999999.000,9999999.000,0.000,1.000,0.000,0,0,26,0,0,26,26,0,0.0,0.0,1.0,0.0,0.0,1.0
"G[0,2](Calcium <= 6.304 & Resp <= 19.306)
",9999999.000,9999999.000,0.000,1.000,0.000,0,0,17,9,9,17,17,9,0.0,0.0,1.0,0.0,0.0,1.0
"G[0,2]((SaO2 >= 0.000 -> HR >= 30.008) -> EtCO2 <= 92.850)
",9999999.000,9999999.000,0.000,1.000,0.000,0,0,26,0,0,26,26,0,0.0,0.0,1.0,0.0,0.0,1.0
"G[0,2]((Glucose >= 2.970 -> Hgb <= 6.070) & Potassium >= 0.292)
",9999999.000,9999999.000,0.000,1.000,0.000,0,0,0,26,26,0,0,26,0.0,0.0,0.0,0.0,0.0,1.0
"G[1,2](((HR >= 49.495 | DBP <= 83.883) -> PaCO2 <= 70.567) -> Lactate >= 1.288)
",9999999.000,9999999.000,0.000,1.000,0.000,0,0,0,26,26,0,0,26,0.0,0.0,0.0,0.0,0.0,1.0
"G[0,2](BUN <= 16.133 & Creatinine >= 0.024)
",9999999.000,9999999.000,0.000,1.000,0.000,0,0,0,26,26,0,0,26,0.0,0.0,0.0,0.0,0.0,1.0
"G[0,1](((Hgb <= 10.558 | Hct <= 11.502) -> WBC >= 0.120) & Platelets >= 0.029)
",9999999.000,9999999.000,0.000,1.000,0.000,0,0,0,26,26,0,0,26,0.0,0.0,0.0,0.0,0.0,1.0
"G[1,1](((Magnesium <= 2.059 & BUN <= 5.134) | MAP <= 0.632) & BUN >= 0.032)
",-4628981631013135.000,-0.032,0.000,1.000,0.000,0,0,0,26,26,0,0,26,0.0,0.0,0.0,0.0,0.0,1.0
"G[0,2](BUN <= 13.860 -> DBP <= 89.104)
",9999999.000,9999999.000,0.000,1.000,0.000,0,0,24,2,2,24,24,2,0.0,0.0,1.0,0.0,0.0,1.0
"G[0,1](Platelets <= 121.721 -> WBC >= 0.473)
",9999999.000,9999999.000,0.000,1.000,0.000,0,0,0,26,26,0,0,26,0.0,0.0,0.0,0.0,0.0,1.0
"G[2,2](BUN <= 9.034 & Creatinine >= 0.036)
",-5184496289504827.000,-0.036,0.000,1.000,0.000,0,0,26,0,0,26,26,0,0.0,0.0,1.0,0.0,0.0,1.0
"G[0,2](Magnesium <= 1.164 & SepsisLabel = 0.000)
",9999999.000,9999999.000,0.000,1.000,0.000,0,0,25,1,1,25,25,1,0.0,0.0,1.0,0.0,0.0,1.0
"G[1,2](Platelets <= 21.593 | WBC <= 14.157)
",9999999.000,9999999.000,0.000,1.000,0.000,0,0,26,0,0,26,26,0,0.0,0.0,1.0,0.0,0.0,1.0
"G[0,1]((DBP <= 78.930 | Potassium >= 0.152) & Potassium >= 0.158)
",9999999.000,9999999.000,0.000,1.000,0.000,0,0,0,26,26,0,0,26,0.0,0.0,0.0,0.0,0.0,1.0
"G[0,1]((BUN <= 6.641 | HR <= 85.257) & Creatinine >= 68.526)
",9999999.000,9999999.000,0.000,1.000,0.000,0,0,0,26,26,0,0,26,0.0,0.0,0.0,0.0,0.0,1.0
"G[0,2]((Creatinine <= 0.249 | Magnesium <= 0.872) | SepsisLabel >= 0.004)
",9999999.000,9999999.000,0.000,1.000,0.000,0,0,25,1,1,25,25,1,0.0,0.0,1.0,0.0,0.0,1.0
"G[0,1](((O2Sat <= 99.057 -> Potassium <= 1.652) | Hct >= 0.002) & Temp >= 0.111)
",9999999.000,9999999.000,0.000,1.000,0.000,0,0,0,26,26,0,0,26,0.0,0.0,0.0,0.0,0.0,1.0
"G[0,2]((Calcium >= 0.316 -> O2Sat >= 68.005) -> DBP <= 96.552)
",9999999.000,9999999.000,0.000,1.000,0.000,0,0,26,0,0,26,26,0,0.0,0.0,1.0,0.0,0.0,1.0
"G[0,0]((Creatinine <= 0.050 | O2Sat <= 99.939) -> BaseExcess >= 57.942)
",-1.334,-28.362,0.000,1.000,0.000,0,0,0,26,26,0,0,26,0.0,0.0,0.0,0.0,0.0,1.0
"G[1,2](Temp <= 36.075 -> TroponinI <= 3.966)
",9999999.000,9999999.000,0.000,1.000,0.000,0,0,25,1,1,25,25,1,0.0,0.0,1.0,0.0,0.0,1.0
"G[0,1]((DBP <= 71.842 -> Temp <= 32.798) & pH >= 1.209)
",9999999.000,9999999.000,0.000,1.000,0.000,0,0,0,26,26,0,0,26,0.0,0.0,0.0,0.0,0.0,1.0
"G[1,2](((Resp <= 20.475 & SBP <= 116.143) -> Fibrinogen >= 23.322) & Lactate <= 114.999)
",9999999.000,9999999.000,0.000,1.000,0.000,0,0,6,20,20,6,6,20,0.0,0.0,1.0,0.0,0.0,1.0
"G[0,0](((Hgb >= 0.464 | Magnesium <= 0.194) -> Chloride >= 0.014) & BaseExcess >= 0.021)
",-6973597218138756.000,-0.194,0.000,1.000,0.000,0,0,0,26,26,0,0,26,0.0,0.0,0.0,0.0,0.0,1.0
"G[1,2](((Platelets <= 25.436 & PTT <= 14.927) & Bilirubin_direct <= 16.159) | PaCO2 <= 14.556)
",9999999.000,9999999.000,0.000,1.000,0.000,0,0,26,0,0,26,26,0,0.0,0.0,1.0,0.0,0.0,1.0
"G[1,2]((Glucose >= 2.196 & PTT <= 10.431) | Creatinine <= 12.380)
",9999999.000,9999999.000,0.000,1.000,0.000,0,0,26,0,0,26,26,0,0.0,0.0,1.0,0.0,0.0,1.0
"G[0,1](((HR <= 95.637 | Resp >= 14.090) & AST <= 19.877) -> Chloride >= 12.256)
",9999999.000,9999999.000,0.000,1.000,0.000,0,0,0,26,26,0,0,26,0.0,0.0,0.0,0.0,0.0,1.0
"G[1,2](((O2Sat <= 98.507 & Resp <= 20.019) & Hct >= 7.923) -> MAP <= 17.771)
",9999999.000,9999999.000,0.000,1.000,0.000,0,0,26,0,0,26,26,0,0.0,0.0,1.0,0.0,0.0,1.0
"G[0,2](DBP >= 57.682 & Hgb <= 7.702)
",9999999.000,9999999.000,0.000,1.000,0.000,0,0,17,9,9,17,17,9,0.0,0.0,1.0,0.0,0.0,1.0
"G[0,1](((FiO2 >= 0.000 & Magnesium >= 0.029) | FiO2 >= 0.008) & PTT <= 0.530)
",9999999.000,9999999.000,0.000,1.000,0.000,0,0,0,26,26,0,0,26,0.0,0.0,0.0,0.0,0.0,1.0
"G[1,2](((MAP >= 56.141 -> SBP >= 33.914) | Hct <= 105.352) | PaCO2 <= 125.521)
",9999999.000,9999999.000,0.000,1.000,0.000,0,0,26,0,0,26,26,0,0.0,0.0,1.0,0.0,0.0,1.0
"G[1,2]((Creatinine >= 0.030 | Glucose <= 98.859) -> Bilirubin_direct >= 1.372)
",9999999.000,9999999.000,0.000,1.000,0.000,0,0,0,26,26,0,0,26,0.0,0.0,0.0,0.0,0.0,1.0
"G[1,2]((Calcium >= 0.023 -> Glucose <= 26.571) & Fibrinogen >= 3.665)
",9999999.000,9999999.000,0.000,1.000,0.000,0,0,0,26,26,0,0,26,0.0,0.0,0.0,0.0,0.0,1.0
"G[1,1](Platelets <= 203.400 -> WBC >= 0.383)
",-7156498637624757.000,-203.400,0.000,1.000,0.000,0,0,0,26,26,0,0,26,0.0,0.0,0.0,0.0,0.0,1.0
"G[1,2]((Glucose >= 4.318 | Hct <= 39.184) -> Platelets <= 30.325)
",9999999.000,9999999.000,0.000,1.000,0.000,0,0,26,0,0,26,26,0,0.0,0.0,1.0,0.0,0.0,1.0
"G[1,2]((O2Sat <= 95.905 & PTT <= 22.799) & Platelets <= 16.750)
",9999999.000,9999999.000,0.000,1.000,0.000,0,0,7,19,19,7,7,19,0.0,0.0,1.0,0.0,0.0,1.0
"G[0,2](HR >= 54.254 & WBC <= 6.454)
",9999999.000,9999999.000,0.000,1.000,0.000,0,0,22,4,4,22,22,4,0.0,0.0,1.0,0.0,0.0,1.0
"G[0,2](Hct >= 1.493 & Phosphate >= 0.000)
",9999999.000,9999999.000,0.000,1.000,0.000,0,0,0,26,26,0,0,26,0.0,0.0,0.0,0.0,0.0,1.0
"G[0,2]((O2Sat <= 95.527 | TroponinI >= 0.408) -> O2Sat >= 0.790)
",9999999.000,9999999.000,0.000,1.000,0.000,0,0,24,2,2,24,24,2,0.0,0.0,1.0,0.0,0.0,1.0
"G[0,2](((DBP <= 90.207 | Hgb >= 0.496) & BaseExcess <= 10.001) & Bilirubin_direct <= 15.189)
",9999999.000,9999999.000,0.000,1.000,0.000,0,0,24,2,2,24,24,2,0.0,0.0,1.0,0.0,0.0,1.0
"G[0,0](((DBP <= 71.183 -> Hct <= 36.059) | Creatinine >= 0.067) -> Creatinine >= 1.047)
",0.067,0.067,0.000,1.000,0.000,0,0,0,26,26,0,0,26,0.0,0.0,0.0,0.0,0.0,1.0
"G[1,2]((O2Sat <= 97.400 -> Temp >= 1.793) -> Chloride <= 5.439)
",9999999.000,9999999.000,0.000,1.000,0.000,0,0,26,0,0,26,26,0,0.0,0.0,1.0,0.0,0.0,1.0
"G[1,2]((Magnesium >= 0.024 & SBP <= 108.787) & HR >= 39.520)
",9999999.000,9999999.000,0.000,1.000,0.000,0,0,0,26,26,0,0,26,0.0,0.0,0.0,0.0,0.0,1.0
"G[1,2](((MAP >= 53.893 -> Potassium <= 2.593) | Chloride <= 1.425) | Magnesium >= 0.148)
",9999999.000,9999999.000,0.000,1.000,0.000,0,0,26,0,0,26,26,0,0.0,0.0,1.0,0.0,0.0,1.0
"G[0,2]((Hgb <= 12.457 | MAP >= 44.095) -> AST >= 52.490)
",9999999.000,9999999.000,0.000,1.000,0.000,0,0,0,26,26,0,0,26,0.0,0.0,0.0,0.0,0.0,1.0
"G[2,2](DBP <= 76.854 & Magnesium >= 0.006)
",-0.006,-0.006,0.000,1.000,0.000,0,0,26,0,0,26,26,0,0.0,0.0,1.0,0.0,0.0,1.0
"G[2,2](((Temp >= 4.075 -> WBC >= 0.274) & WBC >= 0.168) -> Bilirubin_direct <= 12.036)
",-12.036,-12.036,0.000,1.000,0.000,0,0,26,0,0,26,26,0,0.0,0.0,1.0,0.0,0.0,1.0
"G[0,2](Calcium >= 0.336 -> Resp >= 5.195)
",9999999.000,9999999.000,0.000,1.000,0.000,0,0,26,0,0,26,26,0,0.0,0.0,1.0,0.0,0.0,1.0
"G[1,2](BUN >= 0.437 | Resp >= 5.887)
",9999999.000,9999999.000,0.000,1.000,0.000,0,0,25,1,1,25,25,1,0.0,0.0,1.0,0.0,0.0,1.0
"G[2,2](((BUN >= 0.183 & MAP <= 80.817) | AST <= 98.932) | EtCO2 >= 2.959)
",98.932,98.932,0.000,1.000,0.000,0,0,26,0,0,26,26,0,0.0,0.0,1.0,0.0,0.0,1.0
"G[0,2](((Glucose >= 1.762 -> SBP >= 76.948) -> PaCO2 <= 119.945) & Creatinine <= 121.475)
",9999999.000,9999999.000,0.000,1.000,0.000,0,0,26,0,0,26,26,0,0.0,0.0,1.0,0.0,0.0,1.0
"G[2,2](((Creatinine <= 0.891 & TroponinI >= 0.676) | AST <= 19.465) & AST <= 7.521)
",8468416727485345.000,7.521,0.000,1.000,0.000,0,0,26,0,0,26,26,0,0.0,0.0,1.0,0.0,0.0,1.0
"G[1,2](((PTT <= 1.781 -> Resp <= 19.208) -> O2Sat >= 1.281) | SaO2 >= 7.590)
",9999999.000,9999999.000,0.000,1.000,0.000,0,0,25,1,1,25,25,1,0.0,0.0,1.0,0.0,0.0,1.0
"G[0,1](((TroponinI >= 1.283 & WBC <= 5.865) & BaseExcess <= 10.870) | Lactate >= 0.398)
",9999999.000,9999999.000,0.000,1.000,0.000,0,0,0,26,26,0,0,26,0.0,0.0,0.0,0.0,0.0,1.0
"G[1,2]((Hgb >= 0.453 | HR <= 87.574) & Glucose >= 46.512)
",9999999.000,9999999.000,0.000,1.000,0.000,0,0,0,26,26,0,0,26,0.0,0.0,0.0,0.0,0.0,1.0
"G[0,0](((Hct >= 0.162 | SBP >= 73.284) -> Phosphate >= 60.979) & Chloride >= 63.912)
",-8994840193736202.000,-63.912,0.000,1.000,0.000,0,0,0,26,26,0,0,26,0.0,0.0,0.0,0.0,0.0,1.0
"G[1,2](((Calcium >= 0.081 -> HR >= 5.056) | FiO2 >= 21.047) & Chloride <= 94.543)
",9999999.000,9999999.000,0.000,1.000,0.000,0,0,26,0,0,26,26,0,0.0,0.0,1.0,0.0,0.0,1.0
"G[2,2](((Creatinine >= 0.024 -> HR >= 64.796) -> BUN >= 66.972) & TroponinI >= 69.470)
",-4888521955784923.000,-69.470,0.000,1.000,0.000,0,0,26,0,0,26,26,0,0.0,0.0,1.0,0.0,0.0,1.0
"G[1,2](((Phosphate <= 0.000 | PTT >= 0.372) -> PaCO2 >= 0.243) & FiO2 >= 0.034)
",9999999.000,9999999.000,0.000,1.000,0.000,0,0,0,26,26,0,0,26,0.0,0.0,0.0,0.0,0.0,1.0
"G[1,2](Resp >= 14.380 -> Platelets <= 128.943)
",9999999.000,9999999.000,0.000,1.000,0.000,0,0,26,0,0,26,26,0,0.0,0.0,1.0,0.0,0.0,1.0
"G[1,2]((DBP <= 81.489 -> BUN <= 10.072) | MAP >= 0.293)
",9999999.000,9999999.000,0.000,1.000,0.000,0,0,26,0,0,26,26,0,0.0,0.0,1.0,0.0,0.0,1.0
"G[0,1]((HR >= 12.391 | MAP >= 20.115) & TroponinI >= 36.674)
",9999999.000,9999999.000,0.000,1.000,0.000,0,0,0,26,26,0,0,26,0.0,0.0,0.0,0.0,0.0,1.0
"G[2,2](((Hct >= 1.339 -> Hgb >= 0.309) | HCO3 >= 0.364) -> Fibrinogen <= 4.223)
",-4.223,-4.223,0.000,1.000,0.000,0,0,26,0,0,26,26,0,0.0,0.0,1.0,0.0,0.0,1.0
"G[2,2]((Hgb <= 15.080 | Platelets >= 8.218) -> Phosphate <= 172.590)
",-172.590,-172.590,0.000,1.000,0.000,0,0,26,0,0,26,26,0,0.0,0.0,1.0,0.0,0.0,1.0
"G[0,2]((EtCO2 <= 0.000 -> O2Sat >= 24.809) -> SBP >= 84.830)
",9999999.000,9999999.000,0.000,1.000,0.000,0,0,25,1,1,25,25,1,0.0,0.0,1.0,0.0,0.0,1.0
"G[2,2](((SaO2 >= 0.000 -> PTT >= 0.250) & WBC <= 19.851) & AST <= 11.502)
",0.000,0.000,0.000,1.000,0.000,0,0,26,0,0,26,26,0,0.0,0.0,1.0,0.0,0.0,1.0
"G[1,2](Fibrinogen > 0.000 -> SepsisLabel = 0.000)
",9999999.000,9999999.000,0.000,1.000,0.000,0,0,26,0,0,26,26,0,0.0,0.0,1.0,0.0,0.0,1.0
"G[1,2](O2Sat <= 94.395 -> SepsisLabel = 0.000)
",9999999.000,9999999.000,0.000,1.000,0.000,0,0,26,0,0,26,26,0,0.0,0.0,1.0,0.0,0.0,1.0
"G[0,2](SBP > 63.698 -> SepsisLabel = 0.000)
",9999999.000,9999999.000,0.000,1.000,0.000,0,0,26,0,0,26,26,0,0.0,0.0,1.0,0.0,0.0,1.0
"G[2,2](((DBP >= 32.275 | Chloride >= 0.000) | Calcium <= 0.000) -> Alkalinephos <= 0.000)
",0.000,0.000,0.000,1.000,0.000,0,0,26,0,0,26,26,0,0.0,0.0,1.0,0.0,0.0,1.0
"G[0,2](EtCO2 >= 0.000 | PTT <= 3.927)
",9999999.000,9999999.000,0.000,1.000,0.000,0,0,26,0,0,26,26,0,0.0,0.0,1.0,0.0,0.0,1.0
"G[1,2]((Chloride <= 0.000 & WBC <= 4.170) | SBP >= 0.213)
",9999999.000,9999999.000,0.000,1.000,0.000,0,0,26,0,0,26,26,0,0.0,0.0,1.0,0.0,0.0,1.0
"G[0,2]((SaO2 >= 0.000 | SaO2 >= 0.000) | HCO3 >= 0.000)
",9999999.000,9999999.000,0.000,1.000,0.000,0,0,26,0,0,26,26,0,0.0,0.0,1.0,0.0,0.0,1.0
"G[0,1]((WBC >= 0.407 | Potassium >= 0.119) | HCO3 >= 0.058)
",9999999.000,9999999.000,0.000,1.000,0.000,0,0,0,26,26,0,0,26,0.0,0.0,0.0,0.0,0.0,1.0
"G[0,2](((Platelets <= 13.890 -> Bilirubin_total <= 0.000) | Bilirubin_direct <= 0.000) & Alkalinephos >= 0.000)
",9999999.000,9999999.000,0.000,1.000,0.000,0,0,26,0,0,26,26,0,0.0,0.0,1.0,0.0,0.0,1.0
"G[0,0](((EtCO2 >= 0.000 | Magnesium >= 0.035) & Bilirubin_total >= 0.016) | PaCO2 >= 0.026)
",-4751163179625644.000,-0.016,0.000,1.000,0.000,0,0,0,26,26,0,0,26,0.0,0.0,0.0,0.0,0.0,1.0
"G[0,2](Potassium >= 0.118 & SepsisLabel = 0.000)
",9999999.000,9999999.000,0.000,1.000,0.000,0,0,0,26,26,0,0,26,0.0,0.0,0.0,0.0,0.0,1.0
"G[0,1]((EtCO2 <= 0.000 | WBC >= 0.332) -> Alkalinephos >= 0.053)
",9999999.000,9999999.000,0.000,1.000,0.000,0,0,0,26,26,0,0,26,0.0,0.0,0.0,0.0,0.0,1.0
"G[0,1]((Calcium >= 0.093 & pH >= 0.000) & Hct <= 0.000)
",9999999.000,9999999.000,0.000,1.000,0.000,0,0,0,26,26,0,0,26,0.0,0.0,0.0,0.0,0.0,1.0
"G[0,2](Glucose < 10.148 & SepsisLabel = 0.000)
",9999999.000,9999999.000,0.000,1.000,0.000,0,0,24,2,2,24,24,2,0.0,0.0,1.0,0.0,0.0,1.0
"G[0,2]((TroponinI <= 16.214 | HCO3 <= 0.000) -> SBP >= 0.000)
",9999999.000,9999999.000,0.000,1.000,0.000,0,0,26,0,0,26,26,0,0.0,0.0,1.0,0.0,0.0,1.0
"G[0,1]((Calcium >= 0.026 & Hct <= 32.839) & Chloride >= 1.402)
",9999999.000,9999999.000,0.000,1.000,0.000,0,0,0,26,26,0,0,26,0.0,0.0,0.0,0.0,0.0,1.0
"G[0,2](((Creatinine <= 0.546 & Hct >= 1.327) | Resp >= 0.137) -> Fibrinogen <= 23.030)
",9999999.000,9999999.000,0.000,1.000,0.000,0,0,26,0,0,26,26,0,0.0,0.0,1.0,0.0,0.0,1.0
"G[2,2](((HCO3 <= 0.000 -> Hct <= 24.778) & Hct >= 0.839) -> Lactate <= 11.874)
",-6684212245774180.000,-11.874,0.000,1.000,0.000,0,0,26,0,0,26,26,0,0.0,0.0,1.0,0.0,0.0,1.0
"G[1,1](pH <= 0.000 -> Potassium >= 0.063)
",0.000,0.000,0.000,1.000,0.000,0,0,0,26,26,0,0,26,0.0,0.0,0.0,0.0,0.0,1.0
"G[2,2](((Calcium >= 0.098 -> pH <= 0.000) | PaCO2 >= 0.000) | EtCO2 <= 0.000)
",0.000,0.000,0.000,1.000,0.000,0,0,26,0,0,26,26,0,0.0,0.0,1.0,0.0,0.0,1.0
"G[0,2](((pH >= 0.000 -> TroponinI <= 4.427) & Potassium >= 0.665) & Temp >= 0.474)
",9999999.000,9999999.000,0.000,1.000,0.000,0,0,0,26,26,0,0,26,0.0,0.0,0.0,0.0,0.0,1.0
"G[1,1]((PTT >= 0.190 -> Potassium <= 3.815) & Chloride >= 0.126)
",-3.815,-3.815,0.000,1.000,0.000,0,0,0,26,26,0,0,26,0.0,0.0,0.0,0.0,0.0,1.0
"G[0,2](((Lactate <= 0.000 | Bilirubin_direct <= 0.000) & Alkalinephos <= 0.000) | BUN >= 0.000)
",9999999.000,9999999.000,0.000,1.000,0.000,0,0,26,0,0,26,26,0,0.0,0.0,1.0,0.0,0.0,1.0
"G[0,2]((Calcium <= 3.440 & PaCO2 >= 0.000) -> Calcium <= 0.000)
",9999999.000,9999999.000,0.000,1.000,0.000,0,0,26,0,0,26,26,0,0.0,0.0,1.0,0.0,0.0,1.0
"G[1,2](Glucose >= 3.017 -> Potassium >= 0.064)
",9999999.000,9999999.000,0.000,1.000,0.000,0,0,26,0,0,26,26,0,0.0,0.0,1.0,0.0,0.0,1.0
"G[1,2](((Temp >= 1.537 & MAP <= 78.696) & Fibrinogen >= 40.921) -> BaseExcess <= 89.208)
",9999999.000,9999999.000,0.000,1.000,0.000,0,0,26,0,0,26,26,0,0.0,0.0,1.0,0.0,0.0,1.0
"G[0,1](((pH <= 0.000 & Hgb <= 1.332) & Hct <= 4.717) -> TroponinI >= 0.216)
",9999999.000,9999999.000,0.000,1.000,0.000,0,0,0,26,26,0,0,26,0.0,0.0,0.0,0.0,0.0,1.0
"G[0,2]((Lactate <= 0.000 -> EtCO2 <= 0.000) & O2Sat >= 0.000)
",9999999.000,9999999.000,0.000,1.000,0.000,0,0,26,0,0,26,26,0,0.0,0.0,1.0,0.0,0.0,1.0
"G[1,2](Alkalinephos <= 0.000 | BUN <= 1.474)
",9999999.000,9999999.000,0.000,1.000,0.000,0,0,26,0,0,26,26,0,0.0,0.0,1.0,0.0,0.0,1.0
"G[2,2](FiO2 >= 0.000 | DBP >= 51.262)
",0.000,0.000,0.000,1.000,0.000,0,0,26,0,0,26,26,0,0.0,0.0,1.0,0.0,0.0,1.0
"G[2,2](((Bilirubin_total >= 0.000 | HR <= 78.551) & Calcium >= 43.186) | Bilirubin_direct <= 86.422)
",6081432481068924.000,86.422,0.000,1.000,0.000,0,0,26,0,0,26,26,0,0.0,0.0,1.0,0.0,0.0,1.0
"G[1,2]((Glucose <= 102.618 -> Alkalinephos >= 0.000) | SaO2 >= 0.000)
",9999999.000,9999999.000,0.000,1.000,0.000,0,0,26,0,0,26,26,0,0.0,0.0,1.0,0.0,0.0,1.0
"G[1,2](((HCO3 >= 0.000 -> Bilirubin_total >= 0.000) & AST >= 0.000) | MAP >= 0.000)
",9999999.000,9999999.000,0.000,1.000,0.000,0,0,26,0,0,26,26,0,0.0,0.0,1.0,0.0,0.0,1.0
"G[0,2](Fibrinogen <= 0.000 | SBP >= 76.524)
",9999999.000,9999999.000,0.000,1.000,0.000,0,0,26,0,0,26,26,0,0.0,0.0,1.0,0.0,0.0,1.0
"G[2,2](Bilirubin_total >= 0.000 -> Hgb <= 5.103)
",-5745848906013676.000,-5.103,0.000,1.000,0.000,0,0,26,0,0,26,26,0,0.0,0.0,1.0,0.0,0.0,1.0
"G[1,2](((BUN >= 0.417 & Creatinine <= 0.380) & Platelets >= 0.020) & Temp <= 0.854)
",9999999.000,9999999.000,0.000,1.000,0.000,0,0,0,26,26,0,0,26,0.0,0.0,0.0,0.0,0.0,1.0
"G[0,2](((Calcium >= 0.129 & WBC >= 0.212) | Glucose >= 0.096) & MAP >= 0.180)
",9999999.000,9999999.000,0.000,1.000,0.000,0,0,0,26,26,0,0,26,0.0,0.0,0.0,0.0,0.0,1.0
"G[0,2](Glucose <= 107.939 & Fibrinogen <= 0.000)
",9999999.000,9999999.000,0.000,1.000,0.000,0,0,25,1,1,25,25,1,0.0,0.0,1.0,0.0,0.0,1.0
"G[2,2](Chloride >= 0.000 & HCO3 >= 0.000)
",0.000,0.000,0.000,1.000,0.000,0,0,26,0,0,26,26,0,0.0,0.0,1.0,0.0,0.0,1.0
