Rule,Discrimination Score,Pos Robustness,Neg Robustness,Percent Class +,Percent Class -,TP,TN,FP,FN,Actual Yes,Actual No,Predicted Yes,Predicted No,TPR/Sens,TNR/Spec,FPR,Precision,Accuracy,MCR
"F[0,1](((FiO2 <= 0.396 -> Hgb <= 7.044) | BUN <= 3.189) & TroponinI >= 0.412)
",-9999999.000,-9999999.000,0.000,0.000,1.000,20,0,0,0,20,0,20,0,1.0,0,0,1.0,1.0,0.0
"F[0,1]((Calcium <= 7.776 & Potassium <= 3.930) & Magnesium >= 0.145)
",-9999999.000,-9999999.000,0.000,0.000,1.000,20,0,0,0,20,0,20,0,1.0,0,0,1.0,1.0,0.0
"((Creatinine >= 0.008) U[1,1] (pH <= 3.528))
",7943529206534914.000,3.528,0.000,0.000,1.000,20,0,0,0,20,0,20,0,1.0,0,0,1.0,1.0,0.0
"F[0,0](((Alkalinephos <= 0.000 -> DBP >= 6.406) | Potassium >= 9.037) & BaseExcess >= 8.822)
",-192.613,-9.027,0.000,0.000,1.000,20,0,0,0,20,0,20,0,1.0,0,0,1.0,1.0,0.0
"((BUN >= 0.052) U[1,2] (SepsisLabel = 0.000))
",-9999999.000,-9999999.000,0.000,0.000,1.000,20,0,0,0,20,0,20,0,1.0,0,0,1.0,1.0,0.0
"F[0,0](DBP <= 31.388 & pH >= 0.154)
",-2.702,-41.187,0.000,0.000,1.000,20,0,0,0,20,0,20,0,1.0,0,0,1.0,1.0,0.0
"F[0,1](Hgb >= 0.380 & Magnesium <= 1.170)
",-9999999.000,-9999999.000,0.000,0.000,1.000,20,0,0,0,20,0,20,0,1.0,0,0,1.0,1.0,0.0
"F[0,1]((Calcium <= 5.385 & Potassium <= 1.103) & Magnesium >= 0.132)
",-9999999.000,-9999999.000,0.000,0.000,1.000,20,0,0,0,20,0,20,0,1.0,0,0,1.0,1.0,0.0
"F[0,0](Creatinine <= 0.707 -> Hgb >= 0.239)
",-0.343,-2.134,0.000,0.000,1.000,20,0,0,0,20,0,20,0,1.0,0,0,1.0,1.0,0.0
"((PaCO2 >= 0.918) U[1,1] (Bilirubin_total >= 0.000))
",0.000,0.000,0.000,0.000,1.000,20,0,0,0,20,0,20,0,1.0,0,0,1.0,1.0,0.0
"F[0,0](((Calcium <= 2.985 -> Creatinine <= 0.071) | Alkalinephos <= 0.331) -> Alkalinephos >= 0.022)
",-0.360,-0.914,0.000,0.000,1.000,20,0,0,0,20,0,20,0,1.0,0,0,1.0,1.0,0.0
"F[0,0](((Glucose >= 1.799 -> Platelets <= 105.725) -> PaCO2 >= 13.524) & Magnesium <= 119.429)
",8.259,13.158,0.000,0.000,1.000,20,0,0,0,20,0,20,0,1.0,0,0,1.0,1.0,0.0
"F[0,1]((Chloride >= 4.563 & PaCO2 <= 25.891) & SaO2 >= 0.759)
",-9999999.000,-9999999.000,0.000,0.000,1.000,20,0,0,0,20,0,20,0,1.0,0,0,1.0,1.0,0.0
"F[1,1]((Calcium <= 4.203 & Potassium <= 1.375) & Magnesium >= 0.118)
",-0.118,-0.118,0.000,0.000,1.000,20,0,0,0,20,0,20,0,1.0,0,0,1.0,1.0,0.0
"((O2Sat >= 85.143) U[0,0] (Phosphate >= 0.121))
",0.983,5.564,0.000,0.000,1.000,20,0,0,0,20,0,20,0,1.0,0,0,1.0,1.0,0.0
"F[0,1](((Calcium >= 0.279 -> DBP <= 73.329) | Bilirubin_direct >= 8.803) & Alkalinephos >= 11.987)
",-9999999.000,-9999999.000,0.000,0.000,1.000,20,0,0,0,20,0,20,0,1.0,0,0,1.0,1.0,0.0
"((Chloride <= 31.411) U[0,0] (Platelets >= 12.401))
",20.360,31.061,0.000,0.000,1.000,20,0,0,0,20,0,20,0,1.0,0,0,1.0,1.0,0.0
"F[0,1]((Calcium <= 1.057 & Potassium <= 1.382) & Magnesium >= 0.027)
",-9999999.000,-9999999.000,0.000,0.000,1.000,20,0,0,0,20,0,20,0,1.0,0,0,1.0,1.0,0.0
"F[0,0](PTT >= 0.587 & SepsisLabel = 0.000)
",-0.238,-16.558,0.000,0.000,1.000,20,0,0,0,20,0,20,0,1.0,0,0,1.0,1.0,0.0
"F[0,1](Bilirubin_total < 0.000 & SepsisLabel = 0.000)
",-9999999.000,-9999999.000,0.000,0.000,1.000,20,0,0,0,20,0,20,0,1.0,0,0,1.0,1.0,0.0
"((Magnesium >= 0.042) U[1,1] (SepsisLabel = 0.000))
",0.000,0.000,0.000,0.000,1.000,20,0,0,0,20,0,20,0,1.0,0,0,1.0,1.0,0.0
"F[0,0](SBP <= 119.764 & WBC >= 0.274)
",0.180,1.006,0.000,0.000,1.000,20,0,0,0,20,0,20,0,1.0,0,0,1.0,1.0,0.0
"F[1,1](Glucose <= 12.421 & WBC >= 0.778)
",-7011120691856898.000,-0.778,0.000,0.000,1.000,20,0,0,0,20,0,20,0,1.0,0,0,1.0,1.0,0.0
"F[0,1](HCO3 <= 6.351 & Magnesium >= 0.135)
",-9999999.000,-9999999.000,0.000,0.000,1.000,19,0,0,1,20,0,19,1,0.95,0,0,1.0,0.95,0.050000000000000044
"F[0,1](Lactate >= 0.000 & PaCO2 >= 1.287)
",-9999999.000,-9999999.000,0.000,0.000,1.000,19,0,0,1,20,0,19,1,0.95,0,0,1.0,0.95,0.050000000000000044
"((Calcium <= 6.420) U[1,1] (PaCO2 >= 0.683))
",7227806256649443.000,6.420,0.000,0.000,1.000,19,0,0,1,20,0,19,1,0.95,0,0,1.0,0.95,0.050000000000000044
"((Platelets >= 4.062) U[1,2] (Resp >= 1.755))
",-9999999.000,-9999999.000,0.000,0.000,1.000,19,0,0,1,20,0,19,1,0.95,0,0,1.0,0.95,0.050000000000000044
"F[1,1](((MAP <= 102.525 | Chloride <= 25.285) & PTT >= 1.139) & DBP <= 77.725)
",-5130816881519810.000,-1.139,0.000,0.000,1.000,19,0,0,1,20,0,19,1,0.95,0,0,1.0,0.95,0.050000000000000044
"F[0,1]((Creatinine >= 0.008 -> Temp >= 2.987) & Potassium >= 3.011)
",-9999999.000,-9999999.000,0.000,0.000,1.000,19,0,0,1,20,0,19,1,0.95,0,0,1.0,0.95,0.050000000000000044
"F[0,0]((Chloride >= 3.484 | MAP <= 108.975) -> HCO3 >= 63.372)
",-0.863,-9.285,0.000,0.000,1.000,19,0,0,1,20,0,19,1,0.95,0,0,1.0,0.95,0.050000000000000044
"F[1,1]((Calcium <= 4.447 -> Hgb <= 5.300) -> PTT >= 0.035)
",0.035,0.035,0.000,0.000,1.000,19,0,0,1,20,0,19,1,0.95,0,0,1.0,0.95,0.050000000000000044
"F[0,1](((TroponinI <= 0.000 & SepsisLabel >= 0.000) & Glucose <= 0.000) & Resp <= 0.000)
",-9999999.000,-9999999.000,0.000,0.000,1.000,19,0,0,1,20,0,19,1,0.95,0,0,1.0,0.95,0.050000000000000044
"((Glucose <= 41.257) U[0,1] (Hgb >= 0.372))
",-9999999.000,-9999999.000,0.000,0.000,1.000,18,0,0,2,20,0,18,2,0.9,0,0,1.0,0.9,0.09999999999999998
"((Hgb >= 0.398) U[0,1] (Phosphate >= 0.054))
",-9999999.000,-9999999.000,0.000,0.000,1.000,18,0,0,2,20,0,18,2,0.9,0,0,1.0,0.9,0.09999999999999998
"F[0,1](Creatinine >= 0.021 & SepsisLabel = 0.000)
",-9999999.000,-9999999.000,0.000,0.000,1.000,18,0,0,2,20,0,18,2,0.9,0,0,1.0,0.9,0.09999999999999998
"F[0,1](((BUN >= 0.668 & Hct >= 0.619) & EtCO2 <= 27.956) & Bilirubin_direct <= 7.745)
",-9999999.000,-9999999.000,0.000,0.000,1.000,18,0,0,2,20,0,18,2,0.9,0,0,1.0,0.9,0.09999999999999998
"F[0,1](Phosphate >= 0.073 & SepsisLabel = 0.000)
",-9999999.000,-9999999.000,0.000,0.000,1.000,18,0,0,2,20,0,18,2,0.9,0,0,1.0,0.9,0.09999999999999998
"F[0,1](Alkalinephos >= 0.000 -> Hgb >= 0.260)
",-9999999.000,-9999999.000,0.000,0.000,1.000,18,0,0,2,20,0,18,2,0.9,0,0,1.0,0.9,0.09999999999999998
"F[0,1]((Hgb <= 0.812 | PaCO2 >= 0.868) -> BUN >= 0.882)
",-9999999.000,-9999999.000,0.000,0.000,1.000,18,0,0,2,20,0,18,2,0.9,0,0,1.0,0.9,0.09999999999999998
"F[0,1](Hct <= 3.807 -> PTT >= 0.634)
",-9999999.000,-9999999.000,0.000,0.000,1.000,18,0,0,2,20,0,18,2,0.9,0,0,1.0,0.9,0.09999999999999998
"F[0,1](Hgb >= 0.221 & Bilirubin_total >= 0.000)
",-9999999.000,-9999999.000,0.000,0.000,1.000,18,0,0,2,20,0,18,2,0.9,0,0,1.0,0.9,0.09999999999999998
"F[0,1](SepsisLabel <= 0.000 & Platelets >= 8.137)
",-9999999.000,-9999999.000,0.000,0.000,1.000,18,0,0,2,20,0,18,2,0.9,0,0,1.0,0.9,0.09999999999999998
"F[0,1]((FiO2 <= 0.299 | Potassium <= 1.823) -> Hct >= 0.096)
",-9999999.000,-9999999.000,0.000,0.000,1.000,18,0,0,2,20,0,18,2,0.9,0,0,1.0,0.9,0.09999999999999998
"F[1,1](((Calcium <= 4.477 -> FiO2 >= 0.015) -> Calcium >= 0.047) & Hct >= 0.020)
",-5900384473131589.000,-0.020,0.000,0.000,1.000,18,0,0,2,20,0,18,2,0.9,0,0,1.0,0.9,0.09999999999999998
"F[1,1]((BaseExcess <= 0.000 & Magnesium <= 0.814) -> Bilirubin_direct >= 0.147)
",0.000,0.000,0.000,0.000,1.000,17,0,0,3,20,0,17,3,0.85,0,0,1.0,0.85,0.15000000000000002
"F[1,1]((DBP >= 13.723 -> Temp >= 5.380) -> Temp >= 8.312)
",-5.380,-5.380,0.000,0.000,1.000,16,0,0,4,20,0,16,4,0.8,0,0,1.0,0.8,0.19999999999999996
"((DBP >= 6.262) U[1,2] (O2Sat >= 24.328))
",-9999999.000,-9999999.000,0.000,0.000,1.000,14,0,0,6,20,0,14,6,0.7,0,0,1.0,0.7,0.30000000000000004
"F[0,1]((pH >= 0.040 -> pH <= 5.559) & FiO2 >= 0.156)
",-9999999.000,-9999999.000,0.000,0.000,1.000,13,0,0,7,20,0,13,7,0.65,0,0,1.0,0.65,0.35
"F[0,1](((WBC <= 16.609 -> SBP <= 112.460) | Hct >= 83.983) -> BUN >= 96.244)
",-9999999.000,-9999999.000,0.000,0.000,1.000,12,0,0,8,20,0,12,8,0.6,0,0,1.0,0.6,0.4
"((Phosphate <= 0.993) U[0,1] (Temp >= 3.253))
",-9999999.000,-9999999.000,0.000,0.000,1.000,11,0,0,9,20,0,11,9,0.55,0,0,1.0,0.55,0.44999999999999996
"((MAP >= 69.159) U[1,1] (SBP <= 120.233))
",8460623997761154.000,120.233,0.000,0.000,1.000,11,0,0,9,20,0,11,9,0.55,0,0,1.0,0.55,0.44999999999999996
"F[0,1](((BUN >= 0.585 | O2Sat <= 95.278) & Hct <= 88.145) -> SBP <= 88.824)
",-9999999.000,-9999999.000,0.000,0.000,1.000,9,0,0,11,20,0,9,11,0.45,0,0,1.0,0.45,0.55
"((FiO2 <= 0.264) U[0,0] (Temp <= 22.182))
",0.373,2.456,0.000,0.000,1.000,9,0,0,11,20,0,9,11,0.45,0,0,1.0,0.45,0.55
"((Temp <= 20.754) U[1,1] (SepsisLabel = 0.000))
",20.754,20.754,0.000,0.000,1.000,9,0,0,11,20,0,9,11,0.45,0,0,1.0,0.45,0.55
"((Chloride >= 0.309) U[0,0] (HR >= 88.142))
",5100478703745666.000,4638.858,0.000,0.000,1.000,9,0,0,11,20,0,9,11,0.45,0,0,1.0,0.45,0.55
"((MAP <= 94.098) U[0,0] (Resp <= 18.133))
",1.969,14.851,0.000,0.000,1.000,7,0,0,13,20,0,7,13,0.35,0,0,1.0,0.35,0.65
"((MAP >= 63.743) U[1,2] (SBP <= 130.611))
",-9999999.000,-9999999.000,0.000,0.000,1.000,7,0,0,13,20,0,7,13,0.35,0,0,1.0,0.35,0.65
"((MAP >= 62.406) U[1,2] (SBP <= 116.353))
",-9999999.000,-9999999.000,0.000,0.000,1.000,7,0,0,13,20,0,7,13,0.35,0,0,1.0,0.35,0.65
"((WBC <= 1.848) U[0,1] (SBP >= 99.377))
",-9999999.000,-9999999.000,0.000,0.000,1.000,7,0,0,13,20,0,7,13,0.35,0,0,1.0,0.35,0.65
"((Creatinine >= 0.029) U[0,0] (FiO2 <= 0.106))
",0.234,5.349,0.000,0.000,1.000,6,0,0,14,20,0,6,14,0.3,0,0,1.0,0.3,0.7
"((MAP >= 61.039) U[1,2] (SBP <= 102.994))
",-9999999.000,-9999999.000,0.000,0.000,1.000,6,0,0,14,20,0,6,14,0.3,0,0,1.0,0.3,0.7
"F[0,1]((Potassium <= 3.380 -> SBP >= 99.475) & Potassium <= 133.337)
",-9999999.000,-9999999.000,0.000,0.000,1.000,6,0,0,14,20,0,6,14,0.3,0,0,1.0,0.3,0.7
"((FiO2 < 0.302) U[1,1] (SepsisLabel = 0.000))
",5441350309877461.000,0.302,0.000,0.000,1.000,6,0,0,14,20,0,6,14,0.3,0,0,1.0,0.3,0.7
"((MAP >= 59.029) U[1,1] (SBP <= 123.806))
",4356049785336665.500,123.806,0.000,0.000,1.000,5,0,0,15,20,0,5,15,0.25,0,0,1.0,0.25,0.75
"((MAP >= 68.690) U[0,1] (SBP <= 108.961))
",-9999999.000,-9999999.000,0.000,0.000,1.000,5,0,0,15,20,0,5,15,0.25,0,0,1.0,0.25,0.75
"F[1,1](((FiO2 >= 0.003 | Magnesium <= 1.755) -> PaCO2 >= 0.019) -> AST >= 0.012)
",0.012,0.012,0.000,0.000,1.000,4,0,0,16,20,0,4,16,0.2,0,0,1.0,0.2,0.8
"F[0,0](((MAP <= 85.330 & PaCO2 >= 1.056) & WBC <= 52.232) | DBP <= 50.147)
",-1.186,-15.608,0.000,0.000,1.000,3,0,0,17,20,0,3,17,0.15,0,0,1.0,0.15,0.85
"F[0,0](SBP <= 110.187 | Temp <= 31.807)
",7.709,104.493,0.000,0.000,1.000,3,0,0,17,20,0,3,17,0.15,0,0,1.0,0.15,0.85
"F[1,1](Hct <= 27.171 & Resp <= 22.870)
",22.870,22.870,0.000,0.000,1.000,3,0,0,17,20,0,3,17,0.15,0,0,1.0,0.15,0.85
"((DBP <= 58.417) U[1,2] (SepsisLabel = 0.000))
",-9999999.000,-9999999.000,0.000,0.000,1.000,3,0,0,17,20,0,3,17,0.15,0,0,1.0,0.15,0.85
"F[0,0](SBP < 121.158 & SepsisLabel = 0.000)
",-0.229,-16.000,0.000,0.000,1.000,3,0,0,17,20,0,3,17,0.15,0,0,1.0,0.15,0.85
"F[1,1](((Potassium >= 0.033 | Platelets >= 3.127) & Bilirubin_direct <= 317.139) -> Bilirubin_total >= 1.103)
",0.033,0.033,0.000,0.000,1.000,3,0,0,17,20,0,3,17,0.15,0,0,1.0,0.15,0.85
"F[1,1]((Magnesium <= 0.430 & Creatinine <= 0.400) & Hct <= 0.467)
",7197274361251828.000,0.400,0.000,0.000,1.000,3,0,0,17,20,0,3,17,0.15,0,0,1.0,0.15,0.85
"F[1,1](((Calcium < 4.632 & Potassium < 3.447) & Magnesium < 0.245) & Phosphate < 3.755)
",0.245,0.245,0.000,0.000,1.000,3,0,0,17,20,0,3,17,0.15,0,0,1.0,0.15,0.85
"F[0,0](((FiO2 <= 0.110 | HR >= 75.514) & MAP >= 87.631) -> Bilirubin_direct >= 72.267)
",-0.976,-14.544,0.000,0.000,1.000,3,0,0,17,20,0,3,17,0.15,0,0,1.0,0.15,0.85
"((Glucose >= 3.767) U[1,2] (Hct >= 1.289))
",-9999999.000,-9999999.000,0.000,0.000,1.000,2,0,0,18,20,0,2,18,0.1,0,0,1.0,0.1,0.9
"F[1,1](Magnesium >= 0.139 -> Calcium <= 4.532)
",-5102431526057514.000,-4.532,0.000,0.000,1.000,2,0,0,18,20,0,2,18,0.1,0,0,1.0,0.1,0.9
"F[0,0](Glucose <= 16.689 -> Resp <= 22.696)
",-8.945,-21.495,0.000,0.000,1.000,2,0,0,18,20,0,2,18,0.1,0,0,1.0,0.1,0.9
"F[1,1](Hgb <= 4.273 | Hct <= 22.220)
",6254332127658676.000,22.220,0.000,0.000,1.000,2,0,0,18,20,0,2,18,0.1,0,0,1.0,0.1,0.9
"F[0,0](SepsisLabel >= 0.000 & HR <= 101.855)
",-5085400236698046.000,-4625.145,0.000,0.000,1.000,1,0,0,19,20,0,1,19,0.05,0,0,1.0,0.05,0.95
"F[1,1](FiO2 >= 0.037 | HR >= 72.285)
",-5271485849739611.000,-0.037,0.000,0.000,1.000,1,0,0,19,20,0,1,19,0.05,0,0,1.0,0.05,0.95
"F[0,1]((HCO3 <= 15.551 & MAP <= 99.699) & Bilirubin_total <= 98.436)
",-9999999.000,-9999999.000,0.000,0.000,1.000,1,0,0,19,20,0,1,19,0.05,0,0,1.0,0.05,0.95
"F[0,1]((Creatinine >= 0.023 | HR >= 82.207) | Potassium >= 88.739)
",-9999999.000,-9999999.000,0.000,0.000,1.000,1,0,0,19,20,0,1,19,0.05,0,0,1.0,0.05,0.95
"F[0,0](((Glucose <= 73.334 | SBP <= 109.449) -> TroponinI <= 139.230) & MAP <= 107.846)
",-4898705005291134.000,-139.230,0.000,0.000,1.000,1,0,0,19,20,0,1,19,0.05,0,0,1.0,0.05,0.95
"((SepsisLabel >= 0.000) U[1,1] (Bilirubin_direct <= 0.000))
",0.000,0.000,0.000,0.000,1.000,0,0,0,20,20,0,0,20,0.0,0,0,0.0,0.0,1.0
"F[2,2]((Creatinine <= 0.050 | Chloride >= 4.689) | Creatinine <= 55.080)
",55.080,55.080,0.000,0.000,1.000,0,0,0,20,20,0,0,20,0.0,0,0,0.0,0.0,1.0
"F[1,1](BaseExcess <= 0.000 | MAP <= 84.869)
",84.869,84.869,0.000,0.000,1.000,0,0,0,20,20,0,0,20,0.0,0,0,0.0,0.0,1.0
"((DBP <= 75.606) U[0,1] (Glucose <= 96.736))
",-9999999.000,-9999999.000,0.000,0.000,1.000,0,0,0,20,20,0,0,20,0.0,0,0,0.0,0.0,1.0
"F[0,2](((Calcium <= 4.061 -> Temp >= 1.776) -> WBC >= 4.483) & Platelets >= 7.769)
",-9999999.000,-9999999.000,0.000,0.000,1.000,0,0,0,20,20,0,0,20,0.0,0,0,0.0,0.0,1.0
"F[0,0]((Hct <= 17.721 | SaO2 >= 0.000) & TroponinI <= 0.000)
",0.000,0.000,0.000,0.000,1.000,0,0,0,20,20,0,0,20,0.0,0,0,0.0,0.0,1.0
"F[1,2](((Magnesium <= 0.783 | SBP <= 130.832) | Hct <= 111.154) -> Chloride <= 113.284)
",-9999999.000,-9999999.000,0.000,0.000,1.000,0,0,0,20,20,0,0,20,0.0,0,0,0.0,0.0,1.0
"F[0,2]((BUN >= 0.183 -> SBP >= 86.978) -> Platelets <= 130.819)
",-9999999.000,-9999999.000,0.000,0.000,1.000,0,0,0,20,20,0,0,20,0.0,0,0,0.0,0.0,1.0
"F[1,2](((FiO2 >= 0.018 -> MAP <= 105.717) | Calcium >= 52.634) | TroponinI >= 66.517)
",-9999999.000,-9999999.000,0.000,0.000,1.000,0,0,0,20,20,0,0,20,0.0,0,0,0.0,0.0,1.0
"F[1,2](((Resp <= 18.908 -> BUN <= 2.547) -> Hgb <= 9.418) & Fibrinogen <= 9.136)
",-9999999.000,-9999999.000,0.000,0.000,1.000,0,0,0,20,20,0,0,20,0.0,0,0,0.0,0.0,1.0
"F[0,1]((MAP <= 83.470 -> SaO2 >= 0.000) | Bilirubin_direct >= 0.000)
",-9999999.000,-9999999.000,0.000,0.000,1.000,0,0,0,20,20,0,0,20,0.0,0,0,0.0,0.0,1.0
"((Creatinine <= 0.694) U[0,2] (HCO3 >= 0.360))
",-9999999.000,-9999999.000,0.000,0.000,1.000,0,0,0,20,20,0,0,20,0.0,0,0,0.0,0.0,1.0
"F[1,2](SaO2 >= 0.000 | TroponinI >= 0.000)
",-9999999.000,-9999999.000,0.000,0.000,1.000,0,0,0,20,20,0,0,20,0.0,0,0,0.0,0.0,1.0
"((Potassium <= 0.731) U[2,2] (PTT >= 0.430))
",3292124481997122.500,0.731,0.000,0.000,1.000,0,0,0,20,20,0,0,20,0.0,0,0,0.0,0.0,1.0
"F[2,2](SepsisLabel <= 0.000 | EtCO2 <= 0.000)
",0.000,0.000,0.000,0.000,1.000,0,0,0,20,20,0,0,20,0.0,0,0,0.0,0.0,1.0
"F[1,2]((pH <= 5.957 | DBP >= 4.059) -> HCO3 <= 25.779)
",-9999999.000,-9999999.000,0.000,0.000,1.000,0,0,0,20,20,0,0,20,0.0,0,0,0.0,0.0,1.0
"F[0,0](Fibrinogen >= 0.000 -> Alkalinephos <= 0.000)
",-0.229,-0.870,0.000,0.000,1.000,0,0,0,20,20,0,0,20,0.0,0,0,0.0,0.0,1.0
"F[1,2]((O2Sat >= 25.896 | Temp >= 3.858) -> Lactate >= 0.162)
",-9999999.000,-9999999.000,0.000,0.000,1.000,0,0,0,20,20,0,0,20,0.0,0,0,0.0,0.0,1.0
"((AST >= 0.000) U[0,2] (Temp >= 5.915))
",-9999999.000,-9999999.000,0.000,0.000,1.000,0,0,0,20,20,0,0,20,0.0,0,0,0.0,0.0,1.0
"F[0,1]((Platelets >= 2.270 | Resp >= 3.576) | MAP <= 22.032)
",-9999999.000,-9999999.000,0.000,0.000,1.000,0,0,0,20,20,0,0,20,0.0,0,0,0.0,0.0,1.0
"((Chloride >= 0.049) U[0,2] (MAP <= 82.436))
",-9999999.000,-9999999.000,0.000,0.000,1.000,0,0,0,20,20,0,0,20,0.0,0,0,0.0,0.0,1.0
"F[2,2](MAP <= 90.892 -> FiO2 <= 0.087)
",-6395946703639060.000,-90.892,0.000,0.000,1.000,0,0,0,20,20,0,0,20,0.0,0,0,0.0,0.0,1.0
"F[1,2](((Hct <= 21.792 | SepsisLabel <= 0.000) & Bilirubin_direct >= 0.000) -> Bilirubin_total >= 0.000)
",-9999999.000,-9999999.000,0.000,0.000,1.000,0,0,0,20,20,0,0,20,0.0,0,0,0.0,0.0,1.0
"F[0,2](Lactate >= 0.000 | MAP <= 100.948)
",-9999999.000,-9999999.000,0.000,0.000,1.000,0,0,0,20,20,0,0,20,0.0,0,0,0.0,0.0,1.0
"F[1,2](((PTT >= 0.402 -> pH <= 3.521) & Magnesium <= 3.463) -> MAP >= 0.034)
",-9999999.000,-9999999.000,0.000,0.000,1.000,0,0,0,20,20,0,0,20,0.0,0,0,0.0,0.0,1.0
"F[1,2](SBP <= 132.457 | SepsisLabel <= 0.000)
",-9999999.000,-9999999.000,0.000,0.000,1.000,0,0,0,20,20,0,0,20,0.0,0,0,0.0,0.0,1.0
"F[2,2](((Glucose >= 4.979 & EtCO2 >= 0.000) | TroponinI <= 0.000) -> FiO2 <= 0.000)
",0.000,0.000,0.000,0.000,1.000,0,0,0,20,20,0,0,20,0.0,0,0,0.0,0.0,1.0
"F[0,0]((PTT >= 0.259 | EtCO2 >= 0.000) | Alkalinephos <= 0.000)
",5.286,16.300,0.000,0.000,1.000,0,0,0,20,20,0,0,20,0.0,0,0,0.0,0.0,1.0
"F[1,2](((pH >= 0.172 | PTT >= 0.606) & EtCO2 <= 17.552) | Glucose >= 0.404)
",-9999999.000,-9999999.000,0.000,0.000,1.000,0,0,0,20,20,0,0,20,0.0,0,0,0.0,0.0,1.0
"F[1,2](PTT <= 7.508 & SBP >= 89.642)
",-9999999.000,-9999999.000,0.000,0.000,1.000,0,0,0,20,20,0,0,20,0.0,0,0,0.0,0.0,1.0
"F[0,2]((Creatinine >= 0.020 | PaCO2 >= 0.419) & SaO2 <= 12.073)
",-9999999.000,-9999999.000,0.000,0.000,1.000,0,0,0,20,20,0,0,20,0.0,0,0,0.0,0.0,1.0
"F[1,2](((PaCO2 <= 10.155 -> Platelets <= 152.013) -> Lactate <= 290.366) & HCO3 >= 10.453)
",-9999999.000,-9999999.000,0.000,0.000,1.000,0,0,0,20,20,0,0,20,0.0,0,0,0.0,0.0,1.0
"F[0,1]((pH <= 4.566 & Platelets >= 5.115) -> SepsisLabel >= 4.048)
",-9999999.000,-9999999.000,0.000,0.000,1.000,0,0,0,20,20,0,0,20,0.0,0,0,0.0,0.0,1.0
"F[0,2](pH >= 0.000 | Phosphate <= 3.114)
",-9999999.000,-9999999.000,0.000,0.000,1.000,0,0,0,20,20,0,0,20,0.0,0,0,0.0,0.0,1.0
"((AST >= 0.000) U[0,0] (Platelets <= 65.506))
",4609603662174446.000,65.506,0.000,0.000,1.000,0,0,0,20,20,0,0,20,0.0,0,0,0.0,0.0,1.0
"F[0,2](((PaCO2 <= 3.089 | Phosphate <= 0.873) & Hgb <= 1.550) -> BUN <= 3.594)
",-9999999.000,-9999999.000,0.000,0.000,1.000,0,0,0,20,20,0,0,20,0.0,0,0,0.0,0.0,1.0
"F[0,2]((PTT <= 1.641 -> Resp <= 19.929) & Fibrinogen <= 21.973)
",-9999999.000,-9999999.000,0.000,0.000,1.000,0,0,0,20,20,0,0,20,0.0,0,0,0.0,0.0,1.0
"F[1,2](BUN <= 14.937 -> pH <= 4.359)
",-9999999.000,-9999999.000,0.000,0.000,1.000,0,0,0,20,20,0,0,20,0.0,0,0,0.0,0.0,1.0
"F[2,2]((Hgb <= 8.578 -> SBP >= 87.774) -> SBP <= 109.579)
",-7710940238370482.000,-109.579,0.000,0.000,1.000,0,0,0,20,20,0,0,20,0.0,0,0,0.0,0.0,1.0
"F[0,2]((Calcium <= 4.719 -> Resp >= 5.867) | BUN >= 4.757)
",-9999999.000,-9999999.000,0.000,0.000,1.000,0,0,0,20,20,0,0,20,0.0,0,0,0.0,0.0,1.0
"((Hct >= 1.152) U[0,2] (SBP >= 86.964))
",-9999999.000,-9999999.000,0.000,0.000,1.000,0,0,0,20,20,0,0,20,0.0,0,0,0.0,0.0,1.0
"F[0,1](Platelets <= 142.265 & Bilirubin_total >= 0.000)
",-9999999.000,-9999999.000,0.000,0.000,1.000,0,0,0,20,20,0,0,20,0.0,0,0,0.0,0.0,1.0
"F[0,1](Lactate >= 0.000 -> Bilirubin_direct >= 0.000)
",-9999999.000,-9999999.000,0.000,0.000,1.000,0,0,0,20,20,0,0,20,0.0,0,0,0.0,0.0,1.0
"F[1,1](Glucose >= 2.380 | Bilirubin_direct <= 0.000)
",0.000,0.000,0.000,0.000,1.000,0,0,0,20,20,0,0,20,0.0,0,0,0.0,0.0,1.0
"((TroponinI <= 0.000) U[1,2] (AST >= 0.000))
",-9999999.000,-9999999.000,0.000,0.000,1.000,0,0,0,20,20,0,0,20,0.0,0,0,0.0,0.0,1.0
"F[0,0](((Hgb <= 8.332 | Resp >= 7.351) -> Bilirubin_total <= 21.085) & WBC <= 18.232)
",-1.664,-29.113,0.000,0.000,1.000,0,0,0,20,20,0,0,20,0.0,0,0,0.0,0.0,1.0
"F[0,2](((HCO3 >= 1.001 & SBP <= 140.452) & Magnesium <= 117.704) -> Fibrinogen <= 126.278)
",-9999999.000,-9999999.000,0.000,0.000,1.000,0,0,0,20,20,0,0,20,0.0,0,0,0.0,0.0,1.0
"F[2,2]((O2Sat >= 82.294 | Bilirubin_total >= 0.000) & BUN <= 0.000)
",0.000,0.000,0.000,0.000,1.000,0,0,0,20,20,0,0,20,0.0,0,0,0.0,0.0,1.0
"F[1,2](Bilirubin_direct <= 0.000 & WBC <= 7.243)
",-9999999.000,-9999999.000,0.000,0.000,1.000,0,0,0,20,20,0,0,20,0.0,0,0,0.0,0.0,1.0
"F[0,1](Potassium <= 3.263 | Resp >= 14.982)
",-9999999.000,-9999999.000,0.000,0.000,1.000,0,0,0,20,20,0,0,20,0.0,0,0,0.0,0.0,1.0
"F[0,1](Lactate <= 0.000 -> Phosphate <= 3.667)
",-9999999.000,-9999999.000,0.000,0.000,1.000,0,0,0,20,20,0,0,20,0.0,0,0,0.0,0.0,1.0
"F[1,2](((Magnesium >= 0.139 | EtCO2 <= 0.000) & Platelets <= 0.000) & PTT <= 0.000)
",-9999999.000,-9999999.000,0.000,0.000,1.000,0,0,0,20,20,0,0,20,0.0,0,0,0.0,0.0,1.0
"((Phosphate >= 0.017) U[0,1] (Resp <= 19.967))
",-9999999.000,-9999999.000,0.000,0.000,1.000,0,0,0,20,20,0,0,20,0.0,0,0,0.0,0.0,1.0
"F[1,2]((Temp <= 19.860 | Alkalinephos >= 0.000) & PTT >= 0.000)
",-9999999.000,-9999999.000,0.000,0.000,1.000,0,0,0,20,20,0,0,20,0.0,0,0,0.0,0.0,1.0
"((Glucose <= 40.357) U[1,2] (SBP <= 116.614))
",-9999999.000,-9999999.000,0.000,0.000,1.000,0,0,0,20,20,0,0,20,0.0,0,0,0.0,0.0,1.0
"F[0,2](((SaO2 <= 0.000 -> Temp <= 18.542) | Lactate >= 6.565) -> DBP >= 2.751)
",-9999999.000,-9999999.000,0.000,0.000,1.000,0,0,0,20,20,0,0,20,0.0,0,0,0.0,0.0,1.0
"F[0,2]((SepsisLabel <= 0.000 -> Platelets <= 279.911) & Chloride <= 221.870)
",-9999999.000,-9999999.000,0.000,0.000,1.000,0,0,0,20,20,0,0,20,0.0,0,0,0.0,0.0,1.0
"F[1,2](DBP <= 59.409 & Hgb <= 2.668)
",-9999999.000,-9999999.000,0.000,0.000,1.000,0,0,0,20,20,0,0,20,0.0,0,0,0.0,0.0,1.0
"((Lactate <= 0.000) U[0,2] (pH <= 5.212))
",-9999999.000,-9999999.000,0.000,0.000,1.000,0,0,0,20,20,0,0,20,0.0,0,0,0.0,0.0,1.0
"F[1,2]((Hgb <= 7.370 | BUN <= 0.918) & TroponinI <= 1.114)
",-9999999.000,-9999999.000,0.000,0.000,1.000,0,0,0,20,20,0,0,20,0.0,0,0,0.0,0.0,1.0
"F[1,2](((TroponinI >= 0.000 & Bilirubin_total <= 0.000) -> WBC <= 0.000) & Hct >= 0.000)
",-9999999.000,-9999999.000,0.000,0.000,1.000,0,0,0,20,20,0,0,20,0.0,0,0,0.0,0.0,1.0
"F[0,1](FiO2 <= 0.275 -> Hct <= 21.334)
",-9999999.000,-9999999.000,0.000,0.000,1.000,0,0,0,20,20,0,0,20,0.0,0,0,0.0,0.0,1.0
"F[2,2]((Platelets <= 237.987 -> BaseExcess <= 0.000) -> SaO2 >= 0.000)
",0.000,0.000,0.000,0.000,1.000,0,0,0,20,20,0,0,20,0.0,0,0,0.0,0.0,1.0
"F[0,2](((FiO2 <= 0.110 | SBP <= 134.908) -> MAP <= 125.946) & O2Sat <= 107.275)
",-9999999.000,-9999999.000,0.000,0.000,1.000,0,0,0,20,20,0,0,20,0.0,0,0,0.0,0.0,1.0
"F[1,1](Bilirubin_total <= 0.000 -> HR <= 99.868)
",-7027606347390052.000,-99.868,0.000,0.000,1.000,0,0,0,20,20,0,0,20,0.0,0,0,0.0,0.0,1.0
"F[1,2](BUN >= 0.209 -> SaO2 >= 0.000)
",-9999999.000,-9999999.000,0.000,0.000,1.000,0,0,0,20,20,0,0,20,0.0,0,0,0.0,0.0,1.0
"F[0,1](BUN <= 10.158 & Lactate <= 0.000)
",-9999999.000,-9999999.000,0.000,0.000,1.000,0,0,0,20,20,0,0,20,0.0,0,0,0.0,0.0,1.0
"F[0,1](((SaO2 <= 0.000 | Bilirubin_total >= 0.000) & SepsisLabel <= 0.000) & PaCO2 <= 0.000)
",-9999999.000,-9999999.000,0.000,0.000,1.000,0,0,0,20,20,0,0,20,0.0,0,0,0.0,0.0,1.0
"((O2Sat >= 75.985) U[1,2] (BUN <= 12.392))
",-9999999.000,-9999999.000,0.000,0.000,1.000,0,0,0,20,20,0,0,20,0.0,0,0,0.0,0.0,1.0
"F[0,1](((WBC >= 0.559 | WBC <= 7.647) & SBP >= 0.263) | Fibrinogen <= 9.405)
",-9999999.000,-9999999.000,0.000,0.000,1.000,0,0,0,20,20,0,0,20,0.0,0,0,0.0,0.0,1.0
"F[1,1]((EtCO2 >= 0.000 -> Calcium <= 6.832) | AST <= 5.695)
",6411626151662740.000,5.695,0.000,0.000,1.000,0,0,0,20,20,0,0,20,0.0,0,0,0.0,0.0,1.0
"F[1,2](((EtCO2 <= 0.000 & Resp <= 23.378) | AST <= 21.999) & HCO3 >= 3.529)
",-9999999.000,-9999999.000,0.000,0.000,1.000,0,0,0,20,20,0,0,20,0.0,0,0,0.0,0.0,1.0
"F[1,2](((Phosphate >= 0.166 -> SepsisLabel <= 0.000) | Glucose >= 0.000) -> Glucose <= 0.000)
",-9999999.000,-9999999.000,0.000,0.000,1.000,0,0,0,20,20,0,0,20,0.0,0,0,0.0,0.0,1.0
"F[0,2](((Creatinine <= 0.489 & Temp >= 7.630) -> Chloride <= 14.950) | Lactate >= 1.272)
",-9999999.000,-9999999.000,0.000,0.000,1.000,0,0,0,20,20,0,0,20,0.0,0,0,0.0,0.0,1.0
"F[0,1]((Hct <= 8.254 -> HR <= 100.133) & O2Sat <= 106.841)
",-9999999.000,-9999999.000,0.000,0.000,1.000,0,0,0,20,20,0,0,20,0.0,0,0,0.0,0.0,1.0
"F[0,1](Chloride <= 100.185 -> HR >= 77.092)
",-9999999.000,-9999999.000,0.000,0.000,1.000,0,0,0,20,20,0,0,20,0.0,0,0,0.0,0.0,1.0
"F[0,1](Lactate >= 0.000 & Alkalinephos >= 0.000)
",-9999999.000,-9999999.000,0.000,0.000,1.000,0,0,0,20,20,0,0,20,0.0,0,0,0.0,0.0,1.0
"((Platelets <= 91.288) U[1,2] (Fibrinogen <= 0.000))
",-9999999.000,-9999999.000,0.000,0.000,1.000,0,0,0,20,20,0,0,20,0.0,0,0,0.0,0.0,1.0
"F[0,2](Alkalinephos >= 0.000 | SepsisLabel >= 0.000)
",-9999999.000,-9999999.000,0.000,0.000,1.000,0,0,0,20,20,0,0,20,0.0,0,0,0.0,0.0,1.0
"F[0,2]((Bilirubin_direct <= 0.000 | Platelets >= 3.522) & Hct <= 235.501)
",-9999999.000,-9999999.000,0.000,0.000,1.000,0,0,0,20,20,0,0,20,0.0,0,0,0.0,0.0,1.0
"F[2,2]((Resp >= 14.763 & MAP <= 116.775) -> Lactate <= 80.899)
",-5692774217974053.000,-80.899,0.000,0.000,1.000,0,0,0,20,20,0,0,20,0.0,0,0,0.0,0.0,1.0
"F[1,2](((BaseExcess <= 0.000 | pH <= 5.222) | Lactate >= 0.011) -> BUN >= 0.008)
",-9999999.000,-9999999.000,0.000,0.000,1.000,0,0,0,20,20,0,0,20,0.0,0,0,0.0,0.0,1.0
"F[0,0](((BaseExcess <= 0.000 & PTT >= 0.484) & Magnesium <= 23.858) -> BUN <= 22.324)
",-6283613086790241.000,-22.324,0.000,0.000,1.000,0,0,0,20,20,0,0,20,0.0,0,0,0.0,0.0,1.0
"F[0,0](((BaseExcess >= 0.000 | TroponinI >= 0.000) -> Bilirubin_total >= 0.000) | Resp <= 0.000)
",0.000,0.000,0.000,0.000,1.000,0,0,0,20,20,0,0,20,0.0,0,0,0.0,0.0,1.0
"F[0,1]((SBP >= 83.379 & SepsisLabel <= 0.000) | HR <= 0.000)
",-9999999.000,-9999999.000,0.000,0.000,1.000,0,0,0,20,20,0,0,20,0.0,0,0,0.0,0.0,1.0
"F[1,2]((HR <= 95.902 -> Alkalinephos >= 0.000) & Bilirubin_direct <= 0.000)
",-9999999.000,-9999999.000,0.000,0.000,1.000,0,0,0,20,20,0,0,20,0.0,0,0,0.0,0.0,1.0
"F[2,2](((WBC >= 0.521 & Calcium >= 0.260) | BaseExcess >= 0.367) & WBC <= 0.464)
",-0.367,-0.367,0.000,0.000,1.000,0,0,0,20,20,0,0,20,0.0,0,0,0.0,0.0,1.0
"F[2,2](((Fibrinogen >= 0.000 | Alkalinephos >= 0.000) -> Potassium <= 0.000) -> O2Sat <= 0.000)
",0.000,0.000,0.000,0.000,1.000,0,0,0,20,20,0,0,20,0.0,0,0,0.0,0.0,1.0
"F[2,2](((Lactate >= 0.000 & Phosphate <= 3.241) | BaseExcess >= 0.113) | DBP <= 2.157)
",4858253401220646.000,2.157,0.000,0.000,1.000,0,0,0,20,20,0,0,20,0.0,0,0,0.0,0.0,1.0
"((FiO2 <= 0.268) U[2,2] (Bilirubin_direct <= 0.000))
",0.268,0.268,0.000,0.000,1.000,0,0,0,20,20,0,0,20,0.0,0,0,0.0,0.0,1.0
"F[1,2]((Bilirubin_direct >= 0.000 & HR >= 76.610) | Temp >= 74.256)
",-9999999.000,-9999999.000,0.000,0.000,1.000,0,0,0,20,20,0,0,20,0.0,0,0,0.0,0.0,1.0
"F[2,2]((Calcium <= 2.776 & Temp <= 34.353) -> PTT >= 5.862)
",-2.776,-2.776,0.000,0.000,1.000,0,0,0,20,20,0,0,20,0.0,0,0,0.0,0.0,1.0
"F[1,2](((DBP >= 9.527 -> Hgb >= 0.044) & Temp <= 0.718) | SepsisLabel <= 4.749)
",-9999999.000,-9999999.000,0.000,0.000,1.000,0,0,0,20,20,0,0,20,0.0,0,0,0.0,0.0,1.0
"F[2,2]((Platelets >= 2.850 | HR <= 104.042) & Temp >= 77.811)
",-77.811,-77.811,0.000,0.000,1.000,0,0,0,20,20,0,0,20,0.0,0,0,0.0,0.0,1.0
"F[2,2](Phosphate <= 1.644 & TroponinI >= 0.000)
",0.000,0.000,0.000,0.000,1.000,0,0,0,20,20,0,0,20,0.0,0,0,0.0,0.0,1.0
"F[0,1](EtCO2 <= 0.000 | Temp >= 3.086)
",-9999999.000,-9999999.000,0.000,0.000,1.000,0,0,0,20,20,0,0,20,0.0,0,0,0.0,0.0,1.0
"F[0,1](((EtCO2 >= 0.000 | Hct >= 0.572) -> EtCO2 <= 19.052) | AST >= 0.662)
",-9999999.000,-9999999.000,0.000,0.000,1.000,0,0,0,20,20,0,0,20,0.0,0,0,0.0,0.0,1.0
"((EtCO2 >= 0.000) U[0,1] (EtCO2 >= 0.000))
",-9999999.000,-9999999.000,0.000,0.000,1.000,0,0,0,20,20,0,0,20,0.0,0,0,0.0,0.0,1.0
"F[2,2]((Creatinine >= 0.036 & Hct >= 0.965) -> Chloride <= 8.952)
",-5039311129549614.000,-8.952,0.000,0.000,1.000,0,0,0,20,20,0,0,20,0.0,0,0,0.0,0.0,1.0
"((HR <= 106.005) U[0,2] (PaCO2 >= 0.942))
",-9999999.000,-9999999.000,0.000,0.000,1.000,0,0,0,20,20,0,0,20,0.0,0,0,0.0,0.0,1.0
"F[1,2]((Phosphate >= 0.168 & Bilirubin_total >= 0.000) | Potassium <= 0.000)
",-9999999.000,-9999999.000,0.000,0.000,1.000,0,0,0,20,20,0,0,20,0.0,0,0,0.0,0.0,1.0
"F[2,2]((Temp >= 6.445 -> Potassium >= 0.241) | pH >= 0.095)
",8688175787995165.000,0.241,0.000,0.000,1.000,0,0,0,20,20,0,0,20,0.0,0,0,0.0,0.0,1.0
"F[0,2](O2Sat >= 14.876 | BaseExcess >= 0.000)
",-9999999.000,-9999999.000,0.000,0.000,1.000,0,0,0,20,20,0,0,20,0.0,0,0,0.0,0.0,1.0
"F[1,2](((SaO2 >= 0.000 | Phosphate <= 1.921) | BaseExcess >= 0.093) | HCO3 >= 0.083)
",-9999999.000,-9999999.000,0.000,0.000,1.000,0,0,0,20,20,0,0,20,0.0,0,0,0.0,0.0,1.0
"F[0,0](((SaO2 <= 0.000 & HR <= 91.110) -> Bilirubin_total <= 106.977) | Glucose <= 106.197)
",7472978709880227.000,106.197,0.000,0.000,1.000,0,0,0,20,20,0,0,20,0.0,0,0,0.0,0.0,1.0
"F[1,2](DBP >= 5.312 -> WBC <= 15.339)
",-9999999.000,-9999999.000,0.000,0.000,1.000,0,0,0,20,20,0,0,20,0.0,0,0,0.0,0.0,1.0
"F[1,2](((WBC >= 0.112 -> pH >= 0.093) | O2Sat >= 0.151) & FiO2 >= 0.175)
",-9999999.000,-9999999.000,0.000,0.000,1.000,0,0,0,20,20,0,0,20,0.0,0,0,0.0,0.0,1.0
"F[1,2]((AST <= 0.000 & O2Sat <= 88.541) & PTT <= 90.540)
",-9999999.000,-9999999.000,0.000,0.000,1.000,0,0,0,20,20,0,0,20,0.0,0,0,0.0,0.0,1.0
"((Lactate >= 0.000) U[1,2] (Creatinine <= 0.146))
",-9999999.000,-9999999.000,0.000,0.000,1.000,0,0,0,20,20,0,0,20,0.0,0,0,0.0,0.0,1.0
"F[1,2](SaO2 >= 0.000 | Resp >= 5.237)
",-9999999.000,-9999999.000,0.000,0.000,1.000,0,0,0,20,20,0,0,20,0.0,0,0,0.0,0.0,1.0
"F[1,2]((SBP <= 107.574 | PaCO2 >= 0.920) -> Temp <= 6.155)
",-9999999.000,-9999999.000,0.000,0.000,1.000,0,0,0,20,20,0,0,20,0.0,0,0,0.0,0.0,1.0
"F[0,1](((HR <= 95.130 -> BaseExcess <= 0.000) & Fibrinogen <= 0.000) | Hgb >= 0.000)
",-9999999.000,-9999999.000,0.000,0.000,1.000,0,0,0,20,20,0,0,20,0.0,0,0,0.0,0.0,1.0
"F[1,2](HR <= 98.666 -> Hgb <= 4.003)
",-9999999.000,-9999999.000,0.000,0.000,1.000,0,0,0,20,20,0,0,20,0.0,0,0,0.0,0.0,1.0
"F[0,1](((HR >= 81.945 | PTT <= 20.149) | Fibrinogen >= 0.290) & SBP >= 0.471)
",-9999999.000,-9999999.000,0.000,0.000,1.000,0,0,0,20,20,0,0,20,0.0,0,0,0.0,0.0,1.0
"((PTT >= 0.201) U[0,0] (Alkalinephos <= 0.000))
",0.229,0.460,0.000,0.000,1.000,0,0,0,20,20,0,0,20,0.0,0,0,0.0,0.0,1.0
"F[0,0]((Hct <= 29.246 -> BaseExcess >= 0.000) | WBC >= 0.000)
",0.229,1.280,0.000,0.000,1.000,0,0,0,20,20,0,0,20,0.0,0,0,0.0,0.0,1.0
"F[0,2](((HR >= 83.968 | Hct <= 6.481) | Bilirubin_direct <= 17.787) -> Magnesium >= 0.845)
",-9999999.000,-9999999.000,0.000,0.000,1.000,0,0,0,20,20,0,0,20,0.0,0,0,0.0,0.0,1.0
"F[1,2](((HR >= 82.296 & EtCO2 <= 0.000) -> DBP <= 0.000) & Bilirubin_direct >= 0.000)
",-9999999.000,-9999999.000,0.000,0.000,1.000,0,0,0,20,20,0,0,20,0.0,0,0,0.0,0.0,1.0
"F[0,2](((Potassium >= 0.217 & AST >= 0.000) & Calcium <= 0.000) -> pH <= 0.000)
",-9999999.000,-9999999.000,0.000,0.000,1.000,0,0,0,20,20,0,0,20,0.0,0,0,0.0,0.0,1.0
"F[0,0](((Hgb <= 5.957 | pH >= 0.154) | Creatinine <= 1.946) | Phosphate >= 0.025)
",6.635,5.758,0.000,0.000,1.000,0,0,0,20,20,0,0,20,0.0,0,0,0.0,0.0,1.0
"F[0,1](Hgb <= 6.965 | Hct <= 9.606)
",-9999999.000,-9999999.000,0.000,0.000,1.000,0,0,0,20,20,0,0,20,0.0,0,0,0.0,0.0,1.0
"((HCO3 <= 28.361) U[2,2] (PaCO2 <= 24.345))
",28.361,28.361,0.000,0.000,1.000,0,0,0,20,20,0,0,20,0.0,0,0,0.0,0.0,1.0
"F[1,2](Magnesium > 0.133 -> SepsisLabel = 0.000)
",-9999999.000,-9999999.000,0.000,0.000,1.000,0,0,0,20,20,0,0,20,0.0,0,0,0.0,0.0,1.0
"((Fibrinogen <= 0.000) U[1,2] (SepsisLabel = 0.000))
",-9999999.000,-9999999.000,0.000,0.000,1.000,0,0,0,20,20,0,0,20,0.0,0,0,0.0,0.0,1.0
"F[0,2](Platelets >= 6.628 -> SepsisLabel = 0.000)
",-9999999.000,-9999999.000,0.000,0.000,1.000,0,0,0,20,20,0,0,20,0.0,0,0,0.0,0.0,1.0
"F[0,0](Resp > 2.160 & SepsisLabel = 0.000)
",-0.254,-17.620,0.000,0.000,1.000,0,0,0,20,20,0,0,20,0.0,0,0,0.0,0.0,1.0
"F[1,2](Platelets < 156.273 & SepsisLabel = 0.000)
",-9999999.000,-9999999.000,0.000,0.000,1.000,0,0,0,20,20,0,0,20,0.0,0,0,0.0,0.0,1.0
"F[0,2](Lactate >= 0.000 & SepsisLabel = 0.000)
",-9999999.000,-9999999.000,0.000,0.000,1.000,0,0,0,20,20,0,0,20,0.0,0,0,0.0,0.0,1.0
"F[1,2](PaCO2 < 24.892 -> SepsisLabel = 0.000)
",-9999999.000,-9999999.000,0.000,0.000,1.000,0,0,0,20,20,0,0,20,0.0,0,0,0.0,0.0,1.0
"F[2,2](MAP > 58.173 -> SepsisLabel = 0.000)
",0.000,0.000,0.000,0.000,1.000,0,0,0,20,20,0,0,20,0.0,0,0,0.0,0.0,1.0
"((Bilirubin_total < 0.000) U[0,1] (SepsisLabel = 0.000))
",-9999999.000,-9999999.000,0.000,0.000,1.000,0,0,0,20,20,0,0,20,0.0,0,0,0.0,0.0,1.0
"F[1,2](SBP > 76.937 -> SepsisLabel = 0.000)
",-9999999.000,-9999999.000,0.000,0.000,1.000,0,0,0,20,20,0,0,20,0.0,0,0,0.0,0.0,1.0
"((Lactate >= 0.000) U[0,2] (SepsisLabel = 0.000))
",-9999999.000,-9999999.000,0.000,0.000,1.000,0,0,0,20,20,0,0,20,0.0,0,0,0.0,0.0,1.0
"F[1,1](AST >= 0.000 & SepsisLabel = 0.000)
",0.000,0.000,0.000,0.000,1.000,0,0,0,20,20,0,0,20,0.0,0,0,0.0,0.0,1.0
"((Glucose < 8.712) U[0,1] (SepsisLabel = 0.000))
",-9999999.000,-9999999.000,0.000,0.000,1.000,0,0,0,20,20,0,0,20,0.0,0,0,0.0,0.0,1.0
"F[0,2](SaO2 < 0.000 & SepsisLabel = 0.000)
",-9999999.000,-9999999.000,0.000,0.000,1.000,0,0,0,20,20,0,0,20,0.0,0,0,0.0,0.0,1.0
"((Magnesium > 0.071) U[0,2] (SepsisLabel = 0.000))
",-9999999.000,-9999999.000,0.000,0.000,1.000,0,0,0,20,20,0,0,20,0.0,0,0,0.0,0.0,1.0
"((WBC > 0.185) U[0,2] (SepsisLabel = 0.000))
",-9999999.000,-9999999.000,0.000,0.000,1.000,0,0,0,20,20,0,0,20,0.0,0,0,0.0,0.0,1.0
"F[1,2](Calcium > 0.046 & SepsisLabel = 0.000)
",-9999999.000,-9999999.000,0.000,0.000,1.000,0,0,0,20,20,0,0,20,0.0,0,0,0.0,0.0,1.0
"((TroponinI <= 0.000) U[0,0] (SepsisLabel = 0.000))
",0.000,0.000,0.000,0.000,1.000,0,0,0,20,20,0,0,20,0.0,0,0,0.0,0.0,1.0
"((BUN <= 12.004) U[0,0] (SepsisLabel = 0.000))
",6757564255382012.000,12.004,0.000,0.000,1.000,0,0,0,20,20,0,0,20,0.0,0,0,0.0,0.0,1.0
"((HCO3 < 20.427) U[0,1] (SepsisLabel = 0.000))
",-9999999.000,-9999999.000,0.000,0.000,1.000,0,0,0,20,20,0,0,20,0.0,0,0,0.0,0.0,1.0
"((HR < 104.793) U[0,1] (SepsisLabel = 0.000))
",-9999999.000,-9999999.000,0.000,0.000,1.000,0,0,0,20,20,0,0,20,0.0,0,0,0.0,0.0,1.0
"F[0,1](((Creatinine <= 0.755 & WBC >= 0.661) & Potassium >= 0.261) | Alkalinephos <= 13.527)
",-9999999.000,-9999999.000,0.000,0.000,1.000,0,0,0,20,20,0,0,20,0.0,0,0,0.0,0.0,1.0
"F[1,2]((HCO3 <= 11.798 & Hgb <= 5.522) | TroponinI <= 8.754)
",-9999999.000,-9999999.000,0.000,0.000,1.000,0,0,0,20,20,0,0,20,0.0,0,0,0.0,0.0,1.0
"F[0,2](((HCO3 >= 0.565 | Hct <= 22.354) -> PaCO2 >= 1.293) & HR <= 7.459)
",-9999999.000,-9999999.000,0.000,0.000,1.000,0,0,0,20,20,0,0,20,0.0,0,0,0.0,0.0,1.0
"F[1,2]((Hct >= 0.531 & Platelets <= 164.845) -> pH <= 42.647)
",-9999999.000,-9999999.000,0.000,0.000,1.000,0,0,0,20,20,0,0,20,0.0,0,0,0.0,0.0,1.0
"F[0,0]((Chloride <= 14.567 | Creatinine >= 0.013) -> PaCO2 <= 0.484)
",-0.969,-19.088,0.000,0.000,1.000,0,0,0,20,20,0,0,20,0.0,0,0,0.0,0.0,1.0
"F[1,2](((Hgb >= 0.114 & WBC <= 6.232) | HCO3 >= 0.134) & Creatinine <= 5.044)
",-9999999.000,-9999999.000,0.000,0.000,1.000,0,0,0,20,20,0,0,20,0.0,0,0,0.0,0.0,1.0
"F[1,1](Hgb >= 0.154 -> Platelets >= 3.088)
",5558610673491202.000,0.154,0.000,0.000,1.000,0,0,0,20,20,0,0,20,0.0,0,0,0.0,0.0,1.0
"F[2,2](((Hct >= 0.976 -> WBC <= 3.594) & DBP <= 3.718) | Hgb <= 7.086)
",7978326617985149.000,7.086,0.000,0.000,1.000,0,0,0,20,20,0,0,20,0.0,0,0,0.0,0.0,1.0
"F[1,2](((Creatinine >= 0.002 | Hct >= 0.122) -> WBC >= 0.562) -> Calcium >= 0.994)
",-9999999.000,-9999999.000,0.000,0.000,1.000,0,0,0,20,20,0,0,20,0.0,0,0,0.0,0.0,1.0
"F[1,1](((Chloride <= 78.045 -> Glucose >= 2.304) -> Hct <= 76.544) | PTT >= 4.584)
",-5160810450163566.000,-4.584,0.000,0.000,1.000,0,0,0,20,20,0,0,20,0.0,0,0,0.0,0.0,1.0
"F[1,2](Chloride <= 90.440 & WBC >= 0.667)
",-9999999.000,-9999999.000,0.000,0.000,1.000,0,0,0,20,20,0,0,20,0.0,0,0,0.0,0.0,1.0
"((Creatinine <= 0.597) U[2,2] (Platelets <= 152.604))
",5369282653660389.000,152.604,0.000,0.000,1.000,0,0,0,20,20,0,0,20,0.0,0,0,0.0,0.0,1.0
"F[0,2]((Chloride >= 1.559 | Hct <= 11.543) -> BUN >= 0.202)
",-9999999.000,-9999999.000,0.000,0.000,1.000,0,0,0,20,20,0,0,20,0.0,0,0,0.0,0.0,1.0
"F[2,2](Hgb < 5.204 & SepsisLabel = 0.000)
",0.000,0.000,0.000,0.000,1.000,0,0,0,20,20,0,0,20,0.0,0,0,0.0,0.0,1.0
"F[2,2](TroponinI <= 0.000 & SepsisLabel = 0.000)
",0.000,0.000,0.000,0.000,1.000,0,0,0,20,20,0,0,20,0.0,0,0,0.0,0.0,1.0
"((EtCO2 >= 0.000) U[0,2] (SepsisLabel = 0.000))
",-9999999.000,-9999999.000,0.000,0.000,1.000,0,0,0,20,20,0,0,20,0.0,0,0,0.0,0.0,1.0
"F[0,0]((Phosphate >= 0.029 & Magnesium > 5.5424121201564643e-05) -> Calcium < 4.570)
",-4.570,-4.570,0.000,0.000,1.000,0,0,0,20,20,0,0,20,0.0,0,0,0.0,0.0,1.0
"F[2,2](Calcium <= 6.153 & Chloride <= 88.249)
",6927132400447662.000,6.153,0.000,0.000,1.000,0,0,0,20,20,0,0,20,0.0,0,0,0.0,0.0,1.0
"F[0,2](((Calcium < 1.624 & Potassium < 0.319) & Magnesium < 1.565) & Phosphate < 3.642)
",-9999999.000,-9999999.000,0.000,0.000,1.000,0,0,0,20,20,0,0,20,0.0,0,0,0.0,0.0,1.0
"F[0,1]((Phosphate >= 0.058 & Magnesium > 0.076) -> Calcium < 5.779)
",-9999999.000,-9999999.000,0.000,0.000,1.000,0,0,0,20,20,0,0,20,0.0,0,0,0.0,0.0,1.0
"F[2,2](((Calcium < 6.109 & Potassium < 3.988) & Magnesium < 0.381) & Phosphate < 2.535)
",6857483214087489.000,0.381,0.000,0.000,1.000,0,0,0,20,20,0,0,20,0.0,0,0,0.0,0.0,1.0
"F[0,2](Hgb <= 1.179 | Hct <= 16.334)
",-9999999.000,-9999999.000,0.000,0.000,1.000,0,0,0,20,20,0,0,20,0.0,0,0,0.0,0.0,1.0
"F[0,1]((Phosphate >= 0.122 & Magnesium > 0.109) -> Calcium < 5.832)
",-9999999.000,-9999999.000,0.000,0.000,1.000,0,0,0,20,20,0,0,20,0.0,0,0,0.0,0.0,1.0
"F[1,2](((Calcium < 6.397 & Potassium < 3.509) & Magnesium < 0.235) & Phosphate < 0.942)
",-9999999.000,-9999999.000,0.000,0.000,1.000,0,0,0,20,20,0,0,20,0.0,0,0,0.0,0.0,1.0
"F[0,1](Hgb <= 7.145 | Hct <= 6.745)
",-9999999.000,-9999999.000,0.000,0.000,1.000,0,0,0,20,20,0,0,20,0.0,0,0,0.0,0.0,1.0
"F[0,2]((Phosphate >= 0.121 & Magnesium > 0.136) -> Calcium < 2.485)
",-9999999.000,-9999999.000,0.000,0.000,1.000,0,0,0,20,20,0,0,20,0.0,0,0,0.0,0.0,1.0
"F[0,2]((Calcium <= 4.045 & Potassium <= 2.765) & Magnesium >= 0.112)
",-9999999.000,-9999999.000,0.000,0.000,1.000,0,0,0,20,20,0,0,20,0.0,0,0,0.0,0.0,1.0
"F[1,2]((Calcium <= 5.436 & Potassium <= 1.757) & Magnesium >= 0.028)
",-9999999.000,-9999999.000,0.000,0.000,1.000,0,0,0,20,20,0,0,20,0.0,0,0,0.0,0.0,1.0
"F[0,1](Hgb <= 6.583 | Hct <= 21.959)
",-9999999.000,-9999999.000,0.000,0.000,1.000,0,0,0,20,20,0,0,20,0.0,0,0,0.0,0.0,1.0
"F[0,2]((Phosphate >= 0.019 & Magnesium > 0.139) -> Calcium < 4.473)
",-9999999.000,-9999999.000,0.000,0.000,1.000,0,0,0,20,20,0,0,20,0.0,0,0,0.0,0.0,1.0
"F[0,2](((Calcium < 1.560 & Potassium < 1.772) & Magnesium < 0.336) & Phosphate < 1.877)
",-9999999.000,-9999999.000,0.000,0.000,1.000,0,0,0,20,20,0,0,20,0.0,0,0,0.0,0.0,1.0
"F[2,2]((Calcium <= 3.212 & Potassium <= 4.126) & Magnesium >= 0.086)
",-6207309234603604.000,-0.086,0.000,0.000,1.000,0,0,0,20,20,0,0,20,0.0,0,0,0.0,0.0,1.0
"F[1,2](Hgb <= 7.113 | Hct <= 16.750)
",-9999999.000,-9999999.000,0.000,0.000,1.000,0,0,0,20,20,0,0,20,0.0,0,0,0.0,0.0,1.0
"F[0,1]((Phosphate >= 0.003 & Magnesium > 0.083) -> Calcium < 5.296)
",-9999999.000,-9999999.000,0.000,0.000,1.000,0,0,0,20,20,0,0,20,0.0,0,0,0.0,0.0,1.0
"F[0,1](((Calcium < 5.706 & Potassium < 3.644) & Magnesium < 0.433) & Phosphate < 0.404)
",-9999999.000,-9999999.000,0.000,0.000,1.000,0,0,0,20,20,0,0,20,0.0,0,0,0.0,0.0,1.0
"((MAP >= 57.464) U[0,2] (SBP <= 136.154))
",-9999999.000,-9999999.000,0.000,0.000,1.000,0,0,0,20,20,0,0,20,0.0,0,0,0.0,0.0,1.0
"F[2,2]((Calcium <= 4.932 & Potassium <= 0.566) & Magnesium >= 0.059)
",-4276746155823929.500,-0.059,0.000,0.000,1.000,0,0,0,20,20,0,0,20,0.0,0,0,0.0,0.0,1.0
"F[0,2](((Calcium < 7.530 & Potassium < 3.630) & Magnesium < 0.972) & Phosphate < 0.385)
",-9999999.000,-9999999.000,0.000,0.000,1.000,0,0,0,20,20,0,0,20,0.0,0,0,0.0,0.0,1.0
"F[1,2]((Phosphate >= 0.069 & Magnesium > 0.137) -> Calcium < 6.519)
",-9999999.000,-9999999.000,0.000,0.000,1.000,0,0,0,20,20,0,0,20,0.0,0,0,0.0,0.0,1.0
"F[0,0](Hgb <= 1.817 | Hct <= 24.952)
",7023409163531422.000,24.952,0.000,0.000,1.000,0,0,0,20,20,0,0,20,0.0,0,0,0.0,0.0,1.0
"((MAP >= 68.938) U[2,2] (SBP <= 126.769))
",8920545004458685.000,126.769,0.000,0.000,1.000,0,0,0,20,20,0,0,20,0.0,0,0,0.0,0.0,1.0
"F[0,1]((Phosphate >= 0.083 & Magnesium > 0.063) -> Calcium < 7.338)
",-9999999.000,-9999999.000,0.000,0.000,1.000,0,0,0,20,20,0,0,20,0.0,0,0,0.0,0.0,1.0
"F[0,0](((Calcium < 5.496 & Potassium < 3.751) & Magnesium < 0.757) & Phosphate < 3.133)
",3.606,0.712,0.000,0.000,1.000,0,0,0,20,20,0,0,20,0.0,0,0,0.0,0.0,1.0
"F[0,2]((Calcium <= 6.820 & Potassium <= 3.646) & Magnesium >= 0.029)
",-9999999.000,-9999999.000,0.000,0.000,1.000,0,0,0,20,20,0,0,20,0.0,0,0,0.0,0.0,1.0
"F[1,2](Hgb <= 1.136 | Hct <= 25.190)
",-9999999.000,-9999999.000,0.000,0.000,1.000,0,0,0,20,20,0,0,20,0.0,0,0,0.0,0.0,1.0
"F[2,2]((Phosphate >= 0.177 & Magnesium > 0.116) -> Calcium < 5.964)
",-5.964,-5.964,0.000,0.000,1.000,0,0,0,20,20,0,0,20,0.0,0,0,0.0,0.0,1.0
"F[0,2](((Calcium < 6.909 & Potassium < 2.220) & Magnesium < 1.640) & Phosphate < 3.087)
",-9999999.000,-9999999.000,0.000,0.000,1.000,0,0,0,20,20,0,0,20,0.0,0,0,0.0,0.0,1.0
"F[0,2]((Calcium <= 5.550 & Potassium <= 1.995) & Magnesium >= 0.127)
",-9999999.000,-9999999.000,0.000,0.000,1.000,0,0,0,20,20,0,0,20,0.0,0,0,0.0,0.0,1.0
"F[0,2](Hgb <= 7.180 | Hct <= 6.390)
",-9999999.000,-9999999.000,0.000,0.000,1.000,0,0,0,20,20,0,0,20,0.0,0,0,0.0,0.0,1.0
"((MAP >= 62.589) U[2,2] (SBP <= 106.013))
",7460006525593517.000,106.013,0.000,0.000,1.000,0,0,0,20,20,0,0,20,0.0,0,0,0.0,0.0,1.0
"F[0,2]((Phosphate >= 0.111 & Magnesium > 0.137) -> Calcium < 4.387)
",-9999999.000,-9999999.000,0.000,0.000,1.000,0,0,0,20,20,0,0,20,0.0,0,0,0.0,0.0,1.0
"F[0,2](((Calcium < 1.300 & Potassium < 2.349) & Magnesium < 0.718) & Phosphate < 0.917)
",-9999999.000,-9999999.000,0.000,0.000,1.000,0,0,0,20,20,0,0,20,0.0,0,0,0.0,0.0,1.0
"F[0,1](Hgb <= 8.224 | Hct <= 27.354)
",-9999999.000,-9999999.000,0.000,0.000,1.000,0,0,0,20,20,0,0,20,0.0,0,0,0.0,0.0,1.0
"((MAP >= 63.343) U[0,2] (SBP <= 115.457))
",-9999999.000,-9999999.000,0.000,0.000,1.000,0,0,0,20,20,0,0,20,0.0,0,0,0.0,0.0,1.0
"F[2,2](((Creatinine >= 0.001 -> Glucose >= 0.604) | Bilirubin_direct >= 2.785) -> Magnesium <= 99.142)
",-99.142,-99.142,0.000,0.000,1.000,0,0,0,20,20,0,0,20,0.0,0,0,0.0,0.0,1.0
"F[0,1]((Phosphate <= 3.569 & WBC <= 2.566) | Chloride <= 9.346)
",-9999999.000,-9999999.000,0.000,0.000,1.000,0,0,0,20,20,0,0,20,0.0,0,0,0.0,0.0,1.0
"((Glucose >= 3.649) U[0,1] (PaCO2 <= 24.397))
",-9999999.000,-9999999.000,0.000,0.000,1.000,0,0,0,20,20,0,0,20,0.0,0,0,0.0,0.0,1.0
"((Magnesium <= 0.352) U[0,2] (MAP <= 75.650))
",-9999999.000,-9999999.000,0.000,0.000,1.000,0,0,0,20,20,0,0,20,0.0,0,0,0.0,0.0,1.0
"F[2,2](MAP >= 52.473 | pH >= 0.119)
",-4282117703074774.500,-0.119,0.000,0.000,1.000,0,0,0,20,20,0,0,20,0.0,0,0,0.0,0.0,1.0
"((BUN >= 0.609) U[0,2] (DBP >= 7.354))
",-9999999.000,-9999999.000,0.000,0.000,1.000,0,0,0,20,20,0,0,20,0.0,0,0,0.0,0.0,1.0
"F[0,2](DBP >= 10.109 | Platelets >= 2.406)
",-9999999.000,-9999999.000,0.000,0.000,1.000,0,0,0,20,20,0,0,20,0.0,0,0,0.0,0.0,1.0
"F[0,2]((DBP <= 38.783 -> Hgb <= 3.307) -> Calcium >= 0.081)
",-9999999.000,-9999999.000,0.000,0.000,1.000,0,0,0,20,20,0,0,20,0.0,0,0,0.0,0.0,1.0
"F[1,2](((DBP <= 42.227 | Hct >= 0.921) -> O2Sat >= 0.975) & BaseExcess >= 0.820)
",-9999999.000,-9999999.000,0.000,0.000,1.000,0,0,0,20,20,0,0,20,0.0,0,0,0.0,0.0,1.0
"F[1,2](((Chloride <= 37.001 & DBP >= 10.856) & BaseExcess <= 56.665) -> PaCO2 <= 76.738)
",-9999999.000,-9999999.000,0.000,0.000,1.000,0,0,0,20,20,0,0,20,0.0,0,0,0.0,0.0,1.0
"F[1,2]((DBP <= 71.200 -> WBC >= 0.657) -> Bilirubin_total <= 8.258)
",-9999999.000,-9999999.000,0.000,0.000,1.000,0,0,0,20,20,0,0,20,0.0,0,0,0.0,0.0,1.0
"F[1,2]((Platelets >= 14.357 | Temp <= 22.877) -> Fibrinogen <= 32.220)
",-9999999.000,-9999999.000,0.000,0.000,1.000,0,0,0,20,20,0,0,20,0.0,0,0,0.0,0.0,1.0
"F[1,1](pH <= 6.220 | Resp >= 2.637)
",6.220,6.220,0.000,0.000,1.000,0,0,0,20,20,0,0,20,0.0,0,0,0.0,0.0,1.0
"F[0,1]((Calcium >= 0.240 & Temp <= 28.565) -> SBP <= 16.819)
",-9999999.000,-9999999.000,0.000,0.000,1.000,0,0,0,20,20,0,0,20,0.0,0,0,0.0,0.0,1.0
"F[2,2](Hgb <= 8.346 | Temp >= 2.871)
",8.346,8.346,0.000,0.000,1.000,0,0,0,20,20,0,0,20,0.0,0,0,0.0,0.0,1.0
"((Glucose <= 63.487) U[0,1] (Temp <= 16.484))
",-9999999.000,-9999999.000,0.000,0.000,1.000,0,0,0,20,20,0,0,20,0.0,0,0,0.0,0.0,1.0
"((PTT >= 0.469) U[0,2] (SBP <= 139.058))
",-9999999.000,-9999999.000,0.000,0.000,1.000,0,0,0,20,20,0,0,20,0.0,0,0,0.0,0.0,1.0
"F[1,2](((DBP <= 75.685 & Potassium >= 0.215) & Potassium >= 0.119) -> BUN >= 0.046)
",-9999999.000,-9999999.000,0.000,0.000,1.000,0,0,0,20,20,0,0,20,0.0,0,0,0.0,0.0,1.0
"F[1,2](MAP <= 93.192 | O2Sat <= 97.171)
",-9999999.000,-9999999.000,0.000,0.000,1.000,0,0,0,20,20,0,0,20,0.0,0,0,0.0,0.0,1.0
"F[0,0]((O2Sat >= 84.224 & Temp <= 15.211) -> HCO3 <= 10.909)
",-6141242994552092.000,-10.909,0.000,0.000,1.000,0,0,0,20,20,0,0,20,0.0,0,0,0.0,0.0,1.0
"F[1,2]((FiO2 <= 0.356 | Glucose <= 35.235) & Hct <= 39.888)
",-9999999.000,-9999999.000,0.000,0.000,1.000,0,0,0,20,20,0,0,20,0.0,0,0,0.0,0.0,1.0
"F[1,1]((FiO2 <= 0.076 & Phosphate <= 2.383) | Creatinine <= 2.798)
",6301241159462684.000,2.798,0.000,0.000,1.000,0,0,0,20,20,0,0,20,0.0,0,0,0.0,0.0,1.0
"F[2,2](MAP <= 85.506 & Potassium >= 0.236)
",-8500301418773501.000,-0.236,0.000,0.000,1.000,0,0,0,20,20,0,0,20,0.0,0,0,0.0,0.0,1.0
"F[1,2](MAP <= 74.890 -> WBC <= 10.896)
",-9999999.000,-9999999.000,0.000,0.000,1.000,0,0,0,20,20,0,0,20,0.0,0,0,0.0,0.0,1.0
"F[0,2]((Glucose >= 0.407 & pH <= 3.793) -> Glucose >= 0.071)
",-9999999.000,-9999999.000,0.000,0.000,1.000,0,0,0,20,20,0,0,20,0.0,0,0,0.0,0.0,1.0
"F[0,2](((Magnesium <= 1.107 & pH <= 3.377) | PTT <= 3.704) -> SepsisLabel <= 4.994)
",-9999999.000,-9999999.000,0.000,0.000,1.000,0,0,0,20,20,0,0,20,0.0,0,0,0.0,0.0,1.0
"F[1,2](((PaCO2 >= 0.410 & Potassium <= 1.478) -> Bilirubin_total <= 2.550) -> HCO3 <= 3.717)
",-9999999.000,-9999999.000,0.000,0.000,1.000,0,0,0,20,20,0,0,20,0.0,0,0,0.0,0.0,1.0
"F[1,2](Calcium >= 0.279 | HR <= 92.037)
",-9999999.000,-9999999.000,0.000,0.000,1.000,0,0,0,20,20,0,0,20,0.0,0,0,0.0,0.0,1.0
"F[1,2]((HR >= 89.421 & MAP <= 85.030) -> Chloride >= 59.761)
",-9999999.000,-9999999.000,0.000,0.000,1.000,0,0,0,20,20,0,0,20,0.0,0,0,0.0,0.0,1.0
"F[1,2](HR <= 97.773 -> Platelets >= 1.220)
",-9999999.000,-9999999.000,0.000,0.000,1.000,0,0,0,20,20,0,0,20,0.0,0,0,0.0,0.0,1.0
"F[1,2](((MAP >= 53.497 -> Platelets <= 147.226) -> Resp <= 102.296) & DBP <= 82.520)
",-9999999.000,-9999999.000,0.000,0.000,1.000,0,0,0,20,20,0,0,20,0.0,0,0,0.0,0.0,1.0
"F[0,0](((Creatinine >= 0.018 | MAP <= 98.423) -> Bilirubin_direct <= 90.429) | BUN >= 52.250)
",-7353578177966717.000,-52.250,0.000,0.000,1.000,0,0,0,20,20,0,0,20,0.0,0,0,0.0,0.0,1.0
"F[1,2](FiO2 <= 0.139 -> PaCO2 >= 0.951)
",-9999999.000,-9999999.000,0.000,0.000,1.000,0,0,0,20,20,0,0,20,0.0,0,0,0.0,0.0,1.0
"F[0,2](((FiO2 >= 0.016 -> PTT <= 14.436) | SepsisLabel <= 11.102) -> O2Sat <= 7.085)
",-9999999.000,-9999999.000,0.000,0.000,1.000,0,0,0,20,20,0,0,20,0.0,0,0,0.0,0.0,1.0
"((DBP <= 58.670) U[0,1] (PTT <= 15.113))
",-9999999.000,-9999999.000,0.000,0.000,1.000,0,0,0,20,20,0,0,20,0.0,0,0,0.0,0.0,1.0
"F[2,2](Hct <= 11.733 & MAP >= 59.516)
",-59.516,-59.516,0.000,0.000,1.000,0,0,0,20,20,0,0,20,0.0,0,0,0.0,0.0,1.0
"F[1,2](((DBP >= 9.414 | O2Sat <= 98.215) | BaseExcess <= 93.037) | Creatinine <= 92.803)
",-9999999.000,-9999999.000,0.000,0.000,1.000,0,0,0,20,20,0,0,20,0.0,0,0,0.0,0.0,1.0
"F[1,2](PTT <= 5.396 & Temp >= 7.566)
",-9999999.000,-9999999.000,0.000,0.000,1.000,0,0,0,20,20,0,0,20,0.0,0,0,0.0,0.0,1.0
"F[1,2]((pH >= 0.004 | Temp >= 0.663) | HCO3 <= 11.374)
",-9999999.000,-9999999.000,0.000,0.000,1.000,0,0,0,20,20,0,0,20,0.0,0,0,0.0,0.0,1.0
"F[0,2](((PaCO2 >= 0.444 & Resp <= 17.110) | Potassium >= 3.918) | PaCO2 >= 10.319)
",-9999999.000,-9999999.000,0.000,0.000,1.000,0,0,0,20,20,0,0,20,0.0,0,0,0.0,0.0,1.0
"((Magnesium >= 0.002) U[1,2] (Temp >= 1.210))
",-9999999.000,-9999999.000,0.000,0.000,1.000,0,0,0,20,20,0,0,20,0.0,0,0,0.0,0.0,1.0
"((Calcium <= 7.134) U[0,2] (Hct <= 7.426))
",-9999999.000,-9999999.000,0.000,0.000,1.000,0,0,0,20,20,0,0,20,0.0,0,0,0.0,0.0,1.0
"F[2,2](((Creatinine <= 0.667 -> Magnesium >= 0.137) | SaO2 >= 0.090) & Potassium >= 0.057)
",-6454693527924684.000,-0.090,0.000,0.000,1.000,0,0,0,20,20,0,0,20,0.0,0,0,0.0,0.0,1.0
"F[1,2](((Phosphate <= 0.386 | PTT <= 1.238) & MAP >= 0.044) | DBP >= 0.323)
",-9999999.000,-9999999.000,0.000,0.000,1.000,0,0,0,20,20,0,0,20,0.0,0,0,0.0,0.0,1.0
"F[0,2](((Platelets <= 242.493 -> Potassium >= 0.179) | Bilirubin_direct >= 0.091) & TroponinI >= 0.055)
",-9999999.000,-9999999.000,0.000,0.000,1.000,0,0,0,20,20,0,0,20,0.0,0,0,0.0,0.0,1.0
"F[2,2]((Creatinine <= 0.097 -> Potassium <= 1.785) | SepsisLabel <= 3.088)
",6953412035739395.000,3.088,0.000,0.000,1.000,0,0,0,20,20,0,0,20,0.0,0,0,0.0,0.0,1.0
"F[1,2]((Hct <= 13.197 -> Potassium >= 0.012) -> Glucose >= 0.053)
",-9999999.000,-9999999.000,0.000,0.000,1.000,0,0,0,20,20,0,0,20,0.0,0,0,0.0,0.0,1.0
"F[0,2](Glucose <= 95.157 -> Potassium <= 3.928)
",-9999999.000,-9999999.000,0.000,0.000,1.000,0,0,0,20,20,0,0,20,0.0,0,0,0.0,0.0,1.0
"F[0,2](Magnesium >= 0.038 & Phosphate >= 0.129)
",-9999999.000,-9999999.000,0.000,0.000,1.000,0,0,0,20,20,0,0,20,0.0,0,0,0.0,0.0,1.0
"((Magnesium <= 2.048) U[0,2] (Platelets >= 14.439))
",-9999999.000,-9999999.000,0.000,0.000,1.000,0,0,0,20,20,0,0,20,0.0,0,0,0.0,0.0,1.0
"F[0,2](((Chloride >= 1.231 -> Magnesium <= 0.212) -> Chloride >= 0.017) & Temp >= 0.010)
",-9999999.000,-9999999.000,0.000,0.000,1.000,0,0,0,20,20,0,0,20,0.0,0,0,0.0,0.0,1.0
"((Potassium <= 0.549) U[0,1] (Temp <= 16.493))
",-9999999.000,-9999999.000,0.000,0.000,1.000,0,0,0,20,20,0,0,20,0.0,0,0,0.0,0.0,1.0
"F[0,1](((Magnesium >= 0.138 & WBC <= 6.214) -> pH <= 11.851) | Fibrinogen <= 16.768)
",-9999999.000,-9999999.000,0.000,0.000,1.000,0,0,0,20,20,0,0,20,0.0,0,0,0.0,0.0,1.0
"F[0,1]((Glucose <= 84.554 -> Magnesium <= 1.039) -> SBP >= 0.075)
",-9999999.000,-9999999.000,0.000,0.000,1.000,0,0,0,20,20,0,0,20,0.0,0,0,0.0,0.0,1.0
"F[0,2](Calcium >= 0.067 & Magnesium <= 0.466)
",-9999999.000,-9999999.000,0.000,0.000,1.000,0,0,0,20,20,0,0,20,0.0,0,0,0.0,0.0,1.0
"((BUN >= 0.045) U[0,0] (Creatinine <= 0.281))
",3.720,0.265,0.000,0.000,1.000,0,0,0,20,20,0,0,20,0.0,0,0,0.0,0.0,1.0
"F[0,0](((BUN <= 13.421 | Hgb <= 3.786) -> BaseExcess >= 0.278) -> Lactate <= 2.761)
",-0.553,-1.952,0.000,0.000,1.000,0,0,0,20,20,0,0,20,0.0,0,0,0.0,0.0,1.0
"F[1,2](BUN <= 5.165 -> Chloride >= 0.548)
",-9999999.000,-9999999.000,0.000,0.000,1.000,0,0,0,20,20,0,0,20,0.0,0,0,0.0,0.0,1.0
"F[0,1]((BUN <= 1.765 & WBC >= 0.001) -> Potassium <= 8.233)
",-9999999.000,-9999999.000,0.000,0.000,1.000,0,0,0,20,20,0,0,20,0.0,0,0,0.0,0.0,1.0
"F[1,2]((Creatinine <= 0.140 -> PTT <= 8.783) -> O2Sat <= 14.155)
",-9999999.000,-9999999.000,0.000,0.000,1.000,0,0,0,20,20,0,0,20,0.0,0,0,0.0,0.0,1.0
"((Hgb <= 0.618) U[2,2] (PTT <= 13.370))
",13.370,13.370,0.000,0.000,1.000,0,0,0,20,20,0,0,20,0.0,0,0,0.0,0.0,1.0
"F[1,1]((PTT <= 14.346 & WBC >= 0.871) -> O2Sat >= 0.623)
",5615636527962763.000,0.623,0.000,0.000,1.000,0,0,0,20,20,0,0,20,0.0,0,0,0.0,0.0,1.0
"F[0,2](((Calcium >= 0.302 -> PTT >= 0.609) -> Chloride <= 22.414) | Lactate >= 0.343)
",-9999999.000,-9999999.000,0.000,0.000,1.000,0,0,0,20,20,0,0,20,0.0,0,0,0.0,0.0,1.0
"F[1,2]((O2Sat <= 97.997 & SBP >= 92.349) -> Lactate >= 87.171)
",-9999999.000,-9999999.000,0.000,0.000,1.000,0,0,0,20,20,0,0,20,0.0,0,0,0.0,0.0,1.0
"F[0,2](((DBP <= 38.008 & FiO2 <= 0.398) | Calcium >= 0.025) | AST >= 0.016)
",-9999999.000,-9999999.000,0.000,0.000,1.000,0,0,0,20,20,0,0,20,0.0,0,0,0.0,0.0,1.0
"F[0,2]((HR <= 94.510 -> SBP <= 126.974) -> Bilirubin_total <= 110.335)
",-9999999.000,-9999999.000,0.000,0.000,1.000,0,0,0,20,20,0,0,20,0.0,0,0,0.0,0.0,1.0
"((FiO2 <= 0.274) U[0,2] (HR >= 85.290))
",-9999999.000,-9999999.000,0.000,0.000,1.000,0,0,0,20,20,0,0,20,0.0,0,0,0.0,0.0,1.0
"F[1,2](((Magnesium >= 0.014 -> O2Sat <= 88.925) & Chloride >= 5.377) | Bilirubin_direct <= 95.496)
",-9999999.000,-9999999.000,0.000,0.000,1.000,0,0,0,20,20,0,0,20,0.0,0,0,0.0,0.0,1.0
"F[0,1](((Resp >= 8.074 | Temp >= 1.277) & O2Sat >= 3.459) | Potassium >= 6.228)
",-9999999.000,-9999999.000,0.000,0.000,1.000,0,0,0,20,20,0,0,20,0.0,0,0,0.0,0.0,1.0
"F[0,2](FiO2 >= 0.015 | SBP <= 131.763)
",-9999999.000,-9999999.000,0.000,0.000,1.000,0,0,0,20,20,0,0,20,0.0,0,0,0.0,0.0,1.0
"((O2Sat >= 6.288) U[0,1] (Potassium <= 3.130))
",-9999999.000,-9999999.000,0.000,0.000,1.000,0,0,0,20,20,0,0,20,0.0,0,0,0.0,0.0,1.0
"F[1,1](DBP <= 70.118 | Resp <= 23.090)
",4934150641499322.000,70.118,0.000,0.000,1.000,0,0,0,20,20,0,0,20,0.0,0,0,0.0,0.0,1.0
"F[0,2]((O2Sat <= 91.303 | WBC >= 0.841) & SaO2 >= 0.069)
",-9999999.000,-9999999.000,0.000,0.000,1.000,0,0,0,20,20,0,0,20,0.0,0,0,0.0,0.0,1.0
"F[0,1]((Hgb <= 5.764 & O2Sat <= 92.208) | pH <= 88.747)
",-9999999.000,-9999999.000,0.000,0.000,1.000,0,0,0,20,20,0,0,20,0.0,0,0,0.0,0.0,1.0
"F[1,2](O2Sat >= 5.499 | Platelets >= 2.723)
",-9999999.000,-9999999.000,0.000,0.000,1.000,0,0,0,20,20,0,0,20,0.0,0,0,0.0,0.0,1.0
"F[1,2](((O2Sat <= 94.110 & PTT <= 9.795) & Glucose >= 0.042) | Hgb <= 23.934)
",-9999999.000,-9999999.000,0.000,0.000,1.000,0,0,0,20,20,0,0,20,0.0,0,0,0.0,0.0,1.0
"F[1,2](Potassium >= 0.060 -> PTT <= 17.446)
",-9999999.000,-9999999.000,0.000,0.000,1.000,0,0,0,20,20,0,0,20,0.0,0,0,0.0,0.0,1.0
"F[1,2]((BUN >= 0.465 & PTT >= 0.251) | PaCO2 <= 6.793)
",-9999999.000,-9999999.000,0.000,0.000,1.000,0,0,0,20,20,0,0,20,0.0,0,0,0.0,0.0,1.0
"F[1,1](((FiO2 <= 0.223 -> Platelets <= 316.801) | Alkalinephos <= 280.037) | WBC >= 5.769)
",280.037,280.037,0.000,0.000,1.000,0,0,0,20,20,0,0,20,0.0,0,0,0.0,0.0,1.0
