Rule,Discrimination Score,Pos Robustness,Neg Robustness,Percent Class +,Percent Class -,TP,TN,FP,FN,Actual Yes,Actual No,Predicted Yes,Predicted No,TPR/Sens,TNR/Spec,FPR,Precision,Accuracy,MCR
"F[0,0]((DBP <= 50.069 | HR <= 71.487) & Magnesium >= 18.935)
",-3.618,-25.069,0.000,0.000,1.000,29,0,0,0,29,0,29,0,1.0,0,0,1.0,1.0175438596491229,-0.01754385964912286
"F[0,0]((Magnesium <= 1.559 & WBC >= 0.077) & Resp <= 2.466)
",-1.663,-38.583,0.000,0.000,1.000,29,0,0,0,29,0,29,0,1.0,0,0,1.0,1.0175438596491229,-0.01754385964912286
"F[0,0]((Calcium <= 3.733 & Potassium <= 0.784) & Magnesium >= 0.027)
",0.012,0.002,0.000,0.000,1.000,29,0,0,0,29,0,29,0,1.0,0,0,1.0,1.0175438596491229,-0.01754385964912286
"F[0,0]((Calcium <= 3.993 & Potassium <= 1.993) & Magnesium >= 0.033)
",0.104,0.039,0.000,0.000,1.000,29,0,0,0,29,0,29,0,1.0,0,0,1.0,1.0175438596491229,-0.01754385964912286
"F[0,0]((Calcium <= 2.992 & Potassium <= 4.116) & Magnesium >= 0.024)
",0.133,0.054,0.000,0.000,1.000,29,0,0,0,29,0,29,0,1.0,0,0,1.0,1.0175438596491229,-0.01754385964912286
"F[0,0]((Lactate >= 0.001 -> PaCO2 >= 1.015) & Bilirubin_direct >= 0.435)
",-0.588,-0.647,0.000,0.000,1.000,29,0,0,0,29,0,29,0,1.0,0,0,1.0,1.0175438596491229,-0.01754385964912286
"F[0,0]((Calcium >= 0.405 | MAP <= 65.950) & Magnesium >= 9.084)
",-22.057,-9.005,0.000,0.000,1.000,29,0,0,0,29,0,29,0,1.0,0,0,1.0,1.0175438596491229,-0.01754385964912286
"F[0,0](((Alkalinephos <= 6.815 & PTT <= 17.501) -> Magnesium >= 2.647) & AST >= 1.754)
",-7672983038437347.000,-6.815,0.000,0.000,1.000,29,0,0,0,29,0,29,0,1.0,0,0,1.0,1.0175438596491229,-0.01754385964912286
"F[0,0]((Calcium <= 2.934 & Potassium <= 0.316) & Magnesium >= 0.054)
",-0.594,-0.041,0.000,0.000,1.000,29,0,0,0,29,0,29,0,1.0,0,0,1.0,1.0175438596491229,-0.01754385964912286
"F[0,0](((BUN <= 16.564 & Potassium >= 0.049) & pH <= 3.576) & SaO2 >= 0.090)
",-0.090,-0.090,0.000,0.000,1.000,29,0,0,0,29,0,29,0,1.0,0,0,1.0,1.0175438596491229,-0.01754385964912286
"F[0,0](AST >= 0.190 & Hct >= 1.441)
",-6490070439294813.000,-1.441,0.000,0.000,1.000,29,0,0,0,29,0,29,0,1.0,0,0,1.0,1.0175438596491229,-0.01754385964912286
"F[1,1]((Alkalinephos <= 24.012 & Creatinine <= 0.596) & Creatinine >= 0.047)
",-3405791800524889.000,-0.047,0.000,0.000,1.000,28,0,0,1,29,0,28,1,0.9655172413793104,0,0,1.0,0.9824561403508771,0.01754385964912286
"F[0,1](SepsisLabel < 0.000 & SepsisLabel = 0.000)
",-9999999.000,-9999999.000,0.000,0.000,1.000,28,0,0,1,29,0,28,1,0.9655172413793104,0,0,1.0,0.9824561403508771,0.01754385964912286
"F[0,1]((Glucose >= 1.552 & Lactate >= 0.023) & Calcium <= 2.152)
",-9999999.000,-9999999.000,0.000,0.000,1.000,28,0,0,1,29,0,28,1,0.9655172413793104,0,0,1.0,0.9824561403508771,0.01754385964912286
"F[0,0](((BaseExcess <= 0.305 | Hct >= 5.702) | SBP >= 1.013) & Calcium >= 6.431)
",-3620389540849115.000,-6.431,0.000,0.000,1.000,28,0,0,1,29,0,28,1,0.9655172413793104,0,0,1.0,0.9824561403508771,0.01754385964912286
"F[0,1]((Creatinine <= 0.696 -> O2Sat >= 18.533) & PaCO2 >= 59.706)
",-9999999.000,-9999999.000,0.000,0.000,1.000,28,0,0,1,29,0,28,1,0.9655172413793104,0,0,1.0,0.9824561403508771,0.01754385964912286
"F[0,1]((Calcium <= 0.685 & Potassium <= 3.278) & Magnesium >= 0.036)
",-9999999.000,-9999999.000,0.000,0.000,1.000,28,0,0,1,29,0,28,1,0.9655172413793104,0,0,1.0,0.9824561403508771,0.01754385964912286
"F[0,1]((Hct <= 32.199 -> Temp <= 30.315) & Bilirubin_direct >= 7.958)
",-9999999.000,-9999999.000,0.000,0.000,1.000,28,0,0,1,29,0,28,1,0.9655172413793104,0,0,1.0,0.9824561403508771,0.01754385964912286
"F[0,1](((FiO2 <= 0.877 | Resp >= 4.279) & EtCO2 >= 0.499) & Alkalinephos >= 5.811)
",-9999999.000,-9999999.000,0.000,0.000,1.000,28,0,0,1,29,0,28,1,0.9655172413793104,0,0,1.0,0.9824561403508771,0.01754385964912286
"((Bilirubin_total >= 0.058) U[0,0] (Glucose >= 6.085))
",-4182303440253396.000,-0.058,0.000,0.000,1.000,27,0,0,2,29,0,27,2,0.9310344827586207,0,0,1.0,0.9473684210526315,0.052631578947368474
"F[0,0]((Alkalinephos <= 15.008 | WBC >= 0.147) -> BUN >= 0.089)
",-2816207107241368.500,-15.008,0.000,0.000,1.000,27,0,0,2,29,0,27,2,0.9310344827586207,0,0,1.0,0.9473684210526315,0.052631578947368474
"F[0,1]((BUN >= 0.871 & Hgb <= 7.312) & BaseExcess <= 7.481)
",-9999999.000,-9999999.000,0.000,0.000,1.000,27,0,0,2,29,0,27,2,0.9310344827586207,0,0,1.0,0.9473684210526315,0.052631578947368474
"F[0,1](BUN <= 14.389 & Glucose >= 7.656)
",-9999999.000,-9999999.000,0.000,0.000,1.000,27,0,0,2,29,0,27,2,0.9310344827586207,0,0,1.0,0.9473684210526315,0.052631578947368474
"F[0,0](PTT > 2.243 & SepsisLabel = 0.000)
",-0.443,-9.574,0.000,0.000,1.000,27,0,0,2,29,0,27,2,0.9310344827586207,0,0,1.0,0.9473684210526315,0.052631578947368474
"F[0,1](((BUN >= 0.569 | PTT <= 10.327) & O2Sat >= 2.518) & MAP <= 10.090)
",-9999999.000,-9999999.000,0.000,0.000,1.000,27,0,0,2,29,0,27,2,0.9310344827586207,0,0,1.0,0.9473684210526315,0.052631578947368474
"((Lactate >= 0.020) U[1,1] (SepsisLabel >= 0.000))
",0.000,0.000,0.000,0.000,1.000,27,0,0,2,29,0,27,2,0.9310344827586207,0,0,1.0,0.9473684210526315,0.052631578947368474
"((DBP >= 16.620) U[0,0] (Fibrinogen >= 3.812))
",2.202,48.270,0.000,0.000,1.000,27,0,0,2,29,0,27,2,0.9310344827586207,0,0,1.0,0.9473684210526315,0.052631578947368474
"F[0,1](((DBP >= 13.632 | HCO3 >= 1.553) & Chloride >= 1.091) & AST <= 5.523)
",-9999999.000,-9999999.000,0.000,0.000,1.000,26,0,0,3,29,0,26,3,0.896551724137931,0,0,1.0,0.9122807017543859,0.08771929824561409
"F[0,1](Alkalinephos > 2.061 & SepsisLabel = 0.000)
",-9999999.000,-9999999.000,0.000,0.000,1.000,26,0,0,3,29,0,26,3,0.896551724137931,0,0,1.0,0.9122807017543859,0.08771929824561409
"F[0,0]((Hgb <= 9.539 -> pH <= 4.622) & O2Sat <= 2.685)
",-3.396,-57.392,0.000,0.000,1.000,26,0,0,3,29,0,26,3,0.896551724137931,0,0,1.0,0.9122807017543859,0.08771929824561409
"F[0,1]((MAP >= 32.932 -> PTT <= 7.596) & PaCO2 >= 2.080)
",-9999999.000,-9999999.000,0.000,0.000,1.000,26,0,0,3,29,0,26,3,0.896551724137931,0,0,1.0,0.9122807017543859,0.08771929824561409
"F[1,1](((Platelets <= 92.844 | Potassium <= 3.841) -> AST <= 3.500) -> HCO3 >= 0.051)
",2448832127538076.500,0.051,0.000,0.000,1.000,26,0,0,3,29,0,26,3,0.896551724137931,0,0,1.0,0.9122807017543859,0.08771929824561409
"F[1,1]((O2Sat >= 20.192 | WBC <= 1.977) & Potassium >= 0.082)
",-0.082,-0.082,0.000,0.000,1.000,26,0,0,3,29,0,26,3,0.896551724137931,0,0,1.0,0.9122807017543859,0.08771929824561409
"F[0,1]((Fibrinogen <= 109.160 -> Resp <= 16.204) & PaCO2 >= 0.964)
",-9999999.000,-9999999.000,0.000,0.000,1.000,26,0,0,3,29,0,26,3,0.896551724137931,0,0,1.0,0.9122807017543859,0.08771929824561409
"F[0,1]((HCO3 >= 1.410 & WBC <= 2.722) & TroponinI <= 0.696)
",-9999999.000,-9999999.000,0.000,0.000,1.000,26,0,0,3,29,0,26,3,0.896551724137931,0,0,1.0,0.9122807017543859,0.08771929824561409
"((Lactate >= 0.024) U[0,1] (WBC >= 0.132))
",-9999999.000,-9999999.000,0.000,0.000,1.000,25,0,0,4,29,0,25,4,0.8620689655172413,0,0,1.0,0.8771929824561403,0.1228070175438597
"F[0,1](((Fibrinogen >= 7.647 | HCO3 >= 1.422) | BUN <= 12.105) & Calcium >= 0.309)
",-9999999.000,-9999999.000,0.000,0.000,1.000,25,0,0,4,29,0,25,4,0.8620689655172413,0,0,1.0,0.8771929824561403,0.1228070175438597
"F[0,1](Bilirubin_total <= 0.765 -> Calcium >= 0.262)
",-9999999.000,-9999999.000,0.000,0.000,1.000,25,0,0,4,29,0,25,4,0.8620689655172413,0,0,1.0,0.8771929824561403,0.1228070175438597
"((AST <= 14.120) U[0,1] (Hgb >= 0.366))
",-9999999.000,-9999999.000,0.000,0.000,1.000,25,0,0,4,29,0,25,4,0.8620689655172413,0,0,1.0,0.8771929824561403,0.1228070175438597
"((HCO3 >= 0.844) U[1,2] (PaCO2 <= 33.024))
",-9999999.000,-9999999.000,0.000,0.000,1.000,25,0,0,4,29,0,25,4,0.8620689655172413,0,0,1.0,0.8771929824561403,0.1228070175438597
"((BaseExcess <= 1.181) U[0,1] (Glucose >= 8.134))
",-9999999.000,-9999999.000,0.000,0.000,1.000,24,0,0,5,29,0,24,5,0.8275862068965517,0,0,1.0,0.8421052631578947,0.1578947368421053
"F[1,1]((Bilirubin_total >= 0.004 & Lactate >= 0.021) | MAP <= 1.053)
",1.053,1.053,0.000,0.000,1.000,24,0,0,5,29,0,24,5,0.8275862068965517,0,0,1.0,0.8421052631578947,0.1578947368421053
"((Calcium >= 0.377) U[0,1] (Fibrinogen >= 10.366))
",-9999999.000,-9999999.000,0.000,0.000,1.000,24,0,0,5,29,0,24,5,0.8275862068965517,0,0,1.0,0.8421052631578947,0.1578947368421053
"F[0,1]((BUN <= 12.277 | HCO3 <= 18.674) -> FiO2 >= 0.603)
",-9999999.000,-9999999.000,0.000,0.000,1.000,24,0,0,5,29,0,24,5,0.8275862068965517,0,0,1.0,0.8421052631578947,0.1578947368421053
"F[0,1](((AST <= 2.577 | HR <= 71.126) -> Glucose <= 77.259) -> pH >= 19.042)
",-9999999.000,-9999999.000,0.000,0.000,1.000,24,0,0,5,29,0,24,5,0.8275862068965517,0,0,1.0,0.8421052631578947,0.1578947368421053
"F[0,1](((HR >= 12.508 -> Phosphate <= 2.826) -> EtCO2 <= 0.591) -> HCO3 >= 0.036)
",-9999999.000,-9999999.000,0.000,0.000,1.000,24,0,0,5,29,0,24,5,0.8275862068965517,0,0,1.0,0.8421052631578947,0.1578947368421053
"((DBP >= 11.820) U[0,1] (Fibrinogen >= 6.914))
",-9999999.000,-9999999.000,0.000,0.000,1.000,24,0,0,5,29,0,24,5,0.8275862068965517,0,0,1.0,0.8421052631578947,0.1578947368421053
"F[0,1](((Lactate >= 0.022 -> Hct <= 24.165) | Hgb <= 14.581) & HR <= 8.833)
",-9999999.000,-9999999.000,0.000,0.000,1.000,23,0,0,6,29,0,23,6,0.7931034482758621,0,0,1.0,0.8070175438596491,0.19298245614035092
"((Platelets > 3.112) U[1,2] (SepsisLabel = 0.000))
",-9999999.000,-9999999.000,0.000,0.000,1.000,23,0,0,6,29,0,23,6,0.7931034482758621,0,0,1.0,0.8070175438596491,0.19298245614035092
"F[0,1](((BaseExcess >= -1.484 | Chloride <= 39.276) & HR <= 24.723) & Platelets <= 19.089)
",-9999999.000,-9999999.000,0.000,0.000,1.000,23,0,0,6,29,0,23,6,0.7931034482758621,0,0,1.0,0.8070175438596491,0.19298245614035092
"F[1,1](((Glucose >= 6.927 | Platelets <= 58.228) -> Bilirubin_direct >= 4.940) | PTT >= 2.731)
",-6150085102869802.000,-2.731,0.000,0.000,1.000,23,0,0,6,29,0,23,6,0.7931034482758621,0,0,1.0,0.8070175438596491,0.19298245614035092
"F[0,0]((Hct >= 5.985 | DBP >= 8.903) -> TroponinI >= 24.376)
",-2.242,-54.928,0.000,0.000,1.000,23,0,0,6,29,0,23,6,0.7931034482758621,0,0,1.0,0.8070175438596491,0.19298245614035092
"F[0,0](((BUN >= 0.465 | Platelets <= 66.587) | HR >= 8.909) -> DBP <= 40.875)
",-5658.091,-5658.091,0.000,0.000,1.000,22,0,0,7,29,0,22,7,0.7586206896551724,0,0,1.0,0.7719298245614035,0.22807017543859653
"F[1,1](O2Sat <= 97.546 & pH <= 1.893)
",1.893,1.893,0.000,0.000,1.000,22,0,0,7,29,0,22,7,0.7586206896551724,0,0,1.0,0.7719298245614035,0.22807017543859653
"F[0,1]((AST <= 45.572 | Calcium <= 7.864) -> MAP <= 2.700)
",-9999999.000,-9999999.000,0.000,0.000,1.000,21,0,0,8,29,0,21,8,0.7241379310344828,0,0,1.0,0.7368421052631579,0.26315789473684215
"((Hct > 1.761) U[1,1] (SepsisLabel = 0.000))
",0.000,0.000,0.000,0.000,1.000,21,0,0,8,29,0,21,8,0.7241379310344828,0,0,1.0,0.7368421052631579,0.26315789473684215
"F[1,1]((O2Sat <= 97.902 & SBP <= 110.812) | Fibrinogen >= 42.265)
",6889233147440643.000,97.902,0.000,0.000,1.000,21,0,0,8,29,0,21,8,0.7241379310344828,0,0,1.0,0.7368421052631579,0.26315789473684215
"F[0,0](BUN <= 9.508 -> FiO2 >= 0.015)
",-9.508,-9.508,0.000,0.000,1.000,20,0,0,9,29,0,20,9,0.6896551724137931,0,0,1.0,0.7017543859649122,0.29824561403508776
"F[0,1]((HR >= 10.679 | PTT <= 26.691) & DBP <= 13.781)
",-9999999.000,-9999999.000,0.000,0.000,1.000,20,0,0,9,29,0,20,9,0.6896551724137931,0,0,1.0,0.7017543859649122,0.29824561403508776
"F[1,1](((Hgb >= 0.532 | Potassium >= 0.224) | Alkalinephos >= 0.048) | DBP <= 0.365)
",3283284813955701.500,0.365,0.000,0.000,1.000,19,0,0,10,29,0,19,10,0.6551724137931034,0,0,1.0,0.6666666666666666,0.33333333333333337
"((Chloride >= 7.440) U[0,0] (Temp >= 0.140))
",2.881,88.824,0.000,0.000,1.000,18,0,0,11,29,0,18,11,0.6206896551724138,0,0,1.0,0.631578947368421,0.368421052631579
"F[0,1]((O2Sat >= 33.438 & Platelets >= 6.159) | SaO2 >= 1.373)
",-9999999.000,-9999999.000,0.000,0.000,1.000,18,0,0,11,29,0,18,11,0.6206896551724138,0,0,1.0,0.631578947368421,0.368421052631579
"((Calcium <= 7.002) U[0,0] (Temp >= 1.949))
",3.135,87.974,0.000,0.000,1.000,18,0,0,11,29,0,18,11,0.6206896551724138,0,0,1.0,0.631578947368421,0.368421052631579
"((MAP <= 66.846) U[1,1] (pH <= 4.970))
",4703892834915519.000,66.846,0.000,0.000,1.000,16,0,0,13,29,0,16,13,0.5517241379310345,0,0,1.0,0.5614035087719298,0.4385964912280702
"((MAP < 71.814) U[1,2] (SepsisLabel = 0.000))
",-9999999.000,-9999999.000,0.000,0.000,1.000,14,0,0,15,29,0,14,15,0.4827586206896552,0,0,1.0,0.49122807017543857,0.5087719298245614
"F[0,1](((BaseExcess <= 1.682 -> FiO2 <= 0.169) & Temp >= 0.113) | Platelets >= 0.074)
",-9999999.000,-9999999.000,0.000,0.000,1.000,12,0,0,17,29,0,12,17,0.41379310344827586,0,0,1.0,0.42105263157894735,0.5789473684210527
"((MAP >= 18.035) U[0,1] (SBP <= 114.632))
",-9999999.000,-9999999.000,0.000,0.000,1.000,12,0,0,17,29,0,12,17,0.41379310344827586,0,0,1.0,0.42105263157894735,0.5789473684210527
"((MAP >= 11.313) U[1,1] (SBP <= 134.224))
",134.224,134.224,0.000,0.000,1.000,11,0,0,18,29,0,11,18,0.3793103448275862,0,0,1.0,0.38596491228070173,0.6140350877192983
"((MAP >= 52.233) U[0,1] (SBP <= 117.136))
",-9999999.000,-9999999.000,0.000,0.000,1.000,10,0,0,19,29,0,10,19,0.3448275862068966,0,0,1.0,0.3508771929824561,0.6491228070175439
"((MAP >= 29.884) U[0,1] (SBP <= 118.486))
",-9999999.000,-9999999.000,0.000,0.000,1.000,10,0,0,19,29,0,10,19,0.3448275862068966,0,0,1.0,0.3508771929824561,0.6491228070175439
"F[0,1]((Resp <= 11.764 | Hct <= 23.051) -> DBP <= 19.638)
",-9999999.000,-9999999.000,0.000,0.000,1.000,9,0,0,20,29,0,9,20,0.3103448275862069,0,0,1.0,0.3157894736842105,0.6842105263157895
"F[0,1]((Calcium <= 7.858 -> DBP <= 55.991) & Calcium <= 45.197)
",-9999999.000,-9999999.000,0.000,0.000,1.000,8,0,0,21,29,0,8,21,0.27586206896551724,0,0,1.0,0.2807017543859649,0.7192982456140351
"F[1,1](((AST >= 1.081 | SBP >= 56.415) | Resp >= 62.013) -> SBP <= 134.955)
",-4748323901261765.000,-134.955,0.000,0.000,1.000,8,0,0,21,29,0,8,21,0.27586206896551724,0,0,1.0,0.2807017543859649,0.7192982456140351
"F[0,0](((Chloride >= 0.225 -> pH >= 0.499) -> Hct <= 2.532) & PTT <= 5.768)
",-5701603873876590.000,-2.532,0.000,0.000,1.000,7,0,0,22,29,0,7,22,0.2413793103448276,0,0,1.0,0.24561403508771928,0.7543859649122807
"((FiO2 <= 0.458) U[1,2] (HR >= 50.703))
",-9999999.000,-9999999.000,0.000,0.000,1.000,6,0,0,23,29,0,6,23,0.20689655172413793,0,0,1.0,0.21052631578947367,0.7894736842105263
"F[1,1]((Creatinine >= 0.012 -> Magnesium <= 1.466) -> Hct <= 0.706)
",-3177640973138553.000,-0.706,0.000,0.000,1.000,5,0,0,24,29,0,5,24,0.1724137931034483,0,0,1.0,0.17543859649122806,0.8245614035087719
"F[0,0]((FiO2 >= 0.063 -> Platelets >= 6.191) | Fibrinogen >= 7.515)
",-0.148,-0.208,0.000,0.000,1.000,5,0,0,24,29,0,5,24,0.1724137931034483,0,0,1.0,0.17543859649122806,0.8245614035087719
"((Bilirubin_total >= 0.018) U[0,1] (DBP >= 19.225))
",-9999999.000,-9999999.000,0.000,0.000,1.000,5,0,0,24,29,0,5,24,0.1724137931034483,0,0,1.0,0.17543859649122806,0.8245614035087719
"F[1,1](((FiO2 <= 0.999 -> Temp >= 6.626) -> Temp <= 19.232) | O2Sat <= 17.085)
",4808961347657372.000,17.085,0.000,0.000,1.000,4,0,0,25,29,0,4,25,0.13793103448275862,0,0,1.0,0.14035087719298245,0.8596491228070176
"((MAP >= 38.333) U[1,1] (SBP <= 144.155))
",5072011681925457.000,144.155,0.000,0.000,1.000,4,0,0,25,29,0,4,25,0.13793103448275862,0,0,1.0,0.14035087719298245,0.8596491228070176
"F[1,1](O2Sat >= 43.554 & SepsisLabel = 0.000)
",-6129633214118883.000,-43.554,0.000,0.000,1.000,3,0,0,26,29,0,3,26,0.10344827586206896,0,0,1.0,0.10526315789473684,0.8947368421052632
"((HR > 12.738) U[1,1] (SepsisLabel = 0.000))
",0.000,0.000,0.000,0.000,1.000,3,0,0,26,29,0,3,26,0.10344827586206896,0,0,1.0,0.10526315789473684,0.8947368421052632
"F[0,0](((Glucose >= 1.446 & Resp >= 5.101) -> SBP >= 2.534) -> HR >= 8.791)
",-6221266180445763.000,-5658.209,0.000,0.000,1.000,3,0,0,26,29,0,3,26,0.10344827586206896,0,0,1.0,0.10526315789473684,0.8947368421052632
"((Resp >= 6.443) U[1,1] (SaO2 >= 0.000))
",0.000,0.000,0.000,0.000,1.000,3,0,0,26,29,0,3,26,0.10344827586206896,0,0,1.0,0.10526315789473684,0.8947368421052632
"F[1,1](Chloride <= 72.311 & SBP <= 143.740)
",72.311,72.311,0.000,0.000,1.000,3,0,0,26,29,0,3,26,0.10344827586206896,0,0,1.0,0.10526315789473684,0.8947368421052632
"F[1,1]((MAP <= 82.533 -> WBC <= 3.734) & O2Sat >= 0.055)
",-82.533,-82.533,0.000,0.000,1.000,3,0,0,26,29,0,3,26,0.10344827586206896,0,0,1.0,0.10526315789473684,0.8947368421052632
"F[1,1](((Bilirubin_total <= 1.846 | Hgb >= 0.208) -> HR >= 0.003) & SepsisLabel <= 1.551)
",-8315282705350049.000,-1.846,0.000,0.000,1.000,3,0,0,26,29,0,3,26,0.10344827586206896,0,0,1.0,0.10526315789473684,0.8947368421052632
"((PTT <= 23.911) U[1,2] (Temp <= 23.178))
",-9999999.000,-9999999.000,0.000,0.000,1.000,2,0,0,27,29,0,2,27,0.06896551724137931,0,0,1.0,0.07017543859649122,0.9298245614035088
"F[0,0](Fibrinogen >= 5.393 -> Platelets <= 17.017)
",-3.899,-16.216,0.000,0.000,1.000,2,0,0,27,29,0,2,27,0.06896551724137931,0,0,1.0,0.07017543859649122,0.9298245614035088
"((AST <= 27.935) U[1,1] (Creatinine <= 0.349))
",3931443240262885.000,27.935,0.000,0.000,1.000,2,0,0,27,29,0,2,27,0.06896551724137931,0,0,1.0,0.07017543859649122,0.9298245614035088
"((BUN <= 7.471) U[1,2] (HR >= 37.107))
",-9999999.000,-9999999.000,0.000,0.000,1.000,2,0,0,27,29,0,2,27,0.06896551724137931,0,0,1.0,0.07017543859649122,0.9298245614035088
"((Bilirubin_total >= 0.002) U[1,2] (Phosphate >= 0.137))
",-9999999.000,-9999999.000,0.000,0.000,1.000,2,0,0,27,29,0,2,27,0.06896551724137931,0,0,1.0,0.07017543859649122,0.9298245614035088
"F[0,0](((Potassium <= 1.763 & PTT <= 30.900) & HCO3 <= 10.584) & AST <= 11.955)
",7937604143557697.000,1.763,0.000,0.000,1.000,2,0,0,27,29,0,2,27,0.06896551724137931,0,0,1.0,0.07017543859649122,0.9298245614035088
"F[1,1](Hgb <= 5.265 | Hct <= 12.216)
",6877149494227625.000,12.216,0.000,0.000,1.000,2,0,0,27,29,0,2,27,0.06896551724137931,0,0,1.0,0.07017543859649122,0.9298245614035088
"F[1,1](Hgb <= 3.187 | Hct <= 25.573)
",7198091487112669.000,25.573,0.000,0.000,1.000,2,0,0,27,29,0,2,27,0.06896551724137931,0,0,1.0,0.07017543859649122,0.9298245614035088
"F[1,1](Hgb <= 5.294 | Hct <= 19.922)
",5607650888489198.000,19.922,0.000,0.000,1.000,2,0,0,27,29,0,2,27,0.06896551724137931,0,0,1.0,0.07017543859649122,0.9298245614035088
"F[0,0](((Calcium < 0.897 & Potassium < 1.160) & Magnesium < 1.184) & Phosphate < 0.337)
",1.150,0.289,0.000,0.000,1.000,2,0,0,27,29,0,2,27,0.06896551724137931,0,0,1.0,0.07017543859649122,0.9298245614035088
"((MAP >= 38.173) U[0,0] (SBP <= 144.083))
",8.225,133.795,0.000,0.000,1.000,2,0,0,27,29,0,2,27,0.06896551724137931,0,0,1.0,0.07017543859649122,0.9298245614035088
"F[0,0](((Calcium < 0.446 & Potassium < 1.291) & Magnesium < 1.136) & Phosphate < 2.492)
",1.400,0.392,0.000,0.000,1.000,2,0,0,27,29,0,2,27,0.06896551724137931,0,0,1.0,0.07017543859649122,0.9298245614035088
"F[1,1](((Calcium < 5.039 & Potassium < 2.601) & Magnesium < 0.788) & Phosphate < 2.267)
",0.788,0.788,0.000,0.000,1.000,2,0,0,27,29,0,2,27,0.06896551724137931,0,0,1.0,0.07017543859649122,0.9298245614035088
"F[1,1](Hgb <= 9.912 | Hct <= 23.353)
",23.353,23.353,0.000,0.000,1.000,2,0,0,27,29,0,2,27,0.06896551724137931,0,0,1.0,0.07017543859649122,0.9298245614035088
"((MAP >= 43.728) U[1,2] (SBP <= 121.539))
",-9999999.000,-9999999.000,0.000,0.000,1.000,2,0,0,27,29,0,2,27,0.06896551724137931,0,0,1.0,0.07017543859649122,0.9298245614035088
"((Glucose >= 7.292) U[0,1] (HR >= 0.745))
",-9999999.000,-9999999.000,0.000,0.000,1.000,1,0,0,28,29,0,1,28,0.034482758620689655,0,0,1.0,0.03508771929824561,0.9649122807017544
"F[0,0](((O2Sat <= 96.641 | Phosphate >= 0.066) | HCO3 <= 0.568) & SepsisLabel <= 1.114)
",-0.290,-6.458,0.000,0.000,1.000,1,0,0,28,29,0,1,28,0.034482758620689655,0,0,1.0,0.03508771929824561,0.9649122807017544
"F[0,0]((Phosphate >= 0.079 & Magnesium > 0.040) -> Calcium < 3.069)
",-6910008951133567.000,-3.069,0.000,0.000,1.000,1,0,0,28,29,0,1,28,0.034482758620689655,0,0,1.0,0.03508771929824561,0.9649122807017544
"((Hgb <= 8.052) U[1,2] (Lactate <= 0.268))
",-9999999.000,-9999999.000,0.000,0.000,1.000,1,0,0,28,29,0,1,28,0.034482758620689655,0,0,1.0,0.03508771929824561,0.9649122807017544
"((AST <= 29.673) U[0,0] (Magnesium <= 0.402))
",2784104850378802.500,29.673,0.000,0.000,1.000,1,0,0,28,29,0,1,28,0.034482758620689655,0,0,1.0,0.03508771929824561,0.9649122807017544
"F[1,1]((Phosphate >= 0.066 & Magnesium > 0.059) -> Calcium < 7.906)
",-8901552193380129.000,-7.906,0.000,0.000,1.000,1,0,0,28,29,0,1,28,0.034482758620689655,0,0,1.0,0.03508771929824561,0.9649122807017544
"F[0,0]((BUN <= 19.018 & Resp <= 18.579) | BUN <= 15.125)
",10.689,15.989,0.000,0.000,1.000,1,0,0,28,29,0,1,28,0.034482758620689655,0,0,1.0,0.03508771929824561,0.9649122807017544
"F[1,1]((Fibrinogen <= 24.424 -> pH >= 0.073) -> Calcium <= 3.073)
",-3460396136617371.000,-3.073,0.000,0.000,1.000,1,0,0,28,29,0,1,28,0.034482758620689655,0,0,1.0,0.03508771929824561,0.9649122807017544
"F[0,0]((Glucose >= 5.000 & MAP >= 47.301) | Platelets <= 71.014)
",4.842,68.300,0.000,0.000,1.000,1,0,0,28,29,0,1,28,0.034482758620689655,0,0,1.0,0.03508771929824561,0.9649122807017544
"F[0,1]((HR <= 76.168 & Resp >= 10.447) | Chloride >= 3.381)
",-9999999.000,-9999999.000,0.000,0.000,1.000,1,0,0,28,29,0,1,28,0.034482758620689655,0,0,1.0,0.03508771929824561,0.9649122807017544
"((BaseExcess >= -2.443) U[1,2] (Platelets <= 82.219))
",-9999999.000,-9999999.000,0.000,0.000,1.000,1,0,0,28,29,0,1,28,0.034482758620689655,0,0,1.0,0.03508771929824561,0.9649122807017544
"F[1,1]((Phosphate >= 0.100 & Magnesium > 0.064) -> Calcium < 2.670)
",-6011506209129727.000,-2.670,0.000,0.000,1.000,1,0,0,28,29,0,1,28,0.034482758620689655,0,0,1.0,0.03508771929824561,0.9649122807017544
"F[0,1]((O2Sat >= 86.490 -> BUN >= 0.825) -> HCO3 >= 0.323)
",-9999999.000,-9999999.000,0.000,0.000,1.000,1,0,0,28,29,0,1,28,0.034482758620689655,0,0,1.0,0.03508771929824561,0.9649122807017544
"F[0,0](((MAP >= 31.488 | Phosphate >= 0.006) & Fibrinogen >= 0.088) -> Potassium <= 0.970)
",-0.970,-0.970,0.000,0.000,1.000,1,0,0,28,29,0,1,28,0.034482758620689655,0,0,1.0,0.03508771929824561,0.9649122807017544
"F[1,1](((Platelets >= 9.398 | PTT <= 11.890) | Magnesium >= 2.473) | Phosphate >= 1.691)
",6693647810695939.000,11.890,0.000,0.000,1.000,1,0,0,28,29,0,1,28,0.034482758620689655,0,0,1.0,0.03508771929824561,0.9649122807017544
"F[1,2]((AST <= 25.547 | FiO2 >= 0.043) | Potassium <= 0.625)
",-9999999.000,-9999999.000,0.000,0.000,1.000,0,0,0,29,29,0,0,29,0.0,0,0,0.0,0.0,1.0
"F[0,2](((Phosphate >= 0.066 & Resp <= 12.935) -> WBC <= 14.533) & Resp <= 14.880)
",-9999999.000,-9999999.000,0.000,0.000,1.000,0,0,0,29,29,0,0,29,0.0,0,0,0.0,0.0,1.0
"F[1,2](Chloride >= 1.209 & MAP >= 21.787)
",-9999999.000,-9999999.000,0.000,0.000,1.000,0,0,0,29,29,0,0,29,0.0,0,0,0.0,0.0,1.0
"F[1,2]((DBP >= 37.282 -> Phosphate <= 1.695) -> EtCO2 <= 0.631)
",-9999999.000,-9999999.000,0.000,0.000,1.000,0,0,0,29,29,0,0,29,0.0,0,0,0.0,0.0,1.0
"F[1,2]((Alkalinephos <= 86.384 -> SBP >= 61.954) & PTT <= 108.241)
",-9999999.000,-9999999.000,0.000,0.000,1.000,0,0,0,29,29,0,0,29,0.0,0,0,0.0,0.0,1.0
"F[2,2]((BaseExcess >= -0.796 -> SBP <= 118.461) -> Chloride <= 135.919)
",-4782227331180436.000,-135.919,0.000,0.000,1.000,0,0,0,29,29,0,0,29,0.0,0,0,0.0,0.0,1.0
"F[0,1](Hgb >= 0.459 -> HR >= 44.663)
",-9999999.000,-9999999.000,0.000,0.000,1.000,0,0,0,29,29,0,0,29,0.0,0,0,0.0,0.0,1.0
"F[0,2]((Hgb >= 0.475 -> O2Sat <= 91.257) & TroponinI <= 97.948)
",-9999999.000,-9999999.000,0.000,0.000,1.000,0,0,0,29,29,0,0,29,0.0,0,0,0.0,0.0,1.0
"F[1,2]((HCO3 >= 0.822 & SBP >= 91.247) & BUN >= 89.288)
",-9999999.000,-9999999.000,0.000,0.000,1.000,0,0,0,29,29,0,0,29,0.0,0,0,0.0,0.0,1.0
"F[0,1]((Calcium <= 7.532 & HR <= 74.744) | Calcium <= 62.270)
",-9999999.000,-9999999.000,0.000,0.000,1.000,0,0,0,29,29,0,0,29,0.0,0,0,0.0,0.0,1.0
"((Creatinine <= 0.652) U[1,2] (SBP <= 115.141))
",-9999999.000,-9999999.000,0.000,0.000,1.000,0,0,0,29,29,0,0,29,0.0,0,0,0.0,0.0,1.0
"F[2,2](Lactate <= 1.481 -> Temp >= 8.067)
",-6667698552331041.000,-1.481,0.000,0.000,1.000,0,0,0,29,29,0,0,29,0.0,0,0,0.0,0.0,1.0
"((Glucose >= 0.969) U[0,2] (SBP >= 11.374))
",-9999999.000,-9999999.000,0.000,0.000,1.000,0,0,0,29,29,0,0,29,0.0,0,0,0.0,0.0,1.0
"F[1,2](Chloride >= 5.238 | Resp >= 9.786)
",-9999999.000,-9999999.000,0.000,0.000,1.000,0,0,0,29,29,0,0,29,0.0,0,0,0.0,0.0,1.0
"F[0,1](((BUN <= 3.993 & MAP <= 75.744) | MAP <= 73.626) | Temp <= 75.511)
",-9999999.000,-9999999.000,0.000,0.000,1.000,0,0,0,29,29,0,0,29,0.0,0,0,0.0,0.0,1.0
"F[1,2](BUN >= 1.120 | SBP >= 33.359)
",-9999999.000,-9999999.000,0.000,0.000,1.000,0,0,0,29,29,0,0,29,0.0,0,0,0.0,0.0,1.0
"F[1,2](((O2Sat <= 96.087 | PaCO2 >= 0.410) & FiO2 >= 2.005) | PaCO2 <= 31.555)
",-9999999.000,-9999999.000,0.000,0.000,1.000,0,0,0,29,29,0,0,29,0.0,0,0,0.0,0.0,1.0
"F[2,2](((Calcium < 6.519 & Potassium < 3.418) & Magnesium < 0.458) & Phosphate < 0.564)
",0.458,0.458,0.000,0.000,1.000,0,0,0,29,29,0,0,29,0.0,0,0,0.0,0.0,1.0
"F[0,1](((Calcium <= 8.563 | WBC >= 0.014) | Lactate >= 0.046) | Platelets >= 0.096)
",-9999999.000,-9999999.000,0.000,0.000,1.000,0,0,0,29,29,0,0,29,0.0,0,0,0.0,0.0,1.0
"((DBP <= 64.522) U[0,2] (Hgb <= 3.745))
",-9999999.000,-9999999.000,0.000,0.000,1.000,0,0,0,29,29,0,0,29,0.0,0,0,0.0,0.0,1.0
"((MAP >= 44.693) U[0,2] (SBP <= 118.939))
",-9999999.000,-9999999.000,0.000,0.000,1.000,0,0,0,29,29,0,0,29,0.0,0,0,0.0,0.0,1.0
"F[2,2](FiO2 <= 0.601 -> Hgb >= 0.129)
",-0.601,-0.601,0.000,0.000,1.000,0,0,0,29,29,0,0,29,0.0,0,0,0.0,0.0,1.0
"F[1,2]((BaseExcess >= -0.688 | MAP <= 68.559) | AST >= 52.281)
",-9999999.000,-9999999.000,0.000,0.000,1.000,0,0,0,29,29,0,0,29,0.0,0,0,0.0,0.0,1.0
"F[1,2]((HR <= 75.191 | PaCO2 >= 0.799) -> Lactate <= 14.578)
",-9999999.000,-9999999.000,0.000,0.000,1.000,0,0,0,29,29,0,0,29,0.0,0,0,0.0,0.0,1.0
"F[0,2]((Calcium <= 4.426 & Potassium <= 3.673) & Magnesium >= 0.023)
",-9999999.000,-9999999.000,0.000,0.000,1.000,0,0,0,29,29,0,0,29,0.0,0,0,0.0,0.0,1.0
"F[0,2](Hgb <= 8.427 | Hct <= 19.959)
",-9999999.000,-9999999.000,0.000,0.000,1.000,0,0,0,29,29,0,0,29,0.0,0,0,0.0,0.0,1.0
"F[0,2]((Phosphate >= 0.043 & Magnesium > 0.065) -> Calcium < 5.159)
",-9999999.000,-9999999.000,0.000,0.000,1.000,0,0,0,29,29,0,0,29,0.0,0,0,0.0,0.0,1.0
"F[2,2]((Resp <= 15.417 | WBC <= 0.527) | Bilirubin_total <= 0.659)
",15.417,15.417,0.000,0.000,1.000,0,0,0,29,29,0,0,29,0.0,0,0,0.0,0.0,1.0
"F[0,1](((Calcium < 2.632 & Potassium < 3.967) & Magnesium < 1.506) & Phosphate < 2.045)
",-9999999.000,-9999999.000,0.000,0.000,1.000,0,0,0,29,29,0,0,29,0.0,0,0,0.0,0.0,1.0
"F[0,1]((HR <= 63.300 | Potassium <= 3.676) -> BUN <= 0.587)
",-9999999.000,-9999999.000,0.000,0.000,1.000,0,0,0,29,29,0,0,29,0.0,0,0,0.0,0.0,1.0
"F[0,2](Platelets >= 6.740 -> Temp >= 6.045)
",-9999999.000,-9999999.000,0.000,0.000,1.000,0,0,0,29,29,0,0,29,0.0,0,0,0.0,0.0,1.0
"F[0,1](Magnesium <= 0.626 | Temp <= 15.987)
",-9999999.000,-9999999.000,0.000,0.000,1.000,0,0,0,29,29,0,0,29,0.0,0,0,0.0,0.0,1.0
"F[0,2]((Calcium <= 8.792 & Potassium <= 0.284) & Magnesium >= 0.070)
",-9999999.000,-9999999.000,0.000,0.000,1.000,0,0,0,29,29,0,0,29,0.0,0,0,0.0,0.0,1.0
"F[0,2](DBP <= 52.208 | Glucose <= 29.134)
",-9999999.000,-9999999.000,0.000,0.000,1.000,0,0,0,29,29,0,0,29,0.0,0,0,0.0,0.0,1.0
"F[0,2]((Bilirubin_total <= 4.291 | Temp >= 3.930) | TroponinI <= 16.661)
",-9999999.000,-9999999.000,0.000,0.000,1.000,0,0,0,29,29,0,0,29,0.0,0,0,0.0,0.0,1.0
"F[2,2](pH <= 2.961 & PTT >= 1.243)
",-1.243,-1.243,0.000,0.000,1.000,0,0,0,29,29,0,0,29,0.0,0,0,0.0,0.0,1.0
"F[2,2](Hgb <= 6.859 | Hct <= 13.965)
",7861548461765023.000,13.965,0.000,0.000,1.000,0,0,0,29,29,0,0,29,0.0,0,0,0.0,0.0,1.0
"F[0,1](((O2Sat >= 39.346 | PTT <= 12.881) -> HR >= 0.023) | Hgb <= 19.991)
",-9999999.000,-9999999.000,0.000,0.000,1.000,0,0,0,29,29,0,0,29,0.0,0,0,0.0,0.0,1.0
"F[1,2]((Platelets >= 8.437 & Resp <= 15.602) -> HCO3 <= 12.706)
",-9999999.000,-9999999.000,0.000,0.000,1.000,0,0,0,29,29,0,0,29,0.0,0,0,0.0,0.0,1.0
"F[2,2](BUN >= 1.140 -> DBP >= 32.723)
",1.140,1.140,0.000,0.000,1.000,0,0,0,29,29,0,0,29,0.0,0,0,0.0,0.0,1.0
"((DBP <= 56.453) U[2,2] (WBC <= 0.556))
",7945106487093662.000,56.453,0.000,0.000,1.000,0,0,0,29,29,0,0,29,0.0,0,0,0.0,0.0,1.0
"F[2,2](Glucose >= 8.031 & O2Sat >= 53.522)
",-3766276611151781.000,-53.522,0.000,0.000,1.000,0,0,0,29,29,0,0,29,0.0,0,0,0.0,0.0,1.0
"F[0,2]((O2Sat >= 38.376 & Potassium <= 0.525) | Magnesium >= 0.008)
",-9999999.000,-9999999.000,0.000,0.000,1.000,0,0,0,29,29,0,0,29,0.0,0,0,0.0,0.0,1.0
"F[0,1]((Phosphate >= 0.078 & Magnesium > 0.039) -> Calcium < 6.077)
",-9999999.000,-9999999.000,0.000,0.000,1.000,0,0,0,29,29,0,0,29,0.0,0,0,0.0,0.0,1.0
"F[0,2](((Calcium < 5.020 & Potassium < 3.859) & Magnesium < 1.711) & Phosphate < 2.995)
",-9999999.000,-9999999.000,0.000,0.000,1.000,0,0,0,29,29,0,0,29,0.0,0,0,0.0,0.0,1.0
"F[1,2]((Fibrinogen <= 193.744 -> O2Sat >= 22.050) & Hct >= 4.736)
",-9999999.000,-9999999.000,0.000,0.000,1.000,0,0,0,29,29,0,0,29,0.0,0,0,0.0,0.0,1.0
"F[1,2](((Hct >= 0.560 & Lactate >= 0.025) | MAP >= 0.014) & BaseExcess <= 0.729)
",-9999999.000,-9999999.000,0.000,0.000,1.000,0,0,0,29,29,0,0,29,0.0,0,0,0.0,0.0,1.0
"F[2,2](((BUN <= 13.331 | O2Sat >= 87.396) | Hgb >= 51.702) -> Hgb <= 97.496)
",-3430348503072165.500,-97.496,0.000,0.000,1.000,0,0,0,29,29,0,0,29,0.0,0,0,0.0,0.0,1.0
"F[1,2]((Lactate <= 0.418 -> MAP >= 13.905) -> SBP >= 53.491)
",-9999999.000,-9999999.000,0.000,0.000,1.000,0,0,0,29,29,0,0,29,0.0,0,0,0.0,0.0,1.0
"F[0,2]((Bilirubin_total >= 0.038 -> O2Sat <= 93.619) & SaO2 >= 58.549)
",-9999999.000,-9999999.000,0.000,0.000,1.000,0,0,0,29,29,0,0,29,0.0,0,0,0.0,0.0,1.0
"F[0,2](Bilirubin_total >= 0.081 | SBP >= 41.627)
",-9999999.000,-9999999.000,0.000,0.000,1.000,0,0,0,29,29,0,0,29,0.0,0,0,0.0,0.0,1.0
"F[1,1](((Fibrinogen <= 182.121 -> Hct <= 18.252) -> BaseExcess <= 16.252) & Potassium <= 31.690)
",-4574627346583451.000,-16.252,0.000,0.000,1.000,0,0,0,29,29,0,0,29,0.0,0,0,0.0,0.0,1.0
"F[0,2]((Calcium <= 7.340 & Potassium <= 1.784) & Magnesium >= 0.004)
",-9999999.000,-9999999.000,0.000,0.000,1.000,0,0,0,29,29,0,0,29,0.0,0,0,0.0,0.0,1.0
"F[1,2]((Temp <= 15.678 -> WBC >= 0.047) & MAP >= 0.025)
",-9999999.000,-9999999.000,0.000,0.000,1.000,0,0,0,29,29,0,0,29,0.0,0,0,0.0,0.0,1.0
"F[2,2]((BUN >= 0.485 -> Alkalinephos >= 1.510) & Creatinine <= 47.533)
",8740091785795705.000,0.485,0.000,0.000,1.000,0,0,0,29,29,0,0,29,0.0,0,0,0.0,0.0,1.0
"F[0,0](EtCO2 >= 0.000 | Glucose <= 40.039)
",40.039,40.039,0.000,0.000,1.000,0,0,0,29,29,0,0,29,0.0,0,0,0.0,0.0,1.0
"F[0,2](Lactate >= 0.029 & WBC >= 0.142)
",-9999999.000,-9999999.000,0.000,0.000,1.000,0,0,0,29,29,0,0,29,0.0,0,0,0.0,0.0,1.0
"F[0,2]((Phosphate >= 0.141 & Magnesium > 0.058) -> Calcium < 2.690)
",-9999999.000,-9999999.000,0.000,0.000,1.000,0,0,0,29,29,0,0,29,0.0,0,0,0.0,0.0,1.0
"F[1,2](((Creatinine >= 0.044 -> Glucose <= 103.390) -> SepsisLabel >= 8.091) -> Fibrinogen <= 129.255)
",-9999999.000,-9999999.000,0.000,0.000,1.000,0,0,0,29,29,0,0,29,0.0,0,0,0.0,0.0,1.0
"F[1,2](MAP >= 61.989 -> O2Sat >= 82.235)
",-9999999.000,-9999999.000,0.000,0.000,1.000,0,0,0,29,29,0,0,29,0.0,0,0,0.0,0.0,1.0
"F[0,2](((Calcium < 3.051 & Potassium < 3.678) & Magnesium < 0.747) & Phosphate < 1.790)
",-9999999.000,-9999999.000,0.000,0.000,1.000,0,0,0,29,29,0,0,29,0.0,0,0,0.0,0.0,1.0
"F[1,2](WBC <= 2.763 & Potassium >= 0.149)
",-9999999.000,-9999999.000,0.000,0.000,1.000,0,0,0,29,29,0,0,29,0.0,0,0,0.0,0.0,1.0
"F[1,2](((Potassium >= 0.091 | pH >= 0.251) -> Calcium <= 6.502) & TroponinI <= 7.036)
",-9999999.000,-9999999.000,0.000,0.000,1.000,0,0,0,29,29,0,0,29,0.0,0,0,0.0,0.0,1.0
"F[0,2]((Calcium <= 6.856 & Potassium <= 2.651) & Magnesium >= 0.049)
",-9999999.000,-9999999.000,0.000,0.000,1.000,0,0,0,29,29,0,0,29,0.0,0,0,0.0,0.0,1.0
"F[1,2](Hgb <= 1.121 | Hct <= 12.917)
",-9999999.000,-9999999.000,0.000,0.000,1.000,0,0,0,29,29,0,0,29,0.0,0,0,0.0,0.0,1.0
"F[1,2](Hgb >= 0.244 -> Glucose <= 51.238)
",-9999999.000,-9999999.000,0.000,0.000,1.000,0,0,0,29,29,0,0,29,0.0,0,0,0.0,0.0,1.0
"F[1,1](Hgb <= 6.664 | Hct <= 35.433)
",4986799916614436.000,35.433,0.000,0.000,1.000,0,0,0,29,29,0,0,29,0.0,0,0,0.0,0.0,1.0
"((EtCO2 >= 0.000) U[2,2] (WBC >= 0.149))
",0.000,0.000,0.000,0.000,1.000,0,0,0,29,29,0,0,29,0.0,0,0,0.0,0.0,1.0
"F[0,2]((PaCO2 <= 32.456 & pH >= 0.585) & Temp <= 5.268)
",-9999999.000,-9999999.000,0.000,0.000,1.000,0,0,0,29,29,0,0,29,0.0,0,0,0.0,0.0,1.0
"F[0,1](((Potassium <= 0.555 & pH <= 6.136) | Bilirubin_direct <= 3.586) | Magnesium <= 1.521)
",-9999999.000,-9999999.000,0.000,0.000,1.000,0,0,0,29,29,0,0,29,0.0,0,0,0.0,0.0,1.0
"F[1,2]((Phosphate >= 0.129 & Magnesium > 0.009) -> Calcium < 5.091)
",-9999999.000,-9999999.000,0.000,0.000,1.000,0,0,0,29,29,0,0,29,0.0,0,0,0.0,0.0,1.0
"((SepsisLabel >= 0.000) U[0,2] (HR <= 63.136))
",-9999999.000,-9999999.000,0.000,0.000,1.000,0,0,0,29,29,0,0,29,0.0,0,0,0.0,0.0,1.0
"F[1,2](((PTT <= 23.269 -> Potassium <= 0.600) & SBP >= 0.207) & EtCO2 <= 1.310)
",-9999999.000,-9999999.000,0.000,0.000,1.000,0,0,0,29,29,0,0,29,0.0,0,0,0.0,0.0,1.0
"F[0,1](((Glucose >= 0.287 | Alkalinephos <= 19.065) | HR >= 1.901) | Glucose <= 40.352)
",-9999999.000,-9999999.000,0.000,0.000,1.000,0,0,0,29,29,0,0,29,0.0,0,0,0.0,0.0,1.0
"F[1,2](((Resp >= 0.556 -> Calcium >= 0.269) -> Lactate <= 8.789) -> Resp <= 5.281)
",-9999999.000,-9999999.000,0.000,0.000,1.000,0,0,0,29,29,0,0,29,0.0,0,0,0.0,0.0,1.0
"F[0,2]((DBP >= 28.281 | Temp >= 8.800) -> WBC >= 6.279)
",-9999999.000,-9999999.000,0.000,0.000,1.000,0,0,0,29,29,0,0,29,0.0,0,0,0.0,0.0,1.0
"F[0,1](((Resp >= 8.291 & Bilirubin_direct >= 0.000) -> SBP >= 0.000) -> Creatinine <= 0.000)
",-9999999.000,-9999999.000,0.000,0.000,1.000,0,0,0,29,29,0,0,29,0.0,0,0,0.0,0.0,1.0
"F[1,2]((FiO2 <= 0.620 | HCO3 >= 0.345) -> SepsisLabel >= 1.588)
",-9999999.000,-9999999.000,0.000,0.000,1.000,0,0,0,29,29,0,0,29,0.0,0,0,0.0,0.0,1.0
"F[0,1]((Hgb >= 0.441 | Alkalinephos <= 24.381) | Alkalinephos <= 49.388)
",-9999999.000,-9999999.000,0.000,0.000,1.000,0,0,0,29,29,0,0,29,0.0,0,0,0.0,0.0,1.0
"((Platelets >= 0.845) U[0,2] (WBC <= 1.224))
",-9999999.000,-9999999.000,0.000,0.000,1.000,0,0,0,29,29,0,0,29,0.0,0,0,0.0,0.0,1.0
"F[0,1](((Calcium < 5.214 & Potassium < 1.176) & Magnesium < 1.248) & Phosphate < 0.535)
",-9999999.000,-9999999.000,0.000,0.000,1.000,0,0,0,29,29,0,0,29,0.0,0,0,0.0,0.0,1.0
"((EtCO2 >= 0.000) U[0,1] (HR <= 73.007))
",-9999999.000,-9999999.000,0.000,0.000,1.000,0,0,0,29,29,0,0,29,0.0,0,0,0.0,0.0,1.0
"F[1,2]((Lactate >= 0.002 & Resp >= 2.438) | Hct <= 20.427)
",-9999999.000,-9999999.000,0.000,0.000,1.000,0,0,0,29,29,0,0,29,0.0,0,0,0.0,0.0,1.0
"((AST >= 0.255) U[0,2] (Resp >= 11.171))
",-9999999.000,-9999999.000,0.000,0.000,1.000,0,0,0,29,29,0,0,29,0.0,0,0,0.0,0.0,1.0
"F[0,1]((Magnesium >= 0.071 -> O2Sat <= 94.144) -> DBP <= 89.515)
",-9999999.000,-9999999.000,0.000,0.000,1.000,0,0,0,29,29,0,0,29,0.0,0,0,0.0,0.0,1.0
"F[0,2]((Alkalinephos <= 12.459 | O2Sat <= 90.506) | Bilirubin_total <= 95.469)
",-9999999.000,-9999999.000,0.000,0.000,1.000,0,0,0,29,29,0,0,29,0.0,0,0,0.0,0.0,1.0
"F[0,1](((SBP >= 16.749 -> WBC <= 3.477) & Lactate <= 0.544) -> Magnesium <= 1.570)
",-9999999.000,-9999999.000,0.000,0.000,1.000,0,0,0,29,29,0,0,29,0.0,0,0,0.0,0.0,1.0
"F[2,2]((Phosphate >= 0.029 & Magnesium > 0.034) -> Calcium < 7.743)
",-4358996671217723.500,-7.743,0.000,0.000,1.000,0,0,0,29,29,0,0,29,0.0,0,0,0.0,0.0,1.0
"F[1,1]((DBP <= 46.992 | Magnesium <= 0.074) | MAP <= 0.290)
",46.992,46.992,0.000,0.000,1.000,0,0,0,29,29,0,0,29,0.0,0,0,0.0,0.0,1.0
"F[1,2](((Lactate <= 0.358 | Platelets <= 82.181) & Bilirubin_total <= 96.807) & Bilirubin_direct >= 10.914)
",-9999999.000,-9999999.000,0.000,0.000,1.000,0,0,0,29,29,0,0,29,0.0,0,0,0.0,0.0,1.0
"F[0,2](((Alkalinephos <= 46.423 | DBP <= 66.276) | pH <= 48.818) -> Hgb <= 66.125)
",-9999999.000,-9999999.000,0.000,0.000,1.000,0,0,0,29,29,0,0,29,0.0,0,0,0.0,0.0,1.0
"F[0,2](((pH >= 0.329 -> Temp <= 10.623) -> Alkalinephos >= 7.042) & HCO3 <= 32.385)
",-9999999.000,-9999999.000,0.000,0.000,1.000,0,0,0,29,29,0,0,29,0.0,0,0,0.0,0.0,1.0
"F[0,1](((Lactate <= 1.837 & O2Sat >= 22.662) | Calcium >= 41.578) -> PaCO2 <= 98.000)
",-9999999.000,-9999999.000,0.000,0.000,1.000,0,0,0,29,29,0,0,29,0.0,0,0,0.0,0.0,1.0
"F[1,2](Magnesium >= 0.068 | PaCO2 <= 33.419)
",-9999999.000,-9999999.000,0.000,0.000,1.000,0,0,0,29,29,0,0,29,0.0,0,0,0.0,0.0,1.0
"F[1,2](((Magnesium >= 0.046 | MAP <= 64.753) -> DBP >= 51.187) & Bilirubin_direct <= 102.632)
",-9999999.000,-9999999.000,0.000,0.000,1.000,0,0,0,29,29,0,0,29,0.0,0,0,0.0,0.0,1.0
"F[2,2]((PaCO2 <= 16.796 & Temp >= 7.637) -> PaCO2 >= 8.460)
",8598979122953311.000,7.637,0.000,0.000,1.000,0,0,0,29,29,0,0,29,0.0,0,0,0.0,0.0,1.0
"F[1,2](Lactate <= 0.653 | PTT >= 1.799)
",-9999999.000,-9999999.000,0.000,0.000,1.000,0,0,0,29,29,0,0,29,0.0,0,0,0.0,0.0,1.0
"F[2,2]((Bilirubin_total >= 0.080 -> HR >= 17.961) & Magnesium <= 75.755)
",5773480806502243.000,0.080,0.000,0.000,1.000,0,0,0,29,29,0,0,29,0.0,0,0,0.0,0.0,1.0
"F[0,1](((Calcium < 2.523 & Potassium < 3.483) & Magnesium < 1.445) & Phosphate < 1.486)
",-9999999.000,-9999999.000,0.000,0.000,1.000,0,0,0,29,29,0,0,29,0.0,0,0,0.0,0.0,1.0
"F[0,2]((AST <= 33.996 | DBP >= 29.510) -> Hct >= 12.602)
",-9999999.000,-9999999.000,0.000,0.000,1.000,0,0,0,29,29,0,0,29,0.0,0,0,0.0,0.0,1.0
"F[0,2](Hgb <= 7.241 | Hct <= 29.016)
",-9999999.000,-9999999.000,0.000,0.000,1.000,0,0,0,29,29,0,0,29,0.0,0,0,0.0,0.0,1.0
"F[1,2](Fibrinogen <= 143.707 -> Lactate >= 0.034)
",-9999999.000,-9999999.000,0.000,0.000,1.000,0,0,0,29,29,0,0,29,0.0,0,0,0.0,0.0,1.0
"((MAP >= 2.849) U[0,2] (SBP <= 136.791))
",-9999999.000,-9999999.000,0.000,0.000,1.000,0,0,0,29,29,0,0,29,0.0,0,0,0.0,0.0,1.0
"F[0,1](Calcium <= 5.826 & Lactate <= 0.593)
",-9999999.000,-9999999.000,0.000,0.000,1.000,0,0,0,29,29,0,0,29,0.0,0,0,0.0,0.0,1.0
"F[0,1]((Lactate <= 1.529 -> Phosphate <= 2.447) -> EtCO2 <= 0.412)
",-9999999.000,-9999999.000,0.000,0.000,1.000,0,0,0,29,29,0,0,29,0.0,0,0,0.0,0.0,1.0
"F[1,2](((BaseExcess <= 1.271 & O2Sat <= 94.641) & SBP >= 40.727) | Bilirubin_direct <= 99.263)
",-9999999.000,-9999999.000,0.000,0.000,1.000,0,0,0,29,29,0,0,29,0.0,0,0,0.0,0.0,1.0
"F[0,1]((Phosphate >= 0.130 & Magnesium > 0.025) -> Calcium < 0.971)
",-9999999.000,-9999999.000,0.000,0.000,1.000,0,0,0,29,29,0,0,29,0.0,0,0,0.0,0.0,1.0
"((Bilirubin_total >= 0.073) U[0,1] (MAP <= 91.778))
",-9999999.000,-9999999.000,0.000,0.000,1.000,0,0,0,29,29,0,0,29,0.0,0,0,0.0,0.0,1.0
"F[2,2]((AST <= 13.962 & Lactate >= 0.011) & Temp <= 0.684)
",-3078979664352745.500,-0.011,0.000,0.000,1.000,0,0,0,29,29,0,0,29,0.0,0,0,0.0,0.0,1.0
"F[0,2](BaseExcess <= 1.547 -> Fibrinogen <= 110.767)
",-9999999.000,-9999999.000,0.000,0.000,1.000,0,0,0,29,29,0,0,29,0.0,0,0,0.0,0.0,1.0
"F[0,2]((AST <= 48.743 | MAP >= 51.807) -> Chloride >= 27.439)
",-9999999.000,-9999999.000,0.000,0.000,1.000,0,0,0,29,29,0,0,29,0.0,0,0,0.0,0.0,1.0
"F[2,2](HR <= 76.838 & Platelets >= 9.865)
",-9.865,-9.865,0.000,0.000,1.000,0,0,0,29,29,0,0,29,0.0,0,0,0.0,0.0,1.0
"F[0,1](BUN >= 1.185 -> Temp <= 35.733)
",-9999999.000,-9999999.000,0.000,0.000,1.000,0,0,0,29,29,0,0,29,0.0,0,0,0.0,0.0,1.0
"F[2,2](Hgb <= 9.363 | Hct <= 7.985)
",9.363,9.363,0.000,0.000,1.000,0,0,0,29,29,0,0,29,0.0,0,0,0.0,0.0,1.0
"F[0,2]((AST <= 42.813 | Potassium >= 0.206) & Magnesium >= 0.138)
",-9999999.000,-9999999.000,0.000,0.000,1.000,0,0,0,29,29,0,0,29,0.0,0,0,0.0,0.0,1.0
"((PTT > 1.379) U[0,0] (SepsisLabel = 0.000))
",-0.346,-0.148,0.000,0.000,1.000,0,0,0,29,29,0,0,29,0.0,0,0,0.0,0.0,1.0
"F[0,1](((MAP >= 58.765 & Resp <= 20.514) & PaCO2 >= 5.875) -> MAP <= 21.371)
",-9999999.000,-9999999.000,0.000,0.000,1.000,0,0,0,29,29,0,0,29,0.0,0,0,0.0,0.0,1.0
"F[2,2](Bilirubin_total <= 4.182 | Creatinine >= 0.008)
",4.182,4.182,0.000,0.000,1.000,0,0,0,29,29,0,0,29,0.0,0,0,0.0,0.0,1.0
"F[1,2]((Bilirubin_total >= 0.087 | HCO3 <= 11.093) -> Phosphate <= 17.908)
",-9999999.000,-9999999.000,0.000,0.000,1.000,0,0,0,29,29,0,0,29,0.0,0,0,0.0,0.0,1.0
"((BUN > 0.608) U[0,2] (SepsisLabel = 0.000))
",-9999999.000,-9999999.000,0.000,0.000,1.000,0,0,0,29,29,0,0,29,0.0,0,0,0.0,0.0,1.0
"F[2,2](AST <= 6.856 | HCO3 <= 19.294)
",5430775700549085.000,19.294,0.000,0.000,1.000,0,0,0,29,29,0,0,29,0.0,0,0,0.0,0.0,1.0
"F[1,1](((Alkalinephos >= 1.798 -> Chloride <= 72.802) -> BUN >= 5.513) -> PTT >= 1.421)
",-6207172120647745.000,-5.513,0.000,0.000,1.000,0,0,0,29,29,0,0,29,0.0,0,0,0.0,0.0,1.0
"F[0,0](PTT < 3.762 -> SepsisLabel = 0.000)
",-4235175709955371.500,-3.762,0.000,0.000,1.000,0,0,0,29,29,0,0,29,0.0,0,0,0.0,0.0,1.0
"F[1,2](((Alkalinephos <= 46.516 & Potassium <= 3.352) & Chloride <= 3.399) -> BUN >= 0.174)
",-9999999.000,-9999999.000,0.000,0.000,1.000,0,0,0,29,29,0,0,29,0.0,0,0,0.0,0.0,1.0
"F[0,2](TroponinI >= 0.000 -> SepsisLabel = 0.000)
",-9999999.000,-9999999.000,0.000,0.000,1.000,0,0,0,29,29,0,0,29,0.0,0,0,0.0,0.0,1.0
"F[0,2](((Chloride >= 4.918 & PTT <= 6.153) & Fibrinogen >= 1.823) | SaO2 <= 7.681)
",-9999999.000,-9999999.000,0.000,0.000,1.000,0,0,0,29,29,0,0,29,0.0,0,0,0.0,0.0,1.0
"F[1,2]((Bilirubin_total <= 1.029 -> Potassium >= 0.207) -> Glucose >= 0.250)
",-9999999.000,-9999999.000,0.000,0.000,1.000,0,0,0,29,29,0,0,29,0.0,0,0,0.0,0.0,1.0
"F[1,1](((AST <= 53.813 -> Chloride >= 5.979) & SBP >= 1.760) -> Alkalinephos >= 6.927)
",3899434108194532.000,6.927,0.000,0.000,1.000,0,0,0,29,29,0,0,29,0.0,0,0,0.0,0.0,1.0
"((AST > 0.409) U[0,0] (SepsisLabel = 0.000))
",-0.346,-0.044,0.000,0.000,1.000,0,0,0,29,29,0,0,29,0.0,0,0,0.0,0.0,1.0
"((PTT > 1.577) U[0,0] (SepsisLabel = 0.000))
",-0.346,-0.169,0.000,0.000,1.000,0,0,0,29,29,0,0,29,0.0,0,0,0.0,0.0,1.0
"F[0,2](((BUN <= 4.817 & Phosphate <= 1.227) -> Creatinine >= 0.003) -> EtCO2 >= 0.061)
",-9999999.000,-9999999.000,0.000,0.000,1.000,0,0,0,29,29,0,0,29,0.0,0,0,0.0,0.0,1.0
"F[0,2](((DBP <= 70.446 | O2Sat >= 87.082) & Bilirubin_direct >= 78.085) | Potassium >= 85.746)
",-9999999.000,-9999999.000,0.000,0.000,1.000,0,0,0,29,29,0,0,29,0.0,0,0,0.0,0.0,1.0
"F[1,2](((AST <= 13.553 & PTT >= 2.296) -> Creatinine >= 2.289) | PTT >= 1.409)
",-9999999.000,-9999999.000,0.000,0.000,1.000,0,0,0,29,29,0,0,29,0.0,0,0,0.0,0.0,1.0
"F[2,2](EtCO2 <= 0.000 -> SepsisLabel = 0.000)
",0.000,0.000,0.000,0.000,1.000,0,0,0,29,29,0,0,29,0.0,0,0,0.0,0.0,1.0
"((Hgb < 2.763) U[0,0] (SepsisLabel = 0.000))
",0.032,0.260,0.000,0.000,1.000,0,0,0,29,29,0,0,29,0.0,0,0,0.0,0.0,1.0
"((Chloride <= 110.765) U[0,1] (PaCO2 <= 35.429))
",-9999999.000,-9999999.000,0.000,0.000,1.000,0,0,0,29,29,0,0,29,0.0,0,0,0.0,0.0,1.0
"((DBP >= 31.408) U[0,2] (Resp >= 10.973))
",-9999999.000,-9999999.000,0.000,0.000,1.000,0,0,0,29,29,0,0,29,0.0,0,0,0.0,0.0,1.0
"F[0,2]((Alkalinephos <= 19.042 & Magnesium <= 2.152) -> Chloride <= 0.781)
",-9999999.000,-9999999.000,0.000,0.000,1.000,0,0,0,29,29,0,0,29,0.0,0,0,0.0,0.0,1.0
"F[0,2](AST >= 0.620 & SepsisLabel = 0.000)
",-9999999.000,-9999999.000,0.000,0.000,1.000,0,0,0,29,29,0,0,29,0.0,0,0,0.0,0.0,1.0
"((EtCO2 >= 0.000) U[1,1] (SepsisLabel = 0.000))
",0.000,0.000,0.000,0.000,1.000,0,0,0,29,29,0,0,29,0.0,0,0,0.0,0.0,1.0
"F[0,2]((Glucose >= 6.857 & PaCO2 >= 0.800) | TroponinI <= 17.875)
",-9999999.000,-9999999.000,0.000,0.000,1.000,0,0,0,29,29,0,0,29,0.0,0,0,0.0,0.0,1.0
"F[1,2]((HCO3 <= 10.361 -> Hct >= 1.750) | PaCO2 >= 2.970)
",-9999999.000,-9999999.000,0.000,0.000,1.000,0,0,0,29,29,0,0,29,0.0,0,0,0.0,0.0,1.0
"F[1,2]((Creatinine <= 0.823 | Hct <= 34.531) -> BUN <= 16.031)
",-9999999.000,-9999999.000,0.000,0.000,1.000,0,0,0,29,29,0,0,29,0.0,0,0,0.0,0.0,1.0
"F[1,2]((BUN >= 0.076 -> Hct <= 31.982) -> O2Sat >= 7.412)
",-9999999.000,-9999999.000,0.000,0.000,1.000,0,0,0,29,29,0,0,29,0.0,0,0,0.0,0.0,1.0
"F[2,2](Hct > 5.830 & SepsisLabel = 0.000)
",-5.830,-5.830,0.000,0.000,1.000,0,0,0,29,29,0,0,29,0.0,0,0,0.0,0.0,1.0
"F[0,2]((Alkalinephos >= 1.021 | BUN <= 12.332) -> SBP <= 8.513)
",-9999999.000,-9999999.000,0.000,0.000,1.000,0,0,0,29,29,0,0,29,0.0,0,0,0.0,0.0,1.0
"F[0,1](((AST >= 0.431 -> BUN >= 0.071) -> FiO2 >= 0.278) -> Platelets <= 13.698)
",-9999999.000,-9999999.000,0.000,0.000,1.000,0,0,0,29,29,0,0,29,0.0,0,0,0.0,0.0,1.0
"F[0,2](((Glucose >= 1.518 & Magnesium >= 0.052) -> HR <= 1.382) & Alkalinephos <= 0.311)
",-9999999.000,-9999999.000,0.000,0.000,1.000,0,0,0,29,29,0,0,29,0.0,0,0,0.0,0.0,1.0
"F[0,1](((BUN <= 9.223 -> PTT <= 27.200) -> BaseExcess <= 26.964) & Potassium <= 23.688)
",-9999999.000,-9999999.000,0.000,0.000,1.000,0,0,0,29,29,0,0,29,0.0,0,0,0.0,0.0,1.0
"F[1,2](((MAP >= 6.534 | SBP <= 117.624) | Calcium >= 47.966) | Hct >= 18.342)
",-9999999.000,-9999999.000,0.000,0.000,1.000,0,0,0,29,29,0,0,29,0.0,0,0,0.0,0.0,1.0
"F[1,2](BUN <= 10.317 & Calcium <= 0.912)
",-9999999.000,-9999999.000,0.000,0.000,1.000,0,0,0,29,29,0,0,29,0.0,0,0,0.0,0.0,1.0
"F[0,2]((BUN <= 2.211 & WBC >= 0.072) | DBP >= 0.029)
",-9999999.000,-9999999.000,0.000,0.000,1.000,0,0,0,29,29,0,0,29,0.0,0,0,0.0,0.0,1.0
"F[1,2](((Calcium >= 0.098 | Creatinine <= 0.428) | Glucose >= 0.023) & SaO2 <= 0.335)
",-9999999.000,-9999999.000,0.000,0.000,1.000,0,0,0,29,29,0,0,29,0.0,0,0,0.0,0.0,1.0
"F[2,2](Alkalinephos >= 2.696 & Bilirubin_total <= 1.963)
",-6071807693497149.000,-2.696,0.000,0.000,1.000,0,0,0,29,29,0,0,29,0.0,0,0,0.0,0.0,1.0
"F[1,2](((Calcium >= 0.411 & HCO3 >= 0.296) -> DBP <= 16.696) & Glucose >= 0.990)
",-9999999.000,-9999999.000,0.000,0.000,1.000,0,0,0,29,29,0,0,29,0.0,0,0,0.0,0.0,1.0
"F[1,2]((Hgb >= 0.377 | Phosphate <= 2.087) | Resp <= 1.581)
",-9999999.000,-9999999.000,0.000,0.000,1.000,0,0,0,29,29,0,0,29,0.0,0,0,0.0,0.0,1.0
"((Potassium >= 0.164) U[0,2] (WBC >= 0.159))
",-9999999.000,-9999999.000,0.000,0.000,1.000,0,0,0,29,29,0,0,29,0.0,0,0,0.0,0.0,1.0
"((Calcium <= 7.493) U[1,2] (Glucose <= 104.574))
",-9999999.000,-9999999.000,0.000,0.000,1.000,0,0,0,29,29,0,0,29,0.0,0,0,0.0,0.0,1.0
"F[1,2](((Glucose >= 5.719 & WBC <= 2.010) | Bilirubin_direct <= 1.464) & FiO2 <= 3.839)
",-9999999.000,-9999999.000,0.000,0.000,1.000,0,0,0,29,29,0,0,29,0.0,0,0,0.0,0.0,1.0
"F[1,2](((Chloride >= 4.675 & Hgb <= 6.045) | BaseExcess <= 7.556) | BaseExcess >= 0.409)
",-9999999.000,-9999999.000,0.000,0.000,1.000,0,0,0,29,29,0,0,29,0.0,0,0,0.0,0.0,1.0
"F[1,2](BUN <= 17.212 & Creatinine >= 0.052)
",-9999999.000,-9999999.000,0.000,0.000,1.000,0,0,0,29,29,0,0,29,0.0,0,0,0.0,0.0,1.0
"F[1,2]((Chloride >= 0.261 | Phosphate <= 2.804) | Chloride <= 1.216)
",-9999999.000,-9999999.000,0.000,0.000,1.000,0,0,0,29,29,0,0,29,0.0,0,0,0.0,0.0,1.0
"F[1,2](Chloride >= 1.260 & Creatinine <= 0.581)
",-9999999.000,-9999999.000,0.000,0.000,1.000,0,0,0,29,29,0,0,29,0.0,0,0,0.0,0.0,1.0
"F[1,2](Alkalinephos <= 7.128 & Calcium <= 1.314)
",-9999999.000,-9999999.000,0.000,0.000,1.000,0,0,0,29,29,0,0,29,0.0,0,0,0.0,0.0,1.0
"F[1,2](((Glucose <= 125.774 & HCO3 >= 1.009) -> Creatinine >= 1.458) -> PTT >= 1.221)
",-9999999.000,-9999999.000,0.000,0.000,1.000,0,0,0,29,29,0,0,29,0.0,0,0,0.0,0.0,1.0
"F[2,2](((Chloride <= 64.535 -> HCO3 >= 0.721) & Phosphate <= 23.467) & TroponinI <= 19.475)
",-4541221537921135.000,-64.535,0.000,0.000,1.000,0,0,0,29,29,0,0,29,0.0,0,0,0.0,0.0,1.0
"F[1,2](((Chloride >= 2.382 | WBC >= 0.043) & Hct <= 1.292) & Chloride >= 0.103)
",-9999999.000,-9999999.000,0.000,0.000,1.000,0,0,0,29,29,0,0,29,0.0,0,0,0.0,0.0,1.0
"F[0,2](((Creatinine >= 0.026 | HCO3 >= 0.562) | O2Sat >= 0.550) -> Potassium <= 18.120)
",-9999999.000,-9999999.000,0.000,0.000,1.000,0,0,0,29,29,0,0,29,0.0,0,0,0.0,0.0,1.0
"F[1,2]((Calcium <= 1.309 & Hgb >= 0.051) -> PTT <= 9.618)
",-9999999.000,-9999999.000,0.000,0.000,1.000,0,0,0,29,29,0,0,29,0.0,0,0,0.0,0.0,1.0
"F[0,1](HCO3 > 0.404 -> SepsisLabel = 0.000)
",-9999999.000,-9999999.000,0.000,0.000,1.000,0,0,0,29,29,0,0,29,0.0,0,0,0.0,0.0,1.0
"F[0,2]((AST <= 38.868 | Phosphate <= 0.329) -> MAP <= 1.685)
",-9999999.000,-9999999.000,0.000,0.000,1.000,0,0,0,29,29,0,0,29,0.0,0,0,0.0,0.0,1.0
"F[0,2](((Hgb >= 0.532 | PTT <= 24.948) -> BUN >= 2.682) & Fibrinogen >= 1.804)
",-9999999.000,-9999999.000,0.000,0.000,1.000,0,0,0,29,29,0,0,29,0.0,0,0,0.0,0.0,1.0
"F[0,1](Calcium >= 0.127 -> PTT >= 1.138)
",-9999999.000,-9999999.000,0.000,0.000,1.000,0,0,0,29,29,0,0,29,0.0,0,0,0.0,0.0,1.0
"F[2,2](((PTT >= 2.379 & WBC <= 2.341) & Bilirubin_direct >= 0.033) | Creatinine >= 0.102)
",-7320310917664483.000,-0.102,0.000,0.000,1.000,0,0,0,29,29,0,0,29,0.0,0,0,0.0,0.0,1.0
"F[0,2](((Calcium >= 0.173 -> Magnesium <= 1.044) | Magnesium <= 0.092) | Fibrinogen >= 0.012)
",-9999999.000,-9999999.000,0.000,0.000,1.000,0,0,0,29,29,0,0,29,0.0,0,0,0.0,0.0,1.0
"F[1,2](((PaCO2 <= 19.095 | pH >= 0.372) -> BUN >= 0.207) -> Hgb <= 2.490)
",-9999999.000,-9999999.000,0.000,0.000,1.000,0,0,0,29,29,0,0,29,0.0,0,0,0.0,0.0,1.0
"F[0,1](EtCO2 < 0.000 -> SepsisLabel = 0.000)
",-9999999.000,-9999999.000,0.000,0.000,1.000,0,0,0,29,29,0,0,29,0.0,0,0,0.0,0.0,1.0
"F[1,2](Magnesium >= 0.060 | Potassium <= 1.612)
",-9999999.000,-9999999.000,0.000,0.000,1.000,0,0,0,29,29,0,0,29,0.0,0,0,0.0,0.0,1.0
"F[0,2](((Hgb >= 0.502 | Platelets >= 4.083) & SBP >= 9.610) | Hgb >= 6.323)
",-9999999.000,-9999999.000,0.000,0.000,1.000,0,0,0,29,29,0,0,29,0.0,0,0,0.0,0.0,1.0
"((O2Sat > 47.758) U[0,1] (SepsisLabel = 0.000))
",-9999999.000,-9999999.000,0.000,0.000,1.000,0,0,0,29,29,0,0,29,0.0,0,0,0.0,0.0,1.0
"F[0,2](Phosphate >= 0.076 & Platelets <= 42.926)
",-9999999.000,-9999999.000,0.000,0.000,1.000,0,0,0,29,29,0,0,29,0.0,0,0,0.0,0.0,1.0
"F[2,2]((SBP <= 133.648 & Temp >= 5.733) -> FiO2 >= 2.458)
",2.458,2.458,0.000,0.000,1.000,0,0,0,29,29,0,0,29,0.0,0,0,0.0,0.0,1.0
"F[0,2](((AST >= 0.185 -> BaseExcess >= -0.838) -> PaCO2 >= -0.427) -> SBP <= 0.881)
",-9999999.000,-9999999.000,0.000,0.000,1.000,0,0,0,29,29,0,0,29,0.0,0,0,0.0,0.0,1.0
"F[1,2]((DBP <= 49.658 & Platelets <= 49.973) -> DBP <= 64.360)
",-9999999.000,-9999999.000,0.000,0.000,1.000,0,0,0,29,29,0,0,29,0.0,0,0,0.0,0.0,1.0
"F[0,1]((MAP >= 7.139 | Platelets <= 19.947) | MAP <= 40.417)
",-9999999.000,-9999999.000,0.000,0.000,1.000,0,0,0,29,29,0,0,29,0.0,0,0,0.0,0.0,1.0
"((HCO3 >= 1.404) U[0,1] (SepsisLabel = 0.000))
",-9999999.000,-9999999.000,0.000,0.000,1.000,0,0,0,29,29,0,0,29,0.0,0,0,0.0,0.0,1.0
"((MAP > 50.347) U[0,2] (SepsisLabel = 0.000))
",-9999999.000,-9999999.000,0.000,0.000,1.000,0,0,0,29,29,0,0,29,0.0,0,0,0.0,0.0,1.0
"((PTT < 25.057) U[0,1] (SepsisLabel = 0.000))
",-9999999.000,-9999999.000,0.000,0.000,1.000,0,0,0,29,29,0,0,29,0.0,0,0,0.0,0.0,1.0
"F[1,2]((PaCO2 <= 10.492 | Phosphate >= 0.072) -> DBP <= 0.900)
",-9999999.000,-9999999.000,0.000,0.000,1.000,0,0,0,29,29,0,0,29,0.0,0,0,0.0,0.0,1.0
"F[0,2](Platelets >= 3.213 | SBP >= 80.069)
",-9999999.000,-9999999.000,0.000,0.000,1.000,0,0,0,29,29,0,0,29,0.0,0,0,0.0,0.0,1.0
"F[0,1](((FiO2 >= 0.036 -> HCO3 <= 5.653) & Bilirubin_direct <= 21.985) & Magnesium <= 21.507)
",-9999999.000,-9999999.000,0.000,0.000,1.000,0,0,0,29,29,0,0,29,0.0,0,0,0.0,0.0,1.0
"F[0,2]((Bilirubin_total >= 0.084 | pH <= 5.011) -> Hct <= 5.219)
",-9999999.000,-9999999.000,0.000,0.000,1.000,0,0,0,29,29,0,0,29,0.0,0,0,0.0,0.0,1.0
"((Chloride <= 60.899) U[2,2] (SepsisLabel = 0.000))
",2856935340369895.500,60.899,0.000,0.000,1.000,0,0,0,29,29,0,0,29,0.0,0,0,0.0,0.0,1.0
"F[0,2](((pH >= 0.487 & SBP <= 130.065) -> Hgb >= 6.699) -> Bilirubin_direct >= 12.277)
",-9999999.000,-9999999.000,0.000,0.000,1.000,0,0,0,29,29,0,0,29,0.0,0,0,0.0,0.0,1.0
"F[0,2]((BaseExcess <= 1.519 | WBC <= 2.172) & Resp >= 0.032)
",-9999999.000,-9999999.000,0.000,0.000,1.000,0,0,0,29,29,0,0,29,0.0,0,0,0.0,0.0,1.0
"F[0,2](((Hct <= 24.970 & O2Sat <= 89.966) -> FiO2 >= 6.971) & HR <= 94.206)
",-9999999.000,-9999999.000,0.000,0.000,1.000,0,0,0,29,29,0,0,29,0.0,0,0,0.0,0.0,1.0
"((AST < 60.635) U[1,2] (SepsisLabel = 0.000))
",-9999999.000,-9999999.000,0.000,0.000,1.000,0,0,0,29,29,0,0,29,0.0,0,0,0.0,0.0,1.0
"F[0,2]((MAP >= 54.486 & PaCO2 <= 30.308) | Temp <= 12.597)
",-9999999.000,-9999999.000,0.000,0.000,1.000,0,0,0,29,29,0,0,29,0.0,0,0,0.0,0.0,1.0
"((MAP >= 16.757) U[0,2] (SBP <= 110.769))
",-9999999.000,-9999999.000,0.000,0.000,1.000,0,0,0,29,29,0,0,29,0.0,0,0,0.0,0.0,1.0
"F[1,2]((FiO2 <= 0.522 -> Phosphate <= 0.600) -> FiO2 >= 0.129)
",-9999999.000,-9999999.000,0.000,0.000,1.000,0,0,0,29,29,0,0,29,0.0,0,0,0.0,0.0,1.0
"F[2,2]((Fibrinogen <= 15.133 -> MAP >= 21.495) | Alkalinephos >= 19.934)
",-8519021165267202.000,-15.133,0.000,0.000,1.000,0,0,0,29,29,0,0,29,0.0,0,0,0.0,0.0,1.0
"F[1,2]((Phosphate >= 0.074 & Magnesium > 0.051) -> Calcium < 7.031)
",-9999999.000,-9999999.000,0.000,0.000,1.000,0,0,0,29,29,0,0,29,0.0,0,0,0.0,0.0,1.0
"F[1,2](AST <= 9.763 -> pH >= 0.418)
",-9999999.000,-9999999.000,0.000,0.000,1.000,0,0,0,29,29,0,0,29,0.0,0,0,0.0,0.0,1.0
"F[0,2](PaCO2 <= 24.134 & WBC <= 3.887)
",-9999999.000,-9999999.000,0.000,0.000,1.000,0,0,0,29,29,0,0,29,0.0,0,0,0.0,0.0,1.0
"F[0,2](PaCO2 <= 18.179 -> PTT <= 10.000)
",-9999999.000,-9999999.000,0.000,0.000,1.000,0,0,0,29,29,0,0,29,0.0,0,0,0.0,0.0,1.0
"F[1,2](((Calcium < 6.155 & Potassium < 3.289) & Magnesium < 0.363) & Phosphate < 0.664)
",-9999999.000,-9999999.000,0.000,0.000,1.000,0,0,0,29,29,0,0,29,0.0,0,0,0.0,0.0,1.0
"F[1,2]((Calcium <= 6.118 & Potassium <= 2.246) & Magnesium >= 0.054)
",-9999999.000,-9999999.000,0.000,0.000,1.000,0,0,0,29,29,0,0,29,0.0,0,0,0.0,0.0,1.0
"F[0,0](((pH >= 0.282 -> Phosphate <= 1.368) -> SepsisLabel >= 0.113) -> Chloride >= 0.091)
",-1.443,-0.091,0.000,0.000,1.000,0,0,0,29,29,0,0,29,0.0,0,0,0.0,0.0,1.0
"F[0,0]((PTT <= 14.611 & SBP >= 48.366) | FiO2 <= 142.539)
",5015131518908452.000,142.539,0.000,0.000,1.000,0,0,0,29,29,0,0,29,0.0,0,0,0.0,0.0,1.0
"F[2,2](Glucose <= 81.130 | Temp <= 30.286)
",5708989521262531.000,81.130,0.000,0.000,1.000,0,0,0,29,29,0,0,29,0.0,0,0,0.0,0.0,1.0
"F[0,2]((FiO2 <= 0.615 -> pH >= 0.443) | Bilirubin_direct >= 0.231)
",-9999999.000,-9999999.000,0.000,0.000,1.000,0,0,0,29,29,0,0,29,0.0,0,0,0.0,0.0,1.0
"((Calcium >= 0.334) U[0,1] (pH <= 5.440))
",-9999999.000,-9999999.000,0.000,0.000,1.000,0,0,0,29,29,0,0,29,0.0,0,0,0.0,0.0,1.0
"F[0,2]((HR <= 68.523 -> Temp <= 13.684) | Alkalinephos >= 7.070)
",-9999999.000,-9999999.000,0.000,0.000,1.000,0,0,0,29,29,0,0,29,0.0,0,0,0.0,0.0,1.0
"F[0,2]((Hct >= 0.895 -> Hgb <= 8.750) | Fibrinogen <= 4.627)
",-9999999.000,-9999999.000,0.000,0.000,1.000,0,0,0,29,29,0,0,29,0.0,0,0,0.0,0.0,1.0
"F[0,2](BaseExcess > -2.176 -> SepsisLabel = 0.000)
",-9999999.000,-9999999.000,0.000,0.000,1.000,0,0,0,29,29,0,0,29,0.0,0,0,0.0,0.0,1.0
"F[1,2]((Calcium >= 0.290 | Hct >= 4.496) | HR <= 20.152)
",-9999999.000,-9999999.000,0.000,0.000,1.000,0,0,0,29,29,0,0,29,0.0,0,0,0.0,0.0,1.0
"F[0,2]((Hct <= 16.601 | Phosphate >= 0.080) & Fibrinogen >= 0.133)
",-9999999.000,-9999999.000,0.000,0.000,1.000,0,0,0,29,29,0,0,29,0.0,0,0,0.0,0.0,1.0
"((Bilirubin_direct <= 0.000) U[1,1] (SepsisLabel = 0.000))
",0.000,0.000,0.000,0.000,1.000,0,0,0,29,29,0,0,29,0.0,0,0,0.0,0.0,1.0
"F[0,2]((DBP <= 50.582 | FiO2 >= 0.005) | BUN <= 0.518)
",-9999999.000,-9999999.000,0.000,0.000,1.000,0,0,0,29,29,0,0,29,0.0,0,0,0.0,0.0,1.0
"F[1,2](FiO2 <= 0.466 & MAP >= 6.600)
",-9999999.000,-9999999.000,0.000,0.000,1.000,0,0,0,29,29,0,0,29,0.0,0,0,0.0,0.0,1.0
"F[1,2]((Hct <= 22.708 -> WBC <= 2.028) -> Bilirubin_total <= 4.098)
",-9999999.000,-9999999.000,0.000,0.000,1.000,0,0,0,29,29,0,0,29,0.0,0,0,0.0,0.0,1.0
"F[0,2]((HCO3 >= 1.304 -> pH <= 3.389) & EtCO2 <= 2.826)
",-9999999.000,-9999999.000,0.000,0.000,1.000,0,0,0,29,29,0,0,29,0.0,0,0,0.0,0.0,1.0
"F[1,1](((Alkalinephos >= 1.333 -> Platelets >= 9.891) | AST >= 10.227) & BUN <= 91.718)
",6002659465644754.000,1.333,0.000,0.000,1.000,0,0,0,29,29,0,0,29,0.0,0,0,0.0,0.0,1.0
"F[2,2](((Alkalinephos <= 62.682 & Hct <= 28.554) & Potassium >= 2.653) & Platelets <= 23.590)
",-2.653,-2.653,0.000,0.000,1.000,0,0,0,29,29,0,0,29,0.0,0,0,0.0,0.0,1.0
"((Bilirubin_total >= 0.101) U[0,2] (Hct <= 14.162))
",-9999999.000,-9999999.000,0.000,0.000,1.000,0,0,0,29,29,0,0,29,0.0,0,0,0.0,0.0,1.0
"F[1,2](((Creatinine <= 0.819 -> pH >= 0.582) | PaCO2 >= 0.331) | O2Sat <= 3.875)
",-9999999.000,-9999999.000,0.000,0.000,1.000,0,0,0,29,29,0,0,29,0.0,0,0,0.0,0.0,1.0
"F[0,2](Calcium < 1.643 & SepsisLabel = 0.000)
",-9999999.000,-9999999.000,0.000,0.000,1.000,0,0,0,29,29,0,0,29,0.0,0,0,0.0,0.0,1.0
"((AST <= 66.880) U[1,2] (Platelets >= 6.245))
",-9999999.000,-9999999.000,0.000,0.000,1.000,0,0,0,29,29,0,0,29,0.0,0,0,0.0,0.0,1.0
"F[2,2]((Alkalinephos <= 77.621 -> PaCO2 >= 0.566) | SaO2 <= 40.225)
",5661210549416018.000,40.225,0.000,0.000,1.000,0,0,0,29,29,0,0,29,0.0,0,0,0.0,0.0,1.0
"F[0,2]((Hct <= 31.016 | Magnesium >= 0.049) -> FiO2 >= 0.045)
",-9999999.000,-9999999.000,0.000,0.000,1.000,0,0,0,29,29,0,0,29,0.0,0,0,0.0,0.0,1.0
"((PTT <= 10.137) U[0,1] (SepsisLabel = 0.000))
",-9999999.000,-9999999.000,0.000,0.000,1.000,0,0,0,29,29,0,0,29,0.0,0,0,0.0,0.0,1.0
"F[0,2](Calcium >= 0.090 -> PaCO2 >= 2.138)
",-9999999.000,-9999999.000,0.000,0.000,1.000,0,0,0,29,29,0,0,29,0.0,0,0,0.0,0.0,1.0
"F[0,0]((FiO2 >= 0.027 -> PTT <= 26.092) -> pH <= 25.301)
",-148.554,-25.222,0.000,0.000,1.000,0,0,0,29,29,0,0,29,0.0,0,0,0.0,0.0,1.0
"F[0,1]((MAP >= 16.494 | Temp >= 7.298) -> Lactate <= 32.452)
",-9999999.000,-9999999.000,0.000,0.000,1.000,0,0,0,29,29,0,0,29,0.0,0,0,0.0,0.0,1.0
"F[0,2](((BaseExcess >= -2.966 & Hgb >= 0.258) | Potassium <= 4.031) -> Chloride <= 5.352)
",-9999999.000,-9999999.000,0.000,0.000,1.000,0,0,0,29,29,0,0,29,0.0,0,0,0.0,0.0,1.0
"F[1,2](((DBP >= 34.221 | Hct >= 7.177) & HCO3 <= 35.321) | Bilirubin_direct >= 3.909)
",-9999999.000,-9999999.000,0.000,0.000,1.000,0,0,0,29,29,0,0,29,0.0,0,0,0.0,0.0,1.0
"F[0,1](((FiO2 >= 0.107 -> SBP <= 146.325) | Calcium >= 3.613) | AST <= 107.694)
",-9999999.000,-9999999.000,0.000,0.000,1.000,0,0,0,29,29,0,0,29,0.0,0,0,0.0,0.0,1.0
"F[0,2](((Bilirubin_total >= 0.003 -> PaCO2 >= 0.741) & Chloride <= 17.727) & pH <= 42.122)
",-9999999.000,-9999999.000,0.000,0.000,1.000,0,0,0,29,29,0,0,29,0.0,0,0,0.0,0.0,1.0
"F[0,2](((BaseExcess <= 1.213 -> Bilirubin_total >= 0.090) | SaO2 >= 0.101) -> Hgb >= 0.009)
",-9999999.000,-9999999.000,0.000,0.000,1.000,0,0,0,29,29,0,0,29,0.0,0,0,0.0,0.0,1.0
"F[2,2]((pH <= 2.965 | Platelets <= 63.044) | Temp >= 5.329)
",8872594423326466.000,63.044,0.000,0.000,1.000,0,0,0,29,29,0,0,29,0.0,0,0,0.0,0.0,1.0
"F[1,2](Fibrinogen <= 153.774 & WBC >= 0.124)
",-9999999.000,-9999999.000,0.000,0.000,1.000,0,0,0,29,29,0,0,29,0.0,0,0,0.0,0.0,1.0
"F[0,2](((FiO2 <= 0.897 | Potassium >= 0.226) -> pH >= 0.083) & BUN <= 1.591)
",-9999999.000,-9999999.000,0.000,0.000,1.000,0,0,0,29,29,0,0,29,0.0,0,0,0.0,0.0,1.0
"F[0,1]((BaseExcess >= -1.624 | Phosphate <= 2.984) -> Bilirubin_direct <= 2.730)
",-9999999.000,-9999999.000,0.000,0.000,1.000,0,0,0,29,29,0,0,29,0.0,0,0,0.0,0.0,1.0
"F[2,2](Glucose <= 126.930 -> SepsisLabel = 0.000)
",-4465936695154539.500,-126.930,0.000,0.000,1.000,0,0,0,29,29,0,0,29,0.0,0,0,0.0,0.0,1.0
"F[0,2]((pH <= 0.728 & Phosphate >= 0.124) | BaseExcess >= 0.138)
",-9999999.000,-9999999.000,0.000,0.000,1.000,0,0,0,29,29,0,0,29,0.0,0,0,0.0,0.0,1.0
