Rule,Discrimination Score,Pos Robustness,Neg Robustness,Percent Class +,Percent Class -,TP,TN,FP,FN,Actual Yes,Actual No,Predicted Yes,Predicted No,TPR/Sens,TNR/Spec,FPR,Precision,Accuracy,MCR
"F[1,1](((Calcium <= 7.952 -> Hgb <= 3.587) -> Bilirubin_total >= 0.021) & PTT <= 4.158)
",0.021,0.021,0.000,0.000,1.000,20,0,0,0,20,0,20,0,1.0,0,0,1.0,1.0,0.0
"F[0,0](((DBP <= 51.495 & pH <= 5.873) & PTT >= 0.278) & SaO2 >= 0.372)
",-3.113,-28.813,0.000,0.000,1.000,20,0,0,0,20,0,20,0,1.0,0,0,1.0,1.0,0.0
"F[0,1]((Calcium <= 6.014 & Potassium <= 2.940) & Magnesium >= 0.003)
",-9999999.000,-9999999.000,0.000,0.000,1.000,20,0,0,0,20,0,20,0,1.0,0,0,1.0,1.0,0.0
"((WBC >= 0.186) U[1,2] (EtCO2 >= 0.000))
",-9999999.000,-9999999.000,0.000,0.000,1.000,20,0,0,0,20,0,20,0,1.0,0,0,1.0,1.0,0.0
"F[0,0]((Calcium <= 7.670 & Potassium <= 2.264) & Magnesium >= 0.035)
",-0.433,-0.076,0.000,0.000,1.000,20,0,0,0,20,0,20,0,1.0,0,0,1.0,1.0,0.0
"F[0,1](((Potassium >= 0.044 & Hgb >= 0.208) & PTT <= 3.222) & HCO3 >= 0.146)
",-9999999.000,-9999999.000,0.000,0.000,1.000,20,0,0,0,20,0,20,0,1.0,0,0,1.0,1.0,0.0
"((Hct >= 0.634) U[1,1] (BUN >= 0.162))
",-0.162,-0.162,0.000,0.000,1.000,20,0,0,0,20,0,20,0,1.0,0,0,1.0,1.0,0.0
"((Calcium >= 0.020) U[1,1] (PaCO2 >= 0.950))
",-0.020,-0.020,0.000,0.000,1.000,20,0,0,0,20,0,20,0,1.0,0,0,1.0,1.0,0.0
"((SaO2 >= 3.443) U[0,0] (Magnesium >= 0.035))
",0.323,3.924,0.000,0.000,1.000,20,0,0,0,20,0,20,0,1.0,0,0,1.0,1.0,0.0
"F[0,1](((Chloride <= 92.310 & Phosphate >= 0.014) & Bilirubin_total <= 0.402) & PTT >= 0.051)
",-9999999.000,-9999999.000,0.000,0.000,1.000,20,0,0,0,20,0,20,0,1.0,0,0,1.0,1.0,0.0
"F[1,1]((Calcium <= 0.824 & Potassium <= 0.182) & Magnesium >= 0.032)
",-4657179576152746.000,-0.032,0.000,0.000,1.000,20,0,0,0,20,0,20,0,1.0,0,0,1.0,1.0,0.0
"F[0,1]((BaseExcess >= 0.094 & Calcium >= 0.137) | EtCO2 >= 0.087)
",-9999999.000,-9999999.000,0.000,0.000,1.000,20,0,0,0,20,0,20,0,1.0,0,0,1.0,1.0,0.0
"F[0,0](((pH >= 0.410 & O2Sat <= 89.751) | Platelets <= 99.192) -> DBP >= 68.445)
",-6979997254762124.000,-99.192,0.000,0.000,1.000,20,0,0,0,20,0,20,0,1.0,0,0,1.0,1.0,0.0
"F[0,1](BaseExcess >= 0.001 & pH <= 0.565)
",-9999999.000,-9999999.000,0.000,0.000,1.000,20,0,0,0,20,0,20,0,1.0,0,0,1.0,1.0,0.0
"F[0,0](((BUN <= 5.081 -> Glucose >= 6.228) & TroponinI <= 62.467) & Creatinine <= 32.396)
",-0.615,-8.107,0.000,0.000,1.000,20,0,0,0,20,0,20,0,1.0,0,0,1.0,1.0,0.0
"((Hgb > 0.081) U[1,1] (SepsisLabel = 0.000))
",0.000,0.000,0.000,0.000,1.000,20,0,0,0,20,0,20,0,1.0,0,0,1.0,1.0,0.0
"F[0,0](Hct >= 0.176 & SepsisLabel = 0.000)
",-0.232,-14.517,0.000,0.000,1.000,20,0,0,0,20,0,20,0,1.0,0,0,1.0,1.0,0.0
"F[0,0]((Chloride <= 5.184 -> DBP <= 64.238) & EtCO2 >= 5.463)
",-5.761,-5.015,0.000,0.000,1.000,20,0,0,0,20,0,20,0,1.0,0,0,1.0,1.0,0.0
"F[0,1]((DBP >= 44.729 & Hgb >= 0.161) & Bilirubin_direct <= 4.898)
",-9999999.000,-9999999.000,0.000,0.000,1.000,20,0,0,0,20,0,20,0,1.0,0,0,1.0,1.0,0.0
"F[0,1]((Creatinine >= 0.022 & O2Sat >= 38.585) & pH >= 25.501)
",-9999999.000,-9999999.000,0.000,0.000,1.000,20,0,0,0,20,0,20,0,1.0,0,0,1.0,1.0,0.0
"F[0,1]((Calcium <= 7.072 & Potassium <= 2.998) & Magnesium >= 0.017)
",-9999999.000,-9999999.000,0.000,0.000,1.000,20,0,0,0,20,0,20,0,1.0,0,0,1.0,1.0,0.0
"F[0,1](((BaseExcess <= 2.886 -> SBP >= 77.773) & WBC <= 165.229) & Fibrinogen >= 136.617)
",-9999999.000,-9999999.000,0.000,0.000,1.000,20,0,0,0,20,0,20,0,1.0,0,0,1.0,1.0,0.0
"F[0,0]((Hct >= 0.069 | Resp <= 21.422) & Glucose >= 1.091)
",-4912083912977478.000,-1.091,0.000,0.000,1.000,20,0,0,0,20,0,20,0,1.0,0,0,1.0,1.0,0.0
"F[0,0](Calcium >= 0.101 & Resp <= 17.383)
",-4.112,-36.117,0.000,0.000,1.000,20,0,0,0,20,0,20,0,1.0,0,0,1.0,1.0,0.0
"((BaseExcess >= 0.201) U[0,0] (Platelets >= 5.631))
",-0.201,-0.201,0.000,0.000,1.000,20,0,0,0,20,0,20,0,1.0,0,0,1.0,1.0,0.0
"F[1,1](((PTT >= 0.077 | SaO2 >= 2.625) & PaCO2 <= 30.279) & MAP <= 60.690)
",-5583085587847486.000,-0.077,0.000,0.000,1.000,20,0,0,0,20,0,20,0,1.0,0,0,1.0,1.0,0.0
"F[1,1](((Lactate <= 1.909 & SBP <= 173.208) & HCO3 >= 47.035) & EtCO2 >= 97.840)
",-97.840,-97.840,0.000,0.000,1.000,20,0,0,0,20,0,20,0,1.0,0,0,1.0,1.0,0.0
"F[0,1](Bilirubin_direct >= 0.000 & PTT >= 0.393)
",-9999999.000,-9999999.000,0.000,0.000,1.000,19,0,0,1,20,0,19,1,0.95,0,0,1.0,0.95,0.050000000000000044
"((O2Sat >= 24.061) U[0,1] (WBC >= 0.020))
",-9999999.000,-9999999.000,0.000,0.000,1.000,19,0,0,1,20,0,19,1,0.95,0,0,1.0,0.95,0.050000000000000044
"((Calcium >= 0.081) U[1,2] (Phosphate <= 2.567))
",-9999999.000,-9999999.000,0.000,0.000,1.000,19,0,0,1,20,0,19,1,0.95,0,0,1.0,0.95,0.050000000000000044
"((BUN <= 3.059) U[0,1] (Creatinine >= 0.018))
",-9999999.000,-9999999.000,0.000,0.000,1.000,19,0,0,1,20,0,19,1,0.95,0,0,1.0,0.95,0.050000000000000044
"((Creatinine <= 0.596) U[1,1] (Hgb >= 0.022))
",5367721363032891.000,0.596,0.000,0.000,1.000,19,0,0,1,20,0,19,1,0.95,0,0,1.0,0.95,0.050000000000000044
"F[0,0]((O2Sat <= 94.980 -> BaseExcess >= 0.204) & HR <= 5.457)
",-3473655671812045.500,-6318.543,0.000,0.000,1.000,19,0,0,1,20,0,19,1,0.95,0,0,1.0,0.95,0.050000000000000044
"((pH >= 0.121) U[1,2] (SepsisLabel = 0.000))
",-9999999.000,-9999999.000,0.000,0.000,1.000,19,0,0,1,20,0,19,1,0.95,0,0,1.0,0.95,0.050000000000000044
"((BaseExcess >= 0.151) U[1,2] (O2Sat >= 4.742))
",-9999999.000,-9999999.000,0.000,0.000,1.000,19,0,0,1,20,0,19,1,0.95,0,0,1.0,0.95,0.050000000000000044
"F[1,1]((FiO2 >= 0.079 -> Resp >= 4.881) & PTT >= 6.135)
",-6907392887014340.000,-6.135,0.000,0.000,1.000,19,0,0,1,20,0,19,1,0.95,0,0,1.0,0.95,0.050000000000000044
"((BUN >= 0.126) U[1,2] (SBP <= 186.279))
",-9999999.000,-9999999.000,0.000,0.000,1.000,19,0,0,1,20,0,19,1,0.95,0,0,1.0,0.95,0.050000000000000044
"F[1,1](((Phosphate >= 0.004 | HCO3 <= 16.736) | HR >= 0.154) & BUN >= 0.084)
",-6067694375005073.000,-0.084,0.000,0.000,1.000,19,0,0,1,20,0,19,1,0.95,0,0,1.0,0.95,0.050000000000000044
"F[0,1](((PaCO2 >= 0.741 | Temp >= 4.723) | O2Sat >= 6.699) -> Alkalinephos >= 0.881)
",-9999999.000,-9999999.000,0.000,0.000,1.000,18,0,0,2,20,0,18,2,0.9,0,0,1.0,0.9,0.09999999999999998
"F[0,1](((TroponinI <= 0.000 -> FiO2 >= 0.067) | Glucose <= 0.290) & O2Sat <= 0.324)
",-9999999.000,-9999999.000,0.000,0.000,1.000,18,0,0,2,20,0,18,2,0.9,0,0,1.0,0.9,0.09999999999999998
"((Lactate <= 4.061) U[1,1] (PaCO2 >= 1.832))
",4572016707741339.000,4.061,0.000,0.000,1.000,18,0,0,2,20,0,18,2,0.9,0,0,1.0,0.9,0.09999999999999998
"F[0,1](((Calcium >= 0.116 -> FiO2 <= 0.138) & O2Sat <= 0.093) | Alkalinephos >= 0.082)
",-9999999.000,-9999999.000,0.000,0.000,1.000,18,0,0,2,20,0,18,2,0.9,0,0,1.0,0.9,0.09999999999999998
"F[0,1](((Hct <= 6.306 -> PaCO2 <= 42.215) | HR <= 7.942) -> Lactate >= 2.510)
",-9999999.000,-9999999.000,0.000,0.000,1.000,18,0,0,2,20,0,18,2,0.9,0,0,1.0,0.9,0.09999999999999998
"F[0,1]((HR >= 56.111 -> Lactate >= 0.131) | Alkalinephos >= 0.076)
",-9999999.000,-9999999.000,0.000,0.000,1.000,17,0,0,3,20,0,17,3,0.85,0,0,1.0,0.85,0.15000000000000002
"F[0,0](DBP >= 43.926 -> FiO2 >= 0.014)
",-4.178,-36.678,0.000,0.000,1.000,14,0,0,6,20,0,14,6,0.7,0,0,1.0,0.7,0.30000000000000004
"F[1,1](FiO2 <= 0.165 & O2Sat >= 84.019)
",-5912296481906293.000,-84.019,0.000,0.000,1.000,8,0,0,12,20,0,8,12,0.4,0,0,1.0,0.4,0.6
"F[0,1]((SaO2 <= 51.911 -> SBP <= 146.939) | HCO3 >= 7.922)
",-9999999.000,-9999999.000,0.000,0.000,1.000,8,0,0,12,20,0,8,12,0.4,0,0,1.0,0.4,0.6
"((MAP >= 21.854) U[0,1] (SBP <= 145.670))
",-9999999.000,-9999999.000,0.000,0.000,1.000,8,0,0,12,20,0,8,12,0.4,0,0,1.0,0.4,0.6
"((MAP <= 93.405) U[0,1] (DBP <= 52.610))
",-9999999.000,-9999999.000,0.000,0.000,1.000,7,0,0,13,20,0,7,13,0.35,0,0,1.0,0.35,0.65
"((Chloride >= 1.816) U[0,1] (MAP <= 79.788))
",-9999999.000,-9999999.000,0.000,0.000,1.000,7,0,0,13,20,0,7,13,0.35,0,0,1.0,0.35,0.65
"((Resp <= 16.961) U[1,1] (BUN <= 2.023))
",2387010209971341.000,16.961,0.000,0.000,1.000,5,0,0,15,20,0,5,15,0.25,0,0,1.0,0.25,0.75
"((MAP >= 42.116) U[0,1] (SBP <= 152.947))
",-9999999.000,-9999999.000,0.000,0.000,1.000,5,0,0,15,20,0,5,15,0.25,0,0,1.0,0.25,0.75
"F[0,1](DBP < 58.229 & SepsisLabel = 0.000)
",-9999999.000,-9999999.000,0.000,0.000,1.000,4,0,0,16,20,0,4,16,0.2,0,0,1.0,0.2,0.8
"((MAP >= 19.951) U[1,1] (SBP <= 175.096))
",6160656731187500.000,175.096,0.000,0.000,1.000,3,0,0,17,20,0,3,17,0.15,0,0,1.0,0.15,0.85
"((MAP >= 22.740) U[1,1] (SBP <= 173.485))
",6103975245843172.000,173.485,0.000,0.000,1.000,3,0,0,17,20,0,3,17,0.15,0,0,1.0,0.15,0.85
"F[0,0]((Creatinine >= 0.004 & SaO2 <= 82.398) | Resp >= 3.694)
",6.259,50.461,0.000,0.000,1.000,3,0,0,17,20,0,3,17,0.15,0,0,1.0,0.15,0.85
"((BUN >= 0.119) U[0,0] (MAP >= 51.096))
",6.000,99.841,0.000,0.000,1.000,2,0,0,18,20,0,2,18,0.1,0,0,1.0,0.1,0.9
"((FiO2 <= 0.196) U[1,2] (Potassium <= 0.756))
",-9999999.000,-9999999.000,0.000,0.000,1.000,2,0,0,18,20,0,2,18,0.1,0,0,1.0,0.1,0.9
"F[0,0](FiO2 >= 0.024 | HR >= 21.545)
",6929623056168911.000,6302.455,0.000,0.000,1.000,2,0,0,18,20,0,2,18,0.1,0,0,1.0,0.1,0.9
"((HR <= 91.807) U[1,1] (O2Sat >= 41.704))
",6460335688973348.000,91.807,0.000,0.000,1.000,2,0,0,18,20,0,2,18,0.1,0,0,1.0,0.1,0.9
"((SBP > 61.487) U[1,2] (SepsisLabel = 0.000))
",-9999999.000,-9999999.000,0.000,0.000,1.000,2,0,0,18,20,0,2,18,0.1,0,0,1.0,0.1,0.9
"((Creatinine >= 0.002) U[0,0] (DBP >= 16.382))
",6.017,66.496,0.000,0.000,1.000,2,0,0,18,20,0,2,18,0.1,0,0,1.0,0.1,0.9
"((HR <= 75.165) U[0,1] (Resp >= 7.194))
",-9999999.000,-9999999.000,0.000,0.000,1.000,2,0,0,18,20,0,2,18,0.1,0,0,1.0,0.1,0.9
"F[1,1]((BaseExcess >= 0.152 -> DBP >= 22.655) & Platelets <= 64.865)
",0.152,0.152,0.000,0.000,1.000,1,0,0,19,20,0,1,19,0.05,0,0,1.0,0.05,0.95
"((pH <= 3.603) U[1,2] (TroponinI <= 0.000))
",-9999999.000,-9999999.000,0.000,0.000,1.000,1,0,0,19,20,0,1,19,0.05,0,0,1.0,0.05,0.95
"F[1,1](((BUN >= 0.114 & WBC >= 0.397) -> Temp >= 0.207) & WBC <= 3.958)
",7467098762221262.000,0.207,0.000,0.000,1.000,1,0,0,19,20,0,1,19,0.05,0,0,1.0,0.05,0.95
"F[1,1]((FiO2 <= 0.381 -> Phosphate <= 2.265) | Glucose <= 2.145)
",4830795121438069.000,2.145,0.000,0.000,1.000,1,0,0,19,20,0,1,19,0.05,0,0,1.0,0.05,0.95
"F[1,1](Hgb <= 7.477 | Hct <= 29.787)
",8384398360207219.000,29.787,0.000,0.000,1.000,1,0,0,19,20,0,1,19,0.05,0,0,1.0,0.05,0.95
"((pH <= 6.231) U[1,1] (Alkalinephos <= 0.000))
",6.231,6.231,0.000,0.000,1.000,1,0,0,19,20,0,1,19,0.05,0,0,1.0,0.05,0.95
"F[1,1](((Calcium <= 2.307 & Chloride <= 27.116) & PaCO2 <= 61.922) & TroponinI <= 37.557)
",5195162675488318.000,2.307,0.000,0.000,1.000,1,0,0,19,20,0,1,19,0.05,0,0,1.0,0.05,0.95
"F[0,0](((HCO3 >= 0.437 & Lactate >= 0.125) | SaO2 <= 0.977) | Magnesium >= 0.112)
",1.104,1.153,0.000,0.000,1.000,1,0,0,19,20,0,1,19,0.05,0,0,1.0,0.05,0.95
"F[1,1]((Phosphate >= 0.002 & Magnesium > 0.034) -> Calcium < 7.322)
",-7.322,-7.322,0.000,0.000,1.000,1,0,0,19,20,0,1,19,0.05,0,0,1.0,0.05,0.95
"F[1,1]((MAP <= 89.425 | Chloride <= 51.619) -> O2Sat >= 1.850)
",-89.425,-89.425,0.000,0.000,1.000,1,0,0,19,20,0,1,19,0.05,0,0,1.0,0.05,0.95
"F[0,0](((Phosphate <= 1.442 -> WBC <= 12.958) & Lactate <= 1.236) & PaCO2 <= 8.510)
",-0.558,-21.998,0.000,0.000,1.000,1,0,0,19,20,0,1,19,0.05,0,0,1.0,0.05,0.95
"F[1,1](((BaseExcess <= 1.146 | Potassium <= 3.233) & PTT <= 2.195) | Temp >= 0.025)
",4942435852544662.000,2.195,0.000,0.000,1.000,1,0,0,19,20,0,1,19,0.05,0,0,1.0,0.05,0.95
"F[1,1](BUN <= 9.709 & SepsisLabel = 0.000)
",0.000,0.000,0.000,0.000,1.000,1,0,0,19,20,0,1,19,0.05,0,0,1.0,0.05,0.95
"F[0,1](Calcium <= 6.819 & TroponinI >= 0.000)
",-9999999.000,-9999999.000,0.000,0.000,1.000,0,0,0,20,20,0,0,20,0.0,0,0,0.0,0.0,1.0
"F[0,1](pH >= 0.298 | FiO2 <= 0.118)
",-9999999.000,-9999999.000,0.000,0.000,1.000,0,0,0,20,20,0,0,20,0.0,0,0,0.0,0.0,1.0
"F[1,2]((DBP >= 38.960 & Glucose <= 91.086) & Creatinine <= 16.848)
",-9999999.000,-9999999.000,0.000,0.000,1.000,0,0,0,20,20,0,0,20,0.0,0,0,0.0,0.0,1.0
"F[1,2](((AST >= 0.000 & Magnesium >= 0.015) | MAP <= 1.470) & Calcium >= 0.029)
",-9999999.000,-9999999.000,0.000,0.000,1.000,0,0,0,20,20,0,0,20,0.0,0,0,0.0,0.0,1.0
"F[2,2]((Calcium <= 6.101 & SBP >= 5.657) -> SaO2 <= 166.871)
",-2935620081325501.500,-166.871,0.000,0.000,1.000,0,0,0,20,20,0,0,20,0.0,0,0,0.0,0.0,1.0
"((BUN >= 0.127) U[0,2] (FiO2 <= 0.118))
",-9999999.000,-9999999.000,0.000,0.000,1.000,0,0,0,20,20,0,0,20,0.0,0,0,0.0,0.0,1.0
"F[0,2](PTT >= 0.221 & Bilirubin_direct <= 0.000)
",-9999999.000,-9999999.000,0.000,0.000,1.000,0,0,0,20,20,0,0,20,0.0,0,0,0.0,0.0,1.0
"F[0,1]((Bilirubin_direct >= 0.000 | BUN >= 0.208) -> DBP >= 0.219)
",-9999999.000,-9999999.000,0.000,0.000,1.000,0,0,0,20,20,0,0,20,0.0,0,0,0.0,0.0,1.0
"F[1,2](((HR >= 4.593 & Hct >= 0.793) -> Platelets >= 0.628) & Glucose >= 0.277)
",-9999999.000,-9999999.000,0.000,0.000,1.000,0,0,0,20,20,0,0,20,0.0,0,0,0.0,0.0,1.0
"F[2,2]((Hct >= 0.543 | SBP >= 20.435) -> Potassium >= 87.521)
",4891295232421685.000,0.543,0.000,0.000,1.000,0,0,0,20,20,0,0,20,0.0,0,0,0.0,0.0,1.0
"F[0,2](FiO2 >= 0.010 -> MAP <= 79.748)
",-9999999.000,-9999999.000,0.000,0.000,1.000,0,0,0,20,20,0,0,20,0.0,0,0,0.0,0.0,1.0
"F[2,2]((Phosphate <= 1.356 & Potassium <= 2.829) & BUN >= 0.023)
",-0.023,-0.023,0.000,0.000,1.000,0,0,0,20,20,0,0,20,0.0,0,0,0.0,0.0,1.0
"F[0,1](Platelets <= 245.552 & WBC <= 3.566)
",-9999999.000,-9999999.000,0.000,0.000,1.000,0,0,0,20,20,0,0,20,0.0,0,0,0.0,0.0,1.0
"F[1,2](((pH >= 0.535 & pH >= 0.163) -> Platelets >= 0.011) -> DBP <= 1.828)
",-9999999.000,-9999999.000,0.000,0.000,1.000,0,0,0,20,20,0,0,20,0.0,0,0,0.0,0.0,1.0
"F[0,1](((HR <= 92.501 & pH <= 5.284) | Phosphate <= 6.709) | TroponinI <= 3.960)
",-9999999.000,-9999999.000,0.000,0.000,1.000,0,0,0,20,20,0,0,20,0.0,0,0,0.0,0.0,1.0
"F[0,2](((Platelets >= 3.860 -> Bilirubin_total >= 0.000) | SaO2 <= 0.000) -> Hgb <= 0.000)
",-9999999.000,-9999999.000,0.000,0.000,1.000,0,0,0,20,20,0,0,20,0.0,0,0,0.0,0.0,1.0
"F[1,2](FiO2 >= 0.056 | TroponinI >= 0.000)
",-9999999.000,-9999999.000,0.000,0.000,1.000,0,0,0,20,20,0,0,20,0.0,0,0,0.0,0.0,1.0
"F[0,2](((Temp <= 24.862 & Platelets <= 213.021) | MAP <= 123.819) | Bilirubin_total >= 1.699)
",-9999999.000,-9999999.000,0.000,0.000,1.000,0,0,0,20,20,0,0,20,0.0,0,0,0.0,0.0,1.0
"((Potassium <= 1.305) U[0,1] (Fibrinogen >= 0.000))
",-9999999.000,-9999999.000,0.000,0.000,1.000,0,0,0,20,20,0,0,20,0.0,0,0,0.0,0.0,1.0
"F[2,2]((SaO2 <= 7.941 | MAP <= 96.208) | HR >= 29.707)
",3385017184036541.500,96.208,0.000,0.000,1.000,0,0,0,20,20,0,0,20,0.0,0,0,0.0,0.0,1.0
"F[1,1](((BaseExcess >= 0.029 -> MAP <= 82.760) | HR <= 85.719) & HCO3 <= 111.906)
",6031929178914402.000,85.719,0.000,0.000,1.000,0,0,0,20,20,0,0,20,0.0,0,0,0.0,0.0,1.0
"F[2,2](Hgb >= 0.007 -> Magnesium >= 0.007)
",0.007,0.007,0.000,0.000,1.000,0,0,0,20,20,0,0,20,0.0,0,0,0.0,0.0,1.0
"F[0,0](Phosphate >= 0.068 | SBP <= 183.879)
",10.011,172.593,0.000,0.000,1.000,0,0,0,20,20,0,0,20,0.0,0,0,0.0,0.0,1.0
"F[1,2](((BaseExcess <= 5.904 & Magnesium <= 1.196) & SaO2 <= 1.070) -> DBP <= 0.925)
",-9999999.000,-9999999.000,0.000,0.000,1.000,0,0,0,20,20,0,0,20,0.0,0,0,0.0,0.0,1.0
"F[0,2](((Resp <= 20.679 & BaseExcess <= 0.348) | PaCO2 >= 0.220) | PTT <= 6.741)
",-9999999.000,-9999999.000,0.000,0.000,1.000,0,0,0,20,20,0,0,20,0.0,0,0,0.0,0.0,1.0
"F[1,2](((Phosphate <= 0.112 | SaO2 >= 1.107) | Fibrinogen <= 92.236) -> Temp >= 3.682)
",-9999999.000,-9999999.000,0.000,0.000,1.000,0,0,0,20,20,0,0,20,0.0,0,0,0.0,0.0,1.0
"F[0,2]((HR >= 20.693 & PTT >= 0.522) | HCO3 <= 17.238)
",-9999999.000,-9999999.000,0.000,0.000,1.000,0,0,0,20,20,0,0,20,0.0,0,0,0.0,0.0,1.0
"F[1,2]((Creatinine <= 0.595 & HR <= 74.403) -> Temp >= 16.928)
",-9999999.000,-9999999.000,0.000,0.000,1.000,0,0,0,20,20,0,0,20,0.0,0,0,0.0,0.0,1.0
"((FiO2 >= 0.078) U[0,1] (Hct <= 6.133))
",-9999999.000,-9999999.000,0.000,0.000,1.000,0,0,0,20,20,0,0,20,0.0,0,0,0.0,0.0,1.0
"F[0,2](((PTT <= 22.558 & SaO2 <= 28.258) | FiO2 >= 1.660) & Alkalinephos <= 93.105)
",-9999999.000,-9999999.000,0.000,0.000,1.000,0,0,0,20,20,0,0,20,0.0,0,0,0.0,0.0,1.0
"F[0,2]((HR >= 41.688 | Platelets >= 2.182) -> Temp >= 2.505)
",-9999999.000,-9999999.000,0.000,0.000,1.000,0,0,0,20,20,0,0,20,0.0,0,0,0.0,0.0,1.0
"F[0,2]((Hgb >= 0.052 -> HR <= 68.086) -> EtCO2 <= 62.630)
",-9999999.000,-9999999.000,0.000,0.000,1.000,0,0,0,20,20,0,0,20,0.0,0,0,0.0,0.0,1.0
"F[2,2]((BUN >= 0.099 -> HR >= 2.856) -> Hgb <= 81.194)
",-5713537334399746.000,-81.194,0.000,0.000,1.000,0,0,0,20,20,0,0,20,0.0,0,0,0.0,0.0,1.0
"((HR >= 52.066) U[0,2] (Magnesium <= 0.727))
",-9999999.000,-9999999.000,0.000,0.000,1.000,0,0,0,20,20,0,0,20,0.0,0,0,0.0,0.0,1.0
"F[0,2](Bilirubin_direct <= 0.000 & WBC <= 7.152)
",-9999999.000,-9999999.000,0.000,0.000,1.000,0,0,0,20,20,0,0,20,0.0,0,0,0.0,0.0,1.0
"F[1,2]((BUN <= 11.689 -> Bilirubin_total >= 0.000) -> SBP >= 0.000)
",-9999999.000,-9999999.000,0.000,0.000,1.000,0,0,0,20,20,0,0,20,0.0,0,0,0.0,0.0,1.0
"F[0,2](((Magnesium <= 1.668 | SaO2 <= 87.667) -> SBP <= 6.840) -> FiO2 <= 67.527)
",-9999999.000,-9999999.000,0.000,0.000,1.000,0,0,0,20,20,0,0,20,0.0,0,0,0.0,0.0,1.0
"((Bilirubin_direct <= 0.000) U[0,2] (Phosphate <= 1.149))
",-9999999.000,-9999999.000,0.000,0.000,1.000,0,0,0,20,20,0,0,20,0.0,0,0,0.0,0.0,1.0
"F[0,2]((WBC <= 2.235 -> HR >= 30.567) | HR <= 82.958)
",-9999999.000,-9999999.000,0.000,0.000,1.000,0,0,0,20,20,0,0,20,0.0,0,0,0.0,0.0,1.0
"F[0,2](((Hgb <= 8.448 | SaO2 >= 1.201) | TroponinI <= 30.417) | Hct <= 40.934)
",-9999999.000,-9999999.000,0.000,0.000,1.000,0,0,0,20,20,0,0,20,0.0,0,0,0.0,0.0,1.0
"((PTT <= 22.318) U[0,2] (SBP <= 190.165))
",-9999999.000,-9999999.000,0.000,0.000,1.000,0,0,0,20,20,0,0,20,0.0,0,0,0.0,0.0,1.0
"F[0,2]((SaO2 <= 14.009 & WBC >= 0.199) -> Calcium <= 8.601)
",-9999999.000,-9999999.000,0.000,0.000,1.000,0,0,0,20,20,0,0,20,0.0,0,0,0.0,0.0,1.0
"F[0,2](((HCO3 <= 5.129 | SaO2 >= 1.495) & MAP >= 3.981) -> Calcium <= 33.916)
",-9999999.000,-9999999.000,0.000,0.000,1.000,0,0,0,20,20,0,0,20,0.0,0,0,0.0,0.0,1.0
"F[0,2]((BUN >= 0.199 | SaO2 >= 3.595) -> BaseExcess <= 55.101)
",-9999999.000,-9999999.000,0.000,0.000,1.000,0,0,0,20,20,0,0,20,0.0,0,0,0.0,0.0,1.0
"F[2,2](Lactate <= 0.601 | SaO2 <= 26.192)
",7372461137209453.000,26.192,0.000,0.000,1.000,0,0,0,20,20,0,0,20,0.0,0,0,0.0,0.0,1.0
"F[0,2](((HCO3 <= 13.807 | TroponinI <= 0.000) -> Creatinine >= 0.000) | DBP >= 0.000)
",-9999999.000,-9999999.000,0.000,0.000,1.000,0,0,0,20,20,0,0,20,0.0,0,0,0.0,0.0,1.0
"F[1,2]((BaseExcess >= 0.140 -> PTT >= 0.527) & Alkalinephos <= 15.392)
",-9999999.000,-9999999.000,0.000,0.000,1.000,0,0,0,20,20,0,0,20,0.0,0,0,0.0,0.0,1.0
"F[0,1](BaseExcess <= 4.593 -> Creatinine <= 0.827)
",-9999999.000,-9999999.000,0.000,0.000,1.000,0,0,0,20,20,0,0,20,0.0,0,0,0.0,0.0,1.0
"((Resp >= 6.512) U[2,2] (Glucose <= 149.453))
",5258398317448741.000,149.453,0.000,0.000,1.000,0,0,0,20,20,0,0,20,0.0,0,0,0.0,0.0,1.0
"F[1,1]((BaseExcess >= 0.122 -> Lactate <= 2.258) | PTT >= 0.054)
",-0.054,-0.054,0.000,0.000,1.000,0,0,0,20,20,0,0,20,0.0,0,0,0.0,0.0,1.0
"((BaseExcess >= 0.154) U[0,1] (BUN <= 8.791))
",-9999999.000,-9999999.000,0.000,0.000,1.000,0,0,0,20,20,0,0,20,0.0,0,0,0.0,0.0,1.0
"F[0,2](((Lactate >= 0.092 & Creatinine <= 0.253) & Lactate <= 0.487) | PTT >= 0.014)
",-9999999.000,-9999999.000,0.000,0.000,1.000,0,0,0,20,20,0,0,20,0.0,0,0,0.0,0.0,1.0
"F[0,0]((Lactate >= 0.033 -> Chloride <= 90.378) | Alkalinephos <= 6.643)
",1.948,5.943,0.000,0.000,1.000,0,0,0,20,20,0,0,20,0.0,0,0,0.0,0.0,1.0
"((HR <= 69.205) U[2,2] (SaO2 <= 85.771))
",6035628248129247.000,85.771,0.000,0.000,1.000,0,0,0,20,20,0,0,20,0.0,0,0,0.0,0.0,1.0
"F[0,2](SepsisLabel <= 0.000 -> SBP <= 144.794)
",-9999999.000,-9999999.000,0.000,0.000,1.000,0,0,0,20,20,0,0,20,0.0,0,0,0.0,0.0,1.0
"F[1,2](((pH >= 0.541 -> Bilirubin_total >= 0.000) | Lactate >= 0.000) & Bilirubin_direct >= 0.000)
",-9999999.000,-9999999.000,0.000,0.000,1.000,0,0,0,20,20,0,0,20,0.0,0,0,0.0,0.0,1.0
"F[0,1](Bilirubin_direct >= 0.000 | BaseExcess <= 6.395)
",-9999999.000,-9999999.000,0.000,0.000,1.000,0,0,0,20,20,0,0,20,0.0,0,0,0.0,0.0,1.0
"F[0,1](Alkalinephos <= 0.000 & DBP >= 1.627)
",-9999999.000,-9999999.000,0.000,0.000,1.000,0,0,0,20,20,0,0,20,0.0,0,0,0.0,0.0,1.0
"((SBP >= 15.098) U[0,2] (Resp >= 5.333))
",-9999999.000,-9999999.000,0.000,0.000,1.000,0,0,0,20,20,0,0,20,0.0,0,0,0.0,0.0,1.0
"((Temp <= 16.946) U[0,1] (Platelets <= 205.760))
",-9999999.000,-9999999.000,0.000,0.000,1.000,0,0,0,20,20,0,0,20,0.0,0,0,0.0,0.0,1.0
"F[0,0](Bilirubin_total <= 0.000 & Platelets <= 41.265)
",-0.229,-0.185,0.000,0.000,1.000,0,0,0,20,20,0,0,20,0.0,0,0,0.0,0.0,1.0
"F[2,2]((Phosphate <= 1.255 -> HCO3 <= 1.357) | Chloride >= 0.178)
",-0.178,-0.178,0.000,0.000,1.000,0,0,0,20,20,0,0,20,0.0,0,0,0.0,0.0,1.0
"F[0,2](Resp <= 15.141 -> PTT <= 11.980)
",-9999999.000,-9999999.000,0.000,0.000,1.000,0,0,0,20,20,0,0,20,0.0,0,0,0.0,0.0,1.0
"F[1,2](((Hct >= 0.615 & Glucose <= 26.203) & Fibrinogen >= 0.181) & PTT <= 110.436)
",-9999999.000,-9999999.000,0.000,0.000,1.000,0,0,0,20,20,0,0,20,0.0,0,0,0.0,0.0,1.0
"F[1,2]((HR <= 65.751 & Phosphate <= 2.423) & Chloride >= 0.052)
",-9999999.000,-9999999.000,0.000,0.000,1.000,0,0,0,20,20,0,0,20,0.0,0,0,0.0,0.0,1.0
"F[1,1](((Creatinine <= 0.556 -> PTT >= 0.555) & Fibrinogen >= 0.389) -> BUN <= 20.817)
",-2929759069748674.500,-20.817,0.000,0.000,1.000,0,0,0,20,20,0,0,20,0.0,0,0,0.0,0.0,1.0
"F[0,2](FiO2 >= 0.076 | AST >= 0.000)
",-9999999.000,-9999999.000,0.000,0.000,1.000,0,0,0,20,20,0,0,20,0.0,0,0,0.0,0.0,1.0
"((Glucose <= 56.714) U[0,2] (TroponinI <= 0.000))
",-9999999.000,-9999999.000,0.000,0.000,1.000,0,0,0,20,20,0,0,20,0.0,0,0,0.0,0.0,1.0
"F[0,1](HCO3 >= 0.095 -> SaO2 >= 3.612)
",-9999999.000,-9999999.000,0.000,0.000,1.000,0,0,0,20,20,0,0,20,0.0,0,0,0.0,0.0,1.0
"F[0,2](((Fibrinogen <= 0.000 | Potassium >= 0.072) | HCO3 >= 0.041) -> PTT <= 0.453)
",-9999999.000,-9999999.000,0.000,0.000,1.000,0,0,0,20,20,0,0,20,0.0,0,0,0.0,0.0,1.0
"F[1,1]((AST >= 0.000 | WBC >= 0.089) & Magnesium <= 4.214)
",0.000,0.000,0.000,0.000,1.000,0,0,0,20,20,0,0,20,0.0,0,0,0.0,0.0,1.0
"F[1,2](DBP <= 53.803 | Alkalinephos >= 0.000)
",-9999999.000,-9999999.000,0.000,0.000,1.000,0,0,0,20,20,0,0,20,0.0,0,0,0.0,0.0,1.0
"((Bilirubin_direct <= 0.000) U[0,2] (Hct <= 13.615))
",-9999999.000,-9999999.000,0.000,0.000,1.000,0,0,0,20,20,0,0,20,0.0,0,0,0.0,0.0,1.0
"F[0,2](((Magnesium >= 0.019 | pH >= 0.065) & O2Sat <= 2.994) | BUN <= 4.757)
",-9999999.000,-9999999.000,0.000,0.000,1.000,0,0,0,20,20,0,0,20,0.0,0,0,0.0,0.0,1.0
"F[1,1](MAP >= 50.135 | Magnesium <= 0.574)
",0.574,0.574,0.000,0.000,1.000,0,0,0,20,20,0,0,20,0.0,0,0,0.0,0.0,1.0
"((TroponinI <= 0.000) U[0,1] (Alkalinephos <= 0.000))
",-9999999.000,-9999999.000,0.000,0.000,1.000,0,0,0,20,20,0,0,20,0.0,0,0,0.0,0.0,1.0
"F[0,2](Phosphate <= 0.415 & Magnesium >= 0.023)
",-9999999.000,-9999999.000,0.000,0.000,1.000,0,0,0,20,20,0,0,20,0.0,0,0,0.0,0.0,1.0
"F[2,2]((Bilirubin_direct <= 0.000 & BaseExcess <= 5.365) & pH >= 0.050)
",-7175967975550716.000,-0.050,0.000,0.000,1.000,0,0,0,20,20,0,0,20,0.0,0,0,0.0,0.0,1.0
"F[0,1](((Hct <= 9.995 & Alkalinephos >= 0.000) | Creatinine <= 0.000) | Chloride <= 0.000)
",-9999999.000,-9999999.000,0.000,0.000,1.000,0,0,0,20,20,0,0,20,0.0,0,0,0.0,0.0,1.0
"((Creatinine >= 0.018) U[0,0] (Magnesium <= 1.002))
",0.277,5.851,0.000,0.000,1.000,0,0,0,20,20,0,0,20,0.0,0,0,0.0,0.0,1.0
"F[2,2](((Phosphate >= 0.061 | Potassium <= 1.218) -> SaO2 >= 0.008) -> SaO2 >= 0.046)
",0.046,0.046,0.000,0.000,1.000,0,0,0,20,20,0,0,20,0.0,0,0,0.0,0.0,1.0
"F[0,0](Alkalinephos <= 0.000 & SepsisLabel >= 0.000)
",-0.229,-0.700,0.000,0.000,1.000,0,0,0,20,20,0,0,20,0.0,0,0,0.0,0.0,1.0
"F[1,1](((Alkalinephos <= 0.000 & DBP <= 57.002) -> Fibrinogen <= 53.211) -> PTT <= 59.075)
",-8314083370039075.000,-59.075,0.000,0.000,1.000,0,0,0,20,20,0,0,20,0.0,0,0,0.0,0.0,1.0
"F[0,1]((FiO2 >= 0.004 -> Potassium >= 0.043) | SBP <= 0.466)
",-9999999.000,-9999999.000,0.000,0.000,1.000,0,0,0,20,20,0,0,20,0.0,0,0,0.0,0.0,1.0
"F[2,2](((EtCO2 >= 0.000 | Platelets <= 206.803) & FiO2 <= 109.042) | FiO2 >= 2.168)
",109.042,109.042,0.000,0.000,1.000,0,0,0,20,20,0,0,20,0.0,0,0,0.0,0.0,1.0
"F[0,2](((Resp >= 3.577 | PTT >= 0.581) | AST <= 2.779) & EtCO2 >= 0.645)
",-9999999.000,-9999999.000,0.000,0.000,1.000,0,0,0,20,20,0,0,20,0.0,0,0,0.0,0.0,1.0
"F[0,0](EtCO2 >= 0.000 & WBC <= 0.894)
",-0.090,-0.520,0.000,0.000,1.000,0,0,0,20,20,0,0,20,0.0,0,0,0.0,0.0,1.0
"((SepsisLabel >= 0.000) U[0,2] (PTT >= 0.177))
",-9999999.000,-9999999.000,0.000,0.000,1.000,0,0,0,20,20,0,0,20,0.0,0,0,0.0,0.0,1.0
"F[0,2](((HCO3 <= 13.836 & HCO3 >= 0.341) & Bilirubin_total <= 12.279) | BUN >= 0.303)
",-9999999.000,-9999999.000,0.000,0.000,1.000,0,0,0,20,20,0,0,20,0.0,0,0,0.0,0.0,1.0
"F[0,2](((Fibrinogen <= 0.000 | SepsisLabel <= 0.000) & Chloride >= 0.000) -> EtCO2 <= 0.000)
",-9999999.000,-9999999.000,0.000,0.000,1.000,0,0,0,20,20,0,0,20,0.0,0,0,0.0,0.0,1.0
"F[0,2](((Magnesium <= 1.317 | PTT <= 18.310) & Phosphate <= 25.407) & HCO3 >= 0.616)
",-9999999.000,-9999999.000,0.000,0.000,1.000,0,0,0,20,20,0,0,20,0.0,0,0,0.0,0.0,1.0
"F[0,2](HR >= 40.625 & Platelets >= 0.153)
",-9999999.000,-9999999.000,0.000,0.000,1.000,0,0,0,20,20,0,0,20,0.0,0,0,0.0,0.0,1.0
"F[0,2]((pH <= 1.392 | Potassium <= 0.321) & WBC <= 1.135)
",-9999999.000,-9999999.000,0.000,0.000,1.000,0,0,0,20,20,0,0,20,0.0,0,0,0.0,0.0,1.0
"((SaO2 >= 2.918) U[0,2] (Resp <= 14.040))
",-9999999.000,-9999999.000,0.000,0.000,1.000,0,0,0,20,20,0,0,20,0.0,0,0,0.0,0.0,1.0
"((Phosphate >= 0.069) U[0,2] (BaseExcess <= 3.187))
",-9999999.000,-9999999.000,0.000,0.000,1.000,0,0,0,20,20,0,0,20,0.0,0,0,0.0,0.0,1.0
"F[0,0](((SBP <= 157.008 | SaO2 <= 90.055) | Fibrinogen <= 48.632) | SaO2 >= 4.272)
",8.453,145.722,0.000,0.000,1.000,0,0,0,20,20,0,0,20,0.0,0,0,0.0,0.0,1.0
"F[0,2](((MAP <= 96.734 -> Alkalinephos <= 0.000) -> Creatinine <= 0.000) & Potassium <= 0.000)
",-9999999.000,-9999999.000,0.000,0.000,1.000,0,0,0,20,20,0,0,20,0.0,0,0,0.0,0.0,1.0
"F[1,2](((TroponinI >= 0.000 | PaCO2 >= 2.137) | Calcium <= 4.070) | HR >= 2.144)
",-9999999.000,-9999999.000,0.000,0.000,1.000,0,0,0,20,20,0,0,20,0.0,0,0,0.0,0.0,1.0
"F[0,2](((Platelets <= 158.258 & Alkalinephos <= 0.000) & Creatinine >= 0.000) | Fibrinogen <= 0.000)
",-9999999.000,-9999999.000,0.000,0.000,1.000,0,0,0,20,20,0,0,20,0.0,0,0,0.0,0.0,1.0
"F[1,1](((Hgb >= 0.171 -> Bilirubin_total <= 0.000) -> AST <= 0.000) | BUN <= 0.000)
",0.000,0.000,0.000,0.000,1.000,0,0,0,20,20,0,0,20,0.0,0,0,0.0,0.0,1.0
"F[0,1]((Hct >= 0.563 | Glucose >= 0.124) -> MAP >= 5.671)
",-9999999.000,-9999999.000,0.000,0.000,1.000,0,0,0,20,20,0,0,20,0.0,0,0,0.0,0.0,1.0
"F[0,2](SBP <= 183.648 & Chloride >= 1.065)
",-9999999.000,-9999999.000,0.000,0.000,1.000,0,0,0,20,20,0,0,20,0.0,0,0,0.0,0.0,1.0
"F[2,2]((TroponinI >= 0.000 -> HCO3 >= 0.512) | Potassium >= 0.508)
",0.000,0.000,0.000,0.000,1.000,0,0,0,20,20,0,0,20,0.0,0,0,0.0,0.0,1.0
"F[2,2]((HR <= 84.606 & HCO3 <= 5.708) | HCO3 <= 20.464)
",5760222095203836.000,20.464,0.000,0.000,1.000,0,0,0,20,20,0,0,20,0.0,0,0,0.0,0.0,1.0
"F[2,2]((SaO2 <= 68.227 -> Hct >= 0.316) -> Creatinine >= 0.247)
",4440856392007737.500,0.247,0.000,0.000,1.000,0,0,0,20,20,0,0,20,0.0,0,0,0.0,0.0,1.0
"((TroponinI <= 0.000) U[1,2] (EtCO2 <= 0.000))
",-9999999.000,-9999999.000,0.000,0.000,1.000,0,0,0,20,20,0,0,20,0.0,0,0,0.0,0.0,1.0
"F[0,2]((O2Sat <= 90.890 -> pH <= 3.470) & pH >= 0.327)
",-9999999.000,-9999999.000,0.000,0.000,1.000,0,0,0,20,20,0,0,20,0.0,0,0,0.0,0.0,1.0
"F[0,1]((PaCO2 >= 0.999 -> MAP >= 9.953) | Magnesium <= 99.184)
",-9999999.000,-9999999.000,0.000,0.000,1.000,0,0,0,20,20,0,0,20,0.0,0,0,0.0,0.0,1.0
"F[1,2]((Hgb <= 1.081 -> Chloride <= 96.652) & SepsisLabel >= 1.922)
",-9999999.000,-9999999.000,0.000,0.000,1.000,0,0,0,20,20,0,0,20,0.0,0,0,0.0,0.0,1.0
"F[0,2](((SepsisLabel >= 0.000 -> FiO2 >= 0.038) | MAP >= 0.005) & PTT <= 0.353)
",-9999999.000,-9999999.000,0.000,0.000,1.000,0,0,0,20,20,0,0,20,0.0,0,0,0.0,0.0,1.0
"F[0,1]((Glucose <= 90.496 -> SBP <= 191.922) & Hgb <= 158.693)
",-9999999.000,-9999999.000,0.000,0.000,1.000,0,0,0,20,20,0,0,20,0.0,0,0,0.0,0.0,1.0
"F[1,2](PaCO2 >= 2.510 | EtCO2 <= 0.000)
",-9999999.000,-9999999.000,0.000,0.000,1.000,0,0,0,20,20,0,0,20,0.0,0,0,0.0,0.0,1.0
"F[1,2](((Resp <= 15.549 & WBC <= 15.928) & HR <= 3.440) | WBC <= 3.217)
",-9999999.000,-9999999.000,0.000,0.000,1.000,0,0,0,20,20,0,0,20,0.0,0,0,0.0,0.0,1.0
"F[2,2]((Hgb <= 3.464 | HR <= 91.983) -> Calcium >= 17.730)
",-91.983,-91.983,0.000,0.000,1.000,0,0,0,20,20,0,0,20,0.0,0,0,0.0,0.0,1.0
"F[2,2](((PaCO2 <= 10.542 | PaCO2 <= 44.162) | Potassium >= 1.691) & WBC <= 48.794)
",44.162,44.162,0.000,0.000,1.000,0,0,0,20,20,0,0,20,0.0,0,0,0.0,0.0,1.0
"F[0,0](((Hgb >= 0.028 -> Creatinine <= 0.585) -> PaCO2 <= 0.507) -> Hgb <= 0.127)
",-0.331,-0.490,0.000,0.000,1.000,0,0,0,20,20,0,0,20,0.0,0,0,0.0,0.0,1.0
"F[1,2](O2Sat <= 97.082 & BaseExcess >= 0.111)
",-9999999.000,-9999999.000,0.000,0.000,1.000,0,0,0,20,20,0,0,20,0.0,0,0,0.0,0.0,1.0
"F[0,1]((EtCO2 <= 0.000 & Creatinine <= 0.078) | BaseExcess >= 0.015)
",-9999999.000,-9999999.000,0.000,0.000,1.000,0,0,0,20,20,0,0,20,0.0,0,0,0.0,0.0,1.0
"((MAP >= 69.943) U[0,1] (Temp <= 37.352))
",-9999999.000,-9999999.000,0.000,0.000,1.000,0,0,0,20,20,0,0,20,0.0,0,0,0.0,0.0,1.0
"F[2,2](((WBC >= 0.197 -> Resp <= 19.705) | Potassium <= 19.636) | HCO3 >= 1.924)
",5526979509064011.000,19.636,0.000,0.000,1.000,0,0,0,20,20,0,0,20,0.0,0,0,0.0,0.0,1.0
"F[2,2]((PTT <= 21.985 -> Bilirubin_total <= 0.000) -> Hgb <= 0.000)
",0.000,0.000,0.000,0.000,1.000,0,0,0,20,20,0,0,20,0.0,0,0,0.0,0.0,1.0
"F[1,2]((Temp <= 24.610 | pH <= 2.175) & TroponinI <= 4.495)
",-9999999.000,-9999999.000,0.000,0.000,1.000,0,0,0,20,20,0,0,20,0.0,0,0,0.0,0.0,1.0
"F[0,1](HR <= 59.818 -> Platelets <= 31.158)
",-9999999.000,-9999999.000,0.000,0.000,1.000,0,0,0,20,20,0,0,20,0.0,0,0,0.0,0.0,1.0
"F[0,0](Hgb <= 7.307 | Hct <= 27.028)
",7607781966306734.000,27.028,0.000,0.000,1.000,0,0,0,20,20,0,0,20,0.0,0,0,0.0,0.0,1.0
"F[1,2](((Platelets <= 28.265 & Temp >= 5.878) -> PTT <= 10.701) | Bilirubin_direct <= 22.517)
",-9999999.000,-9999999.000,0.000,0.000,1.000,0,0,0,20,20,0,0,20,0.0,0,0,0.0,0.0,1.0
"((Glucose <= 167.856) U[1,2] (HR >= 11.950))
",-9999999.000,-9999999.000,0.000,0.000,1.000,0,0,0,20,20,0,0,20,0.0,0,0,0.0,0.0,1.0
"((SBP > 100.176) U[0,1] (SepsisLabel = 0.000))
",-9999999.000,-9999999.000,0.000,0.000,1.000,0,0,0,20,20,0,0,20,0.0,0,0,0.0,0.0,1.0
"((Lactate < 4.235) U[1,2] (SepsisLabel = 0.000))
",-9999999.000,-9999999.000,0.000,0.000,1.000,0,0,0,20,20,0,0,20,0.0,0,0,0.0,0.0,1.0
"F[0,1](EtCO2 >= 0.000 & SepsisLabel = 0.000)
",-9999999.000,-9999999.000,0.000,0.000,1.000,0,0,0,20,20,0,0,20,0.0,0,0,0.0,0.0,1.0
"((HCO3 < 2.745) U[0,0] (SepsisLabel = 0.000))
",4.359,2.608,0.000,0.000,1.000,0,0,0,20,20,0,0,20,0.0,0,0,0.0,0.0,1.0
"((Hgb < 6.766) U[2,2] (SepsisLabel = 0.000))
",6.766,6.766,0.000,0.000,1.000,0,0,0,20,20,0,0,20,0.0,0,0,0.0,0.0,1.0
"F[2,2](Bilirubin_total > 0.000 & SepsisLabel = 0.000)
",0.000,0.000,0.000,0.000,1.000,0,0,0,20,20,0,0,20,0.0,0,0,0.0,0.0,1.0
"F[0,2](HR <= 84.184 & SepsisLabel = 0.000)
",-9999999.000,-9999999.000,0.000,0.000,1.000,0,0,0,20,20,0,0,20,0.0,0,0,0.0,0.0,1.0
"((Calcium <= 1.039) U[0,2] (SepsisLabel = 0.000))
",-9999999.000,-9999999.000,0.000,0.000,1.000,0,0,0,20,20,0,0,20,0.0,0,0,0.0,0.0,1.0
"((Potassium <= 2.726) U[1,1] (SepsisLabel = 0.000))
",6139378241564388.000,2.726,0.000,0.000,1.000,0,0,0,20,20,0,0,20,0.0,0,0,0.0,0.0,1.0
"((Glucose < 37.895) U[1,2] (SepsisLabel = 0.000))
",-9999999.000,-9999999.000,0.000,0.000,1.000,0,0,0,20,20,0,0,20,0.0,0,0,0.0,0.0,1.0
"((Magnesium > 0.021) U[0,2] (SepsisLabel = 0.000))
",-9999999.000,-9999999.000,0.000,0.000,1.000,0,0,0,20,20,0,0,20,0.0,0,0,0.0,0.0,1.0
"((FiO2 <= 0.178) U[0,2] (SepsisLabel = 0.000))
",-9999999.000,-9999999.000,0.000,0.000,1.000,0,0,0,20,20,0,0,20,0.0,0,0,0.0,0.0,1.0
"((Potassium < 2.102) U[0,0] (SepsisLabel = 0.000))
",2.882,1.947,0.000,0.000,1.000,0,0,0,20,20,0,0,20,0.0,0,0,0.0,0.0,1.0
"((Hct < 15.273) U[0,2] (SepsisLabel = 0.000))
",-9999999.000,-9999999.000,0.000,0.000,1.000,0,0,0,20,20,0,0,20,0.0,0,0,0.0,0.0,1.0
"((Resp < 17.035) U[0,1] (SepsisLabel = 0.000))
",-9999999.000,-9999999.000,0.000,0.000,1.000,0,0,0,20,20,0,0,20,0.0,0,0,0.0,0.0,1.0
"F[1,1](FiO2 <= 0.166 -> SepsisLabel = 0.000)
",-5974398010482869.000,-0.166,0.000,0.000,1.000,0,0,0,20,20,0,0,20,0.0,0,0,0.0,0.0,1.0
"((FiO2 >= 0.032) U[0,1] (SepsisLabel = 0.000))
",-9999999.000,-9999999.000,0.000,0.000,1.000,0,0,0,20,20,0,0,20,0.0,0,0,0.0,0.0,1.0
"((pH > 0.282) U[0,1] (SepsisLabel = 0.000))
",-9999999.000,-9999999.000,0.000,0.000,1.000,0,0,0,20,20,0,0,20,0.0,0,0,0.0,0.0,1.0
"F[2,2](Chloride <= 61.977 & SepsisLabel = 0.000)
",0.000,0.000,0.000,0.000,1.000,0,0,0,20,20,0,0,20,0.0,0,0,0.0,0.0,1.0
"F[1,2]((Calcium >= 0.001 -> Lactate <= 1.303) -> AST <= 1.672)
",-9999999.000,-9999999.000,0.000,0.000,1.000,0,0,0,20,20,0,0,20,0.0,0,0,0.0,0.0,1.0
"F[1,1]((HCO3 >= 0.077 & Phosphate <= 0.632) -> Creatinine >= 0.005)
",5632372578821989.000,0.005,0.000,0.000,1.000,0,0,0,20,20,0,0,20,0.0,0,0,0.0,0.0,1.0
"((Magnesium >= 0.007) U[2,2] (Potassium >= 0.074))
",-7768717823894914.000,-0.007,0.000,0.000,1.000,0,0,0,20,20,0,0,20,0.0,0,0,0.0,0.0,1.0
"F[0,0](((Magnesium >= 0.031 | WBC <= 13.051) | Calcium <= 1.516) -> SepsisLabel <= 13.386)
",-7.730,-13.000,0.000,0.000,1.000,0,0,0,20,20,0,0,20,0.0,0,0,0.0,0.0,1.0
"F[0,1](((Lactate <= 2.060 -> Magnesium >= 0.030) & Chloride <= 1.626) -> O2Sat >= 0.013)
",-9999999.000,-9999999.000,0.000,0.000,1.000,0,0,0,20,20,0,0,20,0.0,0,0,0.0,0.0,1.0
"F[1,2](Lactate <= 1.575 -> Platelets >= 1.053)
",-9999999.000,-9999999.000,0.000,0.000,1.000,0,0,0,20,20,0,0,20,0.0,0,0,0.0,0.0,1.0
"F[1,2](Hgb <= 10.780 -> Lactate >= 0.092)
",-9999999.000,-9999999.000,0.000,0.000,1.000,0,0,0,20,20,0,0,20,0.0,0,0,0.0,0.0,1.0
"F[0,2]((BUN >= 0.217 | Potassium >= 0.055) & EtCO2 <= 1.320)
",-9999999.000,-9999999.000,0.000,0.000,1.000,0,0,0,20,20,0,0,20,0.0,0,0,0.0,0.0,1.0
"F[2,2](((Platelets <= 83.552 & WBC >= 0.056) & PTT >= 0.085) & Resp <= 11.409)
",-6109899300387092.000,-0.085,0.000,0.000,1.000,0,0,0,20,20,0,0,20,0.0,0,0,0.0,0.0,1.0
"F[0,2]((Phosphate >= 0.075 | Platelets >= 5.922) & TroponinI <= 55.554)
",-9999999.000,-9999999.000,0.000,0.000,1.000,0,0,0,20,20,0,0,20,0.0,0,0,0.0,0.0,1.0
"F[0,2](Magnesium >= 0.041 & SepsisLabel = 0.000)
",-9999999.000,-9999999.000,0.000,0.000,1.000,0,0,0,20,20,0,0,20,0.0,0,0,0.0,0.0,1.0
"F[2,2](((Phosphate <= 0.449 | WBC <= 8.211) & Platelets >= 0.386) -> WBC >= 0.069)
",4987997586977486.000,0.069,0.000,0.000,1.000,0,0,0,20,20,0,0,20,0.0,0,0,0.0,0.0,1.0
"F[0,2](TroponinI <= 0.000 -> SepsisLabel = 0.000)
",-9999999.000,-9999999.000,0.000,0.000,1.000,0,0,0,20,20,0,0,20,0.0,0,0,0.0,0.0,1.0
"F[1,2](Alkalinephos < 0.000 & SepsisLabel = 0.000)
",-9999999.000,-9999999.000,0.000,0.000,1.000,0,0,0,20,20,0,0,20,0.0,0,0,0.0,0.0,1.0
"F[0,2](HR < 89.363 -> SepsisLabel = 0.000)
",-9999999.000,-9999999.000,0.000,0.000,1.000,0,0,0,20,20,0,0,20,0.0,0,0,0.0,0.0,1.0
"F[0,1](WBC <= 0.581 -> SepsisLabel = 0.000)
",-9999999.000,-9999999.000,0.000,0.000,1.000,0,0,0,20,20,0,0,20,0.0,0,0,0.0,0.0,1.0
"F[0,0](Phosphate > 0.065 -> SepsisLabel = 0.000)
",-0.229,-0.082,0.000,0.000,1.000,0,0,0,20,20,0,0,20,0.0,0,0,0.0,0.0,1.0
"((PTT <= 10.635) U[2,2] (SepsisLabel = 0.000))
",5986775752956891.000,10.635,0.000,0.000,1.000,0,0,0,20,20,0,0,20,0.0,0,0,0.0,0.0,1.0
"F[2,2]((Phosphate >= 0.062 & Magnesium > 0.037) -> Calcium < 1.663)
",-3745459379562093.500,-1.663,0.000,0.000,1.000,0,0,0,20,20,0,0,20,0.0,0,0,0.0,0.0,1.0
"F[0,2](((Calcium < 0.742 & Potassium < 1.564) & Magnesium < 1.594) & Phosphate < 1.207)
",-9999999.000,-9999999.000,0.000,0.000,1.000,0,0,0,20,20,0,0,20,0.0,0,0,0.0,0.0,1.0
"F[1,2]((Phosphate >= 0.031 & Magnesium > 0.028) -> Calcium < 0.907)
",-9999999.000,-9999999.000,0.000,0.000,1.000,0,0,0,20,20,0,0,20,0.0,0,0,0.0,0.0,1.0
"F[0,1](Hgb <= 5.293 | Hct <= 3.367)
",-9999999.000,-9999999.000,0.000,0.000,1.000,0,0,0,20,20,0,0,20,0.0,0,0,0.0,0.0,1.0
"F[0,0](((Calcium < 7.536 & Potassium < 2.819) & Magnesium < 1.311) & Phosphate < 1.504)
",0.826,1.026,0.000,0.000,1.000,0,0,0,20,20,0,0,20,0.0,0,0,0.0,0.0,1.0
"F[1,2]((Calcium <= 3.972 & Potassium <= 2.721) & Magnesium >= 0.035)
",-9999999.000,-9999999.000,0.000,0.000,1.000,0,0,0,20,20,0,0,20,0.0,0,0,0.0,0.0,1.0
"F[2,2](Hgb <= 10.760 | Hct <= 7.107)
",6057243010711764.000,10.760,0.000,0.000,1.000,0,0,0,20,20,0,0,20,0.0,0,0,0.0,0.0,1.0
"((MAP >= 61.053) U[1,2] (SBP <= 144.692))
",-9999999.000,-9999999.000,0.000,0.000,1.000,0,0,0,20,20,0,0,20,0.0,0,0,0.0,0.0,1.0
"F[0,2]((Phosphate >= 0.072 & Magnesium > 0.002) -> Calcium < 2.429)
",-9999999.000,-9999999.000,0.000,0.000,1.000,0,0,0,20,20,0,0,20,0.0,0,0,0.0,0.0,1.0
"F[0,2](((Calcium < 4.565 & Potassium < 1.195) & Magnesium < 0.854) & Phosphate < 1.744)
",-9999999.000,-9999999.000,0.000,0.000,1.000,0,0,0,20,20,0,0,20,0.0,0,0,0.0,0.0,1.0
"F[2,2]((Calcium <= 1.783 & Potassium <= 2.701) & Magnesium >= 0.039)
",-0.039,-0.039,0.000,0.000,1.000,0,0,0,20,20,0,0,20,0.0,0,0,0.0,0.0,1.0
"((MAP >= 74.434) U[0,2] (SBP <= 158.007))
",-9999999.000,-9999999.000,0.000,0.000,1.000,0,0,0,20,20,0,0,20,0.0,0,0,0.0,0.0,1.0
"F[2,2](((Calcium < 1.244 & Potassium < 2.839) & Magnesium < 1.052) & Phosphate < 2.479)
",4739003525746789.000,1.052,0.000,0.000,1.000,0,0,0,20,20,0,0,20,0.0,0,0,0.0,0.0,1.0
"F[1,2]((Phosphate >= 0.047 & Magnesium > 0.042) -> Calcium < 1.203)
",-9999999.000,-9999999.000,0.000,0.000,1.000,0,0,0,20,20,0,0,20,0.0,0,0,0.0,0.0,1.0
"F[0,1](((Calcium < 4.392 & Potassium < 3.490) & Magnesium < 0.759) & Phosphate < 2.011)
",-9999999.000,-9999999.000,0.000,0.000,1.000,0,0,0,20,20,0,0,20,0.0,0,0,0.0,0.0,1.0
"F[1,2]((Calcium <= 6.172 & Potassium <= 0.900) & Magnesium >= 0.041)
",-9999999.000,-9999999.000,0.000,0.000,1.000,0,0,0,20,20,0,0,20,0.0,0,0,0.0,0.0,1.0
"F[0,2](Hgb <= 5.285 | Hct <= 11.777)
",-9999999.000,-9999999.000,0.000,0.000,1.000,0,0,0,20,20,0,0,20,0.0,0,0,0.0,0.0,1.0
"((MAP >= 17.878) U[1,2] (SBP <= 162.011))
",-9999999.000,-9999999.000,0.000,0.000,1.000,0,0,0,20,20,0,0,20,0.0,0,0,0.0,0.0,1.0
"F[1,2]((Phosphate >= 0.006 & Magnesium > 0.006) -> Calcium < 5.119)
",-9999999.000,-9999999.000,0.000,0.000,1.000,0,0,0,20,20,0,0,20,0.0,0,0,0.0,0.0,1.0
"F[1,2](((Calcium < 3.196 & Potassium < 2.314) & Magnesium < 0.623) & Phosphate < 1.020)
",-9999999.000,-9999999.000,0.000,0.000,1.000,0,0,0,20,20,0,0,20,0.0,0,0,0.0,0.0,1.0
"F[0,0]((Phosphate >= 0.030 & Magnesium > 0.035) -> Calcium < 0.854)
",-5.034,-0.895,0.000,0.000,1.000,0,0,0,20,20,0,0,20,0.0,0,0,0.0,0.0,1.0
"((MAP >= 6.493) U[0,2] (SBP <= 154.447))
",-9999999.000,-9999999.000,0.000,0.000,1.000,0,0,0,20,20,0,0,20,0.0,0,0,0.0,0.0,1.0
"F[0,2](Hgb <= 8.257 | Hct <= 16.544)
",-9999999.000,-9999999.000,0.000,0.000,1.000,0,0,0,20,20,0,0,20,0.0,0,0,0.0,0.0,1.0
"F[1,2](((Calcium < 0.884 & Potassium < 2.961) & Magnesium < 0.598) & Phosphate < 0.261)
",-9999999.000,-9999999.000,0.000,0.000,1.000,0,0,0,20,20,0,0,20,0.0,0,0,0.0,0.0,1.0
"F[0,2]((Calcium <= 1.533 & Potassium <= 3.631) & Magnesium >= 0.000)
",-9999999.000,-9999999.000,0.000,0.000,1.000,0,0,0,20,20,0,0,20,0.0,0,0,0.0,0.0,1.0
"F[0,1](Hgb <= 1.283 | Hct <= 15.405)
",-9999999.000,-9999999.000,0.000,0.000,1.000,0,0,0,20,20,0,0,20,0.0,0,0,0.0,0.0,1.0
"((MAP >= 40.921) U[2,2] (SBP <= 179.063))
",6300213110234116.000,179.063,0.000,0.000,1.000,0,0,0,20,20,0,0,20,0.0,0,0,0.0,0.0,1.0
"F[1,2](((Calcium < 2.176 & Potassium < 3.304) & Magnesium < 1.426) & Phosphate < 0.863)
",-9999999.000,-9999999.000,0.000,0.000,1.000,0,0,0,20,20,0,0,20,0.0,0,0,0.0,0.0,1.0
"F[0,1](Hgb <= 8.125 | Hct <= 28.945)
",-9999999.000,-9999999.000,0.000,0.000,1.000,0,0,0,20,20,0,0,20,0.0,0,0,0.0,0.0,1.0
"F[0,2]((Phosphate >= 0.002 & Magnesium > 0.031) -> Calcium < 1.703)
",-9999999.000,-9999999.000,0.000,0.000,1.000,0,0,0,20,20,0,0,20,0.0,0,0,0.0,0.0,1.0
"F[0,0](((Calcium < 2.403 & Potassium < 3.066) & Magnesium < 1.445) & Phosphate < 1.076)
",0.697,0.810,0.000,0.000,1.000,0,0,0,20,20,0,0,20,0.0,0,0,0.0,0.0,1.0
"F[2,2]((Calcium <= 5.118 & Potassium <= 2.410) & Magnesium >= 0.024)
",-6774010838469393.000,-0.024,0.000,0.000,1.000,0,0,0,20,20,0,0,20,0.0,0,0,0.0,0.0,1.0
"F[0,0](Hgb <= 0.996 | Hct <= 24.010)
",6758187857479874.000,24.010,0.000,0.000,1.000,0,0,0,20,20,0,0,20,0.0,0,0,0.0,0.0,1.0
"((MAP >= 35.425) U[0,0] (SBP <= 190.693))
",10.406,179.407,0.000,0.000,1.000,0,0,0,20,20,0,0,20,0.0,0,0,0.0,0.0,1.0
"F[0,2]((Phosphate >= 0.076 & Magnesium > 0.010) -> Calcium < 6.429)
",-9999999.000,-9999999.000,0.000,0.000,1.000,0,0,0,20,20,0,0,20,0.0,0,0,0.0,0.0,1.0
"F[0,1](((Calcium < 4.488 & Potassium < 1.501) & Magnesium < 0.638) & Phosphate < 0.302)
",-9999999.000,-9999999.000,0.000,0.000,1.000,0,0,0,20,20,0,0,20,0.0,0,0,0.0,0.0,1.0
"F[1,2]((Calcium <= 4.864 & Potassium <= 2.263) & Magnesium >= 0.008)
",-9999999.000,-9999999.000,0.000,0.000,1.000,0,0,0,20,20,0,0,20,0.0,0,0,0.0,0.0,1.0
"F[0,0](Hgb <= 9.396 | Hct <= 11.614)
",11.614,11.614,0.000,0.000,1.000,0,0,0,20,20,0,0,20,0.0,0,0,0.0,0.0,1.0
"F[0,2]((Phosphate >= 0.074 & Magnesium > 0.035) -> Calcium < 3.208)
",-9999999.000,-9999999.000,0.000,0.000,1.000,0,0,0,20,20,0,0,20,0.0,0,0,0.0,0.0,1.0
"F[0,1](((Chloride <= 47.281 & Creatinine <= 0.744) & Calcium <= 0.571) & FiO2 <= 0.410)
",-9999999.000,-9999999.000,0.000,0.000,1.000,0,0,0,20,20,0,0,20,0.0,0,0,0.0,0.0,1.0
"F[0,2](HCO3 <= 16.971 & Potassium <= 2.036)
",-9999999.000,-9999999.000,0.000,0.000,1.000,0,0,0,20,20,0,0,20,0.0,0,0,0.0,0.0,1.0
"F[1,1](PaCO2 <= 36.661 | SBP >= 86.387)
",5159587441349445.000,36.661,0.000,0.000,1.000,0,0,0,20,20,0,0,20,0.0,0,0,0.0,0.0,1.0
"F[2,2](((Glucose <= 107.313 & MAP <= 83.236) -> Chloride >= 43.302) -> WBC <= 107.615)
",-107.615,-107.615,0.000,0.000,1.000,0,0,0,20,20,0,0,20,0.0,0,0,0.0,0.0,1.0
"F[0,1]((SBP >= 10.646 -> Temp <= 13.120) | Resp <= 10.611)
",-9999999.000,-9999999.000,0.000,0.000,1.000,0,0,0,20,20,0,0,20,0.0,0,0,0.0,0.0,1.0
"((O2Sat >= 60.185) U[0,1] (SaO2 <= 17.005))
",-9999999.000,-9999999.000,0.000,0.000,1.000,0,0,0,20,20,0,0,20,0.0,0,0,0.0,0.0,1.0
"F[0,0]((Hct <= 1.104 -> MAP <= 105.117) | Fibrinogen <= 91.995)
",25.509,91.175,0.000,0.000,1.000,0,0,0,20,20,0,0,20,0.0,0,0,0.0,0.0,1.0
"F[2,2](((MAP >= 12.766 & Potassium <= 1.411) | Resp <= 1.098) & Creatinine >= 0.048)
",-0.048,-0.048,0.000,0.000,1.000,0,0,0,20,20,0,0,20,0.0,0,0,0.0,0.0,1.0
"((Creatinine <= 0.653) U[0,1] (MAP >= 55.225))
",-9999999.000,-9999999.000,0.000,0.000,1.000,0,0,0,20,20,0,0,20,0.0,0,0,0.0,0.0,1.0
"F[1,2]((MAP >= 73.887 -> PTT <= 7.123) | FiO2 >= 0.643)
",-9999999.000,-9999999.000,0.000,0.000,1.000,0,0,0,20,20,0,0,20,0.0,0,0,0.0,0.0,1.0
"F[1,2](((HCO3 <= 23.294 | MAP >= 73.120) & SaO2 <= 111.490) | FiO2 >= 3.243)
",-9999999.000,-9999999.000,0.000,0.000,1.000,0,0,0,20,20,0,0,20,0.0,0,0,0.0,0.0,1.0
"F[0,2]((DBP >= 19.100 | PaCO2 >= 0.037) | BUN <= 8.873)
",-9999999.000,-9999999.000,0.000,0.000,1.000,0,0,0,20,20,0,0,20,0.0,0,0,0.0,0.0,1.0
"((Chloride >= 0.157) U[0,2] (FiO2 >= 0.022))
",-9999999.000,-9999999.000,0.000,0.000,1.000,0,0,0,20,20,0,0,20,0.0,0,0,0.0,0.0,1.0
"F[0,2](((Glucose >= 1.481 -> Temp >= 0.494) & Calcium <= 19.810) -> EtCO2 <= 18.695)
",-9999999.000,-9999999.000,0.000,0.000,1.000,0,0,0,20,20,0,0,20,0.0,0,0,0.0,0.0,1.0
"F[0,2]((BaseExcess <= 0.465 & Glucose >= 4.048) & Potassium >= 4.630)
",-9999999.000,-9999999.000,0.000,0.000,1.000,0,0,0,20,20,0,0,20,0.0,0,0,0.0,0.0,1.0
"F[0,2](((DBP >= 1.196 -> Hct >= 0.358) -> Fibrinogen <= 26.591) -> Temp <= 7.664)
",-9999999.000,-9999999.000,0.000,0.000,1.000,0,0,0,20,20,0,0,20,0.0,0,0,0.0,0.0,1.0
"F[0,0](DBP >= 4.148 | Phosphate <= 2.900)
",8.229,76.160,0.000,0.000,1.000,0,0,0,20,20,0,0,20,0.0,0,0,0.0,0.0,1.0
"F[0,1]((DBP >= 7.577 -> Magnesium <= 0.954) -> FiO2 <= 1.155)
",-9999999.000,-9999999.000,0.000,0.000,1.000,0,0,0,20,20,0,0,20,0.0,0,0,0.0,0.0,1.0
"F[0,2]((DBP >= 46.366 -> Potassium >= 0.021) -> Hct <= 0.437)
",-9999999.000,-9999999.000,0.000,0.000,1.000,0,0,0,20,20,0,0,20,0.0,0,0,0.0,0.0,1.0
"F[1,2](DBP <= 57.348 & WBC <= 6.494)
",-9999999.000,-9999999.000,0.000,0.000,1.000,0,0,0,20,20,0,0,20,0.0,0,0,0.0,0.0,1.0
"F[2,2](FiO2 >= 0.003 & WBC <= 9.217)
",-0.003,-0.003,0.000,0.000,1.000,0,0,0,20,20,0,0,20,0.0,0,0,0.0,0.0,1.0
"F[1,2]((FiO2 <= 0.258 & Magnesium >= 0.018) -> Fibrinogen >= 0.003)
",-9999999.000,-9999999.000,0.000,0.000,1.000,0,0,0,20,20,0,0,20,0.0,0,0,0.0,0.0,1.0
"F[0,2](((Lactate <= 3.359 & PTT <= 15.846) & BUN <= 26.256) -> Lactate <= 19.004)
",-9999999.000,-9999999.000,0.000,0.000,1.000,0,0,0,20,20,0,0,20,0.0,0,0,0.0,0.0,1.0
"F[1,2](((Magnesium >= 0.012 -> O2Sat <= 95.252) -> BaseExcess <= 90.347) -> BaseExcess >= 20.577)
",-9999999.000,-9999999.000,0.000,0.000,1.000,0,0,0,20,20,0,0,20,0.0,0,0,0.0,0.0,1.0
"F[1,2](Glucose >= 5.996 -> SBP <= 165.284)
",-9999999.000,-9999999.000,0.000,0.000,1.000,0,0,0,20,20,0,0,20,0.0,0,0,0.0,0.0,1.0
"F[2,2](((BUN <= 4.773 -> Resp >= 11.213) -> O2Sat <= 21.000) & Creatinine >= 5.001)
",-5910837525538180.000,-21.000,0.000,0.000,1.000,0,0,0,20,20,0,0,20,0.0,0,0,0.0,0.0,1.0
"F[0,2](((Potassium <= 1.596 | Resp >= 0.993) & WBC <= 15.730) | Potassium <= 16.887)
",-9999999.000,-9999999.000,0.000,0.000,1.000,0,0,0,20,20,0,0,20,0.0,0,0,0.0,0.0,1.0
"F[1,2](Magnesium <= 0.997 | Resp >= 10.921)
",-9999999.000,-9999999.000,0.000,0.000,1.000,0,0,0,20,20,0,0,20,0.0,0,0,0.0,0.0,1.0
"F[0,1]((PTT <= 4.121 | Resp <= 15.504) -> BaseExcess <= 17.590)
",-9999999.000,-9999999.000,0.000,0.000,1.000,0,0,0,20,20,0,0,20,0.0,0,0,0.0,0.0,1.0
"F[1,2]((O2Sat >= 20.264 -> Phosphate >= 0.050) -> Hgb >= 0.013)
",-9999999.000,-9999999.000,0.000,0.000,1.000,0,0,0,20,20,0,0,20,0.0,0,0,0.0,0.0,1.0
"F[1,2](((Hgb >= 0.266 | O2Sat >= 63.957) -> Creatinine <= 95.475) & Phosphate >= 55.282)
",-9999999.000,-9999999.000,0.000,0.000,1.000,0,0,0,20,20,0,0,20,0.0,0,0,0.0,0.0,1.0
"F[1,1]((O2Sat >= 51.313 | PTT <= 8.747) | EtCO2 <= 24.200)
",24.200,24.200,0.000,0.000,1.000,0,0,0,20,20,0,0,20,0.0,0,0,0.0,0.0,1.0
"F[2,2](((FiO2 <= 0.095 & Phosphate <= 1.559) | Calcium <= 2.054) & EtCO2 >= 0.011)
",-6270906429084340.000,-0.011,0.000,0.000,1.000,0,0,0,20,20,0,0,20,0.0,0,0,0.0,0.0,1.0
"((FiO2 >= 0.085) U[0,2] (pH >= 0.498))
",-9999999.000,-9999999.000,0.000,0.000,1.000,0,0,0,20,20,0,0,20,0.0,0,0,0.0,0.0,1.0
"F[0,2]((pH <= 3.921 | Temp >= 7.855) -> Calcium >= 5.785)
",-9999999.000,-9999999.000,0.000,0.000,1.000,0,0,0,20,20,0,0,20,0.0,0,0,0.0,0.0,1.0
"F[1,1](((Glucose <= 139.262 -> Resp <= 16.130) | Platelets <= 20.517) | Phosphate <= 17.119)
",20.517,20.517,0.000,0.000,1.000,0,0,0,20,20,0,0,20,0.0,0,0,0.0,0.0,1.0
"F[0,2]((Chloride <= 60.625 | Temp <= 36.735) & Fibrinogen <= 34.681)
",-9999999.000,-9999999.000,0.000,0.000,1.000,0,0,0,20,20,0,0,20,0.0,0,0,0.0,0.0,1.0
"F[1,2](Temp <= 34.562 & WBC >= 0.404)
",-9999999.000,-9999999.000,0.000,0.000,1.000,0,0,0,20,20,0,0,20,0.0,0,0,0.0,0.0,1.0
"F[0,1](Potassium <= 1.774 & Temp <= 37.652)
",-9999999.000,-9999999.000,0.000,0.000,1.000,0,0,0,20,20,0,0,20,0.0,0,0,0.0,0.0,1.0
"F[0,1]((FiO2 >= 0.081 | Hct <= 32.789) -> TroponinI <= 13.178)
",-9999999.000,-9999999.000,0.000,0.000,1.000,0,0,0,20,20,0,0,20,0.0,0,0,0.0,0.0,1.0
"F[0,1](((DBP <= 66.848 -> PTT >= 0.111) | PaCO2 <= 14.505) | TroponinI <= 14.959)
",-9999999.000,-9999999.000,0.000,0.000,1.000,0,0,0,20,20,0,0,20,0.0,0,0,0.0,0.0,1.0
"((Resp <= 18.903) U[0,2] (SaO2 <= 92.130))
",-9999999.000,-9999999.000,0.000,0.000,1.000,0,0,0,20,20,0,0,20,0.0,0,0,0.0,0.0,1.0
"F[0,1](pH <= 6.974 & Resp >= 2.473)
",-9999999.000,-9999999.000,0.000,0.000,1.000,0,0,0,20,20,0,0,20,0.0,0,0,0.0,0.0,1.0
"((MAP <= 95.290) U[1,2] (SBP <= 190.479))
",-9999999.000,-9999999.000,0.000,0.000,1.000,0,0,0,20,20,0,0,20,0.0,0,0,0.0,0.0,1.0
"F[1,2](Glucose >= 5.965 | WBC <= 4.514)
",-9999999.000,-9999999.000,0.000,0.000,1.000,0,0,0,20,20,0,0,20,0.0,0,0,0.0,0.0,1.0
"F[0,1](Glucose >= 5.395 | Hct <= 16.569)
",-9999999.000,-9999999.000,0.000,0.000,1.000,0,0,0,20,20,0,0,20,0.0,0,0,0.0,0.0,1.0
"F[1,2](Glucose <= 80.351 -> Lactate >= 0.004)
",-9999999.000,-9999999.000,0.000,0.000,1.000,0,0,0,20,20,0,0,20,0.0,0,0,0.0,0.0,1.0
"F[0,1]((Creatinine <= 0.420 | Glucose <= 81.015) & FiO2 <= 49.873)
",-9999999.000,-9999999.000,0.000,0.000,1.000,0,0,0,20,20,0,0,20,0.0,0,0,0.0,0.0,1.0
"F[1,1](((pH >= 0.336 -> SaO2 >= 1.233) & Magnesium <= 44.736) -> Bilirubin_direct <= 93.917)
",-6608786235418524.000,-93.917,0.000,0.000,1.000,0,0,0,20,20,0,0,20,0.0,0,0,0.0,0.0,1.0
"F[1,1]((BaseExcess <= 0.915 | PaCO2 <= 40.717) -> Fibrinogen <= 19.013)
",-5730414240829797.000,-40.717,0.000,0.000,1.000,0,0,0,20,20,0,0,20,0.0,0,0,0.0,0.0,1.0
"F[1,2]((PaCO2 >= 2.028 | SaO2 >= 1.612) | Resp <= 61.842)
",-9999999.000,-9999999.000,0.000,0.000,1.000,0,0,0,20,20,0,0,20,0.0,0,0,0.0,0.0,1.0
"F[2,2](DBP <= 54.193 & SBP <= 177.665)
",54.193,54.193,0.000,0.000,1.000,0,0,0,20,20,0,0,20,0.0,0,0,0.0,0.0,1.0
"F[0,2](((Resp >= 12.526 & Temp <= 14.331) | BaseExcess <= 32.897) | HR >= 1.228)
",-9999999.000,-9999999.000,0.000,0.000,1.000,0,0,0,20,20,0,0,20,0.0,0,0,0.0,0.0,1.0
"F[0,1](((PaCO2 <= 31.346 | pH >= 0.169) | SepsisLabel >= 0.011) | O2Sat >= 0.505)
",-9999999.000,-9999999.000,0.000,0.000,1.000,0,0,0,20,20,0,0,20,0.0,0,0,0.0,0.0,1.0
"F[2,2](((Calcium >= 0.189 -> WBC <= 12.540) & BaseExcess <= 0.589) & Magnesium >= 0.078)
",-3529652535325506.500,-12.540,0.000,0.000,1.000,0,0,0,20,20,0,0,20,0.0,0,0,0.0,0.0,1.0
"F[1,1]((Hct >= 0.115 -> WBC >= 0.167) | AST <= 1.841)
",4146184564810713.500,1.841,0.000,0.000,1.000,0,0,0,20,20,0,0,20,0.0,0,0,0.0,0.0,1.0
"F[0,2]((Calcium <= 1.096 | Magnesium >= 0.024) | Magnesium >= 0.042)
",-9999999.000,-9999999.000,0.000,0.000,1.000,0,0,0,20,20,0,0,20,0.0,0,0,0.0,0.0,1.0
"F[1,2]((Lactate <= 1.473 & Potassium >= 0.092) -> Bilirubin_total >= 0.020)
",-9999999.000,-9999999.000,0.000,0.000,1.000,0,0,0,20,20,0,0,20,0.0,0,0,0.0,0.0,1.0
"F[0,0]((Calcium >= 0.151 -> Hct <= 30.679) | HCO3 <= 11.460)
",7.282,11.110,0.000,0.000,1.000,0,0,0,20,20,0,0,20,0.0,0,0,0.0,0.0,1.0
"((Calcium <= 3.179) U[0,2] (HCO3 <= 19.270))
",-9999999.000,-9999999.000,0.000,0.000,1.000,0,0,0,20,20,0,0,20,0.0,0,0,0.0,0.0,1.0
"F[1,2]((Glucose <= 111.215 & Hgb <= 7.059) -> Phosphate <= 3.048)
",-9999999.000,-9999999.000,0.000,0.000,1.000,0,0,0,20,20,0,0,20,0.0,0,0,0.0,0.0,1.0
"F[1,2]((BUN >= 0.233 & Glucose >= 3.339) | PTT <= 119.799)
",-9999999.000,-9999999.000,0.000,0.000,1.000,0,0,0,20,20,0,0,20,0.0,0,0,0.0,0.0,1.0
"F[1,2](((Glucose <= 122.077 & Phosphate >= 0.054) | Potassium >= 0.073) & Chloride <= 2.252)
",-9999999.000,-9999999.000,0.000,0.000,1.000,0,0,0,20,20,0,0,20,0.0,0,0,0.0,0.0,1.0
"F[2,2]((Resp <= 15.236 -> SBP <= 150.528) | Hgb >= 25.237)
",-25.237,-25.237,0.000,0.000,1.000,0,0,0,20,20,0,0,20,0.0,0,0,0.0,0.0,1.0
"F[1,1]((PaCO2 <= 37.623 | Resp <= 17.188) | DBP >= 5.335)
",37.623,37.623,0.000,0.000,1.000,0,0,0,20,20,0,0,20,0.0,0,0,0.0,0.0,1.0
"F[0,2]((FiO2 >= 0.046 & Temp >= 2.857) | SepsisLabel >= 4.210)
",-9999999.000,-9999999.000,0.000,0.000,1.000,0,0,0,20,20,0,0,20,0.0,0,0,0.0,0.0,1.0
"F[1,2](((MAP >= 59.090 -> O2Sat <= 98.805) -> HCO3 <= 89.089) | Bilirubin_direct >= 71.463)
",-9999999.000,-9999999.000,0.000,0.000,1.000,0,0,0,20,20,0,0,20,0.0,0,0,0.0,0.0,1.0
"F[0,2](((Glucose >= 6.238 & SaO2 <= 17.770) & Magnesium <= 65.678) & Lactate <= 48.029)
",-9999999.000,-9999999.000,0.000,0.000,1.000,0,0,0,20,20,0,0,20,0.0,0,0,0.0,0.0,1.0
"((O2Sat >= 1.479) U[0,2] (SBP <= 181.039))
",-9999999.000,-9999999.000,0.000,0.000,1.000,0,0,0,20,20,0,0,20,0.0,0,0,0.0,0.0,1.0
"F[0,1](((BUN <= 4.850 | PaCO2 >= 0.287) | SepsisLabel >= 2.417) & BUN <= 6.033)
",-9999999.000,-9999999.000,0.000,0.000,1.000,0,0,0,20,20,0,0,20,0.0,0,0,0.0,0.0,1.0
"F[1,2](Creatinine >= 0.023 | PaCO2 >= 2.554)
",-9999999.000,-9999999.000,0.000,0.000,1.000,0,0,0,20,20,0,0,20,0.0,0,0,0.0,0.0,1.0
"F[2,2](((MAP <= 107.730 & Resp <= 15.617) & BaseExcess <= 17.666) & HR <= 17.642)
",8791752459833822.000,15.617,0.000,0.000,1.000,0,0,0,20,20,0,0,20,0.0,0,0,0.0,0.0,1.0
"F[0,2](((Chloride <= 24.500 | pH >= 0.413) & Alkalinephos <= 2.914) | DBP <= 6.449)
",-9999999.000,-9999999.000,0.000,0.000,1.000,0,0,0,20,20,0,0,20,0.0,0,0,0.0,0.0,1.0
"((HCO3 <= 11.714) U[0,2] (pH >= 0.074))
",-9999999.000,-9999999.000,0.000,0.000,1.000,0,0,0,20,20,0,0,20,0.0,0,0,0.0,0.0,1.0
"F[0,2]((Magnesium >= 0.003 -> pH >= 0.193) & O2Sat >= 0.227)
",-9999999.000,-9999999.000,0.000,0.000,1.000,0,0,0,20,20,0,0,20,0.0,0,0,0.0,0.0,1.0
"((Hct <= 4.583) U[1,2] (pH <= 3.816))
",-9999999.000,-9999999.000,0.000,0.000,1.000,0,0,0,20,20,0,0,20,0.0,0,0,0.0,0.0,1.0
"F[1,2]((BUN >= 0.168 | pH <= 3.735) & Bilirubin_total >= 0.302)
",-9999999.000,-9999999.000,0.000,0.000,1.000,0,0,0,20,20,0,0,20,0.0,0,0,0.0,0.0,1.0
"F[1,2]((pH >= 0.136 & WBC >= 0.228) | EtCO2 <= 0.428)
",-9999999.000,-9999999.000,0.000,0.000,1.000,0,0,0,20,20,0,0,20,0.0,0,0,0.0,0.0,1.0
"F[0,1](((pH <= 6.709 -> PTT <= 15.361) | HR <= 10.569) | SBP <= 6.255)
",-9999999.000,-9999999.000,0.000,0.000,1.000,0,0,0,20,20,0,0,20,0.0,0,0,0.0,0.0,1.0
"((Alkalinephos <= 0.000) U[0,1] (Lactate <= 1.710))
",-9999999.000,-9999999.000,0.000,0.000,1.000,0,0,0,20,20,0,0,20,0.0,0,0,0.0,0.0,1.0
