Rule,Discrimination Score,Pos Robustness,Neg Robustness,Percent Class +,Percent Class -,TP,TN,FP,FN,Actual Yes,Actual No,Predicted Yes,Predicted No,TPR/Sens,TNR/Spec,FPR,Precision,Accuracy,MCR
"G[0,0](((HCO3 <= 17.795 | Hgb >= 0.211) & Bilirubin_total <= 4.145) | Bilirubin_total >= 0.152)
",204.170,4.141,0.000,1.000,0.000,23,0,0,0,23,0,23,0,1.0,0.0,0.0,1.0,1.0222222222222221,-0.022222222222222143
"G[0,0](O2Sat >= 27.026 | Chloride <= 25.791)
",5.436,41.520,0.000,1.000,0.000,23,0,0,0,23,0,23,0,1.0,0.0,0.0,1.0,1.0222222222222221,-0.022222222222222143
"G[0,0]((Phosphate >= 0.032 | SepsisLabel >= 0.000) -> MAP >= 0.000)
",-2.299,-118.364,0.000,1.000,0.000,23,0,0,0,23,0,23,0,1.0,0.0,0.0,1.0,1.0222222222222221,-0.022222222222222143
"G[0,0](((AST <= 0.000 | WBC <= 2.710) | Bilirubin_direct >= 0.176) | SaO2 <= 10.524)
",3.021,9.104,0.000,1.000,0.000,23,0,0,0,23,0,23,0,1.0,0.0,0.0,1.0,1.0222222222222221,-0.022222222222222143
"G[0,0]((Hgb >= 0.061 | WBC <= 3.865) -> Lactate <= 5.778)
",-1.259,-6.876,0.000,1.000,0.000,23,0,0,0,23,0,23,0,1.0,0.0,0.0,1.0,1.0222222222222221,-0.022222222222222143
"G[0,0]((Bilirubin_total >= 0.000 & EtCO2 >= 0.000) & Potassium >= 0.000)
",0.218,0.118,0.000,1.000,0.000,23,0,0,0,23,0,23,0,1.0,0.0,0.0,1.0,1.0222222222222221,-0.022222222222222143
"G[0,0](((MAP <= 111.833 | BUN >= 0.174) & HR <= 7.784) -> Phosphate <= 7.255)
",-15.615,-7.155,0.000,1.000,0.000,23,0,0,0,23,0,23,0,1.0,0.0,0.0,1.0,1.0222222222222221,-0.022222222222222143
"G[0,0]((pH <= 1.763 | SBP >= 14.572) | Bilirubin_direct >= 1.586)
",0.793,7.230,0.000,1.000,0.000,23,0,0,0,23,0,23,0,1.0,0.0,0.0,1.0,1.0222222222222221,-0.022222222222222143
"G[0,0](((BaseExcess >= 0.242 | PaCO2 <= 16.857) | Potassium >= 3.084) & AST <= 6.109)
",6.109,6.109,0.000,1.000,0.000,23,0,0,0,23,0,23,0,1.0,0.0,0.0,1.0,1.0222222222222221,-0.022222222222222143
"G[0,0]((Hgb <= 9.126 -> Resp <= 18.103) | Phosphate <= 18.493)
",20.955,18.687,0.000,1.000,0.000,23,0,0,0,23,0,23,0,1.0,0.0,0.0,1.0,1.0222222222222221,-0.022222222222222143
"G[0,0](((FiO2 >= 0.043 | HR >= 33.355) | pH >= 34.613) -> EtCO2 <= 69.119)
",-4113627672157690.000,-7482.645,0.000,1.000,0.000,23,0,0,0,23,0,23,0,1.0,0.0,0.0,1.0,1.0222222222222221,-0.022222222222222143
"G[0,1]((Phosphate >= 0.015 | Phosphate <= 1.351) | EtCO2 <= 0.464)
",9999999.000,9999999.000,0.000,1.000,0.000,22,0,1,0,22,1,23,0,1.0,0.0,1.0,0.9565217391304348,0.9777777777777777,0.022222222222222254
"G[0,1](Bilirubin_total >= 0.000 & SepsisLabel = 0.000)
",9999999.000,9999999.000,0.000,1.000,0.000,22,0,1,0,22,1,23,0,1.0,0.0,1.0,0.9565217391304348,0.9777777777777777,0.022222222222222254
"G[0,1](Resp > 8.851 -> SepsisLabel = 0.000)
",9999999.000,9999999.000,0.000,1.000,0.000,22,0,1,0,22,1,23,0,1.0,0.0,1.0,0.9565217391304348,0.9777777777777777,0.022222222222222254
"G[0,1](((PaCO2 <= 33.705 & SBP >= 29.259) | Lactate <= 137.781) | PaCO2 >= 49.233)
",9999999.000,9999999.000,0.000,1.000,0.000,22,0,1,0,22,1,23,0,1.0,0.0,1.0,0.9565217391304348,0.9777777777777777,0.022222222222222254
"G[1,1](((HCO3 >= 0.228 | Alkalinephos <= 0.000) -> Bilirubin_direct <= 0.000) & Hgb <= 0.000)
",0.000,0.000,0.000,1.000,0.000,22,0,1,0,22,1,23,0,1.0,0.0,1.0,0.9565217391304348,0.9777777777777777,0.022222222222222254
"G[0,1](((Potassium >= 0.062 | SBP >= 48.557) & DBP >= 51.094) | SepsisLabel <= 113.062)
",9999999.000,9999999.000,0.000,1.000,0.000,22,0,1,0,22,1,23,0,1.0,0.0,1.0,0.9565217391304348,0.9777777777777777,0.022222222222222254
"G[0,1]((AST <= 0.000 | AST >= 0.000) | HR <= 0.000)
",9999999.000,9999999.000,0.000,1.000,0.000,22,0,1,0,22,1,23,0,1.0,0.0,1.0,0.9565217391304348,0.9777777777777777,0.022222222222222254
"G[0,1](BUN < 7.395 -> SepsisLabel = 0.000)
",9999999.000,9999999.000,0.000,1.000,0.000,22,0,1,0,22,1,23,0,1.0,0.0,1.0,0.9565217391304348,0.9777777777777777,0.022222222222222254
"G[0,0](pH <= 2.076 & SepsisLabel <= 0.000)
",-0.218,-9.182,0.000,1.000,0.000,22,0,0,1,23,0,22,1,0.9565217391304348,0.0,0.0,1.0,0.9777777777777777,0.022222222222222254
"G[0,1](PTT <= 0.000 & Fibrinogen <= 0.000)
",9999999.000,9999999.000,0.000,1.000,0.000,22,0,1,0,22,1,23,0,1.0,0.0,1.0,0.9565217391304348,0.9777777777777777,0.022222222222222254
"G[0,0](Glucose >= 1.984 | MAP >= 42.942)
",2.159,76.416,0.000,1.000,0.000,22,0,0,1,23,0,22,1,0.9565217391304348,0.0,0.0,1.0,0.9777777777777777,0.022222222222222254
"G[0,1]((Lactate >= 0.052 & SBP <= 120.092) | Alkalinephos <= 128.494)
",9999999.000,9999999.000,0.000,1.000,0.000,22,0,1,0,22,1,23,0,1.0,0.0,1.0,0.9565217391304348,0.9777777777777777,0.022222222222222254
"G[0,1]((pH <= 6.149 & Platelets <= 101.998) -> DBP <= 159.452)
",9999999.000,9999999.000,0.000,1.000,0.000,22,0,1,0,22,1,23,0,1.0,0.0,1.0,0.9565217391304348,0.9777777777777777,0.022222222222222254
"G[0,1](((pH >= 0.324 -> Phosphate >= 0.023) | SaO2 <= 1.994) | MAP <= 1.605)
",9999999.000,9999999.000,0.000,1.000,0.000,22,0,1,0,22,1,23,0,1.0,0.0,1.0,0.9565217391304348,0.9777777777777777,0.022222222222222254
"G[1,1](((pH <= 6.688 -> Potassium <= 3.157) | HCO3 >= 0.038) & Creatinine <= 0.842)
",-0.038,-0.038,0.000,1.000,0.000,22,0,1,0,22,1,23,0,1.0,0.0,1.0,0.9565217391304348,0.9777777777777777,0.022222222222222254
"G[0,1](((Potassium >= 0.064 | Temp >= 8.532) | Alkalinephos <= 32.556) | BUN <= 12.941)
",9999999.000,9999999.000,0.000,1.000,0.000,22,0,1,0,22,1,23,0,1.0,0.0,1.0,0.9565217391304348,0.9777777777777777,0.022222222222222254
"G[0,1](((AST <= 0.000 & Bilirubin_direct >= 0.000) -> Chloride <= 0.000) -> Creatinine <= 0.000)
",9999999.000,9999999.000,0.000,1.000,0.000,22,0,1,0,22,1,23,0,1.0,0.0,1.0,0.9565217391304348,0.9777777777777777,0.022222222222222254
"G[1,1]((Calcium >= 0.053 & TroponinI >= 0.000) -> Platelets >= 0.000)
",0.000,0.000,0.000,1.000,0.000,22,0,1,0,22,1,23,0,1.0,0.0,1.0,0.9565217391304348,0.9777777777777777,0.022222222222222254
"G[0,1](((pH <= 2.703 | Bilirubin_direct >= 0.000) -> Alkalinephos <= 0.000) | BaseExcess >= 0.000)
",9999999.000,9999999.000,0.000,1.000,0.000,22,0,1,0,22,1,23,0,1.0,0.0,1.0,0.9565217391304348,0.9777777777777777,0.022222222222222254
"G[0,1]((Resp <= 16.200 | Chloride <= 34.281) | AST >= 0.997)
",9999999.000,9999999.000,0.000,1.000,0.000,22,0,1,0,22,1,23,0,1.0,0.0,1.0,0.9565217391304348,0.9777777777777777,0.022222222222222254
"G[1,1](((Glucose >= 3.956 | Lactate >= 0.000) & Resp >= 0.019) | WBC <= 0.860)
",7746740023062273.000,0.860,0.000,1.000,0.000,22,0,1,0,22,1,23,0,1.0,0.0,1.0,0.9565217391304348,0.9777777777777777,0.022222222222222254
"G[0,1]((Temp <= 20.174 -> Phosphate >= 0.048) | Hct <= 1.601)
",9999999.000,9999999.000,0.000,1.000,0.000,22,0,1,0,22,1,23,0,1.0,0.0,1.0,0.9565217391304348,0.9777777777777777,0.022222222222222254
"G[0,1]((Magnesium >= 0.038 & Resp <= 18.037) -> pH <= 19.283)
",9999999.000,9999999.000,0.000,1.000,0.000,22,0,1,0,22,1,23,0,1.0,0.0,1.0,0.9565217391304348,0.9777777777777777,0.022222222222222254
"G[0,1](BUN >= 0.211 -> DBP >= 42.811)
",9999999.000,9999999.000,0.000,1.000,0.000,22,0,1,0,22,1,23,0,1.0,0.0,1.0,0.9565217391304348,0.9777777777777777,0.022222222222222254
"G[1,1](Calcium <= 7.945 & SepsisLabel = 0.000)
",0.000,0.000,0.000,1.000,0.000,22,0,1,0,22,1,23,0,1.0,0.0,1.0,0.9565217391304348,0.9777777777777777,0.022222222222222254
"G[0,0](Hct <= 25.098 | Lactate >= 0.059)
",1.060,35.766,0.000,1.000,0.000,22,0,0,1,23,0,22,1,0.9565217391304348,0.0,0.0,1.0,0.9777777777777777,0.022222222222222254
"G[1,1]((Lactate <= 1.103 -> WBC <= 3.087) -> Hct <= 1.307)
",-1.307,-1.307,0.000,1.000,0.000,22,0,1,0,22,1,23,0,1.0,0.0,1.0,0.9565217391304348,0.9777777777777777,0.022222222222222254
"G[0,0](BUN <= 5.948 & Creatinine >= 0.000)
",0.218,0.270,0.000,1.000,0.000,22,0,0,1,23,0,22,1,0.9565217391304348,0.0,0.0,1.0,0.9777777777777777,0.022222222222222254
"G[1,1](((DBP <= 85.711 -> Lactate <= 1.071) | Lactate >= 0.006) | Temp >= 0.043)
",-6620657084598284.000,-0.006,0.000,1.000,0.000,22,0,1,0,22,1,23,0,1.0,0.0,1.0,0.9565217391304348,0.9777777777777777,0.022222222222222254
"G[0,1]((Magnesium >= 0.006 -> DBP <= 97.569) | Creatinine >= 29.753)
",9999999.000,9999999.000,0.000,1.000,0.000,22,0,1,0,22,1,23,0,1.0,0.0,1.0,0.9565217391304348,0.9777777777777777,0.022222222222222254
"G[0,0](BUN >= 0.009 -> Temp >= 5.286)
",-57.328,-92.350,0.000,1.000,0.000,22,0,0,1,23,0,22,1,0.9565217391304348,0.0,0.0,1.0,0.9777777777777777,0.022222222222222254
"G[0,1]((Magnesium >= 0.011 | Bilirubin_direct <= 0.000) & Phosphate >= 0.000)
",9999999.000,9999999.000,0.000,1.000,0.000,22,0,1,0,22,1,23,0,1.0,0.0,1.0,0.9565217391304348,0.9777777777777777,0.022222222222222254
"G[0,1](((Alkalinephos >= 0.000 & O2Sat >= 94.291) & AST >= 46.317) -> Chloride <= 96.491)
",9999999.000,9999999.000,0.000,1.000,0.000,22,0,1,0,22,1,23,0,1.0,0.0,1.0,0.9565217391304348,0.9777777777777777,0.022222222222222254
"G[0,1](((pH <= 3.899 | O2Sat <= 99.824) -> SepsisLabel <= 97.259) | Chloride >= 12.242)
",9999999.000,9999999.000,0.000,1.000,0.000,22,0,1,0,22,1,23,0,1.0,0.0,1.0,0.9565217391304348,0.9777777777777777,0.022222222222222254
"G[0,1](((FiO2 >= 0.035 | Magnesium >= 0.037) -> DBP >= 0.003) | PaCO2 >= 0.047)
",9999999.000,9999999.000,0.000,1.000,0.000,21,0,1,1,22,1,22,1,0.9545454545454546,0.0,1.0,0.9545454545454546,0.9333333333333333,0.06666666666666665
"G[0,1]((Magnesium >= 0.008 -> Lactate >= 0.017) | HR <= 0.666)
",9999999.000,9999999.000,0.000,1.000,0.000,21,0,1,1,22,1,22,1,0.9545454545454546,0.0,1.0,0.9545454545454546,0.9333333333333333,0.06666666666666665
"G[0,1](((Hct <= 18.685 | Platelets <= 119.650) -> PaCO2 <= 90.270) -> O2Sat >= 1.247)
",9999999.000,9999999.000,0.000,1.000,0.000,21,0,1,1,22,1,22,1,0.9545454545454546,0.0,1.0,0.9545454545454546,0.9333333333333333,0.06666666666666665
"G[0,1](Chloride >= 2.141 -> Glucose <= 123.368)
",9999999.000,9999999.000,0.000,1.000,0.000,21,0,1,1,22,1,22,1,0.9545454545454546,0.0,1.0,0.9545454545454546,0.9333333333333333,0.06666666666666665
"G[0,1]((Glucose <= 62.389 -> Creatinine >= 0.004) -> DBP <= 0.422)
",9999999.000,9999999.000,0.000,1.000,0.000,21,0,1,1,22,1,22,1,0.9545454545454546,0.0,1.0,0.9545454545454546,0.9333333333333333,0.06666666666666665
"G[0,1]((Platelets <= 105.212 & Potassium <= 0.413) & Creatinine <= 3.390)
",9999999.000,9999999.000,0.000,1.000,0.000,21,0,1,1,22,1,22,1,0.9545454545454546,0.0,1.0,0.9545454545454546,0.9333333333333333,0.06666666666666665
"G[0,1](MAP > 55.354 & SepsisLabel = 0.000)
",9999999.000,9999999.000,0.000,1.000,0.000,21,0,1,1,22,1,22,1,0.9545454545454546,0.0,1.0,0.9545454545454546,0.9333333333333333,0.06666666666666665
"G[0,1](Glucose >= 1.432 -> pH <= 5.539)
",9999999.000,9999999.000,0.000,1.000,0.000,21,0,1,1,22,1,22,1,0.9545454545454546,0.0,1.0,0.9545454545454546,0.9333333333333333,0.06666666666666665
"G[0,1](BaseExcess >= 0.274 | Phosphate <= 0.437)
",9999999.000,9999999.000,0.000,1.000,0.000,21,0,1,1,22,1,22,1,0.9545454545454546,0.0,1.0,0.9545454545454546,0.9333333333333333,0.06666666666666665
"G[0,1]((PaCO2 >= 2.640 | pH >= 0.698) -> FiO2 >= 0.014)
",9999999.000,9999999.000,0.000,1.000,0.000,19,0,1,3,22,1,20,3,0.8636363636363636,0.0,1.0,0.95,0.8444444444444444,0.15555555555555556
"G[1,1]((BaseExcess >= 0.069 -> DBP >= 60.304) -> DBP >= 44.811)
",-2492967152466037.500,-0.069,0.000,1.000,0.000,19,0,1,3,22,1,20,3,0.8636363636363636,0.0,1.0,0.95,0.8444444444444444,0.15555555555555556
"G[0,1](Lactate <= 0.654 & Resp >= 4.644)
",9999999.000,9999999.000,0.000,1.000,0.000,19,0,1,3,22,1,20,3,0.8636363636363636,0.0,1.0,0.95,0.8444444444444444,0.15555555555555556
"G[0,0]((Hct <= 19.954 -> Potassium >= 0.091) | SBP >= 0.031)
",0.610,9.977,0.000,1.000,0.000,19,0,0,4,23,0,19,4,0.8260869565217391,0.0,0.0,1.0,0.8444444444444444,0.15555555555555556
"G[1,1](((EtCO2 <= 0.000 & Bilirubin_direct <= 0.000) & PaCO2 <= 0.000) & EtCO2 <= 0.000)
",0.000,0.000,0.000,1.000,0.000,18,0,1,4,22,1,19,4,0.8181818181818182,0.0,1.0,0.9473684210526315,0.8,0.19999999999999996
"G[0,1]((O2Sat >= 13.591 & SBP >= 79.415) | pH >= 72.134)
",9999999.000,9999999.000,0.000,1.000,0.000,18,0,1,4,22,1,19,4,0.8181818181818182,0.0,1.0,0.9473684210526315,0.8,0.19999999999999996
"G[1,1]((Chloride <= 49.894 -> FiO2 <= 0.226) | Hct >= 0.067)
",-2425728577429533.500,-0.067,0.000,1.000,0.000,18,0,1,4,22,1,19,4,0.8181818181818182,0.0,1.0,0.9473684210526315,0.8,0.19999999999999996
"G[0,1](((Hct >= 0.503 | SaO2 <= 0.000) & Glucose <= 0.000) -> pH <= 0.000)
",9999999.000,9999999.000,0.000,1.000,0.000,18,0,1,4,22,1,19,4,0.8181818181818182,0.0,1.0,0.9473684210526315,0.8,0.19999999999999996
"G[1,1](((PTT >= 0.000 -> PaCO2 >= 4.870) -> TroponinI >= 0.303) & Temp <= 38.060)
",0.000,0.000,0.000,1.000,0.000,18,0,1,4,22,1,19,4,0.8181818181818182,0.0,1.0,0.9473684210526315,0.8,0.19999999999999996
"G[1,1]((BaseExcess <= 3.497 | HCO3 >= 0.276) & SaO2 <= 19.868)
",3937131781035342.000,3.497,0.000,1.000,0.000,18,0,1,4,22,1,19,4,0.8181818181818182,0.0,1.0,0.9473684210526315,0.8,0.19999999999999996
"G[0,1]((PTT <= 0.000 & SBP <= 151.004) & WBC <= 155.140)
",9999999.000,9999999.000,0.000,1.000,0.000,17,0,0,6,23,0,17,6,0.7391304347826086,0.0,0.0,1.0,0.7555555555555555,0.24444444444444446
"G[1,1](((DBP <= 83.059 & Resp >= 0.167) | pH >= 2.637) & Fibrinogen <= 19.300)
",-3002343140550346.000,-0.167,0.000,1.000,0.000,17,0,1,5,22,1,18,5,0.7727272727272727,0.0,1.0,0.9444444444444444,0.7555555555555555,0.24444444444444446
"G[0,1](pH <= 6.824 & SepsisLabel = 0.000)
",9999999.000,9999999.000,0.000,1.000,0.000,17,0,1,5,22,1,18,5,0.7727272727272727,0.0,1.0,0.9444444444444444,0.7555555555555555,0.24444444444444446
"G[0,1]((SBP <= 116.314 -> TroponinI >= 0.000) -> pH <= 0.000)
",9999999.000,9999999.000,0.000,1.000,0.000,17,0,1,5,22,1,18,5,0.7727272727272727,0.0,1.0,0.9444444444444444,0.7555555555555555,0.24444444444444446
"G[0,1](Hgb <= 7.371 & SBP >= 77.589)
",9999999.000,9999999.000,0.000,1.000,0.000,17,0,1,5,22,1,18,5,0.7727272727272727,0.0,1.0,0.9444444444444444,0.7555555555555555,0.24444444444444446
"G[1,1](Hct <= 15.063 -> Resp <= 16.150)
",-16.150,-16.150,0.000,1.000,0.000,15,0,1,7,22,1,16,7,0.6818181818181818,0.0,1.0,0.9375,0.6666666666666666,0.33333333333333337
"G[0,0](PaCO2 <= 11.445 -> Temp <= 33.376)
",-3.513,-10.091,0.000,1.000,0.000,15,0,0,8,23,0,15,8,0.6521739130434783,0.0,0.0,1.0,0.6666666666666666,0.33333333333333337
"G[0,0]((FiO2 <= 0.505 -> SBP <= 119.077) & Potassium <= 105.889)
",-6.674,-109.070,0.000,1.000,0.000,12,0,0,11,23,0,12,11,0.5217391304347826,0.0,0.0,1.0,0.5333333333333333,0.4666666666666667
"G[0,1](MAP <= 100.991 & Temp <= 14.669)
",9999999.000,9999999.000,0.000,1.000,0.000,7,0,0,16,23,0,7,16,0.30434782608695654,0.0,0.0,1.0,0.3111111111111111,0.6888888888888889
"G[1,1](((pH >= 0.340 | Temp >= 0.081) & Magnesium <= 32.858) | PTT >= 1.297)
",-0.081,-0.081,0.000,1.000,0.000,6,0,1,16,22,1,7,16,0.2727272727272727,0.0,1.0,0.8571428571428571,0.26666666666666666,0.7333333333333334
"G[0,1](((O2Sat <= 97.636 & Temp <= 19.387) -> Glucose >= 3.892) & WBC <= 32.250)
",9999999.000,9999999.000,0.000,1.000,0.000,5,0,1,17,22,1,6,17,0.22727272727272727,0.0,1.0,0.8333333333333334,0.2222222222222222,0.7777777777777778
"G[0,1](((Hct <= 19.627 & Hgb <= 9.526) -> DBP <= 4.170) & Bilirubin_direct <= 6.092)
",9999999.000,9999999.000,0.000,1.000,0.000,4,0,0,19,23,0,4,19,0.17391304347826086,0.0,0.0,1.0,0.17777777777777778,0.8222222222222222
"G[0,1]((MAP >= 71.118 | O2Sat <= 96.806) -> SBP <= 95.486)
",9999999.000,9999999.000,0.000,1.000,0.000,4,0,0,19,23,0,4,19,0.17391304347826086,0.0,0.0,1.0,0.17777777777777778,0.8222222222222222
"G[1,1](Temp >= 1.117 | HCO3 >= 0.529)
",-4769310553965596.000,-0.529,0.000,1.000,0.000,3,0,1,19,22,1,4,19,0.13636363636363635,0.0,1.0,0.75,0.13333333333333333,0.8666666666666667
"G[1,1](FiO2 >= 0.059 & O2Sat <= 99.689)
",-8449400585282529.000,-0.059,0.000,1.000,0.000,3,0,1,19,22,1,4,19,0.13636363636363635,0.0,1.0,0.75,0.13333333333333333,0.8666666666666667
"G[0,1](((FiO2 <= 0.757 -> Hgb <= 4.281) | SepsisLabel >= 0.199) -> Glucose >= 0.188)
",9999999.000,9999999.000,0.000,1.000,0.000,1,0,0,22,23,0,1,22,0.043478260869565216,0.0,0.0,1.0,0.044444444444444446,0.9555555555555556
"G[0,1](((DBP <= 90.898 & Creatinine <= 0.134) -> FiO2 <= 0.566) -> Magnesium >= 0.005)
",9999999.000,9999999.000,0.000,1.000,0.000,1,0,0,22,23,0,1,22,0.043478260869565216,0.0,0.0,1.0,0.044444444444444446,0.9555555555555556
"G[0,0]((Platelets <= 132.196 & Lactate <= 0.174) -> Potassium >= 0.014)
",-0.543,-0.275,0.000,1.000,0.000,1,0,0,22,23,0,1,22,0.043478260869565216,0.0,0.0,1.0,0.044444444444444446,0.9555555555555556
"G[0,0](((HR <= 68.635 & Magnesium <= 1.810) & WBC >= 0.024) | Creatinine >= 0.007)
",0.218,4.675,0.000,1.000,0.000,1,0,0,22,23,0,1,22,0.043478260869565216,0.0,0.0,1.0,0.044444444444444446,0.9555555555555556
"G[0,1]((Hgb <= 6.455 -> PaCO2 >= 4.586) & SBP >= 1.408)
",9999999.000,9999999.000,0.000,1.000,0.000,1,0,0,22,23,0,1,22,0.043478260869565216,0.0,0.0,1.0,0.044444444444444446,0.9555555555555556
"G[0,0](Chloride >= 2.235 & HCO3 >= 0.487)
",-5.921,-2.155,0.000,1.000,0.000,1,0,0,22,23,0,1,22,0.043478260869565216,0.0,0.0,1.0,0.044444444444444446,0.9555555555555556
"G[0,0](((O2Sat <= 98.357 | WBC >= 0.200) & Platelets >= 0.154) & TroponinI <= 1.259)
",-2782589804720294.000,-0.154,0.000,1.000,0.000,1,0,0,22,23,0,1,22,0.043478260869565216,0.0,0.0,1.0,0.044444444444444446,0.9555555555555556
"G[0,0]((BaseExcess >= 0.500 | pH <= 2.507) & Creatinine >= 0.186)
",-0.114,-0.064,0.000,1.000,0.000,1,0,0,22,23,0,1,22,0.043478260869565216,0.0,0.0,1.0,0.044444444444444446,0.9555555555555556
"G[0,2](((Calcium >= 0.085 -> Resp >= 5.383) | WBC >= 1.844) & Magnesium >= 12.449)
",9999999.000,9999999.000,0.000,1.000,0.000,0,0,0,23,23,0,0,23,0.0,0.0,0.0,0.0,0.0,1.0
"G[0,2](Fibrinogen >= 0.000 & Calcium <= 5.967)
",9999999.000,9999999.000,0.000,1.000,0.000,0,0,22,1,1,22,22,1,0.0,0.0,1.0,0.0,0.0,1.0
"G[1,1](WBC <= 4.082 -> Creatinine >= 0.010)
",-4595873742678657.000,-4.082,0.000,1.000,0.000,0,0,1,22,22,1,1,22,0.0,0.0,1.0,0.0,0.0,1.0
"G[0,2]((Resp >= 6.300 | Glucose >= 0.985) -> FiO2 <= 57.158)
",9999999.000,9999999.000,0.000,1.000,0.000,0,0,23,0,0,23,23,0,0.0,0.0,1.0,0.0,0.0,1.0
"G[2,2](((Lactate <= 0.299 | FiO2 <= 0.697) | Bilirubin_total >= 0.051) -> O2Sat >= 0.016)
",-3139396199845858.000,-0.697,0.000,1.000,0.000,0,0,23,0,0,23,23,0,0.0,0.0,1.0,0.0,0.0,1.0
"G[0,2](HR >= 2.673 -> Lactate >= 0.062)
",9999999.000,9999999.000,0.000,1.000,0.000,0,0,1,22,22,1,1,22,0.0,0.0,1.0,0.0,0.0,1.0
"G[0,2](((HR <= 78.871 & PTT <= 0.000) | Potassium <= 0.000) & EtCO2 >= 0.000)
",9999999.000,9999999.000,0.000,1.000,0.000,0,0,23,0,0,23,23,0,0.0,0.0,1.0,0.0,0.0,1.0
"G[0,2](pH >= 0.068 -> PaCO2 >= 2.461)
",9999999.000,9999999.000,0.000,1.000,0.000,0,0,23,0,0,23,23,0,0.0,0.0,1.0,0.0,0.0,1.0
"G[2,2](BaseExcess <= 3.058 | EtCO2 >= 0.000)
",6886459347175327.000,3.058,0.000,1.000,0.000,0,0,23,0,0,23,23,0,0.0,0.0,1.0,0.0,0.0,1.0
"G[2,2](Hct <= 12.143 | PaCO2 <= 16.774)
",4721399877023468.000,16.774,0.000,1.000,0.000,0,0,23,0,0,23,23,0,0.0,0.0,1.0,0.0,0.0,1.0
"G[0,2](TroponinI <= 0.000 & DBP <= 62.865)
",9999999.000,9999999.000,0.000,1.000,0.000,0,0,6,17,17,6,6,17,0.0,0.0,1.0,0.0,0.0,1.0
"G[1,2](Creatinine <= 0.554 -> AST <= 0.000)
",9999999.000,9999999.000,0.000,1.000,0.000,0,0,23,0,0,23,23,0,0.0,0.0,1.0,0.0,0.0,1.0
"G[0,2](Glucose >= 0.808 | Glucose >= 0.672)
",9999999.000,9999999.000,0.000,1.000,0.000,0,0,1,22,22,1,1,22,0.0,0.0,1.0,0.0,0.0,1.0
"G[1,2]((TroponinI >= 0.000 & SaO2 <= 0.000) & Bilirubin_total <= 0.000)
",9999999.000,9999999.000,0.000,1.000,0.000,0,0,23,0,0,23,23,0,0.0,0.0,1.0,0.0,0.0,1.0
"G[2,2]((Resp >= 6.372 & Fibrinogen >= 0.000) -> Bilirubin_direct <= 0.000)
",0.000,0.000,0.000,1.000,0.000,0,0,23,0,0,23,23,0,0.0,0.0,1.0,0.0,0.0,1.0
"G[1,2]((Calcium <= 0.891 & Hct >= 0.566) -> Glucose <= 16.559)
",9999999.000,9999999.000,0.000,1.000,0.000,0,0,23,0,0,23,23,0,0.0,0.0,1.0,0.0,0.0,1.0
"G[1,2]((Glucose <= 41.421 -> WBC <= 2.499) | Calcium >= 0.219)
",9999999.000,9999999.000,0.000,1.000,0.000,0,0,23,0,0,23,23,0,0.0,0.0,1.0,0.0,0.0,1.0
"G[0,2]((Alkalinephos >= 0.000 | Platelets <= 55.489) & HCO3 >= 3.351)
",9999999.000,9999999.000,0.000,1.000,0.000,0,0,0,23,23,0,0,23,0.0,0.0,0.0,0.0,0.0,1.0
"G[1,2](((O2Sat <= 95.589 -> Fibrinogen >= 0.000) -> SBP >= 0.000) | Temp <= 0.000)
",9999999.000,9999999.000,0.000,1.000,0.000,0,0,23,0,0,23,23,0,0.0,0.0,1.0,0.0,0.0,1.0
"G[2,2](Fibrinogen <= 0.000 -> Bilirubin_total >= 0.000)
",0.000,0.000,0.000,1.000,0.000,0,0,23,0,0,23,23,0,0.0,0.0,1.0,0.0,0.0,1.0
"G[2,2]((MAP <= 115.387 & Chloride <= 86.703) & Phosphate <= 57.706)
",4060681725992379.000,57.706,0.000,1.000,0.000,0,0,23,0,0,23,23,0,0.0,0.0,1.0,0.0,0.0,1.0
"G[2,2]((Alkalinephos <= 0.000 & Magnesium >= 0.038) | Glucose >= 0.008)
",-8676413785853375.000,-0.008,0.000,1.000,0.000,0,0,23,0,0,23,23,0,0.0,0.0,1.0,0.0,0.0,1.0
"G[2,2](((MAP >= 21.368 & TroponinI >= 0.000) | Hct <= 0.000) & O2Sat <= 0.000)
",0.000,0.000,0.000,1.000,0.000,0,0,23,0,0,23,23,0,0.0,0.0,1.0,0.0,0.0,1.0
"G[0,1](((Bilirubin_direct <= 0.000 | WBC >= 0.005) | Hgb >= 0.161) -> PaCO2 >= 0.043)
",9999999.000,9999999.000,0.000,1.000,0.000,0,0,0,23,23,0,0,23,0.0,0.0,0.0,0.0,0.0,1.0
"G[1,2](DBP <= 92.253 & Hct >= 0.430)
",9999999.000,9999999.000,0.000,1.000,0.000,0,0,1,22,22,1,1,22,0.0,0.0,1.0,0.0,0.0,1.0
"G[1,2](FiO2 <= 0.331 & HR <= 68.422)
",9999999.000,9999999.000,0.000,1.000,0.000,0,0,11,12,12,11,11,12,0.0,0.0,1.0,0.0,0.0,1.0
"G[1,2](SBP <= 112.114 & Chloride <= 65.452)
",9999999.000,9999999.000,0.000,1.000,0.000,0,0,11,12,12,11,11,12,0.0,0.0,1.0,0.0,0.0,1.0
"G[2,2](((Hct <= 25.884 | Chloride >= 2.235) & Potassium >= 0.988) -> Fibrinogen <= 100.243)
",-3526976004597342.000,-100.243,0.000,1.000,0.000,0,0,23,0,0,23,23,0,0.0,0.0,1.0,0.0,0.0,1.0
"G[1,2](((Alkalinephos >= 0.000 -> Potassium <= 3.373) | BUN >= 0.011) -> DBP <= 1.789)
",9999999.000,9999999.000,0.000,1.000,0.000,0,0,5,18,18,5,5,18,0.0,0.0,1.0,0.0,0.0,1.0
"G[0,2](((BUN <= 8.787 -> EtCO2 <= 0.000) -> Potassium >= 0.000) | Glucose <= 0.000)
",9999999.000,9999999.000,0.000,1.000,0.000,0,0,23,0,0,23,23,0,0.0,0.0,1.0,0.0,0.0,1.0
"G[1,2]((SaO2 <= 0.000 & Hgb >= 0.082) -> Phosphate <= 1.312)
",9999999.000,9999999.000,0.000,1.000,0.000,0,0,23,0,0,23,23,0,0.0,0.0,1.0,0.0,0.0,1.0
"G[1,2](((PTT <= 0.000 | EtCO2 <= 0.000) -> Magnesium >= 0.000) | Glucose <= 0.000)
",9999999.000,9999999.000,0.000,1.000,0.000,0,0,23,0,0,23,23,0,0.0,0.0,1.0,0.0,0.0,1.0
"G[0,2](((Phosphate <= 1.442 -> SaO2 >= 0.000) -> WBC >= 0.000) | Temp >= 0.000)
",9999999.000,9999999.000,0.000,1.000,0.000,0,0,23,0,0,23,23,0,0.0,0.0,1.0,0.0,0.0,1.0
"G[1,1](((Lactate <= 0.182 | Bilirubin_total >= 0.000) -> FiO2 <= 0.000) & O2Sat <= 0.000)
",-6548821114977967.000,-0.182,0.000,1.000,0.000,0,0,1,22,22,1,1,22,0.0,0.0,1.0,0.0,0.0,1.0
"G[2,2]((Magnesium <= 0.312 & Chloride <= 20.029) | Fibrinogen >= 1.916)
",0.312,0.312,0.000,1.000,0.000,0,0,23,0,0,23,23,0,0.0,0.0,1.0,0.0,0.0,1.0
"G[2,2]((TroponinI >= 0.000 -> WBC <= 3.437) -> Glucose >= 0.238)
",8572512059981891.000,0.238,0.000,1.000,0.000,0,0,23,0,0,23,23,0,0.0,0.0,1.0,0.0,0.0,1.0
"G[0,0]((WBC >= 0.073 | O2Sat >= 39.981) & Creatinine >= 73.183)
",-3.720,-69.128,0.000,1.000,0.000,0,0,0,23,23,0,0,23,0.0,0.0,0.0,0.0,0.0,1.0
"G[0,2]((Lactate >= 0.011 & Alkalinephos <= 0.000) & TroponinI <= 0.000)
",9999999.000,9999999.000,0.000,1.000,0.000,0,0,0,23,23,0,0,23,0.0,0.0,0.0,0.0,0.0,1.0
"G[0,2](((DBP <= 68.273 & EtCO2 <= 0.000) -> Lactate <= 0.000) | Fibrinogen <= 0.000)
",9999999.000,9999999.000,0.000,1.000,0.000,0,0,23,0,0,23,23,0,0.0,0.0,1.0,0.0,0.0,1.0
"G[2,2]((pH >= 0.480 -> FiO2 <= 0.427) -> Platelets <= 0.546)
",-4916990995811039.000,-0.546,0.000,1.000,0.000,0,0,23,0,0,23,23,0,0.0,0.0,1.0,0.0,0.0,1.0
"G[2,2]((MAP >= 68.647 | TroponinI <= 0.000) & Creatinine >= 0.000)
",0.000,0.000,0.000,1.000,0.000,0,0,23,0,0,23,23,0,0.0,0.0,1.0,0.0,0.0,1.0
"G[0,1](((Platelets <= 16.356 & Phosphate <= 0.690) & SBP >= 0.016) & Hgb >= 0.003)
",9999999.000,9999999.000,0.000,1.000,0.000,0,0,0,23,23,0,0,23,0.0,0.0,0.0,0.0,0.0,1.0
"G[1,2]((SBP >= 12.876 & O2Sat <= 96.703) -> EtCO2 >= 1.092)
",9999999.000,9999999.000,0.000,1.000,0.000,0,0,17,6,6,17,17,6,0.0,0.0,1.0,0.0,0.0,1.0
"G[1,2](((Potassium <= 0.821 & Calcium >= 0.075) | PaCO2 <= 4.376) -> PTT <= 7.715)
",9999999.000,9999999.000,0.000,1.000,0.000,0,0,23,0,0,23,23,0,0.0,0.0,1.0,0.0,0.0,1.0
"G[1,1]((Hct <= 25.008 -> FiO2 <= 0.175) & Glucose >= 0.107)
",-7039195361045540.000,-25.008,0.000,1.000,0.000,0,0,1,22,22,1,1,22,0.0,0.0,1.0,0.0,0.0,1.0
"G[1,2](((BaseExcess <= 4.527 & BaseExcess <= 8.775) -> Resp <= 7.458) | PaCO2 <= 5.593)
",9999999.000,9999999.000,0.000,1.000,0.000,0,0,21,2,2,21,21,2,0.0,0.0,1.0,0.0,0.0,1.0
"G[0,2](((Fibrinogen <= 0.000 -> pH >= 0.350) & Potassium <= 1.422) & SepsisLabel >= 0.603)
",9999999.000,9999999.000,0.000,1.000,0.000,0,0,0,23,23,0,0,23,0.0,0.0,0.0,0.0,0.0,1.0
"G[0,2](FiO2 <= 0.662 | Fibrinogen >= 0.000)
",9999999.000,9999999.000,0.000,1.000,0.000,0,0,23,0,0,23,23,0,0.0,0.0,1.0,0.0,0.0,1.0
"G[1,1](Lactate >= 0.067 & BUN >= 0.101)
",-7280033693765491.000,-0.101,0.000,1.000,0.000,0,0,1,22,22,1,1,22,0.0,0.0,1.0,0.0,0.0,1.0
"G[0,1]((Glucose <= 108.579 | Magnesium <= 0.239) -> Chloride >= 0.032)
",9999999.000,9999999.000,0.000,1.000,0.000,0,0,0,23,23,0,0,23,0.0,0.0,0.0,0.0,0.0,1.0
"G[0,2](O2Sat <= 96.074 & Chloride >= 1.754)
",9999999.000,9999999.000,0.000,1.000,0.000,0,0,0,23,23,0,0,23,0.0,0.0,0.0,0.0,0.0,1.0
"G[0,2](((Creatinine <= 0.397 -> SepsisLabel <= 0.000) -> EtCO2 <= 0.000) & BaseExcess >= 0.000)
",9999999.000,9999999.000,0.000,1.000,0.000,0,0,23,0,0,23,23,0,0.0,0.0,1.0,0.0,0.0,1.0
"G[0,2]((Resp >= 0.963 & EtCO2 <= 0.000) -> Hgb <= 0.000)
",9999999.000,9999999.000,0.000,1.000,0.000,0,0,22,1,1,22,22,1,0.0,0.0,1.0,0.0,0.0,1.0
"G[1,2](((SaO2 >= 0.000 | pH <= 0.993) -> SepsisLabel >= 0.253) -> SBP >= 0.378)
",9999999.000,9999999.000,0.000,1.000,0.000,0,0,23,0,0,23,23,0,0.0,0.0,1.0,0.0,0.0,1.0
"G[1,2]((Bilirubin_direct <= 0.000 & Temp <= 30.311) | FiO2 >= 0.920)
",9999999.000,9999999.000,0.000,1.000,0.000,0,0,20,3,3,20,20,3,0.0,0.0,1.0,0.0,0.0,1.0
"G[1,2](PTT >= 0.000 | FiO2 >= 0.073)
",9999999.000,9999999.000,0.000,1.000,0.000,0,0,23,0,0,23,23,0,0.0,0.0,1.0,0.0,0.0,1.0
"G[2,2](Bilirubin_direct >= 0.000 & O2Sat <= 95.870)
",0.000,0.000,0.000,1.000,0.000,0,0,23,0,0,23,23,0,0.0,0.0,1.0,0.0,0.0,1.0
"G[1,2](((EtCO2 <= 0.000 & PaCO2 >= 1.288) | AST >= 1.106) -> BUN >= 1.902)
",9999999.000,9999999.000,0.000,1.000,0.000,0,0,19,4,4,19,19,4,0.0,0.0,1.0,0.0,0.0,1.0
"G[0,2](((Hgb <= 0.435 | Chloride >= 0.678) -> EtCO2 <= 98.809) -> DBP >= 0.965)
",9999999.000,9999999.000,0.000,1.000,0.000,0,0,19,4,4,19,19,4,0.0,0.0,1.0,0.0,0.0,1.0
"G[1,2](((AST >= 0.000 & Magnesium >= 0.039) -> Platelets <= 1.909) | BUN >= 0.019)
",9999999.000,9999999.000,0.000,1.000,0.000,0,0,23,0,0,23,23,0,0.0,0.0,1.0,0.0,0.0,1.0
"G[0,2]((Resp <= 19.513 | HCO3 >= 0.615) -> Calcium >= 0.016)
",9999999.000,9999999.000,0.000,1.000,0.000,0,0,1,22,22,1,1,22,0.0,0.0,1.0,0.0,0.0,1.0
"G[1,2](((pH >= 0.094 -> Hgb <= 8.699) -> PaCO2 <= 9.526) & Creatinine <= 7.531)
",9999999.000,9999999.000,0.000,1.000,0.000,0,0,19,4,4,19,19,4,0.0,0.0,1.0,0.0,0.0,1.0
"G[1,2](((BaseExcess >= 0.255 & Creatinine <= 0.437) | SBP <= 0.405) & HCO3 >= 0.010)
",9999999.000,9999999.000,0.000,1.000,0.000,0,0,1,22,22,1,1,22,0.0,0.0,1.0,0.0,0.0,1.0
"G[0,2](SBP <= 112.124 -> Hct >= 0.221)
",9999999.000,9999999.000,0.000,1.000,0.000,0,0,11,12,12,11,11,12,0.0,0.0,1.0,0.0,0.0,1.0
"G[0,2](((pH <= 2.271 -> AST <= 0.000) | Lactate <= 0.000) | PaCO2 <= 0.000)
",9999999.000,9999999.000,0.000,1.000,0.000,0,0,23,0,0,23,23,0,0.0,0.0,1.0,0.0,0.0,1.0
"G[0,1](((Glucose >= 1.990 -> HCO3 >= 0.544) -> HCO3 >= 0.333) & TroponinI >= 0.018)
",9999999.000,9999999.000,0.000,1.000,0.000,0,0,0,23,23,0,0,23,0.0,0.0,0.0,0.0,0.0,1.0
"G[0,2](((PTT <= 0.000 & Resp <= 18.289) & Temp >= 3.454) | Resp <= 15.440)
",9999999.000,9999999.000,0.000,1.000,0.000,0,0,12,11,11,12,12,11,0.0,0.0,1.0,0.0,0.0,1.0
"G[0,1](BaseExcess >= 0.636 & O2Sat <= 96.449)
",9999999.000,9999999.000,0.000,1.000,0.000,0,0,0,23,23,0,0,23,0.0,0.0,0.0,0.0,0.0,1.0
"G[2,2](Bilirubin_direct >= 0.000 -> Lactate >= 0.010)
",0.000,0.000,0.000,1.000,0.000,0,0,23,0,0,23,23,0,0.0,0.0,1.0,0.0,0.0,1.0
"G[1,1](((Calcium >= 0.012 -> WBC >= 0.220) | EtCO2 >= 0.163) & WBC >= 0.170)
",-3067730282675646.000,-0.170,0.000,1.000,0.000,0,0,1,22,22,1,1,22,0.0,0.0,1.0,0.0,0.0,1.0
"G[2,2](((Phosphate >= 0.046 -> EtCO2 >= 0.000) -> Bilirubin_direct <= 0.000) -> SaO2 >= 0.000)
",0.000,0.000,0.000,1.000,0.000,0,0,23,0,0,23,23,0,0.0,0.0,1.0,0.0,0.0,1.0
"G[0,2]((SaO2 >= 0.000 & BUN >= 0.107) -> FiO2 >= 0.170)
",9999999.000,9999999.000,0.000,1.000,0.000,0,0,22,1,1,22,22,1,0.0,0.0,1.0,0.0,0.0,1.0
"G[0,2]((Hgb <= 1.077 & PTT >= 0.000) | Magnesium <= 0.000)
",9999999.000,9999999.000,0.000,1.000,0.000,0,0,22,1,1,22,22,1,0.0,0.0,1.0,0.0,0.0,1.0
"G[0,2]((WBC >= 0.246 & Hct >= 0.180) & WBC >= 0.365)
",9999999.000,9999999.000,0.000,1.000,0.000,0,0,0,23,23,0,0,23,0.0,0.0,0.0,0.0,0.0,1.0
"G[1,2](Chloride >= 0.409 & HCO3 >= 0.390)
",9999999.000,9999999.000,0.000,1.000,0.000,0,0,1,22,22,1,1,22,0.0,0.0,1.0,0.0,0.0,1.0
"G[2,2](((Hgb <= 9.637 | DBP >= 28.920) & Glucose <= 82.626) & PaCO2 <= 91.394)
",5425291741709377.000,9.637,0.000,1.000,0.000,0,0,23,0,0,23,23,0,0.0,0.0,1.0,0.0,0.0,1.0
"G[0,2](Hgb >= 0.216 & SepsisLabel = 0.000)
",9999999.000,9999999.000,0.000,1.000,0.000,0,0,0,23,23,0,0,23,0.0,0.0,0.0,0.0,0.0,1.0
"G[1,1](Platelets <= 55.831 -> WBC >= 0.051)
",-3928726930267281.500,-55.831,0.000,1.000,0.000,0,0,1,22,22,1,1,22,0.0,0.0,1.0,0.0,0.0,1.0
"G[0,1](((Hgb <= 4.653 | Hct <= 14.443) -> WBC >= 0.032) & Platelets >= 1.593)
",9999999.000,9999999.000,0.000,1.000,0.000,0,0,0,23,23,0,0,23,0.0,0.0,0.0,0.0,0.0,1.0
"G[0,1](BUN <= 1.137 & Creatinine >= 0.005)
",9999999.000,9999999.000,0.000,1.000,0.000,0,0,0,23,23,0,0,23,0.0,0.0,0.0,0.0,0.0,1.0
"G[2,2](Chloride >= 0.673 & HCO3 >= 0.130)
",-0.673,-0.673,0.000,1.000,0.000,0,0,23,0,0,23,23,0,0.0,0.0,1.0,0.0,0.0,1.0
"G[1,2](Platelets <= 52.913 -> WBC >= 0.073)
",9999999.000,9999999.000,0.000,1.000,0.000,0,0,1,22,22,1,1,22,0.0,0.0,1.0,0.0,0.0,1.0
"G[2,2](((Hgb <= 7.071 | Hct <= 1.710) -> WBC >= 0.189) & Platelets >= 0.303)
",-7961126484454881.000,-7.071,0.000,1.000,0.000,0,0,23,0,0,23,23,0,0.0,0.0,1.0,0.0,0.0,1.0
"G[1,2](BUN <= 3.039 & Creatinine >= 0.013)
",9999999.000,9999999.000,0.000,1.000,0.000,0,0,1,22,22,1,1,22,0.0,0.0,1.0,0.0,0.0,1.0
"G[1,2](pH > 0.348 & SepsisLabel = 0.000)
",9999999.000,9999999.000,0.000,1.000,0.000,0,0,5,18,18,5,5,18,0.0,0.0,1.0,0.0,0.0,1.0
"G[0,2](HR > 33.123 -> SepsisLabel = 0.000)
",9999999.000,9999999.000,0.000,1.000,0.000,0,0,23,0,0,23,23,0,0.0,0.0,1.0,0.0,0.0,1.0
"G[2,2](AST <= 0.000 -> SepsisLabel = 0.000)
",0.000,0.000,0.000,1.000,0.000,0,0,23,0,0,23,23,0,0.0,0.0,1.0,0.0,0.0,1.0
"G[1,2](Fibrinogen < 0.000 & SepsisLabel = 0.000)
",9999999.000,9999999.000,0.000,1.000,0.000,0,0,1,22,22,1,1,22,0.0,0.0,1.0,0.0,0.0,1.0
"G[1,1](AST > 0.000 & SepsisLabel = 0.000)
",0.000,0.000,0.000,1.000,0.000,0,0,1,22,22,1,1,22,0.0,0.0,1.0,0.0,0.0,1.0
"G[0,2](SaO2 > 0.000 -> SepsisLabel = 0.000)
",9999999.000,9999999.000,0.000,1.000,0.000,0,0,23,0,0,23,23,0,0.0,0.0,1.0,0.0,0.0,1.0
"G[1,2](((BaseExcess <= 8.452 -> WBC >= 0.145) -> Fibrinogen <= 8.303) | SepsisLabel <= 1.970)
",9999999.000,9999999.000,0.000,1.000,0.000,0,0,23,0,0,23,23,0,0.0,0.0,1.0,0.0,0.0,1.0
"G[1,2](Resp <= 17.286 -> SepsisLabel = 0.000)
",9999999.000,9999999.000,0.000,1.000,0.000,0,0,23,0,0,23,23,0,0.0,0.0,1.0,0.0,0.0,1.0
"G[1,2](Potassium <= 1.101 -> SepsisLabel = 0.000)
",9999999.000,9999999.000,0.000,1.000,0.000,0,0,23,0,0,23,23,0,0.0,0.0,1.0,0.0,0.0,1.0
"G[2,2](PTT <= 0.000 -> SepsisLabel = 0.000)
",0.000,0.000,0.000,1.000,0.000,0,0,23,0,0,23,23,0,0.0,0.0,1.0,0.0,0.0,1.0
"G[1,2](O2Sat > 95.186 -> SepsisLabel = 0.000)
",9999999.000,9999999.000,0.000,1.000,0.000,0,0,23,0,0,23,23,0,0.0,0.0,1.0,0.0,0.0,1.0
"G[1,2](((Chloride <= 65.976 -> WBC >= 0.159) -> Glucose <= 8.668) & O2Sat >= 0.116)
",9999999.000,9999999.000,0.000,1.000,0.000,0,0,23,0,0,23,23,0,0.0,0.0,1.0,0.0,0.0,1.0
"G[1,2](((BUN >= 0.224 | Creatinine <= 0.444) -> Bilirubin_direct >= 0.006) & BaseExcess >= 0.001)
",9999999.000,9999999.000,0.000,1.000,0.000,0,0,1,22,22,1,1,22,0.0,0.0,1.0,0.0,0.0,1.0
"G[1,2](((BUN >= 0.030 | HCO3 >= 0.473) & PTT >= 0.199) -> EtCO2 >= 0.596)
",9999999.000,9999999.000,0.000,1.000,0.000,0,0,23,0,0,23,23,0,0.0,0.0,1.0,0.0,0.0,1.0
"G[0,2]((Calcium >= 0.051 | HCO3 <= 6.825) -> Temp >= 0.279)
",9999999.000,9999999.000,0.000,1.000,0.000,0,0,1,22,22,1,1,22,0.0,0.0,1.0,0.0,0.0,1.0
"G[2,2](((Platelets <= 97.446 -> WBC >= 0.062) -> EtCO2 >= 0.241) & MAP >= 0.220)
",-7930336977515427.000,-0.220,0.000,1.000,0.000,0,0,23,0,0,23,23,0,0.0,0.0,1.0,0.0,0.0,1.0
"G[1,2](((HCO3 <= 19.296 & Phosphate >= 0.021) & Bilirubin_direct >= 0.031) & SBP >= 0.044)
",9999999.000,9999999.000,0.000,1.000,0.000,0,0,1,22,22,1,1,22,0.0,0.0,1.0,0.0,0.0,1.0
"G[1,2]((BaseExcess <= 8.176 -> PaCO2 >= 0.422) | SaO2 >= 3.238)
",9999999.000,9999999.000,0.000,1.000,0.000,0,0,5,18,18,5,5,18,0.0,0.0,1.0,0.0,0.0,1.0
"G[1,2](((HR >= 34.688 & O2Sat <= 97.883) -> FiO2 >= 11.787) & O2Sat >= 48.807)
",9999999.000,9999999.000,0.000,1.000,0.000,0,0,10,13,13,10,10,13,0.0,0.0,1.0,0.0,0.0,1.0
"G[1,2](Chloride >= 0.871 & HCO3 >= 0.299)
",9999999.000,9999999.000,0.000,1.000,0.000,0,0,1,22,22,1,1,22,0.0,0.0,1.0,0.0,0.0,1.0
"G[0,2](BUN <= 10.063 & Creatinine >= 0.002)
",9999999.000,9999999.000,0.000,1.000,0.000,0,0,0,23,23,0,0,23,0.0,0.0,0.0,0.0,0.0,1.0
"G[0,1](((Hgb <= 5.468 | Hct <= 27.574) -> WBC >= 0.099) & Platelets >= 3.119)
",9999999.000,9999999.000,0.000,1.000,0.000,0,0,0,23,23,0,0,23,0.0,0.0,0.0,0.0,0.0,1.0
"G[1,2](Platelets <= 20.522 -> WBC >= 0.007)
",9999999.000,9999999.000,0.000,1.000,0.000,0,0,1,22,22,1,1,22,0.0,0.0,1.0,0.0,0.0,1.0
"G[0,1](((Hgb <= 9.394 | Hct <= 11.794) -> WBC >= 0.195) & Platelets >= 3.267)
",9999999.000,9999999.000,0.000,1.000,0.000,0,0,0,23,23,0,0,23,0.0,0.0,0.0,0.0,0.0,1.0
"G[0,1](BUN <= 2.960 & Creatinine >= 0.003)
",9999999.000,9999999.000,0.000,1.000,0.000,0,0,0,23,23,0,0,23,0.0,0.0,0.0,0.0,0.0,1.0
"G[0,2](Chloride >= 1.586 & HCO3 >= 0.418)
",9999999.000,9999999.000,0.000,1.000,0.000,0,0,0,23,23,0,0,23,0.0,0.0,0.0,0.0,0.0,1.0
"G[1,1](Platelets <= 82.925 -> WBC >= 0.150)
",-5835297892126268.000,-82.925,0.000,1.000,0.000,0,0,1,22,22,1,1,22,0.0,0.0,1.0,0.0,0.0,1.0
"G[1,2](((Hgb <= 6.259 | Hct <= 22.744) -> WBC >= 0.232) & Platelets >= 0.953)
",9999999.000,9999999.000,0.000,1.000,0.000,0,0,1,22,22,1,1,22,0.0,0.0,1.0,0.0,0.0,1.0
"G[0,0](BUN <= 4.075 & Creatinine >= 0.002)
",0.216,0.183,0.000,1.000,0.000,0,0,0,23,23,0,0,23,0.0,0.0,0.0,0.0,0.0,1.0
"G[1,1](Chloride >= 0.404 & HCO3 >= 0.287)
",-3635388980846910.000,-0.404,0.000,1.000,0.000,0,0,1,22,22,1,1,22,0.0,0.0,1.0,0.0,0.0,1.0
"G[0,1](Platelets <= 171.579 -> WBC >= 0.012)
",9999999.000,9999999.000,0.000,1.000,0.000,0,0,0,23,23,0,0,23,0.0,0.0,0.0,0.0,0.0,1.0
"G[0,2](((Hgb <= 6.084 | Hct <= 19.666) -> WBC >= 0.114) & Platelets >= 0.125)
",9999999.000,9999999.000,0.000,1.000,0.000,0,0,0,23,23,0,0,23,0.0,0.0,0.0,0.0,0.0,1.0
"G[0,2](BUN <= 8.390 & Creatinine >= 0.005)
",9999999.000,9999999.000,0.000,1.000,0.000,0,0,0,23,23,0,0,23,0.0,0.0,0.0,0.0,0.0,1.0
"G[0,2](Chloride >= 0.114 & HCO3 >= 0.263)
",9999999.000,9999999.000,0.000,1.000,0.000,0,0,0,23,23,0,0,23,0.0,0.0,0.0,0.0,0.0,1.0
"G[0,2](Platelets <= 49.110 -> WBC >= 0.242)
",9999999.000,9999999.000,0.000,1.000,0.000,0,0,0,23,23,0,0,23,0.0,0.0,0.0,0.0,0.0,1.0
"G[1,2](((Hgb <= 2.121 | Hct <= 20.939) -> WBC >= 0.223) & Platelets >= 2.823)
",9999999.000,9999999.000,0.000,1.000,0.000,0,0,1,22,22,1,1,22,0.0,0.0,1.0,0.0,0.0,1.0
"G[0,1](Platelets <= 31.377 -> WBC >= 0.048)
",9999999.000,9999999.000,0.000,1.000,0.000,0,0,0,23,23,0,0,23,0.0,0.0,0.0,0.0,0.0,1.0
"G[1,2](((Hgb <= 7.275 | Hct <= 16.553) -> WBC >= 0.184) & Platelets >= 3.603)
",9999999.000,9999999.000,0.000,1.000,0.000,0,0,1,22,22,1,1,22,0.0,0.0,1.0,0.0,0.0,1.0
"G[0,1](BUN <= 6.316 & Creatinine >= 0.006)
",9999999.000,9999999.000,0.000,1.000,0.000,0,0,0,23,23,0,0,23,0.0,0.0,0.0,0.0,0.0,1.0
"G[2,2](Chloride >= 0.695 & HCO3 >= 0.119)
",-0.695,-0.695,0.000,1.000,0.000,0,0,23,0,0,23,23,0,0.0,0.0,1.0,0.0,0.0,1.0
"G[1,2](Platelets <= 162.690 -> WBC >= 0.223)
",9999999.000,9999999.000,0.000,1.000,0.000,0,0,1,22,22,1,1,22,0.0,0.0,1.0,0.0,0.0,1.0
"G[1,2](((Hgb <= 3.938 | Hct <= 9.669) -> WBC >= 0.145) & Platelets >= 0.287)
",9999999.000,9999999.000,0.000,1.000,0.000,0,0,1,22,22,1,1,22,0.0,0.0,1.0,0.0,0.0,1.0
"G[1,2](BUN <= 8.660 & Creatinine >= 0.001)
",9999999.000,9999999.000,0.000,1.000,0.000,0,0,1,22,22,1,1,22,0.0,0.0,1.0,0.0,0.0,1.0
"G[0,1](Chloride >= 1.156 & HCO3 >= 0.167)
",9999999.000,9999999.000,0.000,1.000,0.000,0,0,0,23,23,0,0,23,0.0,0.0,0.0,0.0,0.0,1.0
"G[2,2](Platelets <= 10.458 -> WBC >= 0.101)
",-2943614072655862.000,-10.458,0.000,1.000,0.000,0,0,23,0,0,23,23,0,0.0,0.0,1.0,0.0,0.0,1.0
"G[0,2](((Hgb <= 10.112 | Hct <= 25.557) -> WBC >= 0.026) & Platelets >= 4.271)
",9999999.000,9999999.000,0.000,1.000,0.000,0,0,0,23,23,0,0,23,0.0,0.0,0.0,0.0,0.0,1.0
"G[0,2](BUN <= 6.755 & Creatinine >= 0.002)
",9999999.000,9999999.000,0.000,1.000,0.000,0,0,0,23,23,0,0,23,0.0,0.0,0.0,0.0,0.0,1.0
"G[1,2](Chloride >= 2.145 & HCO3 >= 0.585)
",9999999.000,9999999.000,0.000,1.000,0.000,0,0,1,22,22,1,1,22,0.0,0.0,1.0,0.0,0.0,1.0
"G[2,2](Lactate >= 0.007 -> pH >= 0.317)
",3823923171935185.500,0.007,0.000,1.000,0.000,0,0,23,0,0,23,23,0,0.0,0.0,1.0,0.0,0.0,1.0
"G[1,2](((Glucose <= 122.471 -> Hct <= 23.581) & HCO3 >= 0.152) -> Glucose >= 0.422)
",9999999.000,9999999.000,0.000,1.000,0.000,0,0,23,0,0,23,23,0,0.0,0.0,1.0,0.0,0.0,1.0
"G[0,2]((MAP >= 84.383 | Resp >= 9.428) -> HCO3 <= 17.274)
",9999999.000,9999999.000,0.000,1.000,0.000,0,0,22,1,1,22,22,1,0.0,0.0,1.0,0.0,0.0,1.0
"G[1,2](BaseExcess >= 0.355 -> FiO2 <= 0.717)
",9999999.000,9999999.000,0.000,1.000,0.000,0,0,23,0,0,23,23,0,0.0,0.0,1.0,0.0,0.0,1.0
"G[1,2](((Magnesium <= 0.797 | pH <= 7.468) & Creatinine >= 0.472) -> Phosphate <= 2.478)
",9999999.000,9999999.000,0.000,1.000,0.000,0,0,23,0,0,23,23,0,0.0,0.0,1.0,0.0,0.0,1.0
"G[0,2](((Hgb <= 7.835 | PaCO2 >= 4.396) -> BaseExcess <= 24.828) | SBP >= 1.075)
",9999999.000,9999999.000,0.000,1.000,0.000,0,0,23,0,0,23,23,0,0.0,0.0,1.0,0.0,0.0,1.0
"G[0,2](((Creatinine <= 0.521 | PaCO2 >= 0.115) & Magnesium >= 1.779) -> Creatinine <= 28.486)
",9999999.000,9999999.000,0.000,1.000,0.000,0,0,23,0,0,23,23,0,0.0,0.0,1.0,0.0,0.0,1.0
"G[0,0](BUN >= 0.245 & PaCO2 >= 4.830)
",-2.260,-3.997,0.000,1.000,0.000,0,0,0,23,23,0,0,23,0.0,0.0,0.0,0.0,0.0,1.0
"G[0,2](((BaseExcess >= 0.556 | Platelets >= 4.412) -> Hgb <= 106.466) & SaO2 <= 11.300)
",9999999.000,9999999.000,0.000,1.000,0.000,0,0,23,0,0,23,23,0,0.0,0.0,1.0,0.0,0.0,1.0
"G[0,2]((BaseExcess <= 2.521 | Calcium <= 0.540) -> Bilirubin_total >= 0.058)
",9999999.000,9999999.000,0.000,1.000,0.000,0,0,0,23,23,0,0,23,0.0,0.0,0.0,0.0,0.0,1.0
"G[0,1]((BaseExcess <= 2.296 -> BUN <= 6.625) & Bilirubin_total >= 0.247)
",9999999.000,9999999.000,0.000,1.000,0.000,0,0,0,23,23,0,0,23,0.0,0.0,0.0,0.0,0.0,1.0
"G[1,2](((O2Sat <= 95.524 | pH <= 3.621) | Lactate <= 3.163) & Platelets >= 0.090)
",9999999.000,9999999.000,0.000,1.000,0.000,0,0,1,22,22,1,1,22,0.0,0.0,1.0,0.0,0.0,1.0
"G[1,2](((Lactate <= 1.009 -> MAP <= 106.966) | Magnesium <= 97.793) & TroponinI <= 105.150)
",9999999.000,9999999.000,0.000,1.000,0.000,0,0,23,0,0,23,23,0,0.0,0.0,1.0,0.0,0.0,1.0
"G[0,2](BaseExcess <= 7.997 & O2Sat <= 98.737)
",9999999.000,9999999.000,0.000,1.000,0.000,0,0,10,13,13,10,10,13,0.0,0.0,1.0,0.0,0.0,1.0
"G[1,2]((DBP >= 46.881 | WBC >= 0.178) -> Phosphate >= 0.140)
",9999999.000,9999999.000,0.000,1.000,0.000,0,0,5,18,18,5,5,18,0.0,0.0,1.0,0.0,0.0,1.0
"G[1,1](Platelets <= 24.163 -> WBC >= 0.066)
",-3400644129357570.000,-24.163,0.000,1.000,0.000,0,0,1,22,22,1,1,22,0.0,0.0,1.0,0.0,0.0,1.0
"G[1,1]((Chloride >= 0.688 -> Lactate >= 0.012) & SaO2 >= 0.061)
",-4375499587178958.500,-0.061,0.000,1.000,0.000,0,0,1,22,22,1,1,22,0.0,0.0,1.0,0.0,0.0,1.0
"G[1,2](((HCO3 >= 0.511 & Lactate >= 0.028) & Calcium <= 0.585) | Magnesium <= 0.781)
",9999999.000,9999999.000,0.000,1.000,0.000,0,0,23,0,0,23,23,0,0.0,0.0,1.0,0.0,0.0,1.0
"G[1,2](BaseExcess <= 4.466 | Temp <= 12.646)
",9999999.000,9999999.000,0.000,1.000,0.000,0,0,22,1,1,22,22,1,0.0,0.0,1.0,0.0,0.0,1.0
"G[0,2](Magnesium <= 1.098 -> O2Sat >= 95.308)
",9999999.000,9999999.000,0.000,1.000,0.000,0,0,20,3,3,20,20,3,0.0,0.0,1.0,0.0,0.0,1.0
"G[0,0](((Creatinine >= 0.009 & O2Sat <= 99.194) -> Magnesium >= 72.138) & Fibrinogen >= 80.098)
",-34.115,-79.589,0.000,1.000,0.000,0,0,0,23,23,0,0,23,0.0,0.0,0.0,0.0,0.0,1.0
"G[1,2](DBP <= 62.759 -> Glucose <= 79.429)
",9999999.000,9999999.000,0.000,1.000,0.000,0,0,23,0,0,23,23,0,0.0,0.0,1.0,0.0,0.0,1.0
"G[1,2](((DBP >= 37.214 | Resp >= 8.701) | BUN >= 7.965) -> Chloride >= 11.583)
",9999999.000,9999999.000,0.000,1.000,0.000,0,0,1,22,22,1,1,22,0.0,0.0,1.0,0.0,0.0,1.0
"G[1,2](((SBP >= 58.367 & WBC >= 0.150) -> Platelets >= 0.037) & TroponinI >= 0.063)
",9999999.000,9999999.000,0.000,1.000,0.000,0,0,1,22,22,1,1,22,0.0,0.0,1.0,0.0,0.0,1.0
"G[1,1](((Hct >= 0.351 & SBP <= 134.063) | SaO2 >= 49.726) | EtCO2 >= 37.801)
",-6319843839899519.000,-0.351,0.000,1.000,0.000,0,0,1,22,22,1,1,22,0.0,0.0,1.0,0.0,0.0,1.0
"G[0,2](((Platelets <= 147.840 -> SBP <= 115.671) & Creatinine >= 77.805) -> Magnesium <= 140.982)
",9999999.000,9999999.000,0.000,1.000,0.000,0,0,23,0,0,23,23,0,0.0,0.0,1.0,0.0,0.0,1.0
"G[0,2](((HCO3 >= 0.612 | SBP <= 149.618) -> Resp >= 28.673) | Glucose <= 137.419)
",9999999.000,9999999.000,0.000,1.000,0.000,0,0,22,1,1,22,22,1,0.0,0.0,1.0,0.0,0.0,1.0
"G[1,2](Potassium <= 3.670 | Fibrinogen >= 0.000)
",9999999.000,9999999.000,0.000,1.000,0.000,0,0,23,0,0,23,23,0,0.0,0.0,1.0,0.0,0.0,1.0
"G[0,2](Fibrinogen <= 0.000 | WBC <= 5.192)
",9999999.000,9999999.000,0.000,1.000,0.000,0,0,23,0,0,23,23,0,0.0,0.0,1.0,0.0,0.0,1.0
"G[2,2](((Hct <= 21.985 & pH >= 0.105) | BUN <= 6.488) | WBC >= 0.280)
",7304994399879423.000,6.488,0.000,1.000,0.000,0,0,23,0,0,23,23,0,0.0,0.0,1.0,0.0,0.0,1.0
"G[0,2]((Creatinine <= 0.115 -> FiO2 <= 0.717) -> DBP <= 0.377)
",9999999.000,9999999.000,0.000,1.000,0.000,0,0,4,19,19,4,4,19,0.0,0.0,1.0,0.0,0.0,1.0
"G[1,2](BaseExcess >= 0.415 | Lactate <= 1.256)
",9999999.000,9999999.000,0.000,1.000,0.000,0,0,23,0,0,23,23,0,0.0,0.0,1.0,0.0,0.0,1.0
"G[2,2]((HR <= 67.086 | PaCO2 <= 25.345) | Resp >= 2.741)
",67.086,67.086,0.000,1.000,0.000,0,0,23,0,0,23,23,0,0.0,0.0,1.0,0.0,0.0,1.0
"G[0,2]((MAP <= 110.969 & SBP <= 111.386) -> Creatinine <= 151.745)
",9999999.000,9999999.000,0.000,1.000,0.000,0,0,23,0,0,23,23,0,0.0,0.0,1.0,0.0,0.0,1.0
"G[1,2](((DBP <= 72.808 -> O2Sat >= 26.408) -> Alkalinephos <= 96.911) | Chloride <= 99.164)
",9999999.000,9999999.000,0.000,1.000,0.000,0,0,23,0,0,23,23,0,0.0,0.0,1.0,0.0,0.0,1.0
"G[0,2](FiO2 >= 0.052 & Resp <= 17.224)
",9999999.000,9999999.000,0.000,1.000,0.000,0,0,1,22,22,1,1,22,0.0,0.0,1.0,0.0,0.0,1.0
"G[0,2]((DBP >= 40.011 -> Temp >= 6.754) -> Potassium <= 9.271)
",9999999.000,9999999.000,0.000,1.000,0.000,0,0,23,0,0,23,23,0,0.0,0.0,1.0,0.0,0.0,1.0
"G[0,2](((DBP <= 93.824 | Lactate >= 0.042) -> O2Sat >= 0.072) & pH <= 0.354)
",9999999.000,9999999.000,0.000,1.000,0.000,0,0,18,5,5,18,18,5,0.0,0.0,1.0,0.0,0.0,1.0
"G[0,2](((FiO2 >= 0.068 | Lactate <= 0.288) | EtCO2 <= 0.988) & Hgb >= 0.007)
",9999999.000,9999999.000,0.000,1.000,0.000,0,0,0,23,23,0,0,23,0.0,0.0,0.0,0.0,0.0,1.0
"G[0,2]((Hct >= 0.680 & MAP >= 26.366) & Hgb >= 39.019)
",9999999.000,9999999.000,0.000,1.000,0.000,0,0,0,23,23,0,0,23,0.0,0.0,0.0,0.0,0.0,1.0
"G[0,2](((FiO2 <= 0.435 -> MAP >= 9.442) -> Calcium <= 101.060) | HCO3 <= 104.823)
",9999999.000,9999999.000,0.000,1.000,0.000,0,0,23,0,0,23,23,0,0.0,0.0,1.0,0.0,0.0,1.0
"G[2,2](HR >= 3.018 -> Temp <= 34.087)
",-2398670962609123.000,-34.087,0.000,1.000,0.000,0,0,23,0,0,23,23,0,0.0,0.0,1.0,0.0,0.0,1.0
"G[0,2](((DBP <= 70.134 -> PaCO2 >= 1.137) | WBC >= 0.337) -> BaseExcess >= 4.936)
",9999999.000,9999999.000,0.000,1.000,0.000,0,0,7,16,16,7,7,16,0.0,0.0,1.0,0.0,0.0,1.0
"G[0,2](((Creatinine >= 0.011 -> HR >= 0.352) -> DBP <= 71.252) & Temp >= 6.131)
",9999999.000,9999999.000,0.000,1.000,0.000,0,0,0,23,23,0,0,23,0.0,0.0,0.0,0.0,0.0,1.0
"G[0,2]((HR <= 70.019 -> Platelets <= 74.261) & WBC <= 166.206)
",9999999.000,9999999.000,0.000,1.000,0.000,0,0,22,1,1,22,22,1,0.0,0.0,1.0,0.0,0.0,1.0
"G[2,2]((Calcium >= 0.014 | HR >= 2.920) -> SaO2 >= 3.565)
",0.014,0.014,0.000,1.000,0.000,0,0,23,0,0,23,23,0,0.0,0.0,1.0,0.0,0.0,1.0
"G[2,2]((Resp <= 15.567 -> WBC >= 0.070) | Hgb <= 8.686)
",4889826313794796.000,8.686,0.000,1.000,0.000,0,0,23,0,0,23,23,0,0.0,0.0,1.0,0.0,0.0,1.0
"G[1,2]((Chloride >= 2.120 | Resp <= 19.348) -> WBC <= 15.765)
",9999999.000,9999999.000,0.000,1.000,0.000,0,0,23,0,0,23,23,0,0.0,0.0,1.0,0.0,0.0,1.0
"G[1,2]((Magnesium <= 1.483 & Resp >= 10.939) | DBP <= 17.907)
",9999999.000,9999999.000,0.000,1.000,0.000,0,0,23,0,0,23,23,0,0.0,0.0,1.0,0.0,0.0,1.0
"G[2,2](Phosphate >= 0.009 | Resp >= 11.740)
",-5371218828708977.000,-0.009,0.000,1.000,0.000,0,0,23,0,0,23,23,0,0.0,0.0,1.0,0.0,0.0,1.0
"G[2,2]((Hct >= 0.677 | Resp >= 11.655) | FiO2 <= 17.151)
",4827684221639521.000,17.151,0.000,1.000,0.000,0,0,23,0,0,23,23,0,0.0,0.0,1.0,0.0,0.0,1.0
"G[1,2](((Glucose <= 99.611 | Temp <= 24.297) | SBP <= 22.085) -> Chloride >= 2.001)
",9999999.000,9999999.000,0.000,1.000,0.000,0,0,1,22,22,1,1,22,0.0,0.0,1.0,0.0,0.0,1.0
"G[1,2](((Glucose >= 5.722 | Resp <= 19.793) -> HCO3 <= 18.905) | HCO3 <= 19.779)
",9999999.000,9999999.000,0.000,1.000,0.000,0,0,23,0,0,23,23,0,0.0,0.0,1.0,0.0,0.0,1.0
"G[1,2](((pH >= 0.245 | SBP >= 64.262) -> Hct <= 152.770) | SBP <= 118.334)
",9999999.000,9999999.000,0.000,1.000,0.000,0,0,23,0,0,23,23,0,0.0,0.0,1.0,0.0,0.0,1.0
"G[0,2]((SBP <= 106.550 -> Temp <= 13.889) | O2Sat <= 13.285)
",9999999.000,9999999.000,0.000,1.000,0.000,0,0,20,3,3,20,20,3,0.0,0.0,1.0,0.0,0.0,1.0
"G[0,2]((Temp <= 22.976 & WBC <= 1.131) & Platelets <= 6.985)
",9999999.000,9999999.000,0.000,1.000,0.000,0,0,11,12,12,11,11,12,0.0,0.0,1.0,0.0,0.0,1.0
"G[1,1]((Chloride >= 0.722 | Temp <= 25.118) & Fibrinogen >= 3.545)
",-3.545,-3.545,0.000,1.000,0.000,0,0,1,22,22,1,1,22,0.0,0.0,1.0,0.0,0.0,1.0
"G[0,2](((HR <= 74.448 | pH <= 3.581) & pH <= 3.278) -> MAP <= 1.421)
",9999999.000,9999999.000,0.000,1.000,0.000,0,0,1,22,22,1,1,22,0.0,0.0,1.0,0.0,0.0,1.0
"G[1,2](MAP <= 92.843 -> Glucose <= 78.726)
",9999999.000,9999999.000,0.000,1.000,0.000,0,0,22,1,1,22,22,1,0.0,0.0,1.0,0.0,0.0,1.0
