Rule,Discrimination Score,Pos Robustness,Neg Robustness,Percent Class +,Percent Class -,TP,TN,FP,FN,Actual Yes,Actual No,Predicted Yes,Predicted No,TPR/Sens,TNR/Spec,FPR,Precision,Accuracy,MCR
"G[0,1]((BaseExcess >= -0.386 -> Chloride >= 4.890) | WBC <= 32.973)
",9999999.000,9999999.000,0.000,1.000,0.000,13,0,0,0,13,0,13,0,1.0,0.0,0.0,1.0,1.0,0.0
"G[1,1](FiO2 < 0.627 -> SepsisLabel = 0.000)
",-5651654997998842.000,-0.627,0.000,1.000,0.000,13,0,0,0,13,0,13,0,1.0,0.0,0.0,1.0,1.0,0.0
"G[0,1](BaseExcess >= -0.435 -> SepsisLabel = 0.000)
",9999999.000,9999999.000,0.000,1.000,0.000,13,0,0,0,13,0,13,0,1.0,0.0,0.0,1.0,1.0,0.0
"G[1,1](Potassium > 0.562 -> SepsisLabel = 0.000)
",0.000,0.000,0.000,1.000,0.000,13,0,0,0,13,0,13,0,1.0,0.0,0.0,1.0,1.0,0.0
"G[0,1]((Hgb <= 5.660 | BaseExcess >= -0.657) & FiO2 >= -0.695)
",9999999.000,9999999.000,0.000,1.000,0.000,13,0,0,0,13,0,13,0,1.0,0.0,0.0,1.0,1.0,0.0
"G[0,1](((O2Sat <= 97.482 & SBP <= 106.242) | SaO2 >= 72.510) -> PaCO2 <= 119.272)
",9999999.000,9999999.000,0.000,1.000,0.000,13,0,0,0,13,0,13,0,1.0,0.0,0.0,1.0,1.0,0.0
"G[0,1](((Calcium >= 0.228 | SepsisLabel <= 0.000) | Platelets <= 0.000) | Fibrinogen >= 0.000)
",9999999.000,9999999.000,0.000,1.000,0.000,13,0,0,0,13,0,13,0,1.0,0.0,0.0,1.0,1.0,0.0
"G[0,0](((Hgb <= 8.841 & PaCO2 >= 3.651) | TroponinI >= 2.070) | Potassium <= 15.140)
",4261485652561274.500,15.140,0.000,1.000,0.000,13,0,0,0,13,0,13,0,1.0,0.0,0.0,1.0,1.0,0.0
"G[0,1](((Creatinine >= 0.013 | O2Sat <= 99.802) & BUN <= 97.566) -> AST <= 99.224)
",9999999.000,9999999.000,0.000,1.000,0.000,13,0,0,0,13,0,13,0,1.0,0.0,0.0,1.0,1.0,0.0
"G[1,1](((SBP <= 92.324 | WBC <= 3.205) -> HCO3 <= 7.812) | Platelets <= 13.290)
",13.290,13.290,0.000,1.000,0.000,13,0,0,0,13,0,13,0,1.0,0.0,0.0,1.0,1.0,0.0
"G[0,0]((Bilirubin_total >= 0.000 -> EtCO2 >= 0.000) | Temp <= 0.000)
",-6.529,-20.000,0.000,1.000,0.000,13,0,0,0,13,0,13,0,1.0,0.0,0.0,1.0,1.0,0.0
"G[0,0](FiO2 >= 0.027 -> PaCO2 <= 35.665)
",-9.111,-32.817,0.000,1.000,0.000,13,0,0,0,13,0,13,0,1.0,0.0,0.0,1.0,1.0,0.0
"G[0,1](((Calcium >= 0.029 & Resp >= 16.454) & HR >= 18.221) | Calcium <= 21.063)
",9999999.000,9999999.000,0.000,1.000,0.000,13,0,0,0,13,0,13,0,1.0,0.0,0.0,1.0,1.0,0.0
"G[0,0](MAP > 30.485 & SepsisLabel = 0.000)
",-0.548,-7.035,0.000,1.000,0.000,13,0,0,0,13,0,13,0,1.0,0.0,0.0,1.0,1.0,0.0
"G[0,1](WBC > 1.691 -> SepsisLabel = 0.000)
",9999999.000,9999999.000,0.000,1.000,0.000,13,0,0,0,13,0,13,0,1.0,0.0,0.0,1.0,1.0,0.0
"G[0,1](HCO3 <= 5.245 -> SepsisLabel = 0.000)
",9999999.000,9999999.000,0.000,1.000,0.000,13,0,0,0,13,0,13,0,1.0,0.0,0.0,1.0,1.0,0.0
"G[1,1](Hct >= 7.161 -> SepsisLabel = 0.000)
",0.000,0.000,0.000,1.000,0.000,13,0,0,0,13,0,13,0,1.0,0.0,0.0,1.0,1.0,0.0
"G[0,1](((TroponinI <= 0.000 & FiO2 <= 0.630) -> HR >= 0.054) | MAP >= 0.121)
",9999999.000,9999999.000,0.000,1.000,0.000,13,0,0,0,13,0,13,0,1.0,0.0,0.0,1.0,1.0,0.0
"G[0,1](((AST <= 0.000 & Bilirubin_total >= 0.000) -> EtCO2 >= 0.000) | Fibrinogen <= 0.000)
",9999999.000,9999999.000,0.000,1.000,0.000,13,0,0,0,13,0,13,0,1.0,0.0,0.0,1.0,1.0,0.0
"G[0,0](WBC >= 1.712 -> SepsisLabel = 0.000)
",0.000,0.000,0.000,1.000,0.000,13,0,0,0,13,0,13,0,1.0,0.0,0.0,1.0,1.0,0.0
"G[0,1](((MAP >= 32.321 -> Temp >= 16.348) -> Magnesium >= 10.283) | Fibrinogen <= 34.145)
",9999999.000,9999999.000,0.000,1.000,0.000,13,0,0,0,13,0,13,0,1.0,0.0,0.0,1.0,1.0,0.0
"G[0,0](((Chloride >= 5.457 -> Potassium >= 0.248) | pH >= 0.431) | BaseExcess >= 0.458)
",33.818,0.252,0.000,1.000,0.000,13,0,0,0,13,0,13,0,1.0,0.0,0.0,1.0,1.0,0.0
"G[0,0](((DBP <= 59.126 & MAP <= 89.594) | SepsisLabel <= 81.231) -> HR >= 4.001)
",-4593209517942047.000,-8354.999,0.000,1.000,0.000,13,0,0,0,13,0,13,0,1.0,0.0,0.0,1.0,1.0,0.0
"G[0,0]((BUN >= 1.025 & Magnesium <= 0.288) -> FiO2 <= 1.835)
",-1.180,-1.350,0.000,1.000,0.000,13,0,0,0,13,0,13,0,1.0,0.0,0.0,1.0,1.0,0.0
"G[1,1](((Chloride >= 2.339 | WBC >= 1.126) & PTT >= 0.875) -> Resp <= 17.742)
",-2496975079054233.000,-17.742,0.000,1.000,0.000,13,0,0,0,13,0,13,0,1.0,0.0,0.0,1.0,1.0,0.0
"G[0,1](((Chloride >= 8.461 & Hgb <= 6.552) & Hgb <= 6.699) -> Hct >= 0.953)
",9999999.000,9999999.000,0.000,1.000,0.000,13,0,0,0,13,0,13,0,1.0,0.0,0.0,1.0,1.0,0.0
"G[0,0](Potassium >= 0.391 | Alkalinephos <= 0.000)
",-0.426,-0.060,0.000,1.000,0.000,13,0,0,0,13,0,13,0,1.0,0.0,0.0,1.0,1.0,0.0
"G[0,0](((Hct >= 3.347 -> AST >= 0.000) | Alkalinephos <= 0.000) | MAP <= 0.000)
",0.000,0.000,0.000,1.000,0.000,13,0,0,0,13,0,13,0,1.0,0.0,0.0,1.0,1.0,0.0
"G[0,1](((Bilirubin_total <= 0.000 -> AST <= 0.000) | EtCO2 <= 0.000) | BaseExcess >= 0.000)
",9999999.000,9999999.000,0.000,1.000,0.000,13,0,0,0,13,0,13,0,1.0,0.0,0.0,1.0,1.0,0.0
"G[0,1]((EtCO2 <= 0.000 | Bilirubin_total >= 0.000) & AST >= 0.000)
",9999999.000,9999999.000,0.000,1.000,0.000,13,0,0,0,13,0,13,0,1.0,0.0,0.0,1.0,1.0,0.0
"G[0,1](((Glucose >= 23.364 -> Temp >= 14.607) -> Magnesium <= 28.803) | Lactate >= 16.262)
",9999999.000,9999999.000,0.000,1.000,0.000,13,0,0,0,13,0,13,0,1.0,0.0,0.0,1.0,1.0,0.0
"G[0,1](((Potassium >= 0.412 & SaO2 <= 22.929) & Resp <= 58.376) -> Resp <= 35.678)
",9999999.000,9999999.000,0.000,1.000,0.000,13,0,0,0,13,0,13,0,1.0,0.0,0.0,1.0,1.0,0.0
"G[0,1]((PaCO2 <= 17.977 -> SBP >= 77.212) -> HCO3 <= 97.904)
",9999999.000,9999999.000,0.000,1.000,0.000,13,0,0,0,13,0,13,0,1.0,0.0,0.0,1.0,1.0,0.0
"G[0,1](((Resp <= 23.326 -> HR >= 73.825) | Temp >= 68.727) | PaCO2 <= 79.037)
",9999999.000,9999999.000,0.000,1.000,0.000,13,0,0,0,13,0,13,0,1.0,0.0,0.0,1.0,1.0,0.0
"G[0,1]((Bilirubin_total <= 0.000 & SepsisLabel <= 0.000) | SBP <= 0.000)
",9999999.000,9999999.000,0.000,1.000,0.000,13,0,0,0,13,0,13,0,1.0,0.0,0.0,1.0,1.0,0.0
"G[0,1](Phosphate < 1.929 -> SepsisLabel = 0.000)
",9999999.000,9999999.000,0.000,1.000,0.000,13,0,0,0,13,0,13,0,1.0,0.0,0.0,1.0,1.0,0.0
"G[0,1](((BaseExcess >= -0.189 | O2Sat <= 98.220) & Phosphate <= 96.786) | SepsisLabel >= 91.013)
",9999999.000,9999999.000,0.000,1.000,0.000,12,0,0,1,13,0,12,1,0.9230769230769231,0.0,0.0,1.0,0.9230769230769231,0.07692307692307687
"G[0,1](((O2Sat <= 99.936 | Resp >= 16.931) -> Hct <= 23.271) -> MAP >= 14.162)
",9999999.000,9999999.000,0.000,1.000,0.000,12,0,0,1,13,0,12,1,0.9230769230769231,0.0,0.0,1.0,0.9230769230769231,0.07692307692307687
"G[0,1]((Bilirubin_direct <= 0.000 | Hct >= 6.656) & Platelets <= 29.763)
",9999999.000,9999999.000,0.000,1.000,0.000,12,0,0,1,13,0,12,1,0.9230769230769231,0.0,0.0,1.0,0.9230769230769231,0.07692307692307687
"G[0,1](((Creatinine >= 0.004 -> DBP <= 57.091) | Magnesium >= 10.047) | Lactate >= 33.966)
",9999999.000,9999999.000,0.000,1.000,0.000,12,0,0,1,13,0,12,1,0.9230769230769231,0.0,0.0,1.0,0.9230769230769231,0.07692307692307687
"G[1,1](((BUN <= 6.228 | Lactate >= 0.058) | pH >= 0.022) & Bilirubin_total <= 0.844)
",7603379128559791.000,0.844,0.000,1.000,0.000,12,0,0,1,13,0,12,1,0.9230769230769231,0.0,0.0,1.0,0.9230769230769231,0.07692307692307687
"G[0,0](FiO2 >= 0.133 -> Hct <= 13.030)
",-4.230,-14.466,0.000,1.000,0.000,12,0,0,1,13,0,12,1,0.9230769230769231,0.0,0.0,1.0,0.9230769230769231,0.07692307692307687
"G[1,1](((Fibrinogen >= 0.000 -> Phosphate >= 0.040) | Chloride <= 0.276) & WBC <= 1.878)
",2485166291468335.000,0.276,0.000,1.000,0.000,12,0,0,1,13,0,12,1,0.9230769230769231,0.0,0.0,1.0,0.9230769230769231,0.07692307692307687
"G[0,1]((BaseExcess >= -1.000 & Platelets <= 156.953) | Lactate >= 5.224)
",9999999.000,9999999.000,0.000,1.000,0.000,12,0,0,1,13,0,12,1,0.9230769230769231,0.0,0.0,1.0,0.9230769230769231,0.07692307692307687
"G[1,1](Chloride <= 57.812 & HR <= 79.310)
",8136341215092095.000,57.812,0.000,1.000,0.000,11,0,0,2,13,0,11,2,0.8461538461538461,0.0,0.0,1.0,0.8461538461538461,0.15384615384615385
"G[1,1](Hct >= 7.194 | MAP >= 71.967)
",-4049632831878282.500,-7.194,0.000,1.000,0.000,11,0,0,2,13,0,11,2,0.8461538461538461,0.0,0.0,1.0,0.8461538461538461,0.15384615384615385
"G[0,1](SaO2 <= 81.699 | FiO2 >= 0.157)
",9999999.000,9999999.000,0.000,1.000,0.000,11,0,0,2,13,0,11,2,0.8461538461538461,0.0,0.0,1.0,0.8461538461538461,0.15384615384615385
"G[1,1](MAP >= 30.547 -> Potassium <= 0.941)
",-4239196610976752.500,-0.941,0.000,1.000,0.000,11,0,0,2,13,0,11,2,0.8461538461538461,0.0,0.0,1.0,0.8461538461538461,0.15384615384615385
"G[0,1](Lactate >= 0.006 | Magnesium <= 0.469)
",9999999.000,9999999.000,0.000,1.000,0.000,11,0,0,2,13,0,11,2,0.8461538461538461,0.0,0.0,1.0,0.8461538461538461,0.15384615384615385
"G[0,1](Magnesium <= 1.663 | HR <= 78.812)
",9999999.000,9999999.000,0.000,1.000,0.000,11,0,0,2,13,0,11,2,0.8461538461538461,0.0,0.0,1.0,0.8461538461538461,0.15384615384615385
"G[1,1](((Hgb >= 1.115 | Platelets <= 16.154) | Lactate <= 160.415) & DBP >= 3.142)
",-3.142,-3.142,0.000,1.000,0.000,10,0,0,3,13,0,10,3,0.7692307692307693,0.0,0.0,1.0,0.7692307692307693,0.23076923076923073
"G[1,1](Fibrinogen <= 0.000 -> DBP >= 18.539)
",0.000,0.000,0.000,1.000,0.000,10,0,0,3,13,0,10,3,0.7692307692307693,0.0,0.0,1.0,0.7692307692307693,0.23076923076923073
"G[0,1](((HCO3 >= 2.493 | Resp >= 16.700) | HR <= 20.751) -> Glucose <= 24.782)
",9999999.000,9999999.000,0.000,1.000,0.000,10,0,0,3,13,0,10,3,0.7692307692307693,0.0,0.0,1.0,0.7692307692307693,0.23076923076923073
"G[0,1](((Calcium >= 0.018 | SaO2 <= 54.898) & AST <= 37.089) & Bilirubin_total <= 75.862)
",9999999.000,9999999.000,0.000,1.000,0.000,10,0,0,3,13,0,10,3,0.7692307692307693,0.0,0.0,1.0,0.7692307692307693,0.23076923076923073
"G[0,1](((SepsisLabel >= 0.000 & Bilirubin_total >= 0.000) & EtCO2 <= 0.000) & Hgb <= 0.000)
",9999999.000,9999999.000,0.000,1.000,0.000,10,0,0,3,13,0,10,3,0.7692307692307693,0.0,0.0,1.0,0.7692307692307693,0.23076923076923073
"G[0,1]((Bilirubin_direct <= 0.000 -> WBC <= 12.694) | PTT >= 0.304)
",9999999.000,9999999.000,0.000,1.000,0.000,10,0,0,3,13,0,10,3,0.7692307692307693,0.0,0.0,1.0,0.7692307692307693,0.23076923076923073
"G[0,1](FiO2 <= 0.445 | Resp <= 20.726)
",9999999.000,9999999.000,0.000,1.000,0.000,10,0,0,3,13,0,10,3,0.7692307692307693,0.0,0.0,1.0,0.7692307692307693,0.23076923076923073
"G[1,1](((Magnesium <= 0.428 & SaO2 >= 12.983) | Creatinine <= 26.602) & DBP >= 14.718)
",-8285319212345108.000,-14.718,0.000,1.000,0.000,10,0,0,3,13,0,10,3,0.7692307692307693,0.0,0.0,1.0,0.7692307692307693,0.23076923076923073
"G[1,1](Creatinine >= 0.018 | O2Sat <= 95.388)
",6712338639816065.000,95.388,0.000,1.000,0.000,10,0,0,3,13,0,10,3,0.7692307692307693,0.0,0.0,1.0,0.7692307692307693,0.23076923076923073
"G[0,1](Hgb >= 0.635 -> PaCO2 >= 3.762)
",9999999.000,9999999.000,0.000,1.000,0.000,10,0,0,3,13,0,10,3,0.7692307692307693,0.0,0.0,1.0,0.7692307692307693,0.23076923076923073
"G[0,1](Chloride <= 40.400 & SepsisLabel = 0.000)
",9999999.000,9999999.000,0.000,1.000,0.000,10,0,0,3,13,0,10,3,0.7692307692307693,0.0,0.0,1.0,0.7692307692307693,0.23076923076923073
"G[0,1]((Temp <= 29.582 & SaO2 >= 14.702) | Temp <= 37.120)
",9999999.000,9999999.000,0.000,1.000,0.000,9,0,0,4,13,0,9,4,0.6923076923076923,0.0,0.0,1.0,0.6923076923076923,0.3076923076923077
"G[0,1](DBP >= 37.605 & Platelets <= 50.359)
",9999999.000,9999999.000,0.000,1.000,0.000,9,0,0,4,13,0,9,4,0.6923076923076923,0.0,0.0,1.0,0.6923076923076923,0.3076923076923077
"G[0,1](Temp >= 10.618 & PTT >= 0.000)
",9999999.000,9999999.000,0.000,1.000,0.000,9,0,0,4,13,0,9,4,0.6923076923076923,0.0,0.0,1.0,0.6923076923076923,0.3076923076923077
"G[1,1](Temp <= 34.614 -> WBC >= 0.074)
",-4871478093509815.000,-34.614,0.000,1.000,0.000,9,0,0,4,13,0,9,4,0.6923076923076923,0.0,0.0,1.0,0.6923076923076923,0.3076923076923077
"G[1,1]((Hgb >= 0.128 -> SaO2 <= 51.304) -> Temp >= 17.861)
",17.861,17.861,0.000,1.000,0.000,9,0,0,4,13,0,9,4,0.6923076923076923,0.0,0.0,1.0,0.6923076923076923,0.3076923076923077
"G[0,1](pH <= 2.674 | SBP <= 98.126)
",9999999.000,9999999.000,0.000,1.000,0.000,8,0,0,5,13,0,8,5,0.6153846153846154,0.0,0.0,1.0,0.6153846153846154,0.3846153846153846
"G[0,1](O2Sat <= 95.433 & SaO2 <= 81.596)
",9999999.000,9999999.000,0.000,1.000,0.000,6,0,0,7,13,0,6,7,0.46153846153846156,0.0,0.0,1.0,0.46153846153846156,0.5384615384615384
"G[0,1](O2Sat >= 94.402 -> Potassium >= 0.474)
",9999999.000,9999999.000,0.000,1.000,0.000,6,0,0,7,13,0,6,7,0.46153846153846156,0.0,0.0,1.0,0.46153846153846156,0.5384615384615384
"G[0,1](((Glucose >= 1.996 & Potassium <= 2.902) | SBP >= 0.468) -> FiO2 >= 0.115)
",9999999.000,9999999.000,0.000,1.000,0.000,5,0,0,8,13,0,5,8,0.38461538461538464,0.0,0.0,1.0,0.38461538461538464,0.6153846153846154
"G[1,1]((HR <= 77.967 & Temp <= 28.878) & PTT <= 28.994)
",8128465231515889.000,28.878,0.000,1.000,0.000,4,0,0,9,13,0,4,9,0.3076923076923077,0.0,0.0,1.0,0.3076923076923077,0.6923076923076923
"G[1,1]((HCO3 <= 9.567 & PaCO2 >= 4.297) | DBP <= 10.251)
",10.251,10.251,0.000,1.000,0.000,4,0,0,9,13,0,4,9,0.3076923076923077,0.0,0.0,1.0,0.3076923076923077,0.6923076923076923
"G[0,0](Potassium <= 2.892 & SBP <= 92.958)
",2.892,2.892,0.000,1.000,0.000,3,0,0,10,13,0,3,10,0.23076923076923078,0.0,0.0,1.0,0.23076923076923078,0.7692307692307692
"G[1,1]((Temp >= 0.612 & pH >= 1.204) & SepsisLabel <= 2.674)
",-1.204,-1.204,0.000,1.000,0.000,3,0,0,10,13,0,3,10,0.23076923076923078,0.0,0.0,1.0,0.23076923076923078,0.7692307692307692
"G[0,0](SaO2 >= 1.982 & SepsisLabel = 0.000)
",-3.464,-1.829,0.000,1.000,0.000,3,0,0,10,13,0,3,10,0.23076923076923078,0.0,0.0,1.0,0.23076923076923078,0.7692307692307692
"G[0,1]((Chloride <= 59.730 -> O2Sat >= 95.062) & Platelets <= 99.234)
",9999999.000,9999999.000,0.000,1.000,0.000,3,0,0,10,13,0,3,10,0.23076923076923078,0.0,0.0,1.0,0.23076923076923078,0.7692307692307692
"G[1,1](BUN >= 0.377 | PaCO2 >= 3.133)
",-0.377,-0.377,0.000,1.000,0.000,2,0,0,11,13,0,2,11,0.15384615384615385,0.0,0.0,1.0,0.15384615384615385,0.8461538461538461
"G[0,0](Chloride >= 1.795 & HCO3 >= 1.659)
",-8.081,-1.861,0.000,1.000,0.000,2,0,0,11,13,0,2,11,0.15384615384615385,0.0,0.0,1.0,0.15384615384615385,0.8461538461538461
"G[0,0](Platelets <= 85.318 -> WBC >= 1.928)
",-6003703543758574.000,-85.318,0.000,1.000,0.000,2,0,0,11,13,0,2,11,0.15384615384615385,0.0,0.0,1.0,0.15384615384615385,0.8461538461538461
"G[0,0](Platelets <= 39.794 -> WBC >= 1.212)
",-39.794,-39.794,0.000,1.000,0.000,2,0,0,11,13,0,2,11,0.15384615384615385,0.0,0.0,1.0,0.15384615384615385,0.8461538461538461
"G[0,1](((Glucose <= 24.598 | Resp >= 14.802) -> WBC <= 20.547) -> Hct >= 16.394)
",9999999.000,9999999.000,0.000,1.000,0.000,1,0,0,12,13,0,1,12,0.07692307692307693,0.0,0.0,1.0,0.07692307692307693,0.9230769230769231
"G[0,0]((DBP <= 60.233 | WBC <= 7.472) -> AST >= 0.026)
",-0.847,-31.916,0.000,1.000,0.000,1,0,0,12,13,0,1,12,0.07692307692307693,0.0,0.0,1.0,0.07692307692307693,0.9230769230769231
"G[1,1](Chloride >= 4.254 & HCO3 >= 1.664)
",-4789250800945382.000,-4.254,0.000,1.000,0.000,1,0,0,12,13,0,1,12,0.07692307692307693,0.0,0.0,1.0,0.07692307692307693,0.9230769230769231
"G[0,1](Potassium >= 0.525 & SepsisLabel = 0.000)
",9999999.000,9999999.000,0.000,1.000,0.000,1,0,0,12,13,0,1,12,0.07692307692307693,0.0,0.0,1.0,0.07692307692307693,0.9230769230769231
"G[0,1]((DBP <= 67.594 & FiO2 >= 0.144) & DBP >= 0.091)
",9999999.000,9999999.000,0.000,1.000,0.000,1,0,0,12,13,0,1,12,0.07692307692307693,0.0,0.0,1.0,0.07692307692307693,0.9230769230769231
"G[1,1]((MAP <= 86.067 -> Phosphate <= 1.908) -> Phosphate >= 0.006)
",0.006,0.006,0.000,1.000,0.000,1,0,0,12,13,0,1,12,0.07692307692307693,0.0,0.0,1.0,0.07692307692307693,0.9230769230769231
"G[0,1](((Hct >= 3.392 -> BaseExcess <= -0.017) -> O2Sat <= -0.024) | TroponinI <= -0.027)
",9999999.000,9999999.000,0.000,1.000,0.000,1,0,0,12,13,0,1,12,0.07692307692307693,0.0,0.0,1.0,0.07692307692307693,0.9230769230769231
"G[0,1](((O2Sat <= 96.677 | PaCO2 >= 2.449) | PaCO2 <= 16.371) -> Glucose >= 3.125)
",9999999.000,9999999.000,0.000,1.000,0.000,1,0,0,12,13,0,1,12,0.07692307692307693,0.0,0.0,1.0,0.07692307692307693,0.9230769230769231
"G[0,1](Hct > 0.782 & SepsisLabel = 0.000)
",9999999.000,9999999.000,0.000,1.000,0.000,1,0,0,12,13,0,1,12,0.07692307692307693,0.0,0.0,1.0,0.07692307692307693,0.9230769230769231
"G[0,1]((BUN <= 11.667 & Platelets >= 2.270) | PaCO2 >= 2.590)
",9999999.000,9999999.000,0.000,1.000,0.000,1,0,0,12,13,0,1,12,0.07692307692307693,0.0,0.0,1.0,0.07692307692307693,0.9230769230769231
"G[1,1]((BUN >= 0.440 -> Glucose >= 5.813) -> Fibrinogen >= 1.005)
",-7918374127291553.000,-0.440,0.000,1.000,0.000,0,0,0,13,13,0,0,13,0.0,0.0,0.0,0.0,0.0,1.0
"G[0,1](((Hgb <= 11.580 | Hct <= 24.005) -> WBC >= 1.365) & Platelets >= 2.245)
",9999999.000,9999999.000,0.000,1.000,0.000,0,0,0,13,13,0,0,13,0.0,0.0,0.0,0.0,0.0,1.0
"G[2,2]((Calcium >= 0.070 & HR <= 78.243) | Calcium >= 66.672)
",-0.070,-0.070,0.000,1.000,0.000,0,0,13,0,0,13,13,0,0.0,0.0,1.0,0.0,0.0,1.0
"G[1,2](((WBC >= 0.515 & Chloride >= 7.198) | Phosphate >= 10.447) | PTT >= 4.289)
",9999999.000,9999999.000,0.000,1.000,0.000,0,0,1,12,12,1,1,12,0.0,0.0,1.0,0.0,0.0,1.0
"G[1,2]((Potassium >= 0.535 -> HR <= 75.670) & PaCO2 >= 73.270)
",9999999.000,9999999.000,0.000,1.000,0.000,0,0,0,13,13,0,0,13,0.0,0.0,0.0,0.0,0.0,1.0
"G[1,2]((Phosphate <= 0.676 -> EtCO2 <= 0.000) & AST <= 0.000)
",9999999.000,9999999.000,0.000,1.000,0.000,0,0,13,0,0,13,13,0,0.0,0.0,1.0,0.0,0.0,1.0
"G[1,2]((HCO3 <= 23.972 -> PTT <= 0.000) | O2Sat <= 0.000)
",9999999.000,9999999.000,0.000,1.000,0.000,0,0,13,0,0,13,13,0,0.0,0.0,1.0,0.0,0.0,1.0
"G[1,2]((EtCO2 <= 0.000 -> Phosphate <= 1.337) -> BaseExcess <= 1.372)
",9999999.000,9999999.000,0.000,1.000,0.000,0,0,13,0,0,13,13,0,0.0,0.0,1.0,0.0,0.0,1.0
"G[0,1](BUN <= 12.269 & Creatinine >= 0.020)
",9999999.000,9999999.000,0.000,1.000,0.000,0,0,0,13,13,0,0,13,0.0,0.0,0.0,0.0,0.0,1.0
"G[0,1](Creatinine >= 0.006 & Phosphate <= 1.615)
",9999999.000,9999999.000,0.000,1.000,0.000,0,0,0,13,13,0,0,13,0.0,0.0,0.0,0.0,0.0,1.0
"G[1,2](Chloride >= 10.312 & HCO3 >= 1.624)
",9999999.000,9999999.000,0.000,1.000,0.000,0,0,1,12,12,1,1,12,0.0,0.0,1.0,0.0,0.0,1.0
"G[0,1](((DBP >= 47.010 -> O2Sat >= 94.023) -> Chloride <= 98.748) & Bilirubin_direct >= 91.345)
",9999999.000,9999999.000,0.000,1.000,0.000,0,0,0,13,13,0,0,13,0.0,0.0,0.0,0.0,0.0,1.0
"G[1,2](((Hgb <= 5.502 | Hct <= 10.972) -> WBC >= 1.487) & Platelets >= 0.507)
",9999999.000,9999999.000,0.000,1.000,0.000,0,0,1,12,12,1,1,12,0.0,0.0,1.0,0.0,0.0,1.0
"G[1,2]((BUN <= 2.431 | MAP >= 60.095) & Hct <= 87.908)
",9999999.000,9999999.000,0.000,1.000,0.000,0,0,13,0,0,13,13,0,0.0,0.0,1.0,0.0,0.0,1.0
"G[2,2]((DBP <= 72.394 | PTT >= 0.000) | BUN >= 0.000)
",5094245819401559.000,72.394,0.000,1.000,0.000,0,0,13,0,0,13,13,0,0.0,0.0,1.0,0.0,0.0,1.0
"G[1,1](BUN <= 11.779 & Creatinine >= 0.007)
",-4124191291841735.500,-0.007,0.000,1.000,0.000,0,0,0,13,13,0,0,13,0.0,0.0,0.0,0.0,0.0,1.0
"G[0,2](((Phosphate >= 0.025 | Bilirubin_direct <= 0.000) | DBP <= 0.000) | pH >= 0.000)
",9999999.000,9999999.000,0.000,1.000,0.000,0,0,13,0,0,13,13,0,0.0,0.0,1.0,0.0,0.0,1.0
"G[1,2](Platelets <= 70.363 -> WBC >= 0.351)
",9999999.000,9999999.000,0.000,1.000,0.000,0,0,1,12,12,1,1,12,0.0,0.0,1.0,0.0,0.0,1.0
"G[1,2]((PTT >= 0.000 | Creatinine >= 0.001) | Alkalinephos <= 0.342)
",9999999.000,9999999.000,0.000,1.000,0.000,0,0,13,0,0,13,13,0,0.0,0.0,1.0,0.0,0.0,1.0
"G[1,2]((Resp <= 24.703 & Potassium <= 1.523) | Fibrinogen >= 0.188)
",9999999.000,9999999.000,0.000,1.000,0.000,0,0,10,3,3,10,10,3,0.0,0.0,1.0,0.0,0.0,1.0
"G[1,2]((Platelets <= 171.134 | SBP <= 101.586) & Platelets >= 68.162)
",9999999.000,9999999.000,0.000,1.000,0.000,0,0,0,13,13,0,0,13,0.0,0.0,0.0,0.0,0.0,1.0
"G[0,2](((Hgb <= 10.091 | Hct <= 36.696) -> WBC >= 1.447) & Platelets >= 1.253)
",9999999.000,9999999.000,0.000,1.000,0.000,0,0,0,13,13,0,0,13,0.0,0.0,0.0,0.0,0.0,1.0
"G[0,2]((PaCO2 >= 0.001 -> Platelets <= 66.744) -> SBP >= 2.698)
",9999999.000,9999999.000,0.000,1.000,0.000,0,0,9,4,4,9,9,4,0.0,0.0,1.0,0.0,0.0,1.0
"G[0,1](Chloride >= 2.262 & HCO3 >= 0.661)
",9999999.000,9999999.000,0.000,1.000,0.000,0,0,0,13,13,0,0,13,0.0,0.0,0.0,0.0,0.0,1.0
"G[1,2]((HCO3 <= 13.969 | O2Sat >= 91.950) | BaseExcess >= 94.827)
",9999999.000,9999999.000,0.000,1.000,0.000,0,0,13,0,0,13,13,0,0.0,0.0,1.0,0.0,0.0,1.0
"G[0,2](((Chloride <= 83.671 | FiO2 <= 0.387) & Alkalinephos >= 0.139) | WBC >= 0.053)
",9999999.000,9999999.000,0.000,1.000,0.000,0,0,0,13,13,0,0,13,0.0,0.0,0.0,0.0,0.0,1.0
"G[1,2]((Lactate <= 0.831 -> Phosphate >= 0.048) -> HR <= 0.331)
",9999999.000,9999999.000,0.000,1.000,0.000,0,0,12,1,1,12,12,1,0.0,0.0,1.0,0.0,0.0,1.0
"G[0,0]((Phosphate >= 0.068 & Resp >= 17.933) & WBC >= 16.213)
",-22.917,-16.610,0.000,1.000,0.000,0,0,0,13,13,0,0,13,0.0,0.0,0.0,0.0,0.0,1.0
"G[1,2](BUN <= 5.610 & Creatinine >= 0.017)
",9999999.000,9999999.000,0.000,1.000,0.000,0,0,0,13,13,0,0,13,0.0,0.0,0.0,0.0,0.0,1.0
"G[0,2]((MAP >= 57.224 -> Resp >= 17.699) | SepsisLabel <= 21.534)
",9999999.000,9999999.000,0.000,1.000,0.000,0,0,13,0,0,13,13,0,0.0,0.0,1.0,0.0,0.0,1.0
"G[1,2](Lactate <= 1.545 | MAP >= 44.525)
",9999999.000,9999999.000,0.000,1.000,0.000,0,0,13,0,0,13,13,0,0.0,0.0,1.0,0.0,0.0,1.0
"G[1,2](MAP >= 64.580 | WBC <= 14.244)
",9999999.000,9999999.000,0.000,1.000,0.000,0,0,13,0,0,13,13,0,0.0,0.0,1.0,0.0,0.0,1.0
"G[1,1]((BUN >= 1.096 | MAP >= 11.538) & Bilirubin_direct >= 18.386)
",-5175263388054178.000,-18.386,0.000,1.000,0.000,0,0,0,13,13,0,0,13,0.0,0.0,0.0,0.0,0.0,1.0
"G[1,2]((Hgb <= 3.893 | MAP <= 80.881) | PaCO2 <= 83.646)
",9999999.000,9999999.000,0.000,1.000,0.000,0,0,13,0,0,13,13,0,0.0,0.0,1.0,0.0,0.0,1.0
"G[0,1](((Hgb <= 7.588 | Hct <= 10.694) -> WBC >= 1.781) & Platelets >= 3.545)
",9999999.000,9999999.000,0.000,1.000,0.000,0,0,0,13,13,0,0,13,0.0,0.0,0.0,0.0,0.0,1.0
"G[0,2](((O2Sat >= 93.569 | Temp >= 21.729) & HR >= 2.035) | Platelets <= 34.442)
",9999999.000,9999999.000,0.000,1.000,0.000,0,0,13,0,0,13,13,0,0.0,0.0,1.0,0.0,0.0,1.0
"G[0,1](Platelets <= 82.594 -> WBC >= 0.655)
",9999999.000,9999999.000,0.000,1.000,0.000,0,0,0,13,13,0,0,13,0.0,0.0,0.0,0.0,0.0,1.0
"G[0,2]((Hct <= 25.586 | BaseExcess <= -0.010) -> Alkalinephos <= -0.004)
",9999999.000,9999999.000,0.000,1.000,0.000,0,0,1,12,12,1,1,12,0.0,0.0,1.0,0.0,0.0,1.0
"G[0,2](((Chloride >= 0.278 | Glucose <= 37.348) & Resp >= 4.859) & FiO2 <= 99.961)
",9999999.000,9999999.000,0.000,1.000,0.000,0,0,11,2,2,11,11,2,0.0,0.0,1.0,0.0,0.0,1.0
"G[1,2](((EtCO2 >= 0.000 | SepsisLabel <= 0.000) -> Potassium <= 0.000) & BaseExcess >= 0.000)
",9999999.000,9999999.000,0.000,1.000,0.000,0,0,10,3,3,10,10,3,0.0,0.0,1.0,0.0,0.0,1.0
"G[0,1](HCO3 >= 0.360 & BUN <= 5.320)
",9999999.000,9999999.000,0.000,1.000,0.000,0,0,0,13,13,0,0,13,0.0,0.0,0.0,0.0,0.0,1.0
"G[0,2](((Resp >= 14.720 -> Lactate <= 0.889) | Phosphate >= 0.034) | AST <= 0.588)
",9999999.000,9999999.000,0.000,1.000,0.000,0,0,13,0,0,13,13,0,0.0,0.0,1.0,0.0,0.0,1.0
"G[0,2](((SaO2 <= 70.597 & Bilirubin_direct >= 0.000) | BUN >= 0.000) & pH <= 0.000)
",9999999.000,9999999.000,0.000,1.000,0.000,0,0,8,5,5,8,8,5,0.0,0.0,1.0,0.0,0.0,1.0
"G[2,2](Platelets <= 27.397 -> WBC >= 0.763)
",-7711461752980491.000,-27.397,0.000,1.000,0.000,0,0,13,0,0,13,13,0,0.0,0.0,1.0,0.0,0.0,1.0
"G[2,2](((MAP >= 25.222 & Resp >= 14.508) & pH >= 16.587) -> Glucose <= 24.884)
",-3502177330852735.000,-24.884,0.000,1.000,0.000,0,0,13,0,0,13,13,0,0.0,0.0,1.0,0.0,0.0,1.0
"G[0,2]((Magnesium >= 0.005 -> PaCO2 >= 4.155) & MAP <= 36.221)
",9999999.000,9999999.000,0.000,1.000,0.000,0,0,0,13,13,0,0,13,0.0,0.0,0.0,0.0,0.0,1.0
"G[1,2]((Glucose <= 110.335 -> Calcium <= 2.369) & Temp <= 4.240)
",9999999.000,9999999.000,0.000,1.000,0.000,0,0,4,9,9,4,4,9,0.0,0.0,1.0,0.0,0.0,1.0
"G[2,2]((Alkalinephos >= 0.000 & Platelets <= 134.213) -> Potassium >= 4.340)
",0.000,0.000,0.000,1.000,0.000,0,0,13,0,0,13,13,0,0.0,0.0,1.0,0.0,0.0,1.0
"G[0,2](((Phosphate <= 1.238 -> HR >= 71.775) | FiO2 >= 65.809) | Phosphate >= 71.825)
",9999999.000,9999999.000,0.000,1.000,0.000,0,0,7,6,6,7,7,6,0.0,0.0,1.0,0.0,0.0,1.0
"G[1,2]((O2Sat >= 94.372 -> Temp >= 25.671) & SaO2 <= 32.976)
",9999999.000,9999999.000,0.000,1.000,0.000,0,0,8,5,5,8,8,5,0.0,0.0,1.0,0.0,0.0,1.0
"G[0,2](Potassium <= 0.975 & EtCO2 >= 0.000)
",9999999.000,9999999.000,0.000,1.000,0.000,0,0,10,3,3,10,10,3,0.0,0.0,1.0,0.0,0.0,1.0
"G[2,2](BUN <= 10.831 & Creatinine >= 0.021)
",-5928878032614798.000,-0.021,0.000,1.000,0.000,0,0,13,0,0,13,13,0,0.0,0.0,1.0,0.0,0.0,1.0
"G[1,2](((WBC >= 1.232 | Creatinine <= 0.635) | HCO3 >= 0.008) & TroponinI <= 0.418)
",9999999.000,9999999.000,0.000,1.000,0.000,0,0,13,0,0,13,13,0,0.0,0.0,1.0,0.0,0.0,1.0
"G[1,2](((Hgb <= 9.162 | Hct <= 31.472) -> WBC >= 1.710) & Platelets >= 5.610)
",9999999.000,9999999.000,0.000,1.000,0.000,0,0,1,12,12,1,1,12,0.0,0.0,1.0,0.0,0.0,1.0
"G[0,2]((O2Sat >= 91.892 | Chloride >= 9.766) | Hct <= 36.532)
",9999999.000,9999999.000,0.000,1.000,0.000,0,0,13,0,0,13,13,0,0.0,0.0,1.0,0.0,0.0,1.0
"G[1,1]((SBP <= 89.567 | Phosphate <= 0.520) & AST >= 0.038)
",-5411936819255782.000,-0.038,0.000,1.000,0.000,0,0,0,13,13,0,0,13,0.0,0.0,0.0,0.0,0.0,1.0
"G[1,2]((AST <= 0.000 & Calcium <= 0.672) | AST >= 0.258)
",9999999.000,9999999.000,0.000,1.000,0.000,0,0,12,1,1,12,12,1,0.0,0.0,1.0,0.0,0.0,1.0
"G[1,2](Platelets <= 44.751 -> WBC >= 0.627)
",9999999.000,9999999.000,0.000,1.000,0.000,0,0,1,12,12,1,1,12,0.0,0.0,1.0,0.0,0.0,1.0
"G[0,2](Chloride >= 9.339 & HCO3 >= 0.377)
",9999999.000,9999999.000,0.000,1.000,0.000,0,0,0,13,13,0,0,13,0.0,0.0,0.0,0.0,0.0,1.0
"G[1,1](BUN <= 12.521 & Creatinine >= 0.010)
",-0.010,-0.010,0.000,1.000,0.000,0,0,0,13,13,0,0,13,0.0,0.0,0.0,0.0,0.0,1.0
"G[0,0](((Hgb <= 13.018 | Hct <= 22.282) -> WBC >= 0.988) & Platelets >= 2.388)
",-22.282,-22.282,0.000,1.000,0.000,0,0,0,13,13,0,0,13,0.0,0.0,0.0,0.0,0.0,1.0
"G[1,2](pH <= 3.051 | Alkalinephos >= 0.000)
",9999999.000,9999999.000,0.000,1.000,0.000,0,0,13,0,0,13,13,0,0.0,0.0,1.0,0.0,0.0,1.0
"G[1,1](((Hgb <= 2.951 & HR >= 68.821) & Bilirubin_direct <= 84.142) & AST >= 75.206)
",-5292132767091298.000,-75.206,0.000,1.000,0.000,0,0,0,13,13,0,0,13,0.0,0.0,0.0,0.0,0.0,1.0
"G[1,2]((pH <= 3.091 & SepsisLabel <= 0.000) & Hct <= 0.000)
",9999999.000,9999999.000,0.000,1.000,0.000,0,0,9,4,4,9,9,4,0.0,0.0,1.0,0.0,0.0,1.0
"G[0,0](((WBC >= 0.181 | Chloride <= 91.831) & BaseExcess >= 10.758) & Chloride <= 89.686)
",-10.758,-10.758,0.000,1.000,0.000,0,0,0,13,13,0,0,13,0.0,0.0,0.0,0.0,0.0,1.0
"G[2,2](Chloride >= 2.661 & HCO3 >= 1.190)
",-2.661,-2.661,0.000,1.000,0.000,0,0,13,0,0,13,13,0,0.0,0.0,1.0,0.0,0.0,1.0
"G[0,2](Platelets <= 52.410 -> WBC >= 0.513)
",9999999.000,9999999.000,0.000,1.000,0.000,0,0,0,13,13,0,0,13,0.0,0.0,0.0,0.0,0.0,1.0
"G[2,2](((Hgb <= 9.834 | Hct <= 37.674) -> WBC >= 0.184) & Platelets >= 7.041)
",-37.674,-37.674,0.000,1.000,0.000,0,0,13,0,0,13,13,0,0.0,0.0,1.0,0.0,0.0,1.0
"G[2,2]((EtCO2 <= 0.000 | AST <= 0.000) & Alkalinephos >= 0.000)
",0.000,0.000,0.000,1.000,0.000,0,0,13,0,0,13,13,0,0.0,0.0,1.0,0.0,0.0,1.0
"G[1,2](BUN <= 3.544 & Creatinine >= 0.010)
",9999999.000,9999999.000,0.000,1.000,0.000,0,0,0,13,13,0,0,13,0.0,0.0,0.0,0.0,0.0,1.0
"G[1,2](((TroponinI >= 0.000 -> BUN >= 0.496) & Lactate <= 12.583) & SBP >= 0.669)
",9999999.000,9999999.000,0.000,1.000,0.000,0,0,1,12,12,1,1,12,0.0,0.0,1.0,0.0,0.0,1.0
"G[2,2](MAP <= 84.303 -> AST <= 0.000)
",-2966154371384743.000,-84.303,0.000,1.000,0.000,0,0,13,0,0,13,13,0,0.0,0.0,1.0,0.0,0.0,1.0
"G[0,2]((Phosphate <= 1.888 & HR >= 70.191) | Resp <= 83.830)
",9999999.000,9999999.000,0.000,1.000,0.000,0,0,13,0,0,13,13,0,0.0,0.0,1.0,0.0,0.0,1.0
"G[0,2](Chloride >= 1.462 & HCO3 >= 1.387)
",9999999.000,9999999.000,0.000,1.000,0.000,0,0,0,13,13,0,0,13,0.0,0.0,0.0,0.0,0.0,1.0
"G[2,2]((pH >= 1.452 | SBP >= 20.674) -> Lactate <= 127.824)
",-4497394649466301.500,-127.824,0.000,1.000,0.000,0,0,13,0,0,13,13,0,0.0,0.0,1.0,0.0,0.0,1.0
"G[0,1](BUN <= 9.721 & Creatinine >= 0.020)
",9999999.000,9999999.000,0.000,1.000,0.000,0,0,0,13,13,0,0,13,0.0,0.0,0.0,0.0,0.0,1.0
"G[1,2](((Hgb <= 10.003 | Hct <= 28.977) -> WBC >= 1.575) & Platelets >= 0.810)
",9999999.000,9999999.000,0.000,1.000,0.000,0,0,1,12,12,1,1,12,0.0,0.0,1.0,0.0,0.0,1.0
"G[0,1]((WBC <= 14.199 -> Phosphate <= 1.427) & Bilirubin_direct >= 0.003)
",9999999.000,9999999.000,0.000,1.000,0.000,0,0,0,13,13,0,0,13,0.0,0.0,0.0,0.0,0.0,1.0
"G[1,2](Chloride >= 11.394 & HCO3 >= 0.590)
",9999999.000,9999999.000,0.000,1.000,0.000,0,0,1,12,12,1,1,12,0.0,0.0,1.0,0.0,0.0,1.0
"G[1,2](HR <= 84.249 & Alkalinephos >= 0.000)
",9999999.000,9999999.000,0.000,1.000,0.000,0,0,13,0,0,13,13,0,0.0,0.0,1.0,0.0,0.0,1.0
"G[0,2](SepsisLabel <= 0.000 | BUN <= 12.789)
",9999999.000,9999999.000,0.000,1.000,0.000,0,0,13,0,0,13,13,0,0.0,0.0,1.0,0.0,0.0,1.0
"G[1,2]((Bilirubin_total >= 0.000 | SaO2 >= 14.469) | AST <= 68.553)
",9999999.000,9999999.000,0.000,1.000,0.000,0,0,13,0,0,13,13,0,0.0,0.0,1.0,0.0,0.0,1.0
"G[1,2](BUN <= 7.987 & Creatinine >= 0.023)
",9999999.000,9999999.000,0.000,1.000,0.000,0,0,0,13,13,0,0,13,0.0,0.0,0.0,0.0,0.0,1.0
"G[0,1](((Hgb <= 10.164 | Hct <= 37.798) -> WBC >= 0.950) & Platelets >= 2.524)
",9999999.000,9999999.000,0.000,1.000,0.000,0,0,0,13,13,0,0,13,0.0,0.0,0.0,0.0,0.0,1.0
"G[2,2]((BaseExcess <= -0.025 -> Fibrinogen >= 0.000) & Hgb >= 0.000)
",0.000,0.000,0.000,1.000,0.000,0,0,13,0,0,13,13,0,0.0,0.0,1.0,0.0,0.0,1.0
"G[1,2](Platelets <= 18.048 -> WBC >= 0.759)
",9999999.000,9999999.000,0.000,1.000,0.000,0,0,1,12,12,1,1,12,0.0,0.0,1.0,0.0,0.0,1.0
"G[1,2](Chloride >= 8.469 & HCO3 >= 0.468)
",9999999.000,9999999.000,0.000,1.000,0.000,0,0,1,12,12,1,1,12,0.0,0.0,1.0,0.0,0.0,1.0
"G[2,2]((Hgb >= 1.458 -> Potassium >= 0.636) -> Glucose >= 0.057)
",-0.636,-0.636,0.000,1.000,0.000,0,0,13,0,0,13,13,0,0.0,0.0,1.0,0.0,0.0,1.0
"G[1,1](BUN <= 9.837 & Creatinine >= 0.006)
",-6402673897072145.000,-0.006,0.000,1.000,0.000,0,0,0,13,13,0,0,13,0.0,0.0,0.0,0.0,0.0,1.0
"G[0,2](((BaseExcess >= -0.295 -> Resp >= 13.698) & BaseExcess <= 23.281) | Chloride <= 24.287)
",9999999.000,9999999.000,0.000,1.000,0.000,0,0,12,1,1,12,12,1,0.0,0.0,1.0,0.0,0.0,1.0
"G[1,2]((BUN <= 8.582 -> Creatinine <= 0.477) & BaseExcess >= 0.020)
",9999999.000,9999999.000,0.000,1.000,0.000,0,0,0,13,13,0,0,13,0.0,0.0,0.0,0.0,0.0,1.0
"G[1,2](((Lactate >= 0.034 | Potassium >= 0.283) & AST >= 0.555) | Fibrinogen >= 0.224)
",9999999.000,9999999.000,0.000,1.000,0.000,0,0,0,13,13,0,0,13,0.0,0.0,0.0,0.0,0.0,1.0
"G[1,2](Chloride >= 0.013 & HCO3 >= 0.877)
",9999999.000,9999999.000,0.000,1.000,0.000,0,0,1,12,12,1,1,12,0.0,0.0,1.0,0.0,0.0,1.0
"G[1,2](((Hgb >= 0.539 & WBC >= 1.214) -> HCO3 <= 11.971) -> MAP <= 7.883)
",9999999.000,9999999.000,0.000,1.000,0.000,0,0,2,11,11,2,2,11,0.0,0.0,1.0,0.0,0.0,1.0
"G[0,1](((BUN >= 1.270 & HR >= 62.874) & SaO2 >= 74.783) | Phosphate >= 74.981)
",9999999.000,9999999.000,0.000,1.000,0.000,0,0,0,13,13,0,0,13,0.0,0.0,0.0,0.0,0.0,1.0
"G[1,2](((HR >= 65.708 & MAP >= 72.835) -> Bilirubin_direct <= 77.792) -> PTT <= 89.821)
",9999999.000,9999999.000,0.000,1.000,0.000,0,0,13,0,0,13,13,0,0.0,0.0,1.0,0.0,0.0,1.0
"G[0,0](HR <= 84.049 & Lactate >= 0.048)
",-4549202455415625.000,-8274.951,0.000,1.000,0.000,0,0,0,13,13,0,0,13,0.0,0.0,0.0,0.0,0.0,1.0
"G[1,2]((DBP >= 13.730 -> pH >= 2.277) -> Chloride <= 2.652)
",9999999.000,9999999.000,0.000,1.000,0.000,0,0,13,0,0,13,13,0,0.0,0.0,1.0,0.0,0.0,1.0
"G[0,1](DBP <= 54.133 & SaO2 >= 8.915)
",9999999.000,9999999.000,0.000,1.000,0.000,0,0,0,13,13,0,0,13,0.0,0.0,0.0,0.0,0.0,1.0
"G[2,2]((BUN >= 1.054 & Hgb >= 1.119) & Alkalinephos <= 4.772)
",-5041718739887298.000,-1.119,0.000,1.000,0.000,0,0,13,0,0,13,13,0,0.0,0.0,1.0,0.0,0.0,1.0
"G[1,2](((BUN <= 9.090 & Chloride <= 51.309) | Bilirubin_direct >= 0.488) | Resp >= 5.829)
",9999999.000,9999999.000,0.000,1.000,0.000,0,0,13,0,0,13,13,0,0.0,0.0,1.0,0.0,0.0,1.0
"G[0,1](BaseExcess <= -0.050 & FiO2 <= 0.260)
",9999999.000,9999999.000,0.000,1.000,0.000,0,0,0,13,13,0,0,13,0.0,0.0,0.0,0.0,0.0,1.0
"G[0,2](((SaO2 <= 89.865 | Temp >= 22.101) & BUN >= 19.406) | Fibrinogen >= 23.026)
",9999999.000,9999999.000,0.000,1.000,0.000,0,0,0,13,13,0,0,13,0.0,0.0,0.0,0.0,0.0,1.0
"G[1,2]((Platelets <= 61.401 & Platelets <= 21.505) & Magnesium <= 20.825)
",9999999.000,9999999.000,0.000,1.000,0.000,0,0,12,1,1,12,12,1,0.0,0.0,1.0,0.0,0.0,1.0
"G[1,2]((MAP <= 88.012 & Temp <= 27.962) | Resp >= 1.515)
",9999999.000,9999999.000,0.000,1.000,0.000,0,0,13,0,0,13,13,0,0.0,0.0,1.0,0.0,0.0,1.0
"G[2,2](HCO3 >= 1.231 & pH <= 5.672)
",-1.231,-1.231,0.000,1.000,0.000,0,0,13,0,0,13,13,0,0.0,0.0,1.0,0.0,0.0,1.0
"G[0,1](((Chloride <= 29.952 & pH <= 7.019) -> AST <= 4.806) -> Resp <= 2.888)
",9999999.000,9999999.000,0.000,1.000,0.000,0,0,0,13,13,0,0,13,0.0,0.0,0.0,0.0,0.0,1.0
"G[1,2](Hct <= 10.187 -> SBP >= 33.753)
",9999999.000,9999999.000,0.000,1.000,0.000,0,0,9,4,4,9,9,4,0.0,0.0,1.0,0.0,0.0,1.0
"G[1,2]((BUN <= 8.242 -> pH >= 1.762) -> HR >= 1.915)
",9999999.000,9999999.000,0.000,1.000,0.000,0,0,13,0,0,13,13,0,0.0,0.0,1.0,0.0,0.0,1.0
"G[0,2](((Glucose >= 21.320 & O2Sat <= 95.933) | Chloride >= 91.706) | WBC >= 94.440)
",9999999.000,9999999.000,0.000,1.000,0.000,0,0,0,13,13,0,0,13,0.0,0.0,0.0,0.0,0.0,1.0
"G[0,2](PTT < 0.000 -> SepsisLabel = 0.000)
",9999999.000,9999999.000,0.000,1.000,0.000,0,0,13,0,0,13,13,0,0.0,0.0,1.0,0.0,0.0,1.0
"G[0,0](EtCO2 < 0.000 & SepsisLabel = 0.000)
",-6.529,-20.000,0.000,1.000,0.000,0,0,0,13,13,0,0,13,0.0,0.0,0.0,0.0,0.0,1.0
"G[0,2]((Glucose >= 11.334 & HR >= 70.418) | Creatinine >= 69.009)
",9999999.000,9999999.000,0.000,1.000,0.000,0,0,1,12,12,1,1,12,0.0,0.0,1.0,0.0,0.0,1.0
"G[0,2](((Glucose >= 11.712 & Magnesium >= 0.036) & Potassium >= 0.014) | FiO2 >= 0.090)
",9999999.000,9999999.000,0.000,1.000,0.000,0,0,2,11,11,2,2,11,0.0,0.0,1.0,0.0,0.0,1.0
"G[0,2]((pH <= 4.425 -> Temp >= 6.456) | Creatinine <= 34.900)
",9999999.000,9999999.000,0.000,1.000,0.000,0,0,13,0,0,13,13,0,0.0,0.0,1.0,0.0,0.0,1.0
"G[2,2]((Hct >= 6.319 | Phosphate <= 0.994) & Hct <= 0.675)
",3038707142724281.000,0.675,0.000,1.000,0.000,0,0,13,0,0,13,13,0,0.0,0.0,1.0,0.0,0.0,1.0
"G[0,2](((Creatinine <= 0.684 | Hct >= 4.760) -> Hgb >= 5.865) & SaO2 >= 0.535)
",9999999.000,9999999.000,0.000,1.000,0.000,0,0,0,13,13,0,0,13,0.0,0.0,0.0,0.0,0.0,1.0
"G[0,2](HR >= 64.713 -> pH <= 4.180)
",9999999.000,9999999.000,0.000,1.000,0.000,0,0,8,5,5,8,8,5,0.0,0.0,1.0,0.0,0.0,1.0
"G[0,2]((BUN <= 5.462 -> Potassium <= 3.528) | HCO3 <= 3.085)
",9999999.000,9999999.000,0.000,1.000,0.000,0,0,13,0,0,13,13,0,0.0,0.0,1.0,0.0,0.0,1.0
"G[1,2]((Calcium <= 4.008 & Chloride >= 7.498) | pH <= 100.476)
",9999999.000,9999999.000,0.000,1.000,0.000,0,0,13,0,0,13,13,0,0.0,0.0,1.0,0.0,0.0,1.0
"G[1,2]((Chloride <= 25.868 | Lactate <= 1.046) -> WBC >= 0.041)
",9999999.000,9999999.000,0.000,1.000,0.000,0,0,1,12,12,1,1,12,0.0,0.0,1.0,0.0,0.0,1.0
"G[0,2](Creatinine <= 0.373 & Hgb <= 8.390)
",9999999.000,9999999.000,0.000,1.000,0.000,0,0,10,3,3,10,10,3,0.0,0.0,1.0,0.0,0.0,1.0
"G[1,1](((Calcium >= 0.072 & WBC >= 1.861) & BUN <= 11.812) | O2Sat <= 14.718)
",4142681866046789.500,14.718,0.000,1.000,0.000,0,0,0,13,13,0,0,13,0.0,0.0,0.0,0.0,0.0,1.0
"G[0,2](((PaCO2 >= 4.083 -> pH >= 0.351) & Creatinine <= 3.814) -> MAP >= 1.933)
",9999999.000,9999999.000,0.000,1.000,0.000,0,0,12,1,1,12,12,1,0.0,0.0,1.0,0.0,0.0,1.0
"G[1,2]((Creatinine <= 0.135 & WBC >= 1.042) | WBC <= 3.663)
",9999999.000,9999999.000,0.000,1.000,0.000,0,0,12,1,1,12,12,1,0.0,0.0,1.0,0.0,0.0,1.0
"G[1,2](DBP <= 61.720 | Temp <= 35.268)
",9999999.000,9999999.000,0.000,1.000,0.000,0,0,6,7,7,6,6,7,0.0,0.0,1.0,0.0,0.0,1.0
"G[1,2](((HCO3 <= 19.586 & Phosphate >= 0.034) | WBC <= 0.395) & AST <= 0.445)
",9999999.000,9999999.000,0.000,1.000,0.000,0,0,12,1,1,12,12,1,0.0,0.0,1.0,0.0,0.0,1.0
"G[0,2](((BaseExcess <= -0.029 & SaO2 <= 75.882) & DBP <= 34.070) -> Potassium >= 8.485)
",9999999.000,9999999.000,0.000,1.000,0.000,0,0,13,0,0,13,13,0,0.0,0.0,1.0,0.0,0.0,1.0
"G[1,2](((BaseExcess <= -0.049 -> pH >= 0.660) -> PTT >= 1.180) & PaCO2 <= 6.002)
",9999999.000,9999999.000,0.000,1.000,0.000,0,0,0,13,13,0,0,13,0.0,0.0,0.0,0.0,0.0,1.0
"G[0,2]((Lactate >= 0.071 & Resp <= 22.494) & TroponinI <= 21.642)
",9999999.000,9999999.000,0.000,1.000,0.000,0,0,0,13,13,0,0,13,0.0,0.0,0.0,0.0,0.0,1.0
"G[0,2]((BUN >= 0.905 & Lactate <= 0.199) -> Platelets >= 0.045)
",9999999.000,9999999.000,0.000,1.000,0.000,0,0,12,1,1,12,12,1,0.0,0.0,1.0,0.0,0.0,1.0
"G[0,2](((Creatinine >= 0.016 & Potassium <= 1.450) | SaO2 <= 1.484) -> SaO2 >= 0.492)
",9999999.000,9999999.000,0.000,1.000,0.000,0,0,3,10,10,3,3,10,0.0,0.0,1.0,0.0,0.0,1.0
"G[1,2]((HR >= 67.482 -> SBP <= 128.862) | Fibrinogen >= 17.713)
",9999999.000,9999999.000,0.000,1.000,0.000,0,0,12,1,1,12,12,1,0.0,0.0,1.0,0.0,0.0,1.0
"G[1,2]((MAP >= 12.466 | SBP >= 63.988) -> Lactate >= 85.313)
",9999999.000,9999999.000,0.000,1.000,0.000,0,0,1,12,12,1,1,12,0.0,0.0,1.0,0.0,0.0,1.0
"G[1,2](((Calcium >= 0.113 | Glucose <= 113.880) & PaCO2 >= 10.277) | Chloride <= 39.003)
",9999999.000,9999999.000,0.000,1.000,0.000,0,0,12,1,1,12,12,1,0.0,0.0,1.0,0.0,0.0,1.0
"G[1,2]((HCO3 >= 0.255 | HR >= 67.577) & TroponinI <= 85.716)
",9999999.000,9999999.000,0.000,1.000,0.000,0,0,12,1,1,12,12,1,0.0,0.0,1.0,0.0,0.0,1.0
"G[0,2]((Hgb >= 1.246 -> HR >= 67.478) | Temp <= 80.015)
",9999999.000,9999999.000,0.000,1.000,0.000,0,0,13,0,0,13,13,0,0.0,0.0,1.0,0.0,0.0,1.0
"G[1,2](Magnesium <= 1.151 | Phosphate >= 0.033)
",9999999.000,9999999.000,0.000,1.000,0.000,0,0,13,0,0,13,13,0,0.0,0.0,1.0,0.0,0.0,1.0
"G[0,0](SepsisLabel > 0.000 & SepsisLabel = 0.000)
",0.000,0.000,0.000,1.000,0.000,0,0,0,13,13,0,0,13,0.0,0.0,0.0,0.0,0.0,1.0
"G[2,2]((HR >= 72.841 | Magnesium >= 0.068) | Hgb >= 0.056)
",-8091676297598049.000,-0.056,0.000,1.000,0.000,0,0,13,0,0,13,13,0,0.0,0.0,1.0,0.0,0.0,1.0
"G[0,2](O2Sat > 93.260 -> SepsisLabel = 0.000)
",9999999.000,9999999.000,0.000,1.000,0.000,0,0,13,0,0,13,13,0,0.0,0.0,1.0,0.0,0.0,1.0
"G[0,2](((Phosphate <= 1.924 | SBP >= 7.196) & DBP <= 109.897) -> EtCO2 >= 64.984)
",9999999.000,9999999.000,0.000,1.000,0.000,0,0,0,13,13,0,0,13,0.0,0.0,0.0,0.0,0.0,1.0
"G[0,2](((pH <= 7.062 & Platelets <= 143.013) | AST <= 90.093) | WBC <= 140.586)
",9999999.000,9999999.000,0.000,1.000,0.000,0,0,13,0,0,13,13,0,0.0,0.0,1.0,0.0,0.0,1.0
"G[0,2](((Calcium >= 0.140 | pH >= 1.086) | HCO3 >= 1.096) | Hct >= 0.052)
",9999999.000,9999999.000,0.000,1.000,0.000,0,0,3,10,10,3,3,10,0.0,0.0,1.0,0.0,0.0,1.0
"G[1,2](((Chloride <= 40.063 & PaCO2 >= 0.289) | O2Sat >= 0.131) | PaCO2 >= 3.480)
",9999999.000,9999999.000,0.000,1.000,0.000,0,0,13,0,0,13,13,0,0.0,0.0,1.0,0.0,0.0,1.0
"G[1,2](PTT < 0.000 & SepsisLabel = 0.000)
",9999999.000,9999999.000,0.000,1.000,0.000,0,0,0,13,13,0,0,13,0.0,0.0,0.0,0.0,0.0,1.0
"G[2,2](SaO2 <= 73.470 -> SepsisLabel = 0.000)
",-2585003995175177.000,-73.470,0.000,1.000,0.000,0,0,13,0,0,13,13,0,0.0,0.0,1.0,0.0,0.0,1.0
"G[1,2](O2Sat >= 92.373 | WBC >= 1.869)
",9999999.000,9999999.000,0.000,1.000,0.000,0,0,12,1,1,12,12,1,0.0,0.0,1.0,0.0,0.0,1.0
"G[1,2](((Magnesium >= 0.159 & SBP <= 114.734) -> SBP >= 16.152) -> Temp >= 56.777)
",9999999.000,9999999.000,0.000,1.000,0.000,0,0,0,13,13,0,0,13,0.0,0.0,0.0,0.0,0.0,1.0
"G[2,2](FiO2 <= 0.478 | Platelets >= 0.569)
",4306030834609848.500,0.478,0.000,1.000,0.000,0,0,13,0,0,13,13,0,0.0,0.0,1.0,0.0,0.0,1.0
"G[1,2]((Hct <= 23.564 -> PaCO2 >= 0.458) | FiO2 <= 27.597)
",9999999.000,9999999.000,0.000,1.000,0.000,0,0,13,0,0,13,13,0,0.0,0.0,1.0,0.0,0.0,1.0
"G[0,1](((Calcium >= 0.177 -> SBP >= 47.776) -> Hct <= 115.371) & pH >= 8.841)
",9999999.000,9999999.000,0.000,1.000,0.000,0,0,0,13,13,0,0,13,0.0,0.0,0.0,0.0,0.0,1.0
"G[0,2](Hgb <= 6.109 -> SepsisLabel = 0.000)
",9999999.000,9999999.000,0.000,1.000,0.000,0,0,13,0,0,13,13,0,0.0,0.0,1.0,0.0,0.0,1.0
"G[1,2](((FiO2 >= 0.083 -> MAP <= 89.567) & DBP >= 57.908) | DBP >= 10.906)
",9999999.000,9999999.000,0.000,1.000,0.000,0,0,10,3,3,10,10,3,0.0,0.0,1.0,0.0,0.0,1.0
"G[0,1](((Creatinine >= 0.004 | SaO2 >= 17.163) & AST >= 20.191) & PTT <= 67.429)
",9999999.000,9999999.000,0.000,1.000,0.000,0,0,0,13,13,0,0,13,0.0,0.0,0.0,0.0,0.0,1.0
"G[0,1]((Phosphate >= 0.040 -> SaO2 <= 56.350) & Bilirubin_direct >= 4.751)
",9999999.000,9999999.000,0.000,1.000,0.000,0,0,0,13,13,0,0,13,0.0,0.0,0.0,0.0,0.0,1.0
"G[0,2](BUN <= 11.497 & Creatinine >= 0.010)
",9999999.000,9999999.000,0.000,1.000,0.000,0,0,0,13,13,0,0,13,0.0,0.0,0.0,0.0,0.0,1.0
"G[2,2](((Hgb <= 8.020 | Hct <= 14.832) -> WBC >= 1.928) & Platelets >= 7.204)
",-4174824406558322.500,-14.832,0.000,1.000,0.000,0,0,13,0,0,13,13,0,0.0,0.0,1.0,0.0,0.0,1.0
"G[1,2](BaseExcess >= -0.881 & WBC <= 3.236)
",9999999.000,9999999.000,0.000,1.000,0.000,0,0,12,1,1,12,12,1,0.0,0.0,1.0,0.0,0.0,1.0
"G[2,2]((BaseExcess <= -0.045 & MAP <= 81.356) | Potassium >= 53.398)
",-6420831532654490.000,-0.045,0.000,1.000,0.000,0,0,13,0,0,13,13,0,0.0,0.0,1.0,0.0,0.0,1.0
"G[2,2](((BUN >= 1.322 | Calcium <= 3.078) | Calcium >= 0.276) -> BaseExcess <= 7.120)
",-8015934299482100.000,-7.120,0.000,1.000,0.000,0,0,13,0,0,13,13,0,0.0,0.0,1.0,0.0,0.0,1.0
"G[2,2](Platelets <= 112.929 -> WBC >= 1.007)
",-7946670422637031.000,-112.929,0.000,1.000,0.000,0,0,13,0,0,13,13,0,0.0,0.0,1.0,0.0,0.0,1.0
"G[0,2](((Creatinine >= 0.021 | pH <= 3.172) -> HR <= 6.603) & Magnesium <= 5.936)
",9999999.000,9999999.000,0.000,1.000,0.000,0,0,3,10,10,3,3,10,0.0,0.0,1.0,0.0,0.0,1.0
"G[0,2]((Glucose >= 8.594 -> MAP <= 83.681) | HR >= 2.546)
",9999999.000,9999999.000,0.000,1.000,0.000,0,0,13,0,0,13,13,0,0.0,0.0,1.0,0.0,0.0,1.0
"G[1,1](((DBP <= 51.116 & PaCO2 <= 26.900) & Creatinine >= 0.355) | Fibrinogen >= 2.900)
",-3194016424693943.000,-0.355,0.000,1.000,0.000,0,0,0,13,13,0,0,13,0.0,0.0,0.0,0.0,0.0,1.0
"G[1,2](pH >= 0.607 & SepsisLabel = 0.000)
",9999999.000,9999999.000,0.000,1.000,0.000,0,0,3,10,10,3,3,10,0.0,0.0,1.0,0.0,0.0,1.0
"G[1,2](Magnesium > 0.050 -> SepsisLabel = 0.000)
",9999999.000,9999999.000,0.000,1.000,0.000,0,0,13,0,0,13,13,0,0.0,0.0,1.0,0.0,0.0,1.0
"G[0,2]((HCO3 <= 5.489 -> Temp >= 1.414) | Creatinine <= 36.209)
",9999999.000,9999999.000,0.000,1.000,0.000,0,0,13,0,0,13,13,0,0.0,0.0,1.0,0.0,0.0,1.0
"G[0,2](MAP <= 84.977 -> SaO2 >= 5.208)
",9999999.000,9999999.000,0.000,1.000,0.000,0,0,4,9,9,4,4,9,0.0,0.0,1.0,0.0,0.0,1.0
"G[0,1](((Chloride >= 11.216 & SaO2 >= 21.454) -> DBP >= 1.812) -> Bilirubin_direct >= 3.184)
",9999999.000,9999999.000,0.000,1.000,0.000,0,0,0,13,13,0,0,13,0.0,0.0,0.0,0.0,0.0,1.0
"G[0,2](PTT > 0.000 -> SepsisLabel = 0.000)
",9999999.000,9999999.000,0.000,1.000,0.000,0,0,13,0,0,13,13,0,0.0,0.0,1.0,0.0,0.0,1.0
"G[0,1](Platelets <= 83.958 -> WBC >= 1.823)
",9999999.000,9999999.000,0.000,1.000,0.000,0,0,0,13,13,0,0,13,0.0,0.0,0.0,0.0,0.0,1.0
"G[0,2]((SaO2 <= 81.930 & WBC >= 0.079) -> Bilirubin_total <= 17.857)
",9999999.000,9999999.000,0.000,1.000,0.000,0,0,13,0,0,13,13,0,0.0,0.0,1.0,0.0,0.0,1.0
"G[1,2](((Magnesium <= 1.164 -> Temp >= 6.374) & Calcium <= 27.757) & SBP <= 32.787)
",9999999.000,9999999.000,0.000,1.000,0.000,0,0,1,12,12,1,1,12,0.0,0.0,1.0,0.0,0.0,1.0
"G[1,2](SBP >= 47.027 -> SepsisLabel = 0.000)
",9999999.000,9999999.000,0.000,1.000,0.000,0,0,13,0,0,13,13,0,0.0,0.0,1.0,0.0,0.0,1.0
"G[2,2]((HR <= 76.638 -> Platelets <= 104.426) & Glucose <= 148.933)
",-7348344385082155.000,-104.426,0.000,1.000,0.000,0,0,13,0,0,13,13,0,0.0,0.0,1.0,0.0,0.0,1.0
"G[0,2]((PaCO2 <= 6.799 | Potassium <= 2.734) & FiO2 <= 2.903)
",9999999.000,9999999.000,0.000,1.000,0.000,0,0,12,1,1,12,12,1,0.0,0.0,1.0,0.0,0.0,1.0
"G[1,2](((HR <= 76.607 & Phosphate >= 0.017) -> HR <= 0.694) & Calcium <= 0.733)
",9999999.000,9999999.000,0.000,1.000,0.000,0,0,12,1,1,12,12,1,0.0,0.0,1.0,0.0,0.0,1.0
"G[0,1]((Calcium >= 0.202 | HR <= 87.632) & Potassium >= 73.033)
",9999999.000,9999999.000,0.000,1.000,0.000,0,0,0,13,13,0,0,13,0.0,0.0,0.0,0.0,0.0,1.0
"G[0,2]((Chloride >= 4.997 | Glucose >= 2.206) & Hct >= 13.153)
",9999999.000,9999999.000,0.000,1.000,0.000,0,0,0,13,13,0,0,13,0.0,0.0,0.0,0.0,0.0,1.0
"G[1,2](Phosphate > 0.032 & SepsisLabel = 0.000)
",9999999.000,9999999.000,0.000,1.000,0.000,0,0,1,12,12,1,1,12,0.0,0.0,1.0,0.0,0.0,1.0
"G[0,2](Calcium <= 4.941 -> O2Sat >= 92.157)
",9999999.000,9999999.000,0.000,1.000,0.000,0,0,9,4,4,9,9,4,0.0,0.0,1.0,0.0,0.0,1.0
"G[0,2](((DBP <= 59.924 | HCO3 <= 4.786) -> Alkalinephos <= 18.000) -> HCO3 <= 22.145)
",9999999.000,9999999.000,0.000,1.000,0.000,0,0,12,1,1,12,12,1,0.0,0.0,1.0,0.0,0.0,1.0
"G[1,2](SBP <= 114.646 -> SepsisLabel = 0.000)
",9999999.000,9999999.000,0.000,1.000,0.000,0,0,13,0,0,13,13,0,0.0,0.0,1.0,0.0,0.0,1.0
"G[1,2](Chloride >= 2.959 & DBP >= 38.364)
",9999999.000,9999999.000,0.000,1.000,0.000,0,0,1,12,12,1,1,12,0.0,0.0,1.0,0.0,0.0,1.0
"G[0,2]((MAP <= 79.885 -> O2Sat <= 99.757) | PaCO2 >= 92.277)
",9999999.000,9999999.000,0.000,1.000,0.000,0,0,11,2,2,11,11,2,0.0,0.0,1.0,0.0,0.0,1.0
"G[1,2](HCO3 >= 0.100 -> SaO2 <= 50.851)
",9999999.000,9999999.000,0.000,1.000,0.000,0,0,13,0,0,13,13,0,0.0,0.0,1.0,0.0,0.0,1.0
