Rule,Discrimination Score,Pos Robustness,Neg Robustness,Percent Class +,Percent Class -,TP,TN,FP,FN,Actual Yes,Actual No,Predicted Yes,Predicted No,TPR/Sens,TNR/Spec,FPR,Precision,Accuracy,MCR
"G[0,0](((Hct >= 4.127 | PTT >= 1.360) & AST >= 4.809) -> Creatinine <= 62.175)
",-2.095,-51.458,0.000,1.000,0.000,25,0,0,0,25,0,25,0,1.0,0.0,0.0,1.0,1.0,0.0
"G[1,1](PTT <= 69.647 | Resp >= 11.386)
",4900976309225876.000,69.647,0.000,1.000,0.000,25,0,0,0,25,0,25,0,1.0,0.0,0.0,1.0,1.0,0.0
"G[0,1]((Hct <= 22.947 & MAP >= 41.117) | BUN <= 67.225)
",9999999.000,9999999.000,0.000,1.000,0.000,25,0,0,0,25,0,25,0,1.0,0.0,0.0,1.0,1.0,0.0
"G[0,1]((Resp <= 20.051 | SaO2 <= 20.843) | DBP >= 2.858)
",9999999.000,9999999.000,0.000,1.000,0.000,25,0,0,0,25,0,25,0,1.0,0.0,0.0,1.0,1.0,0.0
"G[1,1]((Hgb >= 1.009 -> SBP <= 117.921) | Bilirubin_total >= 84.175)
",-84.175,-84.175,0.000,1.000,0.000,25,0,0,0,25,0,25,0,1.0,0.0,0.0,1.0,1.0,0.0
"G[0,1](((Calcium <= 3.381 & Hct >= 0.623) | MAP >= 5.578) -> Potassium <= 14.615)
",9999999.000,9999999.000,0.000,1.000,0.000,25,0,0,0,25,0,25,0,1.0,0.0,0.0,1.0,1.0,0.0
"G[0,0](BaseExcess <= 1.293 | Phosphate <= 1.649)
",13.907,1.606,0.000,1.000,0.000,25,0,0,0,25,0,25,0,1.0,0.0,0.0,1.0,1.0,0.0
"G[0,1](((DBP <= 35.191 & Phosphate >= 0.010) | BaseExcess <= 1.869) -> FiO2 <= 0.576)
",9999999.000,9999999.000,0.000,1.000,0.000,25,0,0,0,25,0,25,0,1.0,0.0,0.0,1.0,1.0,0.0
"G[0,0](((Bilirubin_total >= 0.008 -> Hct >= 1.503) & SBP >= 1.840) | TroponinI <= 13.341)
",75.439,13.305,0.000,1.000,0.000,25,0,0,0,25,0,25,0,1.0,0.0,0.0,1.0,1.0,0.0
"G[1,1]((Bilirubin_total >= 0.002 | SBP >= 16.959) | WBC <= 110.832)
",110.832,110.832,0.000,1.000,0.000,25,0,0,0,25,0,25,0,1.0,0.0,0.0,1.0,1.0,0.0
"G[1,1](Calcium >= 0.063 -> FiO2 >= 0.064)
",0.063,0.063,0.000,1.000,0.000,25,0,0,0,25,0,25,0,1.0,0.0,0.0,1.0,1.0,0.0
"G[0,1](((HR >= 4.891 | Temp <= 28.252) & HR >= 1.283) | Resp <= 8.449)
",9999999.000,9999999.000,0.000,1.000,0.000,25,0,0,0,25,0,25,0,1.0,0.0,0.0,1.0,1.0,0.0
"G[0,0](Temp < 10.078 -> SepsisLabel = 0.000)
",0.128,2.228,0.000,1.000,0.000,25,0,0,0,25,0,25,0,1.0,0.0,0.0,1.0,1.0,0.0
"G[0,1](Resp <= 14.684 -> SepsisLabel = 0.000)
",9999999.000,9999999.000,0.000,1.000,0.000,25,0,0,0,25,0,25,0,1.0,0.0,0.0,1.0,1.0,0.0
"G[0,1]((Hct >= 4.140 & Hgb >= 1.361) | EtCO2 <= 3.687)
",9999999.000,9999999.000,0.000,1.000,0.000,25,0,0,0,25,0,25,0,1.0,0.0,0.0,1.0,1.0,0.0
"G[0,1](((Creatinine <= 0.216 | Phosphate <= 1.747) | Lactate <= 0.117) | Calcium <= 1.246)
",9999999.000,9999999.000,0.000,1.000,0.000,25,0,0,0,25,0,25,0,1.0,0.0,0.0,1.0,1.0,0.0
"G[0,1]((Glucose <= 62.640 | Temp >= 1.364) | Magnesium <= 20.316)
",9999999.000,9999999.000,0.000,1.000,0.000,25,0,0,0,25,0,25,0,1.0,0.0,0.0,1.0,1.0,0.0
"G[0,1]((DBP <= 33.462 -> MAP <= 74.870) -> BaseExcess <= 84.809)
",9999999.000,9999999.000,0.000,1.000,0.000,25,0,0,0,25,0,25,0,1.0,0.0,0.0,1.0,1.0,0.0
"G[0,1]((SepsisLabel <= 0.000 | Alkalinephos >= 0.347) | HR <= 13.566)
",9999999.000,9999999.000,0.000,1.000,0.000,25,0,0,0,25,0,25,0,1.0,0.0,0.0,1.0,1.0,0.0
"G[1,1](((Bilirubin_total <= 0.163 & Platelets <= 57.882) & Lactate <= 72.570) -> Platelets <= 86.105)
",-86.105,-86.105,0.000,1.000,0.000,25,0,0,0,25,0,25,0,1.0,0.0,0.0,1.0,1.0,0.0
"G[1,1]((Glucose >= 5.655 | Fibrinogen <= 155.128) | Creatinine >= 0.830)
",155.128,155.128,0.000,1.000,0.000,25,0,0,0,25,0,25,0,1.0,0.0,0.0,1.0,1.0,0.0
"G[0,1](Bilirubin_total <= 0.029 -> Fibrinogen <= 124.156)
",9999999.000,9999999.000,0.000,1.000,0.000,24,0,0,1,25,0,24,1,0.96,0.0,0.0,1.0,0.96,0.040000000000000036
"G[0,1]((Glucose >= 11.795 -> pH >= 1.780) & Bilirubin_direct <= 4.481)
",9999999.000,9999999.000,0.000,1.000,0.000,24,0,0,1,25,0,24,1,0.96,0.0,0.0,1.0,0.96,0.040000000000000036
"G[0,0]((BaseExcess <= 2.135 & FiO2 >= 0.033) | Phosphate <= 0.594)
",1.438,0.754,0.000,1.000,0.000,24,0,0,1,25,0,24,1,0.96,0.0,0.0,1.0,0.96,0.040000000000000036
"G[0,0]((Fibrinogen >= 2.148 | FiO2 <= 0.543) | Resp <= 0.417)
",0.715,1.358,0.000,1.000,0.000,24,0,0,1,25,0,24,1,0.96,0.0,0.0,1.0,0.96,0.040000000000000036
"G[0,1](((FiO2 >= 0.024 -> Resp >= 10.062) -> Magnesium <= 14.453) -> Alkalinephos <= 16.067)
",9999999.000,9999999.000,0.000,1.000,0.000,24,0,0,1,25,0,24,1,0.96,0.0,0.0,1.0,0.96,0.040000000000000036
"G[0,0]((Hct >= 2.590 | Lactate <= 0.535) | Potassium >= 0.117)
",1.028,0.516,0.000,1.000,0.000,24,0,0,1,25,0,24,1,0.96,0.0,0.0,1.0,0.96,0.040000000000000036
"G[0,1](BaseExcess <= 1.842 | Fibrinogen <= 8.746)
",9999999.000,9999999.000,0.000,1.000,0.000,24,0,0,1,25,0,24,1,0.96,0.0,0.0,1.0,0.96,0.040000000000000036
"G[0,1](FiO2 <= 0.865 & SepsisLabel = 0.000)
",9999999.000,9999999.000,0.000,1.000,0.000,24,0,0,1,25,0,24,1,0.96,0.0,0.0,1.0,0.96,0.040000000000000036
"G[0,0](Calcium < 7.886 & SepsisLabel = 0.000)
",-0.401,-14.045,0.000,1.000,0.000,24,0,0,1,25,0,24,1,0.96,0.0,0.0,1.0,0.96,0.040000000000000036
"G[0,0](((FiO2 <= 0.969 | Hct >= 2.195) | SBP >= 0.163) -> Hct <= 31.044)
",-18.302,-31.677,0.000,1.000,0.000,24,0,0,1,25,0,24,1,0.96,0.0,0.0,1.0,0.96,0.040000000000000036
"G[0,1](Magnesium <= 2.217 | Resp <= 13.918)
",9999999.000,9999999.000,0.000,1.000,0.000,24,0,0,1,25,0,24,1,0.96,0.0,0.0,1.0,0.96,0.040000000000000036
"G[0,0](Creatinine <= 0.360 | O2Sat <= 91.879)
",1.129,29.338,0.000,1.000,0.000,23,0,0,2,25,0,23,2,0.92,0.0,0.0,1.0,0.92,0.07999999999999996
"G[0,0](Creatinine >= 0.049 -> HCO3 <= 7.252)
",-0.609,-22.204,0.000,1.000,0.000,23,0,0,2,25,0,23,2,0.92,0.0,0.0,1.0,0.92,0.07999999999999996
"G[1,1](((SaO2 <= 43.181 & SBP >= 58.187) | Potassium <= 109.638) -> MAP >= 26.763)
",-7715090578244513.000,-109.638,0.000,1.000,0.000,23,0,0,2,25,0,23,2,0.92,0.0,0.0,1.0,0.92,0.07999999999999996
"G[0,1](PTT <= 76.961 & SepsisLabel = 0.000)
",9999999.000,9999999.000,0.000,1.000,0.000,23,0,0,2,25,0,23,2,0.92,0.0,0.0,1.0,0.92,0.07999999999999996
"G[0,0](Alkalinephos <= 10.157 & Creatinine <= 0.221)
",-0.431,-16.699,0.000,1.000,0.000,23,0,0,2,25,0,23,2,0.92,0.0,0.0,1.0,0.92,0.07999999999999996
"G[0,0](SBP <= 133.829 & SepsisLabel = 0.000)
",-0.356,-12.360,0.000,1.000,0.000,23,0,0,2,25,0,23,2,0.92,0.0,0.0,1.0,0.92,0.07999999999999996
"G[0,0]((Glucose <= 174.905 | Lactate <= 3.172) -> BUN <= 0.612)
",-174.905,-174.905,0.000,1.000,0.000,22,0,0,3,25,0,22,3,0.88,0.0,0.0,1.0,0.88,0.12
"G[0,0](((WBC >= 0.093 | Lactate <= 2.848) -> O2Sat >= 0.007) | Creatinine >= 0.070)
",0.435,16.850,0.000,1.000,0.000,22,0,0,3,25,0,22,3,0.88,0.0,0.0,1.0,0.88,0.12
"G[0,1]((Chloride <= 39.205 -> Temp <= 18.793) -> MAP >= 1.568)
",9999999.000,9999999.000,0.000,1.000,0.000,22,0,0,3,25,0,22,3,0.88,0.0,0.0,1.0,0.88,0.12
"G[1,1](Chloride <= 46.960 | Glucose >= 10.013)
",46.960,46.960,0.000,1.000,0.000,21,0,0,4,25,0,21,4,0.84,0.0,0.0,1.0,0.84,0.16000000000000003
"G[1,1](FiO2 >= 0.061 | Potassium <= 1.205)
",1.205,1.205,0.000,1.000,0.000,21,0,0,4,25,0,21,4,0.84,0.0,0.0,1.0,0.84,0.16000000000000003
"G[0,1](PTT < 31.227 & SepsisLabel = 0.000)
",9999999.000,9999999.000,0.000,1.000,0.000,21,0,0,4,25,0,21,4,0.84,0.0,0.0,1.0,0.84,0.16000000000000003
"G[0,0](((Calcium <= 5.911 & WBC <= 2.063) | Platelets >= 0.986) & SaO2 <= 4.886)
",-0.358,-4.505,0.000,1.000,0.000,21,0,0,4,25,0,21,4,0.84,0.0,0.0,1.0,0.84,0.16000000000000003
"G[0,1](Magnesium <= 1.167 & Potassium <= 0.832)
",9999999.000,9999999.000,0.000,1.000,0.000,20,0,0,5,25,0,20,5,0.8,0.0,0.0,1.0,0.8,0.19999999999999996
"G[0,1]((AST >= 3.606 & BUN >= 1.931) | SaO2 <= 4.001)
",9999999.000,9999999.000,0.000,1.000,0.000,20,0,0,5,25,0,20,5,0.8,0.0,0.0,1.0,0.8,0.19999999999999996
"G[0,1](Phosphate >= 0.039 | Temp <= 23.915)
",9999999.000,9999999.000,0.000,1.000,0.000,20,0,0,5,25,0,20,5,0.8,0.0,0.0,1.0,0.8,0.19999999999999996
"G[1,1]((TroponinI <= 0.000 -> Temp <= 12.391) & TroponinI <= 14.008)
",-12.391,-12.391,0.000,1.000,0.000,20,0,0,5,25,0,20,5,0.8,0.0,0.0,1.0,0.8,0.19999999999999996
"G[0,1]((Alkalinephos <= 2.580 & Glucose <= 138.790) & Hct <= 129.144)
",9999999.000,9999999.000,0.000,1.000,0.000,19,0,0,6,25,0,19,6,0.76,0.0,0.0,1.0,0.76,0.24
"G[0,1](((O2Sat <= 89.569 | PaCO2 >= 1.010) -> HR <= 11.740) | Lactate >= 4.207)
",9999999.000,9999999.000,0.000,1.000,0.000,18,0,0,7,25,0,18,7,0.72,0.0,0.0,1.0,0.72,0.28
"G[0,1](((MAP >= 53.263 | pH <= 3.386) -> SepsisLabel <= 7.062) & Hgb <= 3.211)
",9999999.000,9999999.000,0.000,1.000,0.000,18,0,0,7,25,0,18,7,0.72,0.0,0.0,1.0,0.72,0.28
"G[0,1]((FiO2 >= 0.044 & O2Sat >= 80.638) -> Temp >= 83.144)
",9999999.000,9999999.000,0.000,1.000,0.000,17,0,0,8,25,0,17,8,0.68,0.0,0.0,1.0,0.68,0.31999999999999995
"G[0,0](((AST <= 31.382 | Potassium <= 0.876) & Bilirubin_total >= 0.435) | pH <= 3.001)
",7.436,2.999,0.000,1.000,0.000,16,0,0,9,25,0,16,9,0.64,0.0,0.0,1.0,0.64,0.36
"G[0,1]((Bilirubin_total <= 0.625 | Calcium >= 0.082) & Glucose <= 6.920)
",9999999.000,9999999.000,0.000,1.000,0.000,16,0,0,9,25,0,16,9,0.64,0.0,0.0,1.0,0.64,0.36
"G[0,1](BaseExcess <= 1.310 & Chloride <= 21.415)
",9999999.000,9999999.000,0.000,1.000,0.000,16,0,0,9,25,0,16,9,0.64,0.0,0.0,1.0,0.64,0.36
"G[0,0](SepsisLabel >= 0.000 -> pH >= 2.414)
",-0.356,-12.360,0.000,1.000,0.000,9,0,0,16,25,0,9,16,0.36,0.0,0.0,1.0,0.36,0.64
"G[0,1]((Hct <= 14.143 | SaO2 <= 62.692) & HR <= 65.997)
",9999999.000,9999999.000,0.000,1.000,0.000,9,0,0,16,25,0,9,16,0.36,0.0,0.0,1.0,0.36,0.64
"G[0,0]((Fibrinogen <= 73.868 | Hct <= 25.789) & Glucose >= 5.032)
",-5665328060326564.000,-5.032,0.000,1.000,0.000,7,0,0,18,25,0,7,18,0.28,0.0,0.0,1.0,0.28,0.72
"G[1,1](Potassium >= 0.582 | PaCO2 >= 1.075)
",-0.582,-0.582,0.000,1.000,0.000,7,0,0,18,25,0,7,18,0.28,0.0,0.0,1.0,0.28,0.72
"G[0,0]((HR >= 5.054 & Calcium <= 0.484) -> Hct >= 0.014)
",-3.287,-0.444,0.000,1.000,0.000,7,0,0,18,25,0,7,18,0.28,0.0,0.0,1.0,0.28,0.72
"G[1,1]((Hct >= 3.384 & WBC <= 3.483) | Hct >= 0.917)
",-0.917,-0.917,0.000,1.000,0.000,6,0,0,19,25,0,6,19,0.24,0.0,0.0,1.0,0.24,0.76
"G[0,0](Platelets <= 106.314 -> WBC >= 0.780)
",-5.833,-101.199,0.000,1.000,0.000,4,0,0,21,25,0,4,21,0.16,0.0,0.0,1.0,0.16,0.84
"G[0,0](Platelets <= 134.825 -> WBC >= 0.464)
",-5.099,-127.454,0.000,1.000,0.000,4,0,0,21,25,0,4,21,0.16,0.0,0.0,1.0,0.16,0.84
"G[0,1]((Chloride <= 99.347 | Magnesium <= 0.289) -> SaO2 >= 0.020)
",9999999.000,9999999.000,0.000,1.000,0.000,4,0,0,21,25,0,4,21,0.16,0.0,0.0,1.0,0.16,0.84
"G[1,1](Calcium <= 4.762 & Potassium >= 0.025)
",-0.025,-0.025,0.000,1.000,0.000,4,0,0,21,25,0,4,21,0.16,0.0,0.0,1.0,0.16,0.84
"G[0,0](Platelets <= 30.416 -> WBC >= 0.571)
",-2.613,-35.342,0.000,1.000,0.000,4,0,0,21,25,0,4,21,0.16,0.0,0.0,1.0,0.16,0.84
"G[0,0](Fibrinogen <= 106.839 & WBC >= 0.859)
",0.379,9.025,0.000,1.000,0.000,3,0,0,22,25,0,3,22,0.12,0.0,0.0,1.0,0.12,0.88
"G[0,1]((Chloride <= 98.795 -> MAP >= 30.621) & Chloride >= 58.660)
",9999999.000,9999999.000,0.000,1.000,0.000,3,0,0,22,25,0,3,22,0.12,0.0,0.0,1.0,0.12,0.88
"G[1,1](Chloride >= 8.092 & HCO3 >= 1.167)
",-8.092,-8.092,0.000,1.000,0.000,3,0,0,22,25,0,3,22,0.12,0.0,0.0,1.0,0.12,0.88
"G[0,0](Lactate >= 0.173 & SepsisLabel = 0.000)
",-0.361,-12.491,0.000,1.000,0.000,3,0,0,22,25,0,3,22,0.12,0.0,0.0,1.0,0.12,0.88
"G[0,1](Platelets <= 74.374 -> WBC >= 1.132)
",9999999.000,9999999.000,0.000,1.000,0.000,3,0,0,22,25,0,3,22,0.12,0.0,0.0,1.0,0.12,0.88
"G[1,1](Lactate >= 0.118 & SepsisLabel = 0.000)
",-0.118,-0.118,0.000,1.000,0.000,3,0,0,22,25,0,3,22,0.12,0.0,0.0,1.0,0.12,0.88
"G[0,0](((Hgb <= 4.720 | Hct <= 31.145) -> WBC >= 0.402) & Platelets >= 5.768)
",-2.694,-35.981,0.000,1.000,0.000,3,0,0,22,25,0,3,22,0.12,0.0,0.0,1.0,0.12,0.88
"G[0,0](Chloride >= 10.403 & HCO3 >= 0.925)
",-5.397,-10.024,0.000,1.000,0.000,3,0,0,22,25,0,3,22,0.12,0.0,0.0,1.0,0.12,0.88
"G[0,0]((BUN <= 14.418 -> WBC <= 3.782) -> O2Sat <= 7.248)
",0.418,7.767,0.000,1.000,0.000,3,0,0,22,25,0,3,22,0.12,0.0,0.0,1.0,0.12,0.88
"G[0,1](Chloride >= 5.762 & HCO3 >= 0.796)
",9999999.000,9999999.000,0.000,1.000,0.000,2,0,0,23,25,0,2,23,0.08,0.0,0.0,1.0,0.08,0.92
"G[0,1](Chloride >= 6.570 & HCO3 >= 2.567)
",9999999.000,9999999.000,0.000,1.000,0.000,2,0,0,23,25,0,2,23,0.08,0.0,0.0,1.0,0.08,0.92
"G[1,1](((Fibrinogen <= 29.552 -> HR >= 22.749) & Fibrinogen <= 68.113) -> pH >= 61.596)
",8318133915760221.000,29.552,0.000,1.000,0.000,2,0,0,23,25,0,2,23,0.08,0.0,0.0,1.0,0.08,0.92
"G[0,1](Chloride >= 13.551 & HCO3 >= 0.951)
",9999999.000,9999999.000,0.000,1.000,0.000,2,0,0,23,25,0,2,23,0.08,0.0,0.0,1.0,0.08,0.92
"G[0,1](Chloride >= 11.189 & HCO3 >= 2.764)
",9999999.000,9999999.000,0.000,1.000,0.000,2,0,0,23,25,0,2,23,0.08,0.0,0.0,1.0,0.08,0.92
"G[0,1]((Hct >= 0.155 -> Phosphate <= 2.516) & Magnesium >= 0.022)
",9999999.000,9999999.000,0.000,1.000,0.000,2,0,0,23,25,0,2,23,0.08,0.0,0.0,1.0,0.08,0.92
"G[0,1](((Chloride >= 3.143 | PaCO2 >= 0.125) | HCO3 <= 22.528) & Platelets >= 1.965)
",9999999.000,9999999.000,0.000,1.000,0.000,1,0,0,24,25,0,1,24,0.04,0.0,0.0,1.0,0.04,0.96
"G[1,1]((BUN <= 23.824 -> Lactate <= 1.553) & AST >= 0.008)
",-23.824,-23.824,0.000,1.000,0.000,1,0,0,24,25,0,1,24,0.04,0.0,0.0,1.0,0.04,0.96
"G[0,1](((Hgb <= 4.917 | Hct <= 7.018) -> WBC >= 0.093) & Platelets >= 6.563)
",9999999.000,9999999.000,0.000,1.000,0.000,1,0,0,24,25,0,1,24,0.04,0.0,0.0,1.0,0.04,0.96
"G[0,1](FiO2 <= 0.890 -> Fibrinogen >= 3.155)
",9999999.000,9999999.000,0.000,1.000,0.000,1,0,0,24,25,0,1,24,0.04,0.0,0.0,1.0,0.04,0.96
"G[0,0]((BaseExcess <= 2.645 & Platelets >= 0.720) & pH >= 1.385)
",-6.286,-1.261,0.000,1.000,0.000,1,0,0,24,25,0,1,24,0.04,0.0,0.0,1.0,0.04,0.96
"G[0,1](DBP <= 47.356 & SaO2 >= 2.817)
",9999999.000,9999999.000,0.000,1.000,0.000,1,0,0,24,25,0,1,24,0.04,0.0,0.0,1.0,0.04,0.96
"G[0,1](((Glucose >= 0.203 | SaO2 >= 11.486) & Chloride >= 0.663) & Calcium <= 90.278)
",9999999.000,9999999.000,0.000,1.000,0.000,1,0,0,24,25,0,1,24,0.04,0.0,0.0,1.0,0.04,0.96
"G[0,1](((pH >= 2.372 & AST <= 82.433) & Potassium <= 96.355) & Chloride >= 1.269)
",9999999.000,9999999.000,0.000,1.000,0.000,1,0,0,24,25,0,1,24,0.04,0.0,0.0,1.0,0.04,0.96
"G[0,1](((O2Sat >= 25.016 -> SaO2 <= 38.850) | SaO2 <= 43.764) & Alkalinephos >= 8.648)
",9999999.000,9999999.000,0.000,1.000,0.000,1,0,0,24,25,0,1,24,0.04,0.0,0.0,1.0,0.04,0.96
"G[0,1](((Hgb <= 3.607 | Hct <= 21.878) -> WBC >= 0.942) & Platelets >= 1.638)
",9999999.000,9999999.000,0.000,1.000,0.000,1,0,0,24,25,0,1,24,0.04,0.0,0.0,1.0,0.04,0.96
"G[1,1]((DBP <= 38.472 -> DBP >= 9.195) & Platelets >= 12.508)
",-38.472,-38.472,0.000,1.000,0.000,1,0,0,24,25,0,1,24,0.04,0.0,0.0,1.0,0.04,0.96
"G[0,2](Fibrinogen >= 5.226 -> SaO2 >= 0.328)
",9999999.000,9999999.000,0.000,1.000,0.000,0,0,24,1,1,24,24,1,0.0,0.0,1.0,0.0,0.0,1.0
"G[2,2](((DBP <= 48.227 -> Magnesium >= 0.108) | EtCO2 >= 0.205) -> SBP >= 0.198)
",0.198,0.198,0.000,1.000,0.000,0,0,25,0,0,25,25,0,0.0,0.0,1.0,0.0,0.0,1.0
"G[1,2](((Creatinine >= 0.016 & PaCO2 <= 7.319) & HR >= 4.138) -> SepsisLabel <= 29.671)
",9999999.000,9999999.000,0.000,1.000,0.000,0,0,25,0,0,25,25,0,0.0,0.0,1.0,0.0,0.0,1.0
"G[1,2](((Glucose <= 98.228 | Magnesium <= 2.296) -> SepsisLabel >= 0.144) | SaO2 <= 1.883)
",9999999.000,9999999.000,0.000,1.000,0.000,0,0,22,3,3,22,22,3,0.0,0.0,1.0,0.0,0.0,1.0
"G[1,2]((AST <= 15.024 -> FiO2 <= 0.605) & PTT >= 0.082)
",9999999.000,9999999.000,0.000,1.000,0.000,0,0,2,23,23,2,2,23,0.0,0.0,1.0,0.0,0.0,1.0
"G[1,2](((Hgb <= 9.664 | Hct <= 31.808) -> WBC >= 0.151) & Platelets >= 1.042)
",9999999.000,9999999.000,0.000,1.000,0.000,0,0,1,24,24,1,1,24,0.0,0.0,1.0,0.0,0.0,1.0
"G[0,2]((Calcium <= 1.002 | MAP <= 67.178) | Platelets <= 74.131)
",9999999.000,9999999.000,0.000,1.000,0.000,0,0,24,1,1,24,24,1,0.0,0.0,1.0,0.0,0.0,1.0
"G[0,1](Bilirubin_total >= 0.002 & MAP >= 27.489)
",9999999.000,9999999.000,0.000,1.000,0.000,0,0,0,25,25,0,0,25,0.0,0.0,0.0,0.0,0.0,1.0
"G[1,2](((Magnesium <= 0.832 -> MAP >= 50.109) | HCO3 <= 79.080) -> DBP <= 77.481)
",9999999.000,9999999.000,0.000,1.000,0.000,0,0,25,0,0,25,25,0,0.0,0.0,1.0,0.0,0.0,1.0
"G[2,2]((HCO3 <= 5.224 & Temp <= 8.933) & AST <= 36.319)
",5881382674781011.000,5.224,0.000,1.000,0.000,0,0,25,0,0,25,25,0,0.0,0.0,1.0,0.0,0.0,1.0
"G[0,2](Platelets <= 94.539 -> WBC >= 0.942)
",9999999.000,9999999.000,0.000,1.000,0.000,0,0,3,22,22,3,3,22,0.0,0.0,1.0,0.0,0.0,1.0
"G[2,2](((Fibrinogen >= 1.664 -> Magnesium >= 0.009) -> PTT <= 1.503) & Chloride <= 2.080)
",-1.503,-1.503,0.000,1.000,0.000,0,0,25,0,0,25,25,0,0.0,0.0,1.0,0.0,0.0,1.0
"G[0,2](((Calcium <= 8.900 & HR >= 54.668) -> Creatinine >= 7.742) -> AST <= 84.731)
",9999999.000,9999999.000,0.000,1.000,0.000,0,0,24,1,1,24,24,1,0.0,0.0,1.0,0.0,0.0,1.0
"G[1,2](Alkalinephos <= 16.835 & PaCO2 <= 18.084)
",9999999.000,9999999.000,0.000,1.000,0.000,0,0,21,4,4,21,21,4,0.0,0.0,1.0,0.0,0.0,1.0
"G[1,2](Resp <= 19.587 | Temp <= 26.667)
",9999999.000,9999999.000,0.000,1.000,0.000,0,0,25,0,0,25,25,0,0.0,0.0,1.0,0.0,0.0,1.0
"G[1,2]((Creatinine >= 0.008 | pH >= 0.119) -> Platelets >= 1.154)
",9999999.000,9999999.000,0.000,1.000,0.000,0,0,16,9,9,16,16,9,0.0,0.0,1.0,0.0,0.0,1.0
"G[2,2](BUN <= 8.955 & Creatinine >= 0.003)
",-0.003,-0.003,0.000,1.000,0.000,0,0,25,0,0,25,25,0,0.0,0.0,1.0,0.0,0.0,1.0
"G[1,2](((BaseExcess <= 1.061 & BUN >= 2.358) -> Lactate >= 2.174) -> Glucose >= 1.736)
",9999999.000,9999999.000,0.000,1.000,0.000,0,0,4,21,21,4,4,21,0.0,0.0,1.0,0.0,0.0,1.0
"G[0,0](((BUN <= 5.318 | PaCO2 <= 21.728) & EtCO2 >= 3.976) | TroponinI >= 5.973)
",1.677,8.874,0.000,1.000,0.000,0,0,0,25,25,0,0,25,0.0,0.0,0.0,0.0,0.0,1.0
"G[0,2](((Chloride >= 11.626 -> Resp >= 9.825) & WBC >= 3.719) | SepsisLabel <= 20.412)
",9999999.000,9999999.000,0.000,1.000,0.000,0,0,25,0,0,25,25,0,0.0,0.0,1.0,0.0,0.0,1.0
"G[2,2](((pH <= 7.278 & Potassium <= 0.837) & Alkalinephos <= 2.350) & SBP <= 4.164)
",0.837,0.837,0.000,1.000,0.000,0,0,25,0,0,25,25,0,0.0,0.0,1.0,0.0,0.0,1.0
"G[0,2](((FiO2 >= 0.075 | WBC <= 1.376) -> Hct >= 1.075) & SepsisLabel <= 3.444)
",9999999.000,9999999.000,0.000,1.000,0.000,0,0,3,22,22,3,3,22,0.0,0.0,1.0,0.0,0.0,1.0
"G[1,2](((BUN >= 1.556 | Temp >= 0.921) | PTT >= 2.972) & Glucose <= 13.528)
",9999999.000,9999999.000,0.000,1.000,0.000,0,0,7,18,18,7,7,18,0.0,0.0,1.0,0.0,0.0,1.0
"G[0,2](Platelets <= 38.526 -> WBC >= 0.054)
",9999999.000,9999999.000,0.000,1.000,0.000,0,0,3,22,22,3,3,22,0.0,0.0,1.0,0.0,0.0,1.0
"G[1,2]((Creatinine <= 0.422 -> SBP <= 131.199) -> Magnesium <= 119.876)
",9999999.000,9999999.000,0.000,1.000,0.000,0,0,25,0,0,25,25,0,0.0,0.0,1.0,0.0,0.0,1.0
"G[0,2](((PaCO2 <= 18.269 | Phosphate >= 0.039) & TroponinI <= 0.578) & PTT <= 1.857)
",9999999.000,9999999.000,0.000,1.000,0.000,0,0,13,12,12,13,13,12,0.0,0.0,1.0,0.0,0.0,1.0
"G[2,2]((BaseExcess >= 0.324 -> Magnesium >= 0.149) & Hgb <= 1.501)
",5368637054232844.000,0.149,0.000,1.000,0.000,0,0,25,0,0,25,25,0,0.0,0.0,1.0,0.0,0.0,1.0
"G[0,1](((Creatinine <= 0.091 -> FiO2 >= 0.005) & DBP <= 0.686) & EtCO2 <= 0.141)
",9999999.000,9999999.000,0.000,1.000,0.000,0,0,0,25,25,0,0,25,0.0,0.0,0.0,0.0,0.0,1.0
"G[0,2](PTT >= 0.937 -> SaO2 >= 2.168)
",9999999.000,9999999.000,0.000,1.000,0.000,0,0,21,4,4,21,21,4,0.0,0.0,1.0,0.0,0.0,1.0
"G[0,2](PTT >= 1.203 | SBP <= 120.408)
",9999999.000,9999999.000,0.000,1.000,0.000,0,0,11,14,14,11,11,14,0.0,0.0,1.0,0.0,0.0,1.0
"G[1,2]((BaseExcess >= 0.222 & HCO3 <= 21.339) -> FiO2 <= 6.237)
",9999999.000,9999999.000,0.000,1.000,0.000,0,0,25,0,0,25,25,0,0.0,0.0,1.0,0.0,0.0,1.0
"G[1,2](((FiO2 <= 0.874 & Platelets >= 4.776) | Calcium >= 11.618) & pH >= 1.998)
",9999999.000,9999999.000,0.000,1.000,0.000,0,0,1,24,24,1,1,24,0.0,0.0,1.0,0.0,0.0,1.0
"G[1,2](((pH >= 0.371 & Platelets >= 0.192) | Phosphate >= 7.122) | BaseExcess >= 7.970)
",9999999.000,9999999.000,0.000,1.000,0.000,0,0,1,24,24,1,1,24,0.0,0.0,1.0,0.0,0.0,1.0
"G[0,2](((BUN <= 16.585 | Hgb <= 3.877) -> Resp >= 0.488) & pH >= 1.021)
",9999999.000,9999999.000,0.000,1.000,0.000,0,0,6,19,19,6,6,19,0.0,0.0,1.0,0.0,0.0,1.0
"G[1,2]((Calcium >= 0.002 | PaCO2 >= 1.963) & O2Sat <= 10.443)
",9999999.000,9999999.000,0.000,1.000,0.000,0,0,1,24,24,1,1,24,0.0,0.0,1.0,0.0,0.0,1.0
"G[0,2](Chloride >= 5.603 & HCO3 >= 2.600)
",9999999.000,9999999.000,0.000,1.000,0.000,0,0,2,23,23,2,2,23,0.0,0.0,1.0,0.0,0.0,1.0
"G[2,2](((Hgb <= 9.619 | Hct <= 15.691) -> WBC >= 0.192) & Platelets >= 5.963)
",-15.691,-15.691,0.000,1.000,0.000,0,0,25,0,0,25,25,0,0.0,0.0,1.0,0.0,0.0,1.0
"G[0,2]((TroponinI >= 0.000 & AST >= 3.638) | Lactate <= 34.322)
",9999999.000,9999999.000,0.000,1.000,0.000,0,0,25,0,0,25,25,0,0.0,0.0,1.0,0.0,0.0,1.0
"G[1,2](Platelets <= 116.750 -> WBC >= 0.201)
",9999999.000,9999999.000,0.000,1.000,0.000,0,0,4,21,21,4,4,21,0.0,0.0,1.0,0.0,0.0,1.0
"G[1,2](((SBP <= 133.551 | SBP <= 120.558) | Chloride >= 35.918) -> MAP >= 26.437)
",9999999.000,9999999.000,0.000,1.000,0.000,0,0,23,2,2,23,23,2,0.0,0.0,1.0,0.0,0.0,1.0
"G[0,2](((Glucose <= 103.891 -> WBC >= 0.852) | EtCO2 <= 6.722) & PaCO2 >= 0.533)
",9999999.000,9999999.000,0.000,1.000,0.000,0,0,0,25,25,0,0,25,0.0,0.0,0.0,0.0,0.0,1.0
"G[2,2](Chloride >= 10.555 & HCO3 >= 1.854)
",-10.555,-10.555,0.000,1.000,0.000,0,0,25,0,0,25,25,0,0.0,0.0,1.0,0.0,0.0,1.0
"G[1,2](BUN <= 2.972 & Creatinine >= 0.058)
",9999999.000,9999999.000,0.000,1.000,0.000,0,0,0,25,25,0,0,25,0.0,0.0,0.0,0.0,0.0,1.0
"G[0,2](TroponinI <= 0.000 | WBC >= 0.028)
",9999999.000,9999999.000,0.000,1.000,0.000,0,0,25,0,0,25,25,0,0.0,0.0,1.0,0.0,0.0,1.0
"G[1,2](((Hgb <= 10.607 | Hct <= 16.208) -> WBC >= 0.726) & Platelets >= 2.808)
",9999999.000,9999999.000,0.000,1.000,0.000,0,0,1,24,24,1,1,24,0.0,0.0,1.0,0.0,0.0,1.0
"G[1,2](((Phosphate >= 0.031 -> MAP <= 77.643) | Potassium >= 2.974) | Bilirubin_total >= 43.616)
",9999999.000,9999999.000,0.000,1.000,0.000,0,0,25,0,0,25,25,0,0.0,0.0,1.0,0.0,0.0,1.0
"G[0,2](((PTT >= 0.870 -> Alkalinephos <= 43.047) & SaO2 >= 0.022) -> FiO2 >= 0.363)
",9999999.000,9999999.000,0.000,1.000,0.000,0,0,23,2,2,23,23,2,0.0,0.0,1.0,0.0,0.0,1.0
"G[0,2](BaseExcess >= 0.640 -> Hct <= 21.144)
",9999999.000,9999999.000,0.000,1.000,0.000,0,0,21,4,4,21,21,4,0.0,0.0,1.0,0.0,0.0,1.0
"G[1,2](Fibrinogen <= 7.810 | Fibrinogen >= 5.502)
",9999999.000,9999999.000,0.000,1.000,0.000,0,0,25,0,0,25,25,0,0.0,0.0,1.0,0.0,0.0,1.0
"G[1,2]((Potassium <= 1.876 -> Bilirubin_direct >= 0.000) & Chloride <= 0.000)
",9999999.000,9999999.000,0.000,1.000,0.000,0,0,21,4,4,21,21,4,0.0,0.0,1.0,0.0,0.0,1.0
"G[1,2]((Magnesium <= 1.431 | Calcium >= 0.020) & Hct <= 4.410)
",9999999.000,9999999.000,0.000,1.000,0.000,0,0,18,7,7,18,18,7,0.0,0.0,1.0,0.0,0.0,1.0
"G[1,2](((Fibrinogen >= 5.887 -> PaCO2 >= 2.682) | WBC >= 1.141) | Hct >= 4.500)
",9999999.000,9999999.000,0.000,1.000,0.000,0,0,25,0,0,25,25,0,0.0,0.0,1.0,0.0,0.0,1.0
"G[2,2](BUN <= 18.576 & Creatinine >= 0.010)
",-0.010,-0.010,0.000,1.000,0.000,0,0,25,0,0,25,25,0,0.0,0.0,1.0,0.0,0.0,1.0
"G[0,2]((Resp <= 20.930 & Magnesium >= 0.223) & Bilirubin_total >= 0.035)
",9999999.000,9999999.000,0.000,1.000,0.000,0,0,0,25,25,0,0,25,0.0,0.0,0.0,0.0,0.0,1.0
"G[0,2](Temp <= 21.710 -> Creatinine <= 0.064)
",9999999.000,9999999.000,0.000,1.000,0.000,0,0,22,3,3,22,22,3,0.0,0.0,1.0,0.0,0.0,1.0
"G[1,2](BUN <= 9.777 & Creatinine >= 0.013)
",9999999.000,9999999.000,0.000,1.000,0.000,0,0,0,25,25,0,0,25,0.0,0.0,0.0,0.0,0.0,1.0
"G[1,2]((PaCO2 >= 2.590 | Temp >= 3.354) & Bilirubin_total <= 9.326)
",9999999.000,9999999.000,0.000,1.000,0.000,0,0,7,18,18,7,7,18,0.0,0.0,1.0,0.0,0.0,1.0
"G[1,2](Chloride >= 5.614 & HCO3 >= 1.414)
",9999999.000,9999999.000,0.000,1.000,0.000,0,0,3,22,22,3,3,22,0.0,0.0,1.0,0.0,0.0,1.0
"G[0,2](Alkalinephos >= 0.253 & Resp >= 0.337)
",9999999.000,9999999.000,0.000,1.000,0.000,0,0,1,24,24,1,1,24,0.0,0.0,1.0,0.0,0.0,1.0
"G[0,1]((HCO3 >= 1.552 & MAP <= 79.230) & BUN >= 18.168)
",9999999.000,9999999.000,0.000,1.000,0.000,0,0,0,25,25,0,0,25,0.0,0.0,0.0,0.0,0.0,1.0
"G[1,1](BUN <= 16.169 & Creatinine >= 0.034)
",-0.034,-0.034,0.000,1.000,0.000,0,0,0,25,25,0,0,25,0.0,0.0,0.0,0.0,0.0,1.0
"G[1,2]((Alkalinephos <= 13.901 | Lactate >= 0.011) & DBP >= 0.023)
",9999999.000,9999999.000,0.000,1.000,0.000,0,0,20,5,5,20,20,5,0.0,0.0,1.0,0.0,0.0,1.0
"G[1,2]((SaO2 >= 2.271 & Temp <= 14.711) -> Potassium >= 2.674)
",9999999.000,9999999.000,0.000,1.000,0.000,0,0,23,2,2,23,23,2,0.0,0.0,1.0,0.0,0.0,1.0
"G[0,2](((Hgb <= 5.402 | Hct <= 24.722) -> WBC >= 1.052) & Platelets >= 4.621)
",9999999.000,9999999.000,0.000,1.000,0.000,0,0,1,24,24,1,1,24,0.0,0.0,1.0,0.0,0.0,1.0
"G[1,2](Platelets <= 51.664 -> WBC >= 0.170)
",9999999.000,9999999.000,0.000,1.000,0.000,0,0,4,21,21,4,4,21,0.0,0.0,1.0,0.0,0.0,1.0
"G[0,2](((Calcium <= 9.435 -> SaO2 <= 42.473) -> EtCO2 <= 23.433) -> MAP >= 2.918)
",9999999.000,9999999.000,0.000,1.000,0.000,0,0,22,3,3,22,22,3,0.0,0.0,1.0,0.0,0.0,1.0
"G[1,2](Chloride >= 15.761 & HCO3 >= 0.090)
",9999999.000,9999999.000,0.000,1.000,0.000,0,0,3,22,22,3,3,22,0.0,0.0,1.0,0.0,0.0,1.0
"G[0,2](BUN <= 12.349 & Creatinine >= 0.002)
",9999999.000,9999999.000,0.000,1.000,0.000,0,0,0,25,25,0,0,25,0.0,0.0,0.0,0.0,0.0,1.0
"G[1,2](Platelets <= 97.878 -> WBC >= 1.095)
",9999999.000,9999999.000,0.000,1.000,0.000,0,0,4,21,21,4,4,21,0.0,0.0,1.0,0.0,0.0,1.0
"G[0,2](DBP >= 19.245 -> Temp <= 34.908)
",9999999.000,9999999.000,0.000,1.000,0.000,0,0,22,3,3,22,22,3,0.0,0.0,1.0,0.0,0.0,1.0
"G[1,2](pH <= 5.805 -> PTT >= 1.362)
",9999999.000,9999999.000,0.000,1.000,0.000,0,0,11,14,14,11,11,14,0.0,0.0,1.0,0.0,0.0,1.0
"G[0,2]((Bilirubin_total >= 0.018 & Lactate >= 0.234) -> AST >= 0.232)
",9999999.000,9999999.000,0.000,1.000,0.000,0,0,25,0,0,25,25,0,0.0,0.0,1.0,0.0,0.0,1.0
"G[1,2](((Calcium >= 0.091 | O2Sat <= 94.298) -> MAP <= 95.832) -> Bilirubin_total >= 74.668)
",9999999.000,9999999.000,0.000,1.000,0.000,0,0,0,25,25,0,0,25,0.0,0.0,0.0,0.0,0.0,1.0
"G[0,1](BUN <= 3.760 & Creatinine >= 0.017)
",9999999.000,9999999.000,0.000,1.000,0.000,0,0,0,25,25,0,0,25,0.0,0.0,0.0,0.0,0.0,1.0
"G[0,2](((Magnesium <= 1.764 & PaCO2 >= 5.671) & BUN <= 15.332) & Hgb >= 0.208)
",9999999.000,9999999.000,0.000,1.000,0.000,0,0,0,25,25,0,0,25,0.0,0.0,0.0,0.0,0.0,1.0
"G[1,2](((Hgb <= 6.327 | Hct <= 22.526) -> WBC >= 0.315) & Platelets >= 1.771)
",9999999.000,9999999.000,0.000,1.000,0.000,0,0,1,24,24,1,1,24,0.0,0.0,1.0,0.0,0.0,1.0
"G[2,2](Fibrinogen <= 137.927 -> Phosphate >= 0.048)
",-137.927,-137.927,0.000,1.000,0.000,0,0,25,0,0,25,25,0,0.0,0.0,1.0,0.0,0.0,1.0
"G[1,2](((Phosphate <= 1.187 | SBP <= 117.877) | SepsisLabel <= 99.072) & Bilirubin_total >= 71.765)
",9999999.000,9999999.000,0.000,1.000,0.000,0,0,0,25,25,0,0,25,0.0,0.0,0.0,0.0,0.0,1.0
"G[1,2](Platelets <= 60.199 -> WBC >= 1.109)
",9999999.000,9999999.000,0.000,1.000,0.000,0,0,4,21,21,4,4,21,0.0,0.0,1.0,0.0,0.0,1.0
"G[2,2](BUN <= 11.469 & Creatinine >= 0.044)
",-6349560540063932.000,-0.044,0.000,1.000,0.000,0,0,25,0,0,25,25,0,0.0,0.0,1.0,0.0,0.0,1.0
"G[2,2]((Creatinine <= 0.251 -> PTT >= 2.248) & Bilirubin_total <= 67.897)
",-0.251,-0.251,0.000,1.000,0.000,0,0,25,0,0,25,25,0,0.0,0.0,1.0,0.0,0.0,1.0
"G[0,2]((DBP >= 10.007 | SBP >= 43.733) & FiO2 >= 5.204)
",9999999.000,9999999.000,0.000,1.000,0.000,0,0,0,25,25,0,0,25,0.0,0.0,0.0,0.0,0.0,1.0
"G[0,2](Alkalinephos <= 36.041 & Magnesium >= 0.230)
",9999999.000,9999999.000,0.000,1.000,0.000,0,0,2,23,23,2,2,23,0.0,0.0,1.0,0.0,0.0,1.0
"G[2,2]((Phosphate >= 0.001 -> Platelets >= 2.510) | Fibrinogen <= 36.096)
",36.096,36.096,0.000,1.000,0.000,0,0,25,0,0,25,25,0,0.0,0.0,1.0,0.0,0.0,1.0
"G[2,2](BUN >= 1.031 -> Potassium >= 0.081)
",5808843827265476.000,0.081,0.000,1.000,0.000,0,0,25,0,0,25,25,0,0.0,0.0,1.0,0.0,0.0,1.0
"G[0,2]((AST >= 3.979 & Hct >= 4.715) -> SaO2 >= 4.895)
",9999999.000,9999999.000,0.000,1.000,0.000,0,0,24,1,1,24,24,1,0.0,0.0,1.0,0.0,0.0,1.0
"G[0,2](((HCO3 <= 21.056 & Potassium >= 0.465) & O2Sat >= 0.350) | SBP <= 2.097)
",9999999.000,9999999.000,0.000,1.000,0.000,0,0,5,20,20,5,5,20,0.0,0.0,1.0,0.0,0.0,1.0
"G[1,2]((AST <= 47.924 | Chloride >= 14.781) -> Platelets <= 97.100)
",9999999.000,9999999.000,0.000,1.000,0.000,0,0,24,1,1,24,24,1,0.0,0.0,1.0,0.0,0.0,1.0
"G[1,2](Platelets >= 2.030 | Potassium >= 0.604)
",9999999.000,9999999.000,0.000,1.000,0.000,0,0,5,20,20,5,5,20,0.0,0.0,1.0,0.0,0.0,1.0
"G[1,2](Calcium <= 5.966 & Phosphate >= 0.032)
",9999999.000,9999999.000,0.000,1.000,0.000,0,0,0,25,25,0,0,25,0.0,0.0,0.0,0.0,0.0,1.0
"G[1,2]((Chloride <= 50.666 -> Platelets <= 94.980) -> Potassium >= 11.781)
",9999999.000,9999999.000,0.000,1.000,0.000,0,0,1,24,24,1,1,24,0.0,0.0,1.0,0.0,0.0,1.0
"G[1,2]((Glucose <= 80.914 | WBC <= 3.052) & SaO2 >= 0.081)
",9999999.000,9999999.000,0.000,1.000,0.000,0,0,3,22,22,3,3,22,0.0,0.0,1.0,0.0,0.0,1.0
"G[2,2]((DBP >= 5.859 | Lactate >= 0.062) -> MAP <= 2.658)
",-2.658,-2.658,0.000,1.000,0.000,0,0,25,0,0,25,25,0,0.0,0.0,1.0,0.0,0.0,1.0
"G[2,2](Creatinine >= 0.034 | Lactate <= 3.660)
",3.660,3.660,0.000,1.000,0.000,0,0,25,0,0,25,25,0,0.0,0.0,1.0,0.0,0.0,1.0
"G[2,2](Bilirubin_total >= 0.015 | HCO3 <= 18.678)
",18.678,18.678,0.000,1.000,0.000,0,0,25,0,0,25,25,0,0.0,0.0,1.0,0.0,0.0,1.0
"G[2,2](Alkalinephos <= 29.350 -> PTT <= 29.663)
",-29.663,-29.663,0.000,1.000,0.000,0,0,25,0,0,25,25,0,0.0,0.0,1.0,0.0,0.0,1.0
"G[0,2]((BaseExcess <= 3.730 | SBP <= 129.914) -> Hgb >= 48.885)
",9999999.000,9999999.000,0.000,1.000,0.000,0,0,0,25,25,0,0,25,0.0,0.0,0.0,0.0,0.0,1.0
"G[1,2](((Phosphate >= 0.052 -> WBC <= 4.940) | Alkalinephos >= 0.392) & BUN >= 0.838)
",9999999.000,9999999.000,0.000,1.000,0.000,0,0,3,22,22,3,3,22,0.0,0.0,1.0,0.0,0.0,1.0
"G[1,2](SepsisLabel <= 0.000 -> SepsisLabel = 0.000)
",9999999.000,9999999.000,0.000,1.000,0.000,0,0,25,0,0,25,25,0,0.0,0.0,1.0,0.0,0.0,1.0
"G[0,2](TroponinI <= 0.000 -> SepsisLabel = 0.000)
",9999999.000,9999999.000,0.000,1.000,0.000,0,0,25,0,0,25,25,0,0.0,0.0,1.0,0.0,0.0,1.0
"G[0,2]((HCO3 <= 11.317 & Platelets <= 27.496) | Magnesium >= 3.655)
",9999999.000,9999999.000,0.000,1.000,0.000,0,0,20,5,5,20,20,5,0.0,0.0,1.0,0.0,0.0,1.0
"G[1,2](((Glucose >= 9.506 -> Hgb >= 0.734) -> SaO2 <= 2.157) | HCO3 <= 9.105)
",9999999.000,9999999.000,0.000,1.000,0.000,0,0,24,1,1,24,24,1,0.0,0.0,1.0,0.0,0.0,1.0
"G[0,2](Bilirubin_direct <= 0.000 -> SepsisLabel = 0.000)
",9999999.000,9999999.000,0.000,1.000,0.000,0,0,25,0,0,25,25,0,0.0,0.0,1.0,0.0,0.0,1.0
"G[0,2]((Alkalinephos >= 0.259 -> WBC <= 7.262) -> Chloride >= 0.041)
",9999999.000,9999999.000,0.000,1.000,0.000,0,0,3,22,22,3,3,22,0.0,0.0,1.0,0.0,0.0,1.0
"G[1,2]((HCO3 >= 2.517 -> Hct <= 8.110) & HR >= 0.859)
",9999999.000,9999999.000,0.000,1.000,0.000,0,0,21,4,4,21,21,4,0.0,0.0,1.0,0.0,0.0,1.0
"G[0,2](((MAP >= 15.309 -> SBP <= 115.197) -> HCO3 <= 127.994) -> SepsisLabel <= 124.233)
",9999999.000,9999999.000,0.000,1.000,0.000,0,0,25,0,0,25,25,0,0.0,0.0,1.0,0.0,0.0,1.0
"G[0,2](((AST >= 3.982 | Phosphate >= 0.038) -> BaseExcess <= 1.379) -> Fibrinogen >= 0.052)
",9999999.000,9999999.000,0.000,1.000,0.000,0,0,1,24,24,1,1,24,0.0,0.0,1.0,0.0,0.0,1.0
"G[2,2]((AST <= 60.107 & Calcium <= 2.009) | Bilirubin_total <= 3.648)
",3.648,3.648,0.000,1.000,0.000,0,0,25,0,0,25,25,0,0.0,0.0,1.0,0.0,0.0,1.0
"G[1,2]((Chloride <= 85.062 | WBC <= 8.074) -> EtCO2 >= 0.152)
",9999999.000,9999999.000,0.000,1.000,0.000,0,0,2,23,23,2,2,23,0.0,0.0,1.0,0.0,0.0,1.0
"G[1,2](((Hgb <= 2.429 & Potassium >= 0.253) & pH <= 3.264) & SaO2 <= 3.232)
",9999999.000,9999999.000,0.000,1.000,0.000,0,0,1,24,24,1,1,24,0.0,0.0,1.0,0.0,0.0,1.0
"G[1,2](((AST >= 2.988 & BUN <= 8.968) & Lactate <= 10.319) -> Alkalinephos <= 11.404)
",9999999.000,9999999.000,0.000,1.000,0.000,0,0,25,0,0,25,25,0,0.0,0.0,1.0,0.0,0.0,1.0
"G[0,1](Hct >= 3.168 & Potassium <= 1.656)
",9999999.000,9999999.000,0.000,1.000,0.000,0,0,0,25,25,0,0,25,0.0,0.0,0.0,0.0,0.0,1.0
"G[2,2](((Bilirubin_total <= 0.762 -> Creatinine >= 0.053) | Bilirubin_total <= 0.741) | PaCO2 >= 0.017)
",0.741,0.741,0.000,1.000,0.000,0,0,25,0,0,25,25,0,0.0,0.0,1.0,0.0,0.0,1.0
"G[2,2](((Potassium <= 2.283 & WBC >= 0.941) | Bilirubin_total >= 0.839) & Resp >= 0.683)
",-7559537384404035.000,-0.839,0.000,1.000,0.000,0,0,25,0,0,25,25,0,0.0,0.0,1.0,0.0,0.0,1.0
"G[1,2](Hgb >= 0.058 & WBC >= 0.362)
",9999999.000,9999999.000,0.000,1.000,0.000,0,0,3,22,22,3,3,22,0.0,0.0,1.0,0.0,0.0,1.0
"G[0,2](Hct >= 2.082 | Platelets <= 100.092)
",9999999.000,9999999.000,0.000,1.000,0.000,0,0,25,0,0,25,25,0,0.0,0.0,1.0,0.0,0.0,1.0
"G[1,2]((Platelets >= 5.108 -> PTT <= 45.602) & Lactate >= 0.912)
",9999999.000,9999999.000,0.000,1.000,0.000,0,0,3,22,22,3,3,22,0.0,0.0,1.0,0.0,0.0,1.0
"G[0,1](((Bilirubin_total <= 0.505 | PTT >= 1.278) -> DBP >= 0.654) & Bilirubin_direct >= 3.260)
",9999999.000,9999999.000,0.000,1.000,0.000,0,0,0,25,25,0,0,25,0.0,0.0,0.0,0.0,0.0,1.0
"G[1,2](((Calcium <= 3.337 -> PTT >= 2.203) -> Platelets >= 2.976) | Fibrinogen >= 1.040)
",9999999.000,9999999.000,0.000,1.000,0.000,0,0,25,0,0,25,25,0,0.0,0.0,1.0,0.0,0.0,1.0
"G[0,2]((HR <= 70.471 | Lactate >= 0.203) -> DBP >= 0.178)
",9999999.000,9999999.000,0.000,1.000,0.000,0,0,21,4,4,21,21,4,0.0,0.0,1.0,0.0,0.0,1.0
"G[0,2]((DBP <= 33.680 -> O2Sat >= 69.369) & Fibrinogen >= 20.655)
",9999999.000,9999999.000,0.000,1.000,0.000,0,0,0,25,25,0,0,25,0.0,0.0,0.0,0.0,0.0,1.0
"G[0,0]((BaseExcess <= 2.079 | PaCO2 <= 20.456) & EtCO2 >= 4.689)
",1.544,8.148,0.000,1.000,0.000,0,0,0,25,25,0,0,25,0.0,0.0,0.0,0.0,0.0,1.0
"G[1,2]((BaseExcess <= 3.862 & Resp >= 0.151) -> SaO2 <= 20.496)
",9999999.000,9999999.000,0.000,1.000,0.000,0,0,22,3,3,22,22,3,0.0,0.0,1.0,0.0,0.0,1.0
"G[1,2]((BaseExcess >= 0.518 -> Hct <= 24.535) | Resp <= 28.155)
",9999999.000,9999999.000,0.000,1.000,0.000,0,0,25,0,0,25,25,0,0.0,0.0,1.0,0.0,0.0,1.0
"G[2,2](Hgb <= 9.458 & Phosphate <= 0.122)
",8755610256875254.000,0.122,0.000,1.000,0.000,0,0,25,0,0,25,25,0,0.0,0.0,1.0,0.0,0.0,1.0
"G[1,2]((BUN >= 1.594 | DBP <= 46.260) | Hct <= 28.847)
",9999999.000,9999999.000,0.000,1.000,0.000,0,0,24,1,1,24,24,1,0.0,0.0,1.0,0.0,0.0,1.0
"G[1,2](((Glucose <= 34.872 & PTT >= 3.414) -> BUN <= 76.649) & Hct <= 67.402)
",9999999.000,9999999.000,0.000,1.000,0.000,0,0,25,0,0,25,25,0,0.0,0.0,1.0,0.0,0.0,1.0
"G[1,2]((HR >= 34.345 & Platelets <= 70.208) -> Lactate >= 2.436)
",9999999.000,9999999.000,0.000,1.000,0.000,0,0,3,22,22,3,3,22,0.0,0.0,1.0,0.0,0.0,1.0
"G[1,2](((FiO2 >= 0.043 -> HR >= 23.606) | HR <= 89.724) | HR <= 79.503)
",9999999.000,9999999.000,0.000,1.000,0.000,0,0,25,0,0,25,25,0,0.0,0.0,1.0,0.0,0.0,1.0
"G[0,2](BUN <= 12.601 & Creatinine >= 0.057)
",9999999.000,9999999.000,0.000,1.000,0.000,0,0,0,25,25,0,0,25,0.0,0.0,0.0,0.0,0.0,1.0
"G[0,2](Hct >= 1.493 -> Resp <= 16.721)
",9999999.000,9999999.000,0.000,1.000,0.000,0,0,24,1,1,24,24,1,0.0,0.0,1.0,0.0,0.0,1.0
"G[1,2](Fibrinogen >= 2.553 -> PaCO2 <= 7.513)
",9999999.000,9999999.000,0.000,1.000,0.000,0,0,25,0,0,25,25,0,0.0,0.0,1.0,0.0,0.0,1.0
"G[1,2](((Hgb <= 5.224 | Hct <= 29.092) -> WBC >= 0.993) & Platelets >= 6.990)
",9999999.000,9999999.000,0.000,1.000,0.000,0,0,1,24,24,1,1,24,0.0,0.0,1.0,0.0,0.0,1.0
"G[1,2]((Hct >= 2.463 -> O2Sat <= 95.509) & HR <= 88.331)
",9999999.000,9999999.000,0.000,1.000,0.000,0,0,20,5,5,20,20,5,0.0,0.0,1.0,0.0,0.0,1.0
"G[2,2]((MAP >= 13.350 & Temp <= 33.481) | Bilirubin_direct <= 20.819)
",5860079272196077.000,20.819,0.000,1.000,0.000,0,0,25,0,0,25,25,0,0.0,0.0,1.0,0.0,0.0,1.0
"G[1,2]((MAP >= 13.678 & WBC <= 6.654) -> Resp >= 0.255)
",9999999.000,9999999.000,0.000,1.000,0.000,0,0,25,0,0,25,25,0,0.0,0.0,1.0,0.0,0.0,1.0
"G[0,2](pH >= 1.854 & Resp >= 3.892)
",9999999.000,9999999.000,0.000,1.000,0.000,0,0,6,19,19,6,6,19,0.0,0.0,1.0,0.0,0.0,1.0
"G[1,2](Magnesium <= 0.582 & SaO2 >= 6.897)
",9999999.000,9999999.000,0.000,1.000,0.000,0,0,2,23,23,2,2,23,0.0,0.0,1.0,0.0,0.0,1.0
"G[0,1](BUN <= 14.962 & Creatinine >= 0.039)
",9999999.000,9999999.000,0.000,1.000,0.000,0,0,0,25,25,0,0,25,0.0,0.0,0.0,0.0,0.0,1.0
"G[0,2]((HR >= 34.701 & pH >= 0.875) | HR >= 0.280)
",9999999.000,9999999.000,0.000,1.000,0.000,0,0,22,3,3,22,22,3,0.0,0.0,1.0,0.0,0.0,1.0
"G[1,2](Alkalinephos >= 0.566 & pH <= 7.204)
",9999999.000,9999999.000,0.000,1.000,0.000,0,0,1,24,24,1,1,24,0.0,0.0,1.0,0.0,0.0,1.0
"G[0,2](PaCO2 >= 1.144 | Platelets <= 60.431)
",9999999.000,9999999.000,0.000,1.000,0.000,0,0,22,3,3,22,22,3,0.0,0.0,1.0,0.0,0.0,1.0
"G[0,2](((Hgb <= 3.187 | Hct <= 16.969) -> WBC >= 0.172) & Platelets >= 7.323)
",9999999.000,9999999.000,0.000,1.000,0.000,0,0,1,24,24,1,1,24,0.0,0.0,1.0,0.0,0.0,1.0
"G[1,2](((BaseExcess <= 3.599 & SaO2 >= 3.157) -> pH <= 23.995) & HCO3 >= 4.562)
",9999999.000,9999999.000,0.000,1.000,0.000,0,0,3,22,22,3,3,22,0.0,0.0,1.0,0.0,0.0,1.0
"G[2,2]((HR >= 36.444 -> MAP <= 83.629) & Bilirubin_total <= 75.358)
",-5884899038618001.000,-83.629,0.000,1.000,0.000,0,0,25,0,0,25,25,0,0.0,0.0,1.0,0.0,0.0,1.0
"G[1,2]((HR <= 87.547 | PaCO2 <= 30.409) & Alkalinephos >= 2.184)
",9999999.000,9999999.000,0.000,1.000,0.000,0,0,1,24,24,1,1,24,0.0,0.0,1.0,0.0,0.0,1.0
"G[0,2](Creatinine <= 0.828 & HR <= 91.240)
",9999999.000,9999999.000,0.000,1.000,0.000,0,0,21,4,4,21,21,4,0.0,0.0,1.0,0.0,0.0,1.0
"G[0,2](((Creatinine >= 0.045 | DBP >= 2.871) | Hct >= 7.398) -> O2Sat <= 47.710)
",9999999.000,9999999.000,0.000,1.000,0.000,0,0,4,21,21,4,4,21,0.0,0.0,1.0,0.0,0.0,1.0
"G[2,2](Bilirubin_total >= 0.011 -> Hgb <= 9.664)
",-9.664,-9.664,0.000,1.000,0.000,0,0,25,0,0,25,25,0,0.0,0.0,1.0,0.0,0.0,1.0
"G[0,1](((Chloride >= 6.654 & PTT >= 0.972) -> pH >= 3.734) & Calcium >= 1.625)
",9999999.000,9999999.000,0.000,1.000,0.000,0,0,0,25,25,0,0,25,0.0,0.0,0.0,0.0,0.0,1.0
"G[2,2](((HCO3 <= 14.645 & SaO2 <= 78.501) | FiO2 <= 30.886) & SaO2 >= 11.586)
",-11.586,-11.586,0.000,1.000,0.000,0,0,25,0,0,25,25,0,0.0,0.0,1.0,0.0,0.0,1.0
"G[0,2](Creatinine <= 0.215 -> SepsisLabel = 0.000)
",9999999.000,9999999.000,0.000,1.000,0.000,0,0,25,0,0,25,25,0,0.0,0.0,1.0,0.0,0.0,1.0
"G[1,2](((BUN >= 1.451 | PTT <= 23.125) | BaseExcess >= 5.155) | O2Sat >= 5.533)
",9999999.000,9999999.000,0.000,1.000,0.000,0,0,25,0,0,25,25,0,0.0,0.0,1.0,0.0,0.0,1.0
"G[2,2](HR > 53.479 & SepsisLabel = 0.000)
",-7526472804154179.000,-53.479,0.000,1.000,0.000,0,0,25,0,0,25,25,0,0.0,0.0,1.0,0.0,0.0,1.0
"G[0,2](PTT > 4.056 -> SepsisLabel = 0.000)
",9999999.000,9999999.000,0.000,1.000,0.000,0,0,25,0,0,25,25,0,0.0,0.0,1.0,0.0,0.0,1.0
"G[1,2](HR <= 74.557 & PTT >= 2.191)
",9999999.000,9999999.000,0.000,1.000,0.000,0,0,1,24,24,1,1,24,0.0,0.0,1.0,0.0,0.0,1.0
"G[0,2](((Chloride >= 2.310 | Phosphate >= 0.033) | Phosphate <= 1.763) & Creatinine >= 0.015)
",9999999.000,9999999.000,0.000,1.000,0.000,0,0,0,25,25,0,0,25,0.0,0.0,0.0,0.0,0.0,1.0
"G[2,2]((HCO3 <= 18.090 | PTT <= 41.749) -> Bilirubin_total >= 3.981)
",-41.749,-41.749,0.000,1.000,0.000,0,0,25,0,0,25,25,0,0.0,0.0,1.0,0.0,0.0,1.0
"G[1,2](FiO2 > 0.036 -> SepsisLabel = 0.000)
",9999999.000,9999999.000,0.000,1.000,0.000,0,0,25,0,0,25,25,0,0.0,0.0,1.0,0.0,0.0,1.0
"G[0,2]((BaseExcess <= 2.884 | DBP <= 42.591) & Platelets >= 18.919)
",9999999.000,9999999.000,0.000,1.000,0.000,0,0,1,24,24,1,1,24,0.0,0.0,1.0,0.0,0.0,1.0
"G[0,2](BUN >= 1.926 | SaO2 <= 73.725)
",9999999.000,9999999.000,0.000,1.000,0.000,0,0,22,3,3,22,22,3,0.0,0.0,1.0,0.0,0.0,1.0
"G[1,2](((Glucose <= 113.822 | HCO3 <= 15.899) -> HCO3 <= 18.120) & DBP <= 13.419)
",9999999.000,9999999.000,0.000,1.000,0.000,0,0,3,22,22,3,3,22,0.0,0.0,1.0,0.0,0.0,1.0
"G[1,2](DBP < 41.414 -> SepsisLabel = 0.000)
",9999999.000,9999999.000,0.000,1.000,0.000,0,0,25,0,0,25,25,0,0.0,0.0,1.0,0.0,0.0,1.0
"G[1,2](((Bilirubin_total <= 0.143 & Glucose <= 117.937) -> SBP >= 23.612) | Glucose >= 18.540)
",9999999.000,9999999.000,0.000,1.000,0.000,0,0,22,3,3,22,22,3,0.0,0.0,1.0,0.0,0.0,1.0
"G[0,2]((Calcium >= 0.141 | Glucose >= 16.652) -> WBC <= 68.726)
",9999999.000,9999999.000,0.000,1.000,0.000,0,0,25,0,0,25,25,0,0.0,0.0,1.0,0.0,0.0,1.0
"G[2,2]((Resp <= 14.477 -> WBC <= 2.106) & HCO3 >= 0.311)
",-14.477,-14.477,0.000,1.000,0.000,0,0,25,0,0,25,25,0,0.0,0.0,1.0,0.0,0.0,1.0
"G[1,2](((Lactate <= 2.608 & Potassium <= 3.124) & SaO2 <= 3.737) & Alkalinephos >= 0.638)
",9999999.000,9999999.000,0.000,1.000,0.000,0,0,0,25,25,0,0,25,0.0,0.0,0.0,0.0,0.0,1.0
"G[0,2](((Platelets >= 9.239 -> Resp <= 13.488) | Hgb >= 4.029) & TroponinI <= 20.531)
",9999999.000,9999999.000,0.000,1.000,0.000,0,0,24,1,1,24,24,1,0.0,0.0,1.0,0.0,0.0,1.0
"G[0,2]((Creatinine >= 0.006 & Resp >= 5.692) | HCO3 <= 15.836)
",9999999.000,9999999.000,0.000,1.000,0.000,0,0,21,4,4,21,21,4,0.0,0.0,1.0,0.0,0.0,1.0
"G[2,2](((Magnesium <= 1.154 | AST <= 31.371) | O2Sat >= 2.204) -> Calcium <= 51.950)
",-51.950,-51.950,0.000,1.000,0.000,0,0,25,0,0,25,25,0,0.0,0.0,1.0,0.0,0.0,1.0
