Rule,Discrimination Score,Pos Robustness,Neg Robustness,Percent Class +,Percent Class -,TP,TN,FP,FN,Actual Yes,Actual No,Predicted Yes,Predicted No,TPR/Sens,TNR/Spec,FPR,Precision,Accuracy,MCR
"((LOS <= 3.874) U[0,1] (n_evts >= 0.224))
",0.000,-9999999.000,-9999999.000,0.000,1.000,46,14,0,0,46,14,46,14,1.0,1.0,0.0,1.0,1.0,0.0
"((ICU_Pt_Days >= 0.258) U[0,0] (n_evts >= 0.051))
",-1.861,-0.051,3.230,0.000,1.000,46,14,0,0,46,14,46,14,1.0,1.0,0.0,1.0,1.0,0.0
"F[0,0](n_evts >= 0.232 & PARTIAL_THROMBOPLASTIN_TIME >= 27.718)
",-1.243,-0.968,0.768,0.000,1.000,46,14,0,0,46,14,46,14,1.0,1.0,0.0,1.0,1.0,0.0
"F[0,1](n_evts >= 0.083 & SpO2 >= 90.138)
",0.000,-9999999.000,-9999999.000,0.000,1.000,46,13,1,0,46,14,47,13,1.0,0.9285714285714286,0.07142857142857142,0.9787234042553191,0.9833333333333333,0.01666666666666672
"((LOS >= 1.035) U[1,2] (s2_edrk >= -0.002))
",0.000,-9999999.000,-9999999.000,0.000,1.000,46,12,0,2,48,12,46,14,0.9583333333333334,1.0,0.0,1.0,0.9666666666666667,0.033333333333333326
"((LOS >= 1.295) U[1,1] (Resp >= 14.974))
",-0.562,1.939,4.511,0.000,1.000,46,12,2,0,46,14,48,12,1.0,0.8571428571428571,0.14285714285714285,0.9583333333333334,0.9666666666666667,0.033333333333333326
"F[0,0](s8_edrk <= 0.003 & tte <= -0.056)
",-1.581,-0.056,-0.014,0.000,1.000,46,11,3,0,46,14,49,11,1.0,0.7857142857142857,0.21428571428571427,0.9387755102040817,0.95,0.050000000000000044
"((ICU_Pt_Days >= 0.515) U[1,2] (lds <= 1.966))
",0.000,-9999999.000,-9999999.000,0.000,1.000,46,10,2,2,48,12,48,12,0.9583333333333334,0.8333333333333334,0.16666666666666666,0.9583333333333334,0.9333333333333333,0.06666666666666665
"F[0,0](af >= 0.003 | y >= 0.106)
",-1.581,-0.003,0.638,0.000,1.000,46,9,5,0,46,14,51,9,1.0,0.6428571428571429,0.35714285714285715,0.9019607843137255,0.9166666666666666,0.08333333333333337
"((POTASSIUM >= 3.828) U[0,1] (y >= 0.108))
",0.000,-9999999.000,-9999999.000,0.000,1.000,46,9,5,0,46,14,51,9,1.0,0.6428571428571429,0.35714285714285715,0.9019607843137255,0.9166666666666666,0.08333333333333337
"F[0,1](s2_edrk >= -0.002 & y >= 0.063)
",0.000,-9999999.000,-9999999.000,0.000,1.000,46,9,5,0,46,14,51,9,1.0,0.6428571428571429,0.35714285714285715,0.9019607843137255,0.9166666666666666,0.08333333333333337
"((O2_Flow <= 6.369) U[1,1] (y >= 0.069))
",0.668,3.369,2.386,0.000,1.000,46,9,5,0,46,14,51,9,1.0,0.6428571428571429,0.35714285714285715,0.9019607843137255,0.9166666666666666,0.08333333333333337
"F[1,1](ICU_Pt_Days < 3.256 -> y = 0.521)
",-2.195,-3.256,-0.538,0.000,1.000,46,8,6,0,46,14,52,8,1.0,0.5714285714285714,0.42857142857142855,0.8846153846153846,0.9,0.09999999999999998
"((death <= 0.597) U[0,0] (lds >= 0.786))
",-0.737,0.597,0.743,0.000,1.000,39,14,0,7,46,14,39,21,0.8478260869565217,1.0,0.0,1.0,0.8833333333333333,0.1166666666666667
"((direct >= 0.021) U[1,1] (s8_edrk >= -0.008))
",-1.150,0.008,0.562,0.000,1.000,46,7,7,0,46,14,53,7,1.0,0.5,0.5,0.8679245283018868,0.8833333333333333,0.1166666666666667
"F[0,0](direct >= 0.104 & ICU_Pt_Days >= 0.235)
",-1.430,-0.235,0.430,0.000,1.000,46,7,7,0,46,14,53,7,1.0,0.5,0.5,0.8679245283018868,0.8833333333333333,0.1166666666666667
"F[0,1](direct < 0.939 -> y = 0.569)
",0.000,-9999999.000,-9999999.000,0.000,1.000,46,7,7,0,46,14,53,7,1.0,0.5,0.5,0.8679245283018868,0.8833333333333333,0.1166666666666667
"((af >= 1.850403732431097e-05) U[0,0] (lds >= 0.740))
",-2.862,0.021,0.776,0.000,1.000,37,14,0,9,46,14,37,23,0.8043478260869565,1.0,0.0,1.0,0.85,0.15000000000000002
"F[0,1](hr >= 69.764 & SpO2 <= 97.439)
",0.000,-9999999.000,-9999999.000,0.000,1.000,39,9,5,7,46,14,44,16,0.8478260869565217,0.6428571428571429,0.35714285714285715,0.8863636363636364,0.8,0.19999999999999996
"F[0,1](AF >= 0.002 | hr >= 76.651)
",0.000,-9999999.000,-9999999.000,0.000,1.000,34,14,0,12,46,14,34,26,0.7391304347826086,1.0,0.0,1.0,0.8,0.19999999999999996
"F[0,1](Resp >= 12.823 -> y = 0.835)
",0.000,-9999999.000,-9999999.000,0.000,1.000,46,2,12,0,46,14,58,2,1.0,0.14285714285714285,0.8571428571428571,0.7931034482758621,0.8,0.19999999999999996
"F[0,1](hr >= 76.147 & s8_edrk >= -0.005)
",0.000,-9999999.000,-9999999.000,0.000,1.000,34,14,0,12,46,14,34,26,0.7391304347826086,1.0,0.0,1.0,0.8,0.19999999999999996
"((MET >= 0.027) U[1,2] (s2_edrk <= 0.001))
",0.000,-9999999.000,-9999999.000,0.000,1.000,46,2,8,4,50,10,54,6,0.92,0.2,0.8,0.8518518518518519,0.8,0.19999999999999996
"F[0,1](death >= 0.064 & Glasgow_Coma_Scale_Total <= 14.980)
",0.000,-9999999.000,-9999999.000,0.000,1.000,46,2,12,0,46,14,58,2,1.0,0.14285714285714285,0.8571428571428571,0.7931034482758621,0.8,0.19999999999999996
"F[0,0](AF >= 0.011 & s24_hr >= -0.001)
",-0.632,-0.011,-0.008,0.000,1.000,46,2,12,0,46,14,58,2,1.0,0.14285714285714285,0.8571428571428571,0.7931034482758621,0.8,0.19999999999999996
"F[0,1](SBP < 153.871 -> y = 0.195)
",0.000,-9999999.000,-9999999.000,0.000,1.000,46,2,12,0,46,14,58,2,1.0,0.14285714285714285,0.8571428571428571,0.7931034482758621,0.8,0.19999999999999996
"((AF <= 0.304) U[0,0] (Glasgow_Coma_Scale_Total <= 14.978))
",-0.011,0.304,0.307,0.000,1.000,46,2,12,0,46,14,58,2,1.0,0.14285714285714285,0.8571428571428571,0.7931034482758621,0.8,0.19999999999999996
"F[0,0](Pulse >= 66.724 & s24_hr <= 0.000)
",-0.527,-1.027,0.000,0.000,1.000,35,12,2,11,46,14,37,23,0.7608695652173914,0.8571428571428571,0.14285714285714285,0.9459459459459459,0.7833333333333333,0.21666666666666667
"F[1,1](lds <= 1.755 -> y = 0.466)
",-0.935,-1.182,-0.571,0.000,1.000,45,2,12,1,46,14,57,3,0.9782608695652174,0.14285714285714285,0.8571428571428571,0.7894736842105263,0.7833333333333333,0.21666666666666667
"((Glasgow_Coma_Scale_Total <= 14.954) U[1,2] (n_edrk >= 0.344))
",0.000,-9999999.000,-9999999.000,0.000,1.000,45,2,8,5,50,10,53,7,0.9,0.2,0.8,0.8490566037735849,0.7833333333333333,0.21666666666666667
"((Temp <= 37.032) U[0,1] (y = 0.181))
",0.000,-9999999.000,-9999999.000,0.000,1.000,46,0,14,0,46,14,60,0,1.0,0.0,1.0,0.7666666666666667,0.7666666666666667,0.23333333333333328
"((BLOOD_UREA_NITROGEN <= 20.923) U[1,1] (death >= 0.021))
",0.135,0.225,0.122,0.000,1.000,46,0,14,0,46,14,60,0,1.0,0.0,1.0,0.7666666666666667,0.7666666666666667,0.23333333333333328
"((direct >= 0.074) U[1,2] (y <= 0.424))
",0.000,-9999999.000,-9999999.000,0.000,1.000,46,0,5,9,55,5,51,9,0.8363636363636363,0.0,1.0,0.9019607843137255,0.7666666666666667,0.23333333333333328
"F[1,1](PARTIAL_THROMBOPLASTIN_TIME <= 30.950 & tte <= -0.202)
",0.527,-0.709,-0.850,0.000,1.000,46,0,14,0,46,14,60,0,1.0,0.0,1.0,0.7666666666666667,0.7666666666666667,0.23333333333333328
"((s8_edrk <= 0.002) U[0,1] (y = 0.940))
",0.000,-9999999.000,-9999999.000,0.000,1.000,46,0,14,0,46,14,60,0,1.0,0.0,1.0,0.7666666666666667,0.7666666666666667,0.23333333333333328
"F[0,0](s2_edrk > -0.007 & y = 0.146)
",1.581,-0.146,-0.652,0.000,1.000,46,0,14,0,46,14,60,0,1.0,0.0,1.0,0.7666666666666667,0.7666666666666667,0.23333333333333328
"F[0,1](SODIUM >= 137.033 & WHITE_BLOOD_CELL_COUNT <= 8.896)
",0.000,-9999999.000,-9999999.000,0.000,1.000,46,0,14,0,46,14,60,0,1.0,0.0,1.0,0.7666666666666667,0.7666666666666667,0.23333333333333328
"((s24_hr > -0.000) U[0,1] (y = 0.939))
",0.000,-9999999.000,-9999999.000,0.000,1.000,46,0,14,0,46,14,60,0,1.0,0.0,1.0,0.7666666666666667,0.7666666666666667,0.23333333333333328
"((HEMOGLOBIN <= 10.119) U[1,1] (Mort >= 0.035))
",-0.043,0.344,0.393,0.000,1.000,46,0,14,0,46,14,60,0,1.0,0.0,1.0,0.7666666666666667,0.7666666666666667,0.23333333333333328
"((MET >= 0.017) U[1,1] (death = 0.067))
",-0.408,-0.017,0.126,0.000,1.000,46,0,14,0,46,14,60,0,1.0,0.0,1.0,0.7666666666666667,0.7666666666666667,0.23333333333333328
"((SpO2 <= 99.674) U[0,0] (y = 0.291))
",-0.341,1.942,4.245,0.000,1.000,46,0,14,0,46,14,60,0,1.0,0.0,1.0,0.7666666666666667,0.7666666666666667,0.23333333333333328
"((GLUCOSE >= 100.601) U[1,1] (PROTIME_INR <= 1.189))
",-0.594,13.618,18.399,0.000,1.000,46,0,14,0,46,14,60,0,1.0,0.0,1.0,0.7666666666666667,0.7666666666666667,0.23333333333333328
"F[0,1](MAGNESIUM <= 2.064 & SODIUM >= 137.154)
",0.000,-9999999.000,-9999999.000,0.000,1.000,46,0,14,0,46,14,60,0,1.0,0.0,1.0,0.7666666666666667,0.7666666666666667,0.23333333333333328
"F[1,1](PHOSPHORUS >= 3.567 & tte <= -0.168)
",-1.574,-0.168,-0.099,0.000,1.000,46,0,14,0,46,14,60,0,1.0,0.0,1.0,0.7666666666666667,0.7666666666666667,0.23333333333333328
"F[1,1](LACTIC_ACID < 1.300 & y = 0.991)
",-1.581,-0.991,-0.289,0.000,1.000,46,0,14,0,46,14,60,0,1.0,0.0,1.0,0.7666666666666667,0.7666666666666667,0.23333333333333328
"((AST_GOT <= 27.000) U[0,1] (y = 0.661))
",0.000,-9999999.000,-9999999.000,0.000,1.000,46,0,14,0,46,14,60,0,1.0,0.0,1.0,0.7666666666666667,0.7666666666666667,0.23333333333333328
"F[0,1](PROTIME_INR < 1.181 & y = 0.442)
",0.000,-9999999.000,-9999999.000,0.000,1.000,46,0,14,0,46,14,60,0,1.0,0.0,1.0,0.7666666666666667,0.7666666666666667,0.23333333333333328
"((ALT_GPT <= 22.000) U[0,0] (y = 0.550))
",0.000,0.000,0.000,0.000,1.000,46,0,14,0,46,14,60,0,1.0,0.0,1.0,0.7666666666666667,0.7666666666666667,0.23333333333333328
"((AF >= 0.003) U[1,1] (y = 0.277))
",-0.632,-0.003,0.140,0.000,1.000,46,0,14,0,46,14,60,0,1.0,0.0,1.0,0.7666666666666667,0.7666666666666667,0.23333333333333328
"((ALKALINE_PHOSPHATASE >= 91.000) U[1,1] (y = 0.013))
",0.000,0.000,0.000,0.000,1.000,46,0,14,0,46,14,60,0,1.0,0.0,1.0,0.7666666666666667,0.7666666666666667,0.23333333333333328
"((CALCIUM < 8.830) U[0,1] (y = 0.798))
",0.000,-9999999.000,-9999999.000,0.000,1.000,46,0,14,0,46,14,60,0,1.0,0.0,1.0,0.7666666666666667,0.7666666666666667,0.23333333333333328
"F[0,1](tte <= -0.146 & WHITE_BLOOD_CELL_COUNT >= 8.484)
",0.000,-9999999.000,-9999999.000,0.000,1.000,46,0,14,0,46,14,60,0,1.0,0.0,1.0,0.7666666666666667,0.7666666666666667,0.23333333333333328
"((HEMOGLOBIN <= 10.067) U[0,0] (y = 0.003))
",0.682,0.355,-0.096,0.000,1.000,46,0,14,0,46,14,60,0,1.0,0.0,1.0,0.7666666666666667,0.7666666666666667,0.23333333333333328
"((WHITE_BLOOD_CELL_COUNT > 8.498) U[0,1] (y = 0.270))
",0.000,-9999999.000,-9999999.000,0.000,1.000,46,0,14,0,46,14,60,0,1.0,0.0,1.0,0.7666666666666667,0.7666666666666667,0.23333333333333328
"((MET >= 0.014) U[1,2] (Mort <= 0.971))
",0.000,-9999999.000,-9999999.000,0.000,1.000,46,0,7,7,53,7,53,7,0.8679245283018868,0.0,1.0,0.8679245283018868,0.7666666666666667,0.23333333333333328
"((MET >= 0.002) U[0,1] (death = 0.067))
",0.000,-9999999.000,-9999999.000,0.000,1.000,46,0,14,0,46,14,60,0,1.0,0.0,1.0,0.7666666666666667,0.7666666666666667,0.23333333333333328
"F[0,1](GLUCOSE <= 115.013 | LOS >= 1.081)
",0.000,-9999999.000,-9999999.000,0.000,1.000,32,14,0,14,46,14,32,28,0.6956521739130435,1.0,0.0,1.0,0.7666666666666667,0.23333333333333328
"((PHOSPHORUS < 3.713) U[1,1] (y = 0.587))
",-0.594,0.083,0.213,0.000,1.000,46,0,14,0,46,14,60,0,1.0,0.0,1.0,0.7666666666666667,0.7666666666666667,0.23333333333333328
"((Glasgow_Coma_Scale_Total > 14.544) U[0,1] (y = 0.771))
",0.000,-9999999.000,-9999999.000,0.000,1.000,46,0,14,0,46,14,60,0,1.0,0.0,1.0,0.7666666666666667,0.7666666666666667,0.23333333333333328
"((MET >= 0.008) U[0,1] (death = 0.067))
",0.000,-9999999.000,-9999999.000,0.000,1.000,46,0,14,0,46,14,60,0,1.0,0.0,1.0,0.7666666666666667,0.7666666666666667,0.23333333333333328
"((ICU_Pt_Days >= 0.394) U[1,2] (PHOSPHORUS <= 3.645))
",0.000,-9999999.000,-9999999.000,0.000,1.000,32,12,2,14,46,14,34,26,0.6956521739130435,0.8571428571428571,0.14285714285714285,0.9411764705882353,0.7333333333333333,0.2666666666666667
"F[0,0](PHOSPHORUS >= 3.562 | y >= 0.136)
",-0.885,0.047,0.599,0.000,1.000,33,9,5,13,46,14,38,22,0.717391304347826,0.6428571428571429,0.35714285714285715,0.868421052631579,0.7,0.30000000000000004
"F[0,0](dfa <= 1.117 -> direct >= 0.029)
",1.236,-0.125,-0.713,0.000,1.000,33,7,7,13,46,14,40,20,0.717391304347826,0.5,0.5,0.825,0.6666666666666666,0.33333333333333337
"((BLOOD_UREA_NITROGEN <= 20.954) U[0,1] (lds >= 0.653))
",0.000,-9999999.000,-9999999.000,0.000,1.000,24,14,0,22,46,14,24,36,0.5217391304347826,1.0,0.0,1.0,0.6333333333333333,0.3666666666666667
"F[0,1](edrk <= 19.737 -> MAGNESIUM >= 2.003)
",0.000,-9999999.000,-9999999.000,0.000,1.000,32,4,10,14,46,14,42,18,0.6956521739130435,0.2857142857142857,0.7142857142857143,0.7619047619047619,0.6,0.4
"F[0,1](PROTIME_INR <= 1.195 & s2_hr <= 0.002)
",0.000,-9999999.000,-9999999.000,0.000,1.000,35,0,14,11,46,14,49,11,0.7608695652173914,0.0,1.0,0.7142857142857143,0.5833333333333334,0.41666666666666663
"((PHOSPHORUS <= 3.680) U[1,1] (SBP >= 98.278))
",-0.624,9.169,34.073,0.000,1.000,23,11,3,23,46,14,26,34,0.5,0.7857142857142857,0.21428571428571427,0.8846153846153846,0.5666666666666667,0.43333333333333335
"((SODIUM >= 137.074) U[1,2] (tte >= -2.680))
",0.000,-9999999.000,-9999999.000,0.000,1.000,33,0,12,15,48,12,45,15,0.6875,0.0,1.0,0.7333333333333333,0.55,0.44999999999999996
"F[0,0](BLOOD_UREA_NITROGEN <= 20.889 & CREATININE >= 1.171)
",0.527,0.006,-0.111,0.000,1.000,33,0,14,13,46,14,47,13,0.717391304347826,0.0,1.0,0.7021276595744681,0.55,0.44999999999999996
"((BLOOD_UREA_NITROGEN >= 20.386) U[0,1] (PARTIAL_THROMBOPLASTIN_TIME <= 31.270))
",0.000,-9999999.000,-9999999.000,0.000,1.000,33,0,14,13,46,14,47,13,0.717391304347826,0.0,1.0,0.7021276595744681,0.55,0.44999999999999996
"F[0,1](PARTIAL_THROMBOPLASTIN_TIME >= 25.659 -> y = 0.274)
",0.000,-9999999.000,-9999999.000,0.000,1.000,33,0,14,13,46,14,47,13,0.717391304347826,0.0,1.0,0.7021276595744681,0.55,0.44999999999999996
"((cosen >= -2.110) U[1,1] (srr <= 0.163))
",-0.236,0.124,0.170,0.000,1.000,28,5,9,18,46,14,37,23,0.6086956521739131,0.35714285714285715,0.6428571428571429,0.7567567567567568,0.55,0.44999999999999996
"F[0,0](POTASSIUM > 3.798 -> y = 0.402)
",0.527,-0.137,-0.202,0.000,1.000,33,0,14,13,46,14,47,13,0.717391304347826,0.0,1.0,0.7021276595744681,0.55,0.44999999999999996
"F[0,0](GLUCOSE <= 117.258 | MAGNESIUM >= 2.017)
",0.527,4.608,-0.017,0.000,1.000,33,0,14,13,46,14,47,13,0.717391304347826,0.0,1.0,0.7021276595744681,0.55,0.44999999999999996
"((n_evts <= 0.939) U[0,0] (PHOSPHORUS >= 3.561))
",9005582030701283.000,0.939,-0.061,0.000,1.000,33,0,14,13,46,14,47,13,0.717391304347826,0.0,1.0,0.7021276595744681,0.55,0.44999999999999996
"((BLOOD_UREA_NITROGEN <= 20.811) U[1,1] (CREATININE >= 1.132))
",0.594,0.188,-0.032,0.000,1.000,33,0,14,13,46,14,47,13,0.717391304347826,0.0,1.0,0.7021276595744681,0.55,0.44999999999999996
"F[0,0](BLOOD_UREA_NITROGEN <= 20.983 & CREATININE >= 1.125)
",0.527,0.084,-0.025,0.000,1.000,33,0,14,13,46,14,47,13,0.717391304347826,0.0,1.0,0.7021276595744681,0.55,0.44999999999999996
"((n_evts <= 0.712) U[0,0] (PROTIME_INR <= 1.197))
",0.715,0.712,-0.003,0.000,1.000,33,0,14,13,46,14,47,13,0.717391304347826,0.0,1.0,0.7021276595744681,0.55,0.44999999999999996
"F[0,1](MAGNESIUM <= 2.032 & Resp <= 18.478)
",0.000,-9999999.000,-9999999.000,0.000,1.000,21,11,3,25,46,14,24,36,0.45652173913043476,0.7857142857142857,0.21428571428571427,0.875,0.5333333333333333,0.4666666666666667
"F[0,1](BLOOD_UREA_NITROGEN <= 20.902 & CREATININE >= 1.105)
",0.000,-9999999.000,-9999999.000,0.000,1.000,32,0,14,14,46,14,46,14,0.6956521739130435,0.0,1.0,0.6956521739130435,0.5333333333333333,0.4666666666666667
"F[1,1](CREATININE >= 1.163 & SpO2 >= 87.636)
",0.626,0.068,-0.798,0.000,1.000,32,0,14,14,46,14,46,14,0.6956521739130435,0.0,1.0,0.6956521739130435,0.5333333333333333,0.4666666666666667
"F[1,1](BLOOD_UREA_NITROGEN <= 20.897 | edrk >= 14.681)
",-0.416,0.695,3.270,0.000,1.000,25,7,7,21,46,14,32,28,0.5434782608695652,0.5,0.5,0.78125,0.5333333333333333,0.4666666666666667
"F[1,1](BLOOD_UREA_NITROGEN <= 20.803 & CREATININE >= 1.107)
",0.594,-0.017,-0.197,0.000,1.000,32,0,14,14,46,14,46,14,0.6956521739130435,0.0,1.0,0.6956521739130435,0.5333333333333333,0.4666666666666667
"((edrk >= 14.314) U[1,2] (POTASSIUM >= 3.884))
",0.000,-9999999.000,-9999999.000,0.000,1.000,23,9,5,23,46,14,28,32,0.5,0.6428571428571429,0.35714285714285715,0.8214285714285714,0.5333333333333333,0.4666666666666667
"F[1,1](dfa <= 1.019 | n_evts >= 0.122)
",-5.114,0.051,0.878,0.000,1.000,17,14,0,29,46,14,17,43,0.3695652173913043,1.0,0.0,1.0,0.5166666666666667,0.4833333333333333
"F[1,1](hr >= 70.162 -> n_edrk <= 0.864)
",1.164,-2.799,-25.695,0.000,1.000,21,10,4,25,46,14,25,35,0.45652173913043476,0.7142857142857143,0.2857142857142857,0.84,0.5166666666666667,0.4833333333333333
"F[1,1](CREATININE <= 1.240 -> HEMOGLOBIN <= 10.088)
",-0.594,-0.465,-0.140,0.000,1.000,31,0,14,15,46,14,45,15,0.6739130434782609,0.0,1.0,0.6888888888888889,0.5166666666666667,0.4833333333333333
"((Resp >= 14.075) U[0,1] (WHITE_BLOOD_CELL_COUNT >= 8.515))
",0.000,-9999999.000,-9999999.000,0.000,1.000,31,0,14,15,46,14,45,15,0.6739130434782609,0.0,1.0,0.6888888888888889,0.5166666666666667,0.4833333333333333
"((CALCIUM >= 8.554) U[0,0] (srr >= 0.052))
",-0.527,0.270,0.346,0.000,1.000,19,11,3,27,46,14,22,38,0.41304347826086957,0.7857142857142857,0.21428571428571427,0.8636363636363636,0.5,0.5
"F[0,1](dfa <= 0.954 & tte >= -2.604)
",0.000,-9999999.000,-9999999.000,0.000,1.000,17,12,2,29,46,14,19,41,0.3695652173913043,0.8571428571428571,0.14285714285714285,0.8947368421052632,0.48333333333333334,0.5166666666666666
"F[1,1](edrk <= 29.507 -> PHOSPHORUS <= 3.921)
",-0.402,-15.509,-12.409,0.000,1.000,14,14,0,32,46,14,14,46,0.30434782608695654,1.0,0.0,1.0,0.4666666666666667,0.5333333333333333
"((PARTIAL_THROMBOPLASTIN_TIME >= 29.549) U[0,0] (WHITE_BLOOD_CELL_COUNT <= 8.813))
",-0.527,1.726,2.251,0.000,1.000,14,14,0,32,46,14,14,46,0.30434782608695654,1.0,0.0,1.0,0.4666666666666667,0.5333333333333333
"((dfa <= 1.257) U[1,1] (s2_hr <= 0.001))
",-0.720,0.270,0.556,0.000,1.000,16,12,2,30,46,14,18,42,0.34782608695652173,0.8571428571428571,0.14285714285714285,0.8888888888888888,0.4666666666666667,0.5333333333333333
"F[0,0](CALCIUM >= 8.658 | HEMOGLOBIN >= 9.000)
",-0.589,0.864,1.200,0.000,1.000,13,14,0,33,46,14,13,47,0.2826086956521739,1.0,0.0,1.0,0.45,0.55
"((direct <= 0.471) U[0,1] (PROTIME_INR >= 1.127))
",0.000,-9999999.000,-9999999.000,0.000,1.000,13,14,0,33,46,14,13,47,0.2826086956521739,1.0,0.0,1.0,0.45,0.55
"F[0,0](Resp <= 18.370 -> SpO2 <= 98.640)
",0.252,-2.824,-4.239,0.000,1.000,15,12,2,31,46,14,17,43,0.32608695652173914,0.8571428571428571,0.14285714285714285,0.8823529411764706,0.45,0.55
"((CALCIUM >= 8.785) U[0,1] (POTASSIUM >= 3.844))
",0.000,-9999999.000,-9999999.000,0.000,1.000,13,14,0,33,46,14,13,47,0.2826086956521739,1.0,0.0,1.0,0.45,0.55
"((edrk >= 12.702) U[0,0] (PARTIAL_THROMBOPLASTIN_TIME >= 26.530))
",-0.464,4.868,8.405,0.000,1.000,13,14,0,33,46,14,13,47,0.2826086956521739,1.0,0.0,1.0,0.45,0.55
"F[0,1](LOS <= 11.789 -> PHOSPHORUS <= 3.636)
",0.000,-9999999.000,-9999999.000,0.000,1.000,13,14,0,33,46,14,13,47,0.2826086956521739,1.0,0.0,1.0,0.45,0.55
"F[1,1]((af <= 0.121 | AF <= 0.254) & cosen >= -2.088)
",-0.004,0.005,0.006,0.000,1.000,21,5,9,25,46,14,30,30,0.45652173913043476,0.35714285714285715,0.6428571428571429,0.7,0.43333333333333335,0.5666666666666667
"((s2_hr >= -0.000) U[1,2] (s8_hr >= -0.001))
",0.000,-9999999.000,-9999999.000,0.000,1.000,23,2,12,23,46,14,35,25,0.5,0.14285714285714285,0.8571428571428571,0.6571428571428571,0.4166666666666667,0.5833333333333333
"((CALCIUM >= 8.677) U[1,2] (SBP <= 158.954))
",0.000,-9999999.000,-9999999.000,0.000,1.000,13,12,0,35,48,12,13,47,0.2708333333333333,1.0,0.0,1.0,0.4166666666666667,0.5833333333333333
"F[1,1](hr >= 69.451 -> y = 0.497)
",1.170,-2.949,-26.406,0.000,1.000,24,0,14,22,46,14,38,22,0.5217391304347826,0.0,1.0,0.631578947368421,0.4,0.6
"F[0,1](s2_hr >= -0.000 | SODIUM >= 137.261)
",0.000,-9999999.000,-9999999.000,0.000,1.000,16,7,7,30,46,14,23,37,0.34782608695652173,0.5,0.5,0.6956521739130435,0.38333333333333336,0.6166666666666667
"((POTASSIUM <= 3.958) U[1,2] (s24_hr >= -0.000))
",0.000,-9999999.000,-9999999.000,0.000,1.000,23,0,6,31,54,6,29,31,0.42592592592592593,0.0,1.0,0.7931034482758621,0.38333333333333336,0.6166666666666667
"F[1,1](death <= 0.774 & s24_hr >= -0.000)
",0.404,0.000,-0.032,0.000,1.000,18,4,10,28,46,14,28,32,0.391304347826087,0.2857142857142857,0.7142857142857143,0.6428571428571429,0.36666666666666664,0.6333333333333333
"((n_edrk >= 0.319) U[0,1] (Pulse >= 70.653))
",0.000,-9999999.000,-9999999.000,0.000,1.000,10,12,2,36,46,14,12,48,0.21739130434782608,0.8571428571428571,0.14285714285714285,0.8333333333333334,0.36666666666666664,0.6333333333333333
"((HEMOGLOBIN <= 9.870) U[1,2] (lds >= 0.506))
",0.000,-9999999.000,-9999999.000,0.000,1.000,21,0,12,27,48,12,33,27,0.4375,0.0,1.0,0.6363636363636364,0.35,0.65
"((hr >= 64.908) U[1,2] (Temp >= 36.044))
",0.000,-9999999.000,-9999999.000,0.000,1.000,9,12,0,39,48,12,9,51,0.1875,1.0,0.0,1.0,0.35,0.65
"((GLUCOSE >= 96.026) U[1,1] (Mort <= 0.900))
",-0.594,17.216,22.974,0.000,1.000,13,7,7,33,46,14,20,40,0.2826086956521739,0.5,0.5,0.65,0.3333333333333333,0.6666666666666667
"((Glasgow_Coma_Scale_Total <= 14.997) U[0,0] (Resp <= 18.910))
",0.129,2.229,1.767,0.000,1.000,9,11,3,37,46,14,12,48,0.1956521739130435,0.7857142857142857,0.21428571428571427,0.75,0.3333333333333333,0.6666666666666667
"F[1,1](PARTIAL_THROMBOPLASTIN_TIME >= 24.664 & srr >= 0.039)
",-0.513,-0.108,0.035,0.000,1.000,13,7,7,33,46,14,20,40,0.2826086956521739,0.5,0.5,0.65,0.3333333333333333,0.6666666666666667
"F[1,1](POTASSIUM >= 3.745 -> s2_hr <= 0.001)
",0.594,-0.189,-0.255,0.000,1.000,7,12,2,39,46,14,9,51,0.15217391304347827,0.8571428571428571,0.14285714285714285,0.7777777777777778,0.31666666666666665,0.6833333333333333
"F[0,0](ICU_Pt_Days <= 3.567 & PROTIME_INR >= 1.102)
",1.068,0.076,-0.777,0.000,1.000,13,6,8,33,46,14,21,39,0.2826086956521739,0.42857142857142855,0.5714285714285714,0.6190476190476191,0.31666666666666665,0.6833333333333333
"F[0,1](HEMOGLOBIN >= 9.094 & y <= 0.463)
",0.000,-9999999.000,-9999999.000,0.000,1.000,14,5,9,32,46,14,23,37,0.30434782608695654,0.35714285714285715,0.6428571428571429,0.6086956521739131,0.31666666666666665,0.6833333333333333
"((edrk >= 11.771) U[1,1] (Temp <= 37.351))
",-0.404,2.542,5.535,0.000,1.000,8,11,3,38,46,14,11,49,0.17391304347826086,0.7857142857142857,0.21428571428571427,0.7272727272727273,0.31666666666666665,0.6833333333333333
"((Resp >= 12.615) U[0,1] (s2_hr >= -0.001))
",0.000,-9999999.000,-9999999.000,0.000,1.000,4,14,0,42,46,14,4,56,0.08695652173913043,1.0,0.0,1.0,0.3,0.7
"F[0,0](AF >= 0.003 | s8_hr <= 0.001)
",-0.632,0.001,0.143,0.000,1.000,4,14,0,42,46,14,4,56,0.08695652173913043,1.0,0.0,1.0,0.3,0.7
"((dfa >= 0.908) U[1,1] (lds <= 1.817))
",0.935,1.243,0.632,0.000,1.000,14,3,11,32,46,14,25,35,0.30434782608695654,0.21428571428571427,0.7857142857142857,0.56,0.2833333333333333,0.7166666666666667
"((O2_Flow >= 2.662) U[0,1] (Temp <= 36.788))
",0.000,-9999999.000,-9999999.000,0.000,1.000,8,9,5,38,46,14,13,47,0.17391304347826086,0.6428571428571429,0.35714285714285715,0.6153846153846154,0.2833333333333333,0.7166666666666667
"F[0,1](PHOSPHORUS >= 3.596 | SpO2 >= 95.663)
",0.000,-9999999.000,-9999999.000,0.000,1.000,8,9,5,38,46,14,13,47,0.17391304347826086,0.6428571428571429,0.35714285714285715,0.6153846153846154,0.2833333333333333,0.7166666666666667
"((CALCIUM >= 8.630) U[0,1] (s2_hr <= 0.002))
",0.000,-9999999.000,-9999999.000,0.000,1.000,3,14,0,43,46,14,3,57,0.06521739130434782,1.0,0.0,1.0,0.2833333333333333,0.7166666666666667
"((dfa <= 1.231) U[0,1] (edrk <= 16.549))
",0.000,-9999999.000,-9999999.000,0.000,1.000,7,10,4,39,46,14,11,49,0.15217391304347827,0.7142857142857143,0.2857142857142857,0.6363636363636364,0.2833333333333333,0.7166666666666667
"F[0,1]((af <= 0.034 | AF <= 0.492) & cosen >= -2.269)
",0.000,-9999999.000,-9999999.000,0.000,1.000,1,14,0,45,46,14,1,59,0.021739130434782608,1.0,0.0,1.0,0.25,0.75
"F[0,1](hr >= 62.420 | s2_edrk >= -4.9452858035592406e-05)
",0.000,-9999999.000,-9999999.000,0.000,1.000,1,14,0,45,46,14,1,59,0.021739130434782608,1.0,0.0,1.0,0.25,0.75
"F[0,0](direct >= 0.057 -> Resp >= 16.316)
",0.227,-0.972,-1.435,0.000,1.000,0,14,0,46,46,14,0,60,0.0,1.0,0.0,0.0,0.23333333333333334,0.7666666666666666
"((PARTIAL_THROMBOPLASTIN_TIME >= 30.099) U[0,1] (SBP >= 82.435))
",0.000,-9999999.000,-9999999.000,0.000,1.000,0,14,0,46,46,14,0,60,0.0,1.0,0.0,0.0,0.23333333333333334,0.7666666666666666
"((ICU_Pt_Days >= 0.079) U[0,2] (Pulse >= 62.273))
",0.000,-9999999.000,-9999999.000,0.000,1.000,0,14,0,46,46,14,0,60,0.0,1.0,0.0,0.0,0.23333333333333334,0.7666666666666666
"F[0,1](HEMOGLOBIN <= 10.021 -> n_evts <= 0.369)
",0.000,-9999999.000,-9999999.000,0.000,1.000,0,14,0,46,46,14,0,60,0.0,1.0,0.0,0.0,0.23333333333333334,0.7666666666666666
"((BLOOD_UREA_NITROGEN >= 20.473) U[0,1] (SBP >= 62.020))
",0.000,-9999999.000,-9999999.000,0.000,1.000,0,14,0,46,46,14,0,60,0.0,1.0,0.0,0.0,0.23333333333333334,0.7666666666666666
"F[0,1](ICU_Pt_Days <= 2.455 | SBP >= 91.557)
",0.000,-9999999.000,-9999999.000,0.000,1.000,0,14,0,46,46,14,0,60,0.0,1.0,0.0,0.0,0.23333333333333334,0.7666666666666666
"((GLUCOSE <= 114.584) U[0,2] (s24_hr <= 0.001))
",0.000,-9999999.000,-9999999.000,0.000,1.000,0,14,0,46,46,14,0,60,0.0,1.0,0.0,0.0,0.23333333333333334,0.7666666666666666
"F[0,1](TROPONIN_I < 0.060 -> y = 0.140)
",0.000,-9999999.000,-9999999.000,0.000,1.000,0,14,0,46,46,14,0,60,0.0,1.0,0.0,0.0,0.23333333333333334,0.7666666666666666
"F[0,2](lds <= 1.554 | Mort <= 0.285)
",0.000,-9999999.000,-9999999.000,0.000,1.000,0,14,0,46,46,14,0,60,0.0,1.0,0.0,0.0,0.23333333333333334,0.7666666666666666
"F[0,0](HEMOGLOBIN >= 9.204 | s24_hr <= 0.001)
",-0.594,0.737,0.996,0.000,1.000,0,14,0,46,46,14,0,60,0.0,1.0,0.0,0.0,0.23333333333333334,0.7666666666666666
"F[0,1]((af <= 0.124 | AF <= 0.072) & cosen >= -2.254)
",0.000,-9999999.000,-9999999.000,0.000,1.000,1,13,1,45,46,14,2,58,0.021739130434782608,0.9285714285714286,0.07142857142857142,0.5,0.23333333333333334,0.7666666666666666
"((O2_Flow <= 6.126) U[0,1] (s2_edrk >= -0.004))
",0.000,-9999999.000,-9999999.000,0.000,1.000,0,14,0,46,46,14,0,60,0.0,1.0,0.0,0.0,0.23333333333333334,0.7666666666666666
"F[1,2](cosen <= -1.996 -> s8_edrk >= -0.008)
",0.000,-9999999.000,-9999999.000,0.000,1.000,0,14,0,46,46,14,0,60,0.0,1.0,0.0,0.0,0.23333333333333334,0.7666666666666666
"((af >= 0.002) U[0,2] (n_evts >= 0.044))
",0.000,-9999999.000,-9999999.000,0.000,1.000,0,14,0,46,46,14,0,60,0.0,1.0,0.0,0.0,0.23333333333333334,0.7666666666666666
"((Pulse >= 65.574) U[0,1] (s8_edrk >= -0.001))
",0.000,-9999999.000,-9999999.000,0.000,1.000,0,14,0,46,46,14,0,60,0.0,1.0,0.0,0.0,0.23333333333333334,0.7666666666666666
"F[1,2](GLUCOSE <= 114.569 | s2_hr <= 0.002)
",0.000,-9999999.000,-9999999.000,0.000,1.000,0,14,0,46,46,14,0,60,0.0,1.0,0.0,0.0,0.23333333333333334,0.7666666666666666
"((CALCIUM >= 8.762) U[0,2] (LOS >= 0.858))
",0.000,-9999999.000,-9999999.000,0.000,1.000,0,14,0,46,46,14,0,60,0.0,1.0,0.0,0.0,0.23333333333333334,0.7666666666666666
"F[0,1](cosen <= -1.644 -> s2_edrk <= 0.003)
",0.000,-9999999.000,-9999999.000,0.000,1.000,0,14,0,46,46,14,0,60,0.0,1.0,0.0,0.0,0.23333333333333334,0.7666666666666666
"F[0,1](GLUCOSE >= 106.962 | ICU_Pt_Days <= 2.187)
",0.000,-9999999.000,-9999999.000,0.000,1.000,0,14,0,46,46,14,0,60,0.0,1.0,0.0,0.0,0.23333333333333334,0.7666666666666666
"F[1,2](LOS <= 9.893 | Mort <= 0.303)
",0.000,-9999999.000,-9999999.000,0.000,1.000,0,14,0,46,46,14,0,60,0.0,1.0,0.0,0.0,0.23333333333333334,0.7666666666666666
"F[1,1](death >= 0.020 -> Resp <= 21.099)
",0.089,-4.186,-4.528,0.000,1.000,0,14,0,46,46,14,0,60,0.0,1.0,0.0,0.0,0.23333333333333334,0.7666666666666666
"F[0,1](edrk >= 14.556 | s24_edrk <= 0.001)
",0.000,-9999999.000,-9999999.000,0.000,1.000,0,14,0,46,46,14,0,60,0.0,1.0,0.0,0.0,0.23333333333333334,0.7666666666666666
"((HEMOGLOBIN >= 9.235) U[1,2] (LOS >= 0.796))
",0.000,-9999999.000,-9999999.000,0.000,1.000,0,14,0,46,46,14,0,60,0.0,1.0,0.0,0.0,0.23333333333333334,0.7666666666666666
"F[0,2](lds >= 0.640 | PARTIAL_THROMBOPLASTIN_TIME >= 28.413)
",0.000,-9999999.000,-9999999.000,0.000,1.000,0,14,0,46,46,14,0,60,0.0,1.0,0.0,0.0,0.23333333333333334,0.7666666666666666
"F[0,2](Glasgow_Coma_Scale_Total >= 14.521 | O2_Flow <= 4.463)
",0.000,-9999999.000,-9999999.000,0.000,1.000,0,14,0,46,46,14,0,60,0.0,1.0,0.0,0.0,0.23333333333333334,0.7666666666666666
"F[1,2](LOS >= 0.779 | SpO2 >= 86.199)
",0.000,-9999999.000,-9999999.000,0.000,1.000,0,14,0,46,46,14,0,60,0.0,1.0,0.0,0.0,0.23333333333333334,0.7666666666666666
"F[0,2](PARTIAL_THROMBOPLASTIN_TIME >= 28.861 | s2_hr <= 0.001)
",0.000,-9999999.000,-9999999.000,0.000,1.000,0,14,0,46,46,14,0,60,0.0,1.0,0.0,0.0,0.23333333333333334,0.7666666666666666
"((ICU_Pt_Days <= 2.620) U[0,1] (s8_edrk <= 0.003))
",0.000,-9999999.000,-9999999.000,0.000,1.000,0,14,0,46,46,14,0,60,0.0,1.0,0.0,0.0,0.23333333333333334,0.7666666666666666
"((ICU_Pt_Days >= 0.070) U[0,2] (s24_edrk >= -0.007))
",0.000,-9999999.000,-9999999.000,0.000,1.000,0,14,0,46,46,14,0,60,0.0,1.0,0.0,0.0,0.23333333333333334,0.7666666666666666
"F[0,1](PROTIME_INR >= 1.117 | Resp <= 19.372)
",0.000,-9999999.000,-9999999.000,0.000,1.000,0,14,0,46,46,14,0,60,0.0,1.0,0.0,0.0,0.23333333333333334,0.7666666666666666
"F[0,0](PARTIAL_THROMBOPLASTIN_TIME <= 31.311 -> Resp <= 20.167)
",-0.206,-3.959,-3.024,0.000,1.000,0,14,0,46,46,14,0,60,0.0,1.0,0.0,0.0,0.23333333333333334,0.7666666666666666
"F[1,2](CREATININE <= 1.471 | srr <= 0.175)
",0.000,-9999999.000,-9999999.000,0.000,1.000,0,14,0,46,46,14,0,60,0.0,1.0,0.0,0.0,0.23333333333333334,0.7666666666666666
"F[1,2](CALCIUM >= 8.518 | Resp <= 21.711)
",0.000,-9999999.000,-9999999.000,0.000,1.000,0,14,0,46,46,14,0,60,0.0,1.0,0.0,0.0,0.23333333333333334,0.7666666666666666
"F[0,2](PHOSPHORUS <= 3.875 & srr <= 0.166)
",0.000,-9999999.000,-9999999.000,0.000,1.000,0,14,0,46,46,14,0,60,0.0,1.0,0.0,0.0,0.23333333333333334,0.7666666666666666
"F[0,1](death >= 0.049 -> n_edrk <= 0.927)
",0.000,-9999999.000,-9999999.000,0.000,1.000,0,14,0,46,46,14,0,60,0.0,1.0,0.0,0.0,0.23333333333333334,0.7666666666666666
"F[0,2](Mort >= 0.073 -> Pulse >= 60.707)
",0.000,-9999999.000,-9999999.000,0.000,1.000,0,14,0,46,46,14,0,60,0.0,1.0,0.0,0.0,0.23333333333333334,0.7666666666666666
"F[0,0](s24_hr <= 0.001 -> SBP <= 158.648)
",0.048,-52.778,-54.219,0.000,1.000,0,14,0,46,46,14,0,60,0.0,1.0,0.0,0.0,0.23333333333333334,0.7666666666666666
"((hr <= 114.949) U[0,2] (SBP <= 146.620))
",0.000,-9999999.000,-9999999.000,0.000,1.000,0,14,0,46,46,14,0,60,0.0,1.0,0.0,0.0,0.23333333333333334,0.7666666666666666
"((CALCIUM >= 8.610) U[0,0] (s24_hr >= -0.001))
",-0.527,0.227,0.290,0.000,1.000,0,14,0,46,46,14,0,60,0.0,1.0,0.0,0.0,0.23333333333333334,0.7666666666666666
"((direct >= 0.104) U[0,2] (s2_edrk >= -0.005))
",0.000,-9999999.000,-9999999.000,0.000,1.000,0,14,0,46,46,14,0,60,0.0,1.0,0.0,0.0,0.23333333333333334,0.7666666666666666
"((Resp <= 19.350) U[0,2] (s24_edrk >= -0.003))
",0.000,-9999999.000,-9999999.000,0.000,1.000,0,14,0,46,46,14,0,60,0.0,1.0,0.0,0.0,0.23333333333333334,0.7666666666666666
"F[1,1](s8_edrk <= 0.004 | y <= 0.333)
",1.581,0.333,0.099,0.000,1.000,0,14,0,46,46,14,0,60,0.0,1.0,0.0,0.0,0.23333333333333334,0.7666666666666666
"F[0,0](MAGNESIUM <= 2.031 | SpO2 >= 89.726)
",0.307,8.013,6.382,0.000,1.000,0,14,0,46,46,14,0,60,0.0,1.0,0.0,0.0,0.23333333333333334,0.7666666666666666
"((MAGNESIUM >= 2.005) U[0,2] (SBP <= 165.506))
",0.000,-9999999.000,-9999999.000,0.000,1.000,0,14,0,46,46,14,0,60,0.0,1.0,0.0,0.0,0.23333333333333334,0.7666666666666666
"F[0,2](MET <= 0.614 -> Pulse <= 96.146)
",0.000,-9999999.000,-9999999.000,0.000,1.000,0,14,0,46,46,14,0,60,0.0,1.0,0.0,0.0,0.23333333333333334,0.7666666666666666
"((MET <= 0.321) U[0,2] (s8_edrk >= -0.000))
",0.000,-9999999.000,-9999999.000,0.000,1.000,0,14,0,46,46,14,0,60,0.0,1.0,0.0,0.0,0.23333333333333334,0.7666666666666666
"F[0,2](n_evts >= 0.125 | Resp >= 15.624)
",0.000,-9999999.000,-9999999.000,0.000,1.000,0,14,0,46,46,14,0,60,0.0,1.0,0.0,0.0,0.23333333333333334,0.7666666666666666
"((hr >= 70.124) U[0,0] (MET >= 0.000))
",-1.161,3.001,25.350,0.000,1.000,0,14,0,46,46,14,0,60,0.0,1.0,0.0,0.0,0.23333333333333334,0.7666666666666666
"F[0,2](af >= 0.006 | cosen >= -2.298)
",0.000,-9999999.000,-9999999.000,0.000,1.000,0,14,0,46,46,14,0,60,0.0,1.0,0.0,0.0,0.23333333333333334,0.7666666666666666
"F[0,2](LOS >= 0.805 | s24_edrk <= 0.002)
",0.000,-9999999.000,-9999999.000,0.000,1.000,0,14,0,46,46,14,0,60,0.0,1.0,0.0,0.0,0.23333333333333334,0.7666666666666666
"F[0,0](Glasgow_Coma_Scale_Total >= 14.049 | Pulse >= 60.145)
",-0.456,15.725,25.141,0.000,1.000,0,14,0,46,46,14,0,60,0.0,1.0,0.0,0.0,0.23333333333333334,0.7666666666666666
"F[0,2](Glasgow_Coma_Scale_Total <= 14.986 | hr >= 61.665)
",0.000,-9999999.000,-9999999.000,0.000,1.000,0,14,0,46,46,14,0,60,0.0,1.0,0.0,0.0,0.23333333333333334,0.7666666666666666
"((dfa >= 0.886) U[1,1] (s24_edrk <= 0.002))
",0.490,0.146,0.036,0.000,1.000,13,1,13,33,46,14,26,34,0.2826086956521739,0.07142857142857142,0.9285714285714286,0.5,0.23333333333333334,0.7666666666666666
"F[1,2](dfa <= 1.401 | s8_edrk >= -0.001)
",0.000,-9999999.000,-9999999.000,0.000,1.000,0,14,0,46,46,14,0,60,0.0,1.0,0.0,0.0,0.23333333333333334,0.7666666666666666
"F[1,2](direct >= 0.065 | LOS <= 8.499)
",0.000,-9999999.000,-9999999.000,0.000,1.000,0,14,0,46,46,14,0,60,0.0,1.0,0.0,0.0,0.23333333333333334,0.7666666666666666
"F[0,2](s8_hr >= 0.000 | srr <= 0.142)
",0.000,-9999999.000,-9999999.000,0.000,1.000,0,14,0,46,46,14,0,60,0.0,1.0,0.0,0.0,0.23333333333333334,0.7666666666666666
"F[1,2](POTASSIUM >= 3.762 | WHITE_BLOOD_CELL_COUNT >= 8.489)
",0.000,-9999999.000,-9999999.000,0.000,1.000,0,14,0,46,46,14,0,60,0.0,1.0,0.0,0.0,0.23333333333333334,0.7666666666666666
"F[0,1](Pulse <= 102.006 | SpO2 >= 86.077)
",0.000,-9999999.000,-9999999.000,0.000,1.000,0,14,0,46,46,14,0,60,0.0,1.0,0.0,0.0,0.23333333333333334,0.7666666666666666
"((HEMOGLOBIN <= 9.991) U[0,2] (PHOSPHORUS <= 3.967))
",0.000,-9999999.000,-9999999.000,0.000,1.000,0,14,0,46,46,14,0,60,0.0,1.0,0.0,0.0,0.23333333333333334,0.7666666666666666
"F[1,2](CHLORIDE <= 103.504 | SpO2 <= 99.098)
",0.000,-9999999.000,-9999999.000,0.000,1.000,0,14,0,46,46,14,0,60,0.0,1.0,0.0,0.0,0.23333333333333334,0.7666666666666666
"F[1,2](PHOSPHORUS >= 3.587 -> WHITE_BLOOD_CELL_COUNT <= 8.743)
",0.000,-9999999.000,-9999999.000,0.000,1.000,0,14,0,46,46,14,0,60,0.0,1.0,0.0,0.0,0.23333333333333334,0.7666666666666666
"((HEMOGLOBIN >= 8.835) U[1,2] (MAGNESIUM >= 2.002))
",0.000,-9999999.000,-9999999.000,0.000,1.000,14,0,0,46,60,0,14,46,0.23333333333333334,0.0,0.0,1.0,0.23333333333333334,0.7666666666666666
"F[1,2](CALCIUM >= 8.664 | PARTIAL_THROMBOPLASTIN_TIME <= 30.710)
",0.000,-9999999.000,-9999999.000,0.000,1.000,0,14,0,46,46,14,0,60,0.0,1.0,0.0,0.0,0.23333333333333334,0.7666666666666666
"((CREATININE <= 1.214) U[0,2] (PARTIAL_THROMBOPLASTIN_TIME >= 29.462))
",0.000,-9999999.000,-9999999.000,0.000,1.000,0,14,0,46,46,14,0,60,0.0,1.0,0.0,0.0,0.23333333333333334,0.7666666666666666
"((PARTIAL_THROMBOPLASTIN_TIME <= 30.342) U[0,2] (POTASSIUM >= 3.750))
",0.000,-9999999.000,-9999999.000,0.000,1.000,0,14,0,46,46,14,0,60,0.0,1.0,0.0,0.0,0.23333333333333334,0.7666666666666666
"F[0,2](PROTIME_INR <= 1.183 -> SODIUM <= 138.650)
",0.000,-9999999.000,-9999999.000,0.000,1.000,0,14,0,46,46,14,0,60,0.0,1.0,0.0,0.0,0.23333333333333334,0.7666666666666666
"F[0,2](PROTIME_INR <= 1.194 -> SpO2 >= 88.556)
",0.000,-9999999.000,-9999999.000,0.000,1.000,0,14,0,46,46,14,0,60,0.0,1.0,0.0,0.0,0.23333333333333334,0.7666666666666666
"F[1,1](PARTIAL_THROMBOPLASTIN_TIME <= 31.369 -> PROTIME_INR <= 1.195)
",-0.527,-1.577,0.005,0.000,1.000,0,14,0,46,46,14,0,60,0.0,1.0,0.0,0.0,0.23333333333333334,0.7666666666666666
"F[0,2](SBP >= 73.413 & SODIUM <= 138.380)
",0.000,-9999999.000,-9999999.000,0.000,1.000,0,14,0,46,46,14,0,60,0.0,1.0,0.0,0.0,0.23333333333333334,0.7666666666666666
"F[1,2](PLATELET_COUNT < 212.000 -> y = 0.307)
",0.000,-9999999.000,-9999999.000,0.000,1.000,0,14,0,46,46,14,0,60,0.0,1.0,0.0,0.0,0.23333333333333334,0.7666666666666666
"F[0,2](s24_edrk >= -0.008 | tte <= -0.127)
",0.000,-9999999.000,-9999999.000,0.000,1.000,0,14,0,46,46,14,0,60,0.0,1.0,0.0,0.0,0.23333333333333334,0.7666666666666666
"F[0,1](direct <= 0.889 | hr <= 115.111)
",0.000,-9999999.000,-9999999.000,0.000,1.000,0,14,0,46,46,14,0,60,0.0,1.0,0.0,0.0,0.23333333333333334,0.7666666666666666
"((ICU_Pt_Days <= 2.609) U[0,2] (SODIUM <= 138.138))
",0.000,-9999999.000,-9999999.000,0.000,1.000,0,14,0,46,46,14,0,60,0.0,1.0,0.0,0.0,0.23333333333333334,0.7666666666666666
"F[1,2](direct <= 0.707 | Temp >= 36.166)
",0.000,-9999999.000,-9999999.000,0.000,1.000,0,14,0,46,46,14,0,60,0.0,1.0,0.0,0.0,0.23333333333333334,0.7666666666666666
"F[0,2](death <= 0.571 -> s2_edrk >= -0.004)
",0.000,-9999999.000,-9999999.000,0.000,1.000,0,14,0,46,46,14,0,60,0.0,1.0,0.0,0.0,0.23333333333333334,0.7666666666666666
"F[1,2](lds >= 0.671 -> PHOSPHORUS <= 3.940)
",0.000,-9999999.000,-9999999.000,0.000,1.000,0,14,0,46,46,14,0,60,0.0,1.0,0.0,0.0,0.23333333333333334,0.7666666666666666
"F[0,1](MAGNESIUM <= 2.029 | y <= 0.932)
",0.000,-9999999.000,-9999999.000,0.000,1.000,0,14,0,46,46,14,0,60,0.0,1.0,0.0,0.0,0.23333333333333334,0.7666666666666666
"F[0,1](s8_edrk <= 0.002 | Temp >= 36.481)
",0.000,-9999999.000,-9999999.000,0.000,1.000,0,14,0,46,46,14,0,60,0.0,1.0,0.0,0.0,0.23333333333333334,0.7666666666666666
"F[0,1](n_edrk <= 0.934 -> tte <= -0.030)
",0.000,-9999999.000,-9999999.000,0.000,1.000,3,11,3,43,46,14,6,54,0.06521739130434782,0.7857142857142857,0.21428571428571427,0.5,0.23333333333333334,0.7666666666666666
"F[0,0](MET <= 0.824 -> SBP >= 78.477)
",0.041,-27.393,-28.423,0.000,1.000,0,13,1,46,46,14,1,59,0.0,0.9285714285714286,0.07142857142857142,0.0,0.21666666666666667,0.7833333333333333
"F[0,1](SpO2 <= 97.371 -> WHITE_BLOOD_CELL_COUNT >= 8.475)
",0.000,-9999999.000,-9999999.000,0.000,1.000,8,5,9,38,46,14,17,43,0.17391304347826086,0.35714285714285715,0.6428571428571429,0.47058823529411764,0.21666666666666667,0.7833333333333333
"((SODIUM <= 138.098) U[0,2] (srr >= 0.029))
",0.000,-9999999.000,-9999999.000,0.000,1.000,0,13,0,47,47,13,0,60,0.0,1.0,0.0,0.0,0.21666666666666667,0.7833333333333333
"F[0,2]((af <= 0.332 | AF <= 0.458) & cosen >= -2.261)
",0.000,-9999999.000,-9999999.000,0.000,1.000,0,13,0,47,47,13,0,60,0.0,1.0,0.0,0.0,0.21666666666666667,0.7833333333333333
"F[0,0]((af <= 0.030 | AF <= 0.336) & cosen >= -2.299)
",0.461,0.166,0.053,0.000,1.000,1,12,2,45,46,14,3,57,0.021739130434782608,0.8571428571428571,0.14285714285714285,0.3333333333333333,0.21666666666666667,0.7833333333333333
"F[0,1](HEMOGLOBIN <= 10.042 | srr <= 0.114)
",0.000,-9999999.000,-9999999.000,0.000,1.000,2,11,3,44,46,14,5,55,0.043478260869565216,0.7857142857142857,0.21428571428571427,0.4,0.21666666666666667,0.7833333333333333
"((death <= 0.905) U[0,0] (O2_Flow <= 6.528))
",0.061,3.528,3.439,0.000,1.000,0,13,1,46,46,14,1,59,0.0,0.9285714285714286,0.07142857142857142,0.0,0.21666666666666667,0.7833333333333333
"((lds <= 1.392) U[0,1] (s8_edrk <= 0.002))
",0.000,-9999999.000,-9999999.000,0.000,1.000,0,13,1,46,46,14,1,59,0.0,0.9285714285714286,0.07142857142857142,0.0,0.21666666666666667,0.7833333333333333
"((Pulse >= 62.041) U[0,1] (s2_edrk <= 0.002))
",0.000,-9999999.000,-9999999.000,0.000,1.000,0,13,1,46,46,14,1,59,0.0,0.9285714285714286,0.07142857142857142,0.0,0.21666666666666667,0.7833333333333333
"((Mort >= 0.007) U[0,2] (SpO2 >= 91.220))
",0.000,-9999999.000,-9999999.000,0.000,1.000,0,13,0,47,47,13,0,60,0.0,1.0,0.0,0.0,0.21666666666666667,0.7833333333333333
"((PARTIAL_THROMBOPLASTIN_TIME >= 27.271) U[1,2] (PHOSPHORUS >= 3.530))
",0.000,-9999999.000,-9999999.000,0.000,1.000,13,0,0,47,60,0,13,47,0.21666666666666667,0.0,0.0,1.0,0.21666666666666667,0.7833333333333333
"((PHOSPHORUS <= 3.792) U[1,2] (PROTIME_INR <= 1.189))
",0.000,-9999999.000,-9999999.000,0.000,1.000,13,0,0,47,60,0,13,47,0.21666666666666667,0.0,0.0,1.0,0.21666666666666667,0.7833333333333333
"((edrk <= 19.608) U[1,2] (hr <= 110.586))
",0.000,-9999999.000,-9999999.000,0.000,1.000,2,11,1,46,48,12,3,57,0.041666666666666664,0.9166666666666666,0.08333333333333333,0.6666666666666666,0.21666666666666667,0.7833333333333333
"((Mort <= 0.800) U[0,2] (s8_hr >= -3.748829980289715e-05))
",0.000,-9999999.000,-9999999.000,0.000,1.000,0,13,0,47,47,13,0,60,0.0,1.0,0.0,0.0,0.21666666666666667,0.7833333333333333
"((LOS <= 1.584) U[1,1] (PROTIME_INR >= 1.172))
",7010344336202366.000,1.584,0.028,0.000,1.000,13,0,14,33,46,14,27,33,0.2826086956521739,0.0,1.0,0.48148148148148145,0.21666666666666667,0.7833333333333333
"F[1,1](POTASSIUM >= 3.717 -> SBP >= 65.099)
",0.557,-40.945,-65.473,0.000,1.000,0,13,1,46,46,14,1,59,0.0,0.9285714285714286,0.07142857142857142,0.0,0.21666666666666667,0.7833333333333333
"F[0,1](cosen >= -2.091 | Resp <= 20.291)
",0.000,-9999999.000,-9999999.000,0.000,1.000,0,13,1,46,46,14,1,59,0.0,0.9285714285714286,0.07142857142857142,0.0,0.21666666666666667,0.7833333333333333
"((s24_hr >= -0.000) U[0,1] (tte >= -1.760))
",0.000,-9999999.000,-9999999.000,0.000,1.000,0,12,2,46,46,14,2,58,0.0,0.8571428571428571,0.14285714285714285,0.0,0.2,0.8
"((AF <= 0.220) U[0,0] (dfa >= 0.496))
",0.931,0.542,0.264,0.000,1.000,0,12,2,46,46,14,2,58,0.0,0.8571428571428571,0.14285714285714285,0.0,0.2,0.8
"((PARTIAL_THROMBOPLASTIN_TIME >= 27.914) U[0,0] (SpO2 >= 87.564))
",0.286,10.175,8.786,0.000,1.000,0,12,2,46,46,14,2,58,0.0,0.8571428571428571,0.14285714285714285,0.0,0.2,0.8
"((LOS >= 0.383) U[0,2] (n_edrk <= 0.902))
",0.000,-9999999.000,-9999999.000,0.000,1.000,0,12,0,48,48,12,0,60,0.0,1.0,0.0,0.0,0.2,0.8
"F[1,2](BLOOD_UREA_NITROGEN <= 20.834 | tte >= -1.937)
",0.000,-9999999.000,-9999999.000,0.000,1.000,0,12,0,48,48,12,0,60,0.0,1.0,0.0,0.0,0.2,0.8
"((direct >= 0.003) U[0,2] (n_edrk >= 0.005))
",0.000,-9999999.000,-9999999.000,0.000,1.000,0,12,0,48,48,12,0,60,0.0,1.0,0.0,0.0,0.2,0.8
"F[1,2](HEMOGLOBIN >= 8.997 -> s2_hr <= 0.001)
",0.000,-9999999.000,-9999999.000,0.000,1.000,0,12,0,48,48,12,0,60,0.0,1.0,0.0,0.0,0.2,0.8
"F[0,0](Glasgow_Coma_Scale_Total >= 14.543 & SBP >= 91.623)
",0.445,0.279,-4.709,0.000,1.000,1,11,3,45,46,14,4,56,0.021739130434782608,0.7857142857142857,0.21428571428571427,0.25,0.2,0.8
"F[1,2](hr >= 70.157 -> s24_edrk >= -0.007)
",0.000,-9999999.000,-9999999.000,0.000,1.000,0,12,0,48,48,12,0,60,0.0,1.0,0.0,0.0,0.2,0.8
"((CREATININE <= 1.274) U[1,2] (ICU_Pt_Days >= 0.698))
",0.000,-9999999.000,-9999999.000,0.000,1.000,0,12,0,48,48,12,0,60,0.0,1.0,0.0,0.0,0.2,0.8
"((Pulse >= 74.461) U[0,1] (Resp >= 12.162))
",0.000,-9999999.000,-9999999.000,0.000,1.000,0,12,2,46,46,14,2,58,0.0,0.8571428571428571,0.14285714285714285,0.0,0.2,0.8
"((Glasgow_Coma_Scale_Total <= 14.955) U[0,2] (s2_edrk <= 0.001))
",0.000,-9999999.000,-9999999.000,0.000,1.000,0,12,0,48,48,12,0,60,0.0,1.0,0.0,0.0,0.2,0.8
"F[1,2](LOS >= 0.703 & s8_edrk >= -0.003)
",0.000,-9999999.000,-9999999.000,0.000,1.000,0,12,0,48,48,12,0,60,0.0,1.0,0.0,0.0,0.2,0.8
"((MET <= 0.427) U[0,1] (Resp >= 13.893))
",0.000,-9999999.000,-9999999.000,0.000,1.000,0,12,2,46,46,14,2,58,0.0,0.8571428571428571,0.14285714285714285,0.0,0.2,0.8
"F[1,2](lds >= 0.550 -> SpO2 <= 99.940)
",0.000,-9999999.000,-9999999.000,0.000,1.000,0,12,0,48,48,12,0,60,0.0,1.0,0.0,0.0,0.2,0.8
"((AF <= 0.038) U[0,1] (SBP >= 86.945))
",0.000,-9999999.000,-9999999.000,0.000,1.000,0,12,2,46,46,14,2,58,0.0,0.8571428571428571,0.14285714285714285,0.0,0.2,0.8
"F[1,1](s2_hr >= -0.001 -> SBP <= 132.217)
",-0.417,-26.174,-16.156,0.000,1.000,0,12,2,46,46,14,2,58,0.0,0.8571428571428571,0.14285714285714285,0.0,0.2,0.8
"((Resp >= 12.300) U[0,2] (s2_edrk <= 0.001))
",0.000,-9999999.000,-9999999.000,0.000,1.000,0,12,0,48,48,12,0,60,0.0,1.0,0.0,0.0,0.2,0.8
"F[1,2](edrk <= 20.610 -> Pulse <= 94.091)
",0.000,-9999999.000,-9999999.000,0.000,1.000,0,12,0,48,48,12,0,60,0.0,1.0,0.0,0.0,0.2,0.8
"((edrk <= 22.205) U[1,2] (WHITE_BLOOD_CELL_COUNT <= 8.748))
",0.000,-9999999.000,-9999999.000,0.000,1.000,0,12,2,46,46,14,2,58,0.0,0.8571428571428571,0.14285714285714285,0.0,0.2,0.8
"F[0,1](CALCIUM >= 8.547 -> edrk <= 19.139)
",0.000,-9999999.000,-9999999.000,0.000,1.000,0,12,2,46,46,14,2,58,0.0,0.8571428571428571,0.14285714285714285,0.0,0.2,0.8
"((direct >= 0.057) U[0,0] (Glasgow_Coma_Scale_Total >= 14.049))
",0.408,0.951,0.808,0.000,1.000,0,12,2,46,46,14,2,58,0.0,0.8571428571428571,0.14285714285714285,0.0,0.2,0.8
"F[1,2](s8_hr <= 0.001 | tte >= -0.552)
",0.000,-9999999.000,-9999999.000,0.000,1.000,0,12,0,48,48,12,0,60,0.0,1.0,0.0,0.0,0.2,0.8
"((MET <= 0.719) U[0,1] (Temp >= 36.218))
",0.000,-9999999.000,-9999999.000,0.000,1.000,0,12,2,46,46,14,2,58,0.0,0.8571428571428571,0.14285714285714285,0.0,0.2,0.8
"((edrk <= 20.940) U[0,2] (Resp >= 16.897))
",0.000,-9999999.000,-9999999.000,0.000,1.000,0,12,0,48,48,12,0,60,0.0,1.0,0.0,0.0,0.2,0.8
"((dfa <= 1.478) U[1,2] (Pulse <= 107.243))
",0.000,-9999999.000,-9999999.000,0.000,1.000,0,12,0,48,48,12,0,60,0.0,1.0,0.0,0.0,0.2,0.8
"((lds >= 0.621) U[0,2] (Temp >= 36.087))
",0.000,-9999999.000,-9999999.000,0.000,1.000,0,12,0,48,48,12,0,60,0.0,1.0,0.0,0.0,0.2,0.8
"F[0,0]((af <= 0.421 | AF <= 0.057) & cosen >= -2.200)
",0.148,0.071,0.034,0.000,1.000,7,4,10,39,46,14,17,43,0.15217391304347827,0.2857142857142857,0.7142857142857143,0.4117647058823529,0.18333333333333332,0.8166666666666667
"((s2_edrk <= 0.002) U[0,2] (tte <= -0.061))
",0.000,-9999999.000,-9999999.000,0.000,1.000,0,11,0,49,49,11,0,60,0.0,1.0,0.0,0.0,0.18333333333333332,0.8166666666666667
"((Pulse <= 94.517) U[1,2] (SBP >= 68.844))
",0.000,-9999999.000,-9999999.000,0.000,1.000,0,11,2,47,47,13,2,58,0.0,0.8461538461538461,0.15384615384615385,0.0,0.18333333333333332,0.8166666666666667
"((AF >= 0.004) U[0,0] (cosen <= -1.436))
",0.310,0.693,0.582,0.000,1.000,1,10,4,45,46,14,5,55,0.021739130434782608,0.7142857142857143,0.2857142857142857,0.2,0.18333333333333332,0.8166666666666667
"F[1,2](cosen <= -1.309 & edrk >= 12.453)
",0.000,-9999999.000,-9999999.000,0.000,1.000,0,11,0,49,49,11,0,60,0.0,1.0,0.0,0.0,0.18333333333333332,0.8166666666666667
"((lds >= 0.538) U[0,2] (Resp <= 18.671))
",0.000,-9999999.000,-9999999.000,0.000,1.000,0,11,0,49,49,11,0,60,0.0,1.0,0.0,0.0,0.18333333333333332,0.8166666666666667
"((PHOSPHORUS >= 3.562) U[0,2] (Resp <= 20.845))
",0.000,-9999999.000,-9999999.000,0.000,1.000,0,11,0,49,49,11,0,60,0.0,1.0,0.0,0.0,0.18333333333333332,0.8166666666666667
"F[0,2](Glasgow_Coma_Scale_Total >= 14.219 -> LOS <= 11.391)
",0.000,-9999999.000,-9999999.000,0.000,1.000,0,11,0,49,49,11,0,60,0.0,1.0,0.0,0.0,0.18333333333333332,0.8166666666666667
"((cosen <= -1.725) U[0,1] (death <= 0.683))
",0.000,-9999999.000,-9999999.000,0.000,1.000,0,10,4,46,46,14,4,56,0.0,0.7142857142857143,0.2857142857142857,0.0,0.16666666666666666,0.8333333333333334
"F[1,2](MET <= 0.763 -> s24_edrk <= 0.001)
",0.000,-9999999.000,-9999999.000,0.000,1.000,0,10,0,50,50,10,0,60,0.0,1.0,0.0,0.0,0.16666666666666666,0.8333333333333334
"F[0,2](death <= 0.613 & dfa <= 1.299)
",0.000,-9999999.000,-9999999.000,0.000,1.000,0,10,0,50,50,10,0,60,0.0,1.0,0.0,0.0,0.16666666666666666,0.8333333333333334
"((death <= 0.286) U[1,2] (n_evts >= 0.005))
",0.000,-9999999.000,-9999999.000,0.000,1.000,0,10,4,46,46,14,4,56,0.0,0.7142857142857143,0.2857142857142857,0.0,0.16666666666666666,0.8333333333333334
"((dfa >= 0.783) U[1,2] (Glasgow_Coma_Scale_Total >= 14.668))
",0.000,-9999999.000,-9999999.000,0.000,1.000,6,3,7,44,50,10,13,47,0.12,0.3,0.7,0.46153846153846156,0.15,0.85
"((Pulse >= 62.920) U[1,2] (y >= 0.127))
",0.000,-9999999.000,-9999999.000,0.000,1.000,0,9,0,51,51,9,0,60,0.0,1.0,0.0,0.0,0.15,0.85
"((death <= 0.289) U[0,2] (Temp <= 36.694))
",0.000,-9999999.000,-9999999.000,0.000,1.000,0,9,0,51,51,9,0,60,0.0,1.0,0.0,0.0,0.15,0.85
"((srr <= 0.069) U[0,1] (Temp <= 37.008))
",0.000,-9999999.000,-9999999.000,0.000,1.000,0,9,5,46,46,14,5,55,0.0,0.6428571428571429,0.35714285714285715,0.0,0.15,0.85
"((Resp >= 14.639) U[1,2] (Temp <= 37.145))
",0.000,-9999999.000,-9999999.000,0.000,1.000,2,7,2,49,51,9,4,56,0.0392156862745098,0.7777777777777778,0.2222222222222222,0.5,0.15,0.85
"F[1,2](CHLORIDE >= 102.120 | LOS <= 8.382)
",0.000,-9999999.000,-9999999.000,0.000,1.000,0,9,0,51,51,9,0,60,0.0,1.0,0.0,0.0,0.15,0.85
"((CHLORIDE <= 103.927) U[0,2] (y >= 0.102))
",0.000,-9999999.000,-9999999.000,0.000,1.000,0,9,0,51,51,9,0,60,0.0,1.0,0.0,0.0,0.15,0.85
"F[0,2]((af <= 0.378 | AF <= 0.466) & cosen >= -2.204)
",0.000,-9999999.000,-9999999.000,0.000,1.000,0,8,0,52,52,8,0,60,0.0,1.0,0.0,0.0,0.13333333333333333,0.8666666666666667
"F[1,1](Resp >= 13.138 & s8_edrk <= 0.001)
",0.409,0.001,-0.162,0.000,1.000,0,8,6,46,46,14,6,54,0.0,0.5714285714285714,0.42857142857142855,0.0,0.13333333333333333,0.8666666666666667
"F[0,2]((af <= 0.202 | AF <= 0.229) & cosen >= -2.205)
",0.000,-9999999.000,-9999999.000,0.000,1.000,0,8,0,52,52,8,0,60,0.0,1.0,0.0,0.0,0.13333333333333333,0.8666666666666667
"((O2_Flow >= 2.496) U[1,1] (srr <= 0.141))
",-0.914,0.504,1.813,0.000,1.000,2,5,9,44,46,14,11,49,0.043478260869565216,0.35714285714285715,0.6428571428571429,0.18181818181818182,0.11666666666666667,0.8833333333333333
"F[0,1](LOS <= 9.192 & Temp <= 36.984)
",0.000,-9999999.000,-9999999.000,0.000,1.000,0,7,7,46,46,14,7,53,0.0,0.5,0.5,0.0,0.11666666666666667,0.8833333333333333
"((CALCIUM >= 8.533) U[0,2] (direct <= 0.753))
",0.000,-9999999.000,-9999999.000,0.000,1.000,0,7,0,53,53,7,0,60,0.0,1.0,0.0,0.0,0.11666666666666667,0.8833333333333333
"F[1,2](Mort <= 0.470 -> PARTIAL_THROMBOPLASTIN_TIME <= 31.301)
",0.000,-9999999.000,-9999999.000,0.000,1.000,0,7,0,53,53,7,0,60,0.0,1.0,0.0,0.0,0.11666666666666667,0.8833333333333333
"((n_edrk >= 0.586) U[0,2] (s8_hr >= -0.000))
",0.000,-9999999.000,-9999999.000,0.000,1.000,0,7,0,53,53,7,0,60,0.0,1.0,0.0,0.0,0.11666666666666667,0.8833333333333333
"((cosen <= -1.548) U[0,1] (hr <= 88.383))
",0.000,-9999999.000,-9999999.000,0.000,1.000,0,7,7,46,46,14,7,53,0.0,0.5,0.5,0.0,0.11666666666666667,0.8833333333333333
"((direct <= 0.429) U[1,2] (Pulse >= 68.551))
",0.000,-9999999.000,-9999999.000,0.000,1.000,0,7,7,46,46,14,7,53,0.0,0.5,0.5,0.0,0.11666666666666667,0.8833333333333333
"((edrk >= 13.794) U[0,2] (Mort >= 0.064))
",0.000,-9999999.000,-9999999.000,0.000,1.000,0,7,0,53,53,7,0,60,0.0,1.0,0.0,0.0,0.11666666666666667,0.8833333333333333
"((death <= 0.640) U[0,2] (s8_hr >= -0.000))
",0.000,-9999999.000,-9999999.000,0.000,1.000,0,7,0,53,53,7,0,60,0.0,1.0,0.0,0.0,0.11666666666666667,0.8833333333333333
"((MAGNESIUM >= 2.022) U[0,2] (s24_hr >= -0.000))
",0.000,-9999999.000,-9999999.000,0.000,1.000,0,7,0,53,53,7,0,60,0.0,1.0,0.0,0.0,0.11666666666666667,0.8833333333333333
"F[0,2](s24_edrk >= -0.007 -> y <= 0.903)
",0.000,-9999999.000,-9999999.000,0.000,1.000,0,7,0,53,53,7,0,60,0.0,1.0,0.0,0.0,0.11666666666666667,0.8833333333333333
"((BLOOD_UREA_NITROGEN >= 20.230) U[0,2] (Mort >= 0.093))
",0.000,-9999999.000,-9999999.000,0.000,1.000,0,7,0,53,53,7,0,60,0.0,1.0,0.0,0.0,0.11666666666666667,0.8833333333333333
"F[1,2](BLOOD_UREA_NITROGEN >= 20.183 -> direct <= 0.434)
",0.000,-9999999.000,-9999999.000,0.000,1.000,0,7,0,53,53,7,0,60,0.0,1.0,0.0,0.0,0.11666666666666667,0.8833333333333333
"F[1,1](hr <= 106.011 & LOS <= 7.105)
",1.497,7.105,-1.450,0.000,1.000,0,7,7,46,46,14,7,53,0.0,0.5,0.5,0.0,0.11666666666666667,0.8833333333333333
"F[0,2](Mort <= 0.282 & SBP <= 176.663)
",0.000,-9999999.000,-9999999.000,0.000,1.000,0,7,0,53,53,7,0,60,0.0,1.0,0.0,0.0,0.11666666666666667,0.8833333333333333
"F[0,2](PARTIAL_THROMBOPLASTIN_TIME >= 24.856 & s8_hr >= 5.8490506608390564e-05)
",0.000,-9999999.000,-9999999.000,0.000,1.000,0,7,0,53,53,7,0,60,0.0,1.0,0.0,0.0,0.11666666666666667,0.8833333333333333
"F[0,2](direct <= 0.845 | HEMOGLOBIN <= 10.188)
",0.000,-9999999.000,-9999999.000,0.000,1.000,0,7,0,53,53,7,0,60,0.0,1.0,0.0,0.0,0.11666666666666667,0.8833333333333333
"F[1,2](hr >= 62.055 & Mort >= 0.114)
",0.000,-9999999.000,-9999999.000,0.000,1.000,0,7,0,53,53,7,0,60,0.0,1.0,0.0,0.0,0.11666666666666667,0.8833333333333333
"F[1,2](ICU_Pt_Days <= 3.532 | MAGNESIUM >= 2.007)
",0.000,-9999999.000,-9999999.000,0.000,1.000,0,6,0,54,54,6,0,60,0.0,1.0,0.0,0.0,0.1,0.9
"F[0,1](hr <= 79.794 | lds <= 1.299)
",0.000,-9999999.000,-9999999.000,0.000,1.000,0,6,8,46,46,14,8,52,0.0,0.42857142857142855,0.5714285714285714,0.0,0.1,0.9
"F[1,1](ICU_Pt_Days <= 2.003 | POTASSIUM <= 3.963)
",3.725,2.003,0.266,0.000,1.000,0,6,8,46,46,14,8,52,0.0,0.42857142857142855,0.5714285714285714,0.0,0.1,0.9
"F[1,1](AF <= 0.030 & ICU_Pt_Days <= 4.795)
",1.011,0.030,-0.180,0.000,1.000,0,6,8,46,46,14,8,52,0.0,0.42857142857142855,0.5714285714285714,0.0,0.1,0.9
"F[0,2](HEMOGLOBIN >= 9.703 -> ICU_Pt_Days <= 4.764)
",0.000,-9999999.000,-9999999.000,0.000,1.000,0,6,0,54,54,6,0,60,0.0,1.0,0.0,0.0,0.1,0.9
"((dfa <= 1.392) U[0,2] (ICU_Pt_Days <= 3.757))
",0.000,-9999999.000,-9999999.000,0.000,1.000,0,6,0,54,54,6,0,60,0.0,1.0,0.0,0.0,0.1,0.9
"F[1,2](n_edrk >= 0.018 & s24_hr >= 0.000)
",0.000,-9999999.000,-9999999.000,0.000,1.000,0,6,0,54,54,6,0,60,0.0,1.0,0.0,0.0,0.1,0.9
"((GLUCOSE >= 113.617) U[0,2] (tte >= -0.441))
",0.000,-9999999.000,-9999999.000,0.000,1.000,0,5,0,55,55,5,0,60,0.0,1.0,0.0,0.0,0.08333333333333333,0.9166666666666666
"((direct <= 0.987) U[1,2] (s24_edrk >= -0.007))
",0.000,-9999999.000,-9999999.000,0.000,1.000,0,5,7,48,48,12,7,53,0.0,0.4166666666666667,0.5833333333333334,0.0,0.08333333333333333,0.9166666666666666
"F[1,2](direct >= 0.076 & tte <= -0.166)
",0.000,-9999999.000,-9999999.000,0.000,1.000,0,5,0,55,55,5,0,60,0.0,1.0,0.0,0.0,0.08333333333333333,0.9166666666666666
"((hr <= 113.478) U[0,1] (y <= 0.285))
",0.000,-9999999.000,-9999999.000,0.000,1.000,0,5,9,46,46,14,9,51,0.0,0.35714285714285715,0.6428571428571429,0.0,0.08333333333333333,0.9166666666666666
"F[0,2](n_edrk <= 0.977 & O2_Flow >= 3.013)
",0.000,-9999999.000,-9999999.000,0.000,1.000,0,5,0,55,55,5,0,60,0.0,1.0,0.0,0.0,0.08333333333333333,0.9166666666666666
"((LOS <= 9.782) U[1,2] (y <= 0.222))
",0.000,-9999999.000,-9999999.000,0.000,1.000,0,5,0,55,55,5,0,60,0.0,1.0,0.0,0.0,0.08333333333333333,0.9166666666666666
"((ICU_Pt_Days >= 0.060) U[1,2] (Mort >= 0.035))
",0.000,-9999999.000,-9999999.000,0.000,1.000,0,5,2,53,53,7,2,58,0.0,0.7142857142857143,0.2857142857142857,0.0,0.08333333333333333,0.9166666666666666
"F[1,2](O2_Flow >= 2.928 & SpO2 >= 93.312)
",0.000,-9999999.000,-9999999.000,0.000,1.000,0,5,0,55,55,5,0,60,0.0,1.0,0.0,0.0,0.08333333333333333,0.9166666666666666
"F[0,1](Glasgow_Coma_Scale_Total >= 14.354 & y <= 0.220)
",0.000,-9999999.000,-9999999.000,0.000,1.000,0,5,9,46,46,14,9,51,0.0,0.35714285714285715,0.6428571428571429,0.0,0.08333333333333333,0.9166666666666666
"((GLUCOSE <= 114.777) U[0,1] (y <= 0.218))
",0.000,-9999999.000,-9999999.000,0.000,1.000,0,5,9,46,46,14,9,51,0.0,0.35714285714285715,0.6428571428571429,0.0,0.08333333333333333,0.9166666666666666
"((cosen <= -1.968) U[1,2] (y >= 0.069))
",0.000,-9999999.000,-9999999.000,0.000,1.000,0,5,4,51,51,9,4,56,0.0,0.5555555555555556,0.4444444444444444,0.0,0.08333333333333333,0.9166666666666666
"((WHITE_BLOOD_CELL_COUNT <= 8.946) U[0,0] (y <= 0.510))
",-0.594,0.537,0.546,0.000,1.000,0,5,9,46,46,14,9,51,0.0,0.35714285714285715,0.6428571428571429,0.0,0.08333333333333333,0.9166666666666666
"F[1,2](Glasgow_Coma_Scale_Total >= 14.069 & Mort <= 0.456)
",0.000,-9999999.000,-9999999.000,0.000,1.000,0,5,0,55,55,5,0,60,0.0,1.0,0.0,0.0,0.08333333333333333,0.9166666666666666
"((lds >= 0.587) U[0,2] (y <= 0.174))
",0.000,-9999999.000,-9999999.000,0.000,1.000,0,5,0,55,55,5,0,60,0.0,1.0,0.0,0.0,0.08333333333333333,0.9166666666666666
"F[0,2](death <= 0.604 -> POTASSIUM <= 3.987)
",0.000,-9999999.000,-9999999.000,0.000,1.000,0,4,0,56,56,4,0,60,0.0,1.0,0.0,0.0,0.06666666666666667,0.9333333333333333
"F[0,2]((af <= 0.308 | AF <= 0.120) & cosen >= -2.049)
",0.000,-9999999.000,-9999999.000,0.000,1.000,0,4,0,56,56,4,0,60,0.0,1.0,0.0,0.0,0.06666666666666667,0.9333333333333333
"((SBP >= 68.300) U[1,2] (y <= 0.632))
",0.000,-9999999.000,-9999999.000,0.000,1.000,0,4,1,55,55,5,1,59,0.0,0.8,0.2,0.0,0.06666666666666667,0.9333333333333333
"F[0,2](Glasgow_Coma_Scale_Total >= 14.293 & s24_hr >= -0.000)
",0.000,-9999999.000,-9999999.000,0.000,1.000,0,3,0,57,57,3,0,60,0.0,1.0,0.0,0.0,0.05,0.95
"((tte >= -2.885) U[1,2] (y <= 0.597))
",0.000,-9999999.000,-9999999.000,0.000,1.000,0,3,2,55,55,5,2,58,0.0,0.6,0.4,0.0,0.05,0.95
"F[0,2](LOS < 10.163 -> y = 0.531)
",0.000,-9999999.000,-9999999.000,0.000,1.000,0,3,0,57,57,3,0,60,0.0,1.0,0.0,0.0,0.05,0.95
"F[1,2](cosen <= -1.383 & dfa >= 0.767)
",0.000,-9999999.000,-9999999.000,0.000,1.000,0,3,0,57,57,3,0,60,0.0,1.0,0.0,0.0,0.05,0.95
"F[1,2](death >= 0.051 & tte >= -2.340)
",0.000,-9999999.000,-9999999.000,0.000,1.000,0,2,0,58,58,2,0,60,0.0,1.0,0.0,0.0,0.03333333333333333,0.9666666666666667
"F[0,0](MET >= 0.019 | n_evts <= 0.737)
",1.752,0.737,0.124,0.000,1.000,0,2,12,46,46,14,12,48,0.0,0.14285714285714285,0.8571428571428571,0.0,0.03333333333333333,0.9666666666666667
"F[0,2](edrk <= 21.045 -> MET >= 0.021)
",0.000,-9999999.000,-9999999.000,0.000,1.000,0,2,0,58,58,2,0,60,0.0,1.0,0.0,0.0,0.03333333333333333,0.9666666666666667
"((MAGNESIUM >= 2.003) U[1,2] (POTASSIUM <= 3.941))
",0.000,-9999999.000,-9999999.000,0.000,1.000,1,0,0,59,60,0,1,59,0.016666666666666666,0.0,0.0,1.0,0.016666666666666666,0.9833333333333333
"((MET >= 0.007) U[0,2] (death = 0.067))
",0.000,-9999999.000,-9999999.000,0.000,1.000,0,0,0,60,60,0,0,60,0.0,0.0,0.0,0.0,0.0,1.0
"F[2,2](Mort >= 0.087 -> y = 0.022)
",0.736,0.022,-0.342,0.000,1.000,0,0,0,60,60,0,0,60,0.0,0.0,0.0,0.0,0.0,1.0
"F[1,2](BLOOD_UREA_NITROGEN <= 20.885 & CREATININE >= 1.180)
",0.000,-9999999.000,-9999999.000,0.000,1.000,0,0,0,60,60,0,0,60,0.0,0.0,0.0,0.0,0.0,1.0
"((s8_hr > -0.000) U[2,2] (y = 0.122))
",-0.126,0.001,0.001,0.000,1.000,0,0,0,60,60,0,0,60,0.0,0.0,0.0,0.0,0.0,1.0
"((s2_hr > 8.611518423121481e-05) U[1,2] (y = 0.512))
",0.000,-9999999.000,-9999999.000,0.000,1.000,0,0,0,60,60,0,0,60,0.0,0.0,0.0,0.0,0.0,1.0
"((TOTAL_BILIRUBIN < 0.700) U[0,2] (y = 0.385))
",0.000,-9999999.000,-9999999.000,0.000,1.000,0,0,0,60,60,0,0,60,0.0,0.0,0.0,0.0,0.0,1.0
"F[1,2](Sgy < 0.000 & y = 0.983)
",0.000,-9999999.000,-9999999.000,0.000,1.000,0,0,0,60,60,0,0,60,0.0,0.0,0.0,0.0,0.0,1.0
"F[0,2](PCO2 <= 39.500 -> y = 0.520)
",0.000,-9999999.000,-9999999.000,0.000,1.000,0,0,0,60,60,0,0,60,0.0,0.0,0.0,0.0,0.0,1.0
"((CHLORIDE <= 105.134) U[2,2] (MAGNESIUM >= 2.019))
",-0.594,2.337,3.134,0.000,1.000,0,0,0,60,60,0,0,60,0.0,0.0,0.0,0.0,0.0,1.0
"F[0,2](O2_Flow > 3.032 & y = 0.116)
",0.000,-9999999.000,-9999999.000,0.000,1.000,0,0,0,60,60,0,0,60,0.0,0.0,0.0,0.0,0.0,1.0
"((SODIUM <= 137.740) U[2,2] (SODIUM <= 138.373))
",-0.594,0.851,1.373,0.000,1.000,0,0,0,60,60,0,0,60,0.0,0.0,0.0,0.0,0.0,1.0
"((s24_edrk >= -0.004) U[2,2] (s8_edrk <= 0.000))
",-0.540,0.004,0.005,0.000,1.000,0,0,0,60,60,0,0,60,0.0,0.0,0.0,0.0,0.0,1.0
"F[2,2](GLUCOSE >= 108.206 & PARTIAL_THROMBOPLASTIN_TIME <= 30.799)
",-0.594,-3.924,-1.001,0.000,1.000,0,0,0,60,60,0,0,60,0.0,0.0,0.0,0.0,0.0,1.0
"((MAGNESIUM >= 2.021) U[0,2] (PARTIAL_THROMBOPLASTIN_TIME <= 30.179))
",0.000,-9999999.000,-9999999.000,0.000,1.000,0,0,0,60,60,0,0,60,0.0,0.0,0.0,0.0,0.0,1.0
"((MAGNESIUM <= 2.062) U[0,2] (WHITE_BLOOD_CELL_COUNT >= 8.432))
",0.000,-9999999.000,-9999999.000,0.000,1.000,0,0,0,60,60,0,0,60,0.0,0.0,0.0,0.0,0.0,1.0
"F[0,2](HEMOGLOBIN <= 9.968 | POTASSIUM <= 3.948)
",0.000,-9999999.000,-9999999.000,0.000,1.000,0,0,0,60,60,0,0,60,0.0,0.0,0.0,0.0,0.0,1.0
"F[1,2](HEMOGLOBIN >= 9.069 -> PROTIME_INR <= 1.184)
",0.000,-9999999.000,-9999999.000,0.000,1.000,0,0,0,60,60,0,0,60,0.0,0.0,0.0,0.0,0.0,1.0
"((s24_edrk >= -0.002) U[0,2] (y = 0.494))
",0.000,-9999999.000,-9999999.000,0.000,1.000,0,0,0,60,60,0,0,60,0.0,0.0,0.0,0.0,0.0,1.0
"((tte <= -0.209) U[0,2] (y = 0.960))
",0.000,-9999999.000,-9999999.000,0.000,1.000,0,0,0,60,60,0,0,60,0.0,0.0,0.0,0.0,0.0,1.0
"((MET >= 0.008) U[1,2] (death = 0.067))
",0.000,-9999999.000,-9999999.000,0.000,1.000,0,0,0,60,60,0,0,60,0.0,0.0,0.0,0.0,0.0,1.0
"((MET >= 0.032) U[2,2] (death = 0.067))
",-0.408,-0.032,0.111,0.000,1.000,0,0,0,60,60,0,0,60,0.0,0.0,0.0,0.0,0.0,1.0
"((MET >= 0.025) U[1,2] (death = 0.067))
",0.000,-9999999.000,-9999999.000,0.000,1.000,0,0,0,60,60,0,0,60,0.0,0.0,0.0,0.0,0.0,1.0
"F[1,2](BLOOD_UREA_NITROGEN <= 20.812 & CREATININE >= 1.154)
",0.000,-9999999.000,-9999999.000,0.000,1.000,0,0,0,60,60,0,0,60,0.0,0.0,0.0,0.0,0.0,1.0
"F[2,2]((af <= 0.313 | AF <= 0.431) & cosen >= -2.137)
",-0.120,0.056,0.092,0.000,1.000,0,0,0,60,60,0,0,60,0.0,0.0,0.0,0.0,0.0,1.0
"F[1,2](BLOOD_UREA_NITROGEN <= 20.921 & CREATININE >= 1.199)
",0.000,-9999999.000,-9999999.000,0.000,1.000,0,0,0,60,60,0,0,60,0.0,0.0,0.0,0.0,0.0,1.0
"((MET >= 0.018) U[0,2] (death = 0.067))
",0.000,-9999999.000,-9999999.000,0.000,1.000,0,0,0,60,60,0,0,60,0.0,0.0,0.0,0.0,0.0,1.0
"((MET >= 0.031) U[1,2] (death = 0.067))
",0.000,-9999999.000,-9999999.000,0.000,1.000,0,0,0,60,60,0,0,60,0.0,0.0,0.0,0.0,0.0,1.0
"F[0,2](BLOOD_UREA_NITROGEN <= 20.831 & CREATININE >= 1.166)
",0.000,-9999999.000,-9999999.000,0.000,1.000,0,0,0,60,60,0,0,60,0.0,0.0,0.0,0.0,0.0,1.0
"F[2,2](BLOOD_UREA_NITROGEN <= 20.838 & CREATININE >= 1.157)
",0.594,-0.004,-0.162,0.000,1.000,0,0,0,60,60,0,0,60,0.0,0.0,0.0,0.0,0.0,1.0
"F[2,2](CREATININE >= 1.166 -> y = 0.565)
",-0.594,-0.065,0.066,0.000,1.000,0,0,0,60,60,0,0,60,0.0,0.0,0.0,0.0,0.0,1.0
"F[1,2](BLOOD_UREA_NITROGEN <= 20.916 & CREATININE >= 1.148)
",0.000,-9999999.000,-9999999.000,0.000,1.000,0,0,0,60,60,0,0,60,0.0,0.0,0.0,0.0,0.0,1.0
"((MET >= 0.001) U[1,2] (death = 0.067))
",0.000,-9999999.000,-9999999.000,0.000,1.000,0,0,0,60,60,0,0,60,0.0,0.0,0.0,0.0,0.0,1.0
"((Pulse >= 76.795) U[1,2] (y = 0.103))
",0.000,-9999999.000,-9999999.000,0.000,1.000,0,0,0,60,60,0,0,60,0.0,0.0,0.0,0.0,0.0,1.0
"((MET < 0.696) U[1,2] (y = 0.342))
",0.000,-9999999.000,-9999999.000,0.000,1.000,0,0,0,60,60,0,0,60,0.0,0.0,0.0,0.0,0.0,1.0
"((ICU_Pt_Days <= 1.328) U[2,2] (LOS <= 10.589))
",1.995,10.589,4.874,0.000,1.000,0,0,0,60,60,0,0,60,0.0,0.0,0.0,0.0,0.0,1.0
"F[2,2](death >= 0.029 & y = 0.594)
",-1.581,-0.594,-0.460,0.000,1.000,0,0,0,60,60,0,0,60,0.0,0.0,0.0,0.0,0.0,1.0
"F[0,2](MAGNESIUM <= 2.028 -> y = 0.115)
",0.000,-9999999.000,-9999999.000,0.000,1.000,0,0,0,60,60,0,0,60,0.0,0.0,0.0,0.0,0.0,1.0
"((ICU_Pt_Days <= 4.455) U[2,2] (tte <= -0.129))
",2.007,4.455,1.481,0.000,1.000,0,0,0,60,60,0,0,60,0.0,0.0,0.0,0.0,0.0,1.0
"F[2,2](ICU_Pt_Days <= 4.991 -> Temp <= 37.063)
",-1.983,-4.991,-1.905,0.000,1.000,0,0,0,60,60,0,0,60,0.0,0.0,0.0,0.0,0.0,1.0
"F[1,2](Glasgow_Coma_Scale_Total >= 14.849 & MET >= 0.024)
",0.000,-9999999.000,-9999999.000,0.000,1.000,0,0,0,60,60,0,0,60,0.0,0.0,0.0,0.0,0.0,1.0
"F[1,2](srr <= 0.155 & WHITE_BLOOD_CELL_COUNT >= 8.480)
",0.000,-9999999.000,-9999999.000,0.000,1.000,0,0,0,60,60,0,0,60,0.0,0.0,0.0,0.0,0.0,1.0
"F[2,2](direct <= 0.483 & GLUCOSE <= 114.876)
",0.594,-2.922,-4.124,0.000,1.000,0,0,0,60,60,0,0,60,0.0,0.0,0.0,0.0,0.0,1.0
"((s24_hr >= -0.000) U[2,2] (s2_hr >= -0.001))
",0.145,0.001,0.001,0.000,1.000,0,0,0,60,60,0,0,60,0.0,0.0,0.0,0.0,0.0,1.0
"F[2,2](PARTIAL_THROMBOPLASTIN_TIME <= 31.233 | s24_hr >= -3.496961755657167e-05)
",0.720,1.551,-0.567,0.000,1.000,0,0,0,60,60,0,0,60,0.0,0.0,0.0,0.0,0.0,1.0
"F[2,2](O2_Flow >= 2.262 | s8_edrk <= 0.003)
",-0.789,0.738,1.957,0.000,1.000,0,0,0,60,60,0,0,60,0.0,0.0,0.0,0.0,0.0,1.0
"((Resp >= 12.405) U[0,2] (SODIUM >= 137.215))
",0.000,-9999999.000,-9999999.000,0.000,1.000,0,0,0,60,60,0,0,60,0.0,0.0,0.0,0.0,0.0,1.0
"((GLUCOSE <= 115.462) U[2,2] (Resp >= 16.241))
",0.532,5.812,0.431,0.000,1.000,0,0,0,60,60,0,0,60,0.0,0.0,0.0,0.0,0.0,1.0
"F[2,2](SpO2 >= 93.418 -> srr >= 0.047)
",-0.333,-4.277,-2.725,0.000,1.000,0,0,0,60,60,0,0,60,0.0,0.0,0.0,0.0,0.0,1.0
"((death >= 0.002) U[2,2] (y <= 0.871))
",1.058,0.871,0.390,0.000,1.000,0,0,0,60,60,0,0,60,0.0,0.0,0.0,0.0,0.0,1.0
"((LOS <= 2.868) U[1,2] (WHITE_BLOOD_CELL_COUNT >= 8.477))
",0.000,-9999999.000,-9999999.000,0.000,1.000,0,0,0,60,60,0,0,60,0.0,0.0,0.0,0.0,0.0,1.0
"((PROTIME_INR <= 1.200) U[2,2] (y <= 0.942))
",1.581,0.942,0.269,0.000,1.000,0,0,0,60,60,0,0,60,0.0,0.0,0.0,0.0,0.0,1.0
"((SpO2 <= 97.323) U[2,2] (tte >= -2.377))
",-0.502,2.583,5.079,0.000,1.000,0,0,0,60,60,0,0,60,0.0,0.0,0.0,0.0,0.0,1.0
"((LOS <= 9.760) U[2,2] (MAGNESIUM <= 2.030))
",2.050,9.760,4.123,0.000,1.000,0,0,0,60,60,0,0,60,0.0,0.0,0.0,0.0,0.0,1.0
"F[2,2](MAGNESIUM <= 2.066 -> s2_hr >= -0.000)
",0.594,-0.049,-0.066,0.000,1.000,0,0,0,60,60,0,0,60,0.0,0.0,0.0,0.0,0.0,1.0
"F[0,2](CALCIUM <= 8.815 & ICU_Pt_Days <= 0.977)
",0.000,-9999999.000,-9999999.000,0.000,1.000,0,0,0,60,60,0,0,60,0.0,0.0,0.0,0.0,0.0,1.0
"((BLOOD_UREA_NITROGEN <= 20.807) U[1,2] (ICU_Pt_Days >= 0.311))
",0.000,-9999999.000,-9999999.000,0.000,1.000,0,0,12,48,48,12,12,48,0.0,0.0,1.0,0.0,0.0,1.0
"F[2,2](MET >= 0.003 & n_edrk >= 0.650)
",0.820,-0.003,-0.251,0.000,1.000,0,0,0,60,60,0,0,60,0.0,0.0,0.0,0.0,0.0,1.0
"((lds >= 0.335) U[1,2] (WHITE_BLOOD_CELL_COUNT >= 8.494))
",0.000,-9999999.000,-9999999.000,0.000,1.000,0,0,0,60,60,0,0,60,0.0,0.0,0.0,0.0,0.0,1.0
"F[1,2](CALCIUM <= 8.826 & y >= 0.070)
",0.000,-9999999.000,-9999999.000,0.000,1.000,0,0,0,60,60,0,0,60,0.0,0.0,0.0,0.0,0.0,1.0
"F[2,2](direct <= 0.773 & MAGNESIUM >= 2.018)
",0.988,0.009,-0.137,0.000,1.000,0,0,0,60,60,0,0,60,0.0,0.0,0.0,0.0,0.0,1.0
"((n_evts >= 0.075) U[0,2] (POTASSIUM <= 3.944))
",0.000,-9999999.000,-9999999.000,0.000,1.000,0,0,0,60,60,0,0,60,0.0,0.0,0.0,0.0,0.0,1.0
"F[1,2](Mort >= 0.053 & POTASSIUM <= 3.994)
",0.000,-9999999.000,-9999999.000,0.000,1.000,0,0,0,60,60,0,0,60,0.0,0.0,0.0,0.0,0.0,1.0
"((CHLORIDE >= 102.595) U[1,2] (n_evts >= 0.117))
",0.000,-9999999.000,-9999999.000,0.000,1.000,0,0,14,46,46,14,14,46,0.0,0.0,1.0,0.0,0.0,1.0
"((hr >= 64.351) U[2,2] (Pulse <= 80.497))
",-0.996,10.475,31.506,0.000,1.000,0,0,0,60,60,0,0,60,0.0,0.0,0.0,0.0,0.0,1.0
"F[2,2](HEMOGLOBIN >= 9.724 & tte <= -0.040)
",-0.754,-0.297,0.207,0.000,1.000,0,0,0,60,60,0,0,60,0.0,0.0,0.0,0.0,0.0,1.0
"F[2,2](lds <= 1.962 & LOS <= 8.310)
",1.280,1.388,-0.129,0.000,1.000,0,0,0,60,60,0,0,60,0.0,0.0,0.0,0.0,0.0,1.0
"((ICU_Pt_Days >= 0.269) U[2,2] (y <= 0.782))
",-1.292,0.782,3.160,0.000,1.000,0,0,0,60,60,0,0,60,0.0,0.0,0.0,0.0,0.0,1.0
"((Mort <= 0.135) U[0,1] (n_evts <= 0.238))
",0.000,-9999999.000,-9999999.000,0.000,1.000,0,0,14,46,46,14,14,46,0.0,0.0,1.0,0.0,0.0,1.0
"((edrk >= 13.500) U[2,2] (Glasgow_Coma_Scale_Total <= 14.961))
",-0.455,1.203,4.268,0.000,1.000,0,0,0,60,60,0,0,60,0.0,0.0,0.0,0.0,0.0,1.0
"F[2,2](direct <= 0.849 & lds <= 1.593)
",2.878,0.828,0.012,0.000,1.000,0,0,0,60,60,0,0,60,0.0,0.0,0.0,0.0,0.0,1.0
"F[2,2](s24_edrk <= 0.002 -> Temp >= 36.547)
",0.375,-0.084,-0.229,0.000,1.000,0,0,0,60,60,0,0,60,0.0,0.0,0.0,0.0,0.0,1.0
"F[2,2](Mort <= 0.769 | n_edrk >= 0.137)
",0.956,0.862,0.608,0.000,1.000,0,0,0,60,60,0,0,60,0.0,0.0,0.0,0.0,0.0,1.0
"F[1,2](HEMOGLOBIN <= 10.198 & SpO2 >= 85.430)
",0.000,-9999999.000,-9999999.000,0.000,1.000,0,0,0,60,60,0,0,60,0.0,0.0,0.0,0.0,0.0,1.0
"F[2,2](Glasgow_Coma_Scale_Total >= 14.921 -> s8_edrk <= 0.003)
",-0.864,-0.079,-0.048,0.000,1.000,0,0,0,60,60,0,0,60,0.0,0.0,0.0,0.0,0.0,1.0
"F[2,2](MET >= 0.004 -> y <= 0.945)
",-1.119,-0.945,-0.410,0.000,1.000,0,0,0,60,60,0,0,60,0.0,0.0,0.0,0.0,0.0,1.0
"((Pulse >= 56.768) U[2,2] (s8_hr >= -0.001))
",-0.766,19.840,36.660,0.000,1.000,0,0,0,60,60,0,0,60,0.0,0.0,0.0,0.0,0.0,1.0
"F[2,2](ICU_Pt_Days <= 2.657 & srr >= 0.059)
",1.140,-0.003,-1.338,0.000,1.000,0,0,0,60,60,0,0,60,0.0,0.0,0.0,0.0,0.0,1.0
"F[1,2](s24_hr <= 0.002 & SODIUM >= 137.021)
",0.000,-9999999.000,-9999999.000,0.000,1.000,0,0,0,60,60,0,0,60,0.0,0.0,0.0,0.0,0.0,1.0
"F[2,2](CREATININE <= 1.559 | s24_hr <= 0.001)
",-0.594,0.339,0.459,0.000,1.000,0,0,0,60,60,0,0,60,0.0,0.0,0.0,0.0,0.0,1.0
"((GLUCOSE >= 98.812) U[2,2] (n_evts >= 0.057))
",-0.594,14.907,20.188,0.000,1.000,0,0,0,60,60,0,0,60,0.0,0.0,0.0,0.0,0.0,1.0
"F[2,2](HEMOGLOBIN <= 10.158 | Resp <= 21.623)
",-0.089,4.710,5.051,0.000,1.000,0,0,0,60,60,0,0,60,0.0,0.0,0.0,0.0,0.0,1.0
