Rule,Discrimination Score,Pos Robustness,Neg Robustness,Percent Class +,Percent Class -,TP,TN,FP,FN,Actual Yes,Actual No,Predicted Yes,Predicted No,TPR/Sens,TNR/Spec,FPR,Precision,Accuracy,MCR
"F[0,1](MET >= 0.025 | n_evts >= 0.128)
",0.000,-9999999.000,-9999999.000,0.000,1.000,31,14,0,0,31,14,31,14,1.0,1.0,0.0,1.0,1.0,0.0
"F[0,1](hr >= 58.565 & n_evts >= 0.084)
",0.000,-9999999.000,-9999999.000,0.000,1.000,31,14,0,0,31,14,31,14,1.0,1.0,0.0,1.0,1.0,0.0
"F[1,1](LOS >= 0.976 | y >= 0.151)
",-1.562,-0.151,3.738,0.000,1.000,31,14,0,0,31,14,31,14,1.0,1.0,0.0,1.0,1.0,0.0
"((direct >= 0.083) U[0,1] (n_evts >= 0.257))
",0.000,-9999999.000,-9999999.000,0.000,1.000,31,14,0,0,31,14,31,14,1.0,1.0,0.0,1.0,1.0,0.0
"((Glasgow_Coma_Scale_Total >= 14.877) U[0,1] (LOS >= 1.875))
",0.000,-9999999.000,-9999999.000,0.000,1.000,31,14,0,0,31,14,31,14,1.0,1.0,0.0,1.0,1.0,0.0
"((CREATININE >= 0.843) U[0,0] (Pulse >= 55.299))
",-1.684,0.237,30.737,0.000,1.000,31,13,1,0,31,14,32,13,1.0,0.9285714285714286,0.07142857142857142,0.96875,0.9777777777777777,0.022222222222222254
"((dfa <= 0.832) U[0,0] (LOS >= 0.672))
",-1.301,-0.026,3.683,0.000,1.000,31,13,1,0,31,14,32,13,1.0,0.9285714285714286,0.07142857142857142,0.96875,0.9777777777777777,0.022222222222222254
"((BLOOD_UREA_NITROGEN >= 14.741) U[0,0] (LOS >= 0.674))
",0.020,5.797,5.707,0.000,1.000,31,13,1,0,31,14,32,13,1.0,0.9285714285714286,0.07142857142857142,0.96875,0.9777777777777777,0.022222222222222254
"((n_edrk >= 0.296) U[0,1] (tte <= -0.039))
",0.000,-9999999.000,-9999999.000,0.000,1.000,31,12,2,0,31,14,33,12,1.0,0.8571428571428571,0.14285714285714285,0.9393939393939394,0.9555555555555556,0.0444444444444444
"F[0,1](AF <= 0.141 -> tte <= -0.013)
",0.000,-9999999.000,-9999999.000,0.000,1.000,31,12,2,0,31,14,33,12,1.0,0.8571428571428571,0.14285714285714285,0.9393939393939394,0.9555555555555556,0.0444444444444444
"((hr <= 112.150) U[1,1] (LOS >= 1.621))
",2.501,65.279,18.683,0.000,1.000,31,12,2,0,31,14,33,12,1.0,0.8571428571428571,0.14285714285714285,0.9393939393939394,0.9555555555555556,0.0444444444444444
"((SpO2 <= 99.016) U[0,1] (y >= 0.088))
",0.000,-9999999.000,-9999999.000,0.000,1.000,31,11,3,0,31,14,34,11,1.0,0.7857142857142857,0.21428571428571427,0.9117647058823529,0.9333333333333333,0.06666666666666665
"((HEMOGLOBIN <= 12.981) U[0,1] (n_edrk <= 0.868))
",0.000,-9999999.000,-9999999.000,0.000,1.000,29,13,1,2,31,14,30,15,0.9354838709677419,0.9285714285714286,0.07142857142857142,0.9666666666666667,0.9333333333333333,0.06666666666666665
"F[0,0](ICU_Pt_Days >= 0.289 & s2_hr >= -3.8131849761073415e-05)
",1.440,-0.289,-4.327,0.000,1.000,31,11,3,0,31,14,34,11,1.0,0.7857142857142857,0.21428571428571427,0.9117647058823529,0.9333333333333333,0.06666666666666665
"((LOS >= 1.931) U[1,2] (WHITE_BLOOD_CELL_COUNT >= 7.364))
",0.000,-9999999.000,-9999999.000,0.000,1.000,29,13,1,2,31,14,30,15,0.9354838709677419,0.9285714285714286,0.07142857142857142,0.9666666666666667,0.9333333333333333,0.06666666666666665
"((n_evts >= 0.083) U[0,1] (tte <= -0.288))
",0.000,-9999999.000,-9999999.000,0.000,1.000,31,10,4,0,31,14,35,10,1.0,0.7142857142857143,0.2857142857142857,0.8857142857142857,0.9111111111111111,0.0888888888888889
"F[0,1](death <= 0.336 & direct >= 0.154)
",0.000,-9999999.000,-9999999.000,0.000,1.000,31,9,5,0,31,14,36,9,1.0,0.6428571428571429,0.35714285714285715,0.8611111111111112,0.8888888888888888,0.11111111111111116
"F[0,1](n_edrk <= 0.895 & s24_hr <= 0.000)
",0.000,-9999999.000,-9999999.000,0.000,1.000,29,11,3,2,31,14,32,13,0.9354838709677419,0.7857142857142857,0.21428571428571427,0.90625,0.8888888888888888,0.11111111111111116
"((s2_edrk >= -0.005) U[0,0] (y >= 0.054))
",-1.156,0.005,0.543,0.000,1.000,31,9,5,0,31,14,36,9,1.0,0.6428571428571429,0.35714285714285715,0.8611111111111112,0.8888888888888888,0.11111111111111116
"((s24_hr >= -0.001) U[0,0] (tte <= -0.093))
",-0.630,0.001,0.181,0.000,1.000,31,9,5,0,31,14,36,9,1.0,0.6428571428571429,0.35714285714285715,0.8611111111111112,0.8888888888888888,0.11111111111111116
"((direct <= 0.727) U[0,1] (Mort >= 0.050))
",0.000,-9999999.000,-9999999.000,0.000,1.000,31,9,5,0,31,14,36,9,1.0,0.6428571428571429,0.35714285714285715,0.8611111111111112,0.8888888888888888,0.11111111111111116
"((direct <= 0.414) U[0,0] (y >= 0.012))
",-1.155,0.414,0.742,0.000,1.000,31,9,5,0,31,14,36,9,1.0,0.6428571428571429,0.35714285714285715,0.8611111111111112,0.8888888888888888,0.11111111111111116
"F[0,0](n_edrk <= 0.812 & PLATELET_COUNT >= 210.052)
",-0.686,-0.116,0.319,0.000,1.000,29,10,4,2,31,14,33,12,0.9354838709677419,0.7142857142857143,0.2857142857142857,0.8787878787878788,0.8666666666666667,0.1333333333333333
"((Glasgow_Coma_Scale_Total <= 14.976) U[0,1] (O2_Flow >= 2.129))
",0.000,-9999999.000,-9999999.000,0.000,1.000,31,8,6,0,31,14,37,8,1.0,0.5714285714285714,0.42857142857142855,0.8378378378378378,0.8666666666666667,0.1333333333333333
"F[1,1](direct >= 0.044 & Glasgow_Coma_Scale_Total >= 14.686)
",0.211,-0.044,-0.125,0.000,1.000,31,7,7,0,31,14,38,7,1.0,0.5,0.5,0.8157894736842105,0.8444444444444444,0.15555555555555556
"F[1,1](dfa <= 0.850 & direct >= 0.060)
",-0.308,-0.072,-0.015,0.000,1.000,31,7,7,0,31,14,38,7,1.0,0.5,0.5,0.8157894736842105,0.8444444444444444,0.15555555555555556
"((O2_Flow >= 2.314) U[1,1] (s24_hr >= -0.001))
",-1.000,0.001,1.633,0.000,1.000,31,6,8,0,31,14,39,6,1.0,0.42857142857142855,0.5714285714285714,0.7948717948717948,0.8222222222222222,0.1777777777777778
"((direct >= 0.067) U[1,1] (s8_edrk <= 0.002))
",-0.629,0.002,0.267,0.000,1.000,31,6,8,0,31,14,39,6,1.0,0.42857142857142855,0.5714285714285714,0.7948717948717948,0.8222222222222222,0.1777777777777778
"((Mort >= 0.108) U[1,1] (s24_edrk >= -0.007))
",-1.581,0.007,0.639,0.000,1.000,31,6,8,0,31,14,39,6,1.0,0.42857142857142855,0.5714285714285714,0.7948717948717948,0.8222222222222222,0.1777777777777778
"((Mort >= 0.010) U[1,1] (srr <= 0.191))
",-1.503,0.072,0.739,0.000,1.000,31,6,8,0,31,14,39,6,1.0,0.42857142857142855,0.5714285714285714,0.7948717948717948,0.8222222222222222,0.1777777777777778
"F[1,1](edrk >= 14.825 & Pulse >= 52.334)
",-0.803,-4.444,7.173,0.000,1.000,26,9,5,5,31,14,31,14,0.8387096774193549,0.6428571428571429,0.35714285714285715,0.8387096774193549,0.7777777777777778,0.2222222222222222
"((death >= 0.085) U[1,2] (s24_edrk <= 0.002))
",0.000,-9999999.000,-9999999.000,0.000,1.000,31,4,7,3,34,11,38,7,0.9117647058823529,0.36363636363636365,0.6363636363636364,0.8157894736842105,0.7777777777777778,0.2222222222222222
"((death >= 0.046) U[1,2] (srr >= 0.025))
",0.000,-9999999.000,-9999999.000,0.000,1.000,31,4,9,1,32,13,40,5,0.96875,0.3076923076923077,0.6923076923076923,0.775,0.7777777777777778,0.2222222222222222
"F[0,1](AF <= 0.206 -> y = 0.842)
",0.000,-9999999.000,-9999999.000,0.000,1.000,31,3,11,0,31,14,42,3,1.0,0.21428571428571427,0.7857142857142857,0.7380952380952381,0.7555555555555555,0.24444444444444446
"((Glasgow_Coma_Scale_Total <= 14.997) U[1,1] (MET <= 0.456))
",-0.632,0.456,0.611,0.000,1.000,31,3,11,0,31,14,42,3,1.0,0.21428571428571427,0.7857142857142857,0.7380952380952381,0.7555555555555555,0.24444444444444446
"((dfa >= 0.613) U[1,1] (tte <= -0.224))
",-0.526,0.235,0.375,0.000,1.000,31,3,11,0,31,14,42,3,1.0,0.21428571428571427,0.7857142857142857,0.7380952380952381,0.7555555555555555,0.24444444444444446
"((death >= 0.047) U[1,2] (Temp <= 36.943))
",0.000,-9999999.000,-9999999.000,0.000,1.000,31,3,6,5,36,9,37,8,0.8611111111111112,0.3333333333333333,0.6666666666666666,0.8378378378378378,0.7555555555555555,0.24444444444444446
"((MET >= 0.006) U[1,2] (s24_edrk <= 0.002))
",0.000,-9999999.000,-9999999.000,0.000,1.000,31,2,9,3,34,11,40,5,0.9117647058823529,0.18181818181818182,0.8181818181818182,0.775,0.7333333333333333,0.2666666666666667
"((MAGNESIUM <= 1.994) U[1,1] (WHITE_BLOOD_CELL_COUNT >= 8.104))
",-0.267,0.296,0.296,0.000,1.000,31,1,13,0,31,14,44,1,1.0,0.07142857142857142,0.9285714285714286,0.7045454545454546,0.7111111111111111,0.28888888888888886
"F[1,1]((af <= 0.983 | AF <= 0.043) & cosen >= -2.345)
",-1.003,-0.125,0.432,0.000,1.000,18,14,0,13,31,14,18,27,0.5806451612903226,1.0,0.0,1.0,0.7111111111111111,0.28888888888888886
"F[0,0](af <= 0.734 & POTASSIUM >= 4.003)
",-0.316,-0.020,0.012,0.000,1.000,31,1,13,0,31,14,44,1,1.0,0.07142857142857142,0.9285714285714286,0.7045454545454546,0.7111111111111111,0.28888888888888886
"((CHLORIDE <= 101.973) U[1,1] (CO2 >= 22.960))
",-0.267,2.969,3.040,0.000,1.000,31,1,13,0,31,14,44,1,1.0,0.07142857142857142,0.9285714285714286,0.7045454545454546,0.7111111111111111,0.28888888888888886
"F[1,1](cosen >= -2.353 & s8_hr <= 0.001)
",-1.131,-0.154,0.001,0.000,1.000,18,14,0,13,31,14,18,27,0.5806451612903226,1.0,0.0,1.0,0.7111111111111111,0.28888888888888886
"((Sgy <= 0.000) U[0,0] (y = 0.434))
",0.000,0.000,0.000,0.000,1.000,31,0,14,0,31,14,45,0,1.0,0.0,1.0,0.6888888888888889,0.6888888888888889,0.3111111111111111
"((LACTIC_ACID <= 1.300) U[0,1] (y = 0.033))
",0.000,-9999999.000,-9999999.000,0.000,1.000,31,0,14,0,31,14,45,0,1.0,0.0,1.0,0.6888888888888889,0.6888888888888889,0.3111111111111111
"F[0,1](OXYGEN_SATURATION <= 94.700 -> y = 0.168)
",0.000,-9999999.000,-9999999.000,0.000,1.000,31,0,14,0,31,14,45,0,1.0,0.0,1.0,0.6888888888888889,0.6888888888888889,0.3111111111111111
"((af < 0.541) U[0,1] (y = 0.670))
",0.000,-9999999.000,-9999999.000,0.000,1.000,31,0,14,0,31,14,45,0,1.0,0.0,1.0,0.6888888888888889,0.6888888888888889,0.3111111111111111
"((CALCIUM >= 8.910) U[0,0] (POTASSIUM >= 4.001))
",-0.127,0.018,0.040,0.000,1.000,30,1,13,1,31,14,43,2,0.967741935483871,0.07142857142857142,0.9285714285714286,0.6976744186046512,0.6888888888888889,0.3111111111111111
"((MET >= 0.015) U[1,1] (death = 0.089))
",-0.632,-0.015,0.270,0.000,1.000,31,0,14,0,31,14,45,0,1.0,0.0,1.0,0.6888888888888889,0.6888888888888889,0.3111111111111111
"((HEMOGLOBIN >= 10.410) U[0,0] (POTASSIUM >= 4.002))
",-0.127,0.371,0.797,0.000,1.000,30,1,13,1,31,14,43,2,0.967741935483871,0.07142857142857142,0.9285714285714286,0.6976744186046512,0.6888888888888889,0.3111111111111111
"F[0,0](Mort >= 0.095 & n_evts <= 0.471)
",2.449,-0.095,-0.467,0.000,1.000,31,0,14,0,31,14,45,0,1.0,0.0,1.0,0.6888888888888889,0.6888888888888889,0.3111111111111111
"F[0,1](POTASSIUM >= 4.002 & WHITE_BLOOD_CELL_COUNT >= 8.096)
",0.000,-9999999.000,-9999999.000,0.000,1.000,31,0,14,0,31,14,45,0,1.0,0.0,1.0,0.6888888888888889,0.6888888888888889,0.3111111111111111
"F[1,1](GLUCOSE <= 118.112 & PLATELET_COUNT >= 211.430)
",-0.267,-0.924,-0.888,0.000,1.000,31,0,14,0,31,14,45,0,1.0,0.0,1.0,0.6888888888888889,0.6888888888888889,0.3111111111111111
"((BLOOD_UREA_NITROGEN >= 14.269) U[0,0] (y = 0.218))
",0.127,6.268,5.738,0.000,1.000,31,0,14,0,31,14,45,0,1.0,0.0,1.0,0.6888888888888889,0.6888888888888889,0.3111111111111111
"F[1,1]((af <= 0.299 | AF <= 0.075) & cosen >= -2.329)
",-0.785,-0.141,0.129,0.000,1.000,19,12,2,12,31,14,21,24,0.6129032258064516,0.8571428571428571,0.14285714285714285,0.9047619047619048,0.6888888888888889,0.3111111111111111
"((Temp >= 35.644) U[0,1] (y = 0.501))
",0.000,-9999999.000,-9999999.000,0.000,1.000,31,0,14,0,31,14,45,0,1.0,0.0,1.0,0.6888888888888889,0.6888888888888889,0.3111111111111111
"((cosen < -1.983) U[0,1] (y = 0.056))
",0.000,-9999999.000,-9999999.000,0.000,1.000,31,0,14,0,31,14,45,0,1.0,0.0,1.0,0.6888888888888889,0.6888888888888889,0.3111111111111111
"((SpO2 >= 88.059) U[0,1] (y = 0.601))
",0.000,-9999999.000,-9999999.000,0.000,1.000,31,0,14,0,31,14,45,0,1.0,0.0,1.0,0.6888888888888889,0.6888888888888889,0.3111111111111111
"((MET >= 0.000) U[1,1] (death = 0.089))
",-0.632,-0.000,0.285,0.000,1.000,31,0,14,0,31,14,45,0,1.0,0.0,1.0,0.6888888888888889,0.6888888888888889,0.3111111111111111
"((SODIUM <= 136.941) U[0,1] (y = 0.049))
",0.000,-9999999.000,-9999999.000,0.000,1.000,31,0,14,0,31,14,45,0,1.0,0.0,1.0,0.6888888888888889,0.6888888888888889,0.3111111111111111
"((MET <= 0.980) U[0,1] (y = 0.376))
",0.000,-9999999.000,-9999999.000,0.000,1.000,31,0,14,0,31,14,45,0,1.0,0.0,1.0,0.6888888888888889,0.6888888888888889,0.3111111111111111
"((n_edrk > 0.357) U[0,1] (y = 0.905))
",0.000,-9999999.000,-9999999.000,0.000,1.000,31,0,14,0,31,14,45,0,1.0,0.0,1.0,0.6888888888888889,0.6888888888888889,0.3111111111111111
"((SBP >= 140.115) U[0,1] (y = 0.666))
",0.000,-9999999.000,-9999999.000,0.000,1.000,31,0,14,0,31,14,45,0,1.0,0.0,1.0,0.6888888888888889,0.6888888888888889,0.3111111111111111
"((MET >= 0.030) U[0,1] (death = 0.089))
",0.000,-9999999.000,-9999999.000,0.000,1.000,31,0,14,0,31,14,45,0,1.0,0.0,1.0,0.6888888888888889,0.6888888888888889,0.3111111111111111
"F[1,1](BLOOD_UREA_NITROGEN <= 20.772 & CREATININE >= 0.952)
",0.267,-0.223,-0.228,0.000,1.000,31,0,14,0,31,14,45,0,1.0,0.0,1.0,0.6888888888888889,0.6888888888888889,0.3111111111111111
"F[0,1](BLOOD_UREA_NITROGEN <= 20.884 & CREATININE >= 0.957)
",0.000,-9999999.000,-9999999.000,0.000,1.000,31,0,14,0,31,14,45,0,1.0,0.0,1.0,0.6888888888888889,0.6888888888888889,0.3111111111111111
"((n_evts < 0.715) U[0,0] (y = 0.656))
",2.449,0.715,-0.142,0.000,1.000,31,0,14,0,31,14,45,0,1.0,0.0,1.0,0.6888888888888889,0.6888888888888889,0.3111111111111111
"((LOS < 3.449) U[1,1] (y = 0.531))
",3.844,3.449,0.052,0.000,1.000,31,0,14,0,31,14,45,0,1.0,0.0,1.0,0.6888888888888889,0.6888888888888889,0.3111111111111111
"((hr <= 87.505) U[0,0] (y = 0.394))
",1.908,40.511,7.660,0.000,1.000,31,0,14,0,31,14,45,0,1.0,0.0,1.0,0.6888888888888889,0.6888888888888889,0.3111111111111111
"((MET >= 0.007) U[0,1] (death = 0.089))
",0.000,-9999999.000,-9999999.000,0.000,1.000,31,0,14,0,31,14,45,0,1.0,0.0,1.0,0.6888888888888889,0.6888888888888889,0.3111111111111111
"F[0,0](BLOOD_UREA_NITROGEN <= 20.836 & CREATININE >= 0.976)
",0.127,-0.165,-0.165,0.000,1.000,31,0,14,0,31,14,45,0,1.0,0.0,1.0,0.6888888888888889,0.6888888888888889,0.3111111111111111
"((MET >= 0.025) U[0,1] (death = 0.089))
",0.000,-9999999.000,-9999999.000,0.000,1.000,31,0,14,0,31,14,45,0,1.0,0.0,1.0,0.6888888888888889,0.6888888888888889,0.3111111111111111
"((direct > 0.145) U[1,1] (y = 0.597))
",-0.632,-0.145,0.141,0.000,1.000,31,0,14,0,31,14,45,0,1.0,0.0,1.0,0.6888888888888889,0.6888888888888889,0.3111111111111111
"((PLATELET_COUNT >= 210.685) U[1,1] (y = 0.775))
",-0.267,1.182,1.315,0.000,1.000,31,0,14,0,31,14,45,0,1.0,0.0,1.0,0.6888888888888889,0.6888888888888889,0.3111111111111111
"((MET >= 0.020) U[0,1] (death = 0.089))
",0.000,-9999999.000,-9999999.000,0.000,1.000,31,0,14,0,31,14,45,0,1.0,0.0,1.0,0.6888888888888889,0.6888888888888889,0.3111111111111111
"((MET >= 0.028) U[0,1] (death = 0.089))
",0.000,-9999999.000,-9999999.000,0.000,1.000,31,0,14,0,31,14,45,0,1.0,0.0,1.0,0.6888888888888889,0.6888888888888889,0.3111111111111111
"((n_edrk <= 0.813) U[0,0] (POTASSIUM >= 4.003))
",-0.619,0.055,0.380,0.000,1.000,30,1,13,1,31,14,43,2,0.967741935483871,0.07142857142857142,0.9285714285714286,0.6976744186046512,0.6888888888888889,0.3111111111111111
"F[1,1](BLOOD_UREA_NITROGEN <= 20.700 & CREATININE >= 0.947)
",0.267,-0.290,-0.300,0.000,1.000,31,0,14,0,31,14,45,0,1.0,0.0,1.0,0.6888888888888889,0.6888888888888889,0.3111111111111111
"((s8_hr >= -0.000) U[1,1] (y = 0.882))
",-0.028,0.000,0.000,0.000,1.000,31,0,14,0,31,14,45,0,1.0,0.0,1.0,0.6888888888888889,0.6888888888888889,0.3111111111111111
"F[0,1](CALCIUM >= 8.902 & LOS <= 2.919)
",0.000,-9999999.000,-9999999.000,0.000,1.000,29,1,13,2,31,14,42,3,0.9354838709677419,0.07142857142857142,0.9285714285714286,0.6904761904761905,0.6666666666666666,0.33333333333333337
"((LOS >= 0.161) U[0,1] (MAGNESIUM <= 1.992))
",0.000,-9999999.000,-9999999.000,0.000,1.000,29,1,13,2,31,14,42,3,0.9354838709677419,0.07142857142857142,0.9285714285714286,0.6904761904761905,0.6666666666666666,0.33333333333333337
"((hr >= 50.683) U[0,1] (SBP <= 149.724))
",0.000,-9999999.000,-9999999.000,0.000,1.000,16,14,0,15,31,14,16,29,0.5161290322580645,1.0,0.0,1.0,0.6666666666666666,0.33333333333333337
"F[0,0]((af <= 0.530 | AF <= 0.096) & cosen >= -2.319)
",-0.741,-0.098,0.206,0.000,1.000,16,14,0,15,31,14,16,29,0.5161290322580645,1.0,0.0,1.0,0.6666666666666666,0.33333333333333337
"((POTASSIUM <= 4.026) U[1,1] (SODIUM <= 136.820))
",0.267,0.479,0.026,0.000,1.000,30,0,14,1,31,14,44,1,0.967741935483871,0.0,1.0,0.6818181818181818,0.6666666666666666,0.33333333333333337
"F[0,1](n_evts <= 0.508 & POTASSIUM >= 4.002)
",0.000,-9999999.000,-9999999.000,0.000,1.000,29,1,13,2,31,14,42,3,0.9354838709677419,0.07142857142857142,0.9285714285714286,0.6904761904761905,0.6666666666666666,0.33333333333333337
"F[0,1](MAGNESIUM <= 1.989 & Pulse <= 77.719)
",0.000,-9999999.000,-9999999.000,0.000,1.000,29,1,13,2,31,14,42,3,0.9354838709677419,0.07142857142857142,0.9285714285714286,0.6904761904761905,0.6666666666666666,0.33333333333333337
"((MAGNESIUM <= 1.997) U[1,2] (PLATELET_COUNT >= 210.064))
",0.000,-9999999.000,-9999999.000,0.000,1.000,29,1,13,2,31,14,42,3,0.9354838709677419,0.07142857142857142,0.9285714285714286,0.6904761904761905,0.6666666666666666,0.33333333333333337
"((GLUCOSE <= 118.180) U[1,2] (MAGNESIUM >= 1.743))
",0.000,-9999999.000,-9999999.000,0.000,1.000,29,1,13,2,31,14,42,3,0.9354838709677419,0.07142857142857142,0.9285714285714286,0.6904761904761905,0.6666666666666666,0.33333333333333337
"((CALCIUM >= 8.905) U[1,2] (n_evts <= 0.637))
",0.000,-9999999.000,-9999999.000,0.000,1.000,30,0,0,15,45,0,30,15,0.6666666666666666,0.0,0.0,1.0,0.6666666666666666,0.33333333333333337
"F[1,1](hr >= 39.308 -> PLATELET_COUNT <= 211.924)
",2.238,-7.563,-57.074,0.000,1.000,29,0,14,2,31,14,43,2,0.9354838709677419,0.0,1.0,0.6744186046511628,0.6444444444444445,0.3555555555555555
"((BLOOD_UREA_NITROGEN <= 20.919) U[1,2] (n_edrk >= 0.335))
",0.000,-9999999.000,-9999999.000,0.000,1.000,29,0,6,10,39,6,35,10,0.7435897435897436,0.0,1.0,0.8285714285714286,0.6444444444444445,0.3555555555555555
"F[0,0]((af <= 0.937 | AF <= 0.411) & cosen >= -2.372)
",-0.680,-0.039,0.285,0.000,1.000,15,14,0,16,31,14,15,30,0.4838709677419355,1.0,0.0,1.0,0.6444444444444445,0.3555555555555555
"F[1,1](CREATININE <= 1.093 & WHITE_BLOOD_CELL_COUNT <= 8.372)
",0.267,-0.007,-0.028,0.000,1.000,29,0,14,2,31,14,43,2,0.9354838709677419,0.0,1.0,0.6744186046511628,0.6444444444444445,0.3555555555555555
"((PLATELET_COUNT <= 211.952) U[1,2] (y <= 0.401))
",0.000,-9999999.000,-9999999.000,0.000,1.000,29,0,5,11,40,5,34,11,0.725,0.0,1.0,0.8529411764705882,0.6444444444444445,0.3555555555555555
"((death >= 0.064) U[0,1] (Resp >= 18.144))
",0.000,-9999999.000,-9999999.000,0.000,1.000,24,4,10,7,31,14,34,11,0.7741935483870968,0.2857142857142857,0.7142857142857143,0.7058823529411765,0.6222222222222222,0.37777777777777777
"((Pulse <= 60.509) U[0,1] (s2_hr <= 0.000))
",0.000,-9999999.000,-9999999.000,0.000,1.000,14,13,1,17,31,14,15,30,0.45161290322580644,0.9285714285714286,0.07142857142857142,0.9333333333333333,0.6,0.4
"F[0,1](af >= 0.017 & WHITE_BLOOD_CELL_COUNT >= 7.422)
",0.000,-9999999.000,-9999999.000,0.000,1.000,24,2,12,7,31,14,36,9,0.7741935483870968,0.14285714285714285,0.8571428571428571,0.6666666666666666,0.5777777777777777,0.4222222222222223
"F[0,0](af >= 0.019 & s2_hr <= 0.001)
",0.500,-0.015,-0.019,0.000,1.000,26,0,14,5,31,14,40,5,0.8387096774193549,0.0,1.0,0.65,0.5777777777777777,0.4222222222222223
"((LOS >= 1.738) U[1,2] (Temp <= 36.590))
",0.000,-9999999.000,-9999999.000,0.000,1.000,22,3,1,19,41,4,23,22,0.5365853658536586,0.75,0.25,0.9565217391304348,0.5555555555555556,0.4444444444444444
"F[0,1]((af <= 0.496 | AF <= 0.327) & cosen >= -2.341)
",0.000,-9999999.000,-9999999.000,0.000,1.000,10,14,0,21,31,14,10,35,0.3225806451612903,1.0,0.0,1.0,0.5333333333333333,0.4666666666666667
"((Pulse >= 50.760) U[1,2] (s2_edrk <= 5.873374680848123e-05))
",0.000,-9999999.000,-9999999.000,0.000,1.000,12,9,1,23,35,10,13,32,0.34285714285714286,0.9,0.1,0.9230769230769231,0.4666666666666667,0.5333333333333333
"((s2_hr >= -0.001) U[0,1] (TROPONIN_I >= 0.031))
",0.000,-9999999.000,-9999999.000,0.000,1.000,7,14,0,24,31,14,7,38,0.22580645161290322,1.0,0.0,1.0,0.4666666666666667,0.5333333333333333
"F[0,1](s24_hr >= -0.001 -> srr <= 0.145)
",0.000,-9999999.000,-9999999.000,0.000,1.000,4,14,0,27,31,14,4,41,0.12903225806451613,1.0,0.0,1.0,0.4,0.6
"((edrk >= 12.025) U[1,1] (Resp <= 18.166))
",-0.402,5.135,9.973,0.000,1.000,6,11,3,25,31,14,9,36,0.1935483870967742,0.7857142857142857,0.21428571428571427,0.6666666666666666,0.37777777777777777,0.6222222222222222
"((n_edrk >= 0.724) U[1,1] (Pulse >= 41.870))
",-2.036,6.422,47.702,0.000,1.000,11,6,8,20,31,14,19,26,0.3548387096774194,0.42857142857142855,0.5714285714285714,0.5789473684210527,0.37777777777777777,0.6222222222222222
"((dfa <= 0.938) U[1,2] (s24_edrk <= 0.004))
",0.000,-9999999.000,-9999999.000,0.000,1.000,5,12,2,26,31,14,7,38,0.16129032258064516,0.8571428571428571,0.14285714285714285,0.7142857142857143,0.37777777777777777,0.6222222222222222
"((s24_hr <= 5.7524019179176646e-05) U[1,2] (s2_hr <= 0.001))
",0.000,-9999999.000,-9999999.000,0.000,1.000,8,8,6,23,31,14,14,31,0.25806451612903225,0.5714285714285714,0.42857142857142855,0.5714285714285714,0.35555555555555557,0.6444444444444444
"F[0,1](dfa <= 0.942 & WHITE_BLOOD_CELL_COUNT >= 7.469)
",0.000,-9999999.000,-9999999.000,0.000,1.000,2,14,0,29,31,14,2,43,0.06451612903225806,1.0,0.0,1.0,0.35555555555555557,0.6444444444444444
"((HEMOGLOBIN <= 13.041) U[1,1] (SODIUM >= 135.069))
",-0.267,2.455,2.841,0.000,1.000,2,13,1,29,31,14,3,42,0.06451612903225806,0.9285714285714286,0.07142857142857142,0.6666666666666666,0.3333333333333333,0.6666666666666667
"((dfa >= 0.761) U[0,0] (PLATELET_COUNT >= 211.595))
",0.061,0.391,0.384,0.000,1.000,2,13,1,29,31,14,3,42,0.06451612903225806,0.9285714285714286,0.07142857142857142,0.6666666666666666,0.3333333333333333,0.6666666666666667
"((CHLORIDE >= 100.676) U[0,1] (GLUCOSE >= 103.386))
",0.000,-9999999.000,-9999999.000,0.000,1.000,1,14,0,30,31,14,1,44,0.03225806451612903,1.0,0.0,1.0,0.3333333333333333,0.6666666666666667
"F[0,1](cosen <= -2.246 | Resp <= 19.274)
",0.000,-9999999.000,-9999999.000,0.000,1.000,1,14,0,30,31,14,1,44,0.03225806451612903,1.0,0.0,1.0,0.3333333333333333,0.6666666666666667
"F[1,2](lds >= 0.365 | tte >= -0.664)
",0.000,-9999999.000,-9999999.000,0.000,1.000,0,14,0,31,31,14,0,45,0.0,1.0,0.0,0.0,0.3111111111111111,0.6888888888888889
"F[0,2](hr >= 48.102 | tte >= -3.603)
",0.000,-9999999.000,-9999999.000,0.000,1.000,0,14,0,31,31,14,0,45,0.0,1.0,0.0,0.0,0.3111111111111111,0.6888888888888889
"F[0,2](SBP <= 183.558 | y <= 0.953)
",0.000,-9999999.000,-9999999.000,0.000,1.000,0,14,0,31,31,14,0,45,0.0,1.0,0.0,0.0,0.3111111111111111,0.6888888888888889
"F[1,1](Pulse >= 49.244 -> s8_hr <= 0.001)
",2.141,-1.653,-40.328,0.000,1.000,0,14,0,31,31,14,0,45,0.0,1.0,0.0,0.0,0.3111111111111111,0.6888888888888889
"F[0,1](direct <= 0.228 -> s24_hr <= 0.001)
",0.000,-9999999.000,-9999999.000,0.000,1.000,0,14,0,31,31,14,0,45,0.0,1.0,0.0,0.0,0.3111111111111111,0.6888888888888889
"F[0,1](Temp >= 35.785 | y >= 0.072)
",0.000,-9999999.000,-9999999.000,0.000,1.000,0,14,0,31,31,14,0,45,0.0,1.0,0.0,0.0,0.3111111111111111,0.6888888888888889
"((Glasgow_Coma_Scale_Total >= 14.891) U[0,1] (s24_edrk >= -0.003))
",0.000,-9999999.000,-9999999.000,0.000,1.000,0,14,0,31,31,14,0,45,0.0,1.0,0.0,0.0,0.3111111111111111,0.6888888888888889
"((ICU_Pt_Days <= 2.812) U[0,2] (s8_hr <= 0.001))
",0.000,-9999999.000,-9999999.000,0.000,1.000,0,14,0,31,31,14,0,45,0.0,1.0,0.0,0.0,0.3111111111111111,0.6888888888888889
"F[1,2](death >= 0.025 -> n_evts >= 0.250)
",0.000,-9999999.000,-9999999.000,0.000,1.000,0,14,0,31,31,14,0,45,0.0,1.0,0.0,0.0,0.3111111111111111,0.6888888888888889
"((LOS >= 1.803) U[0,2] (TROPONIN_I >= 0.042))
",0.000,-9999999.000,-9999999.000,0.000,1.000,0,14,0,31,31,14,0,45,0.0,1.0,0.0,0.0,0.3111111111111111,0.6888888888888889
"F[1,2](Glasgow_Coma_Scale_Total >= 14.386 -> Temp >= 36.099)
",0.000,-9999999.000,-9999999.000,0.000,1.000,0,14,0,31,31,14,0,45,0.0,1.0,0.0,0.0,0.3111111111111111,0.6888888888888889
"((lds >= 0.614) U[0,2] (SODIUM >= 132.057))
",0.000,-9999999.000,-9999999.000,0.000,1.000,0,14,0,31,31,14,0,45,0.0,1.0,0.0,0.0,0.3111111111111111,0.6888888888888889
"((Pulse <= 69.873) U[0,2] (s24_hr <= 0.001))
",0.000,-9999999.000,-9999999.000,0.000,1.000,0,14,0,31,31,14,0,45,0.0,1.0,0.0,0.0,0.3111111111111111,0.6888888888888889
"F[1,2](dfa >= 0.436 -> s8_edrk >= -0.006)
",0.000,-9999999.000,-9999999.000,0.000,1.000,0,14,0,31,31,14,0,45,0.0,1.0,0.0,0.0,0.3111111111111111,0.6888888888888889
"F[0,2](Mort <= 0.366 -> n_edrk <= 0.966)
",0.000,-9999999.000,-9999999.000,0.000,1.000,0,14,0,31,31,14,0,45,0.0,1.0,0.0,0.0,0.3111111111111111,0.6888888888888889
"F[0,2](hr <= 72.622 | TROPONIN_I >= 0.028)
",0.000,-9999999.000,-9999999.000,0.000,1.000,0,14,0,31,31,14,0,45,0.0,1.0,0.0,0.0,0.3111111111111111,0.6888888888888889
"((Pulse >= 54.269) U[0,2] (TROPONIN_I >= 0.034))
",0.000,-9999999.000,-9999999.000,0.000,1.000,0,14,0,31,31,14,0,45,0.0,1.0,0.0,0.0,0.3111111111111111,0.6888888888888889
"((n_evts >= 0.155) U[0,2] (TROPONIN_I >= 0.029))
",0.000,-9999999.000,-9999999.000,0.000,1.000,0,14,0,31,31,14,0,45,0.0,1.0,0.0,0.0,0.3111111111111111,0.6888888888888889
"F[0,2](LOS <= 8.079 | SBP <= 174.836)
",0.000,-9999999.000,-9999999.000,0.000,1.000,0,14,0,31,31,14,0,45,0.0,1.0,0.0,0.0,0.3111111111111111,0.6888888888888889
"((lds >= 0.406) U[0,2] (s2_edrk <= 0.004))
",0.000,-9999999.000,-9999999.000,0.000,1.000,0,14,0,31,31,14,0,45,0.0,1.0,0.0,0.0,0.3111111111111111,0.6888888888888889
"F[0,1](CHLORIDE >= 101.046 | dfa <= 1.055)
",0.000,-9999999.000,-9999999.000,0.000,1.000,0,14,0,31,31,14,0,45,0.0,1.0,0.0,0.0,0.3111111111111111,0.6888888888888889
"F[0,0](CHLORIDE <= 101.945 -> lds <= 1.072)
",-0.025,-0.353,-0.323,0.000,1.000,0,14,0,31,31,14,0,45,0.0,1.0,0.0,0.0,0.3111111111111111,0.6888888888888889
"F[0,2](O2_Flow <= 6.584 -> s2_hr >= -0.001)
",0.000,-9999999.000,-9999999.000,0.000,1.000,0,14,0,31,31,14,0,45,0.0,1.0,0.0,0.0,0.3111111111111111,0.6888888888888889
"F[0,2](Resp <= 19.466 | SBP <= 178.661)
",0.000,-9999999.000,-9999999.000,0.000,1.000,0,14,0,31,31,14,0,45,0.0,1.0,0.0,0.0,0.3111111111111111,0.6888888888888889
"F[1,2](death >= 0.086 -> lds >= 0.533)
",0.000,-9999999.000,-9999999.000,0.000,1.000,0,14,0,31,31,14,0,45,0.0,1.0,0.0,0.0,0.3111111111111111,0.6888888888888889
"((n_evts >= 0.164) U[0,1] (O2_Flow >= 2.000))
",0.000,-9999999.000,-9999999.000,0.000,1.000,0,14,0,31,31,14,0,45,0.0,1.0,0.0,0.0,0.3111111111111111,0.6888888888888889
"F[0,0](Pulse <= 110.978 | s24_edrk >= -0.008)
",1.422,62.845,26.696,0.000,1.000,0,14,0,31,31,14,0,45,0.0,1.0,0.0,0.0,0.3111111111111111,0.6888888888888889
"F[0,0](edrk <= 24.973 | SpO2 >= 85.939)
",-0.530,10.321,11.638,0.000,1.000,0,14,0,31,31,14,0,45,0.0,1.0,0.0,0.0,0.3111111111111111,0.6888888888888889
"F[0,2](O2_Flow <= 2.903 | s8_edrk >= -0.008)
",0.000,-9999999.000,-9999999.000,0.000,1.000,0,14,0,31,31,14,0,45,0.0,1.0,0.0,0.0,0.3111111111111111,0.6888888888888889
"F[1,2](cosen >= -2.291 -> TROPONIN_I >= 0.021)
",0.000,-9999999.000,-9999999.000,0.000,1.000,0,14,0,31,31,14,0,45,0.0,1.0,0.0,0.0,0.3111111111111111,0.6888888888888889
"F[0,2](HEMOGLOBIN >= 10.431 | n_evts >= 0.243)
",0.000,-9999999.000,-9999999.000,0.000,1.000,0,14,0,31,31,14,0,45,0.0,1.0,0.0,0.0,0.3111111111111111,0.6888888888888889
"F[1,1](ICU_Pt_Days <= 4.567 -> s24_hr >= -0.001)
",-2.264,-4.567,-1.244,0.000,1.000,0,14,0,31,31,14,0,45,0.0,1.0,0.0,0.0,0.3111111111111111,0.6888888888888889
"((PLATELET_COUNT >= 211.726) U[0,2] (Pulse >= 55.710))
",0.000,-9999999.000,-9999999.000,0.000,1.000,0,14,0,31,31,14,0,45,0.0,1.0,0.0,0.0,0.3111111111111111,0.6888888888888889
"F[0,2](Glasgow_Coma_Scale_Total <= 14.948 -> tte <= -0.189)
",0.000,-9999999.000,-9999999.000,0.000,1.000,0,14,0,31,31,14,0,45,0.0,1.0,0.0,0.0,0.3111111111111111,0.6888888888888889
"((af <= 0.850) U[0,2] (cosen >= -2.709))
",0.000,-9999999.000,-9999999.000,0.000,1.000,0,14,0,31,31,14,0,45,0.0,1.0,0.0,0.0,0.3111111111111111,0.6888888888888889
"F[0,1](n_evts >= 0.195 -> SODIUM >= 134.983)
",0.000,-9999999.000,-9999999.000,0.000,1.000,0,14,0,31,31,14,0,45,0.0,1.0,0.0,0.0,0.3111111111111111,0.6888888888888889
"F[1,2](lds <= 1.321 -> s24_edrk <= 0.002)
",0.000,-9999999.000,-9999999.000,0.000,1.000,0,14,0,31,31,14,0,45,0.0,1.0,0.0,0.0,0.3111111111111111,0.6888888888888889
"((Mort <= 0.967) U[0,1] (s24_hr <= 0.001))
",0.000,-9999999.000,-9999999.000,0.000,1.000,0,14,0,31,31,14,0,45,0.0,1.0,0.0,0.0,0.3111111111111111,0.6888888888888889
"F[0,2](edrk <= 24.000 | ICU_Pt_Days >= 0.504)
",0.000,-9999999.000,-9999999.000,0.000,1.000,0,14,0,31,31,14,0,45,0.0,1.0,0.0,0.0,0.3111111111111111,0.6888888888888889
"F[0,1](LOS <= 2.641 | s2_edrk >= -0.007)
",0.000,-9999999.000,-9999999.000,0.000,1.000,0,14,0,31,31,14,0,45,0.0,1.0,0.0,0.0,0.3111111111111111,0.6888888888888889
"((hr <= 71.981) U[0,2] (s2_hr <= 0.001))
",0.000,-9999999.000,-9999999.000,0.000,1.000,0,14,0,31,31,14,0,45,0.0,1.0,0.0,0.0,0.3111111111111111,0.6888888888888889
"((af <= 0.915) U[1,2] (PLATELET_COUNT >= 210.073))
",0.000,-9999999.000,-9999999.000,0.000,1.000,0,14,0,31,31,14,0,45,0.0,1.0,0.0,0.0,0.3111111111111111,0.6888888888888889
"F[0,0](Mort >= 0.064 -> s8_edrk <= 0.004)
",0.866,-0.004,-0.403,0.000,1.000,0,14,0,31,31,14,0,45,0.0,1.0,0.0,0.0,0.3111111111111111,0.6888888888888889
"F[1,1](Mort >= 0.086 -> TROPONIN_I >= 0.037)
",1.549,-0.012,-0.659,0.000,1.000,0,14,0,31,31,14,0,45,0.0,1.0,0.0,0.0,0.3111111111111111,0.6888888888888889
"F[0,2](O2_Flow <= 5.254 | s8_hr >= -0.000)
",0.000,-9999999.000,-9999999.000,0.000,1.000,0,14,0,31,31,14,0,45,0.0,1.0,0.0,0.0,0.3111111111111111,0.6888888888888889
"F[0,2](ICU_Pt_Days <= 3.280 -> SpO2 >= 85.920)
",0.000,-9999999.000,-9999999.000,0.000,1.000,0,14,0,31,31,14,0,45,0.0,1.0,0.0,0.0,0.3111111111111111,0.6888888888888889
"((edrk <= 35.416) U[0,2] (LOS >= 1.703))
",0.000,-9999999.000,-9999999.000,0.000,1.000,0,14,0,31,31,14,0,45,0.0,1.0,0.0,0.0,0.3111111111111111,0.6888888888888889
"F[0,2](Glasgow_Coma_Scale_Total <= 14.957 -> SBP <= 171.495)
",0.000,-9999999.000,-9999999.000,0.000,1.000,0,14,0,31,31,14,0,45,0.0,1.0,0.0,0.0,0.3111111111111111,0.6888888888888889
"F[1,2](direct >= 0.136 | edrk >= 11.749)
",0.000,-9999999.000,-9999999.000,0.000,1.000,0,14,0,31,31,14,0,45,0.0,1.0,0.0,0.0,0.3111111111111111,0.6888888888888889
"F[0,1](O2_Flow <= 5.457 | SBP >= 89.027)
",0.000,-9999999.000,-9999999.000,0.000,1.000,0,14,0,31,31,14,0,45,0.0,1.0,0.0,0.0,0.3111111111111111,0.6888888888888889
"F[0,2](af <= 0.873 | GLUCOSE >= 95.524)
",0.000,-9999999.000,-9999999.000,0.000,1.000,0,14,0,31,31,14,0,45,0.0,1.0,0.0,0.0,0.3111111111111111,0.6888888888888889
"F[0,1](af <= 0.611 | SODIUM >= 130.744)
",0.000,-9999999.000,-9999999.000,0.000,1.000,0,14,0,31,31,14,0,45,0.0,1.0,0.0,0.0,0.3111111111111111,0.6888888888888889
"F[1,2](HEMOGLOBIN <= 10.595 -> LOS >= 1.520)
",0.000,-9999999.000,-9999999.000,0.000,1.000,0,14,0,31,31,14,0,45,0.0,1.0,0.0,0.0,0.3111111111111111,0.6888888888888889
"F[0,1](s24_edrk <= 0.002 | SBP <= 169.880)
",0.000,-9999999.000,-9999999.000,0.000,1.000,0,14,0,31,31,14,0,45,0.0,1.0,0.0,0.0,0.3111111111111111,0.6888888888888889
"((ICU_Pt_Days <= 1.724) U[0,2] (s24_edrk <= 0.003))
",0.000,-9999999.000,-9999999.000,0.000,1.000,0,14,0,31,31,14,0,45,0.0,1.0,0.0,0.0,0.3111111111111111,0.6888888888888889
"F[1,1](LOS >= 1.585 -> s8_edrk >= -0.003)
",1.255,-0.003,-3.129,0.000,1.000,0,14,0,31,31,14,0,45,0.0,1.0,0.0,0.0,0.3111111111111111,0.6888888888888889
"F[0,2](cosen >= -2.472 | s8_edrk <= 0.001)
",0.000,-9999999.000,-9999999.000,0.000,1.000,0,14,0,31,31,14,0,45,0.0,1.0,0.0,0.0,0.3111111111111111,0.6888888888888889
"((ICU_Pt_Days >= 0.552) U[0,1] (s2_edrk <= 0.003))
",0.000,-9999999.000,-9999999.000,0.000,1.000,0,14,0,31,31,14,0,45,0.0,1.0,0.0,0.0,0.3111111111111111,0.6888888888888889
"F[0,2](s2_hr <= 0.001 | y >= 0.150)
",0.000,-9999999.000,-9999999.000,0.000,1.000,0,14,0,31,31,14,0,45,0.0,1.0,0.0,0.0,0.3111111111111111,0.6888888888888889
"((edrk >= 15.215) U[0,2] (SBP <= 143.834))
",0.000,-9999999.000,-9999999.000,0.000,1.000,0,14,0,31,31,14,0,45,0.0,1.0,0.0,0.0,0.3111111111111111,0.6888888888888889
"F[1,2](death >= 0.088 | SBP <= 155.076)
",0.000,-9999999.000,-9999999.000,0.000,1.000,0,14,0,31,31,14,0,45,0.0,1.0,0.0,0.0,0.3111111111111111,0.6888888888888889
"((dfa >= 0.506) U[0,1] (n_edrk >= 0.123))
",0.000,-9999999.000,-9999999.000,0.000,1.000,1,13,1,30,31,14,2,43,0.03225806451612903,0.9285714285714286,0.07142857142857142,0.5,0.3111111111111111,0.6888888888888889
"F[1,2]((af <= 0.749 | AF <= 0.460) & cosen >= -2.388)
",0.000,-9999999.000,-9999999.000,0.000,1.000,0,14,0,31,31,14,0,45,0.0,1.0,0.0,0.0,0.3111111111111111,0.6888888888888889
"F[1,1](hr >= 53.023 | ICU_Pt_Days <= 2.842)
",-2.318,2.868,43.360,0.000,1.000,0,14,0,31,31,14,0,45,0.0,1.0,0.0,0.0,0.3111111111111111,0.6888888888888889
"F[1,2](PROTIME_INR < 1.200 -> y = 0.153)
",0.000,-9999999.000,-9999999.000,0.000,1.000,0,14,0,31,31,14,0,45,0.0,1.0,0.0,0.0,0.3111111111111111,0.6888888888888889
"F[0,2](BLOOD_UREA_NITROGEN <= 20.640 -> CALCIUM >= 8.909)
",0.000,-9999999.000,-9999999.000,0.000,1.000,0,14,0,31,31,14,0,45,0.0,1.0,0.0,0.0,0.3111111111111111,0.6888888888888889
"((dfa >= 0.660) U[0,2] (hr >= 50.833))
",0.000,-9999999.000,-9999999.000,0.000,1.000,0,14,0,31,31,14,0,45,0.0,1.0,0.0,0.0,0.3111111111111111,0.6888888888888889
"F[0,2]((af <= 0.731 | AF <= 0.417) & cosen >= -2.373)
",0.000,-9999999.000,-9999999.000,0.000,1.000,0,14,0,31,31,14,0,45,0.0,1.0,0.0,0.0,0.3111111111111111,0.6888888888888889
"F[0,2](PROTIME_INR >= 1.200 & PROTIME_INR <= 1.200)
",0.000,-9999999.000,-9999999.000,0.000,1.000,0,14,0,31,31,14,0,45,0.0,1.0,0.0,0.0,0.3111111111111111,0.6888888888888889
"F[1,1](hr <= 72.488 -> Mort <= 0.396)
",-4.977,-25.617,0.318,0.000,1.000,0,14,0,31,31,14,0,45,0.0,1.0,0.0,0.0,0.3111111111111111,0.6888888888888889
"F[1,2](WHITE_BLOOD_CELL_COUNT < 8.341 -> y = 0.308)
",0.000,-9999999.000,-9999999.000,0.000,1.000,0,14,0,31,31,14,0,45,0.0,1.0,0.0,0.0,0.3111111111111111,0.6888888888888889
"F[1,2](Resp <= 20.579 | s2_edrk <= 0.003)
",0.000,-9999999.000,-9999999.000,0.000,1.000,0,14,0,31,31,14,0,45,0.0,1.0,0.0,0.0,0.3111111111111111,0.6888888888888889
"F[0,2](MAGNESIUM < 1.992 -> y = 0.842)
",0.000,-9999999.000,-9999999.000,0.000,1.000,0,14,0,31,31,14,0,45,0.0,1.0,0.0,0.0,0.3111111111111111,0.6888888888888889
"F[0,1](Resp <= 18.515 -> s8_edrk <= 0.003)
",0.000,-9999999.000,-9999999.000,0.000,1.000,0,14,0,31,31,14,0,45,0.0,1.0,0.0,0.0,0.3111111111111111,0.6888888888888889
"F[0,1](HEMOGLOBIN >= 10.330 -> PLATELET_COUNT <= 211.994)
",0.000,-9999999.000,-9999999.000,0.000,1.000,0,14,0,31,31,14,0,45,0.0,1.0,0.0,0.0,0.3111111111111111,0.6888888888888889
"F[1,1](death <= 0.732 -> dfa >= 0.482)
",-0.632,-0.732,-0.499,0.000,1.000,0,14,0,31,31,14,0,45,0.0,1.0,0.0,0.0,0.3111111111111111,0.6888888888888889
"F[1,2](CALCIUM >= 8.901 -> HEMOGLOBIN >= 10.223)
",0.000,-9999999.000,-9999999.000,0.000,1.000,0,14,0,31,31,14,0,45,0.0,1.0,0.0,0.0,0.3111111111111111,0.6888888888888889
"((Glasgow_Coma_Scale_Total <= 14.978) U[0,2] (hr >= 58.362))
",0.000,-9999999.000,-9999999.000,0.000,1.000,0,14,0,31,31,14,0,45,0.0,1.0,0.0,0.0,0.3111111111111111,0.6888888888888889
"((CHLORIDE >= 101.455) U[0,2] (CREATININE >= 0.993))
",0.000,-9999999.000,-9999999.000,0.000,1.000,0,14,0,31,31,14,0,45,0.0,1.0,0.0,0.0,0.3111111111111111,0.6888888888888889
"F[1,2](n_evts <= 0.501 -> y >= 0.124)
",0.000,-9999999.000,-9999999.000,0.000,1.000,0,14,0,31,31,14,0,45,0.0,1.0,0.0,0.0,0.3111111111111111,0.6888888888888889
"F[0,1](ALT_GPT < 22.000 -> y = 0.922)
",0.000,-9999999.000,-9999999.000,0.000,1.000,0,14,0,31,31,14,0,45,0.0,1.0,0.0,0.0,0.3111111111111111,0.6888888888888889
"F[0,0](hr >= 48.405 | y <= 0.687)
",-1.614,1.970,39.016,0.000,1.000,0,14,0,31,31,14,0,45,0.0,1.0,0.0,0.0,0.3111111111111111,0.6888888888888889
"F[0,2](BLOOD_UREA_NITROGEN >= 14.886 | WHITE_BLOOD_CELL_COUNT >= 7.142)
",0.000,-9999999.000,-9999999.000,0.000,1.000,0,14,0,31,31,14,0,45,0.0,1.0,0.0,0.0,0.3111111111111111,0.6888888888888889
"((direct <= 0.592) U[0,2] (LOS >= 0.731))
",0.000,-9999999.000,-9999999.000,0.000,1.000,0,14,0,31,31,14,0,45,0.0,1.0,0.0,0.0,0.3111111111111111,0.6888888888888889
"F[1,2]((af <= 0.973 | AF <= 0.463) & cosen >= -2.398)
",0.000,-9999999.000,-9999999.000,0.000,1.000,0,14,0,31,31,14,0,45,0.0,1.0,0.0,0.0,0.3111111111111111,0.6888888888888889
"F[0,0](CHLORIDE <= 101.990 -> SODIUM <= 136.707)
",0.127,-0.438,-0.950,0.000,1.000,0,14,0,31,31,14,0,45,0.0,1.0,0.0,0.0,0.3111111111111111,0.6888888888888889
"F[0,1](BLOOD_UREA_NITROGEN <= 20.762 | SODIUM >= 132.325)
",0.000,-9999999.000,-9999999.000,0.000,1.000,0,14,0,31,31,14,0,45,0.0,1.0,0.0,0.0,0.3111111111111111,0.6888888888888889
"F[0,1](CREATININE >= 0.969 | GLUCOSE <= 118.766)
",0.000,-9999999.000,-9999999.000,0.000,1.000,0,14,0,31,31,14,0,45,0.0,1.0,0.0,0.0,0.3111111111111111,0.6888888888888889
"F[0,2](GLUCOSE >= 113.099 | WHITE_BLOOD_CELL_COUNT <= 8.377)
",0.000,-9999999.000,-9999999.000,0.000,1.000,0,14,0,31,31,14,0,45,0.0,1.0,0.0,0.0,0.3111111111111111,0.6888888888888889
"F[0,2]((af <= 0.669 | AF <= 0.254) & cosen >= -2.705)
",0.000,-9999999.000,-9999999.000,0.000,1.000,0,14,0,31,31,14,0,45,0.0,1.0,0.0,0.0,0.3111111111111111,0.6888888888888889
"F[0,1](n_evts <= 0.513 | Pulse >= 44.513)
",0.000,-9999999.000,-9999999.000,0.000,1.000,0,14,0,31,31,14,0,45,0.0,1.0,0.0,0.0,0.3111111111111111,0.6888888888888889
"F[0,2](PLATELET_COUNT >= 211.241 -> POTASSIUM <= 4.089)
",0.000,-9999999.000,-9999999.000,0.000,1.000,0,14,0,31,31,14,0,45,0.0,1.0,0.0,0.0,0.3111111111111111,0.6888888888888889
"F[1,2](CHLORIDE <= 101.918 -> WHITE_BLOOD_CELL_COUNT >= 7.667)
",0.000,-9999999.000,-9999999.000,0.000,1.000,0,14,0,31,31,14,0,45,0.0,1.0,0.0,0.0,0.3111111111111111,0.6888888888888889
"((hr <= 65.615) U[0,2] (s8_hr <= 0.000))
",0.000,-9999999.000,-9999999.000,0.000,1.000,0,13,0,32,32,13,0,45,0.0,1.0,0.0,0.0,0.28888888888888886,0.7111111111111111
"F[0,1](Glasgow_Coma_Scale_Total >= 14.228 & s2_edrk >= -0.003)
",0.000,-9999999.000,-9999999.000,0.000,1.000,0,13,1,31,31,14,1,44,0.0,0.9285714285714286,0.07142857142857142,0.0,0.28888888888888886,0.7111111111111111
"((CALCIUM >= 8.900) U[0,2] (Pulse <= 102.877))
",0.000,-9999999.000,-9999999.000,0.000,1.000,0,13,0,32,32,13,0,45,0.0,1.0,0.0,0.0,0.28888888888888886,0.7111111111111111
"F[0,2](LOS <= 10.170 -> Resp >= 12.550)
",0.000,-9999999.000,-9999999.000,0.000,1.000,0,13,0,32,32,13,0,45,0.0,1.0,0.0,0.0,0.28888888888888886,0.7111111111111111
"F[0,2](direct <= 0.969 -> Temp >= 36.369)
",0.000,-9999999.000,-9999999.000,0.000,1.000,0,13,0,32,32,13,0,45,0.0,1.0,0.0,0.0,0.28888888888888886,0.7111111111111111
"((srr >= 0.110) U[1,2] (Temp <= 37.258))
",0.000,-9999999.000,-9999999.000,0.000,1.000,10,3,8,24,34,11,18,27,0.29411764705882354,0.2727272727272727,0.7272727272727273,0.5555555555555556,0.28888888888888886,0.7111111111111111
"((SBP <= 149.864) U[0,0] (TROPONIN_I <= 0.059))
",-1.116,5.116,30.883,0.000,1.000,12,1,13,19,31,14,25,20,0.3870967741935484,0.07142857142857142,0.9285714285714286,0.48,0.28888888888888886,0.7111111111111111
"F[0,2](MET <= 0.118 | Pulse <= 60.180)
",0.000,-9999999.000,-9999999.000,0.000,1.000,0,13,0,32,32,13,0,45,0.0,1.0,0.0,0.0,0.28888888888888886,0.7111111111111111
"((direct <= 0.767) U[0,2] (n_edrk <= 0.821))
",0.000,-9999999.000,-9999999.000,0.000,1.000,0,13,0,32,32,13,0,45,0.0,1.0,0.0,0.0,0.28888888888888886,0.7111111111111111
"F[0,1](death <= 0.723 | tte >= -1.339)
",0.000,-9999999.000,-9999999.000,0.000,1.000,0,13,1,31,31,14,1,44,0.0,0.9285714285714286,0.07142857142857142,0.0,0.28888888888888886,0.7111111111111111
"F[0,1](n_edrk >= 0.008 | SODIUM <= 136.739)
",0.000,-9999999.000,-9999999.000,0.000,1.000,0,13,1,31,31,14,1,44,0.0,0.9285714285714286,0.07142857142857142,0.0,0.28888888888888886,0.7111111111111111
"F[1,2](s24_hr >= -4.6990725871090674e-05 & SBP <= 176.025)
",0.000,-9999999.000,-9999999.000,0.000,1.000,0,13,0,32,32,13,0,45,0.0,1.0,0.0,0.0,0.28888888888888886,0.7111111111111111
"F[0,0](GLUCOSE <= 118.701 | lds <= 2.048)
",-0.101,2.638,4.026,0.000,1.000,0,13,1,31,31,14,1,44,0.0,0.9285714285714286,0.07142857142857142,0.0,0.28888888888888886,0.7111111111111111
"F[0,1](Glasgow_Coma_Scale_Total <= 14.984 -> TROPONIN_I <= 0.054)
",0.000,-9999999.000,-9999999.000,0.000,1.000,0,13,1,31,31,14,1,44,0.0,0.9285714285714286,0.07142857142857142,0.0,0.28888888888888886,0.7111111111111111
"((direct >= 0.142) U[0,1] (lds <= 1.914))
",0.000,-9999999.000,-9999999.000,0.000,1.000,0,13,1,31,31,14,1,44,0.0,0.9285714285714286,0.07142857142857142,0.0,0.28888888888888886,0.7111111111111111
"((LOS >= 0.965) U[0,2] (Pulse <= 113.709))
",0.000,-9999999.000,-9999999.000,0.000,1.000,0,13,0,32,32,13,0,45,0.0,1.0,0.0,0.0,0.28888888888888886,0.7111111111111111
"F[1,2](dfa >= 0.652 | edrk >= 13.434)
",0.000,-9999999.000,-9999999.000,0.000,1.000,0,13,0,32,32,13,0,45,0.0,1.0,0.0,0.0,0.28888888888888886,0.7111111111111111
"((CO2 >= 22.153) U[1,2] (PLATELET_COUNT >= 211.437))
",0.000,-9999999.000,-9999999.000,0.000,1.000,0,13,1,31,31,14,1,44,0.0,0.9285714285714286,0.07142857142857142,0.0,0.28888888888888886,0.7111111111111111
"F[0,1](cosen <= -1.322 -> lds <= 1.924)
",0.000,-9999999.000,-9999999.000,0.000,1.000,0,13,1,31,31,14,1,44,0.0,0.9285714285714286,0.07142857142857142,0.0,0.28888888888888886,0.7111111111111111
"((LOS >= 0.825) U[0,1] (n_edrk >= 0.019))
",0.000,-9999999.000,-9999999.000,0.000,1.000,0,13,1,31,31,14,1,44,0.0,0.9285714285714286,0.07142857142857142,0.0,0.28888888888888886,0.7111111111111111
"((AF >= 0.016) U[0,2] (edrk <= 27.000))
",0.000,-9999999.000,-9999999.000,0.000,1.000,0,13,0,32,32,13,0,45,0.0,1.0,0.0,0.0,0.28888888888888886,0.7111111111111111
"F[0,2](SBP >= 83.370 & srr <= 0.130)
",0.000,-9999999.000,-9999999.000,0.000,1.000,0,13,0,32,32,13,0,45,0.0,1.0,0.0,0.0,0.28888888888888886,0.7111111111111111
"((dfa >= 0.648) U[0,2] (Pulse <= 109.044))
",0.000,-9999999.000,-9999999.000,0.000,1.000,0,13,0,32,32,13,0,45,0.0,1.0,0.0,0.0,0.28888888888888886,0.7111111111111111
"((CREATININE <= 1.094) U[0,0] (dfa >= 0.411))
",0.309,0.447,0.347,0.000,1.000,0,12,2,31,31,14,2,43,0.0,0.8571428571428571,0.14285714285714285,0.0,0.26666666666666666,0.7333333333333334
"F[1,1](Glasgow_Coma_Scale_Total >= 14.462 | Resp >= 13.039)
",0.628,5.228,3.412,0.000,1.000,0,12,2,31,31,14,2,43,0.0,0.8571428571428571,0.14285714285714285,0.0,0.26666666666666666,0.7333333333333334
"F[0,2](death <= 0.177 | Mort <= 0.288)
",0.000,-9999999.000,-9999999.000,0.000,1.000,0,12,0,33,33,12,0,45,0.0,1.0,0.0,0.0,0.26666666666666666,0.7333333333333334
"((hr >= 57.875) U[0,2] (s24_edrk <= 0.001))
",0.000,-9999999.000,-9999999.000,0.000,1.000,0,12,0,33,33,12,0,45,0.0,1.0,0.0,0.0,0.26666666666666666,0.7333333333333334
"((s24_edrk >= -0.002) U[0,2] (tte <= -0.002))
",0.000,-9999999.000,-9999999.000,0.000,1.000,0,12,0,33,33,12,0,45,0.0,1.0,0.0,0.0,0.26666666666666666,0.7333333333333334
"((s2_hr >= -0.000) U[0,2] (srr <= 0.119))
",0.000,-9999999.000,-9999999.000,0.000,1.000,0,12,0,33,33,12,0,45,0.0,1.0,0.0,0.0,0.26666666666666666,0.7333333333333334
"F[0,0](MET <= 0.131 | Temp >= 35.910)
",-0.298,0.468,0.677,0.000,1.000,0,12,2,31,31,14,2,43,0.0,0.8571428571428571,0.14285714285714285,0.0,0.26666666666666666,0.7333333333333334
"F[1,1](AF >= 0.022 -> y <= 0.352)
",-0.695,-0.352,-0.210,0.000,1.000,0,12,2,31,31,14,2,43,0.0,0.8571428571428571,0.14285714285714285,0.0,0.26666666666666666,0.7333333333333334
"((direct <= 0.488) U[0,0] (SpO2 >= 86.278))
",0.266,9.655,8.084,0.000,1.000,0,12,2,31,31,14,2,43,0.0,0.8571428571428571,0.14285714285714285,0.0,0.26666666666666666,0.7333333333333334
"((Glasgow_Coma_Scale_Total <= 14.950) U[0,0] (s8_edrk >= -0.004))
",-0.634,0.004,0.274,0.000,1.000,0,12,2,31,31,14,2,43,0.0,0.8571428571428571,0.14285714285714285,0.0,0.26666666666666666,0.7333333333333334
"F[0,1](CREATININE >= 0.842 & LOS <= 6.128)
",0.000,-9999999.000,-9999999.000,0.000,1.000,1,11,3,30,31,14,4,41,0.03225806451612903,0.7857142857142857,0.21428571428571427,0.25,0.26666666666666666,0.7333333333333334
"((s8_edrk >= -0.006) U[1,2] (SBP <= 164.872))
",0.000,-9999999.000,-9999999.000,0.000,1.000,0,12,2,31,31,14,2,43,0.0,0.8571428571428571,0.14285714285714285,0.0,0.26666666666666666,0.7333333333333334
"F[1,2](AF <= 0.231 | ICU_Pt_Days <= 2.529)
",0.000,-9999999.000,-9999999.000,0.000,1.000,0,12,0,33,33,12,0,45,0.0,1.0,0.0,0.0,0.26666666666666666,0.7333333333333334
"F[0,2](Mort <= 0.849 -> Resp <= 18.430)
",0.000,-9999999.000,-9999999.000,0.000,1.000,0,12,0,33,33,12,0,45,0.0,1.0,0.0,0.0,0.26666666666666666,0.7333333333333334
"F[1,2](hr <= 111.128 | POTASSIUM >= 4.002)
",0.000,-9999999.000,-9999999.000,0.000,1.000,0,12,0,33,33,12,0,45,0.0,1.0,0.0,0.0,0.26666666666666666,0.7333333333333334
"F[1,2](BLOOD_UREA_NITROGEN >= 20.512 & lds <= 1.756)
",0.000,-9999999.000,-9999999.000,0.000,1.000,0,12,0,33,33,12,0,45,0.0,1.0,0.0,0.0,0.26666666666666666,0.7333333333333334
"F[0,2](ICU_Pt_Days <= 1.409 | Temp <= 37.368)
",0.000,-9999999.000,-9999999.000,0.000,1.000,0,12,0,33,33,12,0,45,0.0,1.0,0.0,0.0,0.26666666666666666,0.7333333333333334
"((cosen >= -2.659) U[1,2] (SBP >= 118.740))
",0.000,-9999999.000,-9999999.000,0.000,1.000,5,7,0,33,38,7,5,40,0.13157894736842105,1.0,0.0,1.0,0.26666666666666666,0.7333333333333334
"F[0,2](dfa <= 0.912 | n_evts <= 0.489)
",0.000,-9999999.000,-9999999.000,0.000,1.000,0,12,0,33,33,12,0,45,0.0,1.0,0.0,0.0,0.26666666666666666,0.7333333333333334
"F[0,2](cosen <= -1.752 -> edrk >= 14.949)
",0.000,-9999999.000,-9999999.000,0.000,1.000,0,12,0,33,33,12,0,45,0.0,1.0,0.0,0.0,0.26666666666666666,0.7333333333333334
"F[1,1](af <= 0.323 -> dfa >= 0.513)
",-0.038,-0.367,-0.360,0.000,1.000,0,12,2,31,31,14,2,43,0.0,0.8571428571428571,0.14285714285714285,0.0,0.26666666666666666,0.7333333333333334
"F[1,2](MET <= 0.668 | TROPONIN_I <= 0.053)
",0.000,-9999999.000,-9999999.000,0.000,1.000,0,12,0,33,33,12,0,45,0.0,1.0,0.0,0.0,0.26666666666666666,0.7333333333333334
"((AF <= 0.301) U[1,2] (s8_hr <= 0.001))
",0.000,-9999999.000,-9999999.000,0.000,1.000,0,12,2,31,31,14,2,43,0.0,0.8571428571428571,0.14285714285714285,0.0,0.26666666666666666,0.7333333333333334
"F[0,1](edrk <= 29.016 -> hr <= 93.205)
",0.000,-9999999.000,-9999999.000,0.000,1.000,0,11,3,31,31,14,3,42,0.0,0.7857142857142857,0.21428571428571427,0.0,0.24444444444444444,0.7555555555555555
"((Mort >= 0.019) U[1,2] (Pulse >= 51.183))
",0.000,-9999999.000,-9999999.000,0.000,1.000,5,6,8,26,31,14,13,32,0.16129032258064516,0.42857142857142855,0.5714285714285714,0.38461538461538464,0.24444444444444444,0.7555555555555555
"((AF <= 0.226) U[0,2] (O2_Flow <= 2.491))
",0.000,-9999999.000,-9999999.000,0.000,1.000,0,11,0,34,34,11,0,45,0.0,1.0,0.0,0.0,0.24444444444444444,0.7555555555555555
"F[0,2](n_edrk <= 0.890 -> y <= 0.689)
",0.000,-9999999.000,-9999999.000,0.000,1.000,0,11,0,34,34,11,0,45,0.0,1.0,0.0,0.0,0.24444444444444444,0.7555555555555555
"((srr >= 0.104) U[1,2] (y <= 0.796))
",0.000,-9999999.000,-9999999.000,0.000,1.000,9,2,3,31,40,5,12,33,0.225,0.4,0.6,0.75,0.24444444444444444,0.7555555555555555
"F[1,2](s2_edrk >= -0.005 & tte <= -0.010)
",0.000,-9999999.000,-9999999.000,0.000,1.000,0,11,0,34,34,11,0,45,0.0,1.0,0.0,0.0,0.24444444444444444,0.7555555555555555
"((dfa >= 0.406) U[1,1] (Glasgow_Coma_Scale_Total >= 14.305))
",0.632,0.695,0.494,0.000,1.000,0,11,3,31,31,14,3,42,0.0,0.7857142857142857,0.21428571428571427,0.0,0.24444444444444444,0.7555555555555555
"F[0,1](O2_Flow <= 4.479 & Resp >= 13.927)
",0.000,-9999999.000,-9999999.000,0.000,1.000,0,11,3,31,31,14,3,42,0.0,0.7857142857142857,0.21428571428571427,0.0,0.24444444444444444,0.7555555555555555
"((edrk <= 22.185) U[0,2] (Temp <= 36.883))
",0.000,-9999999.000,-9999999.000,0.000,1.000,0,10,0,35,35,10,0,45,0.0,1.0,0.0,0.0,0.2222222222222222,0.7777777777777778
"((s24_edrk >= -0.001) U[1,2] (s2_edrk >= -0.007))
",0.000,-9999999.000,-9999999.000,0.000,1.000,0,10,4,31,31,14,4,41,0.0,0.7142857142857143,0.2857142857142857,0.0,0.2222222222222222,0.7777777777777778
"F[1,1](death <= 0.400 & s8_edrk <= 0.004)
",0.637,0.004,-0.170,0.000,1.000,0,10,4,31,31,14,4,41,0.0,0.7142857142857143,0.2857142857142857,0.0,0.2222222222222222,0.7777777777777778
"((Pulse <= 102.480) U[1,2] (SBP <= 184.537))
",0.000,-9999999.000,-9999999.000,0.000,1.000,0,10,4,31,31,14,4,41,0.0,0.7142857142857143,0.2857142857142857,0.0,0.2222222222222222,0.7777777777777778
"((Pulse <= 90.807) U[1,2] (WHITE_BLOOD_CELL_COUNT >= 7.284))
",0.000,-9999999.000,-9999999.000,0.000,1.000,0,10,4,31,31,14,4,41,0.0,0.7142857142857143,0.2857142857142857,0.0,0.2222222222222222,0.7777777777777778
"((death <= 0.506) U[1,2] (Pulse >= 55.832))
",0.000,-9999999.000,-9999999.000,0.000,1.000,0,10,4,31,31,14,4,41,0.0,0.7142857142857143,0.2857142857142857,0.0,0.2222222222222222,0.7777777777777778
"((af <= 0.399) U[1,2] (n_edrk <= 0.828))
",0.000,-9999999.000,-9999999.000,0.000,1.000,0,10,0,35,35,10,0,45,0.0,1.0,0.0,0.0,0.2222222222222222,0.7777777777777778
"((O2_Flow <= 4.751) U[1,2] (s2_edrk >= -0.007))
",0.000,-9999999.000,-9999999.000,0.000,1.000,0,10,4,31,31,14,4,41,0.0,0.7142857142857143,0.2857142857142857,0.0,0.2222222222222222,0.7777777777777778
"F[1,2](ICU_Pt_Days <= 0.987 | s8_edrk <= 0.001)
",0.000,-9999999.000,-9999999.000,0.000,1.000,0,10,0,35,35,10,0,45,0.0,1.0,0.0,0.0,0.2222222222222222,0.7777777777777778
"((cosen >= -2.561) U[0,1] (Temp <= 36.933))
",0.000,-9999999.000,-9999999.000,0.000,1.000,0,10,4,31,31,14,4,41,0.0,0.7142857142857143,0.2857142857142857,0.0,0.2222222222222222,0.7777777777777778
"F[0,2](af <= 0.400 -> Mort >= 0.017)
",0.000,-9999999.000,-9999999.000,0.000,1.000,0,10,0,35,35,10,0,45,0.0,1.0,0.0,0.0,0.2222222222222222,0.7777777777777778
"((srr <= 0.186) U[0,2] (tte <= -0.211))
",0.000,-9999999.000,-9999999.000,0.000,1.000,0,10,0,35,35,10,0,45,0.0,1.0,0.0,0.0,0.2222222222222222,0.7777777777777778
"((cosen <= -1.318) U[0,0] (Glasgow_Coma_Scale_Total >= 14.690))
",0.680,1.093,0.769,0.000,1.000,0,10,4,31,31,14,4,41,0.0,0.7142857142857143,0.2857142857142857,0.0,0.2222222222222222,0.7777777777777778
"F[1,2](TROPONIN_I >= 0.020 & y >= 0.043)
",0.000,-9999999.000,-9999999.000,0.000,1.000,0,9,0,36,36,9,0,45,0.0,1.0,0.0,0.0,0.2,0.8
"((CHLORIDE >= 101.135) U[0,0] (hr <= 96.492))
",1.843,49.498,14.499,0.000,1.000,0,9,5,31,31,14,5,40,0.0,0.6428571428571429,0.35714285714285715,0.0,0.2,0.8
"F[0,1](dfa >= 0.543 & Mort <= 0.507)
",0.000,-9999999.000,-9999999.000,0.000,1.000,0,8,6,31,31,14,6,39,0.0,0.5714285714285714,0.42857142857142855,0.0,0.17777777777777778,0.8222222222222222
"((cosen <= -2.103) U[1,1] (s24_edrk <= 0.001))
",1.264,0.367,0.057,0.000,1.000,2,6,8,29,31,14,10,35,0.06451612903225806,0.42857142857142855,0.5714285714285714,0.2,0.17777777777777778,0.8222222222222222
"((n_edrk >= 0.603) U[1,2] (srr >= 0.028))
",0.000,-9999999.000,-9999999.000,0.000,1.000,2,6,6,31,33,12,8,37,0.06060606060606061,0.5,0.5,0.25,0.17777777777777778,0.8222222222222222
"((O2_Flow <= 2.590) U[1,2] (s24_edrk <= 0.003))
",0.000,-9999999.000,-9999999.000,0.000,1.000,0,8,5,32,32,13,5,40,0.0,0.6153846153846154,0.38461538461538464,0.0,0.17777777777777778,0.8222222222222222
"((death <= 0.453) U[1,2] (SpO2 <= 98.599))
",0.000,-9999999.000,-9999999.000,0.000,1.000,0,8,4,33,33,12,4,41,0.0,0.6666666666666666,0.3333333333333333,0.0,0.17777777777777778,0.8222222222222222
"((Glasgow_Coma_Scale_Total >= 14.689) U[0,2] (s2_hr >= -0.000))
",0.000,-9999999.000,-9999999.000,0.000,1.000,0,8,0,37,37,8,0,45,0.0,1.0,0.0,0.0,0.17777777777777778,0.8222222222222222
"F[0,0](direct <= 0.692 & s2_edrk >= -0.008)
",0.871,0.008,-0.128,0.000,1.000,0,7,7,31,31,14,7,38,0.0,0.5,0.5,0.0,0.15555555555555556,0.8444444444444444
"F[0,1](CALCIUM >= 8.907 | ICU_Pt_Days <= 1.449)
",0.000,-9999999.000,-9999999.000,0.000,1.000,0,7,7,31,31,14,7,38,0.0,0.5,0.5,0.0,0.15555555555555556,0.8444444444444444
"F[1,2](SpO2 >= 94.122 & tte <= -0.136)
",0.000,-9999999.000,-9999999.000,0.000,1.000,0,7,0,38,38,7,0,45,0.0,1.0,0.0,0.0,0.15555555555555556,0.8444444444444444
"((tte >= -0.436) U[0,2] (y <= 0.815))
",0.000,-9999999.000,-9999999.000,0.000,1.000,0,7,0,38,38,7,0,45,0.0,1.0,0.0,0.0,0.15555555555555556,0.8444444444444444
"((direct <= 0.601) U[1,2] (s2_hr <= 0.001))
",0.000,-9999999.000,-9999999.000,0.000,1.000,0,7,7,31,31,14,7,38,0.0,0.5,0.5,0.0,0.15555555555555556,0.8444444444444444
"F[1,2](cosen >= -2.603 -> Mort >= 0.074)
",0.000,-9999999.000,-9999999.000,0.000,1.000,0,7,0,38,38,7,0,45,0.0,1.0,0.0,0.0,0.15555555555555556,0.8444444444444444
"((direct >= 0.127) U[1,2] (hr >= 58.222))
",0.000,-9999999.000,-9999999.000,0.000,1.000,0,7,7,31,31,14,7,38,0.0,0.5,0.5,0.0,0.15555555555555556,0.8444444444444444
"((cosen <= -1.851) U[1,1] (ICU_Pt_Days <= 4.348))
",2.317,4.348,1.202,0.000,1.000,2,5,9,29,31,14,11,34,0.06451612903225806,0.35714285714285715,0.6428571428571429,0.18181818181818182,0.15555555555555556,0.8444444444444444
"F[1,2](direct >= 0.140 | TROPONIN_I <= 0.054)
",0.000,-9999999.000,-9999999.000,0.000,1.000,0,7,0,38,38,7,0,45,0.0,1.0,0.0,0.0,0.15555555555555556,0.8444444444444444
"((LOS >= 1.769) U[1,2] (Mort >= 0.117))
",0.000,-9999999.000,-9999999.000,0.000,1.000,0,6,1,38,38,7,1,44,0.0,0.8571428571428571,0.14285714285714285,0.0,0.13333333333333333,0.8666666666666667
"((GLUCOSE <= 118.020) U[0,1] (hr <= 85.459))
",0.000,-9999999.000,-9999999.000,0.000,1.000,0,6,8,31,31,14,8,37,0.0,0.42857142857142855,0.5714285714285714,0.0,0.13333333333333333,0.8666666666666667
"F[1,2](hr <= 109.070 & n_edrk >= 0.468)
",0.000,-9999999.000,-9999999.000,0.000,1.000,0,6,0,39,39,6,0,45,0.0,1.0,0.0,0.0,0.13333333333333333,0.8666666666666667
"((s24_edrk <= 0.004) U[1,1] (y <= 0.875))
",1.155,0.875,0.377,0.000,1.000,0,5,9,31,31,14,9,36,0.0,0.35714285714285715,0.6428571428571429,0.0,0.1111111111111111,0.8888888888888888
"F[0,0](CO2 >= 22.346 -> dfa >= 0.695)
",-0.124,-3.427,-3.178,0.000,1.000,2,3,11,29,31,14,13,32,0.06451612903225806,0.21428571428571427,0.7857142857142857,0.15384615384615385,0.1111111111111111,0.8888888888888888
"((s24_hr >= -0.001) U[1,1] (y <= 0.891))
",1.155,0.891,0.382,0.000,1.000,0,5,9,31,31,14,9,36,0.0,0.35714285714285715,0.6428571428571429,0.0,0.1111111111111111,0.8888888888888888
"((hr <= 113.676) U[0,2] (Temp <= 36.530))
",0.000,-9999999.000,-9999999.000,0.000,1.000,0,5,0,40,40,5,0,45,0.0,1.0,0.0,0.0,0.1111111111111111,0.8888888888888888
"F[1,2](cosen >= -2.386 -> tte >= -0.501)
",0.000,-9999999.000,-9999999.000,0.000,1.000,0,5,0,40,40,5,0,45,0.0,1.0,0.0,0.0,0.1111111111111111,0.8888888888888888
"((ICU_Pt_Days <= 4.471) U[1,2] (Resp >= 13.745))
",0.000,-9999999.000,-9999999.000,0.000,1.000,0,5,7,33,33,12,7,38,0.0,0.4166666666666667,0.5833333333333334,0.0,0.1111111111111111,0.8888888888888888
"((AF <= 0.162) U[0,1] (dfa >= 0.734))
",0.000,-9999999.000,-9999999.000,0.000,1.000,1,4,10,30,31,14,11,34,0.03225806451612903,0.2857142857142857,0.7142857142857143,0.09090909090909091,0.1111111111111111,0.8888888888888888
"((AF <= 0.386) U[0,2] (Glasgow_Coma_Scale_Total <= 14.972))
",0.000,-9999999.000,-9999999.000,0.000,1.000,0,5,0,40,40,5,0,45,0.0,1.0,0.0,0.0,0.1111111111111111,0.8888888888888888
"((MAGNESIUM <= 1.993) U[1,2] (n_edrk <= 0.958))
",0.000,-9999999.000,-9999999.000,0.000,1.000,3,1,12,29,32,13,15,30,0.09375,0.07692307692307693,0.9230769230769231,0.2,0.08888888888888889,0.9111111111111111
"F[0,1](Pulse <= 76.442 & y <= 0.393)
",0.000,-9999999.000,-9999999.000,0.000,1.000,0,4,10,31,31,14,10,35,0.0,0.2857142857142857,0.7142857142857143,0.0,0.08888888888888889,0.9111111111111111
"((s8_edrk <= 0.001) U[1,1] (y <= 0.803))
",1.155,0.803,0.345,0.000,1.000,0,4,10,31,31,14,10,35,0.0,0.2857142857142857,0.7142857142857143,0.0,0.08888888888888889,0.9111111111111111
"F[0,2](Resp <= 21.057 & srr >= 0.109)
",0.000,-9999999.000,-9999999.000,0.000,1.000,0,4,0,41,41,4,0,45,0.0,1.0,0.0,0.0,0.08888888888888889,0.9111111111111111
"F[1,2](dfa >= 0.588 -> GLUCOSE <= 118.344)
",0.000,-9999999.000,-9999999.000,0.000,1.000,0,4,0,41,41,4,0,45,0.0,1.0,0.0,0.0,0.08888888888888889,0.9111111111111111
"F[0,2](cosen >= -2.687 -> dfa >= 0.715)
",0.000,-9999999.000,-9999999.000,0.000,1.000,0,4,0,41,41,4,0,45,0.0,1.0,0.0,0.0,0.08888888888888889,0.9111111111111111
"F[1,2](s24_edrk <= 0.000 -> y = 0.781)
",0.000,-9999999.000,-9999999.000,0.000,1.000,0,4,0,41,41,4,0,45,0.0,1.0,0.0,0.0,0.08888888888888889,0.9111111111111111
"((GLUCOSE <= 118.002) U[0,0] (LOS <= 3.923))
",0.161,5.195,3.111,0.000,1.000,0,3,11,31,31,14,11,34,0.0,0.21428571428571427,0.7857142857142857,0.0,0.06666666666666667,0.9333333333333333
"F[1,2](ICU_Pt_Days >= 0.524 & srr >= 0.108)
",0.000,-9999999.000,-9999999.000,0.000,1.000,0,3,0,42,42,3,0,45,0.0,1.0,0.0,0.0,0.06666666666666667,0.9333333333333333
"F[1,2](BLOOD_UREA_NITROGEN >= 13.765 -> dfa >= 0.663)
",0.000,-9999999.000,-9999999.000,0.000,1.000,0,3,0,42,42,3,0,45,0.0,1.0,0.0,0.0,0.06666666666666667,0.9333333333333333
"F[0,2](LOS <= 2.911 & s24_hr >= -6.993259836545666e-05)
",0.000,-9999999.000,-9999999.000,0.000,1.000,0,3,0,42,42,3,0,45,0.0,1.0,0.0,0.0,0.06666666666666667,0.9333333333333333
"((ICU_Pt_Days <= 1.440) U[1,2] (y >= 0.097))
",0.000,-9999999.000,-9999999.000,0.000,1.000,0,3,6,36,36,9,6,39,0.0,0.3333333333333333,0.6666666666666666,0.0,0.06666666666666667,0.9333333333333333
"F[1,2](O2_Flow >= 2.173 & y <= 0.697)
",0.000,-9999999.000,-9999999.000,0.000,1.000,0,3,0,42,42,3,0,45,0.0,1.0,0.0,0.0,0.06666666666666667,0.9333333333333333
"F[1,2](Glasgow_Coma_Scale_Total <= 14.947 & n_evts >= 0.068)
",0.000,-9999999.000,-9999999.000,0.000,1.000,0,2,0,43,43,2,0,45,0.0,1.0,0.0,0.0,0.044444444444444446,0.9555555555555556
"((ICU_Pt_Days >= 0.536) U[1,2] (PLATELET_COUNT <= 211.980))
",0.000,-9999999.000,-9999999.000,0.000,1.000,2,0,0,43,45,0,2,43,0.044444444444444446,0.0,0.0,1.0,0.044444444444444446,0.9555555555555556
"((CO2 >= 21.800) U[0,1] (Pulse <= 61.673))
",0.000,-9999999.000,-9999999.000,0.000,1.000,0,1,13,31,31,14,13,32,0.0,0.07142857142857142,0.9285714285714286,0.0,0.022222222222222223,0.9777777777777777
"((hr <= 71.193) U[1,2] (O2_Flow <= 3.059))
",0.000,-9999999.000,-9999999.000,0.000,1.000,0,1,10,34,34,11,10,35,0.0,0.09090909090909091,0.9090909090909091,0.0,0.022222222222222223,0.9777777777777777
"((Pulse <= 69.862) U[1,2] (SODIUM >= 135.379))
",0.000,-9999999.000,-9999999.000,0.000,1.000,0,1,13,31,31,14,13,32,0.0,0.07142857142857142,0.9285714285714286,0.0,0.022222222222222223,0.9777777777777777
"F[0,2](HEMOGLOBIN >= 10.516 & hr <= 89.882)
",0.000,-9999999.000,-9999999.000,0.000,1.000,0,1,0,44,44,1,0,45,0.0,1.0,0.0,0.0,0.022222222222222223,0.9777777777777777
"((WHITE_BLOOD_CELL_COUNT <= 8.358) U[1,2] (y >= 0.026))
",0.000,-9999999.000,-9999999.000,0.000,1.000,0,1,8,36,36,9,8,37,0.0,0.1111111111111111,0.8888888888888888,0.0,0.022222222222222223,0.9777777777777777
"F[0,2](n_evts <= 0.547 & srr >= 0.103)
",0.000,-9999999.000,-9999999.000,0.000,1.000,0,1,0,44,44,1,0,45,0.0,1.0,0.0,0.0,0.022222222222222223,0.9777777777777777
"((CREATININE <= 1.092) U[1,2] (HEMOGLOBIN >= 10.235))
",0.000,-9999999.000,-9999999.000,0.000,1.000,1,0,0,44,45,0,1,44,0.022222222222222223,0.0,0.0,1.0,0.022222222222222223,0.9777777777777777
"((LOS >= 0.542) U[0,2] (PLATELET_COUNT <= 211.916))
",0.000,-9999999.000,-9999999.000,0.000,1.000,0,1,0,44,44,1,0,45,0.0,1.0,0.0,0.0,0.022222222222222223,0.9777777777777777
"((GLUCOSE <= 118.859) U[0,2] (n_evts <= 0.917))
",0.000,-9999999.000,-9999999.000,0.000,1.000,0,1,0,44,44,1,0,45,0.0,1.0,0.0,0.0,0.022222222222222223,0.9777777777777777
"((CO2 >= 21.374) U[0,1] (hr <= 78.796))
",0.000,-9999999.000,-9999999.000,0.000,1.000,0,1,13,31,31,14,13,32,0.0,0.07142857142857142,0.9285714285714286,0.0,0.022222222222222223,0.9777777777777777
"((CALCIUM >= 8.907) U[0,2] (PLATELET_COUNT <= 211.967))
",0.000,-9999999.000,-9999999.000,0.000,1.000,0,1,0,44,44,1,0,45,0.0,1.0,0.0,0.0,0.022222222222222223,0.9777777777777777
"((CO2 <= 25.797) U[1,2] (LOS >= 1.763))
",0.000,-9999999.000,-9999999.000,0.000,1.000,0,1,13,31,31,14,13,32,0.0,0.07142857142857142,0.9285714285714286,0.0,0.022222222222222223,0.9777777777777777
"((ICU_Pt_Days <= 2.730) U[0,2] (n_evts <= 0.499))
",0.000,-9999999.000,-9999999.000,0.000,1.000,0,1,0,44,44,1,0,45,0.0,1.0,0.0,0.0,0.022222222222222223,0.9777777777777777
"((LOS >= 1.290) U[0,2] (n_evts <= 0.704))
",0.000,-9999999.000,-9999999.000,0.000,1.000,0,1,0,44,44,1,0,45,0.0,1.0,0.0,0.0,0.022222222222222223,0.9777777777777777
"F[0,2](n_evts <= 0.656 & s8_hr <= 0.001)
",0.000,-9999999.000,-9999999.000,0.000,1.000,0,1,0,44,44,1,0,45,0.0,1.0,0.0,0.0,0.022222222222222223,0.9777777777777777
"((CO2 <= 25.925) U[1,2] (ICU_Pt_Days >= 0.630))
",0.000,-9999999.000,-9999999.000,0.000,1.000,0,1,11,33,33,12,11,34,0.0,0.08333333333333333,0.9166666666666666,0.0,0.022222222222222223,0.9777777777777777
"((CREATININE <= 1.095) U[1,2] (MAGNESIUM <= 1.993))
",0.000,-9999999.000,-9999999.000,0.000,1.000,1,0,0,44,45,0,1,44,0.022222222222222223,0.0,0.0,1.0,0.022222222222222223,0.9777777777777777
"((MET >= 0.020) U[2,2] (death = 0.089))
",-0.632,-0.020,0.265,0.000,1.000,0,0,0,45,45,0,0,45,0.0,0.0,0.0,0.0,0.0,1.0
"F[0,2](BLOOD_UREA_NITROGEN <= 20.703 & CREATININE >= 0.829)
",0.000,-9999999.000,-9999999.000,0.000,1.000,0,0,0,45,45,0,0,45,0.0,0.0,0.0,0.0,0.0,1.0
"((s2_hr <= 0.001) U[2,2] (s8_hr <= 0.001))
",0.464,0.001,0.001,0.000,1.000,0,0,0,45,45,0,0,45,0.0,0.0,0.0,0.0,0.0,1.0
"F[2,2](BLOOD_UREA_NITROGEN <= 20.973 & CREATININE >= 0.828)
",-0.267,-0.027,-0.027,0.000,1.000,0,0,0,45,45,0,0,45,0.0,0.0,0.0,0.0,0.0,1.0
"((death >= 0.040) U[2,2] (n_edrk <= 0.942))
",-1.147,-0.009,0.574,0.000,1.000,0,0,0,45,45,0,0,45,0.0,0.0,0.0,0.0,0.0,1.0
"F[2,2](BLOOD_UREA_NITROGEN <= 20.824 & CREATININE >= 0.914)
",0.267,-0.171,-0.176,0.000,1.000,0,0,0,45,45,0,0,45,0.0,0.0,0.0,0.0,0.0,1.0
"F[2,2](ICU_Pt_Days <= 2.098 & tte >= -2.013)
",2.078,2.013,-1.473,0.000,1.000,0,0,0,45,45,0,0,45,0.0,0.0,0.0,0.0,0.0,1.0
"F[2,2](death <= 0.965 | s2_edrk >= -0.006)
",0.632,0.965,0.691,0.000,1.000,0,0,0,45,45,0,0,45,0.0,0.0,0.0,0.0,0.0,1.0
"F[2,2](lds <= 1.358 | Pulse >= 46.935)
",-2.116,3.006,42.637,0.000,1.000,0,0,0,45,45,0,0,45,0.0,0.0,0.0,0.0,0.0,1.0
"F[0,2](BLOOD_UREA_NITROGEN <= 20.812 & CREATININE >= 0.903)
",0.000,-9999999.000,-9999999.000,0.000,1.000,0,0,0,45,45,0,0,45,0.0,0.0,0.0,0.0,0.0,1.0
"((MET >= 0.022) U[0,2] (death = 0.089))
",0.000,-9999999.000,-9999999.000,0.000,1.000,0,0,0,45,45,0,0,45,0.0,0.0,0.0,0.0,0.0,1.0
"((MET <= 0.810) U[2,2] (srr >= 0.031))
",0.632,0.810,0.595,0.000,1.000,0,0,0,45,45,0,0,45,0.0,0.0,0.0,0.0,0.0,1.0
"((BLOOD_UREA_NITROGEN >= 16.420) U[2,2] (hr <= 107.163))
",2.878,60.291,16.491,0.000,1.000,0,0,0,45,45,0,0,45,0.0,0.0,0.0,0.0,0.0,1.0
"F[1,2](Glasgow_Coma_Scale_Total >= 14.561 & y = 0.412)
",0.000,-9999999.000,-9999999.000,0.000,1.000,0,0,0,45,45,0,0,45,0.0,0.0,0.0,0.0,0.0,1.0
"F[2,2](cosen >= -2.371 & s24_hr <= 0.000)
",-1.074,-0.141,0.000,0.000,1.000,0,0,0,45,45,0,0,45,0.0,0.0,0.0,0.0,0.0,1.0
"F[2,2]((af <= 0.604 | AF <= 0.415) & cosen >= -2.563)
",-0.862,0.093,0.394,0.000,1.000,0,0,0,45,45,0,0,45,0.0,0.0,0.0,0.0,0.0,1.0
"((hr >= 39.852) U[2,2] (MET <= 0.933))
",-2.245,7.095,56.531,0.000,1.000,0,0,0,45,45,0,0,45,0.0,0.0,0.0,0.0,0.0,1.0
"F[1,2](CREATININE <= 1.091 & hr <= 88.070)
",0.000,-9999999.000,-9999999.000,0.000,1.000,0,0,0,45,45,0,0,45,0.0,0.0,0.0,0.0,0.0,1.0
"((hr <= 102.356) U[2,2] (SODIUM <= 136.747))
",2.877,55.484,11.673,0.000,1.000,0,0,0,45,45,0,0,45,0.0,0.0,0.0,0.0,0.0,1.0
"F[2,2](death >= 0.086 -> hr >= 54.190)
",2.353,-0.058,-42.193,0.000,1.000,0,0,0,45,45,0,0,45,0.0,0.0,0.0,0.0,0.0,1.0
"F[2,2](BLOOD_UREA_NITROGEN <= 20.862 & CREATININE >= 0.977)
",-0.267,-0.140,-0.138,0.000,1.000,0,0,0,45,45,0,0,45,0.0,0.0,0.0,0.0,0.0,1.0
"((CREATININE <= 1.092) U[2,2] (lds <= 1.961))
",1.285,1.197,0.542,0.000,1.000,0,0,0,45,45,0,0,45,0.0,0.0,0.0,0.0,0.0,1.0
"F[1,2](lds >= 0.687 & MAGNESIUM <= 1.990)
",0.000,-9999999.000,-9999999.000,0.000,1.000,0,0,0,45,45,0,0,45,0.0,0.0,0.0,0.0,0.0,1.0
"((s24_edrk <= 9.819830833353765e-05) U[2,2] (Temp <= 37.124))
",-1.484,0.757,4.713,0.000,1.000,0,0,0,45,45,0,0,45,0.0,0.0,0.0,0.0,0.0,1.0
"F[1,2](BLOOD_UREA_NITROGEN <= 20.895 & CREATININE >= 0.943)
",0.000,-9999999.000,-9999999.000,0.000,1.000,0,0,0,45,45,0,0,45,0.0,0.0,0.0,0.0,0.0,1.0
"F[2,2](MET <= 0.702 & y <= 0.506)
",1.155,0.506,-0.065,0.000,1.000,0,0,0,45,45,0,0,45,0.0,0.0,0.0,0.0,0.0,1.0
"((MET >= 0.026) U[1,2] (death = 0.089))
",0.000,-9999999.000,-9999999.000,0.000,1.000,0,0,0,45,45,0,0,45,0.0,0.0,0.0,0.0,0.0,1.0
"F[0,2](AF >= 0.003 & LOS <= 5.334)
",0.000,-9999999.000,-9999999.000,0.000,1.000,0,0,0,45,45,0,0,45,0.0,0.0,0.0,0.0,0.0,1.0
"F[1,2](CO2 >= 21.927 -> HEMOGLOBIN >= 10.361)
",0.000,-9999999.000,-9999999.000,0.000,1.000,0,0,0,45,45,0,0,45,0.0,0.0,0.0,0.0,0.0,1.0
"((direct >= 0.123) U[2,2] (tte <= -0.216))
",-1.082,-0.123,0.337,0.000,1.000,0,0,0,45,45,0,0,45,0.0,0.0,0.0,0.0,0.0,1.0
"F[1,2](GLUCOSE >= 99.407 -> Pulse <= 64.757)
",0.000,-9999999.000,-9999999.000,0.000,1.000,0,0,0,45,45,0,0,45,0.0,0.0,0.0,0.0,0.0,1.0
"F[0,2](AST_GOT < 27.000 & y = 0.630)
",0.000,-9999999.000,-9999999.000,0.000,1.000,0,0,0,45,45,0,0,45,0.0,0.0,0.0,0.0,0.0,1.0
"F[0,2](n_evts <= 0.525 & s24_hr >= -9.032679300181401e-05)
",0.000,-9999999.000,-9999999.000,0.000,1.000,0,0,0,45,45,0,0,45,0.0,0.0,0.0,0.0,0.0,1.0
"((BLOOD_UREA_NITROGEN >= 15.944) U[2,2] (CHLORIDE <= 101.975))
",-0.267,4.850,5.056,0.000,1.000,0,0,0,45,45,0,0,45,0.0,0.0,0.0,0.0,0.0,1.0
"F[2,2](dfa <= 0.816 & ICU_Pt_Days >= 0.423)
",-2.067,-0.423,0.097,0.000,1.000,0,0,0,45,45,0,0,45,0.0,0.0,0.0,0.0,0.0,1.0
"F[1,2](hr <= 77.683 & s24_hr >= -0.000)
",0.000,-9999999.000,-9999999.000,0.000,1.000,0,0,0,45,45,0,0,45,0.0,0.0,0.0,0.0,0.0,1.0
"F[1,2](cosen >= -2.603 & hr <= 68.063)
",0.000,-9999999.000,-9999999.000,0.000,1.000,0,0,0,45,45,0,0,45,0.0,0.0,0.0,0.0,0.0,1.0
"((hr >= 39.813) U[2,2] (Resp <= 20.253))
",-2.266,7.391,56.570,0.000,1.000,0,0,0,45,45,0,0,45,0.0,0.0,0.0,0.0,0.0,1.0
"F[1,1](n_evts <= 0.530 & SBP >= 70.669)
",0.757,0.530,-1.641,0.000,1.000,0,0,14,31,31,14,14,31,0.0,0.0,1.0,0.0,0.0,1.0
"F[2,2](af <= 0.101 & CO2 >= 22.925)
",-0.159,-0.079,0.029,0.000,1.000,0,0,0,45,45,0,0,45,0.0,0.0,0.0,0.0,0.0,1.0
"F[1,2](MAGNESIUM <= 1.996 | SODIUM <= 136.870)
",0.000,-9999999.000,-9999999.000,0.000,1.000,0,0,0,45,45,0,0,45,0.0,0.0,0.0,0.0,0.0,1.0
"((GLUCOSE >= 110.594) U[2,2] (SODIUM >= 131.531))
",-0.267,7.743,8.406,0.000,1.000,0,0,0,45,45,0,0,45,0.0,0.0,0.0,0.0,0.0,1.0
"F[0,2](CREATININE >= 0.903 & POTASSIUM >= 4.004)
",0.000,-9999999.000,-9999999.000,0.000,1.000,0,0,0,45,45,0,0,45,0.0,0.0,0.0,0.0,0.0,1.0
"F[1,2](dfa <= 1.038 & MAGNESIUM <= 1.992)
",0.000,-9999999.000,-9999999.000,0.000,1.000,0,0,0,45,45,0,0,45,0.0,0.0,0.0,0.0,0.0,1.0
"F[2,2](edrk <= 28.946 & y >= 0.191)
",0.519,-0.191,-2.081,0.000,1.000,0,0,0,45,45,0,0,45,0.0,0.0,0.0,0.0,0.0,1.0
"((n_edrk >= 0.575) U[2,2] (Temp <= 36.731))
",0.166,0.471,0.366,0.000,1.000,0,0,0,45,45,0,0,45,0.0,0.0,0.0,0.0,0.0,1.0
"F[2,2](s24_hr <= 0.001 & s8_hr <= 0.001)
",-0.004,0.001,0.001,0.000,1.000,0,0,0,45,45,0,0,45,0.0,0.0,0.0,0.0,0.0,1.0
"((Mort >= 0.143) U[2,2] (s2_edrk >= -0.006))
",-1.579,0.006,0.614,0.000,1.000,0,0,0,45,45,0,0,45,0.0,0.0,0.0,0.0,0.0,1.0
"F[2,2](dfa <= 0.910 -> MET <= 0.921)
",-0.632,-0.921,-0.804,0.000,1.000,0,0,0,45,45,0,0,45,0.0,0.0,0.0,0.0,0.0,1.0
"((CREATININE >= 1.017) U[2,2] (PLATELET_COUNT <= 211.968))
",0.267,0.208,0.083,0.000,1.000,0,0,0,45,45,0,0,45,0.0,0.0,0.0,0.0,0.0,1.0
"((n_edrk <= 0.977) U[2,2] (n_evts >= 0.113))
",-6.229,0.014,0.900,0.000,1.000,0,0,0,45,45,0,0,45,0.0,0.0,0.0,0.0,0.0,1.0
"((ALKALINE_PHOSPHATASE < 91.000) U[0,2] (y = 0.532))
",0.000,-9999999.000,-9999999.000,0.000,1.000,0,0,0,45,45,0,0,45,0.0,0.0,0.0,0.0,0.0,1.0
"((death <= 0.574) U[2,2] (s24_hr <= 0.001))
",0.632,0.574,0.410,0.000,1.000,0,0,0,45,45,0,0,45,0.0,0.0,0.0,0.0,0.0,1.0
"F[2,2](edrk <= 35.398 | s24_edrk <= 0.003)
",0.389,18.237,13.788,0.000,1.000,0,0,0,45,45,0,0,45,0.0,0.0,0.0,0.0,0.0,1.0
"((s24_hr > -0.000) U[0,2] (y = 0.843))
",0.000,-9999999.000,-9999999.000,0.000,1.000,0,0,0,45,45,0,0,45,0.0,0.0,0.0,0.0,0.0,1.0
"((death > 0.014) U[1,2] (y = 0.838))
",0.000,-9999999.000,-9999999.000,0.000,1.000,0,0,0,45,45,0,0,45,0.0,0.0,0.0,0.0,0.0,1.0
"F[2,2](LOS <= 2.641 -> tte <= -0.097)
",-6.668,-2.641,-0.237,0.000,1.000,0,0,0,45,45,0,0,45,0.0,0.0,0.0,0.0,0.0,1.0
"((edrk > 16.903) U[1,2] (y = 0.224))
",0.000,-9999999.000,-9999999.000,0.000,1.000,0,0,0,45,45,0,0,45,0.0,0.0,0.0,0.0,0.0,1.0
"((tte < -0.252) U[1,2] (y = 0.539))
",0.000,-9999999.000,-9999999.000,0.000,1.000,0,0,0,45,45,0,0,45,0.0,0.0,0.0,0.0,0.0,1.0
"((AF <= 0.212) U[2,2] (Resp <= 20.085))
",-0.628,1.818,3.799,0.000,1.000,0,0,0,45,45,0,0,45,0.0,0.0,0.0,0.0,0.0,1.0
"((O2_Flow >= 2.045) U[1,2] (y = 0.456))
",0.000,-9999999.000,-9999999.000,0.000,1.000,0,0,0,45,45,0,0,45,0.0,0.0,0.0,0.0,0.0,1.0
"F[1,2](s8_edrk < 0.001 & y = 0.282)
",0.000,-9999999.000,-9999999.000,0.000,1.000,0,0,0,45,45,0,0,45,0.0,0.0,0.0,0.0,0.0,1.0
"((CHLORIDE > 100.074) U[0,2] (y = 0.935))
",0.000,-9999999.000,-9999999.000,0.000,1.000,0,0,0,45,45,0,0,45,0.0,0.0,0.0,0.0,0.0,1.0
"F[2,2](lds >= 0.884 | TROPONIN_I <= 0.058)
",-1.280,0.095,0.534,0.000,1.000,0,0,0,45,45,0,0,45,0.0,0.0,0.0,0.0,0.0,1.0
"((cosen >= -2.334) U[2,2] (MET <= 0.486))
",-0.866,0.486,0.827,0.000,1.000,0,0,0,45,45,0,0,45,0.0,0.0,0.0,0.0,0.0,1.0
"((GLUCOSE < 118.488) U[0,2] (y = 0.640))
",0.000,-9999999.000,-9999999.000,0.000,1.000,0,0,0,45,45,0,0,45,0.0,0.0,0.0,0.0,0.0,1.0
"F[1,2](Resp <= 21.456 & y = 0.298)
",0.000,-9999999.000,-9999999.000,0.000,1.000,0,0,0,45,45,0,0,45,0.0,0.0,0.0,0.0,0.0,1.0
"F[2,2](ICU_Pt_Days >= 0.146 | O2_Flow >= 2.225)
",-2.128,-0.146,3.425,0.000,1.000,0,0,0,45,45,0,0,45,0.0,0.0,0.0,0.0,0.0,1.0
"((TOTAL_PROTEIN > 6.300) U[2,2] (y = 0.319))
",0.000,-0.000,-0.000,0.000,1.000,0,0,0,45,45,0,0,45,0.0,0.0,0.0,0.0,0.0,1.0
"F[2,2](n_edrk <= 0.967 -> O2_Flow <= 3.519)
",-1.383,-1.519,-0.817,0.000,1.000,0,0,0,45,45,0,0,45,0.0,0.0,0.0,0.0,0.0,1.0
"F[1,2](ALBUMIN < 3.200 & y = 0.542)
",0.000,-9999999.000,-9999999.000,0.000,1.000,0,0,0,45,45,0,0,45,0.0,0.0,0.0,0.0,0.0,1.0
"((PARTIAL_THROMBOPLASTIN_TIME >= 31.800) U[1,2] (y = 0.539))
",0.000,-9999999.000,-9999999.000,0.000,1.000,0,0,0,45,45,0,0,45,0.0,0.0,0.0,0.0,0.0,1.0
"F[2,2](ICU_Pt_Days <= 3.738 | MAGNESIUM >= 1.847)
",2.768,3.738,0.975,0.000,1.000,0,0,0,45,45,0,0,45,0.0,0.0,0.0,0.0,0.0,1.0
